-0.049944 -0.073985 0.31741 0.21045 -0.08714 0.27873 0.088603 -0.14001 0.37398 0.017303 -0.027589 0.060374 -0.059821 0.016522 -0.041755 0.051466 0.016522 -0.051705 -0.15572 -0.02368 0.078809 0.29292 0.053164 0.068577 -0.21392 -0.047845 -0.14966 0.2597 0.093548 -0.16258 -0.24926 -0.038678 -0.22386 0.23612 0.10732 -0.24064 -0.17456 0.016034 -0.41429 -0.0058605 0.016813 -0.43727 -0.2015 0.10106 -0.73605 -0.0056752 0.12998 -0.75141 -0.27863 0.092771 -0.78844 -0.076463 0.091584 -0.79911 0.044244 -0.23486 0.54117
-0.055444 -0.098114 0.31618 0.21848 -0.10336 0.28771 0.087135 -0.16071 0.36735 0.01591 -0.030798 0.059426 -0.059382 0.018421 -0.041874 0.05016 0.018421 -0.052441 -0.15279 -0.039885 0.073543 0.30242 0.049852 0.086165 -0.1988 -0.066365 -0.15712 0.27168 0.096743 -0.14478 -0.22468 -0.055882 -0.22834 0.2435 0.11764 -0.21922 -0.17138 0.013161 -0.41546 0.0077607 0.022206 -0.44051 -0.23699 0.071063 -0.73545 0.012997 0.12998 -0.75678 -0.26472 0.057568 -0.80956 -0.058932 0.094481 -0.80606 0.063858 -0.26858 0.53052
-0.068124 -0.11817 0.31224 0.21498 -0.12787 0.29388 0.075057 -0.18229 0.35933 0.013213 -0.034042 0.058204 -0.057997 0.021115 -0.042411 0.049377 0.021115 -0.052128 -0.16342 -0.042502 0.074553 0.30922 0.030254 0.10129 -0.20181 -0.067122 -0.15789 0.28411 0.086129 -0.12804 -0.22102 -0.056976 -0.23368 0.25546 0.11135 -0.20124 -0.16547 0.018321 -0.41725 0.020758 0.018626 -0.44124 -0.24749 0.066036 -0.73677 0.035067 0.12018 -0.75913 -0.24313 0.045983 -0.82208 -0.039379 0.091688 -0.80865 0.058563 -0.30086 0.51627
-0.085857 -0.13566 0.30581 0.20321 -0.15712 0.29737 0.055881 -0.20418 0.34985 0.0096726 -0.037243 0.056737 -0.056014 0.024253 -0.043181 0.049088 0.024253 -0.05094 -0.18409 -0.036845 0.08 0.31352 0.00064891 0.11445 -0.21767 -0.056232 -0.15384 0.29582 0.067152 -0.11219 -0.23286 -0.049705 -0.23653 0.26968 0.095041 -0.18557 -0.15761 0.028403 -0.41942 0.032857 0.0090366 -0.43996 -0.23944 0.077686 -0.73943 0.057776 0.1034 -0.75924 -0.21791 0.050657 -0.82826 -0.019395 0.084327 -0.80856 0.035968 -0.33125 0.49927
-0.10652 -0.15207 0.29711 0.18645 -0.18755 0.2983 0.033116 -0.22576 0.33882 0.0057529 -0.040324 0.055052 -0.053778 0.027487 -0.043997 0.049266 0.027487 -0.049054 -0.21132 -0.028229 0.088046 0.31551 -0.032682 0.12612 -0.24108 -0.039815 -0.14686 0.30561 0.045261 -0.097057 -0.25482 -0.041816 -0.23349 0.28386 0.075307 -0.17106 -0.14857 0.040297 -0.42173 0.043783 -0.0035938 -0.4372 -0.21928 0.097723 -0.74283 0.078367 0.082474 -0.7579 -0.19311 0.064226 -0.83038 -0.00057329 0.073516 -0.80745 0.0036785 -0.35931 0.48042
-0.12798 -0.16889 0.28637 0.16795 -0.21561 0.29681 0.010273 -0.24645 0.32615 0.0019163 -0.043207 0.053178 -0.051636 0.03047 -0.044674 0.049884 0.03047 -0.046646 -0.24159 -0.021966 0.096852 0.31538 -0.063459 0.1368 -0.26677 -0.023988 -0.13882 0.31231 0.0259 -0.08248 -0.28147 -0.041055 -0.2212 0.29569 0.05875 -0.15657 -0.1391 0.05089 -0.42393 0.053263 -0.016299 -0.43346 -0.19343 0.11785 -0.74639 0.09408 0.060222 -0.7559 -0.17278 0.079329 -0.83071 0.015494 0.060377 -0.80698 -0.030698 -0.3846 0.46057
-0.1483 -0.18734 0.27392 0.1507 -0.23798 0.29307 -0.0094688 -0.26559 0.31182 -0.0014237 -0.045806 0.051146 -0.049906 0.032868 -0.045048 0.05091 0.032868 -0.043884 -0.27143 -0.022821 0.10463 0.31323 -0.085936 0.14694 -0.28969 -0.014274 -0.13151 0.31485 0.014042 -0.068272 -0.30757 -0.054048 -0.19694 0.30304 0.051378 -0.14104 -0.12993 0.057304 -0.4258 0.060996 -0.02633 -0.42922 -0.16806 0.13027 -0.74954 0.10231 0.039301 -0.75396 -0.16059 0.089028 -0.83143 0.027221 0.045925 -0.8087 -0.060132 -0.40661 0.44058
-0.16826 -0.20401 0.26171 0.13316 -0.2546 0.28818 -0.028035 -0.2817 0.29654 -0.004609 -0.047925 0.049037 -0.048486 0.03461 -0.045309 0.052269 0.03461 -0.040855 -0.2978 -0.027074 0.11043 0.30813 -0.1026 0.1565 -0.30864 -0.0070049 -0.12557 0.31405 0.0073007 -0.05399 -0.32996 -0.070144 -0.16844 0.30673 0.050127 -0.12427 -0.12083 0.060209 -0.4275 0.066278 -0.034278 -0.42452 -0.14498 0.13463 -0.75228 0.10285 0.019758 -0.7519 -0.15425 0.092902 -0.83319 0.033091 0.029587 -0.81196 -0.086516 -0.42368 0.42108
-0.19078 -0.2119 0.25296 0.11024 -0.26804 0.28396 -0.051358 -0.29266 0.28162 -0.0085746 -0.049279 0.046969 -0.046941 0.035823 -0.045923 0.053853 0.035823 -0.037579 -0.31799 -0.024343 0.11392 0.29829 -0.12238 0.16507 -0.32548 0.0086951 -0.12068 0.31216 -0.002482 -0.03899 -0.34717 -0.065129 -0.15159 0.30986 0.044812 -0.10679 -0.11088 0.063068 -0.42947 0.068092 -0.043357 -0.41901 -0.12262 0.13644 -0.75502 0.097338 -0.00040956 -0.74884 -0.14682 0.095649 -0.83545 0.031649 0.0095406 -0.81446 -0.11874 -0.43329 0.40254
-0.21711 -0.20675 0.2499 0.079326 -0.28029 0.2817 -0.082681 -0.29734 0.26815 -0.013824 -0.049735 0.045037 -0.044969 0.036686 -0.047173 0.055498 0.036686 -0.034132 -0.33009 -0.0079138 0.11497 0.28324 -0.1513 0.17214 -0.34188 0.039765 -0.11652 0.3113 -0.020529 -0.022875 -0.35859 -0.021806 -0.15846 0.31496 0.028648 -0.08916 -0.099758 0.06828 -0.43195 0.06613 -0.055476 -0.41266 -0.10025 0.14 -0.75796 0.087812 -0.022029 -0.74424 -0.13308 0.10068 -0.83757 0.02305 -0.014886 -0.81447 -0.16189 -0.43444 0.38528
-0.23879 -0.20008 0.24907 0.052152 -0.28985 0.27955 -0.10959 -0.30031 0.25577 -0.018354 -0.050036 0.04318 -0.043059 0.037611 -0.048254 0.056767 0.037611 -0.030897 -0.33674 0.0074379 0.11432 0.26989 -0.17792 0.17692 -0.35829 0.070017 -0.1128 0.31231 -0.034776 -0.0066836 -0.36821 0.035742 -0.17845 0.32117 0.014948 -0.072028 -0.090912 0.071892 -0.43387 0.064126 -0.064838 -0.40705 -0.082506 0.14203 -0.76015 0.078101 -0.039057 -0.73971 -0.11813 0.10342 -0.83852 0.016455 -0.037743 -0.81392 -0.19876 -0.43478 0.36904
-0.244 -0.20887 0.24505 0.045374 -0.29405 0.27461 -0.11427 -0.30807 0.24363 -0.0193 -0.051224 0.041291 -0.041974 0.039089 -0.047992 0.057124 0.039089 -0.028366 -0.34209 -0.00047741 0.11304 0.2677 -0.1848 0.17849 -0.37472 0.075291 -0.10928 0.31564 -0.027201 0.0080536 -0.38159 0.069164 -0.19313 0.32644 0.023953 -0.056084 -0.089047 0.06776 -0.43374 0.067204 -0.062993 -0.40433 -0.075847 0.13661 -0.76021 0.072655 -0.043085 -0.73758 -0.11063 0.096564 -0.83717 0.024126 -0.050798 -0.81598 -0.20442 -0.44498 0.35335
-0.23057 -0.23926 0.23498 0.063249 -0.29285 0.26556 -0.092326 -0.32316 0.23103 -0.015938 -0.053685 0.039267 -0.041947 0.041273 -0.046035 0.056455 0.041273 -0.026612 -0.34939 -0.038265 0.11216 0.27914 -0.1673 0.17666 -0.39054 0.048256 -0.10535 0.32081 0.006297 0.020677 -0.40049 0.061312 -0.19146 0.32998 0.060838 -0.041302 -0.094942 0.054136 -0.43126 0.076894 -0.048248 -0.40491 -0.081171 0.12218 -0.75791 0.073324 -0.03176 -0.73839 -0.11375 0.078351 -0.83347 0.050305 -0.051463 -0.82097 -0.17263 -0.46851 0.33758
-0.21875 -0.27204 0.22198 0.081167 -0.29241 0.25482 -0.070563 -0.33874 0.2175 -0.012533 -0.056268 0.037035 -0.041979 0.043515 -0.043951 0.055616 0.043515 -0.024723 -0.35965 -0.076262 0.11263 0.2904 -0.15058 0.17294 -0.40364 0.020756 -0.099603 0.32529 0.037422 0.032557 -0.41785 0.0444 -0.17964 0.33395 0.095714 -0.026001 -0.10023 0.03951 -0.42895 0.086361 -0.03463 -0.4052 -0.086431 0.10728 -0.75563 0.075904 -0.016822 -0.7385 -0.11778 0.059951 -0.82994 0.080571 -0.050275 -0.82253 -0.14054 -0.49206 0.32079
-0.23087 -0.28535 0.20997 0.071657 -0.29949 0.24533 -0.078842 -0.34698 0.2027 -0.01384 -0.057657 0.034532 -0.040952 0.045082 -0.043502 0.055568 0.045082 -0.021713 -0.37343 -0.081148 0.11535 0.28606 -0.1628 0.16913 -0.41173 0.028619 -0.090588 0.32637 0.034637 0.045334 -0.42563 0.056124 -0.1661 0.34084 0.095151 -0.0083053 -0.095649 0.033378 -0.42959 0.087947 -0.037698 -0.40121 -0.078279 0.10147 -0.75599 0.07551 -0.011435 -0.73381 -0.11164 0.053841 -0.82929 0.098446 -0.058987 -0.81367 -0.14965 -0.50059 0.3021
-0.26175 -0.27908 0.20147 0.038238 -0.31368 0.23987 -0.11263 -0.34736 0.18773 -0.019188 -0.05778 0.031946 -0.039215 0.045798 -0.044471 0.056282 0.045798 -0.018128 -0.38718 -0.056916 0.11985 0.26802 -0.20158 0.16792 -0.41425 0.068236 -0.078382 0.32479 0.00048707 0.060195 -0.42281 0.095954 -0.15419 0.35027 0.061742 0.012555 -0.08202 0.034113 -0.43241 0.083119 -0.055447 -0.39368 -0.056815 0.10413 -0.75789 0.071634 -0.01425 -0.72481 -0.095124 0.059248 -0.83031 0.10219 -0.073067 -0.79542 -0.19551 -0.4948 0.28311
-0.27737 -0.27606 0.19749 0.016952 -0.32705 0.24111 -0.13129 -0.34709 0.17524 -0.022216 -0.057869 0.029723 -0.038648 0.046079 -0.044565 0.056695 0.046079 -0.016125 -0.39301 -0.046722 0.12425 0.25642 -0.23247 0.17293 -0.41239 0.094605 -0.064673 0.3249 -0.026721 0.077857 -0.41573 0.12324 -0.14187 0.3589 0.035886 0.036195 -0.070755 0.028407 -0.4329 0.082923 -0.067437 -0.38833 -0.036255 0.10388 -0.75632 0.068364 -0.0086911 -0.71672 -0.079416 0.061489 -0.82768 0.10555 -0.070888 -0.77723 -0.22546 -0.49193 0.26804
-0.24817 -0.29722 0.19829 0.03946 -0.33239 0.25026 -0.099367 -0.35294 0.16723 -0.017324 -0.059072 0.028206 -0.040872 0.04637 -0.041696 0.055859 0.04637 -0.017494 -0.38411 -0.088345 0.12676 0.26832 -0.22402 0.18614 -0.40774 0.067694 -0.051281 0.32925 -0.012125 0.097937 -0.41091 0.10174 -0.12727 0.36229 0.054262 0.061168 -0.071663 0.0046091 -0.42699 0.096931 -0.055142 -0.39014 -0.029381 0.090696 -0.74682 0.06901 0.019785 -0.71415 -0.074445 0.047501 -0.81667 0.12043 -0.033514 -0.76756 -0.19211 -0.50718 0.26016
-0.191 -0.34002 0.19852 0.090401 -0.3311 0.25716 -0.036137 -0.36549 0.16017 -0.0071174 -0.06138 0.026777 -0.044871 0.04714 -0.036194 0.054093 0.04714 -0.020501 -0.36366 -0.16211 0.12689 0.28986 -0.1808 0.1958 -0.40455 0.0024863 -0.040452 0.32465 0.038323 0.11151 -0.4134 0.045102 -0.11148 0.34849 0.1098 0.078014 -0.077851 -0.031402 -0.41545 0.11941 -0.022135 -0.39647 -0.032292 0.069204 -0.7306 0.068974 0.063828 -0.71492 -0.075842 0.02229 -0.79892 0.13848 0.030226 -0.76395 -0.10786 -0.53342 0.25423
-0.14486 -0.39071 0.19017 0.13199 -0.32868 0.24625 0.013051 -0.38236 0.14786 0.0018872 -0.064237 0.024364 -0.048371 0.048868 -0.029541 0.052323 0.048868 -0.021735 -0.3396 -0.22094 0.12476 0.29242 -0.12451 0.18364 -0.40828 -0.059799 -0.034633 0.29045 0.099207 0.1056 -0.42754 -0.0091902 -0.097044 0.30193 0.17457 0.073457 -0.074466 -0.065389 -0.40136 0.13735 0.01747 -0.40103 -0.033127 0.051002 -0.71157 0.059887 0.10565 -0.71363 -0.072416 -0.00051961 -0.77912 0.14167 0.09826 -0.75875 -0.013645 -0.55289 0.2409
-0.13755 -0.43335 0.17263 0.13809 -0.32726 0.21272 0.016982 -0.39808 0.13046 0.0049343 -0.066741 0.020956 -0.04986 0.051347 -0.023495 0.051347 0.051347 -0.019399 -0.31806 -0.23252 0.12051 0.25714 -0.07667 0.14138 -0.41993 -0.088115 -0.035164 0.21711 0.14687 0.074802 -0.45207 -0.03263 -0.086243 0.21773 0.22321 0.04208 -0.052751 -0.086255 -0.3883 0.14173 0.050843 -0.40003 -0.023346 0.044172 -0.69422 0.038569 0.13151 -0.70756 -0.056883 -0.010968 -0.7622 0.12088 0.1515 -0.74783 0.057045 -0.55169 0.21863
-0.16051 -0.44523 0.16897 0.12028 -0.318 0.18651 -0.0097006 -0.39737 0.12841 0.0029941 -0.066918 0.019943 -0.050284 0.052163 -0.020671 0.051534 0.052163 -0.016899 -0.29933 -0.21227 0.11427 0.19683 -0.057863 0.092783 -0.42613 -0.084545 -0.039829 0.13097 0.16367 0.038196 -0.46776 -0.025928 -0.080442 0.12522 0.23901 0.0037489 -0.023667 -0.093142 -0.38136 0.1366 0.069486 -0.3978 -0.0052052 0.045372 -0.6848 0.018549 0.14079 -0.70256 -0.034608 -0.011011 -0.7538 0.095728 0.18066 -0.73855 0.09507 -0.52868 0.21087
-0.19795 -0.40295 0.20636 0.097536 -0.29015 0.2038 -0.043379 -0.36337 0.16569 -0.0018221 -0.062621 0.025313 -0.051049 0.048519 -0.023799 0.05316 0.048519 -0.01861 -0.28258 -0.18496 0.10621 0.13051 -0.087935 0.06765 -0.41103 -0.057836 -0.045692 0.065065 0.13368 0.019426 -0.45229 0.0042913 -0.080755 0.060057 0.20747 -0.016936 -0.0019486 -0.087345 -0.38584 0.12856 0.065972 -0.40016 0.01686 0.048969 -0.68975 0.016398 0.13555 -0.70609 -0.013439 -0.0050305 -0.75958 0.091147 0.17867 -0.7404 0.096409 -0.48537 0.24538
-0.23414 -0.31435 0.28063 0.080851 -0.24392 0.26955 -0.069646 -0.29802 0.24119 -0.0076007 -0.053961 0.037068 -0.052048 0.040325 -0.032904 0.055982 0.040325 -0.025275 -0.27086 -0.164 0.098652 0.071358 -0.16125 0.076897 -0.37702 -0.018475 -0.049648 0.031587 0.063765 0.027517 -0.40804 0.04822 -0.084711 0.033584 0.13638 -0.010385 0.0054783 -0.075035 -0.40092 0.12085 0.042463 -0.40851 0.037526 0.049138 -0.70816 0.034542 0.11981 -0.71938 0.0010795 0.00053881 -0.77827 0.1127 0.14966 -0.75506 0.068149 -0.42931 0.31839
-0.25355 -0.23113 0.34362 0.070036 -0.19496 0.34489 -0.087033 -0.22963 0.31853 -0.012706 -0.044211 0.049616 -0.051043 0.031289 -0.044211 0.059034 0.031289 -0.032547 -0.27266 -0.14689 0.096974 0.024422 -0.23636 0.10492 -0.35211 0.020605 -0.048344 0.013375 -0.0071146 0.05095 -0.37204 0.091583 -0.084806 0.02298 0.064848 0.011911 0.0026567 -0.069233 -0.41723 0.11202 0.014588 -0.41797 0.050218 0.039778 -0.72883 0.05554 0.10035 -0.73487 0.006634 -0.0036199 -0.79893 0.13874 0.11348 -0.77332 0.032975 -0.37659 0.38175
-0.24283 -0.20329 0.34861 0.063869 -0.15904 0.39063 -0.095445 -0.18617 0.36169 -0.015693 -0.036639 0.057383 -0.045951 0.025109 -0.053878 0.061381 0.025109 -0.036016 -0.29551 -0.12982 0.1061 -0.0065736 -0.27254 0.13491 -0.36304 0.047753 -0.038884 -0.0074149 -0.040828 0.077208 -0.3798 0.12138 -0.073953 0.0049466 0.031045 0.037412 -0.005696 -0.081855 -0.4256 0.10043 -0.0023855 -0.4235 0.049103 0.015835 -0.74071 0.061921 0.083564 -0.74487 0.0015938 -0.02557 -0.81079 0.14736 0.089437 -0.78574 0.01263 -0.34261 0.3887
-0.21409 -0.22293 0.30411 0.058922 -0.13981 0.40239 -0.099426 -0.16867 0.36907 -0.017086 -0.03168 0.059869 -0.038313 0.022048 -0.060561 0.063084 0.022048 -0.035046 -0.33143 -0.10741 0.12314 -0.025948 -0.26835 0.15931 -0.3996 0.068308 -0.023885 -0.031087 -0.03668 0.10008 -0.41912 0.14334 -0.054264 -0.019599 0.03516 0.059815 -0.016586 -0.10604 -0.42661 0.085896 -0.0091569 -0.4237 0.038028 -0.015375 -0.74386 0.053203 0.06928 -0.74752 -0.010557 -0.056293 -0.8139 0.13763 0.076596 -0.79008 0.0042761 -0.32745 0.34685
-0.19591 -0.24478 0.25423 0.050344 -0.13309 0.39824 -0.10652 -0.16075 0.36132 -0.018678 -0.027942 0.059846 -0.032015 0.020146 -0.064532 0.064844 0.020146 -0.031427 -0.36245 -0.073301 0.14018 -0.043215 -0.24774 0.1765 -0.4277 0.098574 -0.0095189 -0.046629 -0.018127 0.11741 -0.447 0.17527 -0.033789 -0.034118 0.052868 0.076832 -0.02813 -0.12283 -0.42709 0.069206 -0.016727 -0.41949 0.027091 -0.038555 -0.74545 0.039862 0.053079 -0.74472 -0.023036 -0.075748 -0.81527 0.12213 0.060964 -0.78876 -0.010779 -0.3213 0.29891
-0.20785 -0.2348 0.23404 0.035467 -0.13442 0.39407 -0.12149 -0.14959 0.3561 -0.021701 -0.024475 0.059667 -0.030014 0.017967 -0.066157 0.067113 0.017967 -0.026883 -0.37424 -0.02669 0.15078 -0.065565 -0.23166 0.18517 -0.42189 0.14706 -0.00078675 -0.047171 -0.0053291 0.12723 -0.43205 0.22661 -0.019368 -0.028072 0.063521 0.086376 -0.038471 -0.11899 -0.43185 0.052002 -0.032943 -0.41223 0.023948 -0.042897 -0.75061 0.030836 0.032304 -0.73864 -0.030493 -0.070152 -0.82001 0.11155 0.033016 -0.78436 -0.04471 -0.31611 0.27888
-0.22804 -0.21203 0.23558 0.02149 -0.13861 0.39426 -0.13654 -0.13939 0.35611 -0.024769 -0.022444 0.059551 -0.030948 0.016571 -0.066097 0.069168 0.016571 -0.022633 -0.36978 0.008371 0.15542 -0.089412 -0.22587 0.18493 -0.39717 0.1866 0.0028146 -0.045196 -0.0019153 0.12811 -0.39718 0.26838 -0.011988 -0.018928 0.064738 0.086937 -0.045767 -0.1079 -0.43609 0.039661 -0.050781 -0.40486 0.024904 -0.038264 -0.75482 0.027362 0.012504 -0.7323 -0.034234 -0.054504 -0.82427 0.10709 0.004164 -0.77987 -0.079368 -0.31222 0.27915
-0.22322 -0.21011 0.23897 0.018323 -0.14034 0.39995 -0.14037 -0.13911 0.35985 -0.025774 -0.023592 0.059118 -0.032265 0.017704 -0.065096 0.069964 0.017704 -0.019758 -0.35682 0.001078 0.15653 -0.10809 -0.23189 0.17568 -0.37972 0.18032 0.0033106 -0.058401 -0.0068949 0.1188 -0.38025 0.26111 -0.011007 -0.031736 0.059234 0.07721 -0.048191 -0.11028 -0.43237 0.038571 -0.05912 -0.40078 0.023124 -0.04021 -0.75088 0.028535 0.0014785 -0.72898 -0.037406 -0.05173 -0.8217 0.10734 -0.0084187 -0.77838 -0.088249 -0.31234 0.28061
-0.1816 -0.24299 0.23316 0.031164 -0.13877 0.40653 -0.12612 -0.15464 0.36286 -0.023489 -0.028451 0.058029 -0.032763 0.021894 -0.063484 0.068947 0.021894 -0.019006 -0.34238 -0.0576 0.15481 -0.10636 -0.24758 0.162 -0.38385 0.11614 0.0010416 -0.083007 -0.019083 0.10279 -0.40005 0.19179 -0.015961 -0.065508 0.048729 0.060657 -0.044555 -0.13418 -0.418 0.051548 -0.052966 -0.40143 0.01612 -0.055264 -0.73626 0.034406 0.0025291 -0.73009 -0.041411 -0.071869 -0.80907 0.1119 0.0024785 -0.78114 -0.057497 -0.31883 0.27307
-0.13205 -0.28722 0.22394 0.056274 -0.1416 0.39859 -0.095347 -0.18607 0.35513 -0.018359 -0.03526 0.05601 -0.033801 0.027364 -0.060815 0.066498 0.027364 -0.020499 -0.33203 -0.13546 0.1477 -0.052799 -0.26393 0.15732 -0.4014 0.029062 -0.006843 -0.074563 -0.036925 0.092515 -0.43925 0.09751 -0.026739 -0.069947 0.033068 0.04976 -0.034885 -0.16373 -0.39933 0.074646 -0.038928 -0.4046 0.009617 -0.072863 -0.71725 0.046832 0.01044 -0.73354 -0.044337 -0.10056 -0.78904 0.12239 0.025205 -0.78587 0.0027871 -0.33335 0.26332
-0.10632 -0.31631 0.21872 0.088892 -0.15682 0.36081 -0.050754 -0.23231 0.3269 -0.011039 -0.042048 0.05283 -0.036941 0.032145 -0.056579 0.063084 0.032145 -0.024264 -0.3307 -0.19707 0.1327 0.082329 -0.27112 0.17488 -0.42188 -0.042179 -0.023128 0.012062 -0.05822 0.1005 -0.47697 0.019317 -0.043106 0.006622 0.012579 0.057075 -0.019457 -0.18115 -0.38338 0.1032 -0.024604 -0.40773 0.0099093 -0.081065 -0.70085 0.067627 0.019288 -0.73695 -0.044015 -0.12137 -0.76488 0.14042 0.046527 -0.79 0.079769 -0.35707 0.25969
-0.10642 -0.32337 0.22051 0.12364 -0.18003 0.30175 0.00083435 -0.28315 0.28439 -0.0025925 -0.047619 0.048849 -0.042209 0.035391 -0.05067 0.058845 0.035391 -0.029881 -0.33497 -0.23135 0.11496 0.26599 -0.25827 0.20674 -0.43713 -0.085421 -0.043053 0.15292 -0.069843 0.12249 -0.50106 -0.030697 -0.061934 0.14201 4.5372e-05 0.078406 -0.00061084 -0.18257 -0.3721 0.13323 -0.012108 -0.40946 0.016993 -0.077307 -0.68885 0.094225 0.027473 -0.7389 -0.04026 -0.12921 -0.73937 0.16356 0.062529 -0.79221 0.15944 -0.38309 0.26479
-0.10861 -0.3185 0.22854 0.1546 -0.19616 0.25063 0.049041 -0.32046 0.24763 0.0055561 -0.051451 0.044946 -0.048304 0.037234 -0.043338 0.053637 0.037234 -0.036544 -0.33418 -0.2483 0.10622 0.41085 -0.21356 0.2267 -0.44106 -0.11149 -0.055326 0.26431 -0.049226 0.13973 -0.50694 -0.065485 -0.077598 0.25016 0.019025 0.09507 0.017529 -0.17609 -0.36296 0.16134 0.0011844 -0.40944 0.025418 -0.067145 -0.67854 0.12027 0.037137 -0.73889 -0.034601 -0.12881 -0.71484 0.18588 0.077351 -0.79231 0.22678 -0.39757 0.27623
-0.092353 -0.31118 0.24147 0.17679 -0.19283 0.232 0.084924 -0.32956 0.23342 0.012154 -0.053189 0.041898 -0.053988 0.03786 -0.034949 0.047425 0.03786 -0.043435 -0.31954 -0.25753 0.1158 0.44427 -0.13022 0.21294 -0.42925 -0.13062 -0.050902 0.27614 0.019716 0.13668 -0.49209 -0.096741 -0.085318 0.25881 0.086522 0.091577 0.031349 -0.16929 -0.35374 0.18453 0.017368 -0.4075 0.030367 -0.05593 -0.6676 0.14028 0.049951 -0.73665 -0.028546 -0.12489 -0.69338 0.20233 0.094559 -0.79028 0.26936 -0.38944 0.29131
-0.062309 -0.3036 0.25538 0.191 -0.17668 0.2371 0.10929 -0.31925 0.23539 0.017083 -0.053401 0.039759 -0.058692 0.037627 -0.026552 0.040925 0.037627 -0.049768 -0.2956 -0.26192 0.13632 0.39701 -0.033131 0.17524 -0.40728 -0.14461 -0.036162 0.21615 0.11043 0.12086 -0.46545 -0.12307 -0.086161 0.19565 0.17621 0.075444 0.040816 -0.16389 -0.34491 0.20215 0.034236 -0.4043 0.032104 -0.04607 -0.65702 0.15501 0.063876 -0.73326 -0.023103 -0.11995 -0.67553 0.21388 0.11245 -0.78714 0.29134 -0.36655 0.30628
-0.03288 -0.29515 0.26532 0.20028 -0.16169 0.24428 0.12672 -0.30741 0.2382 0.020662 -0.053005 0.038306 -0.062106 0.036954 -0.019456 0.03514 0.036954 -0.05477 -0.27203 -0.26174 0.15399 0.3398 0.040608 0.1356 -0.38458 -0.15198 -0.023446 0.14982 0.17992 0.10871 -0.44038 -0.13804 -0.083453 0.12695 0.24502 0.06308 0.047282 -0.15934 -0.33799 0.21446 0.04792 -0.40079 0.032862 -0.038832 -0.64909 0.16764 0.075437 -0.73033 -0.019087 -0.11568 -0.66127 0.22388 0.12729 -0.78432 0.30326 -0.34398 0.31704
-0.013476 -0.28635 0.26911 0.20733 -0.15613 0.23989 0.14091 -0.30498 0.23268 0.023249 -0.052621 0.037356 -0.064153 0.036126 -0.014397 0.030764 0.036126 -0.05803 -0.2553 -0.25854 0.16108 0.31697 0.069837 0.11079 -0.36748 -0.15344 -0.019681 0.11961 0.20447 0.11056 -0.42511 -0.14015 -0.079361 0.09556 0.26917 0.064785 0.051992 -0.15571 -0.33344 0.22242 0.056096 -0.39745 0.034118 -0.034669 -0.64439 0.17902 0.082399 -0.72821 -0.016771 -0.11298 -0.65026 0.23325 0.1366 -0.78212 0.31276 -0.33154 0.32229
-0.00055607 -0.28069 0.27177 0.21394 -0.1535 0.23104 0.1533 -0.30511 0.22558 0.02529 -0.052079 0.036837 -0.065347 0.035078 -0.010628 0.027682 0.035078 -0.060084 -0.24344 -0.25718 0.16561 0.30444 0.074667 0.10415 -0.35414 -0.15537 -0.017768 0.10812 0.21039 0.12086 -0.41465 -0.14081 -0.073043 0.083448 0.27474 0.075014 0.055915 -0.1546 -0.32902 0.22876 0.060441 -0.39345 0.0354 -0.031937 -0.63913 0.18392 0.085735 -0.72405 -0.015032 -0.11093 -0.64136 0.23675 0.14118 -0.778 0.31989 -0.32519 0.32816
0.011291 -0.28201 0.27925 0.22167 -0.14518 0.22792 0.16487 -0.29838 0.22593 0.027226 -0.051102 0.036698 -0.066285 0.033706 -0.0071867 0.025645 0.033706 -0.061602 -0.23331 -0.26284 0.17778 0.26821 0.081225 0.11661 -0.34161 -0.16477 -0.0086476 0.089092 0.2311 0.13168 -0.40208 -0.153 -0.063269 0.063608 0.29494 0.085818 0.059918 -0.15778 -0.32217 0.23643 0.063175 -0.38778 0.035945 -0.028715 -0.62893 0.17642 0.08688 -0.71457 -0.012569 -0.10831 -0.63335 0.2284 0.14231 -0.76906 0.32349 -0.31887 0.3417
0.021535 -0.28937 0.29137 0.22907 -0.1308 0.23407 0.1739 -0.28434 0.23564 0.028832 -0.049916 0.036937 -0.067078 0.032479 -0.0037443 0.024265 0.032479 -0.062785 -0.22632 -0.27387 0.1986 0.20489 0.098536 0.14258 -0.33111 -0.17972 0.0084278 0.056933 0.2743 0.13874 -0.38686 -0.17638 -0.051612 0.030612 0.33768 0.092911 0.0632 -0.16543 -0.31267 0.2469 0.063713 -0.38018 0.035666 -0.024835 -0.61364 0.15827 0.08574 -0.69939 -0.0095459 -0.10499 -0.62585 0.21001 0.14017 -0.75486 0.32133 -0.31196 0.3637
0.022777 -0.29636 0.30086 0.23123 -0.11952 0.24528 0.1755 -0.27297 0.24833 0.029122 -0.049337 0.03761 -0.067286 0.03252 -0.00070529 0.022991 0.03252 -0.063292 -0.22913 -0.28079 0.21842 0.14639 0.11586 0.16888 -0.32876 -0.18801 0.024597 0.029939 0.31794 0.14201 -0.3758 -0.19517 -0.042884 0.0039818 0.38164 0.096245 0.063027 -0.17583 -0.303 0.25986 0.058218 -0.37127 0.035257 -0.022156 -0.59788 0.14004 0.080458 -0.68152 -0.0078177 -0.1021 -0.61944 0.19236 0.13366 -0.73785 0.30995 -0.31014 0.38769
0.0080433 -0.2966 0.30103 0.22344 -0.11995 0.25724 0.16485 -0.27339 0.25787 0.027113 -0.050052 0.038773 -0.066462 0.034817 0.0013968 0.021425 0.034817 -0.062748 -0.24772 -0.27408 0.22814 0.1229 0.12238 0.18336 -0.33978 -0.17773 0.031484 0.026108 0.34052 0.14181 -0.37513 -0.19391 -0.04143 0.0029617 0.40589 0.096133 0.056519 -0.1872 -0.29568 0.27438 0.042725 -0.36163 0.035266 -0.022538 -0.58621 0.13153 0.06915 -0.66384 -0.0092507 -0.10066 -0.61479 0.18547 0.12146 -0.72038 0.28584 -0.31845 0.40749
-0.022394 -0.28676 0.29388 0.20464 -0.13108 0.26855 0.13914 -0.28226 0.26457 0.022258 -0.051325 0.040476 -0.06441 0.038794 0.0012364 0.020632 0.038794 -0.060753 -0.27899 -0.24829 0.22873 0.13138 0.11645 0.18701 -0.35886 -0.14498 0.029872 0.048859 0.34017 0.13962 -0.38232 -0.1676 -0.045792 0.031823 0.40773 0.09404 0.040448 -0.19814 -0.29199 0.28461 0.013692 -0.35072 0.034519 -0.026855 -0.5798 0.13083 0.05058 -0.64673 -0.014974 -0.10037 -0.61287 0.18765 0.10064 -0.70293 0.24556 -0.33312 0.42335
-0.064436 -0.26513 0.28597 0.17571 -0.14683 0.27936 0.096644 -0.28959 0.27211 0.014238 -0.051667 0.042767 -0.061069 0.043046 -0.0029302 0.022445 0.043046 -0.056888 -0.31507 -0.20006 0.22649 0.15125 0.10131 0.18775 -0.37513 -0.090102 0.025383 0.093907 0.32538 0.13751 -0.39018 -0.11681 -0.051452 0.08693 0.39406 0.09204 0.0114 -0.2074 -0.29257 0.28207 -0.03219 -0.33743 0.030939 -0.035461 -0.57804 0.12986 0.023854 -0.62919 -0.025727 -0.10018 -0.61479 0.19104 0.067463 -0.68493 0.1857 -0.34573 0.43891
-0.11271 -0.23201 0.28247 0.13931 -0.16164 0.2899 0.039254 -0.2877 0.28321 0.0034446 -0.050038 0.045602 -0.056679 0.046244 -0.011861 0.027931 0.046244 -0.051208 -0.3488 -0.13046 0.22674 0.16627 0.080789 0.19179 -0.38062 -0.017241 0.022798 0.15494 0.30399 0.13721 -0.39333 -0.046353 -0.054265 0.16176 0.37159 0.091841 -0.03105 -0.21441 -0.2971 0.26193 -0.094624 -0.32127 0.023419 -0.04846 -0.57973 0.12273 -0.010494 -0.61065 -0.041275 -0.099835 -0.62053 0.18958 0.021009 -0.66615 0.10758 -0.34953 0.45676
-0.15742 -0.19489 0.28335 0.10449 -0.17202 0.30065 -0.018238 -0.27724 0.29685 -0.0072046 -0.047026 0.048609 -0.052567 0.047347 -0.022768 0.035383 0.047347 -0.045446 -0.37567 -0.056281 0.23113 0.17632 0.06081 0.19906 -0.37793 0.05594 0.023733 0.21863 0.28112 0.13912 -0.39296 0.023739 -0.051544 0.2397 0.34611 0.093837 -0.076627 -0.22088 -0.30199 0.23231 -0.16039 -0.30378 0.014364 -0.065096 -0.58153 0.11157 -0.046836 -0.59209 -0.057901 -0.10192 -0.62593 0.1838 -0.029442 -0.64758 0.029488 -0.34383 0.4757
-0.18787 -0.16282 0.28743 0.081632 -0.17494 0.31217 -0.058318 -0.26076 0.31121 -0.014261 -0.043576 0.051351 -0.050283 0.045401 -0.032101 0.04249 0.045401 -0.041691 -0.39185 0.0023741 0.24044 0.18488 0.047703 0.20812 -0.372 0.10896 0.029074 0.27022 0.26126 0.14333 -0.39168 0.070307 -0.040985 0.30208 0.32316 0.098119 -0.11277 -0.22904 -0.30293 0.20416 -0.21352 -0.28699 0.0069315 -0.084402 -0.57966 0.1003 -0.078456 -0.57478 -0.071143 -0.1096 -0.62597 0.17573 -0.072431 -0.6305 -0.026745 -0.32936 0.49371
-0.20009 -0.13966 0.29389 0.074769 -0.1693 0.32445 -0.073824 -0.24055 0.32518 -0.016445 -0.040265 0.053634 -0.050316 0.040618 -0.038047 0.047919 0.040618 -0.040657 -0.39654 0.037317 0.25419 0.19404 0.04479 0.21777 -0.36591 0.1335 0.038431 0.30324 0.24803 0.14957 -0.39 0.085604 -0.024007 0.34074 0.30716 0.10441 -0.13356 -0.23971 -0.29818 0.18415 -0.24677 -0.27202 0.0022985 -0.10454 -0.57284 0.091573 -0.10186 -0.55941 -0.078431 -0.12276 -0.61994 0.16746 -0.10226 -0.61545 -0.051927 -0.30799 0.50974
-0.20043 -0.12135 0.30245 0.078127 -0.1569 0.33674 -0.073628 -0.21859 0.33867 -0.015833 -0.0371 0.055642 -0.051503 0.035017 -0.041488 0.051859 0.035017 -0.040935 -0.39371 0.058837 0.26995 0.20379 0.050724 0.22733 -0.35987 0.1401 0.049435 0.32405 0.24372 0.15695 -0.38518 0.08577 -0.0077981 0.36385 0.30072 0.11184 -0.14336 -0.25155 -0.28999 0.17227 -0.2664 -0.25864 -0.001428 -0.12232 -0.56358 0.086177 -0.11855 -0.54568 -0.080131 -0.13623 -0.6137 0.16127 -0.12218 -0.60183 -0.056496 -0.2834 0.52433
-0.19594 -0.10339 0.31278 0.085284 -0.13988 0.34813 -0.067652 -0.19672 0.35168 -0.014689 -0.03404 0.057578 -0.0526 0.030632 -0.043513 0.054628 0.030632 -0.041025 -0.38765 0.078153 0.28506 0.2139 0.063536 0.236 -0.35389 0.14044 0.059547 0.33977 0.25001 0.16445 -0.37459 0.087956 0.00041742 0.38059 0.30581 0.11937 -0.1473 -0.26307 -0.28092 0.16774 -0.27958 -0.24652 -0.0063062 -0.13475 -0.55469 0.084569 -0.13056 -0.53333 -0.076959 -0.14483 -0.6133 0.15917 -0.13622 -0.58912 -0.052205 -0.25932 0.53804
-0.19094 -0.084942 0.32329 0.092436 -0.12138 0.35743 -0.061378 -0.17598 0.36362 -0.013902 -0.031057 0.059446 -0.053156 0.027617 -0.044919 0.056533 0.027617 -0.040652 -0.38191 0.097708 0.29636 0.22396 0.078297 0.24165 -0.34884 0.1395 0.06623 0.35319 0.2623 0.1693 -0.361 0.095413 -0.00045734 0.39475 0.31761 0.12425 -0.149 -0.27317 -0.27287 0.167 -0.29019 -0.23604 -0.013079 -0.14282 -0.5483 0.085219 -0.14145 -0.52358 -0.070937 -0.14929 -0.61937 0.15994 -0.14896 -0.57885 -0.045862 -0.23822 0.55017
-0.18776 -0.067781 0.33148 0.097647 -0.10522 0.36318 -0.057122 -0.15678 0.37351 -0.013381 -0.028129 0.061111 -0.053283 0.024787 -0.046291 0.057871 0.024787 -0.040411 -0.37946 0.11369 0.30032 0.23344 0.087967 0.24115 -0.34613 0.13753 0.066946 0.36398 0.27149 0.16749 -0.35099 0.10149 -0.0071572 0.40628 0.32647 0.12248 -0.15099 -0.28102 -0.26733 0.16455 -0.29977 -0.22803 -0.021554 -0.15044 -0.54604 0.085173 -0.15582 -0.51868 -0.065015 -0.15453 -0.62869 0.16002 -0.16532 -0.57402 -0.040753 -0.22167 0.55908
-0.18811 -0.05358 0.33539 0.099517 -0.094414 0.36451 -0.056531 -0.13964 0.38057 -0.013019 -0.025274 0.062457 -0.053107 0.021213 -0.048067 0.058877 0.021213 -0.040807 -0.3823 0.123 0.2945 0.24142 0.087254 0.23232 -0.34674 0.13456 0.059994 0.37155 0.27048 0.15628 -0.34975 0.10046 -0.016498 0.41479 0.32483 0.1113 -0.15516 -0.28605 -0.26537 0.15623 -0.30941 -0.2231 -0.031325 -0.16059 -0.54893 0.082361 -0.1766 -0.52009 -0.061598 -0.16433 -0.63829 0.15675 -0.18871 -0.57648 -0.039304 -0.21074 0.56363
-0.19068 -0.0433 0.33588 0.09911 -0.087777 0.36351 -0.058227 -0.12567 0.38512 -0.012737 -0.022688 0.063484 -0.052777 0.017386 -0.049953 0.059472 0.017386 -0.041778 -0.38755 0.12671 0.28208 0.24515 0.079818 0.21773 -0.34936 0.13007 0.047861 0.37432 0.26254 0.1392 -0.35511 0.092222 -0.026166 0.41851 0.31612 0.094262 -0.16025 -0.28881 -0.26602 0.14478 -0.3183 -0.2206 -0.041036 -0.17166 -0.55502 0.079265 -0.19814 -0.52489 -0.060259 -0.17649 -0.64699 0.15224 -0.21493 -0.58207 -0.040036 -0.2041 0.56507
-0.19324 -0.037668 0.33469 0.098257 -0.082805 0.36315 -0.059897 -0.11613 0.38779 -0.012464 -0.020625 0.064224 -0.052445 0.014235 -0.051431 0.059483 0.014235 -0.043089 -0.39084 0.12719 0.26799 0.2413 0.072096 0.20144 -0.35191 0.12338 0.03433 0.37042 0.25413 0.12177 -0.36261 0.078431 -0.034123 0.41527 0.30714 0.076863 -0.16403 -0.29023 -0.26773 0.13507 -0.32505 -0.21951 -0.049036 -0.1806 -0.56143 0.079773 -0.21212 -0.52888 -0.059693 -0.18693 -0.65413 0.15006 -0.23746 -0.58481 -0.040257 -0.19967 0.56545
-0.19436 -0.036302 0.3331 0.098119 -0.077818 0.36496 -0.060151 -0.11108 0.38926 -0.012163 -0.019197 0.064724 -0.052226 0.012275 -0.052211 0.058914 0.012275 -0.044494 -0.38989 0.12638 0.25562 0.22949 0.068016 0.1865 -0.35307 0.11484 0.022089 0.36002 0.24933 0.10764 -0.36912 0.061675 -0.038995 0.40512 0.30214 0.062755 -0.16536 -0.29095 -0.26944 0.12988 -0.32897 -0.21914 -0.054529 -0.18569 -0.56637 0.085395 -0.21474 -0.52975 -0.059085 -0.19334 -0.65946 0.1519 -0.25233 -0.58183 -0.03852 -0.19586 0.56614
-0.19437 -0.036498 0.33142 0.098453 -0.072866 0.36734 -0.059546 -0.10806 0.39021 -0.011873 -0.018219 0.06506 -0.052155 0.011151 -0.05248 0.058152 0.011151 -0.04573 -0.38686 0.12529 0.24521 0.21551 0.066246 0.17388 -0.35296 0.10701 0.011521 0.34766 0.24713 0.096589 -0.37433 0.046469 -0.040799 0.39278 0.29995 0.051723 -0.16544 -0.29094 -0.27123 0.12758 -0.33088 -0.21939 -0.058509 -0.18802 -0.57036 0.09266 -0.21158 -0.52927 -0.058652 -0.19709 -0.66353 0.15546 -0.26107 -0.57683 -0.035993 -0.19206 0.56717
-0.1938 -0.035341 0.32983 0.098859 -0.068173 0.36839 -0.058852 -0.10435 0.39136 -0.011637 -0.017471 0.065306 -0.052256 0.010403 -0.052478 0.057617 0.010403 -0.046541 -0.38442 0.12477 0.23663 0.2057 0.064868 0.1642 -0.35197 0.10254 0.0027312 0.33824 0.24595 0.087923 -0.37833 0.037299 -0.039791 0.38335 0.2988 0.04307 -0.16569 -0.29013 -0.27329 0.12604 -0.33173 -0.2203 -0.062156 -0.18903 -0.57419 0.097612 -0.20921 -0.52964 -0.058725 -0.19996 -0.66701 0.15805 -0.26584 -0.5742 -0.034118 -0.18777 0.56838
-0.19288 -0.031673 0.32855 0.099305 -0.063099 0.3678 -0.058216 -0.098545 0.39299 -0.01146 -0.016795 0.065516 -0.052501 0.0097578 -0.052356 0.057424 0.0097578 -0.046919 -0.38391 0.12479 0.22993 0.20162 0.063564 0.15719 -0.35162 0.10037 -0.0039396 0.33316 0.24544 0.081064 -0.38204 0.032861 -0.037619 0.3783 0.29827 0.036223 -0.16651 -0.28873 -0.27562 0.12454 -0.33208 -0.22178 -0.065874 -0.18961 -0.57816 0.099381 -0.20988 -0.53154 -0.059279 -0.20229 -0.67044 0.15901 -0.26828 -0.57509 -0.033158 -0.182 0.56995
-0.19163 -0.026008 0.32778 0.10011 -0.05618 0.36684 -0.057186 -0.0905 0.39502 -0.011309 -0.016088 0.065718 -0.052812 0.0091159 -0.052178 0.057399 0.0091159 -0.047087 -0.3854 0.12446 0.22541 0.20032 0.063542 0.15164 -0.35458 0.095864 -0.0079256 0.33046 0.24642 0.075557 -0.3872 0.026336 -0.037256 0.37562 0.29925 0.030725 -0.16734 -0.28722 -0.27803 0.12375 -0.332 -0.22367 -0.069327 -0.19016 -0.58211 0.10004 -0.2117 -0.53425 -0.059957 -0.20301 -0.67426 0.15961 -0.26955 -0.57761 -0.03226 -0.1733 0.57232
-0.19008 -0.018966 0.32772 0.10152 -0.046309 0.36664 -0.0554 -0.080294 0.39735 -0.011154 -0.015271 0.065936 -0.053117 0.0083961 -0.051998 0.057372 0.0083961 -0.047255 -0.38878 0.12305 0.22321 0.19907 0.065776 0.14648 -0.3628 0.085321 -0.0088899 0.32834 0.24952 0.071019 -0.39479 0.012665 -0.041348 0.37341 0.30242 0.026193 -0.16766 -0.28604 -0.28032 0.12423 -0.3316 -0.22578 -0.072192 -0.19099 -0.58584 0.10148 -0.21288 -0.53702 -0.060438 -0.2016 -0.67866 0.16103 -0.27067 -0.57994 -0.030623 -0.16058 0.57586
-0.18844 -0.011449 0.32806 0.10322 -0.035096 0.36703 -0.053259 -0.069318 0.39965 -0.010993 -0.014409 0.066157 -0.053381 0.0075993 -0.051847 0.057312 0.0075993 -0.047461 -0.393 0.12113 0.22249 0.19806 0.069142 0.14185 -0.37303 0.072511 -0.0081763 0.3268 0.25373 0.067542 -0.40037 0.00075668 -0.049871 0.37174 0.30675 0.02272 -0.16763 -0.28529 -0.28229 0.12548 -0.33117 -0.22781 -0.074454 -0.1921 -0.58909 0.10362 -0.21345 -0.53949 -0.060783 -0.20151 -0.68217 0.16299 -0.27194 -0.58182 -0.028154 -0.14517 0.58004
-0.18704 -0.0044757 0.32832 0.10464 -0.025325 0.36731 -0.051497 -0.059522 0.40149 -0.010835 -0.013631 0.066351 -0.053589 0.0067614 -0.051745 0.057242 0.0067614 -0.047672 -0.39659 0.11982 0.22202 0.19875 0.071617 0.1384 -0.37982 0.06441 -0.0078497 0.32665 0.25732 0.065423 -0.39716 0.0055142 -0.061654 0.37149 0.31042 0.020601 -0.16767 -0.28494 -0.28378 0.12657 -0.33106 -0.22937 -0.076228 -0.1933 -0.59156 0.10552 -0.21421 -0.54145 -0.061211 -0.20789 -0.68257 0.16459 -0.27334 -0.58362 -0.025062 -0.12952 0.58401
-0.18611 0.0012302 0.32819 0.10538 -0.018736 0.36699 -0.050578 -0.052162 0.40265 -0.010684 -0.013011 0.066502 -0.053738 0.0059135 -0.051694 0.057162 0.0059135 -0.047885 -0.39868 0.11971 0.22099 0.20199 0.071997 0.13651 -0.38047 0.064808 -0.0091316 0.32828 0.25929 0.06479 -0.38287 0.03348 -0.074976 0.37309 0.31241 0.01997 -0.16799 -0.28495 -0.28469 0.12703 -0.33144 -0.23028 -0.077553 -0.19449 -0.59312 0.10665 -0.21569 -0.54281 -0.061742 -0.22318 -0.67866 0.16541 -0.27472 -0.58563 -0.021619 -0.11549 0.58713
-0.18559 0.0058033 0.32788 0.10564 -0.014056 0.36618 -0.050194 -0.046483 0.40333 -0.010521 -0.012466 0.066631 -0.053869 0.0050718 -0.051647 0.056988 0.0050718 -0.048188 -0.40009 0.11988 0.21987 0.20686 0.071441 0.13573 -0.38031 0.068274 -0.010809 0.33083 0.26076 0.065297 -0.36818 0.067081 -0.086562 0.37559 0.31393 0.020475 -0.16808 -0.28535 -0.28521 0.12779 -0.33195 -0.23082 -0.078239 -0.19564 -0.59403 0.10767 -0.21749 -0.54384 -0.061801 -0.24189 -0.67211 0.16635 -0.27564 -0.58792 -0.018263 -0.10341 0.58943
-0.1854 0.0095284 0.32769 0.10567 -0.0095025 0.36512 -0.049902 -0.041386 0.40385 -0.010324 -0.011885 0.066765 -0.05403 0.0042506 -0.051553 0.056629 0.0042506 -0.04868 -0.40193 0.11912 0.21935 0.21215 0.071507 0.13547 -0.38597 0.067847 -0.011263 0.33325 0.2632 0.06651 -0.36582 0.084793 -0.092927 0.37782 0.31653 0.021687 -0.16733 -0.28617 -0.28557 0.13001 -0.33217 -0.23136 -0.078061 -0.19676 -0.59464 0.10946 -0.21911 -0.54487 -0.060737 -0.25724 -0.66509 0.16852 -0.2756 -0.59047 -0.015456 -0.093305 0.59106
-0.18538 0.012588 0.32773 0.10565 -0.004271 0.36394 -0.04944 -0.036375 0.40436 -0.010092 -0.011227 0.066913 -0.054233 0.0034849 -0.051396 0.056088 0.0034849 -0.049355 -0.40459 0.11688 0.21966 0.21716 0.07288 0.13535 -0.39921 0.060671 -0.0098727 0.33503 0.26716 0.068081 -0.3795 0.07847 -0.093145 0.3792 0.32081 0.023256 -0.16545 -0.2874 -0.28584 0.13405 -0.33188 -0.23204 -0.07692 -0.19804 -0.59514 0.11233 -0.22031 -0.54599 -0.058819 -0.2664 -0.65892 0.1723 -0.27446 -0.59317 -0.013373 -0.085008 0.59219
-0.18531 0.015034 0.32788 0.10566 0.0011948 0.3626 -0.048771 -0.031714 0.40485 -0.0098445 -0.010538 0.067063 -0.054445 0.0028361 -0.051212 0.055491 0.0028361 -0.050073 -0.40758 0.11342 0.22039 0.22186 0.075127 0.13528 -0.41556 0.04913 -0.007299 0.33632 0.27203 0.069767 -0.40136 0.057013 -0.08955 0.37996 0.32613 0.02494 -0.16256 -0.28902 -0.28589 0.13924 -0.33119 -0.23268 -0.074876 -0.19983 -0.59549 0.11588 -0.22123 -0.54708 -0.057495 -0.27163 -0.65389 0.17713 -0.27261 -0.59575 -0.011824 -0.078104 0.59303
-0.18497 0.016911 0.32799 0.10574 0.0063707 0.36109 -0.047877 -0.027721 0.40529 -0.0096052 -0.0098711 0.067203 -0.054632 0.0023671 -0.051039 0.054972 0.0023671 -0.050682 -0.41031 0.10903 0.22113 0.22626 0.077743 0.13517 -0.43016 0.035946 -0.0042834 0.33733 0.27715 0.071334 -0.42282 0.030429 -0.084687 0.38035 0.33174 0.026505 -0.15881 -0.29102 -0.28559 0.14486 -0.33024 -0.23308 -0.072005 -0.20255 -0.59563 0.11967 -0.22206 -0.54797 -0.058288 -0.27546 -0.65023 0.18239 -0.27043 -0.59793 -0.010595 -0.072159 0.59377
-0.18414 0.018261 0.32792 0.10596 0.010732 0.35936 -0.046737 -0.024712 0.40565 -0.0093964 -0.009277 0.067319 -0.054757 0.0021412 -0.050915 0.054664 0.0021412 -0.051031 -0.41221 0.10402 0.22146 0.23035 0.080224 0.13495 -0.43816 0.023839 -0.001568 0.33825 0.28184 0.072546 -0.43529 0.0087241 -0.081102 0.38064 0.33691 0.027715 -0.15435 -0.29336 -0.2848 0.15019 -0.32913 -0.23307 -0.068378 -0.20658 -0.59554 0.12326 -0.22295 -0.54849 -0.06272 -0.28048 -0.64814 0.18746 -0.26832 -0.59943 -0.0094719 -0.06674 0.59462
-0.1826 0.019128 0.32753 0.10637 0.013755 0.35738 -0.045331 -0.023003 0.40588 -0.0092406 -0.0088083 0.067399 -0.054785 0.0022213 -0.050879 0.0547 0.0022213 -0.050971 -0.41272 0.098703 0.22094 0.23414 0.082065 0.13454 -0.43468 0.015534 0.00010543 0.33928 0.28541 0.073168 -0.43018 0.0019049 -0.081339 0.38109 0.34092 0.028335 -0.14934 -0.29602 -0.28337 0.1545 -0.32801 -0.23244 -0.064068 -0.21231 -0.59516 0.1262 -0.22407 -0.54849 -0.072315 -0.28924 -0.64784 0.19174 -0.26668 -0.59997 -0.0082409 -0.061414 0.59578
