-0.077242 -0.005445 0.3244 0.16816 -0.04614 0.27804 0.063329 -0.034342 0.40288 0.010554 -0.0071816 0.067399 -0.058984 0.0031645 -0.04589 0.048959 0.0031645 -0.056463 -0.19051 0.093128 0.10508 0.2672 -0.039218 0.031471 -0.34237 -0.056095 0.00095518 0.21762 -0.15798 -0.16755 -0.41767 -0.086685 0.016218 0.18748 -0.22321 -0.20848 -0.13215 0.091531 -0.41843 0.065308 0.041527 -0.44403 -0.14736 0.16243 -0.74436 0.040591 0.11938 -0.76778 -0.16525 0.083355 -0.79114 0.030185 0.038669 -0.81402 0.016656 -0.094531 0.58486
-0.077503 -0.0044902 0.32464 0.1692 -0.05361 0.27934 0.063292 -0.036807 0.40265 0.010006 -0.0079703 0.067391 -0.06048 0.0032388 -0.044117 0.050287 0.0032388 -0.055319 -0.18655 0.10324 0.10701 0.27556 -0.05276 0.035406 -0.34354 -0.070958 0.041887 0.19807 -0.18544 -0.14405 -0.41904 -0.099078 0.067962 0.16533 -0.25088 -0.18618 -0.12821 0.095108 -0.4175 0.064123 0.042262 -0.44302 -0.14708 0.16237 -0.74402 0.040048 0.12188 -0.76648 -0.14699 0.069256 -0.78705 0.028061 0.041488 -0.81317 0.015983 -0.095723 0.58501
-0.077456 -0.0093524 0.32385 0.16834 -0.055328 0.2783 0.063447 -0.038366 0.40247 0.0099031 -0.0084868 0.067345 -0.060294 0.0041533 -0.044221 0.05076 0.0041533 -0.054813 -0.18934 0.097818 0.10754 0.27341 -0.070552 0.034393 -0.33526 -0.092326 0.086046 0.17979 -0.22319 -0.12006 -0.40634 -0.12271 0.1191 0.14691 -0.29125 -0.156 -0.13234 0.093192 -0.41723 0.059859 0.043043 -0.44262 -0.15426 0.15749 -0.74416 0.033488 0.12249 -0.76591 -0.15761 0.067615 -0.78788 0.02237 0.042312 -0.8131 0.017312 -0.099099 0.58448
-0.077441 -0.017845 0.32267 0.1667 -0.053655 0.2763 0.063615 -0.039322 0.40236 0.010089 -0.0088284 0.067274 -0.059075 0.005575 -0.045486 0.050651 0.005575 -0.054746 -0.19655 0.083432 0.10783 0.26234 -0.091417 0.031265 -0.32041 -0.11579 0.13018 0.15935 -0.26476 -0.093854 -0.38385 -0.15103 0.16851 0.12714 -0.33629 -0.11891 -0.14194 0.088138 -0.41716 0.053761 0.043737 -0.44264 -0.16638 0.15023 -0.74432 0.023374 0.12174 -0.76585 -0.1869 0.07521 -0.79132 0.014887 0.041694 -0.81354 0.02006 -0.10357 0.58368
-0.077796 -0.027783 0.32174 0.16538 -0.050958 0.27471 0.063616 -0.039977 0.40229 0.010409 -0.0090926 0.067189 -0.057468 0.0071711 -0.047196 0.050235 0.0071711 -0.054921 -0.20584 0.066658 0.10903 0.24395 -0.11418 0.028855 -0.30188 -0.13695 0.17106 0.13329 -0.30371 -0.063726 -0.35583 -0.17751 0.21507 0.10095 -0.37796 -0.075887 -0.1544 0.082296 -0.41678 0.047072 0.044208 -0.44289 -0.18095 0.14301 -0.74402 0.012171 0.1202 -0.7661 -0.22464 0.088817 -0.79508 0.0073854 0.040187 -0.8142 0.023644 -0.10803 0.58301
-0.07886 -0.036978 0.3217 0.16548 -0.0496 0.27491 0.063272 -0.040632 0.40227 0.010708 -0.0093769 0.067103 -0.056123 0.0086087 -0.048637 0.049785 0.0086087 -0.055142 -0.21487 0.054069 0.11229 0.21984 -0.13767 0.029996 -0.28256 -0.15139 0.20542 0.098156 -0.33357 -0.027952 -0.32653 -0.19561 0.25768 0.063237 -0.40824 -0.027891 -0.16712 0.07802 -0.41563 0.041036 0.044324 -0.44318 -0.19544 0.13827 -0.74281 0.0023452 0.11839 -0.76644 -0.26059 0.10521 -0.79684 0.0016369 0.038343 -0.81482 0.027481 -0.11139 0.58287
-0.080895 -0.043403 0.32311 0.16799 -0.051725 0.27814 0.062436 -0.041546 0.40229 0.010844 -0.0097652 0.067028 -0.055627 0.0095639 -0.049158 0.049554 0.0095639 -0.05523 -0.22143 0.051679 0.11861 0.19168 -0.16067 0.03729 -0.26505 -0.15514 0.23016 0.051026 -0.34827 0.014874 -0.29995 -0.19944 0.29479 0.0096609 -0.41959 0.023996 -0.17761 0.077412 -0.41329 0.036779 0.043967 -0.44333 -0.20752 0.13821 -0.74028 -0.0038464 0.11684 -0.76666 -0.28517 0.12117 -0.79448 -0.00083085 0.036694 -0.81514 0.031041 -0.11265 0.58362
-0.082986 -0.047451 0.32519 0.1721 -0.056099 0.28319 0.061472 -0.042324 0.40234 0.010903 -0.010133 0.066967 -0.055669 0.0098504 -0.0491 0.049454 0.0098504 -0.055284 -0.22519 0.056864 0.12654 0.1625 -0.18138 0.049785 -0.24756 -0.15087 0.2445 -0.0028257 -0.34749 0.061385 -0.27583 -0.1935 0.31866 -0.052939 -0.41185 0.077057 -0.18518 0.078749 -0.41048 0.03363 0.04328 -0.44338 -0.21738 0.1411 -0.73701 -0.007332 0.1156 -0.76679 -0.2984 0.13345 -0.78864 -0.00228 0.035438 -0.81532 0.0346 -0.11206 0.58493
-0.083296 -0.051418 0.32613 0.1756 -0.058833 0.28697 0.061145 -0.042056 0.40241 0.01115 -0.010191 0.066914 -0.055233 0.0093899 -0.049579 0.049129 0.0093899 -0.055623 -0.22735 0.060218 0.13267 0.13634 -0.1975 0.063736 -0.22482 -0.14647 0.24943 -0.051692 -0.33544 0.10447 -0.2506 -0.19037 0.31663 -0.10893 -0.39071 0.12729 -0.19052 0.077296 -0.40882 0.029505 0.042611 -0.44352 -0.2272 0.14215 -0.73431 -0.011541 0.11435 -0.76703 -0.30787 0.13878 -0.78214 -0.0079473 0.034512 -0.81583 0.039071 -0.11091 0.58595
-0.080476 -0.057076 0.32449 0.17649 -0.056825 0.28698 0.061942 -0.039988 0.4025 0.011772 -0.0097126 0.066869 -0.053575 0.0081687 -0.051419 0.048301 0.0081687 -0.056486 -0.22895 0.054197 0.13421 0.11658 -0.20722 0.075643 -0.19321 -0.14853 0.24596 -0.085547 -0.31684 0.13791 -0.2216 -0.20018 0.28069 -0.14516 -0.36211 0.17095 -0.19435 0.069416 -0.40951 0.022851 0.042243 -0.4439 -0.23862 0.13757 -0.73324 -0.019098 0.11286 -0.76752 -0.31999 0.13492 -0.77743 -0.021671 0.033917 -0.8171 0.0449 -0.11015 0.58604
-0.076067 -0.062997 0.32094 0.1744 -0.051768 0.28429 0.062742 -0.036293 0.40272 0.012506 -0.0088316 0.066858 -0.051593 0.0065184 -0.053663 0.04717 0.0065184 -0.057646 -0.23004 0.042682 0.13193 0.1026 -0.21127 0.083792 -0.15856 -0.15543 0.23485 -0.10472 -0.29872 0.16114 -0.1919 -0.21813 0.22961 -0.16375 -0.33254 0.20596 -0.19719 0.058035 -0.41138 0.015303 0.042058 -0.44446 -0.25011 0.1294 -0.73313 -0.027746 0.11134 -0.76822 -0.33333 0.12523 -0.7744 -0.039016 0.034057 -0.8192 0.04984 -0.10869 0.58574
-0.072612 -0.066639 0.31692 0.16951 -0.047016 0.28125 0.061866 -0.031471 0.40324 0.012932 -0.007809 0.066915 -0.050749 0.00489 -0.054745 0.046099 0.00489 -0.058712 -0.23035 0.033515 0.12784 0.092375 -0.21129 0.087094 -0.13005 -0.16275 0.21678 -0.11313 -0.28891 0.17553 -0.16653 -0.2342 0.19142 -0.17209 -0.30868 0.23084 -0.1995 0.048356 -0.41245 0.0095985 0.041802 -0.44505 -0.25901 0.12173 -0.73273 -0.033537 0.11022 -0.76902 -0.34379 0.11504 -0.77208 -0.052683 0.035473 -0.82212 0.050716 -0.10475 0.58606
-0.0718 -0.066514 0.31355 0.16237 -0.044519 0.27945 0.058418 -0.025934 0.40412 0.012813 -0.0068037 0.067052 -0.051793 0.003573 -0.053841 0.045398 0.003573 -0.059377 -0.22975 0.031541 0.12343 0.084682 -0.20892 0.085662 -0.11531 -0.16737 0.19511 -0.1143 -0.29118 0.18287 -0.15105 -0.24147 0.18348 -0.17482 -0.29638 0.24482 -0.2014 0.043558 -0.41167 0.0073072 0.041322 -0.44551 -0.26363 0.11724 -0.73141 -0.033983 0.1098 -0.76973 -0.34875 0.10789 -0.76993 -0.058132 0.038342 -0.82548 0.046166 -0.097666 0.58745
-0.073341 -0.063575 0.31122 0.15441 -0.042945 0.27885 0.053321 -0.019888 0.40515 0.012343 -0.0057386 0.067236 -0.053804 0.0024816 -0.051876 0.045257 0.0024816 -0.059525 -0.2286 0.034614 0.11904 0.080101 -0.20583 0.082412 -0.1184 -0.1692 0.17952 -0.11075 -0.29989 0.18588 -0.15213 -0.24026 0.19837 -0.17008 -0.29947 0.24888 -0.20216 0.042112 -0.41019 0.0072825 0.040708 -0.4456 -0.2645 0.1153 -0.72998 -0.03 0.11029 -0.77006 -0.34908 0.1031 -0.76846 -0.057244 0.041987 -0.82809 0.039046 -0.089354 0.58922
-0.076639 -0.059108 0.31022 0.14718 -0.04054 0.27917 0.047759 -0.013511 0.4061 0.011769 -0.0045076 0.067426 -0.055658 0.0014793 -0.049985 0.045837 0.0014793 -0.059072 -0.22725 0.039654 0.11481 0.07942 -0.20363 0.08055 -0.1424 -0.16858 0.18008 -0.10485 -0.30822 0.18733 -0.176 -0.23199 0.22512 -0.1554 -0.32107 0.24429 -0.20094 0.041858 -0.40943 0.0080401 0.040091 -0.4451 -0.26247 0.11484 -0.72939 -0.022963 0.11186 -0.76969 -0.34612 0.099434 -0.76828 -0.052756 0.045635 -0.82868 0.032743 -0.08203 0.59049
-0.080385 -0.053969 0.31029 0.14193 -0.036622 0.28006 0.043 -0.0069442 0.4068 0.011231 -0.0031162 0.067595 -0.056965 0.00049404 -0.048542 0.047036 0.00049404 -0.058118 -0.22557 0.044904 0.11093 0.082296 -0.20186 0.080641 -0.17791 -0.16594 0.19498 -0.098408 -0.31212 0.18788 -0.21248 -0.22043 0.25252 -0.13451 -0.3534 0.23423 -0.19732 0.041685 -0.40989 0.009299 0.039721 -0.44408 -0.2576 0.11522 -0.72997 -0.013644 0.11446 -0.76865 -0.34026 0.096476 -0.76944 -0.045957 0.049068 -0.82722 0.028898 -0.076281 0.59094
-0.082532 -0.048564 0.31064 0.13967 -0.031626 0.2811 0.040402 -0.00029265 0.40713 0.010755 -0.001687 0.067727 -0.058106 -0.00047836 -0.047119 0.048475 -0.00047836 -0.056952 -0.22286 0.05 0.10758 0.087194 -0.1979 0.080483 -0.20246 -0.16177 0.20997 -0.092711 -0.31053 0.18598 -0.23425 -0.21181 0.26911 -0.11774 -0.37717 0.2239 -0.19126 0.041573 -0.41107 0.012042 0.039982 -0.44293 -0.24918 0.11631 -0.73131 -0.0021889 0.11786 -0.76729 -0.33091 0.094637 -0.77142 -0.03661 0.052653 -0.82493 0.027319 -0.070986 0.59083
-0.081377 -0.043249 0.31052 0.14105 -0.026055 0.2819 0.041031 0.0063075 0.40703 0.010365 -0.00034347 0.06781 -0.059436 -0.0014273 -0.045334 0.04975 -0.0014273 -0.055887 -0.2186 0.054713 0.10496 0.092526 -0.18951 0.078036 -0.19652 -0.1566 0.21193 -0.088971 -0.30267 0.18036 -0.21756 -0.21147 0.26521 -0.11431 -0.37521 0.21795 -0.18294 0.041571 -0.41246 0.017174 0.041153 -0.44201 -0.23679 0.11796 -0.73299 0.011221 0.12175 -0.766 -0.31773 0.09431 -0.7737 -0.024534 0.056654 -0.823 0.027661 -0.065134 0.59042
-0.07824 -0.038139 0.30997 0.14419 -0.020498 0.28214 0.043599 0.012456 0.40666 0.01013 0.00082877 0.067841 -0.060783 -0.0022501 -0.043477 0.050338 -0.0022501 -0.055357 -0.21402 0.059348 0.10322 0.096753 -0.17821 0.073606 -0.16884 -0.1512 0.20142 -0.088236 -0.28886 0.17279 -0.17387 -0.21664 0.24541 -0.1225 -0.35128 0.21629 -0.17377 0.04185 -0.41383 0.024518 0.042678 -0.44175 -0.22251 0.12001 -0.73474 0.025872 0.12531 -0.76527 -0.30286 0.095383 -0.77603 -0.010527 0.060295 -0.82194 0.029041 -0.059246 0.58985
-0.075882 -0.033232 0.3094 0.14603 -0.015589 0.2816 0.045696 0.017627 0.40629 0.010136 0.0017623 0.067821 -0.061726 -0.0028002 -0.04216 0.049661 -0.0028002 -0.055856 -0.21111 0.064469 0.10248 0.098357 -0.16732 0.06862 -0.14165 -0.14643 0.18555 -0.091466 -0.26996 0.16649 -0.13137 -0.22072 0.22107 -0.13533 -0.3191 0.21656 -0.16576 0.042635 -0.41507 0.033382 0.043597 -0.44253 -0.20967 0.12226 -0.73635 0.0408 0.1275 -0.76564 -0.28959 0.097501 -0.7783 0.0041428 0.062308 -0.82191 0.030321 -0.054571 0.58922
-0.076305 -0.02858 0.30919 0.14471 -0.011813 0.28041 0.045612 0.021487 0.40611 0.010397 0.0024207 0.067761 -0.061999 -0.0029941 -0.041777 0.047551 -0.0029941 -0.057539 -0.21126 0.070388 0.10285 0.096903 -0.1592 0.064331 -0.13089 -0.14272 0.17059 -0.09846 -0.24761 0.16365 -0.11028 -0.21898 0.20146 -0.14695 -0.28963 0.2169 -0.16039 0.044003 -0.41608 0.042881 0.043292 -0.44444 -0.20051 0.12451 -0.73768 0.054903 0.1277 -0.76728 -0.28015 0.10021 -0.78043 0.018164 0.061875 -0.82278 0.030747 -0.051715 0.58872
-0.079047 -0.024399 0.3098 0.14237 -0.0091922 0.27994 0.043905 0.024325 0.4061 0.010688 0.0028662 0.067699 -0.061826 -0.002951 -0.042016 0.045154 -0.002951 -0.059482 -0.21372 0.076608 0.10427 0.095431 -0.15317 0.061424 -0.13196 -0.1391 0.16004 -0.10529 -0.22591 0.16312 -0.10492 -0.21289 0.18893 -0.15515 -0.26476 0.21712 -0.15728 0.045538 -0.41686 0.051521 0.042246 -0.44653 -0.1939 0.12648 -0.73876 0.066658 0.12663 -0.76924 -0.27321 0.10274 -0.78244 0.030086 0.059637 -0.82345 0.030799 -0.049207 0.58871
-0.083157 -0.020934 0.31166 0.14188 -0.0076495 0.28179 0.041576 0.026557 0.40617 0.01074 0.0031805 0.067676 -0.061532 -0.002831 -0.042428 0.043861 -0.002831 -0.060559 -0.21733 0.082462 0.10665 0.097625 -0.14795 0.060459 -0.13623 -0.13434 0.15679 -0.10735 -0.20943 0.16307 -0.10453 -0.20514 0.18439 -0.1585 -0.24463 0.21737 -0.15574 0.046727 -0.4174 0.057714 0.041156 -0.44765 -0.18805 0.12789 -0.73965 0.074485 0.12527 -0.77034 -0.26679 0.10426 -0.78438 0.038459 0.056522 -0.82263 0.031195 -0.045186 0.5896
-0.0878 -0.018238 0.31468 0.14435 -0.0067841 0.28634 0.039278 0.028573 0.40625 0.010477 0.0034371 0.067704 -0.061298 -0.0028041 -0.042756 0.044214 -0.0028041 -0.060318 -0.22155 0.086797 0.10977 0.10476 -0.14292 0.061594 -0.13791 -0.1287 0.16008 -0.10261 -0.20109 0.16239 -0.10256 -0.19804 0.18654 -0.15609 -0.23115 0.21734 -0.15532 0.047196 -0.4177 0.060978 0.040475 -0.44737 -0.18217 0.12846 -0.74039 0.078192 0.12426 -0.77012 -0.26006 0.10432 -0.78624 0.043112 0.053315 -0.82 0.032156 -0.03907 0.59133
-0.092302 -0.016097 0.31806 0.14836 -0.0057432 0.29226 0.037165 0.03074 0.40629 0.01009 0.0036977 0.06775 -0.06111 -0.0030544 -0.043016 0.04556 -0.0030544 -0.059255 -0.22664 0.087784 0.11321 0.11475 -0.13839 0.064416 -0.13521 -0.12457 0.16411 -0.092701 -0.20146 0.16091 -0.098345 -0.19342 0.191 -0.14781 -0.22879 0.21611 -0.15601 0.046758 -0.41778 0.062388 0.040318 -0.44626 -0.17685 0.12795 -0.74096 0.079537 0.12381 -0.76909 -0.25388 0.10305 -0.78789 0.045672 0.050594 -0.81652 0.033207 -0.032069 0.59322
-0.096047 -0.014223 0.32097 0.15231 -0.0038181 0.29813 0.035344 0.033337 0.40624 0.0097768 0.0040111 0.067778 -0.060933 -0.0037118 -0.043255 0.047174 -0.0037118 -0.057927 -0.23275 0.084231 0.11649 0.12519 -0.13476 0.068395 -0.1273 -0.12394 0.16333 -0.079666 -0.21069 0.15853 -0.09236 -0.19251 0.1937 -0.13389 -0.24158 0.21271 -0.15776 0.045391 -0.41766 0.06317 0.040682 -0.44493 -0.17266 0.12626 -0.74135 0.080465 0.12397 -0.76783 -0.24904 0.10075 -0.78921 0.047895 0.048806 -0.81323 0.03382 -0.025527 0.59457
-0.098932 -0.011733 0.32269 0.15468 -0.0023697 0.3027 0.033793 0.035701 0.40617 0.0095545 0.0042885 0.067793 -0.060642 -0.0042649 -0.043643 0.048524 -0.0042649 -0.056787 -0.23731 0.082973 0.11865 0.13327 -0.13287 0.07211 -0.1209 -0.1222 0.16001 -0.067345 -0.22588 0.15487 -0.09267 -0.19036 0.19679 -0.11804 -0.2662 0.20591 -0.15984 0.044822 -0.41745 0.064968 0.040505 -0.44382 -0.16825 0.12481 -0.74164 0.083388 0.12345 -0.76676 -0.24434 0.099732 -0.79033 0.051463 0.047025 -0.81056 0.03347 -0.020757 0.59524
-0.10118 -0.0073546 0.32263 0.15403 -0.0040944 0.30484 0.032407 0.036559 0.4062 0.0093251 0.0043519 0.067821 -0.060058 -0.0037882 -0.044431 0.049201 -0.0037882 -0.056216 -0.23606 0.096027 0.11844 0.13591 -0.13384 0.073563 -0.12765 -0.11051 0.16138 -0.060728 -0.24214 0.14943 -0.11225 -0.17806 0.20646 -0.1062 -0.29459 0.19435 -0.16107 0.047907 -0.41735 0.069692 0.038038 -0.44323 -0.16108 0.12599 -0.742 0.091018 0.1201 -0.76619 -0.23731 0.10356 -0.79148 0.058008 0.043442 -0.80858 0.031636 -0.019054 0.59547
-0.10291 -0.00041644 0.3205 0.14959 -0.010754 0.30385 0.031201 0.035013 0.40644 0.0090351 0.0040681 0.067878 -0.059039 -0.0017232 -0.045799 0.048979 -0.0017232 -0.056435 -0.22702 0.12798 0.11534 0.13125 -0.13822 0.071361 -0.1541 -0.08597 0.17178 -0.063373 -0.25497 0.1419 -0.15687 -0.15262 0.22512 -0.10323 -0.31881 0.17783 -0.16054 0.056379 -0.41755 0.078417 0.032131 -0.44336 -0.14948 0.13125 -0.74259 0.10483 0.11251 -0.7663 -0.22629 0.11434 -0.79291 0.068352 0.036839 -0.80727 0.028121 -0.021179 0.59547
-0.10367 0.0070588 0.31749 0.14379 -0.019831 0.30095 0.030733 0.03187 0.40674 0.0088392 0.0035101 0.067935 -0.057626 0.00081788 -0.047613 0.048432 0.00081788 -0.056943 -0.21843 0.14985 0.11216 0.12304 -0.14393 0.066845 -0.18389 -0.072483 0.1821 -0.072352 -0.26164 0.13303 -0.1997 -0.13796 0.23786 -0.10886 -0.33172 0.16145 -0.15854 0.066876 -0.41821 0.088467 0.024353 -0.44372 -0.13587 0.13776 -0.74357 0.12071 0.10274 -0.76664 -0.21337 0.12756 -0.79471 0.079692 0.028714 -0.80634 0.0242 -0.025516 0.59533
-0.10287 0.012308 0.31517 0.13989 -0.027628 0.29786 0.031707 0.028414 0.40692 0.0089484 0.0028082 0.067952 -0.05591 0.0022635 -0.049652 0.048352 0.0022635 -0.057038 -0.22137 0.12352 0.11261 0.11653 -0.14818 0.062116 -0.19437 -0.10124 0.17956 -0.082936 -0.25994 0.12382 -0.20499 -0.1653 0.22514 -0.12141 -0.32652 0.15177 -0.1557 0.07463 -0.41947 0.096135 0.017021 -0.44369 -0.12379 0.14148 -0.74509 0.13304 0.093778 -0.76657 -0.20165 0.1369 -0.79696 0.088229 0.021308 -0.8054 0.021547 -0.029795 0.59514
-0.10054 0.014051 0.31437 0.13942 -0.032088 0.29561 0.034183 0.025462 0.4069 0.0094025 0.0020774 0.067914 -0.054032 0.0019008 -0.051695 0.049056 0.0019008 -0.056439 -0.23864 0.038666 0.11927 0.11456 -0.14956 0.058456 -0.17508 -0.17839 0.16122 -0.091732 -0.25008 0.11553 -0.15922 -0.24057 0.18376 -0.1377 -0.30354 0.15139 -0.15258 0.077222 -0.42129 0.09954 0.011487 -0.44302 -0.11526 0.14049 -0.74712 0.13874 0.087212 -0.7659 -0.19296 0.13921 -0.79958 0.09191 0.01578 -0.80443 0.020848 -0.032704 0.59494
-0.097888 0.013814 0.31455 0.14053 -0.034256 0.2939 0.036996 0.022948 0.40679 0.0099174 0.0014038 0.06786 -0.052233 0.00064214 -0.053531 0.04996 0.00064214 -0.055658 -0.25738 -0.062425 0.13243 0.11538 -0.1493 0.055599 -0.13874 -0.26268 0.14274 -0.097871 -0.2368 0.10981 -0.090886 -0.32179 0.14152 -0.15173 -0.27672 0.1555 -0.14962 0.07667 -0.42325 0.10026 0.0072712 -0.44221 -0.1094 0.13681 -0.74926 0.13962 0.081951 -0.76529 -0.18665 0.13738 -0.80222 0.091987 0.011232 -0.804 0.020923 -0.034749 0.59475
-0.096211 0.013367 0.31497 0.14108 -0.035484 0.29227 0.038899 0.020714 0.40674 0.010187 0.00086577 0.067833 -0.050753 -0.00045773 -0.054956 0.050411 -0.00045773 -0.055268 -0.26374 -0.13355 0.15198 0.1168 -0.14888 0.053124 -0.10029 -0.3097 0.14092 -0.1008 -0.22528 0.10825 -0.032109 -0.36388 0.12807 -0.15756 -0.26081 0.15867 -0.14724 0.075409 -0.42491 0.10018 0.0037141 -0.44181 -0.10507 0.13285 -0.75109 0.13794 0.076667 -0.76541 -0.18184 0.13485 -0.80449 0.090045 0.0065852 -0.80475 0.020439 -0.036613 0.59458
-0.095705 0.013167 0.31523 0.14047 -0.036426 0.29062 0.039617 0.01869 0.40677 0.010154 0.0004676 0.067842 -0.049668 -0.0010354 -0.055936 0.050316 -0.0010354 -0.055349 -0.25679 -0.16356 0.1746 0.11778 -0.1489 0.050902 -0.068632 -0.31293 0.15559 -0.10071 -0.2188 0.11051 0.0046702 -0.36094 0.14395 -0.15571 -0.25835 0.15972 -0.14553 0.074425 -0.42614 0.10011 0.00054832 -0.44191 -0.10172 0.12955 -0.75251 0.13499 0.071092 -0.76633 -0.17808 0.13311 -0.80637 0.087007 0.0016204 -0.80657 0.019079 -0.038534 0.59444
-0.095627 0.012541 0.31512 0.13939 -0.03713 0.28912 0.039713 0.016884 0.40685 0.0099803 0.00014932 0.067867 -0.048911 -0.0013259 -0.056579 0.05007 -0.0013259 -0.055556 -0.24681 -0.1716 0.19419 0.11834 -0.14925 0.049057 -0.047434 -0.29863 0.17188 -0.098416 -0.21906 0.11458 0.024008 -0.34097 0.16455 -0.15233 -0.26134 0.16114 -0.14425 0.073457 -0.42707 0.099877 -0.0021529 -0.44215 -0.099372 0.12664 -0.75363 0.13115 0.065871 -0.76754 -0.17528 0.13197 -0.8081 0.083227 -0.0031401 -0.80875 0.017404 -0.040362 0.59431
-0.095357 0.011042 0.31461 0.13851 -0.037615 0.28791 0.039716 0.015302 0.40692 0.0098154 -0.00014241 0.06789 -0.048414 -0.0015537 -0.056993 0.050024 -0.0015537 -0.055583 -0.24251 -0.17595 0.20572 0.11867 -0.1497 0.04765 -0.038698 -0.29088 0.17694 -0.094315 -0.22728 0.11843 0.031536 -0.32949 0.16839 -0.15206 -0.26323 0.16474 -0.14318 0.072218 -0.42783 0.099347 -0.0043203 -0.44225 -0.098031 0.12383 -0.75462 0.12671 0.061411 -0.76859 -0.17339 0.1311 -0.80989 0.078964 -0.0073218 -0.81074 0.015935 -0.041963 0.59419
-0.095237 0.0098785 0.3145 0.13794 -0.037835 0.28695 0.039769 0.013914 0.40697 0.0096991 -0.00040597 0.067906 -0.048117 -0.0017549 -0.05724 0.050158 -0.0017549 -0.055456 -0.24042 -0.18317 0.21147 0.11997 -0.14948 0.046311 -0.035034 -0.29321 0.17338 -0.086139 -0.24218 0.12003 0.03611 -0.32933 0.15899 -0.14915 -0.26878 0.16724 -0.14213 0.070532 -0.42856 0.098715 -0.0059806 -0.4422 -0.09766 0.121 -0.75561 0.12142 0.05641 -0.76958 -0.17238 0.12984 -0.81164 0.074006 -0.011631 -0.81328 0.014775 -0.04338 0.59407
-0.09598 0.010896 0.31597 0.13762 -0.037721 0.28609 0.039864 0.012677 0.40701 0.0096285 -0.00061849 0.067915 -0.047965 -0.001893 -0.057366 0.050307 -0.001893 -0.055325 -0.23241 -0.19528 0.2165 0.12379 -0.14763 0.044505 -0.025431 -0.30123 0.16983 -0.07058 -0.26148 0.11743 0.047813 -0.33453 0.14955 -0.13383 -0.28714 0.16342 -0.1409 0.068266 -0.42937 0.09831 -0.0071978 -0.44212 -0.098201 0.11815 -0.75675 0.11483 0.048908 -0.77082 -0.17224 0.12738 -0.81314 0.067962 -0.017192 -0.8176 0.013863 -0.044724 0.59394
-0.097887 0.014841 0.31944 0.13742 -0.037291 0.28524 0.039963 0.011527 0.40704 0.00958 -0.00077766 0.067921 -0.047917 -0.0019438 -0.057405 0.050416 -0.0019438 -0.055237 -0.21704 -0.2093 0.2234 0.13065 -0.14386 0.042003 -0.007359 -0.30905 0.17144 -0.047173 -0.28237 0.11015 0.067886 -0.33907 0.14843 -0.10258 -0.32111 0.15115 -0.13922 0.065269 -0.43036 0.098144 -0.0080703 -0.44206 -0.099645 0.11531 -0.75815 0.10693 0.038213 -0.77238 -0.17292 0.12399 -0.81461 0.06075 -0.024505 -0.82388 0.013098 -0.046092 0.59378
-0.10019 0.019617 0.32349 0.13714 -0.036797 0.2844 0.039958 0.010351 0.40707 0.0094769 -0.00093443 0.067933 -0.047968 -0.0019164 -0.057363 0.050715 -0.0019164 -0.054961 -0.21025 -0.20944 0.22822 0.13823 -0.13957 0.039384 -0.00021055 -0.307 0.17442 -0.02279 -0.30064 0.10157 0.074713 -0.33674 0.15152 -0.068055 -0.35717 0.13637 -0.1366 0.061356 -0.43165 0.097411 -0.0087866 -0.4419 -0.10212 0.11269 -0.7598 0.098868 0.026901 -0.77374 -0.17419 0.12271 -0.81753 0.053102 -0.032463 -0.82961 0.012278 -0.047538 0.59362
-0.10198 0.022729 0.32645 0.13658 -0.03652 0.2836 0.039729 0.0090277 0.40714 0.0092358 -0.0011467 0.067963 -0.04812 -0.0018256 -0.057238 0.051468 -0.0018256 -0.054234 -0.23014 -0.17848 0.22618 0.14385 -0.13645 0.037333 -0.026102 -0.28521 0.17372 -0.0053136 -0.31198 0.095614 0.043897 -0.32157 0.15288 -0.045179 -0.3795 0.12612 -0.13254 0.056341 -0.43331 0.095199 -0.0095435 -0.44149 -0.10576 0.11053 -0.76167 0.091918 0.018007 -0.77432 -0.17578 0.12681 -0.82344 0.045863 -0.039721 -0.83192 0.011191 -0.049108 0.59347
-0.1031 0.023324 0.32783 0.13562 -0.03647 0.28283 0.039159 0.007529 0.40724 0.008819 -0.0014273 0.068013 -0.048379 -0.0016956 -0.057024 0.052619 -0.0016956 -0.053106 -0.27576 -0.11876 0.21814 0.14664 -0.13494 0.036074 -0.0837 -0.24526 0.16908 0.0022934 -0.31509 0.093753 -0.022755 -0.29447 0.1514 -0.039037 -0.38273 0.12339 -0.12699 0.050229 -0.43527 0.091345 -0.010362 -0.44086 -0.11032 0.10889 -0.76352 0.086334 0.012532 -0.77407 -0.17656 0.13245 -0.8313 0.039346 -0.04553 -0.83055 0.0097408 -0.050828 0.59336
-0.10424 0.022448 0.32854 0.13427 -0.036349 0.28211 0.038145 0.0059309 0.40737 0.0082419 -0.0017365 0.068078 -0.048761 -0.0015619 -0.056701 0.053743 -0.0015619 -0.051995 -0.32424 -0.05522 0.21149 0.14779 -0.13412 0.035291 -0.14456 -0.20205 0.16582 0.0027531 -0.31221 0.094613 -0.093136 -0.26436 0.15157 -0.043348 -0.37356 0.12643 -0.12042 0.043249 -0.43724 0.086542 -0.011058 -0.44029 -0.1151 0.10761 -0.76483 0.08118 0.0091296 -0.77357 -0.17444 0.12762 -0.83704 0.033253 -0.049831 -0.82823 0.0079655 -0.052691 0.5933
-0.10608 0.021137 0.32943 0.13255 -0.035876 0.28146 0.036618 0.004308 0.40754 0.0075325 -0.002035 0.06815 -0.049272 -0.001456 -0.056259 0.054437 -0.001456 -0.051295 -0.35364 -0.011605 0.2131 0.14846 -0.1331 0.034657 -0.18155 -0.16987 0.16888 -0.0010004 -0.30575 0.096717 -0.13669 -0.23993 0.1576 -0.051475 -0.35925 0.13317 -0.11338 0.035695 -0.43892 0.081504 -0.011462 -0.44003 -0.11942 0.10656 -0.76512 0.075563 0.0064303 -0.77336 -0.16778 0.10229 -0.83706 0.02729 -0.052638 -0.82758 0.0059421 -0.054698 0.59326
-0.10831 0.019406 0.33045 0.13074 -0.035099 0.28084 0.034868 0.0026673 0.40772 0.0068038 -0.0023098 0.068218 -0.049863 -0.0013695 -0.055738 0.054689 -0.0013695 -0.051026 -0.36165 0.010277 0.22176 0.14838 -0.13195 0.034028 -0.19273 -0.15109 0.17718 -0.0069779 -0.29826 0.099047 -0.15184 -0.22379 0.16835 -0.059248 -0.34601 0.14094 -0.10678 0.028335 -0.44017 0.076667 -0.011601 -0.44008 -0.12307 0.10561 -0.76454 0.069581 0.004025 -0.7735 -0.15974 0.068049 -0.83361 0.02151 -0.054252 -0.82874 0.0040135 -0.05691 0.59323
-0.11015 0.016724 0.331 0.12921 -0.034237 0.28022 0.033373 0.00098002 0.40786 0.0062139 -0.0025621 0.068267 -0.050454 -0.001273 -0.055207 0.054694 -0.001273 -0.05101 -0.35629 0.020207 0.23202 0.14653 -0.13124 0.033357 -0.18945 -0.1418 0.18647 -0.013689 -0.29233 0.10083 -0.15235 -0.21536 0.17982 -0.063799 -0.33947 0.14674 -0.10167 0.022185 -0.44092 0.072321 -0.01161 -0.44027 -0.12608 0.10465 -0.76355 0.063859 0.0020124 -0.77379 -0.156 0.047964 -0.83195 0.016147 -0.055129 -0.83053 0.0026632 -0.059417 0.59313
-0.11104 0.012862 0.33075 0.12829 -0.033462 0.27959 0.032506 -0.00077741 0.40794 0.0058766 -0.0027912 0.068289 -0.050981 -0.001146 -0.054724 0.054605 -0.001146 -0.051103 -0.34689 0.027953 0.23997 0.14302 -0.13123 0.032657 -0.1833 -0.13658 0.19399 -0.019154 -0.2898 0.10156 -0.15072 -0.21155 0.18913 -0.063177 -0.34245 0.14854 -0.098765 0.01796 -0.44115 0.068701 -0.011601 -0.44051 -0.12854 0.10368 -0.76255 0.05886 0.00048533 -0.77406 -0.16013 0.057099 -0.83561 0.011361 -0.05563 -0.832 0.0022569 -0.062247 0.59292
-0.1112 0.0086745 0.33025 0.128 -0.03278 0.27895 0.032274 -0.0026088 0.40795 0.0057458 -0.0029894 0.068291 -0.051432 -0.0010013 -0.054302 0.05443 -0.0010013 -0.051295 -0.347 0.042866 0.24732 0.14201 -0.13114 0.032172 -0.18613 -0.12485 0.20256 -0.019632 -0.28984 0.10165 -0.15458 -0.20038 0.1974 -0.058663 -0.34761 0.14778 -0.097374 0.015281 -0.44107 0.065855 -0.011593 -0.44078 -0.13059 0.103 -0.76156 0.054448 -0.00050106 -0.77431 -0.16813 0.081538 -0.84164 0.0070258 -0.055769 -0.83312 0.0027341 -0.065201 0.59268
-0.11103 0.0052463 0.33024 0.12828 -0.032156 0.27831 0.032599 -0.0045119 0.40792 0.0057406 -0.0031474 0.068284 -0.051809 -0.0008589 -0.053947 0.054143 -0.0008589 -0.051604 -0.37065 0.073855 0.25695 0.14851 -0.12996 0.032185 -0.20941 -0.095274 0.21612 -0.011037 -0.29101 0.1017 -0.17013 -0.16832 0.20657 -0.052231 -0.34546 0.14663 -0.096518 0.013527 -0.4409 0.063789 -0.011582 -0.44114 -0.13241 0.103 -0.76056 0.050355 -0.00089825 -0.77459 -0.17436 0.10107 -0.84565 0.0029546 -0.055479 -0.83405 0.0039396 -0.068031 0.59247
-0.11064 0.0028351 0.33093 0.12914 -0.031355 0.27766 0.033463 -0.0063716 0.40783 0.005835 -0.0032612 0.068271 -0.052151 -0.00073244 -0.053621 0.053739 -0.00073244 -0.052026 -0.40324 0.10909 0.26788 0.16312 -0.12715 0.032676 -0.23882 -0.058804 0.23145 0.0075157 -0.29285 0.1015 -0.1861 -0.12654 0.21525 -0.04406 -0.33409 0.14565 -0.095745 0.012312 -0.44074 0.062312 -0.011383 -0.44159 -0.13432 0.10371 -0.75953 0.046302 -0.00054346 -0.77492 -0.17644 0.10612 -0.84572 -0.0010246 -0.054635 -0.83489 0.0057748 -0.07047 0.59233
-0.10974 0.00041677 0.3318 0.13063 -0.029835 0.27699 0.034938 -0.0078989 0.40769 0.0060886 -0.0033352 0.068245 -0.052551 -0.00062521 -0.053229 0.053248 -0.00062521 -0.052529 -0.38582 0.10458 0.27309 0.17963 -0.12293 0.033141 -0.22005 -0.061005 0.2343 0.03196 -0.29641 0.099536 -0.16404 -0.12459 0.21687 -0.03155 -0.32328 0.14281 -0.095415 0.011621 -0.44046 0.060938 -0.010527 -0.44213 -0.13681 0.10467 -0.75844 0.042001 0.00090317 -0.77529 -0.17703 0.10366 -0.84369 -0.0050597 -0.05301 -0.83563 0.0082284 -0.072227 0.59225
-0.10802 -0.0030226 0.33226 0.13276 -0.027094 0.27625 0.037077 -0.0088045 0.40748 0.0065588 -0.0033725 0.068198 -0.053093 -0.00054073 -0.052683 0.052701 -0.00054073 -0.053079 -0.26346 0.019165 0.26556 0.1916 -0.11766 0.033083 -0.10265 -0.14473 0.21096 0.057701 -0.30262 0.094445 -0.068624 -0.20923 0.20501 -0.012391 -0.32298 0.13622 -0.095947 0.011481 -0.43995 0.059205 -0.0085761 -0.44273 -0.14033 0.10544 -0.75728 0.037189 0.00376 -0.77569 -0.17908 0.10177 -0.8416 -0.0092873 -0.050389 -0.83625 0.011273 -0.07303 0.59221
-0.10578 -0.0068943 0.33237 0.13526 -0.023522 0.27555 0.039581 -0.009001 0.40724 0.0071797 -0.0033515 0.068136 -0.053703 -0.00049671 -0.052059 0.052107 -0.00049671 -0.053663 -0.085884 -0.11362 0.24512 0.19726 -0.11256 0.03258 0.065895 -0.27707 0.16811 0.07879 -0.30945 0.088126 0.063327 -0.34644 0.18159 0.0086227 -0.33178 0.12849 -0.097556 0.012118 -0.4392 0.057322 -0.0058491 -0.44338 -0.1445 0.10663 -0.75601 0.032012 0.0078551 -0.77605 -0.18325 0.10465 -0.84012 -0.013717 -0.046783 -0.83674 0.014568 -0.072861 0.5922
-0.10374 -0.0094683 0.33258 0.13764 -0.020144 0.27505 0.041901 -0.0085444 0.40702 0.0077975 -0.0032334 0.068075 -0.054191 -0.00052097 -0.051556 0.051465 -0.00052097 -0.054279 0.022697 -0.20711 0.21649 0.19819 -0.10946 0.03212 0.16842 -0.37115 0.12692 0.08832 -0.31273 0.084802 0.14359 -0.44467 0.15445 0.021638 -0.34018 0.12543 -0.10031 0.013897 -0.43835 0.055977 -0.0032011 -0.44404 -0.14838 0.10956 -0.75462 0.026905 0.012668 -0.7763 -0.18861 0.11376 -0.8389 -0.01827 -0.042363 -0.83706 0.017549 -0.07189 0.59224
-0.10244 -0.0094134 0.33323 0.13952 -0.017819 0.27486 0.043634 -0.007525 0.40686 0.00829 -0.0029935 0.068029 -0.054412 -0.0006327 -0.051325 0.050775 -0.0006327 -0.054922 -0.031673 -0.19408 0.18543 0.19597 -0.10968 0.032058 0.11628 -0.35961 0.10528 0.081508 -0.30929 0.087588 0.10531 -0.43289 0.13112 0.0192 -0.34043 0.13129 -0.10412 0.017035 -0.43751 0.055708 -0.0013582 -0.44469 -0.15119 0.11515 -0.75314 0.02227 0.017741 -0.77635 -0.19399 0.12873 -0.83755 -0.022845 -0.037262 -0.8372 0.019806 -0.070311 0.59234
-0.10137 -0.007514 0.33398 0.14119 -0.016525 0.27485 0.045149 -0.0061896 0.40672 0.0087028 -0.0026814 0.06799 -0.054442 -0.00080694 -0.05129 0.050065 -0.00080694 -0.055568 -0.18365 -0.11032 0.16234 0.19184 -0.11181 0.032029 -0.029233 -0.27827 0.10311 0.06431 -0.30115 0.093811 -0.0061484 -0.34873 0.11701 0.0063703 -0.33422 0.14217 -0.10813 0.020993 -0.43673 0.05625 -0.00034351 -0.44532 -0.15308 0.12205 -0.75174 0.018317 0.022969 -0.77623 -0.19727 0.14041 -0.83557 -0.027261 -0.031403 -0.8373 0.021722 -0.068434 0.59243
-0.099716 -0.0052107 0.3343 0.14318 -0.015961 0.27479 0.047049 -0.0048327 0.40651 0.0091336 -0.0023691 0.067945 -0.054429 -0.0010051 -0.051298 0.04937 -0.0010051 -0.056184 -0.31848 -0.023608 0.15904 0.18691 -0.11358 0.031446 -0.16027 -0.19501 0.1147 0.046007 -0.29197 0.099007 -0.11057 -0.26358 0.11679 -0.0079058 -0.32623 0.15163 -0.11126 0.024999 -0.43606 0.057085 3.959e-05 -0.44591 -0.15448 0.12823 -0.75066 0.015197 0.028359 -0.77596 -0.19607 0.13697 -0.8324 -0.031305 -0.024645 -0.83751 0.023927 -0.066603 0.59243
-0.097144 -0.0033958 0.33397 0.14574 -0.01574 0.27461 0.049599 -0.0035363 0.40622 0.0096345 -0.0020849 0.067885 -0.054471 -0.0012107 -0.051248 0.048723 -0.0012107 -0.056742 -0.36482 0.020601 0.17615 0.18212 -0.11399 0.030288 -0.20843 -0.15443 0.13295 0.032592 -0.28435 0.1011 -0.15451 -0.22364 0.13004 -0.017921 -0.31997 0.15623 -0.11315 0.028431 -0.43549 0.057788 0.00010534 -0.44644 -0.15572 0.1327 -0.74988 0.012848 0.033943 -0.77556 -0.19037 0.116 -0.82818 -0.034769 -0.017221 -0.83781 0.026756 -0.064961 0.59229
-0.094297 -0.0018106 0.33343 0.14868 -0.015299 0.27452 0.052348 -0.0019376 0.40589 0.010163 -0.0017646 0.067817 -0.054574 -0.0014541 -0.051133 0.048153 -0.0014541 -0.057221 -0.34239 0.023667 0.19091 0.17797 -0.11465 0.029717 -0.18797 -0.15236 0.14772 0.023147 -0.27869 0.10304 -0.14064 -0.22236 0.14554 -0.024763 -0.31654 0.15883 -0.11491 0.030985 -0.43488 0.058124 0.00041422 -0.44689 -0.15689 0.13672 -0.74884 0.010769 0.039811 -0.77506 -0.1851 0.09482 -0.82449 -0.037444 -0.01015 -0.83784 0.029923 -0.063227 0.59205
-0.091921 -6.8206e-05 0.33322 0.15173 -0.014071 0.27478 0.054773 0.00036162 0.40557 0.010665 -0.0013365 0.067749 -0.054728 -0.0017692 -0.050959 0.047688 -0.0017692 -0.0576 -0.28216 -0.006754 0.17879 0.17497 -0.11733 0.030968 -0.12364 -0.17826 0.14901 0.016037 -0.27513 0.10822 -0.079317 -0.24646 0.15125 -0.030242 -0.31663 0.16292 -0.11783 0.032414 -0.43408 0.05789 0.0015363 -0.44725 -0.15803 0.14175 -0.74695 0.0084177 0.046048 -0.77445 -0.18563 0.092429 -0.82298 -0.039145 -0.0044986 -0.83721 0.033073 -0.061083 0.59177
-0.090228 0.0018698 0.33347 0.15468 -0.011889 0.27533 0.056723 0.0033234 0.40529 0.011122 -0.0008098 0.067684 -0.054924 -0.0021454 -0.050732 0.047342 -0.0021454 -0.057872 -0.21053 -0.05456 0.14052 0.17436 -0.12106 0.03373 -0.041627 -0.21656 0.13755 0.012748 -0.27349 0.11637 0.0070214 -0.28065 0.14586 -0.033371 -0.31854 0.16884 -0.12202 0.032916 -0.43308 0.057045 0.0035878 -0.4475 -0.15944 0.1476 -0.74435 0.0055878 0.052499 -0.77377 -0.19257 0.11057 -0.82347 -0.040117 -0.00032895 -0.83598 0.03603 -0.05846 0.59148
-0.088922 0.0037097 0.33399 0.15736 -0.0089668 0.27584 0.058401 0.006494 0.40501 0.011546 -0.00027109 0.067617 -0.055154 -0.0025298 -0.050464 0.047118 -0.0025298 -0.058039 -0.14956 -0.095599 0.10086 0.17804 -0.12218 0.036213 0.030572 -0.24695 0.12423 0.017742 -0.27331 0.12372 0.084367 -0.30778 0.13827 -0.030499 -0.3183 0.17388 -0.12654 0.033107 -0.432 0.055704 0.006253 -0.44764 -0.16156 0.1525 -0.74184 0.0023911 0.058777 -0.77305 -0.20202 0.13456 -0.82403 -0.041017 0.0032581 -0.83463 0.038787 -0.055538 0.59124
-0.08771 0.0052053 0.33459 0.15964 -0.0055847 0.276 0.060014 0.0094228 0.40471 0.011952 0.00019549 0.067548 -0.05541 -0.0028694 -0.050165 0.047006 -0.0028694 -0.058114 -0.11822 -0.10896 0.08211 0.18729 -0.1177 0.036827 0.068908 -0.25215 0.119 0.034331 -0.27419 0.12691 0.12288 -0.31321 0.13658 -0.018837 -0.31274 0.17565 -0.13055 0.03359 -0.43094 0.053941 0.0092336 -0.44768 -0.1648 0.15496 -0.74014 -0.0010806 0.064572 -0.77233 -0.21036 0.15092 -0.82289 -0.042477 0.0071206 -0.8336 0.041339 -0.052511 0.59107
-0.08646 0.0065382 0.33528 0.16161 -0.002373 0.2758 0.061708 0.011799 0.40439 0.012353 0.00054518 0.067474 -0.05567 -0.0031219 -0.049861 0.04694 -0.0031219 -0.058155 -0.11516 -0.098854 0.082646 0.19859 -0.10996 0.035826 0.074151 -0.23772 0.1221 0.056886 -0.27628 0.12638 0.12536 -0.30075 0.14037 -0.0024329 -0.30519 0.17445 -0.13431 0.034727 -0.42979 0.051498 0.012478 -0.44763 -0.16904 0.15589 -0.73901 -0.0049696 0.070151 -0.77163 -0.21724 0.15941 -0.82011 -0.044846 0.011558 -0.83281 0.043652 -0.049649 0.59097
-0.085111 0.0080739 0.33613 0.16344 -0.00011256 0.27533 0.063602 0.013371 0.40404 0.01276 0.00075019 0.067395 -0.05591 -0.00325 -0.049583 0.046826 -0.00325 -0.058239 -0.13026 -0.080258 0.090535 0.20632 -0.10357 0.034249 0.057738 -0.21904 0.1296 0.075938 -0.27998 0.12419 0.10862 -0.28215 0.14556 0.011732 -0.30172 0.17182 -0.13856 0.03678 -0.42841 0.047974 0.016038 -0.44756 -0.17393 0.15724 -0.7378 -0.0095188 0.076032 -0.77095 -0.22371 0.16548 -0.81654 -0.048351 0.016628 -0.83197 0.04568 -0.047248 0.5909
-0.083633 0.0099668 0.33713 0.16525 0.00071268 0.2747 0.065718 0.014029 0.40367 0.013175 0.00080352 0.067314 -0.056104 -0.0032414 -0.049365 0.046603 -0.0032414 -0.058417 -0.15418 -0.064457 0.096877 0.20702 -0.10163 0.032882 0.030608 -0.20682 0.13751 0.08455 -0.28473 0.12204 0.086449 -0.26612 0.14906 0.018678 -0.30566 0.16918 -0.14365 0.039801 -0.42673 0.043333 0.019807 -0.44749 -0.17904 0.16027 -0.73611 -0.014681 0.082411 -0.7703 -0.23036 0.17298 -0.81288 -0.052918 0.022199 -0.83088 0.047413 -0.045544 0.59083
-0.082082 0.011762 0.33789 0.16685 0.00047544 0.27401 0.067802 0.014061 0.40332 0.013558 0.00075791 0.067239 -0.056224 -0.0031567 -0.049234 0.046312 -0.0031567 -0.058654 -0.17998 -0.051943 0.1016 0.20337 -0.10267 0.031762 0.0021478 -0.19834 0.14176 0.083118 -0.28726 0.12054 0.06382 -0.25273 0.15058 0.019218 -0.31244 0.16768 -0.14886 0.04324 -0.42499 0.038594 0.023202 -0.44747 -0.18373 0.16434 -0.73419 -0.01957 0.088549 -0.7697 -0.23651 0.1812 -0.80941 -0.057604 0.027591 -0.82968 0.048949 -0.044587 0.59072
-0.080533 0.012906 0.338 0.16804 -0.00030355 0.27335 0.069555 0.013824 0.40303 0.013865 0.00067592 0.067178 -0.056242 -0.0030684 -0.049218 0.046006 -0.0030684 -0.058899 -0.20123 -0.041301 0.10621 0.19907 -0.10448 0.030791 -0.018697 -0.18857 0.13835 0.073376 -0.28387 0.12007 0.044072 -0.24049 0.15039 0.015205 -0.31612 0.16841 -0.1533 0.04645 -0.42349 0.034944 0.025574 -0.4475 -0.18733 0.16846 -0.73244 -0.023174 0.093554 -0.7692 -0.24124 0.18864 -0.80636 -0.061336 0.032043 -0.82854 0.050407 -0.044394 0.59054
-0.07903 0.01318 0.33737 0.1688 -0.0012897 0.27278 0.070887 0.013485 0.40282 0.014083 0.00058946 0.067134 -0.05617 -0.0030083 -0.049304 0.045728 -0.0030083 -0.059119 -0.21529 -0.031777 0.11143 0.19605 -0.10586 0.029912 -0.028971 -0.17593 0.12795 0.058105 -0.27421 0.12063 0.028667 -0.22902 0.14953 0.0085295 -0.31449 0.17136 -0.15653 0.049009 -0.42238 0.03279 0.026746 -0.44759 -0.18978 0.17204 -0.73101 -0.025233 0.097131 -0.76879 -0.24444 0.19455 -0.80378 -0.063784 0.035328 -0.82758 0.051865 -0.044949 0.59027
-0.077586 0.012798 0.33639 0.16934 -0.0023854 0.27226 0.071969 0.012973 0.40264 0.014245 0.00049135 0.0671 -0.056067 -0.0029568 -0.049424 0.045495 -0.0029568 -0.0593 -0.22433 -0.023462 0.11705 0.19397 -0.10693 0.029118 -0.033354 -0.16327 0.11715 0.041422 -0.26217 0.1217 0.016672 -0.21938 0.15006 0.00114 -0.30998 0.17518 -0.15871 0.050794 -0.42161 0.03155 0.027147 -0.44769 -0.19177 0.17504 -0.72977 -0.026449 0.099736 -0.76841 -0.24693 0.19919 -0.8015 -0.06557 0.037907 -0.82678 0.053354 -0.04619 0.5899
-0.07621 0.011998 0.33544 0.16989 -0.0035087 0.27178 0.072987 0.012203 0.40248 0.014383 0.00037191 0.06707 -0.055996 -0.0028908 -0.049509 0.045327 -0.0028908 -0.059432 -0.2308 -0.016504 0.12279 0.19232 -0.10791 0.028404 -0.03702 -0.15374 0.11291 0.027531 -0.2519 0.1227 0.0070022 -0.2127 0.15411 -0.005013 -0.30538 0.1784 -0.16006 0.051698 -0.42115 0.030576 0.027247 -0.44776 -0.19407 0.17747 -0.72856 -0.027586 0.10188 -0.76797 -0.24962 0.20287 -0.79934 -0.067378 0.040285 -0.82614 0.0549 -0.04805 0.58944
-0.074912 0.011022 0.33492 0.17067 -0.0045773 0.27133 0.07413 0.011088 0.4023 0.014532 0.00022144 0.067039 -0.056019 -0.0027872 -0.049489 0.045242 -0.0027872 -0.059501 -0.23719 -0.01105 0.12839 0.19062 -0.10898 0.027766 -0.045144 -0.15048 0.12218 0.020634 -0.24755 0.12309 -0.0014304 -0.21012 0.1638 -0.0079788 -0.30343 0.17956 -0.16079 0.051616 -0.42094 0.029222 0.027515 -0.44776 -0.19742 0.17932 -0.72724 -0.029409 0.10406 -0.76743 -0.25341 0.20591 -0.79713 -0.069892 0.042967 -0.82563 0.056532 -0.050467 0.58889
-0.073702 0.01011 0.33524 0.17191 -0.0055094 0.27089 0.075586 0.009541 0.40208 0.014724 3.0224e-05 0.066998 -0.056198 -0.0026232 -0.049294 0.045259 -0.0026232 -0.059496 -0.24597 -0.0072462 0.13356 0.18835 -0.11037 0.027198 -0.062901 -0.15664 0.15195 0.024936 -0.25327 0.12229 -0.0097122 -0.21278 0.18125 -0.0058068 -0.3069 0.17722 -0.16111 0.050443 -0.42094 0.026841 0.028419 -0.44762 -0.20257 0.18057 -0.72563 -0.032682 0.1068 -0.76669 -0.25921 0.20862 -0.79467 -0.073796 0.046456 -0.82525 0.058276 -0.053373 0.58824
