-0.12603 -0.062513 0.3014 0.13293 -0.011205 0.3214 0.00012573 -0.056309 0.40533 -0.0012761 -0.012019 0.067524 -0.056267 0.0076536 -0.048688 0.046295 0.0076536 -0.058251 -0.16827 -0.1021 0.041982 0.21377 -0.008897 0.068199 0.046982 -0.19165 -0.00060978 0.19241 -0.24484 0.074816 0.12113 -0.22735 0.0075539 0.16191 -0.31703 0.048413 -0.030812 0.099609 -0.42663 -0.0424 -0.040692 -0.43473 0.011542 0.067385 -0.75626 0.0029112 -0.12949 -0.75341 0.021492 -0.022265 -0.78126 0.023376 -0.20362 -0.80676 0.061406 -0.1307 0.57745
-0.13407 -0.032903 0.30423 0.12925 -0.030104 0.32059 -0.0080178 -0.053174 0.40561 -0.00321 -0.011556 0.067527 -0.054543 0.006103 -0.050834 0.048399 0.006103 -0.056714 -0.14219 -0.10752 0.051533 0.21925 -0.0039367 0.072187 0.04954 -0.22701 -0.016735 0.15481 -0.23041 0.059377 0.11585 -0.2754 -0.011486 0.11572 -0.29819 0.031876 -0.055393 0.084966 -0.43201 -0.057307 -0.012371 -0.42995 0.013304 0.02874 -0.75339 -0.053013 -0.11923 -0.74074 0.015945 -0.0669 -0.76666 -0.042174 -0.20019 -0.7907 0.049821 -0.13634 0.57592
-0.13582 -0.018815 0.30697 0.12991 -0.039367 0.32112 -0.0094867 -0.051913 0.40579 -0.0035475 -0.011345 0.067564 -0.055612 0.0046657 -0.049787 0.046959 0.0046657 -0.058039 -0.10404 -0.11358 0.058575 0.21993 -0.0074472 0.072993 0.073416 -0.2483 -0.023324 0.1297 -0.22459 0.039343 0.13508 -0.30346 -0.0177 0.083271 -0.28837 0.01498 -0.080541 0.079809 -0.43184 -0.11129 0.00091653 -0.41648 -0.004921 0.016743 -0.75093 -0.078127 -0.10516 -0.73545 -0.019022 -0.070154 -0.77809 -0.069987 -0.17981 -0.78887 0.027436 -0.13794 0.57891
-0.13437 -0.013283 0.31176 0.13421 -0.040865 0.32258 -0.0060695 -0.05155 0.4059 -0.0027345 -0.011385 0.067593 -0.05788 0.0036958 -0.047224 0.045797 0.0036958 -0.059047 -0.092363 -0.10329 0.063126 0.2193 -0.0094348 0.072718 0.075066 -0.24676 -0.024299 0.11524 -0.21445 0.013826 0.13678 -0.30173 -0.018447 0.065092 -0.27741 -0.004534 -0.097912 0.066645 -0.43015 -0.12801 0.012442 -0.41075 -0.017736 -0.013888 -0.7438 -0.094766 -0.088364 -0.73168 -0.044837 -0.091062 -0.7881 -0.091083 -0.16131 -0.78771 0.006391 -0.13631 0.5833
-0.13257 -0.0097684 0.32025 0.14122 -0.036985 0.32455 0.00026731 -0.05117 0.40596 -0.0012612 -0.011646 0.067582 -0.059861 0.0035205 -0.044728 0.048049 0.0035205 -0.057129 -0.13798 -0.062599 0.065833 0.22023 -0.0023404 0.073126 0.019224 -0.21583 -0.022528 0.10896 -0.19068 -0.016276 0.086582 -0.26314 -0.019208 0.05988 -0.25724 -0.027695 -0.10111 0.032227 -0.43041 -0.047752 0.033592 -0.42549 -0.0070837 -0.09321 -0.72955 -0.11842 -0.066603 -0.7256 -0.03225 -0.17143 -0.77494 -0.12604 -0.1534 -0.77791 -0.0034194 -0.13246 0.58616
-0.13143 -0.0053997 0.32963 0.14782 -0.03451 0.32626 0.0060409 -0.050424 0.40603 2.4193e-06 -0.011805 0.067575 -0.060998 0.0042336 -0.043085 0.051015 0.0042336 -0.054559 -0.20615 -0.0026746 0.0727 0.2207 0.0006121 0.073097 -0.058652 -0.16798 -0.011885 0.10306 -0.17466 -0.034866 0.015624 -0.20436 -0.0094234 0.050733 -0.23732 -0.045036 -0.10042 -0.00043117 -0.43102 0.046994 0.059653 -0.44193 -0.017546 -0.12134 -0.72798 -0.10615 -0.0091984 -0.73042 -0.031596 -0.206 -0.76538 -0.10635 -0.078518 -0.78652 -0.011287 -0.12924 0.58591
-0.13036 -0.00067783 0.33646 0.15207 -0.038448 0.32683 0.0095624 -0.049057 0.40614 0.00065621 -0.011545 0.067622 -0.061273 0.0053415 -0.042571 0.051031 0.0053415 -0.054461 -0.23507 0.039507 0.086428 0.21937 -0.012794 0.071089 -0.09709 -0.13637 0.005244 0.094126 -0.18583 -0.031848 -0.019556 -0.16488 0.010742 0.028749 -0.23061 -0.049674 -0.1065 -0.0061274 -0.42983 0.060557 0.080704 -0.43933 -0.083826 -0.01927 -0.75149 -0.033012 0.093906 -0.75301 -0.089316 -0.10621 -0.78584 0.0015938 0.095699 -0.82912 -0.02647 -0.12903 0.58252
-0.12704 2.8584e-05 0.34154 0.15783 -0.043193 0.32538 0.0158 -0.046337 0.40624 0.0020191 -0.010947 0.067681 -0.060858 0.0051639 -0.043174 0.049742 0.0051639 -0.055604 -0.18382 -0.0026158 0.094071 0.22334 -0.024486 0.068339 -0.064611 -0.17917 -0.0065987 0.097105 -0.1974 -0.032965 0.012861 -0.20819 -0.0066337 0.026323 -0.23526 -0.055423 -0.10893 -0.0025047 -0.42983 0.053202 0.094849 -0.43385 -0.13203 0.064271 -0.7638 0.0023525 0.16183 -0.7613 -0.13602 -0.022968 -0.79754 0.02463 0.17167 -0.84375 -0.032682 -0.13048 0.57816
-0.1215 -0.0030642 0.34561 0.16538 -0.045516 0.32209 0.025303 -0.042063 0.40625 0.004231 -0.010074 0.06772 -0.060025 0.0035801 -0.044486 0.04873 0.0035801 -0.056632 -0.11037 -0.078551 0.092681 0.23568 -0.028547 0.066287 -0.014673 -0.24861 -0.041236 0.11492 -0.19892 -0.045645 0.057517 -0.28806 -0.050791 0.048248 -0.24342 -0.066141 -0.10663 0.0016544 -0.43148 0.056613 0.10368 -0.43314 -0.14699 0.072599 -0.75637 -0.016665 0.17516 -0.75143 -0.15434 -0.0134 -0.79262 -0.04754 0.12727 -0.82172 -0.025112 -0.13169 0.57463
-0.11624 -0.0054826 0.34845 0.17109 -0.045961 0.31829 0.033626 -0.036706 0.40619 0.0061347 -0.0089491 0.067735 -0.059038 0.0020458 -0.045899 0.048593 0.0020458 -0.056846 -0.13244 -0.055314 0.090606 0.25357 -0.033515 0.066054 -0.049345 -0.22379 -0.055377 0.13788 -0.20033 -0.057001 0.0093441 -0.28029 -0.060032 0.070965 -0.24534 -0.075007 -0.10936 0.011592 -0.43232 0.053055 0.1106 -0.43145 -0.17705 0.06786 -0.75172 -0.020584 0.18167 -0.74826 -0.18743 -0.01292 -0.79776 -0.065756 0.11766 -0.80978 -0.013443 -0.13112 0.57282
-0.1129 -0.0073398 0.34905 0.17424 -0.043595 0.31604 0.038462 -0.031217 0.40622 0.0072886 -0.0077918 0.067762 -0.057703 0.0012787 -0.047569 0.049632 0.0012787 -0.055938 -0.18385 -0.00094631 0.090771 0.27054 -0.035196 0.068395 -0.10881 -0.17224 -0.054412 0.1678 -0.19548 -0.072494 -0.064127 -0.2422 -0.049869 0.099713 -0.23968 -0.088213 -0.1176 0.023861 -0.43207 0.045592 0.11754 -0.42792 -0.20796 0.069565 -0.75096 -0.016489 0.18851 -0.7485 -0.22878 -0.0037211 -0.80532 -0.06135 0.12751 -0.80436 -0.0027771 -0.12864 0.57273
-0.11157 -0.0091254 0.34765 0.17562 -0.037808 0.31573 0.040071 -0.026516 0.4064 0.007823 -0.0067947 0.06781 -0.056203 0.0011811 -0.049332 0.051109 0.0011811 -0.054598 -0.19329 0.0086976 0.093613 0.28182 -0.028793 0.072206 -0.12792 -0.16606 -0.052191 0.19634 -0.18276 -0.087082 -0.091454 -0.24028 -0.04511 0.13037 -0.23077 -0.10029 -0.12709 0.03362 -0.43123 0.041004 0.1247 -0.42414 -0.21758 0.074402 -0.75056 -0.022374 0.19448 -0.74466 -0.25205 0.005189 -0.80411 -0.071534 0.12659 -0.79711 0.0055058 -0.12484 0.5739
-0.11011 -0.0091923 0.34713 0.17663 -0.029628 0.31441 0.041728 -0.023084 0.40645 0.0083799 -0.0059634 0.067821 -0.055584 0.00079462 -0.050064 0.050774 0.00079462 -0.054914 -0.19802 0.013098 0.09857 0.28795 -0.017114 0.073388 -0.13561 -0.16431 -0.046052 0.19226 -0.17863 -0.067897 -0.10438 -0.24037 -0.037303 0.12618 -0.22712 -0.079255 -0.13173 0.039594 -0.43041 0.038147 0.13032 -0.42237 -0.2117 0.069034 -0.75282 -0.025606 0.21008 -0.74006 -0.23242 -0.0078984 -0.79991 -0.031592 0.16733 -0.80318 0.01337 -0.12073 0.57549
-0.10826 -0.0090013 0.34756 0.17685 -0.019874 0.31121 0.043951 -0.020312 0.40636 0.0090164 -0.0052436 0.067799 -0.055324 0.00076428 -0.050335 0.049326 0.00076428 -0.056227 -0.20595 0.022573 0.10235 0.28851 -0.0043553 0.0705 -0.13551 -0.15549 -0.037268 0.16981 -0.18228 -0.031801 -0.10372 -0.23133 -0.028661 0.10119 -0.22767 -0.040212 -0.13275 0.042511 -0.43008 0.035611 0.13518 -0.42186 -0.20028 0.057574 -0.75674 -0.026193 0.23357 -0.7349 -0.20139 -0.02265 -0.80483 0.021289 0.24165 -0.81591 0.020403 -0.11668 0.57687
-0.107 -0.011216 0.34706 0.17457 -0.0098587 0.3066 0.045287 -0.017398 0.40635 0.0094228 -0.0045818 0.067792 -0.054319 0.0020796 -0.05136 0.048875 0.0020796 -0.056586 -0.20344 0.023679 0.10154 0.28253 0.0060969 0.064217 -0.11633 -0.15276 -0.030103 0.1634 -0.18276 -0.018386 -0.07519 -0.22388 -0.027365 0.093378 -0.22659 -0.02095 -0.13518 0.043831 -0.43038 0.032677 0.14105 -0.42041 -0.19189 0.0529 -0.7594 -0.030745 0.25598 -0.7275 -0.20738 -0.0056488 -0.82612 0.0093184 0.29591 -0.8158 0.024365 -0.11276 0.57774
-0.10657 -0.014448 0.34444 0.16806 -0.0036215 0.29983 0.044798 -0.01553 0.40649 0.0095572 -0.0040348 0.067809 -0.053524 0.0027125 -0.052191 0.048809 0.0027125 -0.056615 -0.20177 0.021095 0.098952 0.27105 0.015218 0.05555 -0.1017 -0.15439 -0.02524 0.15987 -0.18066 -0.016929 -0.055392 -0.22318 -0.027361 0.090837 -0.22622 -0.015921 -0.13865 0.043639 -0.43038 0.029661 0.14638 -0.41847 -0.18696 0.053149 -0.76065 -0.029714 0.27612 -0.72033 -0.21849 0.014584 -0.84213 -0.0082349 0.28634 -0.79813 0.023278 -0.10989 0.57843
-0.10848 -0.017533 0.34274 0.16026 -0.0025223 0.29466 0.042089 -0.016773 0.40673 0.0093524 -0.003933 0.067844 -0.053374 0.001943 -0.052371 0.048575 0.001943 -0.056847 -0.21017 0.01905 0.09997 0.25888 0.020749 0.048957 -0.10648 -0.15693 -0.020327 0.15032 -0.18014 -0.014002 -0.061886 -0.22669 -0.022974 0.084405 -0.23008 -0.013164 -0.14169 0.042777 -0.42983 0.027457 0.14817 -0.41756 -0.18279 0.057034 -0.76094 -0.017715 0.29412 -0.71445 -0.21229 0.022186 -0.84333 0.0051802 0.23363 -0.77291 0.018235 -0.1076 0.58026
-0.11494 -0.020352 0.34888 0.15915 -0.0035469 0.29923 0.037854 -0.022571 0.40684 0.0087459 -0.0047153 0.067871 -0.053106 0.0014548 -0.052651 0.048447 0.0014548 -0.056975 -0.22613 0.015225 0.10982 0.25386 0.016086 0.051551 -0.12186 -0.16017 -0.010606 0.14454 -0.18578 -0.0080971 -0.0729 -0.22626 -0.013514 0.082209 -0.24012 -0.0063298 -0.14302 0.043464 -0.42962 0.02783 0.14325 -0.41946 -0.17544 0.067781 -0.76075 0.00096834 0.30958 -0.70781 -0.20234 0.035139 -0.8435 0.018748 0.22579 -0.76088 0.014034 -0.10363 0.58492
-0.119 -0.018944 0.35872 0.16496 -0.0031155 0.30707 0.037268 -0.02529 0.40674 0.0086422 -0.005142 0.067855 -0.052781 0.001241 -0.05299 0.048015 0.001241 -0.057341 -0.23634 0.0049368 0.12156 0.25395 0.0039244 0.056763 -0.12743 -0.17066 0.0053882 0.14145 -0.19746 0.0025931 -0.074195 -0.23393 0.00080168 0.07994 -0.2526 0.006264 -0.14067 0.047791 -0.42988 0.035973 0.13372 -0.42377 -0.16479 0.082494 -0.76128 0.027476 0.32354 -0.69825 -0.1961 0.059422 -0.84668 0.033989 0.2484 -0.75202 0.013975 -0.096895 0.58912
-0.11596 -0.011333 0.36476 0.17304 -0.0015071 0.31057 0.041997 -0.020073 0.40656 0.0094578 -0.004314 0.067801 -0.052482 0.00096064 -0.053301 0.047261 0.00096064 -0.057977 -0.23178 -0.011458 0.12591 0.25396 -0.010767 0.057717 -0.11582 -0.19267 0.025686 0.13473 -0.21147 0.017055 -0.067181 -0.25973 0.018266 0.069818 -0.26238 0.022239 -0.13507 0.055256 -0.43037 0.054362 0.11948 -0.4294 -0.14977 0.1 -0.76172 0.061724 0.33013 -0.68809 -0.18619 0.087867 -0.84889 0.062894 0.25081 -0.73507 0.017048 -0.088469 0.58997
-0.11731 -0.0049213 0.36487 0.17625 -0.0085 0.31669 0.040134 -0.019354 0.40677 0.0092955 -0.0041398 0.067837 -0.051332 0.001574 -0.054368 0.047923 0.001574 -0.057391 -0.22585 -0.019182 0.12242 0.25264 -0.028854 0.062767 -0.12295 -0.21685 0.043896 0.11948 -0.22128 0.025951 -0.078791 -0.28436 0.034009 0.051541 -0.26771 0.034111 -0.13326 0.059491 -0.43092 0.07443 0.089082 -0.43611 -0.12299 0.12999 -0.75592 0.093384 0.30554 -0.68999 -0.14162 0.098626 -0.8398 0.098805 0.22117 -0.73234 0.013867 -0.083 0.5916
-0.12374 -0.00058288 0.35848 0.16891 -0.023433 0.32005 0.030633 -0.023733 0.40738 0.0078116 -0.0049681 0.067969 -0.050118 0.0022405 -0.055481 0.049624 0.0022405 -0.055921 -0.22235 -0.014763 0.11204 0.24263 -0.051339 0.066179 -0.15298 -0.23374 0.054291 0.090608 -0.22758 0.021662 -0.10538 -0.29916 0.040773 0.021312 -0.27127 0.032904 -0.13811 0.061826 -0.43045 0.084605 0.042255 -0.44206 -0.093768 0.15832 -0.74683 0.115 0.25114 -0.70087 -0.099172 0.093053 -0.81438 0.12394 0.16786 -0.74318 0.001911 -0.082095 0.59362
-0.12554 0.0068 0.34683 0.15007 -0.035929 0.3072 0.023108 -0.022894 0.40794 0.0063374 -0.0054812 0.068085 -0.050679 0.0009889 -0.054988 0.050209 0.0009889 -0.055437 -0.21454 -0.0058209 0.096733 0.21493 -0.07717 0.052843 -0.17532 -0.23649 0.053731 0.04593 -0.23605 0.0036637 -0.12021 -0.30634 0.034189 -0.025309 -0.27692 0.014767 -0.14349 0.069627 -0.4281 0.074786 -0.0089466 -0.44431 -0.080829 0.15863 -0.74437 0.12356 0.19111 -0.70601 -0.13041 0.095904 -0.78048 0.11994 0.10914 -0.74648 -0.013262 -0.083655 0.59194
-0.12266 0.01536 0.33713 0.13418 -0.042024 0.29237 0.020637 -0.01911 0.40824 0.005769 -0.0052404 0.068151 -0.051673 -0.00046604 -0.05409 0.049684 -0.00046604 -0.055914 -0.20344 0.0070251 0.084043 0.18418 -0.09839 0.037484 -0.16309 -0.22269 0.046107 0.00041338 -0.24151 -0.0061914 -0.14114 -0.29229 0.033779 -0.07387 -0.27548 0.0056545 -0.12151 0.080485 -0.42819 0.048757 -0.050563 -0.44244 -0.067673 0.16282 -0.74693 0.11765 0.13471 -0.71296 -0.14711 0.1316 -0.78289 0.10457 0.047271 -0.7491 -0.023152 -0.083538 0.58953
-0.11878 0.023062 0.33353 0.12753 -0.043304 0.28664 0.021232 -0.016648 0.40832 0.005969 -0.0045315 0.068185 -0.051865 -0.00058042 -0.053902 0.048713 -0.00058042 -0.056759 -0.19277 0.023829 0.078242 0.16165 -0.11073 0.031855 -0.12456 -0.19865 0.036885 -0.03607 -0.23791 0.0014874 -0.17045 -0.25982 0.042425 -0.11365 -0.26143 0.016894 -0.071681 0.085636 -0.43274 0.018366 -0.072581 -0.43858 -0.041015 0.19089 -0.74783 0.096351 0.074484 -0.73054 -0.092288 0.18566 -0.82353 0.08217 -0.015453 -0.76564 -0.026445 -0.080318 0.58889
-0.11772 0.031222 0.33188 0.11569 -0.046521 0.28075 0.018944 -0.015681 0.4085 0.0054764 -0.0042692 0.068245 -0.052002 -0.0002102 -0.053763 0.047857 -0.0002102 -0.057494 -0.18595 0.041247 0.075182 0.14062 -0.11995 0.026435 -0.11944 -0.18214 0.030726 -0.07066 -0.22448 0.0040188 -0.16184 -0.24657 0.025872 -0.14982 -0.24285 0.020207 -0.048246 0.071886 -0.43723 0.000413 -0.074013 -0.43739 -0.012976 0.21077 -0.7388 0.058751 -0.01225 -0.7556 -0.049223 0.18465 -0.817 0.017997 -0.068954 -0.80369 -0.034193 -0.077933 0.58794
-0.11741 0.035702 0.33239 0.10939 -0.051179 0.27786 0.018351 -0.014503 0.40856 0.0050161 -0.0042902 0.068278 -0.052434 4.9683e-05 -0.053345 0.047964 4.9683e-05 -0.057396 -0.18165 0.051866 0.074978 0.12991 -0.12852 0.024392 -0.12958 -0.17615 0.036983 -0.09237 -0.2083 0.0042367 -0.12068 -0.25548 0.012064 -0.17169 -0.22657 0.018848 -0.045502 0.03669 -0.44142 -0.0021698 -0.069365 -0.43767 0.0097516 0.21458 -0.71856 0.0047258 -0.091838 -0.77098 -0.031643 0.14836 -0.77092 -0.067321 -0.1211 -0.8235 -0.038566 -0.075249 0.5874
-0.11382 0.032361 0.33654 0.12475 -0.052833 0.28453 0.026307 -0.011688 0.40816 0.006003 -0.0039662 0.06821 -0.052973 3.2667e-05 -0.05281 0.049542 3.2667e-05 -0.056024 -0.1768 0.05058 0.078941 0.14102 -0.13472 0.032204 -0.10796 -0.17449 0.059493 -0.087271 -0.19664 0.015206 -0.089919 -0.26354 0.044641 -0.1667 -0.21497 0.029156 -0.029525 0.0011771 -0.44465 0.0021437 -0.07382 -0.43583 0.027809 0.21659 -0.69492 -0.059861 -0.1157 -0.76149 -0.0082594 0.14257 -0.74384 -0.12398 -0.17714 -0.78944 -0.027114 -0.069695 0.58894
-0.10968 0.02997 0.33868 0.13541 -0.050823 0.287 0.033158 -0.0099692 0.40782 0.0070522 -0.0036108 0.068146 -0.052924 -8.2265e-05 -0.05286 0.051274 -8.2265e-05 -0.054474 -0.17281 0.048537 0.081158 0.15573 -0.13205 0.034735 -0.093577 -0.17502 0.072594 -0.075654 -0.1811 0.021073 -0.11387 -0.24464 0.073902 -0.15496 -0.20096 0.033293 -0.015509 0.040976 -0.43399 -0.0019441 -0.07229 -0.43373 0.049017 0.24087 -0.6905 -0.11018 -0.11332 -0.74761 0.020083 0.1689 -0.74162 -0.13541 -0.19205 -0.78344 -0.01639 -0.066276 0.59031
-0.10589 0.032955 0.33724 0.1315 -0.045248 0.2803 0.035839 -0.0085484 0.40761 0.0077112 -0.0030739 0.068099 -0.052289 -0.00053913 -0.053486 0.052059 -0.00053913 -0.053716 -0.16982 0.05122 0.079887 0.16299 -0.1192 0.0269 -0.10175 -0.17549 0.066868 -0.070101 -0.16017 0.014993 -0.17298 -0.20803 0.072728 -0.14872 -0.1838 0.024724 -0.013556 0.1329 -0.41543 -0.013082 -0.058601 -0.43359 0.07002 0.28341 -0.70064 -0.12581 -0.10022 -0.74565 0.043434 0.20663 -0.74679 -0.12163 -0.15499 -0.82106 -0.012433 -0.066363 0.58995
-0.10036 0.036877 0.33686 0.13188 -0.03646 0.27468 0.042033 -0.002434 0.407 0.0090901 -0.0016497 0.067956 -0.051926 -0.0019467 -0.053797 0.051758 -0.0019467 -0.053948 -0.1661 0.052965 0.079824 0.16893 -0.10202 0.020323 -0.10056 -0.17356 0.059043 -0.064156 -0.14397 0.008505 -0.18374 -0.19973 0.064724 -0.14138 -0.17231 0.018398 -0.015539 0.14135 -0.41644 -0.011729 -0.044856 -0.43609 0.073548 0.30826 -0.69009 -0.1022 -0.059817 -0.75553 0.050381 0.22848 -0.73289 -0.13006 -0.10811 -0.8187 -0.0029894 -0.065532 0.58834
-0.098386 0.03673 0.33789 0.13409 -0.027518 0.2723 0.046482 0.0041975 0.40659 0.0098413 -0.0006024 0.067887 -0.051768 -0.0031169 -0.053903 0.051806 -0.0031169 -0.053871 -0.16607 0.049228 0.081153 0.18241 -0.082526 0.016198 -0.094832 -0.17538 0.053875 -0.048535 -0.13521 0.0097946 -0.16835 -0.21171 0.058326 -0.12322 -0.16967 0.017485 -0.023082 0.10067 -0.42857 -0.0075502 -0.037503 -0.43763 0.054672 0.31558 -0.67299 -0.074638 -0.019628 -0.76465 0.035695 0.23168 -0.71075 -0.14708 -0.076272 -0.7937 0.0065968 -0.064468 0.58718
-0.10111 0.033676 0.33859 0.13178 -0.022799 0.2711 0.045225 0.0063218 0.40672 0.0091094 -0.00099315 0.067986 -0.051671 -0.0028906 -0.054007 0.052652 -0.0028906 -0.053077 -0.16983 0.043485 0.082002 0.19248 -0.068837 0.013247 -0.1016 -0.18208 0.049969 -0.035142 -0.13535 0.016337 -0.17589 -0.21682 0.053463 -0.10693 -0.17601 0.01554 -0.038978 0.092213 -0.43236 -0.011287 -0.034012 -0.43654 0.029757 0.31949 -0.66951 -0.070339 -0.00417 -0.76437 0.012742 0.23146 -0.70257 -0.14529 -0.060287 -0.78954 0.0092623 -0.064661 0.58725
-0.092854 0.042384 0.33739 0.13329 -0.026638 0.26883 0.050996 0.0067414 0.40592 0.009746 -0.0013486 0.067878 -0.05232 -0.0021085 -0.053422 0.05104 -0.0021085 -0.054593 -0.16176 0.054854 0.080994 0.14507 -0.085696 0.016008 -0.12369 -0.17498 0.045949 -0.082127 -0.15039 0.0067706 -0.20156 -0.20355 0.049499 -0.15436 -0.19016 -0.0011034 -0.056821 0.11884 -0.42282 -0.0050166 -0.019022 -0.43955 0.047902 0.32526 -0.66107 -0.057624 0.016723 -0.76703 0.028833 0.25663 -0.71605 -0.13163 -0.028095 -0.79747 0.013319 -0.063911 0.58617
-0.07656 0.058458 0.33532 0.13737 -0.038331 0.26634 0.061448 0.0045904 0.40456 0.01152 -0.0015886 0.067603 -0.053991 -0.00151 -0.051748 0.048005 -0.00151 -0.057345 -0.14479 0.078028 0.079173 0.081871 -0.11805 0.019476 -0.15078 -0.15576 0.04194 -0.14841 -0.16516 -0.010389 -0.22994 -0.17928 0.046857 -0.22414 -0.19745 -0.018464 -0.063356 0.15928 -0.40647 0.010064 0.0023862 -0.44522 0.095528 0.3166 -0.65441 -0.031883 0.04654 -0.77349 0.073012 0.29449 -0.74212 -0.11475 0.017798 -0.80579 0.018234 -0.063664 0.58452
-0.069601 0.063744 0.3348 0.13481 -0.052348 0.26617 0.062608 -0.0032215 0.4044 0.011719 -0.0027481 0.067533 -0.056433 -0.001298 -0.049056 0.04735 -0.001298 -0.057738 -0.13646 0.089605 0.078842 0.098415 -0.12557 0.013547 -0.16746 -0.14279 0.038811 -0.13571 -0.15496 -0.0081177 -0.24736 -0.16256 0.04601 -0.21434 -0.18001 -0.0089358 -0.05406 0.18418 -0.3952 0.016418 0.011467 -0.44637 0.10983 0.27322 -0.67085 -0.01409 0.064513 -0.77478 0.086443 0.30188 -0.75977 -0.099783 0.047911 -0.80822 0.015949 -0.067529 0.58496
-0.070828 0.061813 0.33435 0.1272 -0.060982 0.26595 0.057769 -0.010382 0.40502 0.010822 -0.0038669 0.067628 -0.059024 -0.00072996 -0.045961 0.046043 -0.00072996 -0.059218 -0.13698 0.090745 0.078545 0.1224 -0.12289 0.0071039 -0.18022 -0.1379 0.034795 -0.11352 -0.14051 -0.0066583 -0.26053 -0.15589 0.042958 -0.19346 -0.16075 0.00059025 -0.08941 0.17867 -0.38736 0.015301 0.016984 -0.44731 0.072997 0.24078 -0.67244 0.00056182 0.077789 -0.77519 0.044111 0.27097 -0.75201 -0.088396 0.067357 -0.80547 0.0085307 -0.071949 0.58586
-0.074476 0.058968 0.33343 0.12162 -0.063767 0.26581 0.053276 -0.013343 0.40555 0.0099486 -0.0043155 0.067735 -0.060406 0.00019157 -0.044164 0.045192 0.00019157 -0.060219 -0.14085 0.088378 0.07773 0.10469 -0.128 0.0083412 -0.19206 -0.13846 0.032343 -0.13057 -0.14072 -0.016673 -0.27243 -0.15627 0.039933 -0.21063 -0.15825 -0.0053859 -0.17864 0.15134 -0.37998 0.017182 0.026323 -0.44806 -0.0051099 0.24316 -0.65017 0.022699 0.092758 -0.77513 -0.048617 0.22746 -0.72814 -0.067996 0.083799 -0.80477 0.0019818 -0.073433 0.58634
-0.077134 0.054982 0.33464 0.12718 -0.071928 0.27184 0.051253 -0.017321 0.40564 0.0095501 -0.00494 0.067747 -0.058542 -1.68e-05 -0.046424 0.054594 -1.68e-05 -0.049139 -0.14267 0.086018 0.078938 0.11277 -0.13656 0.014752 -0.19069 -0.14287 0.040913 -0.12248 -0.14862 -0.011842 -0.27125 -0.16003 0.049935 -0.20277 -0.16366 0.0012428 -0.2234 0.13852 -0.37491 0.036183 0.03134 -0.43737 -0.095002 0.23854 -0.66495 0.058502 0.10093 -0.76334 -0.15659 0.22613 -0.73244 -0.0085787 0.091671 -0.81822 0.0025261 -0.072373 0.5886
-0.079314 0.051202 0.33725 0.13862 -0.083988 0.283 0.050162 -0.021761 0.40558 0.0093649 -0.0056438 0.06772 -0.05517 -0.00063011 -0.050522 0.067184 -0.00063011 -0.033216 -0.1433 0.085014 0.081493 0.14328 -0.14626 0.024594 -0.18032 -0.14777 0.056705 -0.092521 -0.15838 0.0041872 -0.26047 -0.1646 0.067788 -0.17289 -0.17005 0.019754 -0.22088 0.14096 -0.37347 0.067902 0.032368 -0.42159 -0.19106 0.21846 -0.6969 0.10787 0.10241 -0.74559 -0.26792 0.23983 -0.74651 0.073818 0.090113 -0.83275 0.0055888 -0.070758 0.59141
-0.082139 0.050331 0.33908 0.14466 -0.094116 0.29461 0.047429 -0.024036 0.40579 0.0088881 -0.006015 0.067754 -0.053099 -0.00016068 -0.052755 0.070931 -0.00016068 -0.025377 -0.1448 0.086783 0.083342 0.1566 -0.15838 0.036799 -0.17351 -0.14821 0.070004 -0.078945 -0.16722 0.013989 -0.2528 -0.16517 0.081175 -0.15868 -0.17428 0.034144 -0.21561 0.14283 -0.37638 0.099126 0.032897 -0.41259 -0.28261 0.19955 -0.6977 0.16571 0.099214 -0.73299 -0.36742 0.2205 -0.73404 0.14793 0.078562 -0.82673 0.0031993 -0.070187 0.59246
-0.081657 0.054836 0.34061 0.14365 -0.10917 0.30534 0.043607 -0.027681 0.40597 0.0081253 -0.0067266 0.067779 -0.051046 0.00070357 -0.054631 0.072591 0.00070357 -0.018108 -0.14123 0.096154 0.084891 0.1576 -0.17712 0.048807 -0.17404 -0.13837 0.079483 -0.078283 -0.1755 0.02146 -0.25713 -0.14844 0.092382 -0.15815 -0.17669 0.043869 -0.19706 0.14977 -0.38406 0.12527 0.027284 -0.4035 -0.29405 0.20067 -0.69967 0.22208 0.080652 -0.71844 -0.3801 0.2186 -0.73086 0.22665 0.046593 -0.80213 -0.0022097 -0.068618 0.59343
-0.082028 0.058114 0.34162 0.13632 -0.11955 0.30851 0.039277 -0.030947 0.40618 0.0073975 -0.007393 0.067796 -0.048907 0.0014398 -0.05657 0.073711 0.0014398 -0.014236 -0.13886 0.10321 0.0859 0.15412 -0.1885 0.052438 -0.17737 -0.13058 0.083492 -0.08143 -0.18453 0.022553 -0.26062 -0.13987 0.095661 -0.16171 -0.18481 0.043356 -0.17287 0.15307 -0.39384 0.13647 0.019435 -0.39858 -0.23147 0.20941 -0.7175 0.25835 0.06036 -0.70671 -0.31618 0.23329 -0.74948 0.29129 0.01303 -0.77919 -0.0096163 -0.066987 0.59391
-0.094539 0.047023 0.34075 0.12469 -0.10044 0.29422 0.034529 -0.026498 0.40687 0.0071383 -0.0065442 0.067903 -0.048484 0.0021512 -0.056905 0.067425 0.0021512 -0.02867 -0.1549 0.086507 0.085041 0.14692 -0.16495 0.03733 -0.176 -0.1502 0.079704 -0.083617 -0.19509 0.0034556 -0.2354 -0.19421 0.077462 -0.16206 -0.20904 0.021843 -0.17854 0.1287 -0.40018 0.11954 0.022781 -0.41423 -0.19512 0.18645 -0.72887 0.25382 0.07407 -0.71546 -0.2813 0.19687 -0.76216 0.28995 0.022557 -0.78639 -0.020773 -0.069324 0.59111
-0.10681 0.035051 0.33849 0.11611 -0.074376 0.27832 0.030923 -0.020664 0.40756 0.0068946 -0.0054257 0.068036 -0.048663 0.0023692 -0.056781 0.06108 0.0023692 -0.043789 -0.17141 0.067847 0.082716 0.13849 -0.13403 0.020274 -0.19351 -0.1671 0.07751 -0.08581 -0.20209 -0.018614 -0.21641 -0.24659 0.058265 -0.1625 -0.22869 -0.0016827 -0.20581 0.096238 -0.40211 0.095012 0.025454 -0.43147 -0.17899 0.15859 -0.72943 0.23454 0.095362 -0.72672 -0.26396 0.15097 -0.76794 0.26522 0.049411 -0.80208 -0.028265 -0.07137 0.58883
-0.10553 0.035169 0.3363 0.11685 -0.066229 0.2757 0.031223 -0.02012 0.40759 0.0066035 -0.0053489 0.068075 -0.04898 0.0018797 -0.056598 0.061786 0.0018797 -0.042689 -0.1698 0.068055 0.080417 0.13393 -0.12509 0.017085 -0.23414 -0.15772 0.080851 -0.086451 -0.20286 -0.026207 -0.22168 -0.23669 0.054869 -0.16365 -0.22789 -0.0094881 -0.21768 0.088061 -0.40129 0.083398 0.015382 -0.43167 -0.15319 0.15541 -0.72508 0.22724 0.094779 -0.72245 -0.23146 0.14583 -0.77423 0.26209 0.057351 -0.80105 -0.025139 -0.069473 0.5901
-0.098162 0.034396 0.33574 0.12545 -0.061415 0.27515 0.038704 -0.019449 0.40691 0.0077379 -0.0052143 0.067949 -0.052808 0.0015867 -0.052803 0.062588 0.0015867 -0.040649 -0.16337 0.065607 0.080119 0.14123 -0.11962 0.016251 -0.23311 -0.16309 0.071821 -0.074312 -0.20529 -0.030367 -0.17804 -0.2254 0.04496 -0.15158 -0.22979 -0.014135 -0.16193 0.12028 -0.40069 0.073655 0.0038383 -0.43031 -0.1392 0.14999 -0.72496 0.21656 0.094743 -0.71802 -0.21749 0.14483 -0.77976 0.24231 0.054598 -0.79736 -0.014659 -0.069048 0.59022
-0.095269 0.028715 0.33541 0.13226 -0.053156 0.27315 0.044651 -0.017443 0.40643 0.0090075 -0.004788 0.067834 -0.056272 0.0021451 -0.049239 0.060948 0.0021451 -0.043297 -0.1617 0.056728 0.079601 0.15356 -0.10846 0.014036 -0.17572 -0.17865 0.053303 -0.056159 -0.20903 -0.031357 -0.11286 -0.2295 0.029758 -0.13138 -0.24002 -0.016463 -0.084141 0.16171 -0.40329 0.059559 -0.005796 -0.43302 -0.15005 0.12872 -0.72825 0.1926 0.10231 -0.71955 -0.22592 0.11449 -0.78185 0.19737 0.051964 -0.79818 -0.007165 -0.071788 0.58884
-0.10339 0.02362 0.33277 0.12695 -0.045155 0.2739 0.036594 -0.01684 0.40719 0.0078367 -0.0046379 0.067982 -0.052291 0.0035533 -0.053092 0.059231 0.0035533 -0.045609 -0.16773 0.051588 0.075747 0.15625 -0.095761 0.014651 -0.10295 -0.17098 0.043469 -0.049375 -0.20797 -0.021694 -0.11522 -0.22707 0.027546 -0.12078 -0.24736 -0.0084909 -0.078564 0.1628 -0.40997 0.042211 -0.017193 -0.43447 -0.17745 0.10209 -0.72828 0.15515 0.10666 -0.72324 -0.23051 0.053123 -0.78036 0.14801 0.052746 -0.80067 -0.0125 -0.075286 0.58909
-0.10967 0.021429 0.33116 0.12232 -0.039842 0.27525 0.029701 -0.016564 0.40784 0.0068389 -0.0045495 0.068106 -0.048063 0.0043265 -0.057272 0.058609 0.0043265 -0.046248 -0.18398 0.036628 0.077133 0.15546 -0.08706 0.015775 -0.087009 -0.17715 0.041568 -0.047871 -0.20534 -0.013064 -0.13542 -0.24518 0.027045 -0.11712 -0.24892 -0.00092075 -0.089491 0.15761 -0.41285 0.022268 -0.025031 -0.4332 -0.17421 0.1117 -0.73058 0.1066 0.099092 -0.73153 -0.21271 0.047076 -0.78736 0.095282 0.039089 -0.80172 -0.017193 -0.076934 0.58968
-0.10769 0.021936 0.33184 0.12393 -0.038447 0.27441 0.032174 -0.015968 0.40765 0.0074559 -0.0043834 0.068049 -0.048191 0.0038412 -0.057133 0.058955 0.0038412 -0.04585 -0.20626 0.0099774 0.085981 0.1553 -0.08496 0.014594 -0.13776 -0.21172 0.040181 -0.047386 -0.20446 -0.013569 -0.13405 -0.28798 0.018489 -0.11756 -0.2465 -0.0015631 -0.068834 0.16282 -0.41238 0.002603 -0.026499 -0.4303 -0.1289 0.15976 -0.73962 0.050233 0.07932 -0.74353 -0.17857 0.12137 -0.80723 0.03422 0.0069857 -0.80007 -0.01489 -0.076787 0.58929
-0.10825 0.0227 0.33104 0.11882 -0.040196 0.27132 0.030946 -0.016425 0.40775 0.0073079 -0.00441 0.068065 -0.047383 0.0033286 -0.057722 0.058978 0.0033286 -0.045966 -0.2211 -0.0045565 0.091015 0.14973 -0.086302 0.011365 -0.16303 -0.22779 0.032614 -0.054057 -0.20426 -0.016885 -0.14449 -0.30746 0.0089749 -0.12528 -0.24478 -0.0050201 -0.046602 0.13642 -0.42355 -0.010514 -0.025859 -0.42856 -0.096837 0.18114 -0.75219 -0.0089294 0.059151 -0.75085 -0.16269 0.17415 -0.82641 -0.036579 -0.018135 -0.79723 -0.018159 -0.078239 0.58864
-0.10958 0.022518 0.33327 0.12311 -0.035735 0.27454 0.030939 -0.015531 0.40776 0.0070468 -0.0042622 0.0681 -0.045235 0.002785 -0.059514 0.059876 0.002785 -0.04472 -0.22344 -0.013781 0.095962 0.15691 -0.079857 0.01462 -0.14313 -0.2284 0.036227 -0.044393 -0.20154 -0.013902 -0.14576 -0.30883 0.017352 -0.11406 -0.24456 -0.0025055 -0.044581 0.091047 -0.43926 -0.01401 -0.018512 -0.42682 -0.080094 0.17858 -0.7592 -0.051586 0.053588 -0.75077 -0.14365 0.16763 -0.8242 -0.081284 -0.023064 -0.79507 -0.015591 -0.076617 0.58943
-0.10534 0.02156 0.34244 0.15311 -0.018423 0.28957 0.041266 -0.010849 0.40693 0.0082473 -0.0035635 0.067997 -0.043845 0.0016802 -0.0606 0.062941 0.0016802 -0.040228 -0.2162 -0.032707 0.10745 0.19169 -0.058704 0.029707 -0.10681 -0.2374 0.064895 0.00026064 -0.19431 -0.0014798 -0.10673 -0.31853 0.051384 -0.064533 -0.2443 0.009169 -0.064962 0.06345 -0.44504 -0.0093422 -0.00067427 -0.42308 -0.057762 0.184 -0.75473 -0.060995 0.069779 -0.7456 -0.091235 0.12054 -0.79255 -0.071112 -0.0088586 -0.79357 0.0059109 -0.067266 0.5924
-0.099909 0.021697 0.34583 0.17292 -0.0041703 0.29834 0.049348 -0.0066307 0.40626 0.0094281 -0.0030557 0.067885 -0.042864 0.00032503 -0.061284 0.065272 0.00032503 -0.036621 -0.21021 -0.044305 0.113 0.21572 -0.041727 0.038686 -0.086623 -0.24505 0.080822 0.031642 -0.18721 0.0030864 -0.070967 -0.32636 0.068241 -0.029017 -0.24278 0.012655 -0.076962 0.058455 -0.44504 -0.0054456 0.012688 -0.41985 -0.04213 0.18899 -0.75137 -0.053247 0.087296 -0.74186 -0.049893 0.091051 -0.77063 -0.062232 0.0059939 -0.78718 0.020432 -0.059968 0.59412
-0.097833 0.024925 0.34306 0.17059 0.0041354 0.2956 0.050263 -0.0033965 0.40614 0.0097982 -0.0025806 0.067847 -0.041904 -0.00093265 -0.061945 0.065891 -0.00093265 -0.0354 -0.20727 -0.045707 0.11137 0.21679 -0.031592 0.036291 -0.077901 -0.24127 0.074185 0.038175 -0.18205 -0.0048313 -0.059116 -0.32143 0.060064 -0.019983 -0.24027 0.0036412 -0.065064 0.062244 -0.44572 -0.0052051 0.015626 -0.41832 -0.040279 0.19068 -0.75313 -0.051496 0.089498 -0.7408 -0.038308 0.09708 -0.76875 -0.07558 0.0080879 -0.78064 0.022021 -0.057805 0.59369
-0.099932 0.030851 0.34621 0.16804 0.018482 0.29326 0.050863 0.0028315 0.40604 0.0098767 -0.0010427 0.067866 -0.04125 -0.0020455 -0.062414 0.066357 -0.0020455 -0.034544 -0.20076 -0.052157 0.11399 0.21841 -0.013141 0.034221 -0.046801 -0.22542 0.071093 0.053952 -0.17667 -0.013106 -0.055328 -0.30304 0.060331 -0.00078772 -0.23809 -0.0051387 -0.043348 0.052331 -0.45 -0.004144 0.015978 -0.41753 -0.047024 0.19758 -0.75107 -0.072483 0.074281 -0.73837 -0.034678 0.10727 -0.7605 -0.08131 -0.0030782 -0.78727 0.030441 -0.0544 0.59354
-0.096753 0.02519 0.33917 0.16691 0.025103 0.29212 0.050797 0.0098309 0.406 0.0096478 0.00086853 0.067911 -0.042406 -0.0040055 -0.061453 0.065455 -0.0040055 -0.035902 -0.20353 -0.052969 0.10948 0.21896 -0.0047643 0.033187 -0.036678 -0.21482 0.06326 0.059839 -0.17262 -0.018067 -0.070087 -0.29124 0.055544 0.0054867 -0.23444 -0.010275 -0.06483 0.037696 -0.44694 -0.0028399 0.021777 -0.41876 -0.059844 0.19851 -0.73838 -0.086525 0.069248 -0.7386 -0.038128 0.10775 -0.74866 -0.084105 -0.0040451 -0.79664 0.038481 -0.048934 0.59396
-0.083386 0.0021544 0.31334 0.16341 0.014092 0.28992 0.04881 0.014398 0.40611 0.0091659 0.0021221 0.06795 -0.04574 -0.0069856 -0.058707 0.062501 -0.0069856 -0.040358 -0.22151 -0.038391 0.091671 0.21278 -0.019554 0.030942 -0.076842 -0.21898 0.043254 0.038773 -0.1714 -0.020585 -0.1043 -0.29718 0.033271 -0.02086 -0.2281 -0.013036 -0.14539 0.031553 -0.43075 -0.0022399 0.034545 -0.42241 -0.075474 0.18684 -0.71546 -0.071721 0.089857 -0.74417 -0.051623 0.099835 -0.74128 -0.093907 0.017984 -0.79785 0.037015 -0.043266 0.59443
-0.072177 -0.01597 0.29808 0.1605 0.0046564 0.2878 0.048027 0.016676 0.40611 0.0090851 0.0025279 0.067945 -0.048429 -0.0087264 -0.056393 0.060184 -0.0087264 -0.043665 -0.23093 -0.022305 0.083416 0.20775 -0.032217 0.028836 -0.10521 -0.21772 0.034016 0.022437 -0.17113 -0.023116 -0.11808 -0.29802 0.022274 -0.042666 -0.22168 -0.015823 -0.19738 0.029741 -0.417 0.00021606 0.043302 -0.42537 -0.086699 0.18149 -0.69481 -0.059073 0.1039 -0.74845 -0.066855 0.098958 -0.73196 -0.1012 0.035641 -0.79885 0.035898 -0.039651 0.59476
-0.06682 -0.022609 0.29742 0.15898 0.0021622 0.28629 0.048748 0.017692 0.40598 0.0093765 0.0024003 0.067911 -0.049919 -0.0088202 -0.055005 0.058947 -0.0088202 -0.045197 -0.22883 -0.0098775 0.087039 0.20588 -0.035812 0.027426 -0.10669 -0.20679 0.037236 0.018203 -0.1705 -0.025584 -0.10966 -0.28857 0.025518 -0.049542 -0.21741 -0.018562 -0.20703 0.031891 -0.40947 0.003762 0.046799 -0.42704 -0.091205 0.18949 -0.68009 -0.056175 0.10462 -0.75039 -0.071965 0.10654 -0.71868 -0.10165 0.042345 -0.8035 0.037782 -0.03772 0.59499
-0.063899 -0.024731 0.29625 0.15757 -7.2917e-05 0.28514 0.04909 0.018568 0.40589 0.0095356 0.0022547 0.067894 -0.051417 -0.0083544 -0.053662 0.057483 -0.0083544 -0.047097 -0.2281 0.0020891 0.089365 0.204 -0.039294 0.026383 -0.10799 -0.19617 0.039092 0.013049 -0.16917 -0.026453 -0.10495 -0.27869 0.026257 -0.054612 -0.21622 -0.019745 -0.21661 0.040842 -0.40264 0.0055745 0.051038 -0.42881 -0.096438 0.20323 -0.67062 -0.05078 0.10632 -0.75321 -0.069197 0.11548 -0.70905 -0.097393 0.049141 -0.81039 0.038839 -0.03551 0.59533
-0.065236 -0.023712 0.29688 0.15616 -0.0024914 0.28438 0.048983 0.019294 0.40587 0.0095255 0.0021512 0.067898 -0.05286 -0.0076865 -0.052367 0.055782 -0.0076865 -0.049245 -0.22874 0.013944 0.090617 0.20187 -0.043095 0.025702 -0.12143 -0.19133 0.042104 0.0071952 -0.16767 -0.026899 -0.10531 -0.26987 0.025696 -0.059577 -0.21603 -0.020346 -0.2216 0.053436 -0.39857 0.0064501 0.055722 -0.43068 -0.13299 0.2031 -0.68084 -0.044982 0.10975 -0.75616 -0.12644 0.13397 -0.73076 -0.093222 0.057134 -0.81681 0.039177 -0.033048 0.59581
-0.070704 -0.020505 0.30155 0.15489 -0.0042203 0.28397 0.048674 0.019735 0.40588 0.009404 0.0020941 0.067917 -0.053948 -0.0069396 -0.051349 0.054175 -0.0069396 -0.051109 -0.22863 0.024891 0.092585 0.19995 -0.045965 0.025363 -0.1424 -0.19108 0.048507 0.0028751 -0.16649 -0.027663 -0.10686 -0.26199 0.027452 -0.063291 -0.21566 -0.021021 -0.21677 0.065796 -0.39801 0.0072442 0.059655 -0.4323 -0.19988 0.18647 -0.70682 -0.041852 0.11289 -0.75826 -0.24351 0.16009 -0.77783 -0.091569 0.064741 -0.82131 0.039546 -0.030808 0.59634
-0.075726 -0.017501 0.30575 0.15368 -0.0050523 0.28379 0.048022 0.019975 0.40596 0.0091775 0.0021836 0.067946 -0.054583 -0.0061937 -0.050768 0.052917 -0.0061937 -0.052504 -0.228 0.033712 0.094034 0.19834 -0.047681 0.025254 -0.15144 -0.18755 0.053553 -0.00023819 -0.16564 -0.027829 -0.10875 -0.25575 0.031027 -0.065365 -0.21614 -0.021 -0.21364 0.075697 -0.39706 0.0075374 0.062902 -0.43344 -0.24567 0.17779 -0.71581 -0.040072 0.11535 -0.75973 -0.30753 0.17374 -0.79425 -0.090592 0.070713 -0.82464 0.040016 -0.029047 0.59689
-0.080474 -0.0147 0.30804 0.1519 -0.0049442 0.28442 0.04574 0.019703 0.40623 0.0088394 0.0024977 0.067979 -0.054942 -0.0055056 -0.050459 0.051896 -0.0055056 -0.053586 -0.22926 0.039651 0.094593 0.19597 -0.047866 0.025836 -0.16209 -0.18351 0.052392 -0.003393 -0.16465 -0.02696 -0.11765 -0.25007 0.032196 -0.067107 -0.21687 -0.019702 -0.21306 0.083916 -0.39535 0.0076165 0.065856 -0.43423 -0.26018 0.18012 -0.71133 -0.038463 0.11738 -0.7609 -0.31552 0.1794 -0.786 -0.08927 0.075452 -0.82739 0.040582 -0.027287 0.59775
-0.086877 -0.011154 0.30924 0.14905 -0.0039539 0.28625 0.040996 0.018677 0.40678 0.0083854 0.0030351 0.068014 -0.055231 -0.0049195 -0.050203 0.050962 -0.0049195 -0.05453 -0.23393 0.042649 0.094428 0.19222 -0.046407 0.027438 -0.19121 -0.18424 0.043821 -0.0071809 -0.16315 -0.025296 -0.13728 -0.2441 0.027743 -0.069683 -0.21671 -0.017287 -0.21042 0.092011 -0.3944 0.0080284 0.068771 -0.43488 -0.25749 0.18539 -0.71103 -0.036387 0.11923 -0.76195 -0.31457 0.18929 -0.78356 -0.087362 0.079692 -0.82976 0.041077 -0.025089 0.5991
-0.093971 -0.0070996 0.31102 0.14585 -0.0022667 0.28795 0.035938 0.017496 0.40731 0.0078282 0.0036224 0.068054 -0.05534 -0.0044721 -0.050125 0.050414 -0.0044721 -0.055079 -0.23804 0.043891 0.093579 0.18944 -0.044269 0.029137 -0.21266 -0.18505 0.036148 -0.0092949 -0.16195 -0.024016 -0.15216 -0.24023 0.022504 -0.071355 -0.21595 -0.015504 -0.20429 0.099325 -0.39505 0.0088016 0.07119 -0.4352 -0.25065 0.19028 -0.71315 -0.034013 0.12033 -0.76267 -0.31065 0.19745 -0.78531 -0.085048 0.082639 -0.83149 0.040904 -0.023221 0.60028
-0.10096 -0.003156 0.31332 0.14236 -0.00030166 0.28909 0.03117 0.016447 0.40772 0.0071178 0.0042752 0.068093 -0.055221 -0.0041487 -0.050284 0.050329 -0.0041487 -0.05518 -0.24173 0.044785 0.093018 0.18774 -0.041746 0.030493 -0.21811 -0.18323 0.032605 -0.0096208 -0.16135 -0.023473 -0.15743 -0.23784 0.019047 -0.071999 -0.21497 -0.014938 -0.19638 0.10526 -0.39676 0.0096853 0.073116 -0.43508 -0.24586 0.19391 -0.71488 -0.031418 0.12053 -0.76303 -0.3052 0.20138 -0.78698 -0.082493 0.084204 -0.83255 0.039635 -0.022142 0.601
-0.10759 5.2064e-06 0.31438 0.13803 0.0013026 0.2903 0.025596 0.015335 0.4081 0.0061866 0.005168 0.068119 -0.054972 -0.0038753 -0.050578 0.050489 -0.0038753 -0.055053 -0.24901 0.046433 0.09416 0.18501 -0.038507 0.031728 -0.22321 -0.18003 0.029577 -0.010338 -0.16097 -0.023129 -0.16159 -0.23335 0.016047 -0.073259 -0.21399 -0.014842 -0.19033 0.10976 -0.39803 0.010402 0.075025 -0.43467 -0.24221 0.19689 -0.71611 -0.028377 0.12022 -0.76322 -0.30163 0.20474 -0.78783 -0.079651 0.085167 -0.83324 0.037243 -0.021816 0.60148
-0.11284 0.0024242 0.3146 0.13401 0.0018959 0.29123 0.020674 0.013938 0.40838 0.0052679 0.0060703 0.068125 -0.05481 -0.0035356 -0.050778 0.05077 -0.0035356 -0.054817 -0.25578 0.048084 0.095204 0.18286 -0.035821 0.032691 -0.22974 -0.17656 0.024277 -0.01066 -0.16069 -0.023224 -0.16635 -0.22821 0.011745 -0.074278 -0.21295 -0.015452 -0.18519 0.11313 -0.3991 0.011661 0.076566 -0.43429 -0.23706 0.19946 -0.71746 -0.024281 0.11941 -0.76347 -0.29722 0.20738 -0.78876 -0.075803 0.085494 -0.83387 0.034586 -0.022475 0.60177
-0.11611 0.004433 0.31498 0.13145 0.0011995 0.29148 0.017867 0.012166 0.40851 0.0046081 0.0067268 0.068112 -0.054815 -0.0030905 -0.050802 0.051096 -0.0030905 -0.05454 -0.25779 0.048752 0.094504 0.18304 -0.034777 0.033231 -0.23471 -0.17373 0.016182 -0.0095422 -0.16052 -0.023974 -0.17053 -0.22483 0.0055478 -0.07404 -0.21181 -0.017032 -0.17946 0.11569 -0.4005 0.013966 0.077365 -0.43413 -0.22873 0.20165 -0.71938 -0.018915 0.11809 -0.76391 -0.28924 0.20836 -0.79051 -0.070612 0.085049 -0.83459 0.032353 -0.024189 0.60186
-0.11821 0.0064138 0.31614 0.13016 -0.00032952 0.29135 0.016703 0.0102 0.40854 0.0042562 0.0071368 0.06809 -0.054697 -0.002684 -0.05095 0.051412 -0.002684 -0.054266 -0.2566 0.048352 0.093124 0.1846 -0.034907 0.033492 -0.23671 -0.17212 0.008415 -0.0076996 -0.1605 -0.024934 -0.17272 -0.22367 -0.00064853 -0.073133 -0.21074 -0.019129 -0.17393 0.11742 -0.40211 0.016698 0.077617 -0.43412 -0.21837 0.20346 -0.72165 -0.013118 0.11647 -0.76441 -0.27943 0.20834 -0.79237 -0.064998 0.084134 -0.83529 0.030244 -0.026494 0.60188
-0.12016 0.0087548 0.31863 0.12981 -0.0021479 0.29122 0.016484 0.0082541 0.40855 0.0042382 0.0073292 0.068072 -0.054128 -0.0024813 -0.051566 0.051662 -0.0024813 -0.054036 -0.25444 0.046904 0.092446 0.1863 -0.035561 0.033654 -0.23455 -0.17228 0.0045258 -0.0060544 -0.16069 -0.025587 -0.17146 -0.22496 -0.0046556 -0.072332 -0.20996 -0.021205 -0.1697 0.11827 -0.40371 0.019103 0.077583 -0.43413 -0.2075 0.20487 -0.72396 -0.0078521 0.1148 -0.76486 -0.27012 0.20816 -0.79345 -0.060027 0.0831 -0.8358 0.027847 -0.02886 0.60196
