-0.19373 0.017458 0.28466 0.06786 -0.0033558 0.34585 -0.08508 -0.024348 0.39956 -0.015814 -0.0059073 0.066487 -0.045739 0.0021935 -0.059146 0.058688 0.0021935 -0.046324 -0.26673 0.028204 0.029304 0.13598 -0.046188 0.09252 -0.17738 -0.15306 -0.094502 0.11985 -0.24767 0.21627 -0.13112 -0.21782 -0.11701 0.12375 -0.2925 0.28566 -0.020628 0.10562 -0.43413 0.093124 0.047851 -0.43191 0.038545 0.17166 -0.75604 0.14186 0.1321 -0.7513 0.021706 0.11289 -0.82692 0.18065 0.10911 -0.83333 -0.072957 -0.085229 0.5868
-0.19202 0.017877 0.28507 0.069882 -0.002851 0.34828 -0.083479 -0.024449 0.3999 -0.015568 -0.0059678 0.066543 -0.04581 0.0021837 -0.059098 0.058727 0.0021837 -0.046302 -0.26407 0.029755 0.029497 0.13999 -0.053725 0.094513 -0.18177 -0.14995 -0.10107 0.12815 -0.25779 0.22515 -0.13661 -0.21603 -0.127 0.13582 -0.2937 0.29635 -0.020467 0.10656 -0.43382 0.095582 0.047889 -0.43172 0.04072 0.17011 -0.75582 0.14342 0.13109 -0.75155 0.023863 0.11228 -0.82747 0.18229 0.10722 -0.83329 -0.071976 -0.08515 0.58723
-0.19103 0.018348 0.2853 0.071001 -0.001861 0.34957 -0.082534 -0.024174 0.40011 -0.015419 -0.0059395 0.066581 -0.045935 0.0021127 -0.059006 0.058857 0.0021127 -0.046149 -0.26269 0.031444 0.029684 0.14488 -0.061555 0.097998 -0.18675 -0.14536 -0.10839 0.13599 -0.26262 0.23709 -0.14312 -0.21133 -0.13857 0.14631 -0.29088 0.31047 -0.02006 0.107 -0.43356 0.097141 0.048633 -0.43136 0.042591 0.16872 -0.75563 0.14446 0.13053 -0.75161 0.025753 0.11182 -0.82802 0.18359 0.10597 -0.83303 -0.071463 -0.084725 0.58752
-0.19062 0.01886 0.28539 0.071392 -0.00048514 0.34996 -0.082132 -0.02358 0.40023 -0.015351 -0.0058361 0.066606 -0.0461 0.0019899 -0.05888 0.05906 0.0019899 -0.045891 -0.26234 0.033209 0.02986 0.15047 -0.069523 0.10276 -0.19222 -0.13944 -0.11631 0.14336 -0.26288 0.25151 -0.15051 -0.20401 -0.15138 0.15529 -0.28452 0.32726 -0.019456 0.107 -0.43334 0.097941 0.049973 -0.43086 0.044167 0.16751 -0.75546 0.14506 0.13036 -0.75152 0.027381 0.11152 -0.82858 0.18459 0.10528 -0.83258 -0.071341 -0.084 0.58769
-0.1907 0.019401 0.28537 0.071226 0.0011777 0.34972 -0.082159 -0.022728 0.40027 -0.015346 -0.0056714 0.06662 -0.046295 0.0018247 -0.058729 0.059318 0.0018247 -0.045552 -0.26281 0.034987 0.030018 0.1566 -0.07747 0.10859 -0.19809 -0.13232 -0.12466 0.15026 -0.2593 0.26786 -0.15862 -0.19436 -0.16509 0.16283 -0.27512 0.34597 -0.018706 0.10664 -0.43317 0.098125 0.051794 -0.43025 0.045458 0.16646 -0.75533 0.14528 0.13054 -0.7513 0.028751 0.11137 -0.82914 0.18533 0.1051 -0.832 -0.071538 -0.083021 0.58779
-0.19112 0.019961 0.28525 0.070677 0.0030283 0.3491 -0.082501 -0.021676 0.40026 -0.015389 -0.0054591 0.066626 -0.046508 0.0016265 -0.058563 0.059614 0.0016265 -0.045159 -0.26385 0.036716 0.030153 0.16307 -0.085242 0.11528 -0.20424 -0.12415 -0.13328 0.15669 -0.25258 0.28554 -0.16732 -0.18269 -0.17937 0.169 -0.26317 0.36586 -0.01786 0.106 -0.43304 0.097834 0.053986 -0.42956 0.046472 0.1656 -0.75521 0.14519 0.13099 -0.75099 0.02987 0.11138 -0.82968 0.18583 0.10533 -0.83132 -0.071977 -0.081836 0.58783
-0.19177 0.020528 0.28508 0.069916 0.0049676 0.34835 -0.083044 -0.020483 0.4002 -0.015462 -0.005213 0.066627 -0.046727 0.0014049 -0.058391 0.059928 0.0014049 -0.044736 -0.26524 0.038332 0.030259 0.16972 -0.09268 0.12261 -0.2106 -0.11505 -0.14201 0.16263 -0.24344 0.304 -0.17646 -0.16929 -0.19387 0.17388 -0.24915 0.38617 -0.016968 0.10514 -0.43295 0.097208 0.056436 -0.42881 0.047219 0.16492 -0.75513 0.14486 0.13166 -0.75062 0.030741 0.11154 -0.83022 0.18612 0.10591 -0.83059 -0.072586 -0.08049 0.58783
-0.19252 0.021092 0.28489 0.069118 0.0068965 0.34773 -0.083675 -0.019207 0.40013 -0.015548 -0.0049468 0.066627 -0.04694 0.0011691 -0.058223 0.060244 0.0011691 -0.044309 -0.26674 0.039774 0.030331 0.17637 -0.099629 0.13036 -0.21705 -0.10516 -0.15069 0.16809 -0.23261 0.32265 -0.18588 -0.15445 -0.20825 0.17754 -0.23356 0.40616 -0.016079 0.10414 -0.4329 0.09639 0.059031 -0.42805 0.047706 0.16444 -0.75506 0.14435 0.13249 -0.75021 0.03137 0.11185 -0.83074 0.18626 0.10676 -0.82985 -0.073289 -0.07903 0.58783
-0.19326 0.021641 0.2847 0.068454 0.0087159 0.34749 -0.084278 -0.017908 0.40007 -0.01563 -0.0046742 0.066627 -0.047137 0.00092859 -0.058068 0.060543 0.00092859 -0.043903 -0.26811 0.040979 0.030363 0.18285 -0.10593 0.13833 -0.2235 -0.094621 -0.15914 0.17305 -0.2208 0.34093 -0.19545 -0.13847 -0.22217 0.18005 -0.21689 0.42507 -0.015243 0.10307 -0.43288 0.095521 0.061659 -0.4273 0.047944 0.16414 -0.75501 0.14373 0.13342 -0.7498 0.031761 0.1123 -0.83124 0.18625 0.10781 -0.82915 -0.074012 -0.077504 0.58785
-0.19386 0.022164 0.28453 0.068096 0.010327 0.34788 -0.084741 -0.016644 0.40003 -0.015691 -0.0044089 0.066631 -0.047304 0.00069286 -0.057935 0.060807 0.00069286 -0.043543 -0.26912 0.041885 0.03035 0.18897 -0.11143 0.1463 -0.22985 -0.083568 -0.16723 0.17752 -0.20873 0.35826 -0.20503 -0.12165 -0.2353 0.18149 -0.19963 0.44216 -0.01451 0.102 -0.4329 0.094741 0.064207 -0.42659 0.047941 0.16405 -0.75498 0.14307 0.13439 -0.74943 0.031921 0.1129 -0.83172 0.18615 0.10899 -0.82854 -0.07468 -0.075956 0.58791
-0.1942 0.02265 0.28443 0.068219 0.01163 0.34916 -0.08495 -0.015474 0.40004 -0.015715 -0.0041648 0.066642 -0.047431 0.00047129 -0.057835 0.061018 0.00047129 -0.043256 -0.26955 0.042428 0.030284 0.19456 -0.11597 0.15407 -0.23601 -0.072139 -0.17477 0.18148 -0.19712 0.37407 -0.21445 -0.10428 -0.24729 0.18193 -0.18228 0.45667 -0.013931 0.10101 -0.43295 0.094193 0.066564 -0.42595 0.047706 0.16416 -0.75498 0.14243 0.13535 -0.7491 0.031853 0.11365 -0.83216 0.18598 0.11022 -0.82805 -0.075219 -0.074434 0.58804
-0.19416 0.023088 0.28443 0.068994 0.012526 0.35159 -0.084789 -0.014457 0.40011 -0.015685 -0.0039556 0.066662 -0.047506 0.00027332 -0.057776 0.061158 0.00027332 -0.043065 -0.26915 0.042546 0.030162 0.19944 -0.11939 0.1614 -0.24187 -0.060468 -0.18161 0.18494 -0.18669 0.38778 -0.22358 -0.086656 -0.2578 0.18143 -0.16531 0.46786 -0.013554 0.10017 -0.43302 0.094018 0.068617 -0.42541 0.047248 0.16448 -0.75498 0.14189 0.13623 -0.74887 0.031562 0.11453 -0.83257 0.18577 0.11142 -0.82773 -0.075554 -0.072984 0.58827
-0.19364 0.023469 0.28454 0.070561 0.012932 0.35536 -0.084166 -0.013644 0.40027 -0.015586 -0.0037931 0.066695 -0.047519 0.00010723 -0.057768 0.061212 0.00010723 -0.042992 -0.26774 0.042193 0.029979 0.20346 -0.12157 0.16812 -0.24734 -0.048705 -0.18761 0.18788 -0.17805 0.3989 -0.23227 -0.06908 -0.26654 0.18009 -0.14922 0.47512 -0.013421 0.099541 -0.43313 0.094337 0.070267 -0.425 0.04658 0.16501 -0.755 0.14149 0.13698 -0.74876 0.031058 0.11555 -0.83294 0.18557 0.11253 -0.82763 -0.075621 -0.071649 0.58862
-0.19269 0.023791 0.28474 0.072792 0.012886 0.36027 -0.083139 -0.013024 0.4005 -0.015428 -0.0036747 0.066738 -0.047476 -2.7852e-05 -0.057803 0.06119 -2.7852e-05 -0.043026 -0.26546 0.041452 0.02975 0.2066 -0.12264 0.17413 -0.25233 -0.037099 -0.19273 0.19016 -0.17102 0.40752 -0.24031 -0.051881 -0.27353 0.17812 -0.13434 0.47902 -0.013506 0.099112 -0.43325 0.095105 0.071529 -0.42471 0.045746 0.16571 -0.75504 0.14128 0.13757 -0.74874 0.030383 0.11668 -0.83328 0.1854 0.11347 -0.8277 -0.075438 -0.070439 0.58906
-0.19146 0.02406 0.28502 0.075427 0.012486 0.36588 -0.081848 -0.012556 0.40078 -0.015232 -0.0035903 0.066788 -0.047392 -0.00013731 -0.057871 0.061111 -0.00013731 -0.043137 -0.26263 0.040469 0.029498 0.20892 -0.12285 0.1794 -0.25675 -0.02595 -0.19702 0.19163 -0.16499 0.41403 -0.24749 -0.0354 -0.27895 0.17577 -0.12097 0.48068 -0.013745 0.098832 -0.4334 0.096197 0.072475 -0.42452 0.044807 0.16651 -0.75508 0.14127 0.13798 -0.74881 0.029598 0.11785 -0.83358 0.18531 0.11419 -0.82791 -0.075066 -0.069347 0.58956
-0.19008 0.024281 0.28531 0.078206 0.011833 0.37177 -0.080429 -0.012197 0.40108 -0.015017 -0.0035299 0.066839 -0.047282 -0.00022654 -0.057961 0.060997 -0.00022654 -0.043296 -0.25957 0.039391 0.029246 0.21049 -0.12245 0.18389 -0.2605 -0.015557 -0.20051 0.1921 -0.15939 0.41882 -0.25359 -0.019979 -0.283 0.17331 -0.1094 0.48126 -0.014077 0.09865 -0.43355 0.097488 0.073175 -0.42439 0.043821 0.16735 -0.75513 0.14147 0.1382 -0.74893 0.028761 0.11903 -0.83387 0.18533 0.11463 -0.82819 -0.074563 -0.068367 0.59008
-0.18871 0.024458 0.2856 0.080868 0.011025 0.37752 -0.07902 -0.011905 0.40137 -0.014805 -0.0034835 0.066889 -0.047158 -0.00030096 -0.058061 0.060869 -0.00030096 -0.043474 -0.2566 0.038365 0.029017 0.21137 -0.1217 0.18758 -0.26351 -0.0062175 -0.20324 0.19141 -0.15362 0.42229 -0.25839 -0.0059622 -0.28585 0.171 -0.099912 0.48188 -0.01444 0.098517 -0.43371 0.098853 0.0737 -0.4243 0.042848 0.16817 -0.7552 0.14188 0.13822 -0.74907 0.027932 0.12015 -0.83415 0.1855 0.11472 -0.82848 -0.073989 -0.067494 0.59057
-0.18747 0.024595 0.28585 0.083154 0.010161 0.38271 -0.077758 -0.01164 0.40163 -0.014615 -0.003441 0.066933 -0.047037 -0.00036596 -0.058159 0.060747 -0.00036596 -0.043643 -0.25402 0.037538 0.028834 0.21162 -0.12086 0.19043 -0.26567 0.0017686 -0.20524 0.18937 -0.14709 0.42481 -0.26167 0.0063092 -0.28771 0.1691 -0.092804 0.48368 -0.014773 0.09838 -0.43386 0.10016 0.074121 -0.42422 0.041949 0.1689 -0.75526 0.14253 0.13802 -0.7492 0.02717 0.12118 -0.83441 0.18585 0.11441 -0.82874 -0.073403 -0.06672 0.591
-0.18646 0.024697 0.28602 0.084895 0.0093238 0.38704 -0.076736 -0.01137 0.40183 -0.014463 -0.0033956 0.066969 -0.046928 -0.00042584 -0.058246 0.060646 -0.00042584 -0.043783 -0.25206 0.037006 0.02871 0.21135 -0.12011 0.19248 -0.26699 0.0082952 -0.20657 0.18597 -0.13942 0.4267 -0.26337 0.016709 -0.28873 0.16776 -0.088049 0.48732 -0.015034 0.098205 -0.43401 0.10133 0.074493 -0.42414 0.041161 0.16951 -0.75533 0.1434 0.13761 -0.74931 0.026515 0.12207 -0.83468 0.1864 0.11367 -0.82893 -0.072851 -0.066038 0.59134
-0.18566 0.024763 0.28612 0.086159 0.0085514 0.39056 -0.075929 -0.011097 0.402 -0.014342 -0.0033484 0.066998 -0.046829 -0.00048207 -0.058325 0.060564 -0.00048207 -0.043895 -0.25065 0.036734 0.028634 0.21074 -0.11948 0.19391 -0.26767 0.013745 -0.20736 0.18154 -0.13078 0.42803 -0.26387 0.02566 -0.28908 0.16677 -0.084831 0.49221 -0.015233 0.097995 -0.43415 0.10237 0.074833 -0.42406 0.040472 0.17001 -0.7554 0.14442 0.13705 -0.7494 0.025959 0.12285 -0.83494 0.1871 0.11262 -0.82903 -0.07234 -0.065436 0.59161
-0.18501 0.024791 0.28615 0.087048 0.0078753 0.39339 -0.075296 -0.010825 0.40212 -0.014246 -0.0033017 0.06702 -0.046739 -0.0005357 -0.058397 0.060498 -0.0005357 -0.043985 -0.24968 0.03667 0.028588 0.21002 -0.11899 0.19494 -0.26795 0.018576 -0.20772 0.17648 -0.12142 0.42882 -0.2636 0.033672 -0.2889 0.16588 -0.08221 0.49756 -0.015388 0.097761 -0.43429 0.10328 0.07515 -0.42397 0.039858 0.17042 -0.75548 0.14552 0.13643 -0.74946 0.025485 0.12354 -0.8352 0.18788 0.11139 -0.82907 -0.071871 -0.064899 0.59181
-0.18447 0.024782 0.28613 0.087667 0.0073268 0.39562 -0.074793 -0.010558 0.40222 -0.014166 -0.0032578 0.067039 -0.046654 -0.00058774 -0.058465 0.060444 -0.00058774 -0.044059 -0.24904 0.03676 0.028557 0.2094 -0.11865 0.19578 -0.26806 0.023247 -0.20777 0.17119 -0.11159 0.42913 -0.263 0.041253 -0.28833 0.16485 -0.079246 0.50258 -0.015516 0.097512 -0.43443 0.10409 0.075454 -0.42387 0.039297 0.17078 -0.75555 0.14661 0.13582 -0.7495 0.025075 0.12415 -0.83545 0.18868 0.11011 -0.82905 -0.071445 -0.064413 0.59197
-0.18399 0.024735 0.28606 0.08812 0.0069376 0.39736 -0.074379 -0.010302 0.4023 -0.014095 -0.0032191 0.067056 -0.046572 -0.00063924 -0.058529 0.060399 -0.00063924 -0.044121 -0.24864 0.036949 0.028525 0.20911 -0.11846 0.19665 -0.26825 0.028219 -0.20765 0.16608 -0.10156 0.42897 -0.2625 0.048914 -0.28752 0.16343 -0.074999 0.5065 -0.015636 0.097258 -0.43457 0.10481 0.075756 -0.42377 0.038768 0.17112 -0.75562 0.14762 0.1353 -0.74952 0.024712 0.12472 -0.83568 0.18944 0.1089 -0.82898 -0.071064 -0.063967 0.5921
-0.18352 0.024648 0.28594 0.088506 0.0067373 0.39871 -0.074012 -0.010062 0.40237 -0.014025 -0.0031877 0.067072 -0.04649 -0.00069109 -0.058594 0.060357 -0.00069109 -0.044177 -0.24837 0.037186 0.028476 0.20933 -0.11842 0.19774 -0.26873 0.033931 -0.20747 0.16153 -0.091556 0.4284 -0.26252 0.057142 -0.2866 0.16137 -0.068575 0.50856 -0.015766 0.097008 -0.4347 0.10547 0.076065 -0.42367 0.038247 0.17145 -0.75568 0.14847 0.13495 -0.74952 0.024379 0.12527 -0.8359 0.1901 0.10789 -0.82886 -0.070729 -0.063545 0.59222
-0.18306 0.024524 0.28577 0.088863 0.0067232 0.39979 -0.073681 -0.0098336 0.40244 -0.013958 -0.0031621 0.067087 -0.046406 -0.00074156 -0.05866 0.060316 -0.00074156 -0.044232 -0.24817 0.037453 0.028404 0.21001 -0.11842 0.19905 -0.26958 0.040483 -0.20727 0.15768 -0.081813 0.42745 -0.26318 0.06604 -0.28565 0.15867 -0.05998 0.50863 -0.015913 0.09677 -0.43483 0.10606 0.076383 -0.42358 0.037719 0.1718 -0.75574 0.14912 0.13478 -0.7495 0.024062 0.1258 -0.83611 0.19062 0.10714 -0.82872 -0.070446 -0.063137 0.59234
-0.18263 0.024368 0.28558 0.089172 0.006863 0.40073 -0.073399 -0.0096083 0.4025 -0.0139 -0.0031372 0.067101 -0.046316 -0.0007865 -0.058731 0.060273 -0.0007865 -0.044291 -0.24806 0.037764 0.028312 0.2108 -0.11826 0.20032 -0.27071 0.047667 -0.20701 0.15448 -0.072519 0.42616 -0.2643 0.075362 -0.28466 0.15552 -0.050037 0.50717 -0.016082 0.096551 -0.43497 0.10659 0.076705 -0.42349 0.037173 0.17217 -0.7558 0.14959 0.13479 -0.74948 0.023744 0.12634 -0.8363 0.191 0.10665 -0.82857 -0.070225 -0.062732 0.59245
-0.18225 0.024184 0.28535 0.089411 0.0071234 0.40166 -0.07318 -0.009376 0.40254 -0.01386 -0.0031081 0.06711 -0.046218 -0.0008217 -0.058807 0.060224 -0.0008217 -0.044357 -0.24803 0.038134 0.028203 0.21139 -0.11772 0.20133 -0.27201 0.055261 -0.20664 0.15183 -0.063865 0.42456 -0.26572 0.084847 -0.28359 0.1521 -0.039595 0.50463 -0.016273 0.096354 -0.43511 0.10705 0.077026 -0.42342 0.036598 0.17257 -0.75587 0.14988 0.13495 -0.74946 0.023412 0.12689 -0.8365 0.19124 0.1064 -0.82843 -0.070075 -0.06232 0.59255
-0.18194 0.023977 0.2851 0.08956 0.007471 0.40272 -0.073039 -0.0091269 0.40257 -0.013845 -0.0030696 0.067115 -0.04611 -0.00084293 -0.058892 0.060166 -0.00084293 -0.044434 -0.24809 0.038577 0.028081 0.21143 -0.11659 0.20182 -0.27339 0.063045 -0.20612 0.14967 -0.056042 0.4227 -0.26725 0.094237 -0.28245 0.1486 -0.029504 0.50148 -0.016488 0.096187 -0.43526 0.10745 0.077342 -0.42337 0.035982 0.173 -0.75594 0.15 0.13524 -0.74945 0.023051 0.12747 -0.83669 0.19132 0.10639 -0.82833 -0.070005 -0.061891 0.59263
-0.18175 0.023751 0.28484 0.089596 0.0078724 0.40404 -0.072992 -0.0088512 0.40259 -0.013863 -0.0030167 0.067114 -0.045987 -0.00084599 -0.058987 0.060097 -0.00084599 -0.044527 -0.24823 0.039108 0.027949 0.21059 -0.11464 0.20157 -0.27477 0.0708 -0.20541 0.14792 -0.04924 0.4206 -0.26871 0.10327 -0.28123 0.14523 -0.020616 0.49817 -0.016729 0.096054 -0.43542 0.10777 0.077648 -0.42336 0.035316 0.17346 -0.75602 0.14996 0.13565 -0.74946 0.022646 0.12807 -0.83689 0.19124 0.10662 -0.82829 -0.070024 -0.061436 0.5927
-0.18167 0.023514 0.28457 0.089506 0.0082931 0.40569 -0.073046 -0.0085418 0.40258 -0.013919 -0.002946 0.067105 -0.045849 -0.00082815 -0.059094 0.060014 -0.00082815 -0.044639 -0.24847 0.039743 0.027811 0.20869 -0.11182 0.20046 -0.27605 0.078328 -0.20447 0.14652 -0.043604 0.41837 -0.26997 0.11173 -0.2799 0.14215 -0.013612 0.49515 -0.016996 0.095959 -0.43558 0.10801 0.077937 -0.42337 0.034593 0.17396 -0.75612 0.14977 0.13616 -0.74949 0.022186 0.1287 -0.8371 0.19101 0.10707 -0.82832 -0.070139 -0.060947 0.59274
-0.1817 0.023284 0.2843 0.089321 0.0086923 0.40744 -0.073184 -0.0082062 0.40256 -0.014006 -0.0028619 0.06709 -0.045699 -0.00079439 -0.059211 0.059922 -0.00079439 -0.044762 -0.24878 0.040507 0.027682 0.20625 -0.10878 0.19902 -0.27722 0.08555 -0.20335 0.1455 -0.039043 0.41633 -0.27101 0.11959 -0.27849 0.13943 -0.0083203 0.49268 -0.017279 0.095896 -0.43576 0.1082 0.078201 -0.42341 0.033838 0.17449 -0.75622 0.14948 0.13673 -0.74953 0.021688 0.12935 -0.83731 0.19065 0.10768 -0.82841 -0.070336 -0.060435 0.59277
-0.1818 0.023081 0.28404 0.089082 0.0090272 0.40898 -0.07338 -0.0078563 0.40253 -0.014111 -0.0027717 0.067072 -0.04554 -0.00075205 -0.059334 0.05983 -0.00075205 -0.044886 -0.24916 0.041426 0.027576 0.20406 -0.10639 0.19797 -0.27829 0.092424 -0.20211 0.14492 -0.035389 0.4149 -0.27185 0.1269 -0.27703 0.1371 -0.0043027 0.49102 -0.017563 0.095856 -0.43593 0.10833 0.078431 -0.42346 0.033082 0.17501 -0.75634 0.14912 0.13732 -0.74959 0.021173 0.12998 -0.83752 0.19023 0.10838 -0.82854 -0.070598 -0.059914 0.59279
-0.18196 0.022926 0.2838 0.088832 0.0092551 0.40997 -0.073606 -0.0075039 0.4025 -0.014223 -0.0026823 0.067052 -0.045378 -0.00070849 -0.059458 0.059743 -0.00070849 -0.045002 -0.2496 0.042527 0.02751 0.20288 -0.10554 0.19804 -0.27925 0.098911 -0.20081 0.14483 -0.032477 0.4145 -0.27254 0.13371 -0.27556 0.13518 -0.0011204 0.49038 -0.017836 0.095829 -0.43611 0.10843 0.078615 -0.42353 0.032359 0.17552 -0.75645 0.14874 0.13789 -0.74964 0.020662 0.13055 -0.8377 0.18978 0.10909 -0.82868 -0.070906 -0.059399 0.5928
-0.18213 0.02284 0.2836 0.088614 0.0093331 0.41011 -0.073838 -0.0071611 0.40246 -0.01433 -0.0026008 0.067033 -0.045217 -0.00067108 -0.059582 0.05967 -0.00067108 -0.0451 -0.25009 0.043835 0.0275 0.20347 -0.1071 0.19996 -0.28011 0.10497 -0.19952 0.1453 -0.030142 0.41554 -0.2731 0.14004 -0.27409 0.13372 0.0016656 0.49101 -0.018083 0.095806 -0.43628 0.10852 0.078745 -0.42358 0.031701 0.17598 -0.75656 0.14839 0.1384 -0.74968 0.020179 0.13105 -0.83786 0.18936 0.10974 -0.82881 -0.071242 -0.058906 0.5928
-0.1823 0.022845 0.28344 0.088469 0.0092188 0.40907 -0.074048 -0.0068395 0.40243 -0.014421 -0.0025345 0.067016 -0.045062 -0.00064712 -0.0597 0.059618 -0.00064712 -0.04517 -0.25061 0.045378 0.02756 0.2066 -0.11197 0.20445 -0.28087 0.11055 -0.19828 0.14637 -0.028229 0.41843 -0.27356 0.14596 -0.27266 0.13274 0.004478 0.49313 -0.018291 0.095777 -0.43644 0.1086 0.07881 -0.42363 0.031139 0.17639 -0.75667 0.14812 0.13883 -0.74971 0.019745 0.13143 -0.83797 0.189 0.11025 -0.82891 -0.071588 -0.058449 0.59281
-0.18243 0.022932 0.28333 0.088409 0.0088794 0.40674 -0.074218 -0.0065494 0.4024 -0.014487 -0.0024867 0.067004 -0.044918 -0.0006394 -0.059808 0.059587 -0.0006394 -0.045211 -0.25115 0.047167 0.0277 0.21226 -0.12041 0.21179 -0.28153 0.11564 -0.19716 0.14796 -0.027457 0.42342 -0.27395 0.15146 -0.2713 0.13216 0.0065665 0.497 -0.018464 0.09574 -0.43658 0.10868 0.078826 -0.42366 0.030669 0.17673 -0.75676 0.14792 0.13916 -0.74971 0.019361 0.13171 -0.83805 0.18874 0.11062 -0.82896 -0.071925 -0.058041 0.59281
-0.18254 0.023048 0.28326 0.088391 0.0082994 0.40333 -0.074343 -0.0062981 0.40238 -0.014529 -0.0024557 0.066996 -0.044792 -0.00064328 -0.059903 0.05957 -0.00064328 -0.045235 -0.25166 0.049191 0.027917 0.21918 -0.13178 0.22151 -0.28212 0.12022 -0.19616 0.14967 -0.029993 0.43046 -0.27424 0.15647 -0.27004 0.13173 0.0052332 0.5029 -0.018633 0.095701 -0.4367 0.10876 0.078849 -0.42366 0.030225 0.17703 -0.75684 0.14778 0.13946 -0.74969 0.018994 0.13195 -0.83811 0.18853 0.11092 -0.82897 -0.072234 -0.057689 0.59282
-0.18263 0.023132 0.28323 0.088369 0.0074644 0.3991 -0.074422 -0.0060927 0.40237 -0.014548 -0.0024388 0.066993 -0.044691 -0.0006534 -0.059978 0.059555 -0.0006534 -0.045254 -0.25211 0.051435 0.028205 0.22597 -0.14529 0.23308 -0.28263 0.12429 -0.19528 0.15113 -0.038139 0.43947 -0.27443 0.16093 -0.26894 0.13117 -0.0024033 0.5111 -0.018834 0.095667 -0.43681 0.10881 0.07894 -0.42365 0.029736 0.17733 -0.7569 0.14763 0.1398 -0.74966 0.018609 0.13223 -0.83818 0.18835 0.11125 -0.82896 -0.072496 -0.057401 0.59283
-0.18269 0.023127 0.28322 0.088296 0.0063604 0.3943 -0.074449 -0.00594 0.40236 -0.014545 -0.0024335 0.066993 -0.044622 -0.0006644 -0.060029 0.059534 -0.0006644 -0.045281 -0.25245 0.053886 0.02856 0.23123 -0.16019 0.24598 -0.28309 0.12785 -0.19453 0.15193 -0.054198 0.45039 -0.27449 0.16477 -0.26801 0.13021 -0.019225 0.5219 -0.019099 0.095647 -0.43688 0.10883 0.079159 -0.42363 0.02913 0.17764 -0.75695 0.14745 0.14026 -0.74961 0.018168 0.13263 -0.83829 0.18815 0.11171 -0.82892 -0.072691 -0.057185 0.59285
-0.18272 0.022973 0.28322 0.088126 0.0049732 0.38916 -0.074424 -0.0058473 0.40237 -0.01452 -0.0024373 0.066998 -0.044592 -0.00067094 -0.060051 0.059496 -0.00067094 -0.045331 -0.25264 0.056529 0.028978 0.23356 -0.17571 0.25966 -0.28351 0.13089 -0.19393 0.15168 -0.080475 0.46315 -0.27442 0.16792 -0.26731 0.12859 -0.048112 0.53557 -0.019465 0.095648 -0.43693 0.10881 0.079568 -0.42358 0.028335 0.178 -0.75696 0.14718 0.1409 -0.74955 0.017635 0.13322 -0.83847 0.18791 0.1124 -0.82886 -0.072801 -0.057046 0.59287
-0.18273 0.022617 0.28323 0.087816 0.003291 0.38395 -0.074342 -0.0058206 0.40238 -0.014475 -0.002448 0.067007 -0.044608 -0.00066811 -0.060039 0.059432 -0.00066811 -0.045413 -0.25264 0.059346 0.029454 0.23172 -0.19113 0.27362 -0.2839 0.13342 -0.19348 0.15003 -0.11891 0.47759 -0.2742 0.17031 -0.26687 0.12606 -0.091528 0.55224 -0.019961 0.095677 -0.43694 0.10874 0.080218 -0.42353 0.027288 0.17842 -0.75695 0.14679 0.14178 -0.74949 0.016977 0.13408 -0.83872 0.18759 0.1134 -0.8288 -0.072809 -0.056992 0.59289
-0.18272 0.022068 0.28325 0.087361 0.0013282 0.37879 -0.074211 -0.0058584 0.40241 -0.014413 -0.0024651 0.06702 -0.044662 -0.00065583 -0.059999 0.059344 -0.00065583 -0.045528 -0.25246 0.06228 0.029977 0.22594 -0.20596 0.2875 -0.2842 0.13543 -0.19317 0.14714 -0.16757 0.49276 -0.27378 0.17192 -0.26669 0.12293 -0.14749 0.57042 -0.020577 0.095734 -0.43692 0.10861 0.081089 -0.42346 0.026003 0.17892 -0.75692 0.14628 0.1429 -0.74942 0.016194 0.13515 -0.83905 0.18718 0.11469 -0.82874 -0.072721 -0.057019 0.59292
-0.1827 0.021373 0.28327 0.086777 -0.000885 0.37377 -0.074044 -0.005954 0.40244 -0.014339 -0.0024899 0.067035 -0.044741 -0.00063694 -0.05994 0.059237 -0.00063694 -0.045667 -0.25213 0.065249 0.030536 0.21733 -0.21991 0.30104 -0.28432 0.13697 -0.193 0.1435 -0.22222 0.5072 -0.27309 0.17276 -0.26675 0.11979 -0.21132 0.58765 -0.021276 0.095816 -0.43689 0.10844 0.082117 -0.42338 0.02454 0.17945 -0.75688 0.14567 0.14419 -0.74934 0.015305 0.13635 -0.83942 0.18671 0.1162 -0.82867 -0.072557 -0.057114 0.59295
-0.18266 0.020578 0.2833 0.086084 -0.0033183 0.36896 -0.073852 -0.0061008 0.40248 -0.014257 -0.0025232 0.067051 -0.044831 -0.0006143 -0.059873 0.05912 -0.0006143 -0.045819 -0.25168 0.068169 0.031118 0.20702 -0.23266 0.31401 -0.28418 0.13805 -0.19296 0.13959 -0.27858 0.51946 -0.27206 0.17283 -0.26704 0.11724 -0.27832 0.60145 -0.02202 0.095916 -0.43684 0.10823 0.083235 -0.42331 0.022962 0.18 -0.75683 0.14498 0.14559 -0.74926 0.014329 0.13757 -0.83979 0.18618 0.11786 -0.8286 -0.072336 -0.057268 0.59299
-0.18262 0.01973 0.28334 0.085298 -0.0059414 0.36445 -0.07365 -0.0062922 0.40251 -0.014172 -0.0025663 0.067068 -0.044919 -0.00059079 -0.059807 0.058998 -0.00059079 -0.045976 -0.25115 0.070959 0.03171 0.19615 -0.24392 0.32613 -0.2837 0.1387 -0.19303 0.13587 -0.33235 0.52809 -0.27063 0.17214 -0.26755 0.11587 -0.3438 0.60935 -0.022774 0.096033 -0.43679 0.10798 0.084377 -0.42323 0.02133 0.18054 -0.75679 0.14425 0.14704 -0.74919 0.013285 0.13872 -0.84013 0.18562 0.11958 -0.82853 -0.07208 -0.057468 0.59302
-0.18258 0.018876 0.28338 0.084437 -0.0087239 0.36031 -0.073448 -0.0065215 0.40255 -0.014088 -0.00262 0.067084 -0.044991 -0.00056927 -0.059754 0.058879 -0.00056927 -0.04613 -0.25056 0.073536 0.032301 0.18586 -0.25337 0.33718 -0.28278 0.13893 -0.19321 0.13285 -0.37927 0.53163 -0.26873 0.17069 -0.26827 0.1163 -0.40304 0.60886 -0.023501 0.09616 -0.43675 0.10771 0.085476 -0.42317 0.019707 0.18106 -0.75677 0.1435 0.14848 -0.74911 0.012194 0.13968 -0.8404 0.18504 0.12131 -0.82846 -0.071808 -0.057704 0.59305
-0.18254 0.018056 0.28343 0.083524 -0.011624 0.35661 -0.073257 -0.0067834 0.40258 -0.014008 -0.0026851 0.067098 -0.045037 -0.00055176 -0.05972 0.058768 -0.00055176 -0.046272 -0.24994 0.075839 0.032879 0.17696 -0.26086 0.34689 -0.28136 0.13877 -0.19349 0.13085 -0.41629 0.52908 -0.26632 0.16848 -0.26916 0.11886 -0.45257 0.59846 -0.024174 0.096295 -0.43672 0.10742 0.086494 -0.42311 0.018138 0.18152 -0.75678 0.14274 0.14987 -0.74903 0.011072 0.1404 -0.84058 0.18444 0.12297 -0.82839 -0.071536 -0.057968 0.59308
-0.18251 0.017286 0.2835 0.082589 -0.01456 0.35333 -0.073074 -0.0070765 0.40261 -0.013934 -0.0027604 0.06711 -0.045059 -0.00053754 -0.059703 0.058663 -0.00053754 -0.046405 -0.2493 0.077871 0.03344 0.16936 -0.26669 0.35505 -0.27946 0.13814 -0.19385 0.12978 -0.44439 0.52093 -0.26342 0.16548 -0.27019 0.12314 -0.49279 0.57968 -0.024798 0.096437 -0.4367 0.10711 0.087471 -0.42305 0.016619 0.18194 -0.7568 0.14198 0.15119 -0.74895 0.0099274 0.14091 -0.84068 0.18384 0.12456 -0.82832 -0.071266 -0.058257 0.59311
-0.18248 0.016581 0.28359 0.081666 -0.017446 0.35045 -0.072895 -0.0074004 0.40263 -0.013862 -0.0028445 0.067121 -0.045064 -0.00052536 -0.0597 0.058564 -0.00052536 -0.046531 -0.24865 0.079652 0.03398 0.16274 -0.27124 0.36144 -0.27711 0.13696 -0.19431 0.12945 -0.46531 0.50796 -0.26009 0.16167 -0.27132 0.12853 -0.52485 0.55461 -0.025385 0.096589 -0.4367 0.10681 0.088466 -0.42297 0.015136 0.18232 -0.75685 0.14121 0.15247 -0.74887 0.0087665 0.14125 -0.84074 0.18323 0.12611 -0.82824 -0.070993 -0.058573 0.59314
-0.18247 0.015953 0.28371 0.08079 -0.020194 0.34794 -0.072718 -0.0077545 0.40266 -0.013793 -0.0029361 0.067132 -0.045056 -0.00051396 -0.059705 0.058467 -0.00051396 -0.046653 -0.24798 0.081198 0.034495 0.15681 -0.27488 0.36585 -0.27432 0.13518 -0.19484 0.12966 -0.48079 0.49094 -0.25637 0.15702 -0.27252 0.13445 -0.54995 0.52538 -0.025946 0.09675 -0.43669 0.10651 0.089537 -0.42286 0.013674 0.18266 -0.75691 0.14042 0.15371 -0.74878 0.0075962 0.14149 -0.84076 0.1826 0.12761 -0.82816 -0.070717 -0.058917 0.59317
-0.18245 0.015416 0.28386 0.079995 -0.022715 0.3458 -0.072537 -0.0081384 0.40268 -0.013724 -0.0030338 0.067141 -0.045042 -0.00050209 -0.059716 0.058371 -0.00050209 -0.046773 -0.24731 0.082528 0.034981 0.15127 -0.27802 0.36806 -0.27114 0.13271 -0.19544 0.13024 -0.49258 0.47064 -0.25232 0.15148 -0.27374 0.1403 -0.56923 0.4941 -0.026493 0.096921 -0.43669 0.10623 0.090742 -0.42271 0.01222 0.18298 -0.75698 0.13962 0.15491 -0.74868 0.006423 0.14167 -0.84077 0.18195 0.12909 -0.82807 -0.070436 -0.05929 0.59319
-0.18245 0.014982 0.28406 0.079314 -0.024924 0.34398 -0.072349 -0.0085514 0.40271 -0.013656 -0.0031363 0.067151 -0.045025 -0.00048847 -0.059729 0.058273 -0.00048847 -0.046894 -0.24663 0.083659 0.035436 0.14581 -0.28103 0.36786 -0.2676 0.12949 -0.19612 0.13099 -0.5024 0.44783 -0.24797 0.14504 -0.27494 0.14552 -0.58387 0.46285 -0.027036 0.097104 -0.43668 0.10598 0.092138 -0.42251 0.010758 0.18328 -0.75705 0.13879 0.15609 -0.74858 0.0052535 0.14184 -0.84079 0.18129 0.13054 -0.82797 -0.070147 -0.059692 0.59322
-0.18246 0.014648 0.2843 0.078758 -0.026797 0.34246 -0.072152 -0.0089922 0.40273 -0.013587 -0.0032427 0.06716 -0.04501 -0.00047155 -0.05974 0.058174 -0.00047155 -0.047016 -0.24596 0.084605 0.035858 0.1404 -0.28403 0.36531 -0.26374 0.12554 -0.19683 0.13181 -0.51104 0.42316 -0.24338 0.13775 -0.27607 0.14977 -0.59469 0.43263 -0.027581 0.097297 -0.43668 0.10575 0.093716 -0.42225 0.0092845 0.18357 -0.75713 0.13795 0.15726 -0.74846 0.0040922 0.14204 -0.84084 0.18059 0.13198 -0.82786 -0.069848 -0.060122 0.59325
-0.18248 0.014393 0.28457 0.078309 -0.028376 0.34119 -0.071946 -0.0094582 0.40276 -0.013517 -0.0033528 0.067168 -0.044997 -0.00044943 -0.059751 0.058075 -0.00044943 -0.04714 -0.24529 0.085374 0.03625 0.13528 -0.28692 0.36078 -0.25964 0.12098 -0.19753 0.13269 -0.51828 0.39713 -0.2386 0.12978 -0.27705 0.15303 -0.60216 0.40326 -0.028126 0.097498 -0.43667 0.10554 0.095399 -0.42197 0.007807 0.18384 -0.7572 0.13708 0.15841 -0.74834 0.0029414 0.14224 -0.84091 0.17989 0.13342 -0.82774 -0.069537 -0.060578 0.59327
-0.1825 0.014198 0.28488 0.077953 -0.029706 0.3401 -0.071731 -0.0099471 0.40279 -0.013444 -0.0034663 0.067177 -0.044985 -0.0004202 -0.059759 0.057975 -0.0004202 -0.047263 -0.24464 0.085974 0.036616 0.13071 -0.28954 0.35465 -0.25537 0.11595 -0.19816 0.13364 -0.52386 0.37025 -0.23368 0.12127 -0.27782 0.15529 -0.60675 0.37448 -0.028666 0.097701 -0.43665 0.10532 0.097107 -0.42167 0.0063326 0.18408 -0.75728 0.1362 0.15954 -0.74822 0.0018031 0.14245 -0.84099 0.17916 0.13485 -0.82763 -0.069212 -0.061058 0.5933
-0.18253 0.01404 0.28521 0.077672 -0.030833 0.33916 -0.071508 -0.010456 0.40281 -0.01337 -0.0035829 0.067186 -0.044977 -0.00038194 -0.059766 0.057876 -0.00038194 -0.047385 -0.24401 0.086414 0.036957 0.12693 -0.29176 0.3473 -0.25102 0.11058 -0.19866 0.13464 -0.52749 0.34299 -0.22866 0.11241 -0.27829 0.15654 -0.60889 0.34606 -0.0292 0.097906 -0.43664 0.10508 0.098758 -0.42139 0.0048685 0.18431 -0.75736 0.1353 0.16068 -0.7481 0.00067952 0.14265 -0.84108 0.17842 0.13628 -0.82752 -0.068871 -0.061559 0.59333
-0.18255 0.013898 0.28556 0.077449 -0.031803 0.33831 -0.071277 -0.010983 0.40284 -0.013292 -0.0037024 0.067195 -0.044972 -0.00033274 -0.05977 0.057778 -0.00033274 -0.047504 -0.24341 0.086701 0.037277 0.1242 -0.29344 0.33909 -0.24666 0.105 -0.19899 0.1357 -0.5289 0.31587 -0.2236 0.10334 -0.2784 0.15676 -0.60904 0.31775 -0.029724 0.098107 -0.43663 0.10481 0.10027 -0.42115 0.0034223 0.18451 -0.75745 0.1344 0.16181 -0.74799 -0.00042719 0.14283 -0.84117 0.17768 0.13772 -0.82742 -0.068511 -0.06208 0.59336
-0.18257 0.013754 0.28593 0.077269 -0.032658 0.3375 -0.071037 -0.011525 0.40287 -0.013211 -0.0038245 0.067204 -0.04497 -0.00027122 -0.059772 0.057683 -0.00027122 -0.047619 -0.24283 0.086845 0.037578 0.12272 -0.29447 0.3304 -0.24237 0.099336 -0.19909 0.13681 -0.52791 0.28936 -0.21855 0.094225 -0.27809 0.15599 -0.60763 0.28936 -0.030236 0.098303 -0.43661 0.1045 0.10158 -0.42096 0.0020011 0.18468 -0.75753 0.1335 0.16293 -0.74789 -0.0015146 0.143 -0.84127 0.17693 0.13917 -0.82733 -0.068131 -0.062617 0.59338
-0.18259 0.013599 0.28629 0.077127 -0.033421 0.33673 -0.070789 -0.012079 0.4029 -0.013128 -0.0039482 0.067213 -0.044972 -0.00019933 -0.059771 0.057592 -0.00019933 -0.04773 -0.24229 0.086865 0.037863 0.12233 -0.29489 0.32146 -0.2382 0.0937 -0.19899 0.13803 -0.52484 0.26382 -0.2136 0.085244 -0.27741 0.15453 -0.60484 0.26109 -0.030733 0.098493 -0.4366 0.10415 0.10269 -0.42082 0.00061088 0.18483 -0.75762 0.1326 0.16405 -0.7478 -0.0025784 0.14314 -0.84136 0.17618 0.14061 -0.82725 -0.067737 -0.063166 0.59341
-0.1826 0.013434 0.28666 0.077022 -0.034104 0.33599 -0.070533 -0.01264 0.40292 -0.013044 -0.0040722 0.067222 -0.044977 -0.00012037 -0.059767 0.057505 -0.00012037 -0.047835 -0.24176 0.086784 0.038131 0.12271 -0.29482 0.31246 -0.2342 0.088185 -0.19871 0.13941 -0.52022 0.23958 -0.20883 0.076566 -0.27646 0.15282 -0.60076 0.23328 -0.031215 0.09868 -0.43659 0.10378 0.10364 -0.42072 -0.00074286 0.18496 -0.7577 0.13171 0.16515 -0.74771 -0.0036133 0.14326 -0.84146 0.17544 0.14204 -0.82718 -0.067335 -0.063724 0.59343
-0.1826 0.013254 0.28703 0.076952 -0.03472 0.3353 -0.07027 -0.013203 0.40295 -0.01296 -0.0041952 0.067231 -0.044986 -3.7637e-05 -0.05976 0.057422 -3.7637e-05 -0.047934 -0.24126 0.086624 0.038383 0.12357 -0.29439 0.3036 -0.23044 0.082889 -0.19831 0.14103 -0.51456 0.21695 -0.20436 0.068362 -0.27534 0.15127 -0.59551 0.20627 -0.03168 0.098864 -0.43657 0.1034 0.10448 -0.42064 -0.0020547 0.18507 -0.75779 0.13084 0.16623 -0.74763 -0.0046142 0.14337 -0.84155 0.17471 0.14345 -0.82712 -0.066934 -0.064284 0.59346
-0.18258 0.013059 0.28739 0.076917 -0.035284 0.33466 -0.069999 -0.013765 0.40298 -0.012877 -0.0043162 0.067239 -0.044997 4.5592e-05 -0.059752 0.057346 4.5592e-05 -0.048026 -0.24076 0.086406 0.038621 0.12461 -0.29371 0.29507 -0.22695 0.077909 -0.1978 0.14294 -0.5084 0.19624 -0.20026 0.060805 -0.27414 0.1503 -0.58918 0.18042 -0.032128 0.099048 -0.43655 0.10303 0.10524 -0.42057 -0.0033191 0.18516 -0.75787 0.12999 0.16726 -0.74756 -0.0055761 0.14346 -0.84164 0.174 0.14481 -0.82706 -0.06654 -0.064844 0.59349
-0.18254 0.012847 0.28773 0.076914 -0.035808 0.33407 -0.069722 -0.014322 0.40301 -0.012798 -0.0044337 0.067247 -0.045012 0.00012603 -0.059741 0.057276 0.00012603 -0.048109 -0.24027 0.086155 0.038844 0.12551 -0.29289 0.28707 -0.22381 0.07334 -0.19724 0.14521 -0.50226 0.17779 -0.19663 0.054067 -0.27295 0.15035 -0.58186 0.15607 -0.032556 0.099234 -0.43653 0.10266 0.10598 -0.4205 -0.0045307 0.18523 -0.75794 0.12916 0.16825 -0.74747 -0.0064936 0.14355 -0.84172 0.17331 0.14612 -0.82699 -0.066161 -0.065397 0.59352
-0.18248 0.012618 0.28805 0.076945 -0.036303 0.33354 -0.069437 -0.01487 0.40304 -0.012722 -0.0045471 0.067253 -0.045029 0.00020169 -0.059728 0.057214 0.00020169 -0.048183 -0.23978 0.085882 0.039054 0.12609 -0.29201 0.2797 -0.22102 0.069235 -0.19666 0.14788 -0.49649 0.16169 -0.19352 0.048235 -0.27185 0.15166 -0.5737 0.13345 -0.032964 0.099421 -0.4365 0.10233 0.10671 -0.42042 -0.0056869 0.1853 -0.75801 0.12837 0.16918 -0.74739 -0.0073644 0.14363 -0.8418 0.17266 0.14737 -0.82691 -0.0658 -0.065941 0.59354
-0.18239 0.012372 0.28836 0.077008 -0.036769 0.33305 -0.069142 -0.015412 0.40307 -0.012649 -0.0046565 0.06726 -0.045049 0.00027326 -0.059713 0.057157 0.00027326 -0.048249 -0.23926 0.08558 0.039246 0.1264 -0.29107 0.27288 -0.21856 0.065554 -0.19606 0.15091 -0.49104 0.14769 -0.19088 0.043223 -0.27083 0.15412 -0.56493 0.11257 -0.033354 0.099609 -0.43646 0.10201 0.10743 -0.42033 -0.0067909 0.18535 -0.75807 0.1276 0.17006 -0.74731 -0.0081913 0.1437 -0.84188 0.17203 0.14855 -0.82684 -0.065456 -0.066476 0.59358
-0.18228 0.012115 0.28866 0.077106 -0.037209 0.33262 -0.068834 -0.015948 0.4031 -0.012579 -0.0047621 0.067265 -0.045071 0.00034171 -0.059696 0.057107 0.00034171 -0.048308 -0.23872 0.085242 0.03942 0.12654 -0.29003 0.26652 -0.21638 0.062246 -0.19547 0.15427 -0.48582 0.13544 -0.18863 0.038924 -0.26991 0.15757 -0.55576 0.093416 -0.033728 0.099798 -0.43642 0.10171 0.10814 -0.42024 -0.0078467 0.18539 -0.75813 0.12686 0.1709 -0.74722 -0.0089779 0.14376 -0.84195 0.17142 0.14968 -0.82676 -0.065123 -0.067002 0.59361
-0.18215 0.011847 0.28894 0.077238 -0.037624 0.33222 -0.068509 -0.016482 0.40313 -0.012511 -0.004864 0.067271 -0.045094 0.00040806 -0.059677 0.057063 0.00040806 -0.04836 -0.23812 0.084857 0.03957 0.12658 -0.28889 0.2605 -0.21445 0.059261 -0.19491 0.15791 -0.48077 0.12462 -0.1867 0.035231 -0.26909 0.16187 -0.54644 0.075961 -0.034088 0.099984 -0.43638 0.10142 0.10883 -0.42014 -0.0088583 0.18542 -0.75818 0.12615 0.17169 -0.74713 -0.0097276 0.14382 -0.84202 0.17083 0.15076 -0.82667 -0.064798 -0.067521 0.59365
-0.18199 0.011572 0.28923 0.077406 -0.038014 0.33186 -0.068164 -0.017014 0.40317 -0.012444 -0.0049626 0.067276 -0.04512 0.0004733 -0.059658 0.057023 0.0004733 -0.048406 -0.23746 0.084416 0.039696 0.12662 -0.28762 0.25473 -0.21273 0.056547 -0.19437 0.1618 -0.47579 0.1149 -0.18503 0.032037 -0.26837 0.16685 -0.5372 0.060188 -0.034436 0.10017 -0.43634 0.10115 0.10949 -0.42004 -0.0098295 0.18544 -0.75823 0.12545 0.17245 -0.74705 -0.010444 0.14386 -0.84209 0.17025 0.1518 -0.82659 -0.064477 -0.068032 0.59369
-0.1818 0.011293 0.28951 0.07761 -0.038381 0.33152 -0.067797 -0.017547 0.40321 -0.012378 -0.0050581 0.067281 -0.045146 0.00053843 -0.059637 0.056988 0.00053843 -0.048447 -0.23672 0.083911 0.039795 0.12672 -0.28619 0.24911 -0.21117 0.054055 -0.19389 0.16589 -0.4708 0.10595 -0.18355 0.029234 -0.26775 0.17238 -0.52826 0.046078 -0.034773 0.10035 -0.4363 0.10088 0.11012 -0.41994 -0.010764 0.18545 -0.75828 0.12477 0.17317 -0.74697 -0.011131 0.1439 -0.84215 0.16969 0.1528 -0.82651 -0.064157 -0.068536 0.59374
-0.18159 0.011012 0.2898 0.077851 -0.038727 0.33121 -0.067405 -0.018082 0.40325 -0.012312 -0.0051506 0.067286 -0.045174 0.00060444 -0.059615 0.056957 0.00060444 -0.048483 -0.23587 0.083333 0.039862 0.12698 -0.28459 0.24354 -0.20973 0.051733 -0.19348 0.17016 -0.46572 0.097433 -0.18218 0.026716 -0.26723 0.17829 -0.51986 0.033611 -0.035102 0.10053 -0.43626 0.10061 0.11071 -0.41986 -0.011667 0.18545 -0.75832 0.1241 0.17386 -0.74689 -0.011791 0.14392 -0.84221 0.16914 0.15376 -0.82644 -0.063832 -0.069035 0.59379
-0.18135 0.010733 0.2901 0.07813 -0.039052 0.33091 -0.066984 -0.018622 0.40329 -0.012245 -0.0052405 0.067291 -0.045202 0.00067234 -0.059593 0.056929 0.00067234 -0.048514 -0.23492 0.082671 0.039897 0.12749 -0.28279 0.23791 -0.20837 0.049531 -0.19315 0.17456 -0.46046 0.089028 -0.18087 0.024374 -0.26682 0.18443 -0.51223 0.022769 -0.035424 0.10069 -0.43621 0.10033 0.11125 -0.41978 -0.012541 0.18544 -0.75837 0.12344 0.17452 -0.74681 -0.012428 0.14394 -0.84227 0.16859 0.15468 -0.82637 -0.0635 -0.069527 0.59385
-0.18108 0.010457 0.29041 0.078447 -0.039358 0.33063 -0.066531 -0.019167 0.40334 -0.012177 -0.005328 0.067297 -0.045231 0.00074312 -0.05957 0.056904 0.00074312 -0.048543 -0.23384 0.081918 0.039896 0.12832 -0.28079 0.23213 -0.20706 0.047397 -0.19291 0.17906 -0.45494 0.080404 -0.17954 0.022103 -0.26652 0.19065 -0.5056 0.013531 -0.035741 0.10086 -0.43618 0.10005 0.11174 -0.41971 -0.013391 0.18542 -0.75841 0.12279 0.17516 -0.74674 -0.013047 0.14394 -0.84232 0.16804 0.15559 -0.82631 -0.063155 -0.070014 0.59391
-0.18079 0.010188 0.29073 0.078804 -0.039645 0.33034 -0.066044 -0.01972 0.4034 -0.012107 -0.0054132 0.067302 -0.04526 0.00081777 -0.059548 0.056881 0.00081777 -0.048568 -0.23261 0.081064 0.039856 0.12956 -0.27854 0.22609 -0.20574 0.045281 -0.19278 0.18361 -0.44908 0.071229 -0.17811 0.019795 -0.26633 0.19679 -0.5002 0.0058773 -0.036055 0.10101 -0.43614 0.099761 0.11217 -0.41966 -0.01422 0.1854 -0.75846 0.12214 0.17578 -0.74668 -0.013649 0.14393 -0.84237 0.16749 0.15647 -0.82625 -0.062796 -0.070496 0.59399
-0.18046 0.009929 0.29107 0.079201 -0.039915 0.33006 -0.065519 -0.020282 0.40346 -0.012035 -0.0054964 0.067309 -0.045288 0.0008973 -0.059525 0.05686 0.0008973 -0.048592 -0.23122 0.080101 0.039774 0.1313 -0.27604 0.21969 -0.20438 0.043133 -0.19278 0.18818 -0.44279 0.061176 -0.17653 0.017342 -0.26626 0.20271 -0.49627 -0.00021048 -0.036368 0.10116 -0.43611 0.099455 0.11254 -0.41963 -0.015032 0.18536 -0.75851 0.1215 0.17638 -0.74662 -0.01424 0.14391 -0.84242 0.16693 0.15733 -0.82621 -0.062416 -0.070975 0.59407
