-0.14975 -0.019369 0.30412 0.12901 -0.0023065 0.35366 -0.023352 -0.026449 0.4077 -0.0064951 -0.0054769 0.068069 -0.053598 0.0049934 -0.051936 0.057764 0.0049934 -0.047259 -0.34503 -0.19763 0.33125 0.21779 -0.05509 0.10875 -0.24494 -0.20425 0.54597 0.22267 -0.21898 -0.062382 -0.22537 -0.16549 0.61636 0.22254 -0.25974 -0.13434 -0.041459 0.0037844 -0.44155 0.081681 0.108 -0.42244 -0.062246 -0.013033 -0.77437 0.057896 0.21741 -0.73701 -0.018327 -0.056578 -0.84463 0.03535 0.14954 -0.79739 -0.045818 -0.085192 0.59467
-0.15108 -0.017226 0.30318 0.12603 -0.0033506 0.35225 -0.025386 -0.029555 0.40724 -0.0063804 -0.0060088 0.068011 -0.053611 0.0046444 -0.051935 0.057345 0.0046444 -0.047812 -0.34151 -0.19953 0.33168 0.21432 -0.055629 0.10703 -0.22797 -0.21404 0.53677 0.21936 -0.21907 -0.064626 -0.20081 -0.18229 0.60295 0.21763 -0.25944 -0.13628 -0.041413 0.0045269 -0.44158 0.081929 0.10981 -0.42241 -0.062139 -0.01167 -0.77445 0.059259 0.22029 -0.73662 -0.018054 -0.05518 -0.84469 0.034778 0.15062 -0.7947 -0.047196 -0.087499 0.59488
-0.15167 -0.015847 0.3014 0.12329 -0.0049147 0.35123 -0.027572 -0.032373 0.40682 -0.0063863 -0.0065074 0.067954 -0.053623 0.0043697 -0.051938 0.05711 0.0043697 -0.048131 -0.33925 -0.20085 0.32943 0.21132 -0.056526 0.10578 -0.21668 -0.22245 0.52821 0.21607 -0.21944 -0.066442 -0.18416 -0.19632 0.59247 0.21311 -0.25921 -0.13814 -0.041423 0.0055987 -0.44159 0.082906 0.11124 -0.42219 -0.062029 -0.0098137 -0.77452 0.061255 0.22236 -0.73622 -0.018016 -0.053455 -0.84475 0.035469 0.1518 -0.79304 -0.047834 -0.090365 0.59478
-0.15166 -0.015182 0.29896 0.12074 -0.0069284 0.35052 -0.02988 -0.034979 0.40644 -0.0064969 -0.0069842 0.067895 -0.053629 0.0041683 -0.051948 0.057034 0.0041683 -0.048247 -0.33804 -0.20173 0.32482 0.20871 -0.057743 0.10488 -0.21042 -0.22982 0.52011 0.21275 -0.22008 -0.067901 -0.17449 -0.20817 0.58435 0.20887 -0.2591 -0.13991 -0.041483 0.0069562 -0.44159 0.084503 0.11236 -0.42181 -0.061912 -0.0075305 -0.77457 0.063805 0.22376 -0.7358 -0.018178 -0.051443 -0.84482 0.037251 0.15309 -0.79226 -0.047826 -0.0937 0.5944
-0.15121 -0.015182 0.296 0.11834 -0.0093211 0.35006 -0.032281 -0.037448 0.40608 -0.0066964 -0.007451 0.067832 -0.053626 0.0040391 -0.051966 0.057091 0.0040391 -0.048188 -0.33766 -0.20233 0.31817 0.20641 -0.059244 0.10428 -0.20852 -0.23651 0.51229 0.20941 -0.22097 -0.069076 -0.17092 -0.21843 0.57802 0.20485 -0.25916 -0.14159 -0.041586 0.0085557 -0.44159 0.086611 0.11321 -0.4213 -0.061786 -0.0048855 -0.77462 0.066832 0.22461 -0.73536 -0.018505 -0.049185 -0.84489 0.039953 0.1545 -0.79222 -0.047268 -0.097416 0.5938
-0.15049 -0.0158 0.29271 0.11606 -0.012022 0.34976 -0.034745 -0.039856 0.40571 -0.0069687 -0.0079192 0.067761 -0.053612 0.0039811 -0.051994 0.057259 0.0039811 -0.047984 -0.3379 -0.20282 0.30981 0.20435 -0.060992 0.10387 -0.21032 -0.24287 0.50459 0.20601 -0.22209 -0.070038 -0.17254 -0.22772 0.57289 0.20096 -0.25945 -0.14316 -0.041724 0.010353 -0.44158 0.089122 0.11384 -0.42067 -0.06165 -0.0019441 -0.77467 0.070258 0.22507 -0.73488 -0.018962 -0.046722 -0.84497 0.043404 0.15603 -0.79274 -0.046253 -0.10143 0.593
-0.14963 -0.016985 0.28925 0.11386 -0.014962 0.34955 -0.037243 -0.042278 0.40532 -0.0072982 -0.0084005 0.06768 -0.053582 0.0039933 -0.052033 0.057513 0.0039933 -0.047667 -0.33856 -0.20336 0.30004 0.20245 -0.062951 0.10359 -0.21516 -0.24922 0.49682 0.20255 -0.22342 -0.07086 -0.17844 -0.23662 0.56841 0.1971 -0.26 -0.14463 -0.04189 0.012306 -0.44158 0.091926 0.11432 -0.41996 -0.0615 0.0012284 -0.77472 0.074004 0.22525 -0.73436 -0.019514 -0.044094 -0.84506 0.047432 0.15769 -0.79369 -0.044875 -0.10564 0.59206
-0.14881 -0.01869 0.28578 0.1117 -0.018068 0.34936 -0.039745 -0.044788 0.40489 -0.0076687 -0.0089066 0.067587 -0.053533 0.0040745 -0.052086 0.057828 0.0040745 -0.047264 -0.33941 -0.20409 0.28921 0.20061 -0.065084 0.10333 -0.22237 -0.25593 0.48882 0.19899 -0.22494 -0.071615 -0.18772 -0.24573 0.564 0.1932 -0.26087 -0.14599 -0.042077 0.014369 -0.44158 0.094914 0.11469 -0.41918 -0.061335 0.0045665 -0.77478 0.077993 0.2253 -0.73379 -0.020126 -0.041343 -0.84516 0.051866 0.15949 -0.79489 -0.04323 -0.10997 0.59101
-0.14817 -0.020866 0.28246 0.10955 -0.021272 0.34912 -0.042222 -0.047463 0.4044 -0.0080645 -0.009449 0.067478 -0.053462 0.0042238 -0.052155 0.05818 0.0042238 -0.046807 -0.34025 -0.20519 0.27762 0.19877 -0.067353 0.10302 -0.2313 -0.26333 0.4804 0.19532 -0.22664 -0.072373 -0.19947 -0.25565 0.55907 0.18917 -0.26211 -0.14722 -0.042278 0.0165 -0.44159 0.097978 0.11501 -0.41838 -0.061152 0.0080049 -0.77484 0.082147 0.22535 -0.73317 -0.020764 -0.038509 -0.84527 0.056534 0.16144 -0.7962 -0.041411 -0.11432 0.58989
-0.14788 -0.023464 0.27948 0.10736 -0.024502 0.34874 -0.044645 -0.050378 0.40383 -0.0084697 -0.010039 0.067351 -0.053366 0.00444 -0.05224 0.058545 0.00444 -0.046325 -0.34087 -0.20681 0.2656 0.19684 -0.069722 0.10258 -0.24126 -0.27177 0.47141 0.19152 -0.2285 -0.073207 -0.2128 -0.26699 0.55308 0.18493 -0.26376 -0.14833 -0.042486 0.018654 -0.44161 0.10101 0.11534 -0.41756 -0.06095 0.011478 -0.77491 0.086388 0.22553 -0.73248 -0.021392 -0.035633 -0.84541 0.061265 0.16354 -0.79747 -0.039513 -0.11861 0.58874
-0.14808 -0.026435 0.27699 0.1051 -0.027688 0.34815 -0.046983 -0.053608 0.40316 -0.0088683 -0.010689 0.067204 -0.053241 0.0047223 -0.052345 0.058898 0.0047223 -0.045848 -0.34105 -0.20911 0.25347 0.19474 -0.072155 0.10191 -0.25161 -0.2816 0.46165 0.18758 -0.2305 -0.074189 -0.22679 -0.28033 0.54543 0.18038 -0.26588 -0.14931 -0.042693 0.020788 -0.44165 0.1039 0.11572 -0.41675 -0.060724 0.014921 -0.775 0.090638 0.22599 -0.73172 -0.021976 -0.032756 -0.84557 0.065888 0.1658 -0.79852 -0.03763 -0.12275 0.58761
-0.14894 -0.029731 0.27516 0.10274 -0.03076 0.34729 -0.049209 -0.057228 0.40238 -0.0092444 -0.01141 0.067033 -0.053084 0.0050694 -0.05247 0.059216 0.0050694 -0.045406 -0.34058 -0.21225 0.24155 0.19239 -0.074614 0.10094 -0.26168 -0.29316 0.45096 0.18346 -0.23262 -0.075391 -0.24055 -0.29628 0.53557 0.17546 -0.2685 -0.15016 -0.042893 0.022859 -0.44171 0.10653 0.1162 -0.41599 -0.060474 0.018267 -0.77511 0.094819 0.22685 -0.73088 -0.022481 -0.029918 -0.84575 0.070231 0.16822 -0.79922 -0.035857 -0.12666 0.58653
-0.15061 -0.033303 0.27416 0.10023 -0.033647 0.34607 -0.051291 -0.061314 0.40147 -0.0095822 -0.012214 0.066836 -0.052892 0.0054804 -0.052618 0.059472 0.0054804 -0.045028 -0.33926 -0.21639 0.23017 0.18972 -0.077064 0.099583 -0.27081 -0.30679 0.43916 0.17916 -0.23485 -0.076886 -0.25317 -0.31544 0.52291 0.17007 -0.27168 -0.15085 -0.043077 0.024822 -0.4418 0.10881 0.11686 -0.41529 -0.060197 0.021453 -0.77524 0.098853 0.22826 -0.72995 -0.022872 -0.027161 -0.84596 0.074122 0.17082 -0.79941 -0.034288 -0.13023 0.58554
-0.15325 -0.037102 0.27414 0.097536 -0.036278 0.34442 -0.053202 -0.06594 0.4004 -0.0098658 -0.013113 0.06661 -0.05266 0.0059542 -0.05279 0.059644 0.0059542 -0.044745 -0.33686 -0.22169 0.21965 0.18663 -0.079466 0.097752 -0.27833 -0.32285 0.42608 0.17465 -0.23717 -0.078744 -0.26374 -0.3384 0.50688 0.16412 -0.27548 -0.1514 -0.04324 0.026634 -0.44193 0.11062 0.11772 -0.41468 -0.05989 0.024411 -0.7754 0.10266 0.23034 -0.72893 -0.023113 -0.024525 -0.8462 0.077391 0.17361 -0.79892 -0.033017 -0.13339 0.58469
-0.15697 -0.041074 0.27527 0.094639 -0.038587 0.34229 -0.054912 -0.071156 0.39918 -0.010081 -0.014113 0.066354 -0.052387 0.006488 -0.052988 0.05971 0.006488 -0.044582 -0.33322 -0.22826 0.21028 0.18307 -0.081785 0.095384 -0.28365 -0.34158 0.41159 0.16992 -0.23955 -0.081017 -0.27146 -0.36561 0.48705 0.15756 -0.27991 -0.15179 -0.043374 0.028255 -0.44208 0.11187 0.11885 -0.41418 -0.059552 0.027084 -0.77559 0.10618 0.2332 -0.7278 -0.023175 -0.022048 -0.84648 0.079897 0.17658 -0.79763 -0.032133 -0.13605 0.58401
-0.16165 -0.045124 0.27745 0.091633 -0.040553 0.33981 -0.056413 -0.076758 0.39783 -0.010233 -0.015185 0.066075 -0.05208 0.0070628 -0.053208 0.059678 0.0070628 -0.044534 -0.32853 -0.23581 0.20214 0.17914 -0.083984 0.092614 -0.28689 -0.36238 0.39601 0.16503 -0.24199 -0.083548 -0.27642 -0.3961 0.46411 0.15054 -0.28483 -0.15198 -0.043478 0.029684 -0.44226 0.11259 0.12021 -0.41379 -0.059183 0.029475 -0.7758 0.10941 0.23676 -0.72659 -0.023069 -0.01974 -0.84677 0.081784 0.17975 -0.7957 -0.031653 -0.13824 0.5835
-0.16697 -0.049128 0.28048 0.08868 -0.042175 0.33721 -0.057706 -0.082408 0.39646 -0.010334 -0.016277 0.065788 -0.051749 0.0076506 -0.053443 0.059572 0.0076506 -0.044574 -0.3232 -0.24385 0.19517 0.17503 -0.086029 0.089685 -0.28853 -0.38415 0.37987 0.16009 -0.24445 -0.086068 -0.27919 -0.42811 0.43943 0.14333 -0.29001 -0.15191 -0.04355 0.030942 -0.44247 0.11292 0.12169 -0.41349 -0.058784 0.031619 -0.77603 0.11243 0.24079 -0.72533 -0.022828 -0.017594 -0.84709 0.083356 0.18313 -0.7934 -0.03156 -0.14002 0.58313
-0.17263 -0.052965 0.28416 0.085944 -0.043455 0.33474 -0.058792 -0.087763 0.39515 -0.010401 -0.017338 0.065506 -0.051406 0.0082233 -0.053689 0.059416 0.0082233 -0.044678 -0.31761 -0.25184 0.18934 0.17094 -0.087886 0.08684 -0.28907 -0.40582 0.36372 0.1552 -0.24691 -0.088305 -0.28037 -0.45989 0.41438 0.13619 -0.29521 -0.15155 -0.043593 0.032048 -0.44269 0.11298 0.12323 -0.41327 -0.058358 0.033555 -0.77627 0.11529 0.24506 -0.72403 -0.022486 -0.015604 -0.8474 0.084918 0.18673 -0.79105 -0.031836 -0.14148 0.58287
-0.17833 -0.056514 0.28829 0.083588 -0.044395 0.33261 -0.059671 -0.092482 0.39399 -0.010447 -0.018317 0.065242 -0.051063 0.0087527 -0.053937 0.059233 0.0087527 -0.04482 -0.31218 -0.25929 0.18457 0.16706 -0.089517 0.084322 -0.28901 -0.42629 0.34813 0.15046 -0.24935 -0.089989 -0.28053 -0.48967 0.3903 0.1294 -0.3002 -0.15083 -0.043605 0.033023 -0.44292 0.11288 0.12472 -0.41309 -0.057904 0.035319 -0.77651 0.11805 0.24937 -0.72272 -0.022077 -0.013765 -0.84771 0.086772 0.19057 -0.78894 -0.032462 -0.14269 0.58269
-0.18377 -0.059652 0.29266 0.081775 -0.044995 0.33107 -0.060343 -0.096223 0.39306 -0.010486 -0.019162 0.065009 -0.05073 0.0092109 -0.054183 0.059049 0.0092109 -0.044976 -0.30729 -0.26568 0.18082 0.16358 -0.09089 0.082374 -0.28883 -0.44447 0.33364 0.14597 -0.25174 -0.09085 -0.28027 -0.51569 0.36857 0.12323 -0.30472 -0.14969 -0.043587 0.033887 -0.44314 0.11275 0.12609 -0.41295 -0.057426 0.036949 -0.77674 0.12077 0.25349 -0.72144 -0.021635 -0.01207 -0.848 0.089223 0.19466 -0.78736 -0.03342 -0.14372 0.58258
-0.18866 -0.062259 0.29707 0.080669 -0.045257 0.33036 -0.060811 -0.098646 0.39244 -0.010533 -0.019821 0.064822 -0.050419 0.0095698 -0.054419 0.058887 0.0095698 -0.045121 -0.30336 -0.2705 0.17804 0.1607 -0.091968 0.08124 -0.28904 -0.45927 0.3208 0.14184 -0.25407 -0.090616 -0.28016 -0.5362 0.35053 0.11795 -0.30855 -0.1481 -0.04354 0.03466 -0.44335 0.11271 0.12725 -0.41282 -0.056924 0.038481 -0.77696 0.12351 0.25721 -0.7202 -0.021194 -0.010513 -0.84826 0.092577 0.19901 -0.78662 -0.034692 -0.14464 0.58249
-0.19276 -0.064261 0.30135 0.080355 -0.045202 0.33061 -0.061084 -0.099565 0.39219 -0.010598 -0.020263 0.064689 -0.050139 0.0098123 -0.054641 0.058763 0.0098123 -0.045235 -0.30065 -0.27342 0.17615 0.15854 -0.092742 0.081062 -0.28998 -0.46998 0.30999 0.13813 -0.25631 -0.089143 -0.28065 -0.55007 0.33709 0.11371 -0.31155 -0.14602 -0.043466 0.035359 -0.44354 0.11285 0.12813 -0.41268 -0.056401 0.039945 -0.77716 0.12632 0.26037 -0.71902 -0.02078 -0.0090862 -0.84848 0.097008 0.20362 -0.78688 -0.036243 -0.14552 0.58241
-0.19615 -0.065735 0.30544 0.080685 -0.04491 0.33164 -0.061204 -0.099273 0.39224 -0.010679 -0.020519 0.064603 -0.049888 0.0099557 -0.054848 0.058675 0.0099557 -0.045321 -0.29906 -0.27468 0.17498 0.15697 -0.093281 0.081672 -0.29158 -0.47706 0.30107 0.13479 -0.25849 -0.086663 -0.28173 -0.55817 0.32767 0.11036 -0.31386 -0.14354 -0.043368 0.035995 -0.44372 0.11314 0.12877 -0.41255 -0.055867 0.041343 -0.77734 0.12917 0.26305 -0.7179 -0.020392 -0.0077797 -0.84867 0.1023 0.20842 -0.78796 -0.037987 -0.14635 0.58234
-0.19891 -0.066789 0.30928 0.081463 -0.044473 0.33323 -0.061215 -0.098155 0.39248 -0.01077 -0.020631 0.064552 -0.049663 0.010023 -0.05504 0.058614 0.010023 -0.045385 -0.29841 -0.27462 0.17437 0.15582 -0.093669 0.082842 -0.29367 -0.48118 0.29381 0.13173 -0.2606 -0.083483 -0.28328 -0.56173 0.32145 0.10764 -0.31569 -0.14076 -0.043253 0.036574 -0.44388 0.11355 0.12923 -0.41242 -0.055329 0.042673 -0.7775 0.13201 0.26536 -0.71682 -0.020028 -0.0065813 -0.84883 0.10818 0.21334 -0.7896 -0.039827 -0.14714 0.58227
-0.20115 -0.067527 0.31283 0.082495 -0.043985 0.33514 -0.061164 -0.096594 0.39284 -0.010867 -0.020641 0.064528 -0.04946 0.010039 -0.055218 0.058572 0.010039 -0.045434 -0.29851 -0.27359 0.17412 0.15493 -0.093987 0.084345 -0.29607 -0.48301 0.28797 0.12888 -0.26268 -0.079911 -0.28521 -0.56198 0.31759 0.10533 -0.31724 -0.1378 -0.043128 0.037104 -0.44402 0.11404 0.12955 -0.41229 -0.054796 0.043934 -0.77765 0.13481 0.26742 -0.71575 -0.019682 -0.0054794 -0.84896 0.11434 0.21832 -0.79153 -0.04167 -0.14788 0.5822
-0.20297 -0.068055 0.31604 0.083587 -0.043537 0.33713 -0.061098 -0.094974 0.3932 -0.010965 -0.020592 0.06452 -0.049276 0.010026 -0.055381 0.058542 0.010026 -0.045474 -0.29918 -0.27194 0.17408 0.15412 -0.09432 0.085954 -0.29863 -0.48323 0.2833 0.12615 -0.26473 -0.076251 -0.28742 -0.56015 0.31526 0.10318 -0.31873 -0.13475 -0.042997 0.037594 -0.44415 0.11457 0.12978 -0.41216 -0.054279 0.045123 -0.77777 0.13754 0.26933 -0.71467 -0.019351 -0.0044623 -0.84906 0.1205 0.22328 -0.79349 -0.043417 -0.14856 0.58213
-0.20447 -0.06848 0.31887 0.084542 -0.04322 0.33898 -0.061061 -0.09368 0.39349 -0.011059 -0.020525 0.064517 -0.049108 0.010007 -0.055529 0.058514 0.010007 -0.04551 -0.30024 -0.27 0.17405 0.15324 -0.094751 0.087442 -0.30118 -0.48251 0.27957 0.12347 -0.26677 -0.07281 -0.28981 -0.55748 0.31361 0.10096 -0.32036 -0.13171 -0.042868 0.038051 -0.44427 0.11509 0.12998 -0.41205 -0.053785 0.046238 -0.77789 0.14016 0.2712 -0.71359 -0.01903 -0.0035184 -0.84914 0.12638 0.22815 -0.79523 -0.044975 -0.14918 0.58207
-0.20576 -0.068905 0.32126 0.085173 -0.043126 0.34046 -0.0611 -0.093086 0.39361 -0.011143 -0.020481 0.06451 -0.048953 0.010007 -0.055663 0.058482 0.010007 -0.045548 -0.30151 -0.26812 0.17386 0.15211 -0.095361 0.088585 -0.30355 -0.48152 0.27655 0.12076 -0.2688 -0.069888 -0.29228 -0.55516 0.31184 0.098447 -0.32233 -0.12879 -0.042745 0.038483 -0.44437 0.11557 0.13019 -0.41194 -0.053323 0.047278 -0.77799 0.14262 0.27315 -0.71246 -0.018716 -0.002636 -0.84921 0.1317 0.23286 -0.79648 -0.046249 -0.14975 0.582
-0.20689 -0.069374 0.32322 0.085418 -0.043284 0.34148 -0.061226 -0.093302 0.39353 -0.011217 -0.020479 0.064495 -0.048809 0.010033 -0.055784 0.058442 0.010033 -0.045592 -0.30286 -0.26646 0.17346 0.15071 -0.096153 0.0893 -0.30569 -0.48059 0.27409 0.11802 -0.27083 -0.067598 -0.29476 -0.55375 0.30959 0.095585 -0.32467 -0.12605 -0.04263 0.038896 -0.44447 0.11599 0.13044 -0.41184 -0.052895 0.048248 -0.77808 0.14492 0.27521 -0.7113 -0.018406 -0.0018047 -0.84926 0.13628 0.23732 -0.79713 -0.047224 -0.15026 0.58194
-0.20787 -0.069862 0.32484 0.085366 -0.043654 0.34211 -0.061414 -0.094137 0.3933 -0.011283 -0.020509 0.064473 -0.048672 0.01008 -0.055894 0.058397 0.01008 -0.045639 -0.30423 -0.26501 0.17288 0.14919 -0.097047 0.089654 -0.30766 -0.47972 0.27211 0.11534 -0.27278 -0.065839 -0.29723 -0.55306 0.30705 0.092537 -0.32725 -0.1235 -0.042517 0.039295 -0.44455 0.11637 0.1307 -0.41175 -0.052491 0.049157 -0.77816 0.14709 0.27733 -0.71012 -0.018101 -0.0010154 -0.8493 0.14012 0.2414 -0.7972 -0.047967 -0.15073 0.58186
-0.20874 -0.070342 0.32618 0.085112 -0.044194 0.34242 -0.061638 -0.095386 0.39297 -0.011341 -0.020558 0.064447 -0.048543 0.010138 -0.055996 0.058349 0.010138 -0.045688 -0.30553 -0.26371 0.17219 0.1477 -0.097955 0.089724 -0.30951 -0.47887 0.27057 0.1128 -0.2746 -0.0645 -0.29967 -0.55282 0.30445 0.089477 -0.32991 -0.12113 -0.042403 0.039685 -0.44463 0.11672 0.13097 -0.41166 -0.052105 0.050019 -0.77823 0.14915 0.27946 -0.70894 -0.017803 -0.00025898 -0.84934 0.14319 0.24498 -0.79675 -0.048552 -0.15119 0.58179
-0.20949 -0.070785 0.32733 0.084752 -0.044862 0.34248 -0.06187 -0.096843 0.39259 -0.011395 -0.020617 0.06442 -0.048418 0.010199 -0.056093 0.058301 0.010199 -0.045736 -0.30671 -0.26254 0.17144 0.14638 -0.098792 0.089588 -0.31131 -0.47801 0.2694 0.1105 -0.27623 -0.06347 -0.30205 -0.55282 0.30199 0.086575 -0.33248 -0.11894 -0.042281 0.040069 -0.4447 0.11707 0.13122 -0.41158 -0.051727 0.050845 -0.77829 0.15113 0.28152 -0.70777 -0.017511 0.00047358 -0.84938 0.14548 0.24795 -0.79581 -0.049053 -0.15165 0.5817
-0.21015 -0.071163 0.32835 0.08438 -0.045615 0.34237 -0.062083 -0.098303 0.39222 -0.011447 -0.020675 0.064395 -0.048297 0.010257 -0.056188 0.058256 0.010257 -0.045782 -0.3077 -0.26147 0.1707 0.14539 -0.099471 0.089321 -0.31313 -0.47711 0.26856 0.10853 -0.27761 -0.062639 -0.30434 -0.5528 0.2999 0.084003 -0.33482 -0.11696 -0.042148 0.040452 -0.44477 0.11743 0.13145 -0.41151 -0.051349 0.051645 -0.77836 0.15305 0.28348 -0.70664 -0.017227 0.0011913 -0.84943 0.14698 0.25017 -0.79443 -0.049543 -0.15214 0.58161
-0.21073 -0.071449 0.32933 0.084094 -0.04641 0.34217 -0.062251 -0.09956 0.39191 -0.011498 -0.020719 0.064374 -0.048178 0.010303 -0.056283 0.058216 0.010303 -0.045824 -0.30842 -0.26045 0.17003 0.14487 -0.099906 0.089 -0.31503 -0.47614 0.26797 0.10698 -0.2787 -0.061895 -0.30652 -0.55253 0.29839 0.081935 -0.33676 -0.11517 -0.041998 0.040839 -0.44484 0.11781 0.13162 -0.41144 -0.050963 0.052433 -0.77841 0.15494 0.28526 -0.70555 -0.016951 0.0019034 -0.84948 0.14767 0.25153 -0.79265 -0.050095 -0.15268 0.58151
-0.21125 -0.07162 0.33033 0.083973 -0.04721 0.34195 -0.062353 -0.10044 0.39169 -0.011551 -0.02074 0.064359 -0.048058 0.01033 -0.056381 0.058183 0.01033 -0.045859 -0.30883 -0.25945 0.16946 0.14495 -0.10003 0.0887 -0.31707 -0.47507 0.2676 0.10592 -0.27943 -0.061136 -0.30858 -0.55179 0.29764 0.080511 -0.33819 -0.11358 -0.041827 0.041234 -0.4449 0.11824 0.13174 -0.41137 -0.050561 0.053218 -0.77847 0.15682 0.28684 -0.70454 -0.016684 0.0026178 -0.84956 0.14756 0.25193 -0.7905 -0.050775 -0.15328 0.58139
-0.21174 -0.071695 0.3314 0.084006 -0.048009 0.34176 -0.062409 -0.10097 0.39157 -0.011605 -0.020738 0.064351 -0.047938 0.010341 -0.056481 0.058158 0.010341 -0.045889 -0.30899 -0.25846 0.16904 0.14553 -0.099892 0.088468 -0.31925 -0.47391 0.26742 0.10528 -0.27988 -0.060317 -0.31055 -0.55061 0.29764 0.079664 -0.33913 -0.11215 -0.041642 0.041633 -0.44497 0.1187 0.13181 -0.4113 -0.050147 0.054001 -0.77853 0.15869 0.2882 -0.70359 -0.016428 0.003336 -0.84964 0.14678 0.25147 -0.78806 -0.051588 -0.15397 0.58125
-0.21224 -0.071708 0.33254 0.084137 -0.04882 0.34166 -0.062461 -0.10127 0.39149 -0.011661 -0.020716 0.064348 -0.047818 0.010342 -0.056582 0.058139 0.010342 -0.045913 -0.30902 -0.2575 0.16878 0.14644 -0.099601 0.088342 -0.32158 -0.47268 0.26745 0.10493 -0.28014 -0.059418 -0.31246 -0.54907 0.29827 0.079239 -0.33973 -0.11084 -0.041453 0.042028 -0.44504 0.11918 0.13186 -0.41122 -0.049728 0.054782 -0.77859 0.1605 0.28941 -0.70271 -0.016183 0.0040566 -0.84974 0.14551 0.25034 -0.78538 -0.052518 -0.15475 0.58108
-0.2128 -0.071695 0.33378 0.084314 -0.049651 0.34169 -0.062546 -0.10146 0.39143 -0.011719 -0.020677 0.06435 -0.047699 0.010338 -0.056683 0.058124 0.010338 -0.045932 -0.30903 -0.25656 0.16868 0.14749 -0.099264 0.08836 -0.32403 -0.4714 0.26768 0.10473 -0.28031 -0.058417 -0.31436 -0.5473 0.2994 0.079079 -0.34011 -0.1096 -0.04127 0.042414 -0.44511 0.11966 0.13192 -0.41114 -0.049312 0.055558 -0.77865 0.16224 0.29048 -0.70189 -0.015949 0.0047782 -0.84985 0.14395 0.24871 -0.78254 -0.053546 -0.15564 0.58087
-0.21344 -0.071691 0.33514 0.084482 -0.050512 0.3419 -0.062705 -0.10167 0.39135 -0.011777 -0.020624 0.064355 -0.047581 0.010337 -0.056782 0.058113 0.010337 -0.045947 -0.30913 -0.25564 0.16875 0.14852 -0.098986 0.088561 -0.32661 -0.4701 0.26813 0.10454 -0.28051 -0.057294 -0.31631 -0.54539 0.30092 0.079027 -0.34039 -0.10839 -0.041103 0.042785 -0.44517 0.12013 0.13201 -0.41104 -0.048906 0.056328 -0.77871 0.16388 0.29147 -0.70112 -0.015728 0.0054994 -0.84996 0.14227 0.24678 -0.7796 -0.054654 -0.15664 0.58061
-0.21421 -0.071732 0.33663 0.084588 -0.051415 0.34235 -0.062977 -0.102 0.39122 -0.011836 -0.020561 0.064364 -0.047465 0.010342 -0.056878 0.058103 0.010342 -0.045958 -0.30944 -0.25475 0.16901 0.14934 -0.098873 0.088981 -0.32931 -0.46881 0.2688 0.10425 -0.28081 -0.05603 -0.31835 -0.54345 0.30271 0.078927 -0.3407 -0.10717 -0.040963 0.043132 -0.44524 0.12058 0.13215 -0.41093 -0.048518 0.057088 -0.77876 0.16539 0.2924 -0.70041 -0.015521 0.0062187 -0.85007 0.14067 0.24472 -0.77661 -0.055824 -0.15778 0.58029
-0.21516 -0.071853 0.33828 0.084577 -0.052368 0.34308 -0.063402 -0.10258 0.39099 -0.011895 -0.020491 0.064375 -0.04735 0.010362 -0.05697 0.058093 0.010362 -0.045965 -0.31008 -0.2539 0.16948 0.14978 -0.099031 0.089658 -0.33211 -0.46754 0.26969 0.10371 -0.28134 -0.054604 -0.32053 -0.54158 0.30466 0.078623 -0.34117 -0.10588 -0.04086 0.04345 -0.44531 0.12098 0.13239 -0.41079 -0.048155 0.057837 -0.77882 0.16675 0.29332 -0.69975 -0.015328 0.0069348 -0.85018 0.13932 0.24272 -0.77366 -0.057037 -0.15905 0.5799
-0.21627 -0.072068 0.34007 0.08442 -0.053373 0.3441 -0.063992 -0.10348 0.39066 -0.011954 -0.020417 0.064387 -0.047238 0.010401 -0.057057 0.058083 0.010401 -0.04597 -0.31109 -0.25308 0.17012 0.14975 -0.099504 0.090592 -0.335 -0.46631 0.27077 0.10286 -0.28212 -0.053026 -0.32287 -0.53984 0.30667 0.078035 -0.34186 -0.10451 -0.040797 0.043739 -0.44538 0.12133 0.13271 -0.41064 -0.047821 0.058579 -0.77887 0.16794 0.29426 -0.69912 -0.015147 0.0076503 -0.85028 0.13833 0.24094 -0.77077 -0.05827 -0.16046 0.57945
-0.21749 -0.072345 0.3419 0.08415 -0.054411 0.3453 -0.064697 -0.10462 0.39025 -0.012011 -0.020341 0.064401 -0.047126 0.01046 -0.057139 0.058071 0.01046 -0.045973 -0.31238 -0.25227 0.17086 0.14936 -0.10019 0.091693 -0.33788 -0.46511 0.27196 0.10181 -0.28308 -0.051377 -0.32535 -0.53821 0.30868 0.07726 -0.34267 -0.10315 -0.040765 0.044014 -0.44544 0.12161 0.1331 -0.41048 -0.047506 0.059324 -0.77892 0.16898 0.29524 -0.69852 -0.014969 0.0083771 -0.85038 0.13751 0.23953 -0.76793 -0.059489 -0.16195 0.57895
-0.21871 -0.072645 0.34367 0.083806 -0.055459 0.34658 -0.065456 -0.10593 0.38978 -0.012063 -0.020266 0.064414 -0.047014 0.010541 -0.057217 0.058055 0.010541 -0.045974 -0.31384 -0.25146 0.1716 0.14877 -0.10097 0.092858 -0.34068 -0.46393 0.27312 0.10068 -0.28407 -0.04975 -0.32796 -0.53663 0.31065 0.076421 -0.3435 -0.10186 -0.040748 0.044295 -0.4455 0.12182 0.13352 -0.41033 -0.0472 0.060086 -0.77897 0.16989 0.29626 -0.69791 -0.014783 0.0091286 -0.85048 0.1367 0.23859 -0.76508 -0.060657 -0.16343 0.57844
-0.21984 -0.072927 0.34525 0.083427 -0.056494 0.34782 -0.06621 -0.10733 0.38929 -0.012108 -0.020195 0.064428 -0.0469 0.010645 -0.057291 0.058036 0.010645 -0.045974 -0.31536 -0.25062 0.17223 0.14814 -0.10173 0.093983 -0.3433 -0.46276 0.27416 0.099594 -0.28501 -0.048237 -0.33066 -0.53505 0.31254 0.075643 -0.34422 -0.10073 -0.040736 0.0446 -0.44556 0.12196 0.13394 -0.41019 -0.046895 0.06088 -0.77901 0.17071 0.29735 -0.69728 -0.014578 0.0099181 -0.85056 0.13568 0.23826 -0.76219 -0.061738 -0.16485 0.57795
-0.2208 -0.073152 0.34656 0.083053 -0.057494 0.34891 -0.066899 -0.10872 0.38881 -0.012143 -0.02013 0.064442 -0.046784 0.010775 -0.057361 0.058013 0.010775 -0.045973 -0.31682 -0.24975 0.17268 0.1476 -0.10233 0.094965 -0.34566 -0.46159 0.27496 0.098685 -0.28575 -0.04693 -0.33345 -0.53342 0.31428 0.075048 -0.34474 -0.09984 -0.040714 0.044947 -0.44561 0.12202 0.13432 -0.41009 -0.046579 0.06172 -0.77904 0.17145 0.29852 -0.69661 -0.014344 0.010759 -0.85063 0.13428 0.23866 -0.75923 -0.062695 -0.16614 0.5775
-0.2215 -0.073281 0.34747 0.082723 -0.058436 0.34972 -0.067463 -0.11003 0.38837 -0.012168 -0.020073 0.064456 -0.046664 0.010931 -0.057429 0.057984 0.010931 -0.045973 -0.3181 -0.24882 0.17282 0.14732 -0.10266 0.095701 -0.34767 -0.46041 0.2754 0.098076 -0.2862 -0.045919 -0.33629 -0.53169 0.31584 0.07476 -0.34492 -0.099276 -0.040669 0.045353 -0.44566 0.122 0.13463 -0.41004 -0.046243 0.062618 -0.77907 0.17214 0.29979 -0.69587 -0.01407 0.011664 -0.85069 0.13229 0.23992 -0.75616 -0.063492 -0.16722 0.57713
-0.22184 -0.073275 0.34789 0.082477 -0.059298 0.35016 -0.067846 -0.11118 0.38799 -0.012179 -0.020028 0.064468 -0.046539 0.011115 -0.057494 0.057948 0.011115 -0.045972 -0.31911 -0.24781 0.17259 0.14744 -0.10261 0.096094 -0.34925 -0.45921 0.27539 0.09789 -0.28624 -0.045294 -0.33916 -0.52981 0.31717 0.074897 -0.34468 -0.099114 -0.04059 0.045838 -0.4457 0.12188 0.13484 -0.41004 -0.045878 0.063589 -0.77908 0.1728 0.30116 -0.69505 -0.013747 0.012647 -0.85073 0.12955 0.24216 -0.75294 -0.064094 -0.16804 0.57685
-0.22183 -0.073131 0.34782 0.082323 -0.060066 0.35021 -0.068038 -0.11214 0.3877 -0.012177 -0.019993 0.064479 -0.04641 0.011323 -0.057557 0.057907 0.011323 -0.045972 -0.31982 -0.24673 0.17198 0.14796 -0.10216 0.09614 -0.35041 -0.45799 0.27494 0.09814 -0.28587 -0.045061 -0.34207 -0.52779 0.31827 0.07547 -0.344 -0.099354 -0.040474 0.046399 -0.44573 0.12168 0.13495 -0.41011 -0.045484 0.064627 -0.77909 0.17344 0.30263 -0.69415 -0.013375 0.013704 -0.85077 0.12609 0.24529 -0.74961 -0.0645 -0.16857 0.57668
-0.22154 -0.072875 0.34737 0.082247 -0.060731 0.34997 -0.068073 -0.11293 0.38747 -0.012162 -0.019966 0.06449 -0.046279 0.011544 -0.057617 0.057864 0.011544 -0.045971 -0.32032 -0.2456 0.17111 0.1488 -0.10143 0.095923 -0.35123 -0.45676 0.27418 0.098748 -0.28517 -0.045155 -0.34503 -0.52565 0.3192 0.076398 -0.34297 -0.099929 -0.040331 0.04702 -0.44575 0.12141 0.135 -0.4102 -0.04507 0.065717 -0.7791 0.17403 0.30419 -0.69318 -0.012965 0.014817 -0.85079 0.12219 0.24907 -0.74627 -0.064736 -0.16887 0.5766
-0.22105 -0.072535 0.34667 0.082232 -0.061288 0.34952 -0.067985 -0.11357 0.3873 -0.012137 -0.019945 0.064502 -0.046149 0.01177 -0.057676 0.05782 0.01177 -0.045968 -0.32069 -0.24445 0.17011 0.14983 -0.10052 0.095528 -0.35181 -0.45553 0.27327 0.099629 -0.28425 -0.045509 -0.34806 -0.52343 0.32 0.077595 -0.34171 -0.10077 -0.040169 0.047682 -0.44577 0.12109 0.13502 -0.41032 -0.044648 0.066838 -0.77909 0.17455 0.3058 -0.69218 -0.01253 0.015969 -0.8508 0.11811 0.25324 -0.74301 -0.064832 -0.16897 0.57659
-0.22042 -0.072138 0.34583 0.082261 -0.061727 0.34897 -0.067812 -0.11408 0.38718 -0.012104 -0.019926 0.064513 -0.046022 0.011991 -0.057732 0.05778 0.011991 -0.045962 -0.32101 -0.24329 0.16907 0.15095 -0.099518 0.095041 -0.35224 -0.45432 0.27233 0.1007 -0.28319 -0.046056 -0.35118 -0.52119 0.32072 0.078977 -0.3403 -0.1018 -0.039998 0.048368 -0.44578 0.12072 0.13504 -0.41043 -0.044227 0.067972 -0.77908 0.17498 0.30744 -0.69116 -0.012081 0.017142 -0.8508 0.1141 0.25755 -0.73994 -0.064814 -0.16892 0.57664
-0.21974 -0.071711 0.34495 0.082319 -0.062042 0.3484 -0.067587 -0.11449 0.38709 -0.012064 -0.019908 0.064527 -0.045901 0.012198 -0.057786 0.057746 0.012198 -0.045951 -0.32137 -0.24217 0.16811 0.15206 -0.098542 0.094549 -0.3526 -0.45313 0.2715 0.10188 -0.2821 -0.046728 -0.35441 -0.51894 0.32141 0.080458 -0.33884 -0.10295 -0.039827 0.04906 -0.44579 0.12034 0.13511 -0.41053 -0.043816 0.069101 -0.77907 0.17531 0.30908 -0.69016 -0.01163 0.018318 -0.8508 0.11044 0.26174 -0.73715 -0.064713 -0.16874 0.57673
-0.21908 -0.071283 0.34416 0.082389 -0.062226 0.34791 -0.067346 -0.11481 0.38704 -0.012019 -0.019886 0.064542 -0.045787 0.01238 -0.057839 0.057721 0.01238 -0.045936 -0.32184 -0.24109 0.16736 0.15304 -0.097689 0.094136 -0.35299 -0.45197 0.27092 0.10309 -0.28106 -0.047459 -0.35778 -0.51674 0.32211 0.081953 -0.33743 -0.10416 -0.039665 0.049741 -0.4458 0.11994 0.13526 -0.41059 -0.043427 0.070206 -0.77905 0.1755 0.31072 -0.68919 -0.011187 0.019479 -0.8508 0.1074 0.26556 -0.73475 -0.064556 -0.1685 0.57684
-0.21849 -0.070876 0.34354 0.082457 -0.062274 0.34756 -0.06712 -0.11506 0.387 -0.01197 -0.01986 0.064559 -0.045684 0.01253 -0.057889 0.057706 0.01253 -0.045914 -0.32249 -0.24008 0.1669 0.1538 -0.097045 0.093873 -0.35348 -0.45087 0.27071 0.10425 -0.28016 -0.048189 -0.36129 -0.51462 0.32287 0.08339 -0.33615 -0.10536 -0.039519 0.050393 -0.4458 0.11956 0.13552 -0.4106 -0.043066 0.071272 -0.77902 0.17556 0.31231 -0.68827 -0.010764 0.02061 -0.85079 0.10518 0.2688 -0.73281 -0.064367 -0.16821 0.57695
-0.21799 -0.070495 0.3431 0.082517 -0.062205 0.34736 -0.066912 -0.11527 0.38697 -0.011919 -0.019831 0.064577 -0.04559 0.012651 -0.057937 0.057702 0.012651 -0.045887 -0.32329 -0.23914 0.1667 0.15436 -0.096594 0.09375 -0.35404 -0.4498 0.27085 0.10535 -0.27938 -0.048907 -0.36484 -0.51255 0.32372 0.084754 -0.335 -0.10654 -0.03939 0.051016 -0.4458 0.11918 0.13587 -0.41055 -0.042736 0.072293 -0.779 0.17547 0.31386 -0.68741 -0.010361 0.021706 -0.85079 0.10369 0.2715 -0.73127 -0.064155 -0.1679 0.57707
-0.21755 -0.070134 0.34278 0.082569 -0.062041 0.34727 -0.066717 -0.11545 0.38695 -0.011866 -0.019801 0.064596 -0.045505 0.012747 -0.057983 0.057704 0.012747 -0.045858 -0.3242 -0.23827 0.16672 0.15476 -0.096287 0.093732 -0.35463 -0.44878 0.27126 0.1064 -0.27871 -0.049616 -0.36834 -0.5105 0.32467 0.086052 -0.33396 -0.10769 -0.039275 0.05161 -0.44579 0.11882 0.13629 -0.41047 -0.042433 0.073271 -0.77897 0.17528 0.31536 -0.6866 -0.0099757 0.022768 -0.85078 0.10276 0.27375 -0.73005 -0.063919 -0.16758 0.57719
-0.21714 -0.069791 0.34254 0.082612 -0.061808 0.34724 -0.066532 -0.11561 0.38694 -0.011813 -0.019774 0.064614 -0.045428 0.012825 -0.058026 0.057712 0.012825 -0.045826 -0.32516 -0.23747 0.16687 0.15503 -0.096076 0.093781 -0.35518 -0.44781 0.2719 0.1074 -0.27809 -0.050318 -0.37166 -0.50845 0.32574 0.087292 -0.33299 -0.10881 -0.039171 0.052177 -0.44578 0.11848 0.13678 -0.41036 -0.042156 0.074206 -0.77894 0.17499 0.31681 -0.68585 -0.0096078 0.023795 -0.85078 0.10219 0.27568 -0.72904 -0.063662 -0.16724 0.57731
-0.21676 -0.069461 0.34233 0.082644 -0.061528 0.34725 -0.066352 -0.11576 0.38693 -0.011762 -0.019752 0.06463 -0.045358 0.01289 -0.058066 0.057723 0.01289 -0.045794 -0.32611 -0.23674 0.16711 0.15522 -0.095911 0.093861 -0.35565 -0.44687 0.27268 0.10837 -0.27752 -0.051018 -0.37469 -0.50635 0.32695 0.08848 -0.33206 -0.1099 -0.039075 0.052718 -0.44578 0.11816 0.13729 -0.41023 -0.041902 0.075098 -0.77891 0.17464 0.31821 -0.68514 -0.009255 0.024786 -0.85077 0.1018 0.27738 -0.72816 -0.063383 -0.16689 0.57743
-0.21637 -0.069141 0.34211 0.082663 -0.061227 0.34726 -0.066172 -0.11593 0.38691 -0.011712 -0.019738 0.064643 -0.045294 0.012946 -0.058103 0.057733 0.012946 -0.045764 -0.32702 -0.23607 0.16737 0.15537 -0.095745 0.093937 -0.35597 -0.44596 0.27356 0.10932 -0.27694 -0.051718 -0.37733 -0.50418 0.32831 0.089622 -0.33116 -0.11097 -0.038986 0.053235 -0.44576 0.11786 0.13781 -0.41009 -0.041669 0.075947 -0.77888 0.17423 0.31955 -0.68448 -0.0089156 0.02574 -0.85076 0.10141 0.27898 -0.72731 -0.063085 -0.16655 0.57755
-0.21596 -0.068828 0.34184 0.082669 -0.060928 0.34724 -0.065987 -0.11612 0.38688 -0.011665 -0.019736 0.064653 -0.045235 0.013001 -0.058136 0.057742 0.013001 -0.045737 -0.32781 -0.23547 0.16758 0.15552 -0.095528 0.093971 -0.35611 -0.4451 0.27447 0.11024 -0.27633 -0.052421 -0.37946 -0.5019 0.32984 0.090726 -0.33025 -0.11201 -0.038901 0.053729 -0.44575 0.11759 0.13833 -0.40995 -0.041456 0.076754 -0.77885 0.1738 0.32084 -0.68385 -0.0085881 0.026659 -0.85076 0.10083 0.28058 -0.72639 -0.062768 -0.16621 0.57766
-0.21551 -0.068515 0.34148 0.082655 -0.060647 0.34715 -0.065799 -0.11635 0.38685 -0.011623 -0.019745 0.064657 -0.045181 0.013055 -0.058165 0.057748 0.013055 -0.045713 -0.32848 -0.23492 0.1677 0.15569 -0.095235 0.093938 -0.35602 -0.44425 0.27535 0.11114 -0.27567 -0.053137 -0.38102 -0.49951 0.33153 0.091793 -0.32932 -0.11303 -0.038818 0.054201 -0.44574 0.11735 0.13882 -0.40982 -0.041259 0.07752 -0.77881 0.17335 0.32206 -0.68327 -0.0082715 0.027542 -0.85075 0.099989 0.28224 -0.72539 -0.062431 -0.16589 0.57777
-0.21502 -0.068191 0.34101 0.082611 -0.060382 0.34698 -0.065618 -0.11661 0.3868 -0.011583 -0.019766 0.064658 -0.045132 0.013109 -0.058191 0.057751 0.013109 -0.045694 -0.32901 -0.23442 0.16772 0.15587 -0.094879 0.093825 -0.35574 -0.44344 0.27617 0.11201 -0.27497 -0.053882 -0.38207 -0.49705 0.33328 0.09281 -0.32836 -0.11405 -0.038738 0.054653 -0.44572 0.11713 0.1393 -0.40969 -0.04108 0.078249 -0.77878 0.17289 0.32323 -0.68272 -0.0079661 0.028392 -0.85074 0.098977 0.28391 -0.72437 -0.062069 -0.16557 0.57787
-0.21449 -0.067844 0.34041 0.082521 -0.060132 0.34672 -0.065454 -0.11688 0.38675 -0.011548 -0.019795 0.064655 -0.045088 0.013161 -0.058213 0.057753 0.013161 -0.045677 -0.32942 -0.23394 0.16762 0.15605 -0.094476 0.093624 -0.3553 -0.44264 0.27689 0.11283 -0.27423 -0.054676 -0.38269 -0.49457 0.33503 0.093768 -0.32739 -0.1151 -0.038662 0.055087 -0.4457 0.11693 0.13975 -0.40957 -0.040916 0.078945 -0.77874 0.17241 0.32435 -0.68221 -0.0076725 0.029213 -0.85073 0.097921 0.28556 -0.72343 -0.061676 -0.16526 0.57796
-0.21393 -0.067465 0.33967 0.082374 -0.059894 0.34637 -0.065321 -0.11716 0.38668 -0.011516 -0.019832 0.06465 -0.04505 0.013209 -0.058232 0.057754 0.013209 -0.045662 -0.32973 -0.23348 0.16739 0.1562 -0.094045 0.093325 -0.35474 -0.44185 0.27747 0.11359 -0.27348 -0.055538 -0.38293 -0.49214 0.33667 0.094653 -0.32641 -0.1162 -0.038591 0.055503 -0.44568 0.11674 0.1402 -0.40945 -0.040767 0.079614 -0.7787 0.1719 0.32543 -0.68172 -0.0073914 0.030008 -0.85071 0.09694 0.28713 -0.72268 -0.061247 -0.16496 0.57803
-0.21333 -0.067041 0.33877 0.082156 -0.059666 0.3459 -0.065229 -0.11744 0.38661 -0.011488 -0.019874 0.064642 -0.045017 0.01325 -0.058248 0.057755 0.01325 -0.045649 -0.32995 -0.23301 0.167 0.1563 -0.093603 0.09292 -0.35407 -0.44107 0.2779 0.11427 -0.27272 -0.056488 -0.38288 -0.48979 0.33813 0.095455 -0.32543 -0.11737 -0.038525 0.055904 -0.44565 0.11656 0.14064 -0.40932 -0.040633 0.080258 -0.77866 0.17138 0.32646 -0.68127 -0.0071232 0.030781 -0.8507 0.096157 0.28856 -0.7222 -0.060775 -0.16466 0.5781
-0.21268 -0.066561 0.33769 0.081854 -0.059446 0.34531 -0.06519 -0.11771 0.38654 -0.011463 -0.019921 0.064632 -0.044991 0.013283 -0.058262 0.057758 0.013283 -0.045636 -0.33009 -0.23253 0.16646 0.15635 -0.093167 0.0924 -0.35335 -0.44028 0.27812 0.11485 -0.27195 -0.057544 -0.38258 -0.48757 0.33932 0.096162 -0.32445 -0.11865 -0.038465 0.05629 -0.44563 0.11639 0.14109 -0.40919 -0.040513 0.080883 -0.77861 0.17084 0.32746 -0.68083 -0.0068684 0.031535 -0.85068 0.095692 0.28982 -0.72209 -0.060256 -0.16436 0.57815
-0.21201 -0.066014 0.33642 0.081455 -0.059231 0.34458 -0.065215 -0.11797 0.38646 -0.011441 -0.019968 0.064621 -0.04497 0.013307 -0.058272 0.057762 0.013307 -0.045624 -0.33016 -0.23202 0.16574 0.15632 -0.092755 0.091755 -0.3526 -0.43948 0.2781 0.11533 -0.2712 -0.058725 -0.38212 -0.48555 0.34015 0.096762 -0.32348 -0.12005 -0.038413 0.056662 -0.4456 0.11622 0.14153 -0.40906 -0.040406 0.081492 -0.77857 0.17027 0.32843 -0.68042 -0.0066276 0.032273 -0.85066 0.095666 0.29085 -0.72245 -0.059684 -0.16406 0.57818
-0.21129 -0.065388 0.33493 0.080945 -0.05902 0.34372 -0.065316 -0.11819 0.38637 -0.011423 -0.020017 0.06461 -0.044956 0.01332 -0.058281 0.05777 0.01332 -0.045611 -0.33018 -0.23145 0.16483 0.15619 -0.092385 0.090977 -0.35186 -0.43868 0.27782 0.11568 -0.27047 -0.06005 -0.38157 -0.48377 0.34053 0.097242 -0.32252 -0.12161 -0.038368 0.057023 -0.44557 0.11604 0.14199 -0.40892 -0.040311 0.08209 -0.77852 0.16968 0.32938 -0.68003 -0.0064015 0.032999 -0.85064 0.096202 0.2916 -0.72338 -0.059053 -0.16376 0.57819
-0.21053 -0.064672 0.33321 0.080312 -0.05881 0.34269 -0.065504 -0.11837 0.38628 -0.011407 -0.020063 0.064598 -0.044948 0.013319 -0.058287 0.057781 0.013319 -0.045597 -0.33015 -0.23083 0.16372 0.15596 -0.092073 0.090055 -0.35115 -0.43785 0.27723 0.11589 -0.26977 -0.061539 -0.38098 -0.48228 0.34038 0.097593 -0.32158 -0.12334 -0.038332 0.057374 -0.44553 0.11586 0.14246 -0.40876 -0.040229 0.082681 -0.77847 0.16906 0.3303 -0.67965 -0.0061904 0.033715 -0.85061 0.097421 0.29202 -0.72496 -0.058357 -0.16346 0.57818
-0.20974 -0.063855 0.33124 0.079542 -0.058599 0.3415 -0.06579 -0.11851 0.38619 -0.011394 -0.020106 0.064587 -0.044948 0.013304 -0.058291 0.057797 0.013304 -0.045581 -0.33009 -0.23013 0.1624 0.1556 -0.091837 0.088982 -0.35051 -0.43699 0.2763 0.11595 -0.26912 -0.063211 -0.38043 -0.48114 0.33962 0.097801 -0.32066 -0.12527 -0.038306 0.057716 -0.44549 0.11566 0.14296 -0.4086 -0.040157 0.083269 -0.77841 0.16841 0.33121 -0.67929 -0.005995 0.034426 -0.85058 0.099443 0.29206 -0.7273 -0.057592 -0.16315 0.57815
-0.2089 -0.062926 0.32901 0.078622 -0.058385 0.34013 -0.066187 -0.11859 0.3861 -0.011385 -0.020144 0.064577 -0.044954 0.013271 -0.058293 0.057819 0.013271 -0.045562 -0.33001 -0.22934 0.16084 0.15509 -0.091695 0.087748 -0.34997 -0.4361 0.275 0.11584 -0.26851 -0.065084 -0.37998 -0.48039 0.33814 0.097855 -0.31978 -0.12742 -0.038291 0.05805 -0.44545 0.11545 0.14347 -0.40842 -0.040095 0.083859 -0.77835 0.16774 0.33211 -0.67893 -0.0058158 0.035135 -0.85054 0.10239 0.29168 -0.73048 -0.056751 -0.16284 0.57809
-0.20803 -0.061873 0.3265 0.077539 -0.058165 0.33858 -0.066706 -0.11861 0.386 -0.011378 -0.020175 0.064568 -0.044968 0.013221 -0.058294 0.057848 0.013221 -0.04554 -0.32992 -0.22844 0.15904 0.15442 -0.091664 0.086344 -0.34957 -0.43517 0.27329 0.11555 -0.26797 -0.067178 -0.37971 -0.48008 0.33588 0.097744 -0.31893 -0.12983 -0.038287 0.058378 -0.44541 0.11521 0.14402 -0.40823 -0.040043 0.084455 -0.77829 0.16703 0.333 -0.67858 -0.0056534 0.035844 -0.8505 0.10638 0.29083 -0.73462 -0.055828 -0.16251 0.578
-0.20712 -0.060684 0.32368 0.076279 -0.057938 0.33682 -0.067358 -0.11855 0.38591 -0.011374 -0.020198 0.064562 -0.04499 0.013149 -0.058293 0.057884 0.013149 -0.045515 -0.32984 -0.22742 0.15698 0.15357 -0.091762 0.084761 -0.34933 -0.43419 0.27114 0.11506 -0.26751 -0.069512 -0.37968 -0.48028 0.33274 0.097455 -0.31812 -0.1325 -0.038295 0.058701 -0.44536 0.11494 0.1446 -0.40802 -0.04 0.08506 -0.77822 0.16628 0.33389 -0.67824 -0.0055083 0.036558 -0.85046 0.11155 0.28944 -0.73979 -0.054819 -0.16217 0.57789
