-0.14712 0.0057646 0.31297 0.13484 -0.0029413 0.30608 -0.0050373 -0.026578 0.38728 0.0020542 0.04257 0.05375 -0.053261 -0.0081763 -0.051879 0.052543 -0.0081763 -0.052607 -0.24993 -0.02317 0.069572 0.23211 0.0050764 0.058853 -0.22319 -0.20956 -0.074343 0.15132 -0.18302 -0.06057 -0.17956 -0.22929 -0.14177 0.12818 -0.2465 -0.10826 -0.22009 -0.29493 -0.25653 0.11138 -0.31304 -0.28828 -0.20035 -0.24273 -0.58573 0.076944 -0.27117 -0.61775 -0.24876 -0.22279 -0.66331 0.12538 -0.29136 -0.69525 -0.022931 -0.089463 0.5734
-0.15003 -0.0043937 0.31401 0.13364 -0.0090241 0.30715 -0.0066843 -0.037344 0.38597 0.001872 0.043289 0.054892 -0.051747 -0.0081889 -0.053535 0.052458 -0.0081889 -0.052905 -0.2542 -0.029073 0.070276 0.23125 0.0041538 0.059674 -0.22573 -0.21499 -0.074911 0.15542 -0.18645 -0.059175 -0.16866 -0.23005 -0.13705 0.13038 -0.24933 -0.10685 -0.21897 -0.29763 -0.25406 0.11245 -0.31425 -0.28681 -0.19853 -0.24442 -0.58308 0.072593 -0.27051 -0.61544 -0.2499 -0.2277 -0.65943 0.12894 -0.29122 -0.68678 -0.023235 -0.10075 0.5721
-0.15321 -0.017223 0.31646 0.13195 -0.022872 0.30895 -0.0092361 -0.053077 0.38555 0.0017044 0.038733 0.057547 -0.051055 -0.0064132 -0.054386 0.052941 -0.0064132 -0.052584 -0.2587 -0.033636 0.072808 0.23323 -0.0012462 0.063837 -0.23357 -0.21726 -0.075491 0.15692 -0.19045 -0.056936 -0.17809 -0.23403 -0.13768 0.12912 -0.25221 -0.10449 -0.21966 -0.29752 -0.25131 0.11213 -0.31362 -0.28516 -0.19748 -0.24362 -0.58009 0.066712 -0.26763 -0.61275 -0.25028 -0.22805 -0.65578 0.12553 -0.29024 -0.68185 -0.026108 -0.11862 0.57087
-0.15641 -0.031249 0.31978 0.13008 -0.040912 0.31126 -0.012216 -0.071255 0.38575 0.0014918 0.030702 0.06099 -0.050907 -0.0033899 -0.05466 0.05376 -0.0033899 -0.051846 -0.26351 -0.037269 0.076671 0.23737 -0.0098602 0.070174 -0.24428 -0.21718 -0.076175 0.15687 -0.19447 -0.054676 -0.20069 -0.24001 -0.1414 0.12584 -0.25466 -0.10213 -0.22161 -0.29527 -0.24859 0.11091 -0.31156 -0.28357 -0.19704 -0.24094 -0.57711 0.060014 -0.26288 -0.60996 -0.25012 -0.22505 -0.65255 0.11735 -0.28861 -0.67934 -0.030535 -0.13958 0.56989
-0.15937 -0.044996 0.32339 0.12831 -0.059574 0.31386 -0.015147 -0.089356 0.38632 0.0011745 0.020996 0.064495 -0.051022 0.00034028 -0.054585 0.054685 0.00034028 -0.050891 -0.26872 -0.040382 0.081367 0.24293 -0.020425 0.077519 -0.25541 -0.21559 -0.077056 0.15634 -0.19796 -0.053224 -0.22932 -0.24675 -0.14598 0.12198 -0.2562 -0.10076 -0.22425 -0.29156 -0.24622 0.10926 -0.3085 -0.2823 -0.19701 -0.23702 -0.57449 0.053211 -0.25655 -0.60733 -0.24968 -0.21991 -0.64994 0.10661 -0.28652 -0.67811 -0.035501 -0.1601 0.56933
-0.16184 -0.056989 0.32673 0.12693 -0.075286 0.31655 -0.017552 -0.10486 0.38701 0.00069288 0.011417 0.067333 -0.051123 0.0042368 -0.054388 0.055485 0.0042368 -0.049921 -0.2744 -0.043385 0.086398 0.24922 -0.031677 0.084706 -0.26454 -0.21328 -0.078225 0.15639 -0.20036 -0.053403 -0.25685 -0.253 -0.14917 0.11899 -0.25638 -0.10135 -0.22704 -0.28704 -0.24452 0.10766 -0.30486 -0.28157 -0.19723 -0.23249 -0.57258 0.047016 -0.24898 -0.60512 -0.2492 -0.21383 -0.64815 0.095515 -0.28419 -0.67702 -0.039991 -0.17668 0.56937
-0.16359 -0.065942 0.32925 0.12625 -0.084789 0.31907 -0.018971 -0.11549 0.38753 -1.5578e-06 0.0036583 0.068823 -0.050946 0.0077936 -0.05428 0.055938 0.0077936 -0.049128 -0.28061 -0.046749 0.091274 0.25556 -0.042364 0.090632 -0.26931 -0.21105 -0.079774 0.15804 -0.20109 -0.055965 -0.27637 -0.2576 -0.14893 0.11822 -0.25468 -0.10479 -0.22939 -0.28237 -0.24379 0.10664 -0.301 -0.28164 -0.19748 -0.22797 -0.57169 0.042135 -0.24045 -0.60361 -0.24887 -0.20799 -0.64735 0.086216 -0.28174 -0.67505 -0.043023 -0.18616 0.5701
-0.16449 -0.073458 0.33048 0.12652 -0.089661 0.32099 -0.019196 -0.12289 0.38719 -0.00078664 -0.002188 0.068953 -0.050474 0.01104 -0.054194 0.055953 0.01104 -0.048527 -0.2873 -0.051885 0.095621 0.26183 -0.051403 0.095172 -0.26855 -0.20921 -0.081782 0.16147 -0.19938 -0.060524 -0.28452 -0.2604 -0.14612 0.11983 -0.25038 -0.1106 -0.23035 -0.27817 -0.24387 0.10708 -0.29652 -0.28267 -0.19678 -0.22364 -0.57158 0.03919 -0.23087 -0.60294 -0.24801 -0.20294 -0.64717 0.079975 -0.27829 -0.67242 -0.044148 -0.1911 0.57056
-0.16453 -0.083412 0.33005 0.12799 -0.095275 0.32165 -0.018218 -0.13171 0.38499 -0.0014061 -0.0072919 0.068238 -0.049886 0.014426 -0.053853 0.055542 0.014426 -0.047998 -0.29429 -0.060946 0.099155 0.26831 -0.057839 0.098972 -0.26206 -0.20771 -0.084319 0.16622 -0.19424 -0.065798 -0.28076 -0.26209 -0.1439 0.12307 -0.24253 -0.11723 -0.22864 -0.27498 -0.24423 0.11022 -0.2904 -0.28475 -0.19357 -0.21938 -0.5716 0.038734 -0.21981 -0.60318 -0.2453 -0.19877 -0.64684 0.077364 -0.27218 -0.67043 -0.043331 -0.19848 0.5689
-0.16373 -0.098642 0.32779 0.13077 -0.10586 0.32063 -0.016114 -0.14553 0.38028 -0.0016483 -0.012574 0.067184 -0.049343 0.018239 -0.053058 0.054751 0.018239 -0.047458 -0.30132 -0.075234 0.10168 0.27517 -0.061015 0.10255 -0.25018 -0.20648 -0.087322 0.17175 -0.18515 -0.070644 -0.26543 -0.26316 -0.14486 0.12713 -0.23065 -0.12334 -0.22344 -0.27321 -0.24448 0.11683 -0.28198 -0.28793 -0.18678 -0.21511 -0.57121 0.041039 -0.20714 -0.60437 -0.23975 -0.19553 -0.64582 0.078596 -0.26227 -0.67014 -0.040689 -0.21386 0.56375
-0.16244 -0.11585 0.32465 0.13419 -0.11869 0.31877 -0.013428 -0.16113 0.37456 -0.0015713 -0.017373 0.066161 -0.048901 0.02181 -0.052122 0.053797 0.02181 -0.047056 -0.30766 -0.091191 0.10349 0.28167 -0.061879 0.10564 -0.23621 -0.20529 -0.089993 0.1772 -0.17419 -0.074831 -0.24358 -0.26302 -0.1481 0.13133 -0.21685 -0.12882 -0.21646 -0.27254 -0.24495 0.12519 -0.27277 -0.29186 -0.17807 -0.21097 -0.57084 0.044803 -0.19426 -0.60627 -0.23259 -0.19299 -0.64473 0.081987 -0.25054 -0.67124 -0.037104 -0.23389 0.55645
-0.16108 -0.1296 0.32199 0.13735 -0.12862 0.31731 -0.010864 -0.17297 0.37007 -0.0013265 -0.02048 0.065493 -0.048579 0.024136 -0.05153 0.052954 0.024136 -0.047021 -0.31243 -0.10358 0.10502 0.28679 -0.061943 0.10768 -0.22446 -0.20388 -0.091278 0.18162 -0.16434 -0.078443 -0.22189 -0.26068 -0.15151 0.13502 -0.20417 -0.13396 -0.21025 -0.27238 -0.24619 0.1327 -0.265 -0.29607 -0.17011 -0.20719 -0.57121 0.048184 -0.18314 -0.60856 -0.2258 -0.19087 -0.64466 0.085196 -0.24005 -0.67299 -0.033726 -0.25214 0.54927
-0.15978 -0.1374 0.3205 0.13992 -0.1333 0.31672 -0.008648 -0.17853 0.36778 -0.00099083 -0.021484 0.06528 -0.048379 0.024889 -0.051449 0.052348 0.024889 -0.047396 -0.31526 -0.11013 0.10662 0.29051 -0.062045 0.1088 -0.2173 -0.20166 -0.090725 0.18477 -0.15679 -0.081236 -0.20458 -0.25477 -0.15371 0.1381 -0.19383 -0.1386 -0.20619 -0.27219 -0.24842 0.13817 -0.25943 -0.30027 -0.16429 -0.20354 -0.57254 0.050219 -0.17429 -0.61097 -0.22043 -0.18865 -0.64598 0.087007 -0.23197 -0.67481 -0.030947 -0.26502 0.54351
-0.1579 -0.14352 0.31935 0.14294 -0.13681 0.31573 -0.0058931 -0.18234 0.36571 -0.00046732 -0.021823 0.065107 -0.048259 0.025309 -0.051313 0.051749 0.025309 -0.047784 -0.317 -0.1154 0.1083 0.29511 -0.06147 0.11071 -0.21261 -0.19723 -0.089267 0.18819 -0.14853 -0.082199 -0.1902 -0.24301 -0.155 0.14183 -0.18296 -0.14143 -0.20286 -0.27161 -0.25101 0.14369 -0.2534 -0.30458 -0.15911 -0.19868 -0.57392 0.052001 -0.16491 -0.61324 -0.21539 -0.18527 -0.64752 0.088818 -0.22317 -0.67656 -0.027405 -0.27548 0.53817
-0.15478 -0.15303 0.31751 0.14755 -0.14404 0.31283 -0.0016229 -0.18974 0.36156 0.00035401 -0.023147 0.064502 -0.048173 0.026805 -0.050477 0.050892 0.026805 -0.047743 -0.31865 -0.12471 0.11008 0.30313 -0.059391 0.11523 -0.2077 -0.18918 -0.088016 0.19355 -0.13616 -0.080275 -0.1766 -0.22321 -0.15594 0.14759 -0.16825 -0.14103 -0.19853 -0.27029 -0.25321 0.15168 -0.24392 -0.30919 -0.15273 -0.19116 -0.57432 0.054843 -0.15187 -0.61516 -0.20936 -0.17964 -0.64793 0.092302 -0.21007 -0.67819 -0.021608 -0.2873 0.53196
-0.15106 -0.16684 0.31446 0.15313 -0.15602 0.30788 0.0034554 -0.20197 0.3548 0.0012934 -0.025749 0.063435 -0.04804 0.029457 -0.04904 0.049865 0.029457 -0.047197 -0.32088 -0.13738 0.11181 0.31445 -0.057826 0.12194 -0.20261 -0.17812 -0.087453 0.20046 -0.12083 -0.075888 -0.16439 -0.19801 -0.15673 0.1546 -0.15082 -0.13767 -0.19419 -0.26759 -0.25509 0.16111 -0.2318 -0.31379 -0.14572 -0.18076 -0.57379 0.058336 -0.1357 -0.61655 -0.20299 -0.17126 -0.64719 0.096808 -0.19338 -0.67945 -0.015039 -0.30189 0.52412
-0.14878 -0.18147 0.31018 0.1572 -0.16981 0.30213 0.0068675 -0.21592 0.34676 0.0018667 -0.028496 0.062337 -0.04774 0.031953 -0.047872 0.049119 0.031953 -0.046459 -0.32397 -0.14644 0.11325 0.32622 -0.061772 0.12797 -0.20021 -0.16681 -0.087405 0.20632 -0.10842 -0.07102 -0.15709 -0.17519 -0.1572 0.15985 -0.13642 -0.13337 -0.19369 -0.2626 -0.25747 0.16734 -0.22181 -0.31761 -0.14112 -0.16856 -0.5735 0.060259 -0.12078 -0.6173 -0.19893 -0.16024 -0.64664 0.099234 -0.17837 -0.67997 -0.012309 -0.31816 0.51445
-0.14966 -0.19371 0.3047 0.15763 -0.18261 0.29673 0.0065144 -0.22863 0.33871 0.0016695 -0.030361 0.061584 -0.047187 0.033104 -0.047739 0.04904 0.033104 -0.045832 -0.32809 -0.14582 0.11416 0.33582 -0.07538 0.13083 -0.20299 -0.1578 -0.087683 0.20906 -0.10404 -0.067506 -0.1577 -0.1616 -0.15727 0.161 -0.12984 -0.13005 -0.20018 -0.25469 -0.26106 0.16645 -0.21808 -0.32 -0.14151 -0.15568 -0.5745 0.058742 -0.11098 -0.61735 -0.19946 -0.14691 -0.64747 0.096975 -0.16962 -0.67944 -0.017241 -0.33494 0.50288
-0.15232 -0.20397 0.29824 0.15594 -0.1945 0.29137 0.0039416 -0.24 0.33061 0.0010422 -0.031683 0.060939 -0.046558 0.033233 -0.048251 0.049347 0.033233 -0.045395 -0.33245 -0.13905 0.11456 0.34368 -0.094977 0.13142 -0.2092 -0.15124 -0.088215 0.21162 -0.10446 -0.065409 -0.16396 -0.15485 -0.15756 0.16205 -0.12671 -0.12837 -0.21054 -0.24562 -0.26518 0.16165 -0.21805 -0.32162 -0.14501 -0.14328 -0.57617 0.055386 -0.1046 -0.61712 -0.20279 -0.13313 -0.6491 0.092266 -0.1649 -0.67843 -0.026253 -0.35132 0.49032
-0.15393 -0.21443 0.29106 0.15539 -0.2069 0.28506 0.0024321 -0.2513 0.3218 0.00068012 -0.033448 0.059874 -0.046159 0.033382 -0.048472 0.049438 0.033382 -0.045124 -0.33583 -0.13424 0.11455 0.35165 -0.11316 0.13231 -0.21509 -0.14616 -0.088987 0.21927 -0.10253 -0.063946 -0.17113 -0.14814 -0.15903 0.16997 -0.11825 -0.12838 -0.21861 -0.23831 -0.26848 0.15954 -0.21599 -0.32373 -0.14763 -0.13251 -0.57712 0.053445 -0.097267 -0.61722 -0.2052 -0.12146 -0.65009 0.089648 -0.15867 -0.67789 -0.032229 -0.36653 0.47814
-0.15264 -0.22629 0.28362 0.15801 -0.22028 0.27735 0.0041324 -0.26314 0.3121 0.0010323 -0.03623 0.058104 -0.046168 0.034266 -0.047797 0.048922 0.034266 -0.044983 -0.33757 -0.13701 0.11434 0.36076 -0.12449 0.13518 -0.2182 -0.14177 -0.089886 0.23465 -0.093716 -0.062469 -0.17563 -0.13772 -0.1617 0.18835 -0.099318 -0.12976 -0.22039 -0.23464 -0.27008 0.16437 -0.2082 -0.32713 -0.1467 -0.12409 -0.57641 0.054991 -0.086177 -0.61803 -0.20422 -0.11357 -0.64949 0.092041 -0.14735 -0.67841 -0.030603 -0.37989 0.46743
-0.14976 -0.23748 0.27679 0.16192 -0.23193 0.26958 0.0075092 -0.27401 0.30289 0.0017495 -0.039262 0.056129 -0.046362 0.035523 -0.046696 0.048096 0.035523 -0.044915 -0.33891 -0.14492 0.1143 0.36938 -0.12993 0.13886 -0.22032 -0.13801 -0.090487 0.25171 -0.082054 -0.060779 -0.17772 -0.12983 -0.16242 0.20975 -0.07645 -0.13115 -0.21869 -0.23315 -0.27057 0.17275 -0.19765 -0.33103 -0.14393 -0.11735 -0.57468 0.058266 -0.073534 -0.61907 -0.20151 -0.10829 -0.64791 0.097101 -0.13365 -0.67938 -0.025065 -0.39098 0.45843
-0.14724 -0.24538 0.27153 0.16452 -0.23861 0.26343 0.010321 -0.28202 0.29583 0.0023294 -0.041522 0.0546 -0.04644 0.036581 -0.045844 0.047387 0.036581 -0.044861 -0.3414 -0.15397 0.11485 0.37536 -0.13171 0.14165 -0.22404 -0.1349 -0.090307 0.2628 -0.073218 -0.058766 -0.1784 -0.13249 -0.15753 0.22466 -0.058404 -0.13096 -0.21767 -0.23174 -0.27081 0.17984 -0.18854 -0.33438 -0.14186 -0.11132 -0.57288 0.060782 -0.062496 -0.61975 -0.19946 -0.10386 -0.64628 0.10148 -0.12145 -0.67999 -0.020883 -0.39945 0.45121
-0.14592 -0.24944 0.26807 0.16501 -0.24008 0.25958 0.011648 -0.28669 0.2914 0.0025738 -0.042654 0.053746 -0.046327 0.0372 -0.045474 0.046975 0.0372 -0.044794 -0.34528 -0.16161 0.11603 0.37806 -0.13164 0.14288 -0.23026 -0.13192 -0.089315 0.2655 -0.069378 -0.056531 -0.17886 -0.14601 -0.14704 0.22975 -0.04856 -0.12873 -0.21895 -0.22921 -0.27162 0.18381 -0.18208 -0.33695 -0.1415 -0.10526 -0.57184 0.061766 -0.053902 -0.6201 -0.19904 -0.099091 -0.64541 0.10396 -0.11195 -0.6802 -0.019989 -0.40544 0.44567
-0.14516 -0.25208 0.2656 0.16518 -0.24041 0.25736 0.012423 -0.28955 0.28842 0.0027117 -0.043238 0.053209 -0.046261 0.0376 -0.04519 0.046697 0.0376 -0.044734 -0.34886 -0.16742 0.11739 0.37902 -0.13095 0.14342 -0.23749 -0.12774 -0.088105 0.26473 -0.067782 -0.054457 -0.18046 -0.15991 -0.13612 0.23035 -0.042742 -0.12554 -0.22062 -0.2257 -0.27369 0.18706 -0.17527 -0.3397 -0.14169 -0.098711 -0.57225 0.062852 -0.045331 -0.62109 -0.19911 -0.093498 -0.64598 0.1063 -0.1025 -0.68113 -0.019634 -0.40975 0.44151
-0.14422 -0.25571 0.26327 0.16685 -0.24358 0.25597 0.013651 -0.29217 0.28563 0.0029856 -0.043883 0.052611 -0.046476 0.038025 -0.044587 0.046375 0.038025 -0.044702 -0.35042 -0.17112 0.11837 0.37978 -0.13073 0.14409 -0.24404 -0.12121 -0.087338 0.26565 -0.065513 -0.053018 -0.1843 -0.16373 -0.13003 0.23209 -0.036509 -0.12264 -0.22064 -0.22136 -0.27768 0.19206 -0.16504 -0.34361 -0.14116 -0.091248 -0.57473 0.065677 -0.034323 -0.62366 -0.19847 -0.08668 -0.64859 0.11028 -0.090406 -0.68389 -0.016989 -0.4132 0.43837
-0.14276 -0.26026 0.26075 0.16988 -0.24912 0.25456 0.015561 -0.29496 0.28274 0.0034251 -0.044718 0.051878 -0.046873 0.038597 -0.043669 0.04593 0.038597 -0.044673 -0.3493 -0.17261 0.11819 0.38066 -0.13103 0.14403 -0.24789 -0.11431 -0.087902 0.26944 -0.062043 -0.053454 -0.18829 -0.15739 -0.1304 0.23658 -0.028899 -0.12157 -0.21882 -0.21601 -0.28357 0.19842 -0.15146 -0.34865 -0.13969 -0.082707 -0.57929 0.069829 -0.020801 -0.62772 -0.19691 -0.078336 -0.65325 0.11552 -0.07536 -0.68855 -0.012387 -0.41638 0.43567
-0.14071 -0.26407 0.25804 0.17287 -0.25367 0.25225 0.017881 -0.29754 0.28001 0.0039226 -0.045558 0.051133 -0.047141 0.039361 -0.042702 0.045355 0.039361 -0.044595 -0.34551 -0.17187 0.11589 0.38111 -0.13128 0.14133 -0.24685 -0.11101 -0.090831 0.27472 -0.058379 -0.057501 -0.18827 -0.1475 -0.13655 0.2428 -0.0212 -0.12412 -0.21611 -0.20919 -0.29092 0.20389 -0.13664 -0.35416 -0.13771 -0.073087 -0.58557 0.073575 -0.0062256 -0.63255 -0.1948 -0.068235 -0.65958 0.12021 -0.058632 -0.69452 -0.0082007 -0.41968 0.4327
-0.13816 -0.26592 0.25526 0.1747 -0.25472 0.24848 0.020316 -0.29964 0.27767 0.0043776 -0.04625 0.050481 -0.047052 0.040324 -0.041897 0.044667 0.040324 -0.04442 -0.33926 -0.16914 0.11086 0.38066 -0.131 0.13468 -0.23957 -0.11412 -0.096746 0.2799 -0.055622 -0.066194 -0.18137 -0.13968 -0.14739 0.24942 -0.014833 -0.13138 -0.2133 -0.20059 -0.29934 0.20665 -0.12238 -0.35956 -0.13559 -0.062422 -0.59321 0.075555 0.0080829 -0.63756 -0.19253 -0.056271 -0.66723 0.12294 -0.041571 -0.70116 -0.0063156 -0.42333 0.42899
-0.13574 -0.26673 0.25304 0.17559 -0.25359 0.24427 0.022504 -0.30137 0.27565 0.0047322 -0.04679 0.049943 -0.046796 0.041337 -0.041189 0.044013 0.041337 -0.044143 -0.33139 -0.1657 0.10412 0.37905 -0.13028 0.12568 -0.22852 -0.121 -0.1044 0.28261 -0.055156 -0.077397 -0.17065 -0.13482 -0.16042 0.25365 -0.011648 -0.14149 -0.21044 -0.19041 -0.30853 0.2069 -0.10919 -0.36477 -0.13347 -0.050893 -0.60196 0.076194 0.021534 -0.64282 -0.19025 -0.042908 -0.67593 0.12423 -0.025789 -0.70773 -0.0062824 -0.42668 0.42524
-0.13426 -0.26799 0.25214 0.17612 -0.25269 0.24107 0.024061 -0.30294 0.27383 0.0049402 -0.047215 0.049516 -0.046672 0.042207 -0.040438 0.04357 0.042207 -0.043766 -0.32297 -0.1631 0.097136 0.37607 -0.12937 0.11673 -0.2172 -0.12756 -0.11204 0.28028 -0.05843 -0.088102 -0.1608 -0.13245 -0.17271 0.25235 -0.013598 -0.15174 -0.20733 -0.17901 -0.31827 0.20539 -0.097211 -0.36982 -0.13142 -0.038726 -0.61161 0.076411 0.033741 -0.64858 -0.18806 -0.028767 -0.68546 0.12515 -0.012964 -0.71341 -0.0070068 -0.42887 0.42247
-0.13429 -0.27007 0.25248 0.17625 -0.25324 0.23948 0.024475 -0.3044 0.27221 0.0049375 -0.047545 0.049203 -0.046782 0.042826 -0.039654 0.043413 0.042826 -0.043321 -0.31507 -0.16171 0.090672 0.37158 -0.12875 0.10914 -0.20811 -0.13104 -0.11879 0.27303 -0.065177 -0.096884 -0.15469 -0.13178 -0.18272 0.24551 -0.020495 -0.16083 -0.20398 -0.16676 -0.32825 0.20256 -0.086626 -0.37475 -0.12953 -0.026218 -0.62184 0.076756 0.044341 -0.65498 -0.18605 -0.014362 -0.69551 0.12624 -0.0038998 -0.71802 -0.0081908 -0.42952 0.4212
-0.13588 -0.27112 0.25229 0.17474 -0.25421 0.23859 0.022983 -0.30548 0.27112 0.0046255 -0.047767 0.049018 -0.046846 0.04324 -0.039127 0.043426 0.04324 -0.042893 -0.30888 -0.15966 0.084135 0.3656 -0.1293 0.10211 -0.20177 -0.13127 -0.12544 0.26607 -0.071869 -0.10531 -0.15171 -0.13135 -0.19152 0.239 -0.028104 -0.17007 -0.20081 -0.15399 -0.33802 0.19824 -0.077756 -0.37955 -0.12796 -0.013798 -0.63217 0.077079 0.053011 -0.66189 -0.18432 5.2359e-07 -0.70562 0.12712 0.0022575 -0.72251 -0.011045 -0.42915 0.421
-0.139 -0.26921 0.24978 0.17034 -0.25438 0.23735 0.018889 -0.30591 0.27089 0.0039156 -0.047867 0.048973 -0.046567 0.043512 -0.039153 0.043472 0.043512 -0.042565 -0.30547 -0.15496 0.076855 0.35818 -0.13187 0.094751 -0.19841 -0.12844 -0.13286 0.26486 -0.07483 -0.11514 -0.15085 -0.12977 -0.20035 0.239 -0.031974 -0.18093 -0.19821 -0.14111 -0.34713 0.19228 -0.070901 -0.38418 -0.12684 -0.001924 -0.64212 0.077182 0.059461 -0.66918 -0.18293 0.014009 -0.71533 0.12734 0.0065274 -0.72791 -0.016817 -0.42837 0.42136
-0.14298 -0.2649 0.24577 0.16416 -0.25383 0.23629 0.013154 -0.30572 0.27141 0.0029673 -0.047861 0.049042 -0.046043 0.043685 -0.039576 0.043513 0.043685 -0.042344 -0.30424 -0.14838 0.069455 0.35036 -0.13605 0.087791 -0.19674 -0.12439 -0.14035 0.26924 -0.074168 -0.1254 -0.1507 -0.12742 -0.20886 0.24523 -0.031898 -0.1922 -0.19609 -0.12898 -0.35513 0.18558 -0.065834 -0.38838 -0.12617 0.0087011 -0.65117 0.077393 0.063906 -0.67632 -0.18187 0.026912 -0.72414 0.1273 0.0096074 -0.73402 -0.024449 -0.42733 0.42211
-0.14658 -0.26096 0.24328 0.15931 -0.25372 0.2372 0.0081779 -0.30525 0.2722 0.002155 -0.047788 0.049163 -0.04572 0.04378 -0.03985 0.043591 0.04378 -0.042167 -0.30308 -0.14307 0.06367 0.34402 -0.14028 0.083415 -0.1942 -0.1223 -0.14581 0.27418 -0.073264 -0.13279 -0.14954 -0.12627 -0.21529 0.25178 -0.031337 -0.20044 -0.1939 -0.1189 -0.36158 0.18003 -0.061871 -0.39168 -0.1258 0.017165 -0.6588 0.078498 0.067001 -0.68248 -0.18107 0.037579 -0.73152 0.12812 0.011916 -0.73962 -0.030884 -0.42575 0.42343
-0.14876 -0.25959 0.24484 0.15833 -0.2549 0.24142 0.0059589 -0.30472 0.27291 0.001791 -0.047679 0.049291 -0.045966 0.043804 -0.039534 0.04376 0.043804 -0.041975 -0.30007 -0.14158 0.060834 0.34046 -0.14315 0.083098 -0.18867 -0.12461 -0.1477 0.27538 -0.074902 -0.13489 -0.14597 -0.1278 -0.2184 0.25364 -0.03328 -0.20314 -0.19108 -0.11178 -0.36628 0.1771 -0.058304 -0.39378 -0.12555 0.022837 -0.66474 0.081136 0.069445 -0.68705 -0.1804 0.045187 -0.73723 0.13077 0.013949 -0.74375 -0.033638 -0.42333 0.42549
-0.14977 -0.25933 0.24927 0.15967 -0.2561 0.24692 0.0057105 -0.30363 0.27412 0.0017557 -0.047478 0.049483 -0.046603 0.043666 -0.038935 0.044124 0.043666 -0.041738 -0.29455 -0.14219 0.059495 0.33724 -0.14415 0.083594 -0.18138 -0.12861 -0.14836 0.27398 -0.077445 -0.13542 -0.14079 -0.13001 -0.2203 0.25256 -0.036965 -0.20451 -0.18711 -0.10608 -0.3704 0.17555 -0.054353 -0.39541 -0.1251 0.026899 -0.67035 0.084938 0.072136 -0.69093 -0.17953 0.050921 -0.74262 0.13489 0.016739 -0.74746 -0.034226 -0.41969 0.42857
-0.15033 -0.25728 0.25394 0.16018 -0.25524 0.25037 0.0055691 -0.30121 0.27674 0.0017628 -0.047103 0.049837 -0.04724 0.04324 -0.03865 0.044806 0.04324 -0.041444 -0.28636 -0.14154 0.057131 0.33044 -0.14316 0.079836 -0.17482 -0.12956 -0.15161 0.27325 -0.077543 -0.14047 -0.13561 -0.12957 -0.22446 0.25286 -0.04018 -0.21131 -0.18153 -0.099247 -0.37568 0.17309 -0.049213 -0.39773 -0.12408 0.031231 -0.67761 0.089148 0.076052 -0.69562 -0.17804 0.056745 -0.74971 0.13964 0.021528 -0.75253 -0.035709 -0.41439 0.43294
-0.1506 -0.25208 0.25713 0.15835 -0.251 0.24993 0.0047909 -0.29715 0.28113 0.0016854 -0.04651 0.050398 -0.047601 0.042476 -0.039052 0.045789 0.042476 -0.04115 -0.27554 -0.13804 0.05235 0.31831 -0.14006 0.069275 -0.17034 -0.12522 -0.15946 0.27503 -0.073323 -0.15318 -0.13161 -0.12492 -0.23276 0.25707 -0.041404 -0.22693 -0.17408 -0.08993 -0.38302 0.16834 -0.042111 -0.40144 -0.12228 0.037038 -0.68745 0.092847 0.082032 -0.70194 -0.17581 0.063781 -0.75944 0.14407 0.029324 -0.75992 -0.039339 -0.40749 0.43854
-0.14915 -0.24636 0.25941 0.15681 -0.24412 0.24765 0.0055321 -0.29234 0.28616 0.001809 -0.045768 0.05107 -0.04771 0.041522 -0.039933 0.046694 0.041522 -0.041114 -0.26268 -0.13478 0.046692 0.30462 -0.13471 0.055892 -0.16636 -0.11972 -0.16921 0.27753 -0.066721 -0.16907 -0.12876 -0.11904 -0.24306 0.26309 -0.040895 -0.24604 -0.16507 -0.079747 -0.39124 0.1622 -0.032352 -0.40607 -0.11995 0.043774 -0.69815 0.094695 0.090565 -0.70902 -0.17336 0.070974 -0.77006 0.14698 0.040526 -0.7684 -0.041692 -0.40025 0.44437
-0.14442 -0.24329 0.26172 0.15872 -0.23562 0.24612 0.010293 -0.28785 0.2905 0.0024704 -0.044963 0.051738 -0.047639 0.040559 -0.040994 0.047101 0.040559 -0.041608 -0.24849 -0.13543 0.042123 0.29392 -0.12705 0.044612 -0.16089 -0.11807 -0.17748 0.27839 -0.060258 -0.18252 -0.12688 -0.11557 -0.25263 0.26806 -0.039225 -0.26204 -0.15495 -0.070755 -0.39883 0.15596 -0.019327 -0.41098 -0.11743 0.050625 -0.70761 0.093348 0.10203 -0.71572 -0.17136 0.076957 -0.77941 0.1472 0.055378 -0.77639 -0.038747 -0.39409 0.44934
-0.13758 -0.24316 0.26444 0.16359 -0.22674 0.24639 0.018004 -0.28389 0.29396 0.0035511 -0.04419 0.052326 -0.047548 0.03967 -0.041957 0.047002 0.03967 -0.042557 -0.23458 -0.13984 0.039439 0.28705 -0.11802 0.037575 -0.15449 -0.12101 -0.18294 0.27624 -0.055663 -0.19119 -0.12634 -0.11538 -0.2601 0.26932 -0.037802 -0.2721 -0.14483 -0.063708 -0.40496 0.15042 -0.0045022 -0.41555 -0.1151 0.057108 -0.71478 0.089275 0.11506 -0.72131 -0.17016 0.0814 -0.78641 0.14504 0.072225 -0.78302 -0.031068 -0.38936 0.45331
-0.13299 -0.24289 0.26735 0.16672 -0.21885 0.24769 0.023467 -0.27967 0.29768 0.0044068 -0.043553 0.052807 -0.047702 0.03883 -0.042564 0.046868 0.03883 -0.043477 -0.22362 -0.14347 0.038082 0.28056 -0.10979 0.033697 -0.15069 -0.12437 -0.18664 0.27083 -0.053749 -0.19645 -0.12821 -0.11617 -0.2657 0.26439 -0.038998 -0.27773 -0.13663 -0.057859 -0.40954 0.14586 0.0082487 -0.41919 -0.11343 0.063124 -0.71987 0.085048 0.1263 -0.72555 -0.16975 0.085171 -0.79129 0.14255 0.087221 -0.7882 -0.024515 -0.38516 0.45732
-0.13453 -0.23956 0.27021 0.16377 -0.21314 0.24922 0.021983 -0.27436 0.30273 0.0044487 -0.043124 0.053176 -0.048324 0.038 -0.042618 0.047141 0.038 -0.043932 -0.21784 -0.14202 0.03745 0.27116 -0.10429 0.031746 -0.15262 -0.12408 -0.18964 0.26214 -0.055067 -0.19982 -0.13333 -0.11562 -0.26975 0.25142 -0.044781 -0.28067 -0.13195 -0.052329 -0.4126 0.14246 0.015491 -0.42139 -0.11274 0.068711 -0.72322 0.083089 0.13281 -0.7283 -0.17002 0.089221 -0.79438 0.14166 0.096965 -0.79195 -0.024484 -0.38052 0.46236
-0.14034 -0.23286 0.27305 0.15621 -0.20859 0.25079 0.015396 -0.26746 0.3093 0.0038489 -0.042696 0.053571 -0.049213 0.037054 -0.042439 0.047751 0.037054 -0.044085 -0.21524 -0.13578 0.037244 0.25922 -0.1006 0.030749 -0.15836 -0.11965 -0.19223 0.25171 -0.058238 -0.20225 -0.14017 -0.11301 -0.27268 0.2341 -0.052975 -0.2823 -0.12943 -0.045827 -0.41498 0.13998 0.018913 -0.42257 -0.11223 0.074925 -0.72583 0.08344 0.13621 -0.73002 -0.17012 0.094634 -0.79672 0.14243 0.10316 -0.79478 -0.029538 -0.37448 0.46879
-0.1455 -0.22392 0.27605 0.14851 -0.20306 0.25248 0.0090049 -0.25859 0.31706 0.0031816 -0.04191 0.054211 -0.04995 0.035825 -0.042621 0.048359 0.035825 -0.044418 -0.21154 -0.1275 0.037324 0.24702 -0.096344 0.029872 -0.16331 -0.11248 -0.19423 0.24192 -0.060866 -0.2044 -0.14592 -0.10841 -0.27498 0.21901 -0.059221 -0.28387 -0.12614 -0.036848 -0.41792 0.13791 0.022911 -0.42356 -0.11045 0.083363 -0.72903 0.084885 0.14059 -0.73151 -0.16879 0.10257 -0.79967 0.14391 0.1102 -0.79749 -0.034629 -0.36606 0.47662
-0.14646 -0.21393 0.27926 0.14408 -0.19524 0.25439 0.0066911 -0.24785 0.32549 0.0028744 -0.040561 0.055215 -0.050254 0.034224 -0.043535 0.048715 0.034224 -0.045255 -0.20381 -0.11949 0.037535 0.23641 -0.090018 0.028538 -0.16413 -0.10404 -0.19559 0.23455 -0.061339 -0.2067 -0.14862 -0.10254 -0.277 0.21091 -0.060568 -0.28622 -0.1201 -0.024701 -0.42218 0.13593 0.030539 -0.42498 -0.10654 0.094809 -0.73364 0.086452 0.1487 -0.73332 -0.1653 0.11349 -0.80405 0.14536 0.12109 -0.80061 -0.036117 -0.35484 0.48564
-0.14462 -0.20412 0.28218 0.14228 -0.1868 0.25652 0.007153 -0.23704 0.33345 0.0028168 -0.039001 0.056336 -0.050364 0.032457 -0.044749 0.048904 0.032457 -0.046346 -0.19393 -0.11235 0.037669 0.22765 -0.083413 0.027074 -0.16193 -0.096093 -0.19657 0.22918 -0.060867 -0.20883 -0.1493 -0.098255 -0.2785 0.20792 -0.059173 -0.28884 -0.11284 -0.011631 -0.42675 0.13436 0.039956 -0.42647 -0.10158 0.10712 -0.73861 0.088077 0.15845 -0.73517 -0.16073 0.12539 -0.8088 0.14676 0.13384 -0.80381 -0.035507 -0.34225 0.49481
-0.14248 -0.19577 0.28422 0.14161 -0.18004 0.25884 0.007948 -0.22828 0.33966 0.0027798 -0.037699 0.057255 -0.050631 0.030793 -0.045659 0.049085 0.030793 -0.047312 -0.18485 -0.10633 0.037515 0.22062 -0.079017 0.026011 -0.15885 -0.09039 -0.19753 0.22491 -0.061276 -0.2103 -0.14963 -0.098866 -0.2791 0.20667 -0.0583 -0.29089 -0.10662 -0.00050501 -0.43026 0.13367 0.04825 -0.42747 -0.097074 0.11753 -0.74246 0.089898 0.16673 -0.73657 -0.15654 0.13575 -0.81241 0.14823 0.14532 -0.80657 -0.035426 -0.33011 0.50293
-0.14146 -0.189 0.28558 0.14119 -0.17552 0.26163 0.0077691 -0.22202 0.3439 0.0026427 -0.036789 0.057869 -0.051124 0.02934 -0.046088 0.049337 0.02934 -0.047983 -0.1782 -0.10106 0.037421 0.2155 -0.077383 0.02601 -0.1558 -0.087212 -0.19816 0.22153 -0.062971 -0.2105 -0.1501 -0.1046 -0.2783 0.20555 -0.059004 -0.29154 -0.10214 0.0077909 -0.43221 0.13366 0.053831 -0.42786 -0.09351 0.12521 -0.74467 0.092008 0.17215 -0.73734 -0.15322 0.14368 -0.81436 0.1498 0.15413 -0.80874 -0.036769 -0.31908 0.50971
-0.14132 -0.18217 0.2877 0.14111 -0.17102 0.2656 0.0070696 -0.21604 0.34761 0.002452 -0.035887 0.058423 -0.051483 0.027956 -0.046525 0.049615 0.027956 -0.048505 -0.17357 -0.09519 0.038608 0.21288 -0.07606 0.027923 -0.15189 -0.084531 -0.19718 0.21986 -0.064163 -0.20868 -0.14934 -0.11092 -0.27531 0.20561 -0.058914 -0.28999 -0.097675 0.01544 -0.43349 0.13315 0.05716 -0.42816 -0.089763 0.13235 -0.74616 0.094427 0.17605 -0.73778 -0.14967 0.15082 -0.81567 0.15124 0.16148 -0.81073 -0.037744 -0.30798 0.51628
-0.14169 -0.17366 0.292 0.14153 -0.16431 0.27138 0.006421 -0.20807 0.35227 0.0022665 -0.034597 0.059167 -0.051345 0.026495 -0.047473 0.049866 0.026495 -0.049041 -0.17043 -0.087438 0.042236 0.21323 -0.07253 0.032482 -0.14619 -0.080299 -0.19337 0.22069 -0.063033 -0.2042 -0.14597 -0.11323 -0.26949 0.20797 -0.055582 -0.28554 -0.091446 0.024689 -0.43503 0.13099 0.058831 -0.4289 -0.084683 0.14117 -0.74788 0.097148 0.17988 -0.7382 -0.14479 0.1589 -0.81739 0.15235 0.16875 -0.81296 -0.036486 -0.29558 0.52379
-0.14229 -0.16389 0.2979 0.14209 -0.15576 0.278 0.0059552 -0.19841 0.35777 0.0021135 -0.032998 0.06007 -0.050794 0.025017 -0.048835 0.050064 0.025017 -0.049606 -0.16882 -0.078275 0.047679 0.21546 -0.066835 0.038544 -0.13985 -0.074907 -0.18746 0.22306 -0.059856 -0.19822 -0.14062 -0.11137 -0.26195 0.21162 -0.049423 -0.27939 -0.083844 0.035129 -0.43687 0.12729 0.058874 -0.43015 -0.078638 0.15123 -0.74989 0.099859 0.18373 -0.73854 -0.13895 0.16753 -0.81957 0.15297 0.17628 -0.81524 -0.033262 -0.28221 0.53199
-0.14294 -0.15473 0.30342 0.1421 -0.14757 0.28336 0.0054909 -0.18913 0.36291 0.0019978 -0.031509 0.060896 -0.050228 0.023733 -0.050085 0.0502 0.023733 -0.050115 -0.16915 -0.069422 0.053046 0.21731 -0.060839 0.043632 -0.13548 -0.070483 -0.18154 0.22477 -0.056404 -0.19321 -0.13533 -0.10834 -0.25508 0.21401 -0.042891 -0.27408 -0.076803 0.044456 -0.43841 0.12308 0.056914 -0.4316 -0.073072 0.16014 -0.7516 0.10203 0.18675 -0.73849 -0.13357 0.17488 -0.82149 0.15297 0.1837 -0.81696 -0.029856 -0.26926 0.53967
-0.14347 -0.14759 0.30698 0.14104 -0.14146 0.28587 0.0048807 -0.18185 0.36675 0.0019204 -0.030442 0.061467 -0.049981 0.02278 -0.050807 0.050283 0.02278 -0.050495 -0.17177 -0.062161 0.056848 0.21713 -0.056075 0.045891 -0.13527 -0.068606 -0.17727 0.22427 -0.05411 -0.191 -0.13182 -0.10653 -0.25069 0.21344 -0.038149 -0.27152 -0.071862 0.050925 -0.43914 0.11924 0.05276 -0.43297 -0.069114 0.16613 -0.75253 0.10343 0.18819 -0.73784 -0.12976 0.1796 -0.82255 0.15248 0.19029 -0.81762 -0.027758 -0.25785 0.54583
-0.14386 -0.14142 0.30918 0.13946 -0.13649 0.28681 0.0041815 -0.17561 0.36977 0.0018663 -0.029555 0.061898 -0.050005 0.021927 -0.051152 0.050387 0.021927 -0.050767 -0.17644 -0.055429 0.059762 0.21639 -0.052222 0.046701 -0.13912 -0.067935 -0.17398 0.22348 -0.052558 -0.1902 -0.13004 -0.10482 -0.24751 0.21269 -0.035676 -0.27056 -0.068396 0.055787 -0.43918 0.11569 0.047173 -0.43422 -0.066199 0.17057 -0.75272 0.10526 0.18811 -0.73681 -0.1269 0.183 -0.82289 0.15262 0.19375 -0.81754 -0.026815 -0.24745 0.55084
-0.1441 -0.13438 0.31131 0.13821 -0.13087 0.28833 0.0035132 -0.16867 0.37286 0.0018152 -0.02843 0.062394 -0.050136 0.020829 -0.051447 0.050612 0.020829 -0.05098 -0.18277 -0.04744 0.063138 0.21756 -0.048389 0.048449 -0.14624 -0.066226 -0.17026 0.22535 -0.050763 -0.18841 -0.1294 -0.10101 -0.24333 0.21586 -0.03543 -0.26906 -0.065113 0.061215 -0.43882 0.11204 0.041212 -0.43537 -0.063239 0.17584 -0.75242 0.10919 0.18681 -0.73581 -0.12386 0.18725 -0.82282 0.15489 0.19131 -0.81726 -0.026367 -0.23705 0.55547
-0.14426 -0.12579 0.31401 0.13773 -0.12388 0.29148 0.0029291 -0.16036 0.37643 0.00175 -0.026912 0.063045 -0.050254 0.019365 -0.051879 0.050985 0.019365 -0.051164 -0.19006 -0.037594 0.06756 0.22164 -0.044206 0.052272 -0.1554 -0.062418 -0.16552 0.23101 -0.048276 -0.1845 -0.12988 -0.094052 -0.23741 0.22449 -0.037096 -0.26593 -0.061352 0.068156 -0.43831 0.10816 0.035565 -0.43642 -0.059702 0.18295 -0.75185 0.11605 0.18421 -0.73518 -0.12011 0.19323 -0.8226 0.15991 0.18182 -0.81725 -0.025996 -0.22635 0.56008
-0.14443 -0.11732 0.31665 0.1376 -0.11702 0.29509 0.0023428 -0.15226 0.37984 0.0016593 -0.025392 0.063688 -0.050342 0.017887 -0.052337 0.051389 0.017887 -0.051311 -0.197 -0.027777 0.072014 0.2266 -0.040398 0.05669 -0.16462 -0.057939 -0.16078 0.23779 -0.045779 -0.17998 -0.13265 -0.085248 -0.23203 0.23461 -0.03979 -0.26227 -0.057783 0.074982 -0.43779 0.10434 0.030154 -0.43731 -0.05622 0.19007 -0.75123 0.12493 0.17947 -0.73517 -0.11646 0.19917 -0.82228 0.16655 0.16756 -0.8178 -0.025799 -0.21659 0.56419
-0.14473 -0.11086 0.31848 0.13727 -0.11198 0.29774 0.0016569 -0.14616 0.38234 0.0015339 -0.024307 0.064141 -0.050397 0.016789 -0.052677 0.05169 0.016789 -0.051408 -0.20224 -0.020088 0.075332 0.23012 -0.037783 0.059962 -0.17186 -0.054449 -0.15725 0.24259 -0.044058 -0.17663 -0.13897 -0.076176 -0.22974 0.24173 -0.042571 -0.25942 -0.055206 0.079828 -0.43738 0.10096 0.024815 -0.43799 -0.053538 0.19511 -0.75074 0.13469 0.17167 -0.73606 -0.11383 0.20306 -0.82189 0.17346 0.15109 -0.81913 -0.025925 -0.20912 0.56724
-0.14511 -0.10632 0.31943 0.13663 -0.10873 0.29914 0.00090916 -0.14195 0.38396 0.0013925 -0.023634 0.064404 -0.050439 0.016052 -0.052875 0.051858 0.016052 -0.051483 -0.20562 -0.014565 0.077367 0.23175 -0.036135 0.061751 -0.1775 -0.051957 -0.15509 0.24485 -0.043061 -0.17479 -0.14859 -0.067596 -0.23049 0.24466 -0.044729 -0.25762 -0.05365 0.082664 -0.43702 0.098116 0.019608 -0.4385 -0.051673 0.19805 -0.75034 0.14424 0.15994 -0.73815 -0.11205 0.20501 -0.82151 0.17944 0.13216 -0.82103 -0.026301 -0.20365 0.56934
-0.14532 -0.10174 0.32012 0.13591 -0.10555 0.3001 0.00026645 -0.13775 0.38542 0.0012806 -0.022908 0.064651 -0.050514 0.015267 -0.053017 0.051959 0.015267 -0.051602 -0.20807 -0.0092843 0.078941 0.23278 -0.034242 0.063062 -0.1841 -0.048901 -0.15353 0.24632 -0.041941 -0.17343 -0.15985 -0.059488 -0.23177 0.24539 -0.045777 -0.25606 -0.052415 0.085209 -0.4365 0.095632 0.014807 -0.43895 -0.049947 0.20087 -0.74972 0.15249 0.14348 -0.74182 -0.10995 0.20717 -0.82128 0.18342 0.10775 -0.82278 -0.026642 -0.19835 0.57121
-0.14517 -0.095412 0.32113 0.13536 -0.10092 0.30134 -0.00012616 -0.1319 0.38736 0.0012372 -0.021724 0.065036 -0.05066 0.014079 -0.053183 0.052051 0.014079 -0.051823 -0.21049 -0.0025761 0.080808 0.23443 -0.031063 0.064816 -0.19386 -0.043923 -0.15181 0.24863 -0.039967 -0.17159 -0.17126 -0.0518 -0.23134 0.24582 -0.045373 -0.254 -0.050874 0.088982 -0.43565 0.093365 0.010688 -0.43942 -0.047767 0.20528 -0.74863 0.15849 0.12178 -0.74729 -0.10649 0.21137 -0.82131 0.18449 0.075598 -0.82379 -0.026696 -0.19162 0.57349
-0.1448 -0.087986 0.32248 0.13502 -0.095334 0.3029 -0.0003134 -0.12503 0.38962 0.0012468 -0.020221 0.065518 -0.050836 0.012635 -0.053377 0.05213 0.012635 -0.052114 -0.21303 0.0048621 0.082969 0.23664 -0.027066 0.066998 -0.20544 -0.037572 -0.1499 0.25172 -0.037457 -0.16929 -0.18288 -0.044452 -0.22955 0.24643 -0.044128 -0.2515 -0.049149 0.093586 -0.43461 0.091383 0.0074805 -0.4399 -0.045342 0.21081 -0.74723 0.16212 0.09649 -0.75365 -0.10204 0.21686 -0.82154 0.18274 0.039064 -0.82407 -0.026507 -0.18399 0.57605
-0.14449 -0.081123 0.32397 0.13486 -0.090089 0.30453 -0.00042147 -0.11875 0.39167 0.0012707 -0.018765 0.065971 -0.05097 0.011295 -0.05357 0.052164 0.011295 -0.052408 -0.21553 0.011318 0.085099 0.23884 -0.023365 0.069186 -0.216 -0.031213 -0.14808 0.25482 -0.035183 -0.16698 -0.19546 -0.037353 -0.22789 0.2471 -0.043065 -0.24895 -0.047681 0.097804 -0.43364 0.089842 0.0053943 -0.44034 -0.043225 0.21599 -0.7459 0.16363 0.070149 -0.7595 -0.097596 0.22178 -0.82184 0.17868 0.0039638 -0.82396 -0.026248 -0.17692 0.57839
-0.14437 -0.075666 0.32543 0.13488 -0.08579 0.30602 -0.0004933 -0.11378 0.39324 0.0012897 -0.017578 0.066313 -0.051026 0.010283 -0.053733 0.052121 0.010283 -0.052674 -0.21783 0.015958 0.086969 0.24059 -0.020348 0.071085 -0.22388 -0.025536 -0.14648 0.25737 -0.033304 -0.16497 -0.20939 -0.030176 -0.22725 0.24777 -0.04252 -0.24661 -0.046745 0.10102 -0.43287 0.08877 0.004364 -0.4407 -0.041753 0.22009 -0.74478 0.16313 0.044554 -0.76383 -0.093815 0.22529 -0.8221 0.17287 -0.02614 -0.82368 -0.025972 -0.17112 0.58025
-0.14411 -0.070094 0.3268 0.13507 -0.080981 0.30737 -0.00033125 -0.10833 0.39474 0.0013405 -0.016444 0.066596 -0.051077 0.0094321 -0.053835 0.051967 0.0094321 -0.052979 -0.21972 0.020498 0.088625 0.24198 -0.016308 0.072772 -0.23091 -0.019272 -0.14488 0.25951 -0.03022 -0.16317 -0.22406 -0.021909 -0.22691 0.24855 -0.040856 -0.24446 -0.046132 0.10433 -0.43192 0.087809 0.0035329 -0.44108 -0.040637 0.22441 -0.74343 0.16038 0.019317 -0.76667 -0.090499 0.22967 -0.82217 0.16592 -0.054187 -0.82313 -0.025391 -0.16514 0.58197
-0.14332 -0.06251 0.32806 0.13545 -0.073878 0.30861 0.00030072 -0.10023 0.3967 0.0014686 -0.015082 0.066892 -0.05121 0.0085102 -0.053847 0.05167 0.0085102 -0.053404 -0.221 0.027056 0.090171 0.2432 -0.0092091 0.074395 -0.23948 -0.010838 -0.14295 0.26148 -0.024059 -0.16143 -0.23867 -0.011457 -0.22585 0.24958 -0.036124 -0.24237 -0.045552 0.10913 -0.43036 0.086542 0.0019219 -0.44158 -0.039483 0.23056 -0.74134 0.15508 -0.0063182 -0.76824 -0.087295 0.23762 -0.82189 0.15843 -0.084139 -0.82217 -0.024157 -0.1572 0.58399
-0.14202 -0.05273 0.32957 0.13625 -0.064373 0.31006 0.0014687 -0.089353 0.39918 0.0016794 -0.013488 0.067214 -0.051431 0.0074689 -0.053784 0.051251 0.0074689 -0.053951 -0.22186 0.035924 0.092045 0.24452 0.0012034 0.076333 -0.25045 5.7118e-05 -0.14024 0.2637 -0.014491 -0.15938 -0.25288 0.001024 -0.22329 0.25114 -0.027858 -0.24001 -0.044898 0.11597 -0.42805 0.084731 -0.00074528 -0.44222 -0.038232 0.23895 -0.73841 0.14719 -0.032414 -0.76864 -0.083982 0.24837 -0.82087 0.14936 -0.11488 -0.82084 -0.022091 -0.1468 0.58648
-0.14081 -0.042756 0.33217 0.13794 -0.054482 0.31241 0.0030221 -0.078162 0.40164 0.0019268 -0.012021 0.0675 -0.051636 0.0064945 -0.053723 0.0508 0.0064945 -0.054512 -0.2229 0.045067 0.095109 0.24633 0.012916 0.079257 -0.26273 0.012057 -0.13609 0.26679 -0.0031542 -0.15631 -0.26689 0.013778 -0.2188 0.2537 -0.017488 -0.2367 -0.044297 0.12429 -0.4252 0.082375 -0.0038504 -0.44289 -0.037243 0.24841 -0.73509 0.13696 -0.058149 -0.76778 -0.080514 0.2567 -0.81841 0.13557 -0.13884 -0.81944 -0.01923 -0.13514 0.58922
-0.14029 -0.03473 0.33675 0.141 -0.046362 0.31635 0.0047965 -0.069302 0.40353 0.0021618 -0.011059 0.067682 -0.051713 0.0057886 -0.053744 0.05041 0.0057886 -0.054973 -0.22481 0.052297 0.10025 0.24905 0.023768 0.083861 -0.2751 0.023699 -0.12982 0.27138 0.0081863 -0.15155 -0.28096 0.024946 -0.21194 0.25773 -0.0065678 -0.23177 -0.043893 0.13349 -0.42203 0.079485 -0.0067171 -0.44349 -0.036906 0.25766 -0.7319 0.12467 -0.082645 -0.76554 -0.076855 0.2571 -0.81376 0.11379 -0.14802 -0.81826 -0.015623 -0.1235 0.59198
-0.1411 -0.030794 0.3442 0.14593 -0.042168 0.32261 0.0066273 -0.065416 0.40428 0.0023348 -0.010982 0.067693 -0.051552 0.0055527 -0.053926 0.050174 0.0055527 -0.055221 -0.22825 0.055426 0.10836 0.25308 0.031598 0.090835 -0.28634 0.033519 -0.12077 0.27812 0.017765 -0.1444 -0.29533 0.032669 -0.2023 0.26371 0.003352 -0.22454 -0.043829 0.14294 -0.41878 0.076074 -0.0086687 -0.44391 -0.037608 0.26544 -0.72931 0.11062 -0.10502 -0.76182 -0.072967 0.24408 -0.80621 0.080761 -0.1344 -0.8176 -0.011317 -0.11317 0.59454
-0.14383 -0.033092 0.3554 0.15321 -0.044055 0.33187 0.00835 -0.069145 0.40331 0.0023966 -0.012171 0.067466 -0.051041 0.0059882 -0.054351 0.050185 0.0059882 -0.055142 -0.23387 0.052268 0.12033 0.25883 0.034247 0.10087 -0.29523 0.040056 -0.10826 0.28763 0.023816 -0.13414 -0.31025 0.035087 -0.18943 0.27213 0.010719 -0.21431 -0.044246 0.15203 -0.4157 0.072155 -0.0090289 -0.44403 -0.039738 0.27049 -0.72784 0.095073 -0.12441 -0.75652 -0.068816 0.21214 -0.79501 0.033207 -0.090008 -0.81776 -0.0063635 -0.10543 0.59665
