0.15728 -0.12238 0.29621 0.15435 -0.068963 0.2715 0.058603 -0.045993 0.40196 0.0024205 -0.0078851 0.068099 -0.052715 0.00023851 -0.053067 0.057972 0.00023851 -0.047267 0.16067 -0.17629 0.035961 0.2015 -0.093342 0.011052 0.072918 -0.21162 -0.18134 0.12947 -0.14647 -0.2084 -0.0003715 -0.24677 -0.16611 0.12302 -0.19863 -0.27225 -0.15355 0.082776 -0.42044 0.02475 -0.12292 -0.4156 -0.15161 0.15649 -0.7461 0.0066905 0.022312 -0.71572 -0.14353 0.065427 -0.76619 -0.041819 -0.047372 -0.75512 0.0090658 -0.018532 0.59092
0.16472 -0.095624 0.29745 0.1608 -0.040787 0.27395 0.061995 -0.02293 0.40333 0.0047806 -0.0047137 0.068216 -0.057048 0.0036681 -0.048655 0.058935 0.0036681 -0.046061 0.16971 -0.14971 0.037383 0.20577 -0.050328 0.012352 -0.0019139 -0.14219 -0.11099 0.14949 -0.098014 -0.21266 -0.061273 -0.16993 -0.14645 0.15612 -0.14256 -0.28119 -0.15525 0.095632 -0.4147 0.039332 -0.10635 -0.41949 -0.1599 0.1522 -0.74345 0.010026 0.026497 -0.72469 -0.11535 0.071896 -0.7792 -0.03984 -0.044045 -0.76093 0.011489 -0.0028918 0.59298
0.15809 -0.09259 0.29803 0.16011 -0.036037 0.27572 0.061472 -0.014011 0.40422 0.0059214 -0.0030027 0.068271 -0.055951 0.0026534 -0.049631 0.060098 0.0026534 -0.044475 0.15995 -0.14719 0.03792 0.20399 -0.038943 0.013591 -0.044135 -0.097504 -0.070653 0.15666 -0.08037 -0.2149 -0.10103 -0.11081 -0.12843 0.16928 -0.12048 -0.28606 -0.14331 0.1066 -0.41504 0.039987 -0.096983 -0.4208 -0.1496 0.16267 -0.74411 0.0092701 0.01827 -0.7327 -0.11571 0.085101 -0.78589 -0.038829 -0.054303 -0.76708 0.012916 0.0051204 0.59446
0.14423 -0.10312 0.29811 0.15581 -0.044605 0.27695 0.058901 -0.014114 0.40472 0.0063391 -0.0023467 0.068278 -0.051981 -0.00077499 -0.053398 0.061285 -0.00077499 -0.042736 0.13985 -0.15802 0.03796 0.19941 -0.046115 0.014705 -0.064775 -0.07092 -0.04984 0.15676 -0.081722 -0.21576 -0.12188 -0.071892 -0.1137 0.17047 -0.11975 -0.28813 -0.12436 0.11769 -0.41754 0.033236 -0.092631 -0.42044 -0.13003 0.17919 -0.74585 0.0064843 0.001161 -0.73955 -0.13212 0.10197 -0.78707 -0.038686 -0.07379 -0.77265 0.013949 0.0076028 0.59552
0.12998 -0.11707 0.29782 0.15138 -0.056381 0.27778 0.056152 -0.018119 0.40494 0.0065299 -0.0023405 0.068248 -0.0477 -0.0045866 -0.057356 0.062323 -0.0045866 -0.041075 0.11785 -0.17152 0.037889 0.19525 -0.05877 0.015632 -0.074861 -0.055808 -0.038057 0.15557 -0.090263 -0.2159 -0.12608 -0.055638 -0.10388 0.16767 -0.12774 -0.28866 -0.10501 0.13088 -0.41832 0.025597 -0.091104 -0.41936 -0.11049 0.19303 -0.74642 0.003729 -0.021302 -0.74508 -0.1521 0.11944 -0.78359 -0.039309 -0.098156 -0.77672 0.015191 0.0066535 0.5963
0.121 -0.12567 0.29731 0.1497 -0.062596 0.2784 0.054663 -0.021494 0.40501 0.0069002 -0.0026041 0.068194 -0.045347 -0.0069768 -0.059266 0.063047 -0.0069768 -0.039733 0.10163 -0.1787 0.037944 0.19418 -0.065491 0.016371 -0.083962 -0.046558 -0.026247 0.15796 -0.095555 -0.21587 -0.11762 -0.061815 -0.099385 0.16785 -0.13317 -0.28877 -0.090911 0.14765 -0.41417 0.022604 -0.090541 -0.41836 -0.09885 0.19727 -0.7439 0.0024437 -0.046225 -0.74901 -0.16466 0.13495 -0.7764 -0.040737 -0.12389 -0.77843 0.016986 0.004129 0.59697
0.11497 -0.12943 0.2967 0.14933 -0.063503 0.27921 0.052982 -0.023686 0.40513 0.0072519 -0.0029286 0.068148 -0.044997 -0.0076653 -0.05931 0.063355 -0.0076653 -0.039049 0.093702 -0.18236 0.037365 0.19498 -0.066032 0.017367 -0.091777 -0.044468 -0.015026 0.16258 -0.096446 -0.21542 -0.11221 -0.071955 -0.092092 0.17104 -0.13397 -0.2886 -0.08111 0.16588 -0.40647 0.023129 -0.091289 -0.41765 -0.09309 0.19699 -0.73856 -0.00012493 -0.074982 -0.75051 -0.16904 0.14936 -0.76753 -0.043932 -0.15319 -0.77745 0.017937 0.00025811 0.59779
0.10691 -0.13238 0.29611 0.14744 -0.062839 0.28063 0.048821 -0.02571 0.40552 0.0071941 -0.0031965 0.068145 -0.04582 -0.0070259 -0.058627 0.063199 -0.0070259 -0.039328 0.092603 -0.1887 0.035394 0.19508 -0.064526 0.01915 -0.095774 -0.05202 -0.00845 0.16604 -0.095541 -0.21405 -0.12854 -0.062945 -0.072615 0.17465 -0.13188 -0.28792 -0.072273 0.18218 -0.39839 0.02372 -0.094483 -0.41712 -0.087692 0.20111 -0.73161 -0.0076719 -0.10989 -0.74868 -0.16861 0.16453 -0.7593 -0.049767 -0.18959 -0.77385 0.016259 -0.0052406 0.59897
0.097502 -0.13559 0.29558 0.14456 -0.0621 0.28252 0.043153 -0.02792 0.40603 0.006846 -0.0034718 0.068166 -0.046884 -0.0056459 -0.057976 0.06277 -0.0056459 -0.040248 0.080645 -0.1914 0.034985 0.19445 -0.062962 0.021449 -0.1099 -0.056831 -0.0055986 0.16935 -0.094769 -0.21209 -0.1688 -0.037485 -0.051383 0.17775 -0.12871 -0.2871 -0.064093 0.19493 -0.39175 0.024698 -0.10014 -0.4165 -0.082074 0.20866 -0.72495 -0.016841 -0.14591 -0.74435 -0.16596 0.1785 -0.75305 -0.054896 -0.22757 -0.76969 0.01312 -0.011195 0.60027
0.090259 -0.13852 0.29509 0.14296 -0.061433 0.28439 0.038577 -0.030278 0.40635 0.0065843 -0.0038995 0.06817 -0.047316 -0.0041781 -0.057829 0.062324 -0.0041781 -0.04124 0.034665 -0.17843 0.04105 0.19445 -0.061879 0.023602 -0.15417 -0.040779 -0.0030677 0.17563 -0.095291 -0.21022 -0.22563 -0.011576 -0.047242 0.18054 -0.12591 -0.28674 -0.057742 0.20369 -0.38747 0.028199 -0.10756 -0.41552 -0.078069 0.21404 -0.72055 -0.021006 -0.17476 -0.73925 -0.16315 0.18779 -0.74939 -0.054142 -0.25751 -0.76794 0.011129 -0.015765 0.60117
0.086947 -0.14037 0.29435 0.14398 -0.058922 0.28585 0.036732 -0.032245 0.40637 0.006657 -0.0044561 0.068129 -0.04762 -0.0027304 -0.057656 0.061388 -0.0027304 -0.042736 -0.031893 -0.1481 0.058566 0.19718 -0.057952 0.025408 -0.21736 -0.010649 0.00092319 0.18583 -0.093365 -0.20862 -0.28144 0.0018013 -0.055106 0.18578 -0.12046 -0.28667 -0.053069 0.21031 -0.38409 0.03424 -0.11475 -0.4151 -0.075278 0.21835 -0.71716 -0.018768 -0.19557 -0.73493 -0.16072 0.19442 -0.74649 -0.046972 -0.27768 -0.77003 0.011532 -0.018284 0.60152
0.088042 -0.14023 0.29298 0.14823 -0.051545 0.28657 0.03848 -0.033008 0.40611 0.0072061 -0.0050067 0.06803 -0.049121 -0.0010721 -0.056343 0.059081 -0.0010721 -0.045735 -0.082853 -0.10592 0.091862 0.20498 -0.045685 0.02698 -0.26869 0.011012 0.0070002 0.19932 -0.082441 -0.20711 -0.3132 -0.0074447 -0.054942 0.19755 -0.10676 -0.28619 -0.04914 0.21801 -0.3787 0.041417 -0.11897 -0.41684 -0.071972 0.22685 -0.71161 -0.012207 -0.21211 -0.73279 -0.15827 0.20377 -0.74119 -0.035913 -0.29146 -0.77617 0.014586 -0.018887 0.60142
0.092284 -0.13819 0.29118 0.15414 -0.040512 0.28668 0.042575 -0.03255 0.40574 0.0080445 -0.0054259 0.067903 -0.051613 0.00065278 -0.054082 0.055839 0.00065278 -0.049659 -0.10761 -0.062716 0.13378 0.2159 -0.02594 0.028579 -0.29576 0.014226 0.01469 0.21375 -0.063243 -0.20547 -0.31891 -0.035707 -0.042403 0.21372 -0.085903 -0.28501 -0.046818 0.22679 -0.37151 0.048184 -0.11965 -0.42033 -0.069157 0.23882 -0.7043 -0.0034351 -0.22344 -0.73335 -0.15566 0.21559 -0.7343 -0.023008 -0.29981 -0.78367 0.019149 -0.018212 0.60109
0.096962 -0.13517 0.28967 0.15841 -0.030464 0.28671 0.04605 -0.031511 0.40548 0.0087159 -0.0056036 0.067815 -0.053645 0.0019946 -0.052128 0.053165 0.0019946 -0.052651 -0.11704 -0.033145 0.16804 0.22457 -0.0047997 0.030574 -0.30201 -1.8104e-05 0.022631 0.22545 -0.042421 -0.20343 -0.31399 -0.068245 -0.026258 0.22709 -0.064391 -0.28316 -0.048366 0.234 -0.36532 0.052932 -0.11804 -0.42353 -0.069984 0.24884 -0.69848 0.005433 -0.22483 -0.73637 -0.15311 0.22516 -0.72983 -0.009924 -0.30163 -0.78771 0.022943 -0.017262 0.60087
0.098924 -0.13239 0.28899 0.15883 -0.023782 0.28692 0.046528 -0.030304 0.40553 0.0088007 -0.005547 0.067812 -0.054561 0.0027519 -0.051127 0.051864 0.0027519 -0.053891 -0.1207 -0.020757 0.18756 0.22849 0.013591 0.03318 -0.29771 -0.023243 0.02967 0.23186 -0.023071 -0.20097 -0.31027 -0.094928 -0.012466 0.23411 -0.044207 -0.28095 -0.053547 0.23775 -0.36208 0.054825 -0.11537 -0.42537 -0.074157 0.25906 -0.69518 0.011604 -0.21626 -0.74077 -0.15446 0.23414 -0.72786 9.6074e-06 -0.29565 -0.78926 0.023951 -0.016292 0.601
0.094732 -0.13127 0.28949 0.15442 -0.02034 0.2873 0.042368 -0.029078 0.40601 0.007942 -0.0053858 0.067914 -0.05458 0.0029951 -0.051046 0.051972 0.0029951 -0.053683 -0.12597 -0.017515 0.19518 0.22828 0.027367 0.03643 -0.29939 -0.039898 0.034916 0.23173 -0.00438 -0.19837 -0.31507 -0.111 -0.003571 0.2351 -0.022486 -0.27894 -0.05958 0.23701 -0.36282 0.05385 -0.11274 -0.42589 -0.077888 0.27932 -0.69301 0.011712 -0.20269 -0.74463 -0.16684 0.25077 -0.72452 0.0018789 -0.28053 -0.79519 0.020514 -0.014767 0.60155
0.08629 -0.13109 0.29068 0.14616 -0.018079 0.28746 0.034757 -0.027936 0.4068 0.006403 -0.0052601 0.068082 -0.05408 0.0029676 -0.051576 0.053072 0.0029676 -0.052593 -0.13483 -0.018263 0.19592 0.22427 0.038472 0.039705 -0.30993 -0.048412 0.038206 0.22564 0.015606 -0.19613 -0.32463 -0.12098 0.0013579 0.23112 0.0033651 -0.27762 -0.067247 0.23176 -0.36706 0.0508 -0.11015 -0.42559 -0.083407 0.30915 -0.69065 0.0074087 -0.18772 -0.74737 -0.1808 0.27745 -0.72129 -0.0032018 -0.25919 -0.80616 0.013237 -0.012326 0.60229
0.082371 -0.12831 0.29103 0.13745 -0.012627 0.28657 0.02847 -0.026933 0.40743 0.0052399 -0.0053124 0.068195 -0.053589 0.0031149 -0.052096 0.054212 0.0031149 -0.051456 -0.14243 -0.022283 0.19692 0.21628 0.053577 0.041568 -0.31427 -0.065633 0.040288 0.21654 0.040012 -0.19505 -0.32126 -0.14099 0.0074736 0.22387 0.035228 -0.27738 -0.082039 0.22322 -0.37244 0.047453 -0.10617 -0.42557 -0.10085 0.33423 -0.68709 0.0068151 -0.17288 -0.75025 -0.16553 0.30854 -0.72677 -0.0062801 -0.23994 -0.81446 0.005628 -0.0088752 0.60252
0.086215 -0.12151 0.2901 0.13058 -0.0029705 0.28455 0.025793 -0.025502 0.4077 0.0049328 -0.0054205 0.068213 -0.053368 0.0034544 -0.052302 0.054878 0.0034544 -0.050728 -0.14624 -0.028815 0.20085 0.20541 0.073605 0.041373 -0.30556 -0.096947 0.040782 0.2062 0.066445 -0.1955 -0.29929 -0.17458 0.01433 0.21453 0.070251 -0.27792 -0.10382 0.21391 -0.37644 0.045219 -0.10009 -0.42642 -0.1314 0.34772 -0.68147 0.011954 -0.15731 -0.75384 -0.11854 0.33841 -0.73936 -0.0045937 -0.22497 -0.81656 2.2218e-05 -0.004436 0.6021
0.091291 -0.11293 0.28932 0.12568 0.0061784 0.28259 0.024558 -0.022089 0.40792 0.0049358 -0.0050336 0.068231 -0.053227 0.0032858 -0.05245 0.055326 0.0032858 -0.050226 -0.14818 -0.036538 0.20286 0.19487 0.089605 0.039865 -0.29227 -0.12704 0.037369 0.19421 0.0834 -0.19709 -0.27419 -0.20365 0.011924 0.20328 0.097946 -0.27787 -0.12278 0.20827 -0.37648 0.044794 -0.092587 -0.4279 -0.16084 0.3565 -0.67319 0.014217 -0.13659 -0.75738 -0.085673 0.36225 -0.74021 -0.0063145 -0.206 -0.81669 -0.0034705 0.0008065 0.60186
0.092418 -0.10566 0.28944 0.12252 0.010859 0.28148 0.023016 -0.016967 0.40825 0.0048283 -0.0040833 0.068299 -0.052919 0.0024061 -0.052811 0.055725 0.0024061 -0.049827 -0.15005 -0.04343 0.19998 0.18726 0.095193 0.037831 -0.2826 -0.1427 0.02921 0.18075 0.083101 -0.19893 -0.25934 -0.21446 -0.004033 0.19106 0.11007 -0.27607 -0.13282 0.20897 -0.37245 0.045387 -0.084463 -0.42966 -0.1776 0.36835 -0.66232 0.0084407 -0.10971 -0.76023 -0.090188 0.38004 -0.72062 -0.016359 -0.17924 -0.81778 -0.0052507 0.0062371 0.60215
0.089063 -0.10371 0.28953 0.12043 0.0097522 0.28092 0.02112 -0.014363 0.40847 0.0046418 -0.0035753 0.068347 -0.05216 0.0017722 -0.053582 0.055911 0.0017722 -0.049659 -0.1524 -0.046134 0.19453 0.18352 0.091159 0.035889 -0.28121 -0.13904 0.018873 0.16765 0.067194 -0.1993 -0.25974 -0.20641 -0.024238 0.18052 0.10446 -0.27205 -0.13733 0.21465 -0.3694 0.043286 -0.076555 -0.43131 -0.17858 0.39042 -0.65038 -0.0014124 -0.083496 -0.76219 -0.099653 0.40141 -0.69624 -0.030858 -0.15213 -0.8186 -0.0063469 0.010386 0.60223
0.082546 -0.10821 0.2889 0.11893 0.0037915 0.28063 0.019176 -0.016493 0.40848 0.0044613 -0.00408 0.068328 -0.050893 0.002008 -0.054767 0.05585 0.002008 -0.049719 -0.15487 -0.043694 0.18835 0.18344 0.080192 0.03432 -0.288 -0.11809 0.0079775 0.15709 0.041194 -0.19763 -0.27352 -0.18324 -0.042199 0.17366 0.083687 -0.2668 -0.13629 0.21715 -0.37302 0.037068 -0.068855 -0.43261 -0.16513 0.41918 -0.63867 -0.011102 -0.062323 -0.76317 -0.088106 0.42858 -0.6798 -0.045241 -0.12993 -0.81813 -0.007565 0.012681 0.6016
0.077546 -0.11234 0.28808 0.11822 -0.001032 0.28066 0.017871 -0.019 0.40842 0.004366 -0.0046776 0.068298 -0.049654 0.0024865 -0.055888 0.055948 0.0024865 -0.049585 -0.15495 -0.041879 0.18026 0.18444 0.06765 0.032579 -0.29145 -0.097307 -0.0054552 0.15163 0.017718 -0.19679 -0.28349 -0.15581 -0.063204 0.17035 0.060768 -0.26487 -0.11769 0.19181 -0.38918 0.032259 -0.059131 -0.43375 -0.14756 0.42342 -0.62752 -0.018611 -0.041649 -0.76327 -0.06461 0.44116 -0.66852 -0.055942 -0.1084 -0.81723 -0.0089243 0.015183 0.60087
0.07728 -0.11083 0.28766 0.11842 -0.00047279 0.28107 0.017588 -0.018145 0.40847 0.0043912 -0.004552 0.068305 -0.048914 0.0025069 -0.056542 0.056472 0.0025069 -0.04899 -0.15128 -0.045055 0.16981 0.18452 0.057093 0.030261 -0.28364 -0.089696 -0.022067 0.15295 0.0052552 -0.19897 -0.27734 -0.13293 -0.090425 0.17012 0.044932 -0.26946 -0.077399 0.1305 -0.41747 0.033136 -0.046418 -0.43489 -0.13502 0.3872 -0.61771 -0.023028 -0.018056 -0.76266 -0.046686 0.42631 -0.65968 -0.061106 -0.084231 -0.81675 -0.009634 0.018416 0.60076
0.078209 -0.10812 0.28793 0.11914 0.0010648 0.28169 0.017498 -0.015853 0.40857 0.0044274 -0.0040505 0.068334 -0.048588 0.0018024 -0.056842 0.05698 0.0018024 -0.048427 -0.1475 -0.049173 0.16058 0.18496 0.044561 0.027883 -0.275 -0.08469 -0.036026 0.15945 -0.0055033 -0.20236 -0.26754 -0.11255 -0.11347 0.17265 0.026894 -0.2773 -0.044317 0.08999 -0.43639 0.035946 -0.035243 -0.43589 -0.12782 0.36123 -0.61203 -0.025959 0.0032088 -0.76173 -0.061247 0.40891 -0.65926 -0.064105 -0.062307 -0.81662 -0.0066022 0.016278 0.60173
0.076012 -0.10929 0.28888 0.11993 -0.0016405 0.28236 0.01682 -0.014656 0.40865 0.0043616 -0.0036932 0.068357 -0.048609 0.00040674 -0.056869 0.057006 0.00040674 -0.048407 -0.14685 -0.048673 0.15569 0.18701 0.025022 0.026196 -0.27543 -0.06891 -0.042388 0.16794 -0.025384 -0.2046 -0.26705 -0.089695 -0.12297 0.17641 -0.00406 -0.28408 -0.046381 0.11738 -0.42818 0.036541 -0.029368 -0.43662 -0.12285 0.38886 -0.61255 -0.028534 0.017665 -0.76088 -0.12045 0.41215 -0.67205 -0.068139 -0.046488 -0.81662 0.0022563 0.0040597 0.60388
0.069163 -0.11348 0.28967 0.12062 -0.0094344 0.28309 0.016096 -0.014551 0.40868 0.0041973 -0.0036818 0.068369 -0.049502 -0.000732 -0.056079 0.05664 -0.000732 -0.048847 -0.14632 -0.039136 0.15259 0.18871 -0.0043503 0.026114 -0.2757 -0.038323 -0.04603 0.1711 -0.05549 -0.20464 -0.26819 -0.056437 -0.12649 0.17454 -0.047896 -0.28695 -0.076964 0.15823 -0.41085 0.036412 -0.024196 -0.43743 -0.1101 0.42016 -0.6163 -0.027503 0.032115 -0.76031 -0.16356 0.41704 -0.68966 -0.070871 -0.028601 -0.81689 0.01253 -0.0108 0.6058
0.058089 -0.11818 0.28949 0.12129 -0.021114 0.28392 0.016225 -0.014713 0.40869 0.004025 -0.0040271 0.068366 -0.051716 -0.0007418 -0.053981 0.056049 -0.0007418 -0.049559 -0.14205 -0.018692 0.14795 0.18813 -0.043281 0.028264 -0.26433 0.0056155 -0.053068 0.16321 -0.093121 -0.20203 -0.26013 -0.0081995 -0.13406 0.16141 -0.10018 -0.2841 -0.1197 0.1455 -0.40741 0.038201 -0.014225 -0.43867 -0.082247 0.39453 -0.61995 -0.019767 0.054054 -0.76014 -0.13007 0.39788 -0.7025 -0.06922 -0.00031514 -0.81765 0.019406 -0.01888 0.60609
0.049939 -0.12038 0.28901 0.12308 -0.030637 0.28461 0.01809 -0.013564 0.40863 0.0042466 -0.0041468 0.068343 -0.054355 -0.00058561 -0.051368 0.054989 -0.00058561 -0.050718 -0.135 0.0018457 0.14292 0.18825 -0.077397 0.031378 -0.24662 0.044832 -0.061519 0.15379 -0.12902 -0.19736 -0.24626 0.036261 -0.14368 0.14665 -0.14817 -0.27739 -0.15645 0.097177 -0.41398 0.042354 -0.001738 -0.4403 -0.057727 0.33427 -0.62571 -0.0098363 0.077527 -0.76039 -0.073144 0.35597 -0.7144 -0.064454 0.029054 -0.81883 0.025801 -0.018243 0.60566
0.052402 -0.11781 0.28926 0.12709 -0.031736 0.28487 0.022223 -0.0098133 0.40849 0.0052428 -0.00342 0.068297 -0.056212 -0.0015863 -0.049347 0.053211 -0.0015863 -0.052496 -0.12767 0.0094898 0.13988 0.19279 -0.090711 0.033742 -0.23249 0.059393 -0.067127 0.15527 -0.15365 -0.19151 -0.23409 0.054351 -0.14984 0.14277 -0.17901 -0.26955 -0.17138 0.056757 -0.41862 0.048407 0.0087396 -0.44211 -0.059206 0.28597 -0.63659 -0.0038704 0.09328 -0.76097 -0.070715 0.30328 -0.73154 -0.059107 0.04622 -0.82025 0.035706 -0.010992 0.60586
0.059709 -0.11423 0.29001 0.13127 -0.029039 0.28482 0.026595 -0.0062081 0.40832 0.0064299 -0.0024796 0.068245 -0.057258 -0.0029686 -0.048045 0.051515 -0.0029686 -0.054136 -0.12145 0.0080431 0.13848 0.19832 -0.091881 0.035279 -0.22274 0.058708 -0.069844 0.16174 -0.17232 -0.18456 -0.22463 0.055629 -0.15252 0.14423 -0.20071 -0.26038 -0.17062 0.035861 -0.4194 0.054844 0.016257 -0.44343 -0.073987 0.26058 -0.64725 -0.00046926 0.10253 -0.76125 -0.089245 0.26037 -0.74261 -0.053829 0.054306 -0.82118 0.041008 -0.0096948 0.60554
0.061232 -0.11545 0.29054 0.13259 -0.031082 0.28472 0.028389 -0.0067458 0.4082 0.0069008 -0.0023854 0.068211 -0.057964 -0.0031914 -0.047162 0.051026 -0.0031914 -0.054604 -0.11713 0.0079073 0.1373 0.19894 -0.098771 0.036592 -0.21431 0.063331 -0.071398 0.16057 -0.19572 -0.17629 -0.21619 0.061944 -0.15401 0.13881 -0.2287 -0.24865 -0.16896 0.031322 -0.41879 0.059875 0.021495 -0.44356 -0.076107 0.25271 -0.64975 0.0046509 0.11072 -0.76048 -0.055594 0.24782 -0.73141 -0.048502 0.062905 -0.82083 0.029941 -0.029233 0.60258
0.057852 -0.12 0.29085 0.13185 -0.036847 0.28454 0.028375 -0.0099074 0.40813 0.0068195 -0.002876 0.068196 -0.058539 -0.0024245 -0.046495 0.051441 -0.0024245 -0.054235 -0.11429 0.010388 0.13614 0.19645 -0.11128 0.037791 -0.20672 0.074132 -0.072454 0.15376 -0.22171 -0.16751 -0.2086 0.074341 -0.15511 0.12843 -0.25948 -0.23641 -0.1699 0.035133 -0.418 0.063589 0.025414 -0.44287 -0.064965 0.25294 -0.64734 0.010827 0.11875 -0.75905 0.0016112 0.24873 -0.71086 -0.043794 0.072888 -0.81963 0.0081786 -0.061214 0.59652
0.056422 -0.12273 0.2913 0.13173 -0.040426 0.28414 0.029114 -0.011428 0.40807 0.0068977 -0.0030242 0.068186 -0.059029 -0.0017335 -0.045919 0.05175 -0.0017335 -0.054034 -0.11191 0.011863 0.13541 0.19639 -0.11998 0.038741 -0.20089 0.081478 -0.073077 0.15057 -0.24173 -0.15944 -0.2025 0.082708 -0.15578 0.12205 -0.28015 -0.22715 -0.17062 0.037224 -0.41749 0.067088 0.029088 -0.44229 -0.054058 0.24978 -0.64944 0.014943 0.12511 -0.75788 0.0018365 0.22747 -0.70864 -0.0406 0.080508 -0.81862 -0.0096371 -0.085224 0.58796
0.056135 -0.12428 0.2917 0.13135 -0.04318 0.28354 0.029964 -0.012219 0.40799 0.0070395 -0.0030426 0.068173 -0.059316 -0.0011566 -0.045565 0.052313 -0.0011566 -0.053519 -0.10996 0.012102 0.13503 0.19618 -0.12751 0.03979 -0.19619 0.085044 -0.073428 0.14697 -0.25875 -0.1514 -0.19729 0.086013 -0.15614 0.11473 -0.29536 -0.21845 -0.16967 0.036062 -0.41761 0.070637 0.033002 -0.44137 -0.052421 0.23341 -0.66252 0.01872 0.13115 -0.75635 -0.055839 0.18339 -0.72855 -0.03699 0.086669 -0.81702 -0.021352 -0.096804 0.57927
0.051042 -0.12918 0.29148 0.1275 -0.051288 0.28286 0.02815 -0.016657 0.4079 0.0066054 -0.0039059 0.068154 -0.059184 -3.1086e-05 -0.045728 0.054376 -3.1086e-05 -0.051251 -0.10909 0.013206 0.13456 0.18792 -0.14442 0.041588 -0.19098 0.090899 -0.073731 0.13019 -0.28331 -0.14146 -0.19154 0.089525 -0.15638 0.092495 -0.32143 -0.20398 -0.16672 0.036007 -0.41864 0.073935 0.037236 -0.43878 -0.065339 0.19602 -0.69033 0.027057 0.14007 -0.75285 -0.11682 0.14007 -0.75726 -0.029236 0.095418 -0.81283 -0.033457 -0.1028 0.57393
0.042185 -0.13709 0.2907 0.12146 -0.063202 0.28236 0.024141 -0.024336 0.40777 0.0056731 -0.0055217 0.068126 -0.058729 0.0015478 -0.046286 0.057352 0.0015478 -0.04788 -0.10907 0.014929 0.13397 0.17414 -0.16741 0.043806 -0.18577 0.098653 -0.073972 0.10311 -0.31267 -0.12938 -0.1858 0.093415 -0.15647 0.058899 -0.35566 -0.18395 -0.16256 0.037211 -0.4203 0.077376 0.042164 -0.43505 -0.089491 0.14497 -0.72485 0.039192 0.15181 -0.74796 -0.15928 0.1059 -0.78168 -0.017971 0.10665 -0.80675 -0.045981 -0.10677 0.57245
0.03676 -0.1433 0.29002 0.11841 -0.070593 0.28236 0.021255 -0.030609 0.40758 0.004954 -0.0068506 0.068082 -0.058324 0.002808 -0.046753 0.059062 0.002808 -0.045871 -0.10889 0.014957 0.13368 0.16644 -0.18105 0.045273 -0.18288 0.1022 -0.073927 0.082352 -0.33248 -0.11649 -0.18227 0.093315 -0.15616 0.032861 -0.37872 -0.16431 -0.15892 0.036066 -0.42187 0.081868 0.04838 -0.43233 -0.11418 0.10068 -0.74808 0.049387 0.16338 -0.74425 -0.19166 0.075233 -0.78974 -0.0076531 0.11656 -0.8018 -0.053182 -0.10905 0.57269
0.036313 -0.14625 0.28981 0.11916 -0.07145 0.28277 0.020387 -0.033653 0.40738 0.0046563 -0.0074864 0.068035 -0.058203 0.0033928 -0.046858 0.059185 0.0033928 -0.045631 -0.10865 0.012998 0.13392 0.16656 -0.18279 0.045975 -0.18306 0.10041 -0.07344 0.071839 -0.3396 -0.10431 -0.18169 0.088919 -0.15534 0.019561 -0.38622 -0.1486 -0.15651 0.032272 -0.42293 0.084972 0.055127 -0.43116 -0.13575 0.071052 -0.75522 0.055858 0.17326 -0.7423 -0.21963 0.045432 -0.78312 6.4536e-05 0.12377 -0.79878 -0.054279 -0.10983 0.57341
0.035928 -0.14801 0.29016 0.11952 -0.071025 0.283 0.019637 -0.034962 0.40727 0.0044077 -0.0077658 0.068012 -0.058422 0.0034412 -0.046597 0.0595 0.0034412 -0.045239 -0.10962 0.011075 0.1347 0.16501 -0.18476 0.047187 -0.18526 0.097913 -0.072451 0.061 -0.34377 -0.09457 -0.18308 0.08456 -0.15403 0.0084199 -0.39106 -0.13736 -0.15481 0.02931 -0.42343 0.080586 0.060169 -0.43025 -0.15862 0.049392 -0.75651 0.061399 0.18177 -0.74048 -0.24454 0.017605 -0.77851 0.0068047 0.12967 -0.79594 -0.054189 -0.10924 0.57443
0.035047 -0.14929 0.29083 0.11837 -0.071256 0.28275 0.018699 -0.035488 0.40728 0.0041803 -0.0078805 0.068015 -0.058557 0.003316 -0.046467 0.060062 0.003316 -0.044629 -0.11159 0.0093693 0.13583 0.15999 -0.19036 0.048873 -0.18869 0.095488 -0.071132 0.049323 -0.3493 -0.087991 -0.18554 0.080827 -0.15246 -0.0013473 -0.39933 -0.13003 -0.1537 0.027623 -0.42375 0.067437 0.06281 -0.42965 -0.18417 0.025911 -0.75667 0.066758 0.19034 -0.73801 -0.26694 -0.013123 -0.77965 0.013267 0.13611 -0.79259 -0.054157 -0.108 0.57566
0.039635 -0.14864 0.29121 0.11926 -0.068931 0.28211 0.01969 -0.03518 0.40726 0.004466 -0.0077661 0.068008 -0.057527 0.0036514 -0.047638 0.05838 0.0036514 -0.04648 -0.11219 0.0053516 0.13679 0.16119 -0.18969 0.049072 -0.19302 0.088226 -0.069967 0.051316 -0.35205 -0.083907 -0.18843 0.072775 -0.15108 0.0042072 -0.40635 -0.12475 -0.15378 0.023166 -0.42483 0.051285 0.06463 -0.43147 -0.20897 -0.012257 -0.75164 0.069531 0.20184 -0.73541 -0.28663 -0.060075 -0.77112 0.018646 0.14523 -0.78973 -0.049909 -0.10768 0.57698
0.050554 -0.146 0.29112 0.12328 -0.063448 0.2811 0.023377 -0.034114 0.40714 0.005336 -0.0074844 0.067973 -0.054953 0.0045959 -0.050457 0.05377 0.0045959 -0.051452 -0.11021 -0.00066796 0.13747 0.17057 -0.17984 0.0469 -0.19689 0.076534 -0.069071 0.068324 -0.35023 -0.081833 -0.1905 0.060675 -0.14998 0.025073 -0.40914 -0.12043 -0.15463 0.01581 -0.42706 0.037906 0.067262 -0.43597 -0.22866 -0.061975 -0.74173 0.071301 0.21695 -0.73268 -0.30231 -0.11834 -0.75048 0.024444 0.15743 -0.78718 -0.040749 -0.10829 0.57827
0.058827 -0.14407 0.29122 0.12655 -0.05947 0.27954 0.027834 -0.032724 0.40699 0.006052 -0.0073524 0.067934 -0.051771 0.0054066 -0.05374 0.049069 0.0054066 -0.056284 -0.10673 -0.0030287 0.13843 0.17489 -0.17195 0.043624 -0.19699 0.07092 -0.067865 0.076573 -0.34742 -0.081793 -0.18943 0.054704 -0.14861 0.03476 -0.40917 -0.11755 -0.15398 0.012902 -0.42983 0.032166 0.072122 -0.43992 -0.23791 -0.091561 -0.73603 0.081071 0.23242 -0.72868 -0.31091 -0.14981 -0.74059 0.036427 0.16992 -0.78244 -0.033008 -0.10705 0.5793
0.058818 -0.14442 0.29187 0.12777 -0.059921 0.27797 0.031795 -0.031285 0.40681 0.0062483 -0.0075037 0.067902 -0.048631 0.0055723 -0.056625 0.04598 0.0055723 -0.058945 -0.10288 0.0015663 0.13991 0.16791 -0.17275 0.040784 -0.19186 0.077595 -0.066123 0.06384 -0.34527 -0.083931 -0.18432 0.060894 -0.14676 0.019831 -0.40686 -0.1172 -0.15042 0.018631 -0.43264 0.036007 0.079051 -0.44149 -0.23453 -0.082903 -0.74003 0.10365 0.24541 -0.72284 -0.31116 -0.13305 -0.75402 0.057914 0.18187 -0.77559 -0.029941 -0.10204 0.58027
0.05458 -0.14541 0.29246 0.13245 -0.062658 0.2786 0.036094 -0.029638 0.40655 0.0065733 -0.0076041 0.067856 -0.045248 0.0053009 -0.059314 0.042877 0.0053009 -0.061036 -0.099354 0.0099232 0.14124 0.16241 -0.17603 0.040052 -0.18464 0.090877 -0.064559 0.049381 -0.33997 -0.088541 -0.17775 0.07378 -0.14518 0.0019911 -0.39924 -0.12141 -0.1448 0.028437 -0.43549 0.045046 0.084416 -0.44275 -0.22361 -0.054659 -0.7491 0.13278 0.25497 -0.71611 -0.30615 -0.091277 -0.7746 0.085792 0.19759 -0.77285 -0.026343 -0.093951 0.5823
0.049048 -0.14623 0.29275 0.14337 -0.067867 0.28402 0.040825 -0.028392 0.40618 0.007406 -0.0074863 0.067781 -0.041389 0.0049627 -0.062028 0.038281 0.0049627 -0.06397 -0.095997 0.018905 0.14213 0.16704 -0.17862 0.043544 -0.17673 0.10542 -0.06349 0.047093 -0.33025 -0.094108 -0.17072 0.088131 -0.14417 -0.0032334 -0.38554 -0.12947 -0.1377 0.038592 -0.43834 0.055558 0.08465 -0.44541 -0.20913 -0.024399 -0.75837 0.16366 0.25853 -0.70949 -0.29696 -0.046612 -0.78806 0.11814 0.21688 -0.77788 -0.018488 -0.08404 0.58605
0.038243 -0.14959 0.2938 0.15286 -0.084323 0.29731 0.043171 -0.0305 0.4058 0.0079653 -0.0076391 0.067703 -0.037328 0.0051133 -0.064623 0.032406 0.0051133 -0.067225 -0.090348 0.02804 0.14367 0.17146 -0.19109 0.054606 -0.16279 0.12144 -0.061735 0.043443 -0.3242 -0.093897 -0.15864 0.10381 -0.14243 -0.011473 -0.37259 -0.13242 -0.12803 0.051112 -0.44092 0.068116 0.077725 -0.44852 -0.18916 0.0075798 -0.76627 0.19978 0.2482 -0.70363 -0.27717 -0.00080565 -0.79661 0.15889 0.22477 -0.78457 -0.010141 -0.074192 0.59063
0.021223 -0.15621 0.29598 0.15435 -0.11431 0.31715 0.041764 -0.036823 0.40551 0.0076719 -0.0084123 0.06764 -0.033826 0.0057652 -0.06667 0.026499 0.0057652 -0.069842 -0.081387 0.037003 0.14621 0.16743 -0.21738 0.072243 -0.14084 0.13865 -0.058915 0.028984 -0.32585 -0.086054 -0.13969 0.12048 -0.13954 -0.032511 -0.36411 -0.12709 -0.11642 0.066218 -0.44272 0.08289 0.063285 -0.4508 -0.16334 0.040738 -0.7719 0.24074 0.22172 -0.6987 -0.24569 0.04426 -0.8042 0.20737 0.21249 -0.78667 -0.0048999 -0.066366 0.59466
0.012701 -0.15728 0.29616 0.15206 -0.13069 0.32564 0.042443 -0.039016 0.40516 0.0074415 -0.0092189 0.067566 -0.033118 0.004817 -0.066927 0.024498 0.004817 -0.070533 -0.07487 0.044266 0.14661 0.1669 -0.22807 0.078732 -0.12564 0.1514 -0.058556 0.027089 -0.31836 -0.090012 -0.12605 0.1337 -0.13934 -0.034422 -0.34767 -0.13708 -0.11083 0.073814 -0.44263 0.095782 0.046137 -0.45149 -0.1408 0.062425 -0.77492 0.26626 0.20108 -0.69328 -0.22587 0.072961 -0.81043 0.24203 0.20357 -0.78372 -0.00088411 -0.06238 0.59618
0.025623 -0.14521 0.2918 0.15149 -0.10903 0.30815 0.050183 -0.029613 0.40469 0.0081984 -0.0093464 0.067467 -0.036767 0.00060716 -0.064602 0.029554 0.00060716 -0.068327 -0.076242 0.048261 0.14231 0.18165 -0.19629 0.059455 -0.13163 0.15362 -0.063384 0.059677 -0.28553 -0.12236 -0.13006 0.138 -0.14467 0.011935 -0.31088 -0.18235 -0.11782 0.065515 -0.44005 0.10272 0.031195 -0.45021 -0.12832 0.063039 -0.77496 0.25825 0.20635 -0.68625 -0.23127 0.072655 -0.81384 0.2432 0.22034 -0.77704 0.0048106 -0.061981 0.59416
0.04748 -0.12854 0.28695 0.15238 -0.069822 0.28344 0.058012 -0.015361 0.40451 0.0092776 -0.0085074 0.067434 -0.041539 -0.0041324 -0.061924 0.038141 -0.0041324 -0.064131 -0.082076 0.048518 0.13737 0.20085 -0.14348 0.032794 -0.15355 0.14312 -0.06806 0.106 -0.23719 -0.16298 -0.14975 0.12749 -0.14923 0.077012 -0.25946 -0.23673 -0.12911 0.052304 -0.43745 0.10438 0.01828 -0.44763 -0.11105 0.060669 -0.77111 0.23057 0.22234 -0.6794 -0.20231 0.059853 -0.81266 0.22274 0.24427 -0.76998 0.013993 -0.055251 0.59281
0.060594 -0.11878 0.28643 0.15284 -0.042885 0.27544 0.057436 -0.0059125 0.40502 0.0097294 -0.006697 0.067556 -0.043827 -0.0059929 -0.061108 0.045283 -0.0059929 -0.059455 -0.086813 0.04563 0.13667 0.20938 -0.10183 0.022307 -0.18051 0.12128 -0.066197 0.1368 -0.18992 -0.18573 -0.17828 0.099999 -0.14574 0.12011 -0.20468 -0.26657 -0.13323 0.04896 -0.43719 0.10252 0.0057271 -0.44482 -0.073524 0.076363 -0.76296 0.2045 0.22636 -0.67523 -0.082323 0.05672 -0.80613 0.20035 0.24885 -0.76614 0.027448 -0.032767 0.5966
0.061979 -0.11621 0.28809 0.1511 -0.033407 0.2786 0.052415 -0.0028504 0.40575 0.0097528 -0.0048758 0.067719 -0.046468 -0.0054287 -0.058745 0.049254 -0.0054287 -0.056084 -0.087982 0.0447 0.13825 0.20687 -0.081163 0.023121 -0.20311 0.10422 -0.059717 0.14846 -0.15458 -0.19455 -0.20533 0.077188 -0.13773 0.13911 -0.15921 -0.27686 -0.12603 0.058224 -0.43532 0.096618 -0.0079633 -0.44299 -0.03608 0.098755 -0.75412 0.18868 0.21388 -0.67533 0.033337 0.066961 -0.80034 0.186 0.23309 -0.76691 0.041657 -0.0058742 0.60215
0.05492 -0.11684 0.28767 0.14602 -0.036508 0.27793 0.050759 -0.0043816 0.40597 0.0099297 -0.0041662 0.067759 -0.053804 -0.0042396 -0.050362 0.049779 -0.0042396 -0.05559 -0.084652 0.051364 0.13801 0.19884 -0.080877 0.021163 -0.21408 0.10953 -0.053144 0.14796 -0.13756 -0.20335 -0.22111 0.084083 -0.13178 0.14652 -0.1336 -0.28548 -0.10715 0.077665 -0.42661 0.085633 -0.023875 -0.4432 -0.026839 0.10734 -0.74882 0.18502 0.18807 -0.68068 0.015381 0.086847 -0.80243 0.18346 0.20553 -0.77267 0.052001 0.0085993 0.60383
0.048143 -0.11693 0.28547 0.14086 -0.041743 0.27279 0.052995 -0.0062917 0.4057 0.0104 -0.004017 0.06769 -0.062449 -0.0031985 -0.040266 0.048308 -0.0031985 -0.056987 -0.07882 0.061586 0.13569 0.19288 -0.08485 0.015637 -0.21929 0.12142 -0.046462 0.14897 -0.12656 -0.21359 -0.23144 0.099459 -0.12549 0.15438 -0.11708 -0.29542 -0.084701 0.10006 -0.41497 0.071223 -0.04022 -0.44433 -0.026582 0.10758 -0.74369 0.17953 0.15772 -0.69042 -0.071187 0.10938 -0.80718 0.17584 0.17289 -0.78272 0.058267 0.013508 0.60223
0.051861 -0.11322 0.28381 0.1405 -0.037204 0.26906 0.056241 -0.0037282 0.40529 0.011078 -0.0031856 0.067611 -0.065902 -0.002589 -0.036267 0.046977 -0.002589 -0.058189 -0.074051 0.066968 0.13299 0.19656 -0.071661 0.011779 -0.23001 0.1107 -0.037785 0.16649 -0.10215 -0.22105 -0.24839 0.083665 -0.113 0.17309 -0.090435 -0.30278 -0.069966 0.11666 -0.40802 0.056318 -0.053854 -0.44448 0.0020501 0.11619 -0.73264 0.15297 0.13362 -0.70279 -0.081454 0.12651 -0.80415 0.13926 0.14063 -0.79537 0.062286 0.020291 0.6007
0.063846 -0.1068 0.28328 0.14376 -0.02429 0.26768 0.05899 0.0023674 0.40492 0.011756 -0.0017326 0.067553 -0.064595 -0.0028099 -0.03792 0.046298 -0.0028099 -0.058699 -0.075486 0.062641 0.13223 0.20649 -0.044091 0.010334 -0.2471 0.079423 -0.028894 0.1944 -0.066567 -0.22511 -0.27041 0.040712 -0.097582 0.19797 -0.054641 -0.3069 -0.064709 0.12732 -0.40563 0.043476 -0.062067 -0.44394 0.043886 0.13492 -0.72002 0.11231 0.11797 -0.71608 -0.026684 0.13579 -0.79161 0.082337 0.11017 -0.80487 0.064831 0.029877 0.60008
0.074642 -0.1013 0.28336 0.14598 -0.012178 0.26672 0.060582 0.0076322 0.40468 0.012159 -0.00048744 0.067515 -0.062983 -0.0042643 -0.039987 0.045844 -0.0042643 -0.058946 -0.088588 0.046288 0.13588 0.21307 -0.018948 0.0093954 -0.26517 0.04769 -0.023532 0.21459 -0.034592 -0.22727 -0.28806 -0.00015912 -0.087586 0.21582 -0.022478 -0.30905 -0.064829 0.13661 -0.40333 0.034758 -0.062866 -0.44422 0.054228 0.15652 -0.71598 0.079252 0.10737 -0.72863 -0.0084642 0.13845 -0.77343 0.032352 0.080336 -0.80359 0.065991 0.036971 0.59969
0.080806 -0.098559 0.28372 0.14558 -0.0043181 0.266 0.06018 0.0096746 0.4047 0.012155 0.00021834 0.067515 -0.06198 -0.0063303 -0.041386 0.045988 -0.0063303 -0.058664 -0.10919 0.02108 0.14277 0.21401 -0.0006605 0.0090255 -0.28114 0.019148 -0.02104 0.22331 -0.0099651 -0.22772 -0.29936 -0.033622 -0.082432 0.22429 0.0024739 -0.30946 -0.066162 0.14041 -0.40258 0.028241 -0.060959 -0.44431 0.029404 0.17699 -0.72127 0.056175 0.093479 -0.73946 -0.042853 0.13877 -0.75728 -0.0031606 0.047858 -0.79439 0.065377 0.040095 0.59946
0.083562 -0.098962 0.28418 0.14336 0.00029063 0.26674 0.056866 0.0077408 0.40517 0.011724 0.00044611 0.067585 -0.059811 -0.0076384 -0.044187 0.047676 -0.0076384 -0.057091 -0.12608 -0.0056749 0.1491 0.21265 0.015778 0.010748 -0.29385 -0.014786 -0.017524 0.22777 0.011937 -0.22567 -0.30803 -0.072247 -0.074962 0.22931 0.02361 -0.30755 -0.064728 0.12841 -0.40916 0.019167 -0.065789 -0.44131 -0.0029384 0.19493 -0.72945 0.030845 0.064745 -0.74811 -0.080436 0.14309 -0.75316 -0.032034 0.0081021 -0.78775 0.062237 0.040602 0.59984
0.08324 -0.10219 0.2848 0.13995 0.0017929 0.2688 0.051189 0.0028363 0.40598 0.010944 0.00028532 0.067717 -0.056527 -0.0077005 -0.048275 0.050628 -0.0077005 -0.054464 -0.13617 -0.028039 0.15373 0.21078 0.030052 0.014314 -0.30311 -0.048907 -0.01279 0.23151 0.029968 -0.22174 -0.31559 -0.11153 -0.065022 0.23351 0.039263 -0.30391 -0.060041 0.10265 -0.42175 0.0075222 -0.077861 -0.43527 -0.027747 0.20862 -0.73557 0.00099441 0.020673 -0.75404 -0.101 0.15261 -0.75968 -0.061373 -0.039325 -0.78541 0.055773 0.036054 0.60084
0.079281 -0.10718 0.2859 0.13579 -0.00049175 0.27075 0.045112 -0.0023722 0.40676 0.0099887 -0.0001537 0.067865 -0.053961 -0.0068952 -0.051403 0.0534 -0.0068952 -0.051972 -0.14426 -0.041624 0.15813 0.20861 0.036686 0.017758 -0.30962 -0.064984 -0.010207 0.23423 0.03746 -0.21787 -0.32129 -0.13071 -0.059222 0.23622 0.04298 -0.30033 -0.054899 0.076952 -0.43227 -0.0021237 -0.089066 -0.42905 -0.04298 0.21612 -0.73633 -0.025771 -0.028567 -0.75659 -0.11395 0.16348 -0.7646 -0.096617 -0.090609 -0.7807 0.045284 0.020641 0.6021
0.074063 -0.11116 0.28736 0.13233 -0.0035553 0.27194 0.040587 -0.0050155 0.40724 0.0091068 -0.00064519 0.067985 -0.052724 -0.0055678 -0.052829 0.055515 -0.0055678 -0.049894 -0.15141 -0.046351 0.16255 0.2069 0.036861 0.019956 -0.31294 -0.063376 -0.01031 0.23649 0.035849 -0.2152 -0.32349 -0.12929 -0.059334 0.23803 0.037167 -0.29782 -0.049532 0.05611 -0.43777 -0.0073302 -0.094998 -0.42415 -0.049903 0.2178 -0.73071 -0.045059 -0.075461 -0.75532 -0.12456 0.1724 -0.76182 -0.12402 -0.13916 -0.7747 0.034339 0.0001808 0.60346
0.073457 -0.10939 0.2886 0.13216 -3.7948e-05 0.27273 0.039449 -0.0021373 0.40731 0.0086314 -0.00083025 0.068047 -0.051871 -0.0039834 -0.053721 0.057702 -0.0039834 -0.047381 -0.15385 -0.047215 0.16563 0.20709 0.039895 0.020887 -0.31126 -0.067188 -0.010085 0.24001 0.036454 -0.21379 -0.31964 -0.13175 -0.060995 0.24122 0.034959 -0.2965 -0.040999 0.033687 -0.44176 -0.0084654 -0.096141 -0.42029 -0.053086 0.2169 -0.72048 -0.056862 -0.11621 -0.75 -0.13165 0.17701 -0.75319 -0.10747 -0.17538 -0.77812 0.031485 -0.0056677 0.60492
0.077963 -0.10262 0.28944 0.13533 0.0098564 0.27349 0.041318 0.0049603 0.40707 0.0085983 -0.00063066 0.068053 -0.050979 -0.0025472 -0.05465 0.060032 -0.0025472 -0.044466 -0.15146 -0.046757 0.16731 0.20941 0.047345 0.021021 -0.30575 -0.082981 -0.0082357 0.2448 0.041764 -0.21326 -0.31126 -0.146 -0.06137 0.24611 0.038988 -0.29597 -0.030909 0.016007 -0.44471 -0.0069865 -0.093146 -0.41764 -0.054772 0.21764 -0.71054 -0.063042 -0.14665 -0.74226 -0.13424 0.1793 -0.74378 -0.047601 -0.1957 -0.79104 0.035798 0.0036169 0.60553
0.079675 -0.1 0.2904 0.13797 0.014153 0.27439 0.042497 0.0085687 0.40695 0.0085869 -0.00040347 0.068056 -0.050548 -0.0018782 -0.05511 0.061473 -0.0018782 -0.042601 -0.1501 -0.043359 0.16951 0.21221 0.048348 0.021458 -0.30206 -0.090331 -0.0063808 0.24812 0.04008 -0.21265 -0.30603 -0.15278 -0.060499 0.2499 0.035118 -0.29516 -0.027988 0.029498 -0.44196 -0.0057365 -0.086495 -0.4171 -0.05339 0.22541 -0.71023 -0.067884 -0.16175 -0.7365 -0.13222 0.18775 -0.74268 -0.0024743 -0.20596 -0.79677 0.03167 -0.0014659 0.60283
0.074105 -0.10571 0.29171 0.13764 0.0070379 0.27554 0.040776 0.0052112 0.40718 0.0083031 -0.00039912 0.068092 -0.050838 -0.0020865 -0.054838 0.061482 -0.0020865 -0.042588 -0.1529 -0.036409 0.1725 0.2139 0.037288 0.022679 -0.30337 -0.07788 -0.0060041 0.24805 0.025179 -0.21152 -0.30834 -0.14078 -0.059584 0.25034 0.016446 -0.29366 -0.034983 0.078762 -0.43262 -0.0067708 -0.077571 -0.41878 -0.047676 0.24127 -0.72126 -0.074758 -0.16143 -0.73492 -0.12698 0.20598 -0.75171 -0.0041539 -0.21124 -0.78772 0.012268 -0.033269 0.59598
0.064607 -0.11304 0.29301 0.13528 -0.0037078 0.2768 0.037317 0.00048468 0.40757 0.0077655 -0.00059591 0.068153 -0.051502 -0.0022803 -0.054196 0.060622 -0.0022803 -0.043755 -0.15682 -0.027877 0.17305 0.2133 0.020517 0.023876 -0.30736 -0.055817 -0.0078658 0.24456 0.0035078 -0.21045 -0.31535 -0.11815 -0.061577 0.24682 -0.0074887 -0.29239 -0.042132 0.12367 -0.42374 -0.010418 -0.069515 -0.42112 -0.03756 0.25786 -0.73002 -0.08489 -0.15518 -0.73511 -0.12246 0.22742 -0.75817 -0.026132 -0.21367 -0.77635 -0.010197 -0.066741 0.58748
0.054985 -0.11666 0.29398 0.13247 -0.011439 0.27794 0.033881 -0.0011641 0.40789 0.0071283 -0.00094041 0.068219 -0.052209 -0.0018428 -0.053526 0.059339 -0.0018428 -0.045508 -0.15866 -0.019473 0.16899 0.21035 0.0039595 0.024336 -0.31074 -0.033092 -0.012358 0.23809 -0.018726 -0.20999 -0.32277 -0.092545 -0.068365 0.23947 -0.028511 -0.29209 -0.041873 0.13706 -0.41989 -0.01511 -0.064466 -0.42316 -0.023404 0.27003 -0.72698 -0.096929 -0.14957 -0.7355 -0.11647 0.24591 -0.75378 -0.043117 -0.21325 -0.77314 -0.025248 -0.082676 0.57961
0.04801 -0.11744 0.29456 0.13139 -0.015951 0.27852 0.032766 -0.00053271 0.40794 0.0067894 -0.0013762 0.068246 -0.052826 -0.001095 -0.052947 0.057493 -0.001095 -0.047836 -0.1565 -0.011584 0.16184 0.20761 -0.010744 0.023917 -0.30943 -0.0098154 -0.019181 0.22968 -0.039335 -0.2103 -0.32477 -0.065104 -0.078771 0.2299 -0.046196 -0.29272 -0.035348 0.13524 -0.41742 -0.015159 -0.061686 -0.42594 -0.0063101 0.28029 -0.71663 -0.10386 -0.14161 -0.73775 -0.091222 0.25909 -0.74486 -0.048655 -0.20571 -0.77835 -0.031772 -0.086159 0.57325
0.046296 -0.11719 0.29471 0.13433 -0.017992 0.27806 0.036352 0.00080391 0.40755 0.0071828 -0.0018466 0.068188 -0.053249 -0.00049719 -0.052544 0.05486 -0.00049719 -0.050812 -0.14857 -0.004401 0.15364 0.208 -0.022585 0.022563 -0.29922 0.01521 -0.027931 0.22041 -0.05673 -0.21147 -0.31531 -0.036015 -0.091165 0.21993 -0.06127 -0.29412 -0.024992 0.14096 -0.41145 -0.0042675 -0.060007 -0.43079 0.012515 0.29229 -0.70551 -0.097811 -0.1269 -0.74398 -0.026603 0.26519 -0.73987 -0.039082 -0.18612 -0.79073 -0.030045 -0.085877 0.56903
0.052461 -0.1177 0.2944 0.14358 -0.018311 0.2761 0.047018 0.0012709 0.40652 0.0087424 -0.0022946 0.067999 -0.053374 -0.00050939 -0.052402 0.051216 -0.00050939 -0.054513 -0.13314 0.0018853 0.14642 0.21447 -0.030556 0.02022 -0.27589 0.043183 -0.038205 0.21141 -0.06932 -0.21357 -0.28832 -0.0054638 -0.10392 0.21136 -0.074457 -0.29611 -0.013238 0.17697 -0.39713 0.023863 -0.058261 -0.43904 0.031862 0.30968 -0.70018 -0.070939 -0.10101 -0.75633 0.09749 0.2624 -0.74728 -0.010736 -0.14956 -0.80905 -0.020342 -0.090512 0.56762
