-0.017823 -0.15213 0.29915 0.14314 0.052715 0.32033 0.11112 -0.095178 0.38213 0.019824 -0.019037 0.06285 -0.067923 0.0055357 -0.030837 0.046719 0.0055357 -0.058153 -0.051116 -0.21145 0.042206 0.089934 0.13757 0.074129 0.0088333 -0.20261 -0.18692 0.071453 0.14906 -0.16187 0.029432 -0.19179 -0.26628 0.094345 0.15888 -0.24073 0.03069 -0.0032101 -0.40786 0.059906 0.0028765 -0.44772 0.11723 0.00625 -0.73021 -0.15973 0.12066 -0.66993 0.1775 0.053088 -0.78438 -0.12765 0.17956 -0.73521 0.22346 -0.085642 0.54401
-0.021757 -0.15877 0.29609 0.14984 0.036654 0.31657 0.10722 -0.10667 0.37866 0.019998 -0.021315 0.061639 -0.069409 0.010627 -0.023787 0.042044 0.010627 -0.060876 -0.057789 -0.21817 0.038725 0.098668 0.12547 0.071661 0.0036718 -0.20872 -0.19027 0.079239 0.14474 -0.16343 0.022337 -0.19472 -0.26983 0.11069 0.15384 -0.23906 0.0038265 -0.00076069 -0.40589 0.037276 0.032507 -0.44789 0.099743 0.0089035 -0.72625 -0.18443 0.13497 -0.67607 0.15654 0.055181 -0.78409 -0.15116 0.19157 -0.74088 0.22201 -0.10319 0.53797
-0.0023922 -0.14994 0.29132 0.16886 0.04702 0.31457 0.1278 -0.098717 0.37571 0.023167 -0.019878 0.061376 -0.071238 0.010361 -0.02009 0.035783 0.010361 -0.064842 -0.027573 -0.2105 0.033672 0.11446 0.13429 0.069513 0.028587 -0.19637 -0.19617 0.092884 0.16288 -0.16473 0.042255 -0.17927 -0.27593 0.12797 0.1731 -0.23889 0.0046167 0.013948 -0.40234 0.031942 0.037764 -0.45346 0.097067 0.026096 -0.72304 -0.19375 0.1453 -0.67483 0.14911 0.074439 -0.78394 -0.16508 0.20413 -0.74151 0.24514 -0.093128 0.53406
0.018606 -0.13994 0.28625 0.18973 0.057076 0.31151 0.15155 -0.091731 0.37134 0.026134 -0.018415 0.061228 -0.072454 0.0093274 -0.018187 0.030325 0.0093274 -0.068019 0.0082194 -0.20249 0.028492 0.1314 0.14289 0.066445 0.056744 -0.18352 -0.2026 0.1105 0.18005 -0.16704 0.06532 -0.16398 -0.28248 0.1466 0.19153 -0.24068 0.015852 0.027894 -0.39842 0.031932 0.038935 -0.45827 0.098201 0.042325 -0.72108 -0.19628 0.15609 -0.67196 0.14655 0.092106 -0.7844 -0.17121 0.21732 -0.74023 0.26998 -0.084306 0.52992
0.019571 -0.14306 0.28224 0.20196 0.040086 0.30453 0.15716 -0.10614 0.36362 0.025705 -0.020612 0.060364 -0.072102 0.012116 -0.016517 0.028056 0.012116 -0.068376 0.018278 -0.2082 0.024625 0.1436 0.1301 0.061217 0.061305 -0.18818 -0.20756 0.1302 0.1728 -0.17164 0.067667 -0.1674 -0.28737 0.16699 0.18405 -0.24489 0.020324 0.028059 -0.39533 0.025271 0.056308 -0.45617 0.09215 0.04209 -0.7209 -0.20059 0.17181 -0.67323 0.14023 0.089423 -0.78595 -0.17139 0.23122 -0.74017 0.27363 -0.10559 0.52316
-0.013883 -0.16905 0.28038 0.19844 -0.02135 0.29186 0.13039 -0.15519 0.35133 0.019898 -0.028872 0.058193 -0.06966 0.021743 -0.013669 0.030208 0.021743 -0.064718 -0.018571 -0.237 0.023166 0.14723 0.082329 0.05311 0.024523 -0.22216 -0.20946 0.15071 0.12576 -0.1793 0.033692 -0.20166 -0.28894 0.18966 0.13413 -0.25163 0.0056076 0.0051399 -0.39366 0.0034688 0.10271 -0.44339 0.070705 0.01532 -0.72226 -0.21259 0.19549 -0.6823 0.12326 0.054616 -0.78834 -0.16709 0.24571 -0.7434 0.24114 -0.17561 0.51205
-0.04702 -0.19724 0.27953 0.1948 -0.081635 0.27881 0.10455 -0.20368 0.33837 0.014918 -0.036914 0.055757 -0.067542 0.030589 -0.0092416 0.030216 0.030589 -0.061517 -0.055094 -0.26662 0.022858 0.15272 0.037035 0.044913 -0.010005 -0.25583 -0.20963 0.17477 0.077985 -0.18726 0.003568 -0.23578 -0.28866 0.21587 0.083169 -0.25881 -0.0084504 -0.025077 -0.38994 -0.018472 0.14058 -0.43231 0.04447 -0.011402 -0.7201 -0.22012 0.22049 -0.68849 0.10079 0.023049 -0.78629 -0.15749 0.2594 -0.74492 0.21108 -0.24399 0.49919
-0.032019 -0.199 0.27875 0.21252 -0.078558 0.27264 0.12534 -0.20364 0.33013 0.019008 -0.036204 0.054561 -0.068841 0.028327 -0.0033172 0.019854 0.028327 -0.064605 -0.025921 -0.26661 0.022553 0.17359 0.045138 0.040473 0.017408 -0.24888 -0.20948 0.20576 0.083156 -0.19165 0.032002 -0.22773 -0.28814 0.24648 0.088273 -0.26348 0.0060441 -0.039136 -0.38001 -0.019226 0.11982 -0.43928 0.029497 -0.0021441 -0.70873 -0.20707 0.23736 -0.67782 0.081756 0.040996 -0.77414 -0.14248 0.27058 -0.73832 0.23577 -0.24218 0.48863
0.014558 -0.18747 0.28692 0.24147 -0.033947 0.27165 0.17385 -0.17151 0.32648 0.028404 -0.030104 0.054262 -0.071847 0.01964 0.0034264 0.0047809 0.01964 -0.071079 0.043914 -0.25023 0.030743 0.19916 0.089398 0.040104 0.083873 -0.21921 -0.20061 0.2373 0.12461 -0.19134 0.097777 -0.19603 -0.27879 0.27671 0.13299 -0.26356 0.029794 -0.037678 -0.36853 -0.0076878 0.064186 -0.4566 0.021104 0.027305 -0.69489 -0.18866 0.24725 -0.65968 0.064852 0.078299 -0.76162 -0.13655 0.27956 -0.7307 0.29283 -0.1938 0.48176
0.045096 -0.19492 0.316 0.25671 -0.010048 0.26976 0.20044 -0.15473 0.32443 0.033635 -0.027611 0.053639 -0.072604 0.016234 0.010067 -0.0029241 0.016234 -0.073975 0.086153 -0.25105 0.058988 0.20846 0.11928 0.042039 0.127 -0.21192 -0.17143 0.25933 0.15105 -0.187 0.14327 -0.18763 -0.24874 0.29979 0.16434 -0.25797 0.022513 -0.033342 -0.36397 -0.0068616 0.031639 -0.46528 0.0050246 0.037132 -0.6907 -0.19158 0.25638 -0.65351 0.043882 0.070422 -0.76465 -0.15683 0.28751 -0.73436 0.3244 -0.16698 0.47834
0.045189 -0.2205 0.35317 0.25492 -0.024292 0.26494 0.19427 -0.16614 0.32128 0.032359 -0.0304 0.052625 -0.070445 0.019451 0.016495 -0.0017148 0.019451 -0.072639 0.083757 -0.27115 0.0949 0.20979 0.11428 0.041784 0.13099 -0.23251 -0.13428 0.27816 0.13862 -0.18376 0.15265 -0.20916 -0.21056 0.32132 0.15438 -0.2527 -0.010427 -0.030814 -0.36462 -0.018546 0.025581 -0.46293 -0.01725 0.025301 -0.69389 -0.18228 0.26485 -0.65174 0.018808 0.022109 -0.7771 -0.15987 0.29248 -0.73834 0.31748 -0.1825 0.47521
0.023035 -0.24223 0.37079 0.247 -0.063921 0.25784 0.1704 -0.19538 0.31463 0.027058 -0.035332 0.051856 -0.066878 0.023901 0.023085 0.0030554 0.023901 -0.070509 0.05406 -0.29234 0.11176 0.2292 0.075013 0.033555 0.11119 -0.26066 -0.11585 0.30988 0.083327 -0.18901 0.1382 -0.24081 -0.19147 0.3541 0.093945 -0.25764 -0.034964 -0.029492 -0.36243 -0.030982 0.014629 -0.45787 -0.034283 0.014051 -0.69327 -0.092829 0.26849 -0.63051 -0.0063545 -0.01784 -0.77925 -0.068324 0.29043 -0.71785 0.28893 -0.22898 0.46764
-0.0056492 -0.25418 0.36776 0.24009 -0.11095 0.24968 0.14369 -0.22942 0.30515 0.021349 -0.040329 0.050962 -0.063222 0.02698 0.029236 0.0077895 0.02698 -0.069141 0.018317 -0.30737 0.10855 0.26405 0.018724 0.020027 0.084552 -0.28541 -0.11779 0.35082 0.0062184 -0.19998 0.11636 -0.27064 -0.19268 0.39371 0.0068352 -0.27024 -0.044547 -0.029483 -0.35642 -0.041766 -0.0069718 -0.45362 -0.043605 0.011287 -0.68746 0.051276 0.26038 -0.59202 -0.028328 -0.033876 -0.76941 0.090351 0.27588 -0.67524 0.25617 -0.28554 0.4562
-0.019721 -0.26375 0.3647 0.23792 -0.1439 0.24208 0.12819 -0.25369 0.2959 0.019583 -0.044267 0.048787 -0.060592 0.028496 0.033556 0.010499 0.028496 -0.068478 5.2827e-05 -0.31833 0.10525 0.28863 -0.024483 0.010484 0.068688 -0.30393 -0.12121 0.38163 -0.052057 -0.2059 0.10629 -0.29358 -0.19418 0.42214 -0.057165 -0.27813 -0.055288 -0.031338 -0.35148 -0.056052 -0.023686 -0.44957 -0.05032 0.012576 -0.6832 0.1494 0.23218 -0.55964 -0.044678 -0.038644 -0.76076 0.2043 0.24297 -0.63487 0.23626 -0.32447 0.44579
-0.0099451 -0.27205 0.3686 0.24293 -0.15133 0.23581 0.13183 -0.26052 0.28844 0.022706 -0.04604 0.045708 -0.059782 0.028308 0.035175 0.010396 0.028308 -0.068555 0.010978 -0.3242 0.10877 0.3016 -0.041551 0.0036369 0.076015 -0.31248 -0.11888 0.40255 -0.072142 -0.20869 0.11869 -0.30357 -0.18935 0.44046 -0.075177 -0.28237 -0.068918 -0.030215 -0.3503 -0.069215 -0.031887 -0.44621 -0.059132 0.011528 -0.68301 0.1709 0.19655 -0.53861 -0.057088 -0.043718 -0.75822 0.23708 0.20527 -0.60428 0.23895 -0.33217 0.43863
0.020097 -0.27342 0.37161 0.25614 -0.13279 0.23068 0.15578 -0.24987 0.28257 0.028092 -0.044611 0.04367 -0.061201 0.026313 0.033838 0.0079025 0.026313 -0.069528 0.049961 -0.32079 0.11172 0.32679 -0.037603 -0.012506 0.11293 -0.30654 -0.11631 0.43382 -0.057778 -0.2231 0.15499 -0.29385 -0.1861 0.4692 -0.053522 -0.29766 -0.071813 -0.016 -0.35309 -0.066775 -0.040646 -0.44525 -0.073954 0.00035768 -0.68481 0.15993 0.18715 -0.51513 -0.071397 -0.058385 -0.75775 0.23295 0.19567 -0.57317 0.26595 -0.3105 0.43399
0.05548 -0.26997 0.36517 0.27387 -0.10809 0.22214 0.18843 -0.23633 0.27378 0.032461 -0.042058 0.042997 -0.0632 0.02492 0.031099 0.0038767 0.02492 -0.070403 0.095934 -0.31478 0.10593 0.35346 -0.021309 -0.031192 0.16203 -0.2963 -0.12094 0.46428 -0.027589 -0.24137 0.19881 -0.27666 -0.19198 0.4984 -0.016215 -0.31601 -0.061522 0.0079382 -0.35766 -0.055084 -0.046128 -0.44713 -0.09328 -0.018887 -0.6862 0.15142 0.20604 -0.49181 -0.089833 -0.080741 -0.7565 0.22865 0.21525 -0.54406 0.30249 -0.28204 0.42743
0.067725 -0.27398 0.34087 0.28651 -0.12191 0.20025 0.2023 -0.2525 0.25225 0.031972 -0.044388 0.04183 -0.061535 0.029679 0.030766 -0.00031566 0.029679 -0.068728 0.10336 -0.32681 0.083227 0.3252 -0.0046416 -0.021084 0.17594 -0.3106 -0.14177 0.44143 -0.017541 -0.2263 0.21172 -0.28838 -0.21301 0.47797 -0.007755 -0.29958 -0.050991 0.020611 -0.35899 -0.067595 -0.027447 -0.45051 -0.10867 -0.031407 -0.68472 0.16341 0.21337 -0.4934 -0.10963 -0.094595 -0.75374 0.24576 0.22296 -0.53698 0.31345 -0.29455 0.40999
0.056879 -0.27954 0.30281 0.29314 -0.16695 0.16796 0.19692 -0.2898 0.22146 0.028121 -0.05029 0.039639 -0.056735 0.038481 0.032479 -0.0026964 0.038481 -0.064969 0.072606 -0.34915 0.047313 0.23701 0.014588 0.020604 0.15102 -0.34155 -0.17623 0.36034 -0.021911 -0.17663 0.19203 -0.32233 -0.24559 0.40164 -0.020722 -0.24792 -0.049468 0.016122 -0.35702 -0.099417 0.0027192 -0.45008 -0.1157 -0.02997 -0.68204 0.18244 0.19499 -0.52084 -0.12488 -0.092309 -0.75167 0.26992 0.20416 -0.55509 0.29841 -0.33939 0.38426
0.07082 -0.25016 0.27545 0.30757 -0.14877 0.14975 0.21749 -0.27087 0.20708 0.031123 -0.046128 0.038296 -0.057359 0.036436 0.028866 -0.00036343 0.036436 -0.06449 0.081266 -0.32653 0.021262 0.17257 0.061912 0.047545 0.15804 -0.31957 -0.20276 0.29786 0.034532 -0.15271 0.20019 -0.2993 -0.27075 0.33878 0.038747 -0.22452 -0.058463 0.01506 -0.36003 -0.080435 -0.024623 -0.43428 -0.11728 -0.02109 -0.68659 0.14595 0.18304 -0.53403 -0.1251 -0.081769 -0.75695 0.23025 0.19161 -0.57229 0.31555 -0.31346 0.37202
0.12925 -0.17329 0.27181 0.33306 -0.028479 0.15671 0.28085 -0.16471 0.21937 0.044528 -0.026833 0.038714 -0.066613 0.018089 0.017339 0.006534 0.018089 -0.069445 0.16245 -0.23747 0.017406 0.16974 0.14336 0.036994 0.22849 -0.21534 -0.20876 0.29221 0.16621 -0.17419 0.26215 -0.18634 -0.27771 0.3262 0.18841 -0.24853 -0.074508 0.028385 -0.37111 0.014721 -0.13077 -0.40327 -0.11773 -0.012839 -0.69985 0.054649 0.1681 -0.52163 -0.10917 -0.071933 -0.76997 0.12489 0.17346 -0.58044 0.38684 -0.17532 0.38235
0.18473 -0.091568 0.27755 0.34835 0.10176 0.16827 0.33676 -0.04895 0.23268 0.056504 -0.007315 0.03938 -0.075161 -0.00014867 0.0065014 0.011388 -0.00014867 -0.074429 0.2429 -0.13908 0.02227 0.15533 0.22032 0.024118 0.29894 -0.094168 -0.20363 0.28649 0.24911 -0.16523 0.32106 -0.059644 -0.27554 0.31917 0.27287 -0.23567 -0.085358 0.042188 -0.381 0.10686 -0.22807 -0.38252 -0.12291 -0.013884 -0.70774 0.048792 0.046449 -0.53934 -0.096011 -0.071025 -0.77729 0.10483 0.037106 -0.6139 0.44836 -0.028465 0.39459
0.20223 -0.037483 0.27972 0.33976 0.17187 0.16806 0.34916 0.017531 0.22832 0.058721 0.0016005 0.03897 -0.076289 -0.0064613 0.002653 0.010512 -0.0064613 -0.07529 0.26624 -0.0756 0.02348 0.095545 0.25694 0.031791 0.31944 -0.0088869 -0.19764 0.25387 0.20135 -0.087354 0.33308 0.020832 -0.27356 0.29797 0.1927 -0.14328 -0.084513 0.045391 -0.38345 0.14525 -0.24914 -0.37989 -0.13644 -0.028534 -0.70241 0.19476 -0.19999 -0.60782 -0.099397 -0.082593 -0.77137 0.24437 -0.23467 -0.68018 0.45499 0.049462 0.39312
0.20103 0.00097801 0.27805 0.32146 0.21218 0.16094 0.3409 0.060211 0.21755 0.057024 0.0062764 0.037454 -0.07423 -0.0081787 0.0024285 0.0099821 -0.0081787 -0.073588 0.25478 -0.031954 0.019906 0.095916 0.23902 0.031892 0.30631 0.051078 -0.19602 0.27721 0.096545 -0.030949 0.31544 0.073129 -0.27522 0.33479 0.051441 -0.071393 -0.083405 0.04239 -0.38408 0.18772 -0.21514 -0.34877 -0.15563 -0.049472 -0.69727 0.31981 -0.33408 -0.63399 -0.11299 -0.098156 -0.76466 0.36703 -0.37619 -0.7026 0.43863 0.095585 0.38516
0.19823 0.039321 0.27703 0.30511 0.25776 0.15615 0.33252 0.10794 0.21438 0.05666 0.013483 0.035775 -0.073362 -0.012806 0.0014672 0.014988 -0.012806 -0.071349 0.23365 0.011062 0.015705 0.22635 0.17212 0.0066161 0.28001 0.10225 -0.19824 0.40657 0.014627 -0.062359 0.28862 0.12101 -0.27859 0.46873 -0.042481 -0.096343 -0.094351 0.042718 -0.38643 0.27883 -0.15795 -0.26984 -0.1781 -0.06937 -0.6972 0.28159 -0.1845 -0.5546 -0.12997 -0.11032 -0.76243 0.32624 -0.20038 -0.63123 0.42875 0.1498 0.38116
0.17385 0.080526 0.29038 0.27874 0.30483 0.16604 0.30444 0.15481 0.22566 0.053128 0.021967 0.037448 -0.072568 -0.017976 -0.002667 0.022407 -0.017976 -0.069036 0.19453 0.054226 0.026704 0.36046 0.11665 0.00081797 0.23882 0.14655 -0.18705 0.52153 -0.027973 -0.096403 0.2506 0.16488 -0.26684 0.57701 -0.074976 -0.13653 -0.12287 0.064771 -0.38042 0.35923 -0.097335 -0.24563 -0.20597 -0.087216 -0.66641 0.17074 0.058595 -0.46906 -0.15279 -0.12194 -0.73488 0.21335 0.060159 -0.55242 0.40461 0.19867 0.38985
0.11998 0.11945 0.32504 0.23934 0.3402 0.1956 0.2482 0.18727 0.25117 0.043788 0.028325 0.043995 -0.070654 -0.019997 -0.010109 0.027155 -0.019997 -0.067254 0.1364 0.090546 0.061481 0.37936 0.12215 0.051168 0.18734 0.17943 -0.15192 0.51305 -0.036016 -0.051088 0.20486 0.19741 -0.23041 0.55181 -0.060491 -0.10976 -0.16543 0.11755 -0.35886 0.35398 -0.051333 -0.35043 -0.23832 -0.10365 -0.58028 0.0883 0.17927 -0.4712 -0.1817 -0.13762 -0.65803 0.13123 0.15351 -0.54655 0.35404 0.22112 0.41378
0.11512 0.12704 0.35007 0.24459 0.34518 0.21478 0.24051 0.19014 0.26647 0.04307 0.02712 0.045884 -0.071121 -0.018457 -0.012729 0.023217 -0.018457 -0.068678 0.12088 0.096058 0.086311 0.37707 0.14056 0.10118 0.17813 0.18153 -0.12714 0.47814 -0.048275 0.0026224 0.19935 0.1989 -0.2051 0.49894 -0.051231 -0.076059 -0.18522 0.16101 -0.33958 0.21577 -0.041578 -0.42378 -0.25686 -0.12072 -0.50005 -0.033221 0.18094 -0.48136 -0.1988 -0.16021 -0.56558 0.01461 0.1286 -0.543 0.34851 0.21176 0.43005
0.21799 0.0764 0.33356 0.33358 0.30324 0.19378 0.33925 0.15026 0.24851 0.062319 0.014112 0.034299 -0.076478 -0.013865 -0.0043568 0.0081833 -0.013865 -0.074667 0.19308 0.049123 0.066946 0.46094 0.10848 0.086653 0.24642 0.13448 -0.148 0.52982 -0.10168 -0.023556 0.26564 0.15158 -0.22712 0.54157 -0.096315 -0.11142 -0.14722 0.15399 -0.34321 -0.06559 -0.080848 -0.29472 -0.24408 -0.13941 -0.49015 -0.27296 0.12584 -0.40011 -0.18585 -0.18845 -0.49905 -0.21424 0.10016 -0.45472 0.44264 0.16975 0.4157
0.24245 -0.010442 0.29645 0.34699 0.21843 0.15805 0.36502 0.068361 0.21956 0.069171 -0.0050627 0.021498 -0.076397 -0.0068778 -0.0026122 0.0014213 -0.0068778 -0.075977 0.20868 -0.032684 0.031275 0.48599 0.025952 0.043316 0.25568 0.048116 -0.1867 0.55445 -0.17032 -0.080418 0.27446 0.067916 -0.26504 0.57201 -0.1693 -0.16319 -0.077478 0.12482 -0.36754 -0.3328 -0.12635 -0.094273 -0.2138 -0.15259 -0.50106 -0.51638 0.070822 -0.28316 -0.15068 -0.2004 -0.45545 -0.44468 0.091619 -0.33461 0.46701 0.095709 0.38628
-0.025814 -0.099646 0.27359 0.10343 0.10297 0.14623 0.11047 -0.047874 0.21196 0.025862 -0.022253 0.023967 -0.058916 0.0020943 -0.028051 0.024301 0.0020943 -0.062187 0.0012817 -0.12171 0.02185 0.26651 -0.082722 0.033361 0.051495 -0.058476 -0.20019 0.39593 -0.21039 -0.083957 0.079803 -0.030701 -0.27188 0.43634 -0.22048 -0.14852 -0.019714 0.11988 -0.40166 -0.4018 -0.12714 -0.028224 -0.18693 -0.15188 -0.456 -0.60629 0.05854 -0.2278 -0.10918 -0.17199 -0.4178 -0.5248 0.091124 -0.27253 0.22509 -0.0067711 0.36738
-0.37477 -0.19708 0.26574 -0.22704 -0.023445 0.15138 -0.22279 -0.17504 0.2152 -0.031961 -0.036326 0.03484 -0.033267 0.014864 -0.06124 0.056521 0.014864 -0.041707 -0.26692 -0.21755 0.028424 -0.029792 -0.17863 0.055653 -0.20787 -0.17125 -0.19616 0.17197 -0.20842 -0.049463 -0.17105 -0.13483 -0.2608 0.23729 -0.22397 -0.095004 0.010138 0.13928 -0.42927 -0.32497 -0.11606 -0.071703 -0.15525 -0.14078 -0.37211 -0.57227 0.04063 -0.23603 -0.069142 -0.11704 -0.38067 -0.48607 0.062477 -0.26916 -0.099538 -0.11579 0.35829
-0.44308 -0.32027 0.25936 -0.34763 -0.13837 0.14879 -0.2906 -0.28268 0.20382 -0.04304 -0.048866 0.038456 -0.016591 0.03338 -0.068693 0.063179 0.03338 -0.029741 -0.31845 -0.32744 0.020432 -0.10979 -0.22066 0.081577 -0.25503 -0.27687 -0.20227 0.098883 -0.16601 -0.03244 -0.22793 -0.23795 -0.26797 0.17084 -0.16819 -0.073501 0.010317 0.16312 -0.43398 -0.24884 -0.1553 -0.10585 -0.10069 -0.12777 -0.30475 -0.51947 -0.06013 -0.26834 -0.034553 -0.065089 -0.34384 -0.434 -0.033353 -0.28668 -0.18949 -0.20182 0.34883
-0.27949 -0.42653 0.25071 -0.26367 -0.22471 0.13975 -0.14844 -0.34024 0.19448 -0.017668 -0.057254 0.035611 -0.010411 0.051126 -0.054877 0.049346 0.051126 -0.025332 -0.18958 -0.41383 0.00015664 -0.0034882 -0.21011 0.09139 -0.1275 -0.34696 -0.2186 0.15616 -0.098658 -0.04617 -0.12108 -0.30937 -0.29052 0.2194 -0.076463 -0.093343 -0.0041197 0.17883 -0.42274 -0.20418 -0.22633 -0.10394 -0.036386 -0.1181 -0.271 -0.47307 -0.20389 -0.29706 -0.0078992 -0.032964 -0.30722 -0.3937 -0.15639 -0.30236 -0.086566 -0.24085 0.35109
-0.15024 -0.44671 0.24165 -0.14437 -0.27064 0.13948 -0.06239 -0.32224 0.22401 -0.0038405 -0.057098 0.035865 -0.0077675 0.057887 -0.044429 0.041176 0.057887 -0.019005 -0.08331 -0.42049 -0.012886 0.08693 -0.17228 0.072721 -0.024579 -0.34897 -0.23051 0.19704 -0.028989 -0.079175 -0.030032 -0.30983 -0.30501 0.2513 0.010185 -0.1291 -0.010429 0.17952 -0.41455 -0.15794 -0.26942 -0.090949 0.0087522 -0.1147 -0.26527 -0.41486 -0.29234 -0.30305 0.0094677 -0.028408 -0.27104 -0.34629 -0.22869 -0.30321 -0.022796 -0.21615 0.38709
-0.11248 -0.41493 0.23466 -0.05385 -0.29411 0.1507 -0.077643 -0.27209 0.27915 -0.009935 -0.052281 0.040808 -0.0071108 0.058159 -0.043207 0.042895 0.058159 -0.010216 -0.048101 -0.381 -0.018695 0.11347 -0.13101 0.043497 0.0085993 -0.30957 -0.23644 0.18669 0.030877 -0.11063 0.00097171 -0.26924 -0.30964 0.23369 0.078929 -0.15867 -0.010218 0.17787 -0.41341 -0.10538 -0.28775 -0.081007 0.031893 -0.11416 -0.27004 -0.35648 -0.33508 -0.29099 0.020005 -0.034014 -0.23883 -0.29692 -0.26439 -0.29166 -0.044094 -0.16647 0.44224
-0.077288 -0.43153 0.23219 0.018137 -0.33064 0.16701 -0.085022 -0.27574 0.3126 -0.016473 -0.051814 0.046373 -0.010379 0.065729 -0.043727 0.04343 0.065729 -0.0046099 -0.023837 -0.38684 -0.030293 0.13614 -0.10778 0.041085 0.035109 -0.29383 -0.2435 0.1694 0.075649 -0.11496 0.022985 -0.26231 -0.31727 0.20399 0.13549 -0.16397 -0.020723 0.19771 -0.4127 -0.062931 -0.32527 -0.079679 0.047772 -0.10886 -0.26075 -0.32935 -0.41123 -0.28176 0.028604 -0.016961 -0.2164 -0.26717 -0.33646 -0.28073 -0.065381 -0.16477 0.47723
-0.050097 -0.4514 0.22909 0.043688 -0.34685 0.18052 -0.070373 -0.29545 0.31243 -0.01781 -0.049644 0.05039 -0.011218 0.070847 -0.042788 0.041553 0.070847 -0.002939 -0.0090938 -0.40805 -0.040883 0.14946 -0.10303 0.062432 0.059069 -0.29282 -0.24455 0.15491 0.086692 -0.099337 0.04014 -0.27634 -0.32191 0.17767 0.15296 -0.15228 -0.024844 0.21139 -0.41068 -0.054292 -0.34163 -0.084979 0.048971 -0.095417 -0.23682 -0.33012 -0.44887 -0.28335 0.03498 0.0090978 -0.20773 -0.25695 -0.38086 -0.27841 -0.066095 -0.1841 0.48151
-0.11976 -0.30422 0.21401 -0.037595 -0.25082 0.18266 -0.10484 -0.18719 0.29893 -0.020949 -0.026877 0.052489 0.0035869 0.043716 -0.041332 0.044897 0.043716 -0.0015001 -0.054806 -0.30993 -0.026495 0.089803 -0.098694 0.069214 0.031747 -0.23346 -0.22027 0.12139 0.034873 -0.099041 0.014482 -0.22287 -0.30125 0.14938 0.07762 -0.15254 0.023495 0.14773 -0.41009 -0.10765 -0.22453 -0.088592 0.0090414 -0.074206 -0.21893 -0.32441 -0.24764 -0.29187 0.033706 -0.0088774 -0.2151 -0.24669 -0.21699 -0.28773 -0.084484 -0.11153 0.47067
-0.26987 0.0043481 0.19273 -0.19968 -0.046768 0.17783 -0.18483 0.046911 0.28951 -0.025391 0.014767 0.052198 0.029518 -0.012213 -0.041933 0.054376 -0.012213 0.0023942 -0.14914 -0.0971 0.014333 -0.036772 -0.085433 0.05825 -0.040195 -0.12034 -0.17297 0.070729 -0.064529 -0.11399 -0.043552 -0.10698 -0.25529 0.11872 -0.067448 -0.16606 0.11277 0.013627 -0.41302 -0.20398 0.016104 -0.089499 -0.066774 -0.040541 -0.21887 -0.28981 0.1683 -0.30404 0.0060085 -0.053829 -0.23969 -0.2201 0.1355 -0.30571 -0.1191 0.05267 0.461
-0.36434 0.26818 0.19002 -0.31956 0.15137 0.18473 -0.22096 0.23831 0.29684 -0.021951 0.050161 0.048922 0.042236 -0.055862 -0.048663 0.063057 -0.055862 0.0099619 -0.20877 0.067459 0.057339 -0.14439 -0.064591 0.06647 -0.086771 -0.046127 -0.12943 0.032312 -0.14655 -0.10414 -0.068599 -0.039739 -0.20948 0.091673 -0.17316 -0.16278 0.16671 -0.095802 -0.42055 -0.27176 0.23152 -0.095014 -0.13715 0.015234 -0.23731 -0.21918 0.52018 -0.31768 -0.080121 -0.030976 -0.28116 -0.1659 0.43004 -0.32293 -0.12253 0.17935 0.46813
-0.33131 0.33797 0.21111 -0.31983 0.23456 0.20652 -0.17794 0.27505 0.31862 -0.010718 0.061357 0.045027 0.030234 -0.062368 -0.058197 0.06485 -0.062368 0.015137 -0.18523 0.095628 0.084517 -0.16879 -0.046077 0.10347 -0.071018 -0.043278 -0.10667 0.02279 -0.16495 -0.061141 -0.034929 -0.053596 -0.18213 0.072225 -0.17592 -0.13302 0.14826 -0.12044 -0.43063 -0.2595 0.30153 -0.10902 -0.16587 0.064491 -0.25955 -0.13517 0.6049 -0.33219 -0.18774 0.051191 -0.32304 -0.099009 0.49407 -0.33623 -0.082423 0.19232 0.49084
-0.19831 0.16049 0.23263 -0.19504 0.1103 0.22381 -0.10271 0.13782 0.33218 -0.0053212 0.042377 0.04697 0.0014984 -0.032549 -0.056867 0.05551 -0.032549 0.0019235 -0.084783 0.016227 0.088695 -0.082677 -0.050822 0.13773 -0.0071541 -0.053718 -0.10618 0.038875 -0.10384 -0.023774 0.023613 -0.063633 -0.17948 0.061233 -0.082736 -0.097808 0.079992 -0.056351 -0.43687 -0.14851 0.15766 -0.13005 -0.12717 0.025419 -0.25086 -0.1005 0.34642 -0.34915 -0.18373 0.034982 -0.32695 -0.070169 0.27744 -0.35173 -0.038805 0.099611 0.50448
-0.044226 -0.18062 0.24267 -0.01752 -0.17749 0.23037 -0.047325 -0.10315 0.32994 -0.011706 0.0032278 0.056154 -0.031659 0.016682 -0.043018 0.038482 0.016682 -0.0309 0.043277 -0.11149 0.07771 0.073072 -0.082979 0.15305 0.071579 -0.046249 -0.11683 0.072435 0.0088507 -0.007251 0.074943 -0.031067 -0.19172 0.063745 0.058635 -0.067029 -0.013647 0.051063 -0.43367 0.014355 -0.14289 -0.16196 -0.050082 -0.11249 -0.22903 -0.1353 -0.13249 -0.37684 -0.057407 -0.12893 -0.3084 -0.095539 -0.11011 -0.38262 -0.021837 -0.046559 0.50001
-0.024835 -0.37381 0.25323 0.013384 -0.34731 0.24616 -0.061869 -0.23254 0.33351 -0.020487 -0.019571 0.064546 -0.051926 0.043529 -0.037476 0.030461 0.043529 -0.057265 0.081307 -0.19028 0.084331 0.1427 -0.11575 0.1655 0.10534 -0.048904 -0.10744 0.10944 0.072221 0.020805 0.098029 -0.013778 -0.18234 0.092564 0.13805 -0.026998 -0.11284 0.07713 -0.4174 0.071407 -0.32896 -0.2187 -0.058454 -0.22731 -0.30681 -0.17941 -0.37643 -0.43505 -0.026045 -0.2795 -0.3804 -0.12564 -0.29405 -0.45326 -0.03725 -0.12746 0.4989
-0.18153 -0.26379 0.27274 -0.16027 -0.25819 0.27723 -0.1397 -0.14841 0.35416 -0.022707 -0.0073685 0.066805 -0.052549 0.027923 -0.048908 0.03831 0.027923 -0.061966 -0.0071879 -0.1741 0.12086 0.057174 -0.13603 0.17718 0.078101 -0.077687 -0.068367 0.13793 0.029055 0.0623 0.095507 -0.045892 -0.13923 0.14719 0.093278 0.013127 -0.19564 -0.029377 -0.39068 -0.044143 -0.25446 -0.30053 -0.19858 -0.2426 -0.51753 -0.19074 -0.16194 -0.52687 -0.19311 -0.31007 -0.57952 -0.12777 -0.093478 -0.56587 -0.064437 -0.0881 0.51418
-0.28307 -0.095744 0.29619 -0.2521 -0.13672 0.2926 -0.14813 -0.03472 0.37342 -0.013839 0.012593 0.065741 -0.051477 0.0039268 -0.053737 0.043932 0.0039268 -0.060244 -0.062117 -0.13994 0.14829 -0.032869 -0.16834 0.15179 0.077623 -0.1083 -0.042553 0.15196 -0.063776 0.040363 0.12029 -0.086567 -0.11064 0.19567 -0.016824 -0.012098 -0.23437 -0.1378 -0.36954 -0.17109 -0.10115 -0.3749 -0.32218 -0.21358 -0.69584 -0.1859 0.14133 -0.61558 -0.35633 -0.28319 -0.74962 -0.12156 0.18018 -0.67078 -0.029605 -0.030869 0.53312
-0.17131 -0.0713 0.31672 -0.066253 -0.15808 0.27643 -0.0085766 -0.037378 0.37542 0.0059875 0.017389 0.064253 -0.061651 -0.00052441 -0.036819 0.034589 -0.00052441 -0.065082 0.024275 -0.14898 0.13737 -0.0056655 -0.22116 0.077622 0.15859 -0.11895 -0.060416 0.15498 -0.14259 -0.079698 0.20006 -0.099245 -0.13076 0.21884 -0.12167 -0.12806 -0.21841 -0.14805 -0.36541 -0.17581 -0.030644 -0.41789 -0.31964 -0.19499 -0.72256 -0.1797 0.22298 -0.67256 -0.35891 -0.26412 -0.77684 -0.12203 0.26465 -0.73068 0.1042 -0.036543 0.54218
-0.0017865 -0.11351 0.32737 0.20235 -0.20913 0.27023 0.15468 -0.083513 0.3631 0.025081 0.014098 0.062349 -0.072209 0.0041591 -0.019473 0.022448 0.0041591 -0.071282 0.13476 -0.17007 0.10664 0.093556 -0.24281 0.028019 0.24141 -0.1105 -0.096413 0.17505 -0.16827 -0.18195 0.27117 -0.088494 -0.17036 0.24599 -0.16399 -0.22423 -0.18803 -0.11732 -0.37129 -0.091187 -0.020599 -0.44283 -0.26665 -0.18942 -0.68673 -0.15931 0.17017 -0.70765 -0.29139 -0.26067 -0.74207 -0.11084 0.22761 -0.76355 0.24841 -0.063644 0.53547
0.067625 -0.12362 0.323 0.34952 -0.17107 0.30376 0.22303 -0.087823 0.34369 0.033592 0.012431 0.059773 -0.072575 0.0047477 -0.020996 0.01979 0.0047477 -0.072643 0.15548 -0.16711 0.07723 0.19655 -0.19383 0.057423 0.25275 -0.088368 -0.12393 0.22749 -0.12352 -0.17205 0.27852 -0.06515 -0.19897 0.29822 -0.11396 -0.21195 -0.17858 -0.11 -0.37875 0.015998 -0.019521 -0.46204 -0.24532 -0.19018 -0.68462 -0.11881 0.11515 -0.73263 -0.25683 -0.26823 -0.73434 -0.076804 0.17769 -0.78935 0.3213 -0.06402 0.51221
0.074162 -0.10385 0.30513 0.39099 -0.091676 0.32624 0.23047 -0.061515 0.32795 0.035947 0.012257 0.057189 -0.068679 0.0025764 -0.029569 0.023133 0.0025764 -0.071112 0.13124 -0.14577 0.048988 0.25909 -0.119 0.095669 0.22974 -0.060041 -0.14878 0.26494 -0.055055 -0.13277 0.25789 -0.036349 -0.22284 0.33495 -0.033983 -0.17121 -0.17441 -0.1146 -0.38606 0.06268 0.01165 -0.45994 -0.24101 -0.19041 -0.7038 -0.095645 0.09712 -0.74151 -0.24328 -0.27402 -0.74594 -0.05673 0.15951 -0.79942 0.3478 -0.044477 0.48555
0.085844 -0.077108 0.2783 0.38717 -0.040446 0.28754 0.2351 -0.033071 0.32428 0.038534 0.01188 0.055192 -0.068323 0.0013281 -0.030086 0.026211 0.0013281 -0.069959 0.12842 -0.1199 0.018999 0.25541 -0.070398 0.067908 0.22313 -0.031824 -0.1799 0.24202 -0.01305 -0.15975 0.25459 -0.0070252 -0.25231 0.31515 0.0086398 -0.195 -0.1546 -0.10831 -0.39293 -0.008526 0.093899 -0.42347 -0.22369 -0.18495 -0.71371 -0.12325 0.12401 -0.72863 -0.21952 -0.26765 -0.75277 -0.085169 0.18964 -0.78496 0.36896 -0.020867 0.46886
0.10424 -0.054354 0.25409 0.37116 -0.0084 0.22804 0.24298 -0.0078487 0.32635 0.041506 0.012887 0.053068 -0.070194 -3.5524e-05 -0.025757 0.02671 -3.5524e-05 -0.069875 0.1431 -0.096547 -0.0055055 0.22127 -0.043186 0.012833 0.22813 -0.0022301 -0.20572 0.19089 0.0057671 -0.21675 0.26047 0.024329 -0.27708 0.26281 0.023684 -0.25439 -0.12891 -0.097132 -0.39844 -0.11532 0.17592 -0.38184 -0.19565 -0.17711 -0.71609 -0.16863 0.15637 -0.70948 -0.18808 -0.25916 -0.75845 -0.1337 0.22129 -0.76783 0.38589 0.0078645 0.46136
0.11429 -0.041895 0.24446 0.36539 0.031208 0.20545 0.24679 0.015084 0.32472 0.043434 0.017099 0.050036 -0.070784 -0.0033126 -0.024172 0.023882 -0.0033126 -0.070718 0.1536 -0.080237 -0.015557 0.20639 -0.01732 -0.0082101 0.22693 0.030707 -0.21113 0.1612 0.018817 -0.23923 0.25568 0.059178 -0.28307 0.21788 0.039311 -0.29236 -0.11397 -0.093169 -0.40181 -0.15367 0.1978 -0.36971 -0.16892 -0.17133 -0.72071 -0.18695 0.15024 -0.70246 -0.16069 -0.25874 -0.77232 -0.16155 0.20178 -0.77305 0.38944 0.045265 0.45879
0.12011 -0.03907 0.25108 0.37675 0.071162 0.21823 0.25141 0.033131 0.31789 0.044517 0.021743 0.047311 -0.069714 -0.0063465 -0.026407 0.019422 -0.0063465 -0.071931 0.15717 -0.072366 -0.010044 0.23407 0.016961 -0.0018909 0.22282 0.057682 -0.19687 0.16864 0.033028 -0.22947 0.24586 0.086939 -0.27063 0.19983 0.056007 -0.30187 -0.11242 -0.093479 -0.40417 -0.14121 0.17882 -0.37812 -0.1566 -0.16347 -0.72745 -0.18172 0.12077 -0.70526 -0.14417 -0.24012 -0.78824 -0.16703 0.15774 -0.78924 0.38002 0.079299 0.46094
0.1302 -0.042646 0.27077 0.40275 0.093137 0.24316 0.26337 0.042567 0.30858 0.045283 0.022753 0.046751 -0.067887 -0.0060833 -0.030772 0.015972 -0.0060833 -0.072818 0.15702 -0.072585 0.008253 0.30852 0.06151 0.0026819 0.22469 0.067252 -0.17038 0.21046 0.050201 -0.21316 0.24386 0.095152 -0.2461 0.21448 0.064901 -0.29462 -0.12134 -0.090236 -0.40699 -0.13611 0.16399 -0.38369 -0.17009 -0.14705 -0.73254 -0.17393 0.10206 -0.70834 -0.14286 -0.17114 -0.79538 -0.16343 0.13979 -0.79389 0.3611 0.094046 0.46932
0.12993 -0.050035 0.2932 0.41337 0.093649 0.26395 0.26482 0.041408 0.30879 0.043863 0.019754 0.049223 -0.066907 -0.0044121 -0.033245 0.016315 -0.0044121 -0.07282 0.14595 -0.076084 0.029287 0.361 0.08584 0.0045963 0.22164 0.065489 -0.14446 0.23944 0.063005 -0.19958 0.24169 0.093312 -0.21988 0.22038 0.066756 -0.27985 -0.13581 -0.082574 -0.40847 -0.14932 0.1622 -0.38114 -0.20357 -0.12297 -0.73286 -0.17691 0.099415 -0.7075 -0.15648 -0.084456 -0.79248 -0.16458 0.14759 -0.78666 0.33136 0.090227 0.48689
0.09709 -0.059352 0.30566 0.37152 0.075854 0.26949 0.23033 0.028575 0.3324 0.03776 0.01412 0.054847 -0.068466 -0.0050563 -0.029269 0.022429 -0.0050563 -0.071589 0.11343 -0.077049 0.040615 0.30218 0.049125 0.015335 0.19617 0.064709 -0.1328 0.19676 0.060413 -0.18945 0.22394 0.09838 -0.20286 0.16317 0.066125 -0.26499 -0.14961 -0.072187 -0.40567 -0.16729 0.16547 -0.37435 -0.24247 -0.09434 -0.72601 -0.19664 0.10509 -0.70191 -0.18126 -0.037316 -0.783 -0.1805 0.15809 -0.77785 0.28876 0.075662 0.51602
0.049706 -0.072887 0.30747 0.30835 0.036669 0.2683 0.18094 0.0035783 0.36468 0.030296 0.0067497 0.060837 -0.071552 -0.0056093 -0.020754 0.026843 -0.0056093 -0.070329 0.06812 -0.082226 0.042031 0.20333 -0.031465 0.032186 0.16335 0.052742 -0.13049 0.13178 0.039318 -0.17796 0.20448 0.092672 -0.19032 0.097216 0.057842 -0.25075 -0.1526 -0.051872 -0.40025 -0.15905 0.17284 -0.3712 -0.26748 -0.049567 -0.71425 -0.19926 0.12151 -0.69896 -0.19956 -0.012779 -0.77072 -0.17739 0.17015 -0.77622 0.24877 0.047591 0.54512
0.027369 -0.094948 0.30536 0.29166 -0.029508 0.27967 0.16261 -0.033236 0.37551 0.027809 -0.0017017 0.062958 -0.073589 -0.0003877 -0.013445 0.017526 -0.0003877 -0.071021 0.028985 -0.10481 0.040791 0.22232 -0.10577 0.044628 0.15527 0.0048027 -0.12209 0.15183 0.0017304 -0.15731 0.21208 0.040468 -0.16898 0.1341 0.031027 -0.23355 -0.13367 -0.010547 -0.39657 -0.087567 0.18698 -0.38114 -0.25842 0.029357 -0.7026 -0.13194 0.15598 -0.71011 -0.18747 0.047149 -0.75963 -0.10026 0.19473 -0.78874 0.23513 -0.0019905 0.55559
0.023471 -0.12184 0.30598 0.31125 -0.10839 0.30455 0.16781 -0.074374 0.36675 0.028428 -0.0097721 0.061885 -0.07345 0.0089986 -0.011174 0.00083115 0.0089986 -0.072984 -0.0065248 -0.13926 0.043431 0.33889 -0.16253 0.05614 0.1593 -0.067755 -0.10543 0.2395 -0.04655 -0.12568 0.22951 -0.045595 -0.14125 0.24298 -0.021399 -0.20708 -0.10223 0.039108 -0.39723 0.017095 0.19993 -0.40076 -0.22505 0.12143 -0.6956 -0.021854 0.19486 -0.73189 -0.15312 0.13267 -0.75402 0.020712 0.22159 -0.81061 0.23469 -0.061978 0.55136
-0.0026841 -0.14382 0.31556 0.29903 -0.1713 0.32987 0.14945 -0.10722 0.36412 0.024281 -0.015462 0.061926 -0.071199 0.015527 -0.01601 -0.0035073 0.015527 -0.073586 -0.056625 -0.16601 0.055499 0.4001 -0.22017 0.080509 0.13033 -0.12678 -0.088422 0.28477 -0.097108 -0.085929 0.20632 -0.11697 -0.12116 0.28803 -0.10232 -0.16358 -0.082591 0.067275 -0.40327 0.076214 0.19615 -0.41718 -0.19899 0.17751 -0.69703 0.045375 0.20945 -0.74978 -0.1281 0.18365 -0.75796 0.093306 0.22512 -0.82844 0.20759 -0.10736 0.55302
-0.055008 -0.15444 0.33279 0.24236 -0.2103 0.34795 0.10145 -0.12716 0.37369 0.015045 -0.018627 0.063881 -0.068196 0.017266 -0.024658 0.0065343 0.017266 -0.072416 -0.11776 -0.17568 0.074851 0.36834 -0.28489 0.11938 0.068376 -0.15909 -0.073497 0.26332 -0.14674 -0.041787 0.14315 -0.15737 -0.10982 0.24602 -0.18877 -0.10838 -0.078092 0.069712 -0.41154 0.077565 0.1742 -0.42633 -0.18599 0.19075 -0.70413 0.056247 0.1953 -0.75925 -0.11675 0.18887 -0.76713 0.10475 0.20288 -0.83818 0.15199 -0.1314 0.56461
-0.10171 -0.15068 0.34926 0.1828 -0.23749 0.35675 0.057518 -0.1374 0.38225 0.0076768 -0.020883 0.06514 -0.066974 0.017274 -0.028866 0.015863 0.017274 -0.071216 -0.16553 -0.16917 0.092112 0.31922 -0.35021 0.16257 0.016963 -0.17608 -0.057627 0.2347 -0.19714 0.0023618 0.0897 -0.18234 -0.095911 0.20324 -0.23424 -0.059085 -0.071882 0.066903 -0.41508 0.073267 0.14634 -0.43286 -0.16685 0.19515 -0.70799 0.067132 0.17145 -0.76553 -0.097027 0.18495 -0.76941 0.11897 0.17474 -0.8449 0.10264 -0.14518 0.57401
-0.13044 -0.13427 0.36058 0.13987 -0.25781 0.35956 0.030693 -0.1401 0.3845 0.0043422 -0.022605 0.064889 -0.068253 0.016832 -0.02589 0.018444 0.016832 -0.070739 -0.19256 -0.15111 0.10287 0.28842 -0.40738 0.20339 -0.0085001 -0.18546 -0.041024 0.22417 -0.24464 0.043148 0.063945 -0.20103 -0.076964 0.19513 -0.2332 -0.022149 -0.058598 0.068246 -0.41175 0.085247 0.12069 -0.43901 -0.13687 0.20578 -0.70538 0.099523 0.14901 -0.77113 -0.064586 0.18842 -0.76214 0.15423 0.14761 -0.85079 0.072155 -0.15378 0.57675
-0.15387 -0.11239 0.36764 0.10401 -0.26652 0.36566 0.0072874 -0.13586 0.38554 0.0011183 -0.022597 0.064634 -0.070519 0.014863 -0.019862 0.019955 0.014863 -0.070432 -0.21292 -0.13016 0.10903 0.25814 -0.4456 0.23986 -0.028426 -0.18928 -0.028025 0.21176 -0.27882 0.078367 0.043402 -0.21338 -0.061678 0.19064 -0.23015 0.0098451 -0.047615 0.068616 -0.40542 0.096065 0.09965 -0.44372 -0.11 0.21295 -0.70013 0.12968 0.1284 -0.77478 -0.037454 0.18942 -0.75439 0.1704 0.11189 -0.85413 0.044832 -0.15421 0.57837
-0.17735 -0.090508 0.37099 0.072226 -0.26213 0.37671 -0.01821 -0.12601 0.38835 -0.0035316 -0.020699 0.06512 -0.072432 0.01157 -0.014538 0.023402 0.01157 -0.069937 -0.23387 -0.11231 0.1121 0.21903 -0.45742 0.2628 -0.052824 -0.18937 -0.020616 0.18612 -0.28961 0.099881 0.01739 -0.22003 -0.052852 0.17078 -0.23774 0.033299 -0.042579 0.065648 -0.39963 0.098319 0.083582 -0.44622 -0.092591 0.21154 -0.69596 0.14644 0.10952 -0.77575 -0.023116 0.18319 -0.75183 0.15405 0.067752 -0.85262 0.015349 -0.14657 0.58173
-0.19294 -0.070939 0.37028 0.053971 -0.24885 0.38236 -0.03658 -0.11323 0.39176 -0.0069998 -0.018454 0.065748 -0.073124 0.0092875 -0.01246 0.026701 0.0092875 -0.069295 -0.25049 -0.099191 0.11237 0.1794 -0.4408 0.25192 -0.072783 -0.1878 -0.01687 0.1531 -0.26823 0.090588 -0.0033476 -0.22352 -0.043409 0.1408 -0.21626 0.026831 -0.037172 0.062453 -0.39687 0.10328 0.07024 -0.44644 -0.077841 0.20558 -0.69573 0.16172 0.092456 -0.77439 -0.011142 0.17512 -0.75393 0.13722 0.031608 -0.8435 -0.0034359 -0.13631 0.58481
-0.19673 -0.054561 0.36482 0.052212 -0.23158 0.37646 -0.043231 -0.10047 0.39462 -0.0078812 -0.016911 0.06609 -0.072754 0.0090558 -0.013461 0.028438 0.0090558 -0.068643 -0.25986 -0.090194 0.10922 0.14433 -0.40212 0.20334 -0.083018 -0.18565 -0.016189 0.12427 -0.22349 0.044483 -0.012914 -0.22558 -0.031336 0.11425 -0.16199 -0.018233 -0.027659 0.061065 -0.39694 0.11733 0.058213 -0.44463 -0.061732 0.19869 -0.69915 0.18269 0.076993 -0.7714 0.004389 0.16883 -0.75832 0.13963 0.012097 -0.82766 -0.0059008 -0.12774 0.58629
-0.19446 -0.04001 0.3535 0.055565 -0.2156 0.3628 -0.044708 -0.09092 0.39653 -0.0077176 -0.0159 0.06627 -0.073359 0.0091127 -0.012414 0.029282 0.0091127 -0.068223 -0.26477 -0.081174 0.10046 0.11007 -0.36294 0.14616 -0.088127 -0.1822 -0.021112 0.11933 -0.19745 -0.021862 -0.018039 -0.22612 -0.025806 0.11659 -0.14796 -0.083536 -0.0168 0.060596 -0.39472 0.13456 0.048079 -0.44159 -0.047615 0.19218 -0.70007 0.20385 0.062302 -0.76797 0.01797 0.16301 -0.76015 0.15038 0.00051706 -0.81305 -0.0030892 -0.12216 0.58684
-0.19178 -0.028511 0.33991 0.05582 -0.20272 0.34622 -0.046586 -0.085728 0.39748 -0.0078974 -0.015129 0.066417 -0.075197 0.0081382 -0.0077819 0.030187 0.0081382 -0.067989 -0.26742 -0.071512 0.088574 0.078989 -0.33195 0.10519 -0.091043 -0.17828 -0.028826 0.14697 -0.21463 -0.086003 -0.022743 -0.2258 -0.028986 0.1586 -0.21569 -0.14496 -0.0087893 0.060118 -0.3889 0.14864 0.040997 -0.43821 -0.040078 0.18623 -0.69659 0.21904 0.050766 -0.76489 0.023549 0.15648 -0.75851 0.15905 -0.0084677 -0.8053 -0.0040254 -0.11889 0.58733
-0.19131 -0.028158 0.33911 0.056338 -0.18636 0.33135 -0.049071 -0.080916 0.39819 -0.0086379 -0.014328 0.066528 -0.073717 0.0066416 -0.0080485 0.032236 0.0066416 -0.067158 -0.26698 -0.070084 0.087814 0.070687 -0.28257 0.085912 -0.087976 -0.17908 -0.022724 0.18697 -0.24805 -0.11743 -0.021063 -0.22754 -0.023059 0.21227 -0.30964 -0.1718 -0.0095243 0.059386 -0.38876 0.15551 0.038971 -0.43548 -0.044716 0.17876 -0.69857 0.22392 0.052703 -0.7619 0.016855 0.14973 -0.76279 0.16489 -0.0073379 -0.80259 -0.008328 -0.11321 0.58847
-0.19522 -0.048064 0.36787 0.062195 -0.15866 0.32282 -0.051572 -0.071757 0.39945 -0.009983 -0.01323 0.066578 -0.063652 0.0054037 -0.023184 0.036529 0.0054037 -0.06484 -0.26217 -0.087174 0.11417 0.10732 -0.18303 0.090962 -0.074139 -0.19042 0.015848 0.21482 -0.26309 -0.084445 -0.0055574 -0.23459 0.012753 0.24388 -0.35987 -0.13237 -0.025154 0.05826 -0.40515 0.15148 0.044136 -0.43439 -0.067272 0.16737 -0.71764 0.21442 0.079605 -0.75858 -0.0061155 0.14346 -0.78388 0.16852 0.01333 -0.80195 -0.014222 -0.099818 0.59095
-0.2057 -0.097342 0.44296 0.078465 -0.11179 0.32523 -0.0535 -0.053521 0.40209 -0.011977 -0.011568 0.066545 -0.039735 0.005205 -0.063159 0.044168 0.005205 -0.060143 -0.25172 -0.13307 0.18363 0.21104 -0.0015202 0.12296 -0.044745 -0.21812 0.10554 0.20601 -0.22516 0.044666 0.031216 -0.25021 0.09923 0.21968 -0.29643 0.0050188 -0.061827 0.056596 -0.44892 0.13282 0.058624 -0.43595 -0.11349 0.14964 -0.76541 0.18648 0.14296 -0.75454 -0.049369 0.13842 -0.83267 0.1706 0.062961 -0.80045 -0.019931 -0.073402 0.59546
