-0.15697 0.036034 0.32537 0.11906 0.0075793 0.3329 -0.024571 -0.012418 0.40831 -0.0053231 -0.0042054 0.068261 -0.052046 -0.0027916 -0.053651 0.054219 -0.0027916 -0.051455 -0.26887 0.098113 0.092406 0.24042 -0.018377 0.097854 -0.47088 0.12215 -0.029177 0.42442 -0.14018 0.011385 -0.54701 0.14144 -0.055077 0.49418 -0.17632 -0.014425 -0.039419 0.10064 -0.42927 0.075482 0.042623 -0.43802 0.0044 0.20318 -0.744 0.070566 0.06676 -0.77101 -0.058961 0.19048 -0.81171 0.064366 -0.018588 -0.80893 -0.0046044 -0.075859 0.59403
-0.15691 0.040663 0.32702 0.11861 0.0081397 0.33341 -0.02523 -0.012365 0.40828 -0.0053608 -0.0042022 0.068258 -0.051885 -0.0027593 -0.05381 0.054617 -0.0027593 -0.051031 -0.31556 0.12228 0.1284 0.26422 -0.013425 0.11037 -0.53054 0.16406 0.024576 0.48422 -0.078333 0.059324 -0.6075 0.18663 0.043113 0.5473 -0.11609 0.025213 -0.041469 0.10076 -0.42947 0.073978 0.044631 -0.43746 -0.00035689 0.20418 -0.74428 0.068018 0.069179 -0.7704 -0.063754 0.18967 -0.81159 0.06214 -0.015777 -0.80925 -0.0048033 -0.07467 0.59433
-0.15823 0.04407 0.32984 0.1186 0.0094192 0.33585 -0.026305 -0.012599 0.4082 -0.0055348 -0.0043795 0.068233 -0.05134 -0.0022214 -0.054352 0.054362 -0.0022214 -0.051332 -0.36223 0.13621 0.18812 0.30689 -0.0048186 0.15045 -0.58705 0.19077 0.16313 0.54088 -0.047697 0.1371 -0.66551 0.21835 0.16073 0.60606 -0.07032 0.086381 -0.043804 0.10033 -0.43034 0.071212 0.047065 -0.43764 -0.0063582 0.20477 -0.74527 0.063859 0.071989 -0.77052 -0.069519 0.18794 -0.81226 0.058974 -0.012563 -0.81037 -0.0050496 -0.073627 0.59458
-0.16053 0.045133 0.33347 0.11919 0.010953 0.33985 -0.027308 -0.013511 0.40809 -0.0056294 -0.0048003 0.068197 -0.050716 -0.0014046 -0.054964 0.053641 -0.0014046 -0.052112 -0.39899 0.13441 0.25662 0.34794 0.0032349 0.20419 -0.62393 0.18971 0.31063 0.579 -0.034627 0.23923 -0.70081 0.21479 0.30051 0.65003 -0.042767 0.20139 -0.046209 0.099145 -0.43155 0.067666 0.04948 -0.43832 -0.013105 0.2045 -0.74666 0.058751 0.074645 -0.77115 -0.075807 0.185 -0.81336 0.055345 -0.0095103 -0.81199 -0.0049644 -0.073192 0.59478
-0.16336 0.043074 0.33757 0.12024 0.012558 0.34456 -0.027787 -0.015376 0.40798 -0.0054855 -0.0054753 0.068157 -0.050295 -0.00048535 -0.055365 0.052666 -0.00048535 -0.053114 -0.41925 0.11417 0.32317 0.37326 0.0084094 0.26197 -0.63371 0.15393 0.41794 0.58737 -0.031857 0.35516 -0.70537 0.16695 0.44909 0.66466 -0.035057 0.36687 -0.048524 0.096979 -0.43278 0.063777 0.051552 -0.43927 -0.020284 0.20299 -0.74814 0.053241 0.076764 -0.77205 -0.082275 0.18066 -0.81462 0.051715 -0.0069792 -0.81384 -0.0041463 -0.073691 0.59494
-0.16619 0.038077 0.3421 0.1212 0.014604 0.34813 -0.027382 -0.018189 0.40788 -0.0050898 -0.0062767 0.06812 -0.050257 0.00046727 -0.055398 0.051684 0.00046727 -0.054071 -0.42462 0.080019 0.38805 0.38548 0.012142 0.32505 -0.62972 0.090923 0.50617 0.56776 -0.046864 0.46257 -0.69876 0.096673 0.55807 0.65068 -0.043213 0.49586 -0.050667 0.093637 -0.4339 0.05987 0.053228 -0.4402 -0.027942 0.20011 -0.74955 0.047598 0.07835 -0.77292 -0.088739 0.17495 -0.81612 0.04848 -0.0048704 -0.8157 -0.002194 -0.075127 0.59506
-0.16839 0.030944 0.34828 0.12341 0.015556 0.35227 -0.025606 -0.022186 0.40778 -0.0043989 -0.007073 0.068089 -0.050358 0.0011388 -0.055298 0.050762 0.0011388 -0.054926 -0.41301 0.036037 0.45172 0.38648 0.0040668 0.39069 -0.59692 0.0055184 0.59792 0.54321 -0.067394 0.55554 -0.65613 -0.00062864 0.65264 0.60539 -0.063519 0.60132 -0.051891 0.089453 -0.43496 0.056334 0.053957 -0.44109 -0.034818 0.19579 -0.75101 0.042327 0.07895 -0.77376 -0.093709 0.16824 -0.81834 0.045657 -0.0039034 -0.81725 0.00069249 -0.077985 0.59516
-0.16967 0.023717 0.35605 0.12759 0.014693 0.35788 -0.022658 -0.025957 0.40774 -0.0035591 -0.0076148 0.06808 -0.050351 0.0013392 -0.0553 0.050015 0.0013392 -0.055603 -0.38467 -0.012104 0.50807 0.37367 -0.02545 0.45083 -0.5173 -0.088961 0.68912 0.50753 -0.09292 0.63633 -0.55337 -0.11783 0.75665 0.52294 -0.10131 0.71432 -0.051849 0.085397 -0.43593 0.053714 0.053498 -0.44188 -0.039565 0.19078 -0.75252 0.038242 0.078416 -0.77449 -0.096055 0.16182 -0.8213 0.043478 -0.0039422 -0.81875 0.0036791 -0.081786 0.59511
-0.17036 0.019549 0.36219 0.13138 0.01449 0.3611 -0.019982 -0.025759 0.4079 -0.0030342 -0.0075417 0.068114 -0.05038 0.0013587 -0.055272 0.049751 0.0013587 -0.05584 -0.35052 -0.05494 0.54269 0.34397 -0.068793 0.49471 -0.40923 -0.16205 0.74375 0.40437 -0.15482 0.70081 -0.42546 -0.20081 0.81648 0.40735 -0.168 0.78588 -0.051526 0.082781 -0.43647 0.052564 0.052678 -0.44224 -0.042238 0.18703 -0.75355 0.03615 0.077626 -0.7748 -0.096706 0.15793 -0.82388 0.042544 -0.0033424 -0.82073 0.0056077 -0.084149 0.59457
-0.17071 0.017556 0.36611 0.134 0.015 0.36247 -0.018103 -0.023718 0.40811 -0.0027728 -0.0072571 0.068156 -0.050431 0.001358 -0.055226 0.049749 0.001358 -0.055841 -0.32789 -0.088723 0.55262 0.31823 -0.10082 0.51675 -0.34238 -0.20545 0.7598 0.31901 -0.20529 0.73302 -0.34365 -0.24258 0.83316 0.3218 -0.21866 0.81363 -0.051227 0.081324 -0.43673 0.052248 0.051966 -0.44233 -0.043669 0.18463 -0.75416 0.03527 0.07697 -0.77486 -0.096656 0.156 -0.82581 0.041112 -0.0063165 -0.81862 0.006495 -0.085211 0.59393
-0.17098 0.01646 0.36886 0.13589 0.015516 0.36344 -0.016853 -0.021565 0.40828 -0.0026283 -0.0069922 0.068189 -0.050476 0.0013767 -0.055185 0.049759 0.0013767 -0.055832 -0.31399 -0.11355 0.55136 0.30188 -0.11665 0.52361 -0.32003 -0.22903 0.7583 0.28475 -0.22191 0.73538 -0.30949 -0.26407 0.83245 0.27291 -0.23952 0.81531 -0.050987 0.080404 -0.43689 0.052174 0.051446 -0.4424 -0.044563 0.18295 -0.75459 0.034849 0.076472 -0.77491 -0.09639 0.15487 -0.8273 0.041101 -0.0049964 -0.82074 0.0066503 -0.085509 0.59341
-0.17137 0.016366 0.37156 0.13785 0.015809 0.36418 -0.015791 -0.018035 0.40848 -0.0025971 -0.0064719 0.068241 -0.050552 0.0013952 -0.055114 0.049766 0.0013952 -0.055825 -0.28754 -0.13129 0.55907 0.27692 -0.13728 0.53013 -0.26695 -0.24868 0.76285 0.22469 -0.24363 0.73365 -0.24996 -0.2872 0.83412 0.19557 -0.27022 0.8057 -0.050884 0.079809 -0.43695 0.052367 0.050979 -0.44245 -0.045122 0.18162 -0.75489 0.034902 0.076013 -0.77495 -0.095877 0.15416 -0.82859 0.046714 0.015302 -0.8426 0.0062088 -0.084901 0.59276
-0.1716 0.016483 0.37382 0.13972 0.015847 0.36465 -0.014774 -0.014313 0.40867 -0.0026172 -0.0058334 0.068299 -0.050613 0.0013988 -0.055058 0.049753 0.0013988 -0.055837 -0.26645 -0.14399 0.56355 0.25879 -0.15262 0.53283 -0.22729 -0.26111 0.76678 0.18277 -0.25919 0.73153 -0.20862 -0.30259 0.83576 0.14295 -0.29134 0.79812 -0.050825 0.079381 -0.43698 0.052668 0.05053 -0.44252 -0.045477 0.18051 -0.75515 0.035174 0.075578 -0.77502 -0.095297 0.1537 -0.82972 0.047941 0.023145 -0.8526 0.0055883 -0.083979 0.59211
-0.17161 0.016435 0.37527 0.14125 0.0157 0.3648 -0.013881 -0.01097 0.40882 -0.0026692 -0.0050014 0.068362 -0.050654 0.0013529 -0.055022 0.049744 0.0013529 -0.055845 -0.26104 -0.15233 0.56016 0.25092 -0.1598 0.53158 -0.2346 -0.26978 0.76407 0.18367 -0.26826 0.73115 -0.21804 -0.31169 0.83347 0.15302 -0.30228 0.7993 -0.050774 0.079012 -0.43701 0.05301 0.050078 -0.44257 -0.045719 0.17957 -0.75536 0.035528 0.075143 -0.77507 -0.094765 0.15341 -0.83067 0.043805 0.013706 -0.84514 0.0050788 -0.082999 0.59149
-0.1716 0.016377 0.37606 0.14241 0.015469 0.36467 -0.013204 -0.0077505 0.40895 -0.0027577 -0.0037815 0.068436 -0.05072 0.0012284 -0.054963 0.049789 0.0012284 -0.055809 -0.26721 -0.15645 0.55427 0.24712 -0.16485 0.52985 -0.27832 -0.28016 0.75566 0.2129 -0.28202 0.73303 -0.26867 -0.32358 0.82567 0.21152 -0.31917 0.80522 -0.050772 0.078648 -0.437 0.053428 0.049602 -0.44258 -0.045911 0.17877 -0.75549 0.03598 0.074677 -0.77508 -0.094294 0.15318 -0.83142 0.041655 0.008218 -0.84073 0.0047517 -0.081895 0.59087
-0.17143 0.01625 0.37666 0.14337 0.015202 0.36446 -0.012551 -0.0052609 0.40904 -0.0028099 -0.0024491 0.068496 -0.050826 0.001062 -0.05487 0.049876 0.001062 -0.055734 -0.28555 -0.15812 0.54033 0.26475 -0.16044 0.52135 -0.33476 -0.27612 0.74014 0.27592 -0.2829 0.7232 -0.34117 -0.32257 0.80759 0.28047 -0.31959 0.79899 -0.050831 0.078293 -0.43694 0.05388 0.049141 -0.44254 -0.04608 0.1781 -0.75554 0.036467 0.074212 -0.77504 -0.093935 0.15293 -0.83194 0.040421 0.0044776 -0.83734 0.0045752 -0.081028 0.59037
-0.17101 0.016045 0.37658 0.1442 0.014835 0.36429 -0.011908 -0.0035362 0.4091 -0.0028093 -0.0011399 0.06853 -0.050969 0.00085879 -0.05474 0.050013 0.00085879 -0.055615 -0.31394 -0.15389 0.52449 0.29691 -0.15067 0.50717 -0.39339 -0.2642 0.7186 0.34571 -0.27177 0.70562 -0.41653 -0.3103 0.78353 0.35515 -0.30427 0.77976 -0.050939 0.077957 -0.43684 0.054361 0.048678 -0.44245 -0.046226 0.1775 -0.75552 0.037005 0.073728 -0.77495 -0.093699 0.15269 -0.83228 0.039459 0.00078367 -0.83356 0.0044853 -0.080477 0.59
-0.17028 0.015934 0.37494 0.14482 0.014505 0.36398 -0.011364 -0.0023445 0.40912 -0.0027802 0.00011069 0.06854 -0.051124 0.00061816 -0.054598 0.050195 0.00061816 -0.055454 -0.35097 -0.13653 0.49909 0.33139 -0.13616 0.48094 -0.45761 -0.24866 0.67861 0.40607 -0.25258 0.674 -0.49057 -0.28841 0.74334 0.44145 -0.28043 0.74272 -0.051082 0.077665 -0.43671 0.054857 0.048196 -0.44231 -0.046317 0.17697 -0.75546 0.037603 0.073204 -0.77483 -0.093532 0.15249 -0.83248 0.039068 -0.0020251 -0.8305 0.0044424 -0.080178 0.58969
-0.16908 0.016278 0.37141 0.145 0.01482 0.36298 -0.010937 -0.0017492 0.40912 -0.0027388 0.0011989 0.068532 -0.051237 0.00037661 -0.054495 0.050386 0.00037661 -0.055283 -0.39669 -0.10051 0.42628 0.37458 -0.099526 0.41922 -0.53392 -0.20401 0.58942 0.49234 -0.21092 0.59015 -0.57827 -0.23768 0.6503 0.52193 -0.23493 0.6629 -0.051254 0.077493 -0.43659 0.0553 0.047738 -0.44216 -0.046292 0.17663 -0.7554 0.038188 0.072689 -0.77469 -0.093331 0.15229 -0.83257 0.039044 -0.0039807 -0.82838 0.0044525 -0.080174 0.58947
-0.16753 0.017164 0.36689 0.14445 0.016307 0.36056 -0.010609 -0.0014688 0.4091 -0.0026839 0.0020454 0.068514 -0.051319 0.00014473 -0.054419 0.050631 0.00014473 -0.055058 -0.4244 -0.0576 0.35002 0.40226 -0.054916 0.35058 -0.5924 -0.14284 0.49364 0.56455 -0.15544 0.49256 -0.6478 -0.16956 0.54906 0.58093 -0.17182 0.5731 -0.051481 0.077561 -0.43645 0.055775 0.047275 -0.44196 -0.046083 0.17649 -0.75532 0.038912 0.072187 -0.77451 -0.093127 0.15219 -0.8325 0.039297 -0.005413 -0.82684 0.0043965 -0.080306 0.5893
-0.16584 0.018656 0.36252 0.14318 0.019117 0.35684 -0.010332 -0.001435 0.40908 -0.0026056 0.00266 0.068496 -0.051425 -7.1191e-05 -0.054319 0.050905 -7.1191e-05 -0.054806 -0.42256 -0.017839 0.30343 0.39953 -0.016445 0.29564 -0.61761 -0.084011 0.42059 0.59264 -0.10021 0.40471 -0.68204 -0.10316 0.46877 0.62206 -0.1067 0.48192 -0.051749 0.07791 -0.43624 0.056309 0.046804 -0.44174 -0.04563 0.17661 -0.75516 0.039809 0.071638 -0.77431 -0.092914 0.1523 -0.83219 0.039676 -0.0066409 -0.82562 0.0041458 -0.080444 0.58925
-0.16409 0.021078 0.35882 0.14133 0.022821 0.35284 -0.010133 -0.0019885 0.40906 -0.0025158 0.0030631 0.068482 -0.05155 -0.0002455 -0.054199 0.051222 -0.0002455 -0.054516 -0.41126 0.019713 0.26302 0.38088 0.018854 0.23991 -0.62952 -0.028624 0.34432 0.60005 -0.049543 0.29737 -0.70423 -0.042424 0.37783 0.66128 -0.053566 0.34984 -0.051987 0.078725 -0.43592 0.056983 0.046391 -0.44147 -0.044792 0.17731 -0.75485 0.040917 0.071061 -0.77407 -0.092615 0.15287 -0.83152 0.040103 -0.0077286 -0.8246 0.0035807 -0.080501 0.58951
-0.1622 0.02521 0.35505 0.13832 0.026292 0.34804 -0.010432 -0.0030835 0.40904 -0.0025265 0.0029051 0.068489 -0.051366 -0.0003191 -0.054373 0.052293 -0.0003191 -0.053472 -0.39568 0.052011 0.23019 0.3548 0.045774 0.19403 -0.62859 0.03367 0.26018 0.58765 0.0039732 0.19605 -0.70846 0.036236 0.2777 0.66886 -0.0010199 0.21539 -0.052219 0.081274 -0.43553 0.058765 0.046088 -0.44045 -0.043063 0.1794 -0.75456 0.043444 0.071024 -0.77306 -0.092362 0.15505 -0.8303 0.041553 -0.0081893 -0.82288 0.0023844 -0.079923 0.59027
-0.16027 0.030101 0.35101 0.13464 0.028623 0.34326 -0.011296 -0.0044666 0.40903 -0.0026701 0.0022201 0.068509 -0.050953 -0.00028592 -0.054761 0.053726 -0.00028592 -0.052045 -0.38016 0.076176 0.209 0.32736 0.062004 0.1634 -0.61568 0.093145 0.18574 0.56147 0.049558 0.12783 -0.69494 0.11521 0.19582 0.64378 0.046232 0.12118 -0.052428 0.084981 -0.43512 0.061088 0.04593 -0.43903 -0.040804 0.1824 -0.75428 0.046813 0.071367 -0.77165 -0.092118 0.15851 -0.82883 0.043709 -0.0082124 -0.82083 0.00087663 -0.079173 0.5912
-0.15865 0.033827 0.34735 0.13156 0.029576 0.34025 -0.012433 -0.0058796 0.409 -0.0028823 0.001421 0.068521 -0.050682 -0.00020165 -0.055012 0.054418 -0.00020165 -0.051323 -0.36927 0.092229 0.19615 0.30414 0.070099 0.1425 -0.59774 0.12852 0.14211 0.53645 0.069019 0.094738 -0.67562 0.15477 0.15483 0.61702 0.071558 0.076427 -0.052523 0.087962 -0.43471 0.062402 0.045911 -0.4383 -0.038908 0.1849 -0.75394 0.049188 0.071416 -0.77097 -0.091693 0.16174 -0.82768 0.045251 -0.0084438 -0.81963 -0.00024627 -0.079239 0.59172
-0.15756 0.036646 0.34464 0.12904 0.029722 0.33853 -0.013735 -0.0072932 0.40896 -0.0031109 0.00068466 0.068523 -0.050401 -0.00012987 -0.05527 0.054718 -0.00012987 -0.050998 -0.35808 0.1043 0.18345 0.2897 0.071687 0.13023 -0.58186 0.14747 0.12084 0.51957 0.078456 0.071047 -0.65653 0.18134 0.12513 0.5992 0.084927 0.049325 -0.052402 0.090347 -0.43442 0.063122 0.045933 -0.43798 -0.0372 0.18687 -0.7537 0.050819 0.071378 -0.77068 -0.091088 0.16462 -0.82692 0.046256 -0.0086295 -0.81904 -0.0010691 -0.079558 0.59208
-0.15721 0.038746 0.34306 0.12691 0.029479 0.33771 -0.015185 -0.0086909 0.40889 -0.003325 6.5235e-06 0.068516 -0.050106 -8.5479e-05 -0.055537 0.054808 -8.5479e-05 -0.050904 -0.35358 0.11329 0.18082 0.29315 0.067608 0.1346 -0.58014 0.15945 0.12581 0.52424 0.070217 0.085404 -0.65235 0.1993 0.12405 0.60419 0.074381 0.064912 -0.05213 0.092153 -0.43426 0.063432 0.045969 -0.43788 -0.035707 0.18831 -0.7536 0.051903 0.071365 -0.77061 -0.090491 0.16704 -0.82645 0.046881 -0.0087051 -0.81882 -0.0016528 -0.080165 0.59226
-0.15739 0.040349 0.34206 0.12497 0.029238 0.33745 -0.01677 -0.0098925 0.40881 -0.0035132 -0.00054889 0.068504 -0.04991 -5.067e-05 -0.055714 0.05476 -5.067e-05 -0.050955 -0.36693 0.11689 0.19917 0.31828 0.056905 0.1586 -0.59925 0.16153 0.1738 0.553 0.031875 0.16289 -0.67363 0.19486 0.18361 0.63463 0.028971 0.15094 -0.051869 0.093397 -0.43414 0.063384 0.046012 -0.43793 -0.034553 0.18928 -0.75351 0.052573 0.071335 -0.77069 -0.090056 0.16903 -0.82611 0.047251 -0.0087784 -0.8188 -0.0020967 -0.081202 0.59216
-0.15753 0.042015 0.34082 0.12314 0.029298 0.33722 -0.01833 -0.010611 0.40873 -0.0036573 -0.00074646 0.068497 -0.049794 -2.3106e-05 -0.055818 0.054863 -2.3106e-05 -0.050846 -0.39634 0.11002 0.23322 0.35133 0.034724 0.19191 -0.62484 0.13174 0.28181 0.57507 -0.021777 0.25616 -0.70413 0.16011 0.29569 0.65785 -0.029391 0.26723 -0.051695 0.094497 -0.43398 0.063357 0.045989 -0.43783 -0.033583 0.19012 -0.75338 0.053224 0.071258 -0.77062 -0.08968 0.17086 -0.82579 0.047558 -0.0088577 -0.81868 -0.0026729 -0.082059 0.59194
-0.1589 0.041724 0.34297 0.12383 0.026898 0.33941 -0.019036 -0.011854 0.40867 -0.0035839 -0.0013658 0.068488 -0.049527 -0.00011571 -0.056054 0.054439 -0.00011571 -0.051294 -0.41548 0.07629 0.3236 0.37306 -0.010967 0.2763 -0.61593 0.055603 0.44923 0.55206 -0.093942 0.40292 -0.68782 0.067531 0.4806 0.6185 -0.1091 0.44626 -0.051217 0.094063 -0.4343 0.06239 0.045825 -0.4383 -0.033068 0.1897 -0.7537 0.052765 0.070983 -0.77111 -0.08937 0.17084 -0.82605 0.047252 -0.0091458 -0.81917 -0.0027316 -0.083618 0.5917
-0.16182 0.038452 0.34954 0.12767 0.021245 0.34475 -0.018598 -0.013996 0.40863 -0.0032744 -0.0026742 0.068466 -0.049064 -0.00032784 -0.05646 0.053236 -0.00032784 -0.052544 -0.4054 0.022647 0.45225 0.3713 -0.066904 0.39972 -0.55833 -0.040315 0.62194 0.48288 -0.16733 0.58261 -0.60445 -0.057204 0.68786 0.5178 -0.19201 0.65302 -0.050296 0.091573 -0.43527 0.060165 0.045559 -0.43957 -0.032993 0.18741 -0.75465 0.05083 0.070522 -0.77241 -0.089221 0.16854 -0.82706 0.046229 -0.009663 -0.82047 -0.0018903 -0.086222 0.59144
-0.16436 0.034035 0.3559 0.13158 0.015759 0.35024 -0.017778 -0.015909 0.40859 -0.0029722 -0.0037562 0.068431 -0.048741 -0.0004629 -0.056738 0.052098 -0.0004629 -0.053673 -0.37523 -0.014359 0.51629 0.34879 -0.093396 0.46633 -0.4872 -0.096672 0.70876 0.4132 -0.19802 0.67049 -0.50384 -0.12631 0.78565 0.43137 -0.22226 0.74882 -0.049392 0.088614 -0.43622 0.057993 0.045358 -0.44073 -0.032875 0.18427 -0.7557 0.048857 0.070147 -0.77358 -0.089352 0.16607 -0.82809 0.045393 -0.0101 -0.82164 -0.00076689 -0.088632 0.59117
-0.16624 0.029579 0.36135 0.13468 0.011796 0.35456 -0.016825 -0.017358 0.40856 -0.0026878 -0.0045126 0.068395 -0.048831 -0.00048224 -0.05666 0.0513 -0.00048224 -0.054435 -0.349 -0.043539 0.53821 0.32129 -0.11103 0.4958 -0.4227 -0.13891 0.74241 0.35328 -0.21309 0.70755 -0.42234 -0.16699 0.81995 0.36011 -0.23988 0.78493 -0.048815 0.085593 -0.43684 0.05656 0.045268 -0.4415 -0.033252 0.1811 -0.75641 0.047533 0.069899 -0.77437 -0.089849 0.16351 -0.82885 0.045259 -0.010406 -0.8224 -0.00014717 -0.090383 0.59105
-0.16781 0.026103 0.3663 0.13717 0.0092897 0.35766 -0.015861 -0.017241 0.40859 -0.0024578 -0.0047178 0.06839 -0.049236 -0.00046584 -0.056308 0.050826 -0.00046584 -0.054877 -0.3289 -0.074174 0.55247 0.2967 -0.13283 0.51596 -0.35643 -0.18261 0.76126 0.28805 -0.235 0.72935 -0.34823 -0.20841 0.83935 0.27842 -0.26776 0.80467 -0.048711 0.082729 -0.43713 0.055897 0.045245 -0.44195 -0.03412 0.17817 -0.75676 0.046955 0.069748 -0.77483 -0.090627 0.16109 -0.8294 0.045754 -0.01061 -0.82282 -0.00021215 -0.091103 0.59084
-0.16934 0.024265 0.3708 0.13939 0.0076301 0.35997 -0.01503 -0.014508 0.40873 -0.0023652 -0.0040898 0.068433 -0.049616 -0.00051171 -0.055974 0.05057 -0.00051171 -0.055113 -0.30216 -0.10095 0.5638 0.27475 -0.14854 0.52729 -0.27865 -0.212 0.77115 0.21066 -0.25721 0.7265 -0.25802 -0.24363 0.84439 0.18257 -0.2867 0.7982 -0.04902 0.080357 -0.43729 0.055646 0.045218 -0.44219 -0.034842 0.17541 -0.75706 0.046877 0.069657 -0.77508 -0.091453 0.1595 -0.82988 0.046419 -0.010744 -0.823 -0.00058667 -0.090632 0.59014
-0.17045 0.02305 0.3743 0.14102 0.0066363 0.36159 -0.014385 -0.011672 0.40886 -0.002332 -0.0033337 0.068477 -0.049919 -0.0005744 -0.055703 0.050429 -0.0005744 -0.055241 -0.28618 -0.1162 0.5692 0.26381 -0.15599 0.53244 -0.2411 -0.2246 0.77565 0.17627 -0.26579 0.72447 -0.21534 -0.25928 0.8464 0.13825 -0.29118 0.79397 -0.049408 0.078495 -0.4374 0.055541 0.045187 -0.44231 -0.035447 0.17319 -0.75729 0.046968 0.069584 -0.77521 -0.092139 0.15838 -0.83028 0.046963 -0.010851 -0.82308 -0.0010809 -0.089935 0.58945
-0.17116 0.022043 0.37683 0.1421 0.0060368 0.36264 -0.013888 -0.0093999 0.40894 -0.0023335 -0.002502 0.068511 -0.050163 -0.00063563 -0.055483 0.050352 -0.00063563 -0.055311 -0.28344 -0.12263 0.56939 0.26 -0.15865 0.53452 -0.24075 -0.23104 0.77574 0.18005 -0.26736 0.72926 -0.21905 -0.26501 0.84797 0.14599 -0.29696 0.79823 -0.049762 0.077025 -0.43747 0.055466 0.045142 -0.44238 -0.036038 0.17153 -0.75742 0.047096 0.069515 -0.77528 -0.092685 0.15748 -0.8306 0.04731 -0.010936 -0.82312 -0.0014303 -0.0892 0.58892
-0.17168 0.021314 0.37872 0.14293 0.0055935 0.36328 -0.013477 -0.0071236 0.40901 -0.0023774 -0.0013609 0.068542 -0.050361 -0.00070016 -0.055302 0.050315 -0.00070016 -0.055344 -0.2847 -0.1281 0.56718 0.2572 -0.16072 0.53572 -0.2514 -0.24052 0.77322 0.19249 -0.27506 0.73306 -0.23791 -0.27586 0.84688 0.17305 -0.31527 0.80241 -0.05013 0.075838 -0.43751 0.055397 0.04508 -0.44241 -0.036634 0.17025 -0.7575 0.047253 0.06945 -0.77532 -0.093169 0.15678 -0.83088 0.047515 -0.011005 -0.82315 -0.0014747 -0.08825 0.58842
-0.17199 0.02067 0.38003 0.14354 0.0053706 0.36367 -0.013129 -0.0053166 0.40904 -0.0024206 -0.00025484 0.068555 -0.050508 -0.00074315 -0.055168 0.050288 -0.00074315 -0.055368 -0.28941 -0.13408 0.56166 0.26609 -0.16128 0.53337 -0.29425 -0.2449 0.77121 0.23597 -0.28315 0.73393 -0.29469 -0.28352 0.84381 0.23144 -0.32322 0.8062 -0.0505 0.074942 -0.43755 0.055308 0.045047 -0.44244 -0.037169 0.16926 -0.75757 0.047395 0.069369 -0.77536 -0.093574 0.15626 -0.83113 0.047639 -0.011102 -0.82316 -0.001418 -0.087534 0.58798
-0.17203 0.020302 0.38053 0.14402 0.0052151 0.36391 -0.012806 -0.0039757 0.40905 -0.0024619 0.00083143 0.068547 -0.050607 -0.00075996 -0.055076 0.050247 -0.00075996 -0.055405 -0.32056 -0.12783 0.54453 0.30696 -0.15043 0.50152 -0.3867 -0.23752 0.74329 0.32964 -0.27663 0.70153 -0.40166 -0.27858 0.81414 0.34021 -0.30974 0.77688 -0.0508 0.074295 -0.43758 0.055151 0.045047 -0.44247 -0.037575 0.16849 -0.75765 0.047472 0.069291 -0.7754 -0.093863 0.15582 -0.83135 0.047654 -0.011201 -0.82317 -0.0012709 -0.08704 0.58761
-0.17166 0.020523 0.37939 0.14421 0.0054682 0.36346 -0.012529 -0.0030099 0.40904 -0.0024941 0.0018662 0.068526 -0.050684 -0.00076994 -0.055005 0.050201 -0.00076994 -0.055446 -0.37833 -0.10129 0.49474 0.36827 -0.12074 0.42929 -0.50796 -0.20838 0.66155 0.45607 -0.24248 0.61302 -0.53806 -0.24545 0.7293 0.4866 -0.27065 0.68469 -0.05106 0.073822 -0.4376 0.054909 0.045042 -0.44252 -0.037884 0.16785 -0.75772 0.047473 0.069206 -0.77546 -0.094082 0.1555 -0.83154 0.047569 -0.011293 -0.82322 -0.00084559 -0.086629 0.58733
-0.17071 0.021491 0.37561 0.14354 0.0072011 0.36108 -0.012426 -0.0025713 0.40902 -0.0024957 0.0025446 0.068505 -0.050776 -0.00079609 -0.05492 0.050204 -0.00079609 -0.055443 -0.41909 -0.061945 0.39326 0.39643 -0.074976 0.34232 -0.59722 -0.14581 0.52616 0.55638 -0.17847 0.48056 -0.65167 -0.1676 0.58307 0.6126 -0.20361 0.5345 -0.051458 0.07352 -0.43757 0.054658 0.04498 -0.44252 -0.038236 0.16736 -0.75774 0.047462 0.069051 -0.77547 -0.094359 0.15552 -0.8317 0.047491 -0.011426 -0.82327 7.1661e-05 -0.086387 0.58716
-0.16955 0.023131 0.37064 0.14173 0.010586 0.3568 -0.0126 -0.0025611 0.40898 -0.0025834 0.0030395 0.06848 -0.050883 -0.00078621 -0.054821 0.050369 -0.00078621 -0.055294 -0.42479 -0.014462 0.29873 0.38661 -0.020447 0.25982 -0.63914 -0.067139 0.38478 0.59844 -0.098371 0.33563 -0.71394 -0.075123 0.42029 0.67231 -0.12133 0.36581 -0.052011 0.073736 -0.43743 0.054586 0.044897 -0.44239 -0.038576 0.16738 -0.75765 0.04763 0.068894 -0.77535 -0.094607 0.15589 -0.83174 0.04747 -0.011561 -0.82318 0.001208 -0.086571 0.58693
-0.16783 0.025381 0.3645 0.13898 0.01443 0.35159 -0.013056 -0.0033038 0.40894 -0.0027755 0.0032875 0.068462 -0.050938 -0.00065203 -0.054771 0.050855 -0.00065203 -0.054848 -0.40226 0.032668 0.23976 0.35334 0.030289 0.19513 -0.63726 0.012888 0.26225 0.58531 -0.01614 0.20691 -0.71871 0.017531 0.27533 0.66506 -0.035461 0.2173 -0.052803 0.075026 -0.43715 0.054912 0.044953 -0.44195 -0.038846 0.1685 -0.75739 0.048252 0.06891 -0.77492 -0.0948 0.15712 -0.83156 0.047583 -0.011524 -0.82279 0.0023552 -0.087652 0.5866
-0.1649 0.028045 0.35643 0.13594 0.016978 0.34688 -0.013638 -0.0052999 0.4089 -0.0029468 0.0029807 0.068469 -0.050872 -0.00035091 -0.054835 0.051695 -0.00035091 -0.054059 -0.37292 0.067829 0.19649 0.31372 0.063657 0.15469 -0.6048 0.086931 0.15664 0.54597 0.055464 0.11165 -0.68293 0.11252 0.15955 0.62821 0.044211 0.10943 -0.053901 0.077632 -0.43674 0.055683 0.045296 -0.44116 -0.039029 0.171 -0.75698 0.049425 0.069242 -0.77414 -0.094988 0.15986 -0.83118 0.047854 -0.011148 -0.82205 0.0034809 -0.089994 0.58623
-0.16197 0.030276 0.35043 0.13349 0.018241 0.34343 -0.014004 -0.0078992 0.40886 -0.0029956 0.0023415 0.068491 -0.050775 -2.7104e-05 -0.054927 0.05243 -2.7104e-05 -0.05335 -0.35288 0.087313 0.17423 0.28395 0.07719 0.13228 -0.57495 0.13338 0.10164 0.50852 0.093932 0.056787 -0.65073 0.16672 0.096193 0.58899 0.095664 0.040944 -0.054927 0.080478 -0.4363 0.056405 0.045718 -0.44044 -0.039043 0.17366 -0.75654 0.05054 0.069686 -0.77342 -0.095024 0.16284 -0.83077 0.047978 -0.010642 -0.8214 0.0043961 -0.093098 0.58582
-0.15962 0.031972 0.3469 0.13163 0.018727 0.34116 -0.014283 -0.010401 0.40881 -0.0029623 0.0015371 0.068516 -0.050648 0.00022784 -0.055043 0.052904 0.00022784 -0.052878 -0.34489 0.098931 0.16816 0.27829 0.078885 0.12784 -0.56532 0.15261 0.10081 0.5004 0.10498 0.049133 -0.64129 0.18393 0.092474 0.579 0.11396 0.024194 -0.055715 0.083086 -0.4359 0.056792 0.046125 -0.43995 -0.038877 0.176 -0.75617 0.051274 0.070077 -0.77294 -0.094901 0.16549 -0.83041 0.047793 -0.010168 -0.821 0.0050755 -0.096646 0.58517
-0.15778 0.033448 0.34408 0.13 0.018889 0.33962 -0.014743 -0.01249 0.40877 -0.0029411 0.00065292 0.068531 -0.050465 0.00040579 -0.055211 0.053215 0.00040579 -0.052565 -0.34869 0.10882 0.17422 0.2988 0.076573 0.14251 -0.57758 0.15648 0.13717 0.5287 0.10008 0.087767 -0.65257 0.1911 0.13827 0.60958 0.10183 0.069203 -0.056301 0.085462 -0.43557 0.056847 0.046528 -0.43961 -0.038615 0.17812 -0.75587 0.051653 0.070378 -0.77262 -0.094727 0.16785 -0.83008 0.047356 -0.0097622 -0.82078 0.0055753 -0.10027 0.58426
-0.15652 0.034555 0.34248 0.12874 0.018874 0.33869 -0.015172 -0.01436 0.40871 -0.0029235 -0.0001478 0.068535 -0.050323 0.00053386 -0.055338 0.053383 0.00053386 -0.052393 -0.37255 0.10657 0.20903 0.32407 0.066229 0.16562 -0.60666 0.1443 0.2044 0.55855 0.061873 0.14939 -0.68126 0.17889 0.21204 0.63987 0.053706 0.14824 -0.056688 0.087323 -0.4353 0.05671 0.046876 -0.43941 -0.038395 0.17979 -0.75562 0.051769 0.070646 -0.77243 -0.094569 0.16966 -0.8298 0.046856 -0.0093988 -0.8207 0.0058371 -0.103 0.58369
-0.15555 0.035313 0.34149 0.12777 0.018804 0.33805 -0.015488 -0.015919 0.40866 -0.002879 -0.00080715 0.068532 -0.050228 0.00061578 -0.055424 0.053479 0.00061578 -0.052294 -0.3902 0.10557 0.23566 0.34215 0.055957 0.18401 -0.62471 0.13138 0.25935 0.579 0.028716 0.19424 -0.70077 0.16366 0.26847 0.66081 0.015122 0.205 -0.056937 0.08867 -0.43509 0.056529 0.047142 -0.43929 -0.038255 0.18101 -0.75542 0.051738 0.070853 -0.77232 -0.094467 0.17092 -0.82958 0.046413 -0.0091122 -0.82067 0.0059945 -0.10497 0.58336
-0.15489 0.03585 0.34075 0.12703 0.018839 0.33765 -0.015774 -0.01702 0.40861 -0.0028537 -0.001327 0.068525 -0.050138 0.00065682 -0.055505 0.053525 0.00065682 -0.052246 -0.39262 0.1077 0.24516 0.3575 0.044195 0.207 -0.62297 0.11636 0.30045 0.59059 0.0090044 0.23759 -0.69972 0.14375 0.31609 0.67046 -0.0057805 0.25546 -0.057108 0.089642 -0.43495 0.056338 0.047312 -0.43923 -0.038157 0.1819 -0.75529 0.051613 0.070963 -0.77226 -0.094398 0.17181 -0.82943 0.046013 -0.0089323 -0.8207 0.0061083 -0.10661 0.583
-0.15528 0.036087 0.34151 0.12693 0.018731 0.33839 -0.016144 -0.017773 0.40857 -0.0029633 -0.0017596 0.068511 -0.050019 0.00067087 -0.055612 0.053388 0.00067087 -0.052388 -0.41258 0.083754 0.30086 0.3824 0.0098882 0.27012 -0.6266 0.067118 0.40156 0.58469 -0.060597 0.36395 -0.69725 0.078538 0.43975 0.64855 -0.0777 0.40926 -0.057184 0.090241 -0.43491 0.055951 0.047364 -0.43937 -0.038052 0.18246 -0.75526 0.05126 0.070998 -0.7724 -0.094281 0.1724 -0.8294 0.045467 -0.0088419 -0.82091 0.0060706 -0.10794 0.58262
-0.15733 0.034909 0.34526 0.12919 0.015948 0.34277 -0.016338 -0.018669 0.40853 -0.0030372 -0.002402 0.068487 -0.049762 0.00059353 -0.055843 0.052733 0.00059353 -0.053044 -0.41883 0.040682 0.39012 0.38915 -0.036098 0.36028 -0.59675 -0.0024985 0.53923 0.53344 -0.13561 0.52131 -0.6562 -0.0067872 0.59816 0.5801 -0.15855 0.58763 -0.056999 0.090008 -0.43518 0.05488 0.047299 -0.44003 -0.037999 0.18228 -0.75551 0.050153 0.070926 -0.77306 -0.094156 0.17209 -0.8297 0.044425 -0.0088832 -0.82162 0.0063136 -0.10927 0.5823
-0.16062 0.031913 0.35178 0.13316 0.010925 0.34969 -0.016211 -0.0199 0.40849 -0.0029619 -0.0032843 0.068454 -0.049437 0.00043655 -0.056132 0.051627 0.00043655 -0.054125 -0.39316 -0.004098 0.47553 0.36486 -0.078095 0.44488 -0.5262 -0.070522 0.66026 0.44402 -0.17917 0.64411 -0.56963 -0.084225 0.72919 0.47658 -0.20571 0.71524 -0.056609 0.088825 -0.43571 0.053101 0.047166 -0.44111 -0.038148 0.18125 -0.75603 0.048236 0.070779 -0.77414 -0.094183 0.1707 -0.83026 0.042921 -0.0090297 -0.82275 0.0070478 -0.1107 0.58206
-0.16385 0.027912 0.35915 0.13614 0.007078 0.35498 -0.015763 -0.02102 0.40845 -0.002786 -0.0040902 0.068418 -0.049314 0.00029886 -0.056242 0.050598 0.00029886 -0.055088 -0.35534 -0.040673 0.53086 0.32749 -0.11012 0.4978 -0.45193 -0.12753 0.73096 0.35814 -0.20599 0.71287 -0.47321 -0.14843 0.80758 0.36904 -0.2266 0.79186 -0.056372 0.087092 -0.43619 0.051205 0.047067 -0.44207 -0.038754 0.17974 -0.7565 0.046124 0.07067 -0.7751 -0.094629 0.16868 -0.83077 0.041477 -0.0091572 -0.82375 0.0080512 -0.11192 0.5819
-0.16612 0.023972 0.36624 0.13916 0.0041586 0.35924 -0.014631 -0.021011 0.40848 -0.002538 -0.0046219 0.068394 -0.049542 0.00019324 -0.056041 0.049991 0.00019324 -0.055642 -0.32151 -0.074535 0.55778 0.29409 -0.13486 0.52464 -0.36295 -0.17567 0.76541 0.28228 -0.23469 0.73862 -0.36479 -0.1956 0.84589 0.26686 -0.25247 0.81761 -0.056677 0.08516 -0.4364 0.049814 0.04713 -0.44261 -0.040193 0.1781 -0.75668 0.04446 0.070707 -0.77563 -0.09582 0.16638 -0.83104 0.040633 -0.0091489 -0.82431 0.0091376 -0.11209 0.58184
-0.16743 0.020674 0.37282 0.14229 0.0017966 0.36273 -0.013084 -0.020005 0.40857 -0.0022672 -0.0048522 0.068387 -0.05002 9.621e-05 -0.055615 0.049746 9.621e-05 -0.05586 -0.29847 -0.10224 0.5688 0.26895 -0.15046 0.53993 -0.28946 -0.2082 0.78131 0.22318 -0.25592 0.74734 -0.28089 -0.22499 0.8618 0.19094 -0.27585 0.82097 -0.057386 0.083286 -0.43636 0.049034 0.047332 -0.44279 -0.042192 0.17655 -0.75661 0.04337 0.070873 -0.77581 -0.097517 0.16408 -0.83108 0.040366 -0.0090057 -0.8245 0.010114 -0.11129 0.5819
-0.1682 0.018076 0.37881 0.14473 3.4394e-05 0.36501 -0.01166 -0.018775 0.40867 -0.0020249 -0.0048622 0.068394 -0.050521 -2.4164e-05 -0.05516 0.049625 -2.4164e-05 -0.055968 -0.28529 -0.11715 0.57552 0.24967 -0.15509 0.5535 -0.26576 -0.21923 0.78896 0.18693 -0.2545 0.7593 -0.25607 -0.23919 0.86858 0.15555 -0.2752 0.83303 -0.0581 0.081621 -0.43624 0.048625 0.04757 -0.44285 -0.044177 0.17516 -0.75647 0.042644 0.071092 -0.77587 -0.099208 0.16199 -0.83103 0.040325 -0.008796 -0.82458 0.010827 -0.11009 0.58208
-0.16839 0.015968 0.38338 0.14684 -0.0013957 0.3666 -0.010267 -0.017348 0.40877 -0.0018184 -0.0047307 0.068409 -0.050932 -0.00018677 -0.05478 0.049582 -0.00018677 -0.056005 -0.27765 -0.12642 0.57934 0.24017 -0.15743 0.56087 -0.24897 -0.2241 0.79346 0.16664 -0.25086 0.76655 -0.24223 -0.24399 0.8736 0.13591 -0.27287 0.84011 -0.058747 0.080194 -0.43612 0.048476 0.047837 -0.44283 -0.046048 0.17399 -0.75633 0.042184 0.071352 -0.77585 -0.10079 0.1602 -0.83099 0.040388 -0.0085414 -0.82458 0.011262 -0.10854 0.58236
-0.16821 0.014269 0.38649 0.14861 -0.0024352 0.36767 -0.0090008 -0.015855 0.40886 -0.0016517 -0.0044889 0.06843 -0.051235 -0.00036877 -0.054497 0.049583 -0.00036877 -0.056004 -0.27359 -0.13147 0.58227 0.2467 -0.15822 0.55893 -0.2552 -0.22817 0.7972 0.18809 -0.25768 0.76501 -0.25429 -0.25145 0.87638 0.1614 -0.28365 0.83885 -0.05932 0.079022 -0.43604 0.048426 0.048128 -0.44277 -0.047749 0.17304 -0.75622 0.04185 0.071633 -0.77578 -0.1022 0.15868 -0.83099 0.04045 -0.0082644 -0.82452 0.011495 -0.10683 0.58269
-0.16798 0.01289 0.38874 0.14992 -0.0029972 0.36834 -0.0079907 -0.014508 0.40893 -0.0015219 -0.0041792 0.068453 -0.051449 -0.00053692 -0.054293 0.049592 -0.00053692 -0.055994 -0.27857 -0.1316 0.58251 0.27057 -0.15618 0.54855 -0.30462 -0.22972 0.79629 0.25766 -0.27021 0.75551 -0.31292 -0.26272 0.87161 0.24666 -0.30191 0.83113 -0.059795 0.078101 -0.43599 0.048354 0.048415 -0.44271 -0.049209 0.17229 -0.75615 0.04153 0.071904 -0.77571 -0.10339 0.15739 -0.83101 0.040448 -0.0079951 -0.82445 0.011613 -0.10527 0.58298
-0.16777 0.011711 0.39057 0.15093 -0.0032226 0.3689 -0.0071987 -0.013444 0.40898 -0.0014151 -0.0038888 0.068472 -0.051593 -0.00067709 -0.054155 0.049602 -0.00067709 -0.055984 -0.30407 -0.12858 0.57085 0.30524 -0.15237 0.52929 -0.36857 -0.22656 0.77821 0.32987 -0.26958 0.73484 -0.38761 -0.26009 0.85133 0.33934 -0.30419 0.80908 -0.06012 0.077396 -0.43596 0.048244 0.048645 -0.44265 -0.050357 0.17173 -0.75611 0.041216 0.072132 -0.77565 -0.10432 0.15648 -0.83105 0.0404 -0.0077648 -0.8244 0.01166 -0.104 0.58322
-0.16732 0.011371 0.39022 0.15151 -0.0030081 0.36881 -0.0066206 -0.012648 0.40902 -0.0013302 -0.0036299 0.068488 -0.051681 -0.00078595 -0.054069 0.04961 -0.00078595 -0.055976 -0.34063 -0.11988 0.54205 0.35203 -0.13486 0.47588 -0.44429 -0.21557 0.73086 0.40955 -0.25326 0.67219 -0.46945 -0.24726 0.80311 0.43261 -0.28536 0.74494 -0.06031 0.07689 -0.43595 0.048093 0.048817 -0.4426 -0.051205 0.17133 -0.75609 0.040901 0.072318 -0.7756 -0.10501 0.15585 -0.8311 0.04027 -0.0075783 -0.82435 0.011658 -0.10298 0.58344
-0.16655 0.01183 0.38753 0.1518 -0.0025716 0.36817 -0.0061697 -0.01208 0.40905 -0.0012411 -0.0034375 0.068499 -0.051743 -0.00087151 -0.054008 0.049608 -0.00087151 -0.055976 -0.37514 -0.10614 0.50265 0.39561 -0.10423 0.39903 -0.51905 -0.19888 0.66665 0.48828 -0.22765 0.57893 -0.5489 -0.23067 0.73691 0.51688 -0.25411 0.65188 -0.06042 0.076477 -0.43596 0.047941 0.048942 -0.44258 -0.051859 0.17099 -0.75609 0.040605 0.072458 -0.77557 -0.10553 0.15531 -0.83115 0.040105 -0.0074389 -0.82432 0.011699 -0.10215 0.58364
-0.16564 0.012481 0.38419 0.15194 -0.0017407 0.36724 -0.0057782 -0.01164 0.40907 -0.0011529 -0.0032997 0.068508 -0.051776 -0.00094703 -0.053976 0.049608 -0.00094703 -0.055975 -0.4008 -0.089752 0.46027 0.40829 -0.074681 0.34251 -0.56861 -0.17816 0.60498 0.53436 -0.19707 0.50273 -0.61288 -0.20528 0.66933 0.57123 -0.22003 0.57353 -0.060514 0.076098 -0.43599 0.047801 0.049056 -0.44255 -0.052449 0.17067 -0.75611 0.040318 0.072579 -0.77554 -0.106 0.15486 -0.83123 0.039957 -0.0073162 -0.8243 0.011794 -0.10145 0.58383
-0.16454 0.014557 0.37872 0.15032 0.0025975 0.36297 -0.0058577 -0.010931 0.40909 -0.001299 -0.0028336 0.068526 -0.051609 -0.0010081 -0.054134 0.049687 -0.0010081 -0.055904 -0.41684 -0.059978 0.38722 0.3995 -0.038934 0.28519 -0.61265 -0.13162 0.49493 0.5676 -0.1489 0.40926 -0.67534 -0.14875 0.54598 0.62076 -0.16977 0.46823 -0.060615 0.076275 -0.43609 0.047423 0.049322 -0.44243 -0.052867 0.17091 -0.75621 0.039851 0.072864 -0.77542 -0.10633 0.15499 -0.83137 0.039505 -0.0070294 -0.82418 0.011381 -0.10064 0.58394
-0.16328 0.018454 0.37141 0.14683 0.009411 0.35624 -0.0066413 -0.0097792 0.40912 -0.0017098 -0.0019893 0.068547 -0.051297 -0.00099964 -0.05443 0.049958 -0.00099964 -0.055662 -0.41748 -0.019835 0.30135 0.37923 -0.000994 0.22708 -0.64163 -0.066995 0.36501 0.58676 -0.091539 0.29725 -0.71849 -0.072986 0.39482 0.65601 -0.11382 0.3368 -0.060851 0.077464 -0.43613 0.047089 0.049809 -0.44213 -0.053045 0.17214 -0.75623 0.039493 0.073405 -0.7751 -0.10651 0.15627 -0.83141 0.03884 -0.006482 -0.82387 0.010036 -0.099384 0.58407
-0.16205 0.02334 0.36434 0.14284 0.015013 0.3506 -0.0079747 -0.0084016 0.40912 -0.0022015 -0.0010654 0.068553 -0.051003 -0.00089398 -0.054708 0.05043 -0.00089398 -0.055236 -0.39947 0.018022 0.2438 0.35285 0.026701 0.18784 -0.63349 -0.010124 0.2772 0.5783 -0.043783 0.20273 -0.71542 -0.0074587 0.28861 0.65356 -0.070834 0.22372 -0.061283 0.079668 -0.43595 0.047219 0.050433 -0.44163 -0.052955 0.17436 -0.75604 0.039634 0.074132 -0.7746 -0.10656 0.15876 -0.83117 0.03827 -0.0057426 -0.82338 0.0078298 -0.097632 0.58434
-0.161 0.028018 0.35882 0.1394 0.018843 0.34674 -0.0093997 -0.0073341 0.4091 -0.0025928 -0.00037419 0.068547 -0.050646 -0.00079975 -0.05504 0.050892 -0.00079975 -0.054815 -0.37711 0.050768 0.20599 0.32917 0.04442 0.16209 -0.61181 0.038905 0.19084 0.56226 -0.00050437 0.14391 -0.69087 0.051532 0.21247 0.64195 -0.0232 0.15034 -0.061618 0.082282 -0.43573 0.047458 0.051026 -0.44114 -0.052503 0.17697 -0.75579 0.039955 0.074841 -0.7741 -0.10635 0.16175 -0.83083 0.037684 -0.0050118 -0.82288 0.0054319 -0.095955 0.58472
-0.15991 0.032674 0.35339 0.13607 0.021568 0.3439 -0.011185 -0.0064595 0.40907 -0.0029413 -3.9387e-05 0.068534 -0.050328 -0.00061497 -0.055334 0.051573 -0.00061497 -0.054173 -0.35172 0.078821 0.17538 0.30239 0.059507 0.14041 -0.57997 0.092718 0.11166 0.53261 0.044245 0.090252 -0.65425 0.11772 0.1326 0.61322 0.032934 0.078804 -0.062179 0.085674 -0.43528 0.048173 0.051744 -0.44043 -0.05191 0.18032 -0.75532 0.040757 0.075698 -0.77338 -0.10613 0.16568 -0.8302 0.037316 -0.0041118 -0.82216 0.0027542 -0.094328 0.58514
-0.1586 0.037289 0.34705 0.13243 0.023769 0.34143 -0.013455 -0.0056828 0.40901 -0.0033065 -6.1643e-05 0.068517 -0.050167 -0.00027501 -0.055481 0.05258 -0.00027501 -0.0532 -0.32269 0.10248 0.14844 0.27037 0.075311 0.12031 -0.53745 0.15146 0.060899 0.48653 0.088026 0.025 -0.60897 0.18833 0.046717 0.56259 0.086792 -0.0068389 -0.063208 0.089885 -0.43449 0.049573 0.05269 -0.43937 -0.051457 0.18446 -0.7545 0.042167 0.076801 -0.77232 -0.10618 0.17061 -0.82916 0.037341 -0.0029406 -0.82109 3.3752e-05 -0.093188 0.5853
-0.15735 0.040404 0.34178 0.12936 0.02523 0.33964 -0.015439 -0.0055328 0.40895 -0.0035473 -0.00039284 0.068504 -0.050106 2.4781e-05 -0.055537 0.053427 2.4781e-05 -0.052353 -0.29995 0.12055 0.13206 0.24918 0.084904 0.10961 -0.50154 0.19022 0.028491 0.45263 0.11861 -0.0091845 -0.56961 0.23336 0.002422 0.52772 0.12371 -0.044537 -0.064226 0.093558 -0.43369 0.050877 0.053578 -0.43845 -0.051196 0.18811 -0.75366 0.043413 0.077817 -0.77138 -0.10638 0.17483 -0.82808 0.037467 -0.0018636 -0.82014 -0.0013926 -0.094084 0.58467
-0.15618 0.042155 0.33805 0.1271 0.026031 0.33848 -0.016871 -0.0060502 0.40889 -0.0036563 -0.0008767 0.068494 -0.050084 0.00023423 -0.055557 0.053998 0.00023423 -0.05176 -0.2866 0.13361 0.12552 0.23969 0.089345 0.10658 -0.48096 0.21083 0.014516 0.43675 0.13401 -0.015395 -0.54541 0.2559 -0.0052437 0.5132 0.14453 -0.044267 -0.064973 0.096367 -0.43302 0.051859 0.054301 -0.43779 -0.051003 0.19095 -0.75294 0.044266 0.078628 -0.77071 -0.10659 0.17803 -0.82713 0.037533 -0.0010031 -0.81944 -0.001777 -0.096407 0.58361
-0.15502 0.043341 0.33562 0.1256 0.026394 0.33772 -0.017711 -0.0070658 0.40884 -0.0036847 -0.0013175 0.068485 -0.050045 0.00036835 -0.055592 0.05434 0.00036835 -0.051401 -0.2827 0.14294 0.12485 0.23627 0.093125 0.10545 -0.48041 0.22622 0.024116 0.43485 0.13653 -0.016415 -0.54316 0.27268 -0.0031479 0.50938 0.15611 -0.046416 -0.065304 0.098437 -0.43254 0.052541 0.054837 -0.43737 -0.050701 0.1931 -0.75241 0.044743 0.079222 -0.77029 -0.10666 0.18046 -0.82637 0.037449 -0.00037148 -0.819 -0.0020189 -0.098689 0.58284
