-0.088441 -0.11763 0.29003 0.029975 -0.067349 0.25894 -0.022768 -0.024945 0.40772 -0.0069804 -0.0010839 0.068232 -0.058443 0.0013955 -0.046664 0.045322 0.0013955 -0.05949 -0.073287 -0.19266 0.03549 0.10311 -0.0317 0.0058988 -0.018811 -0.21891 -0.19367 0.15904 -0.042749 -0.22414 0.0031256 -0.21626 -0.27336 0.15799 -0.060091 -0.305 -0.042953 0.15493 -0.40462 0.087725 -0.032469 -0.44549 -0.031028 0.11181 -0.73551 0.056764 0.0039798 -0.77595 0.039728 0.051079 -0.74361 0.14318 -0.025758 -0.79619 0.040459 -0.071656 0.58865
-0.12943 -0.079247 0.28643 0.040692 -0.043536 0.26731 -0.045436 -0.0043162 0.40543 -0.015583 0.0079353 0.06625 -0.052544 -0.0016916 -0.053301 0.050065 -0.0016916 -0.055668 -0.15527 -0.13251 0.027161 0.11746 -0.02806 0.01346 -0.1301 -0.17096 -0.20513 0.18813 0.049999 -0.19556 -0.12862 -0.18447 -0.28627 0.20436 0.043768 -0.27573 -0.029896 0.16076 -0.4072 0.06803 -0.045162 -0.44262 -0.023328 0.14892 -0.74059 0.056048 0.00075521 -0.77323 0.022373 0.067864 -0.75142 0.13603 -0.048602 -0.79318 0.0059467 -0.066419 0.58564
-0.14962 -0.035545 0.28351 0.072849 0.00035553 0.30445 -0.052178 0.017023 0.40369 -0.016462 0.015023 0.064903 -0.048924 -0.0083083 -0.055894 0.052067 -0.0083083 -0.052963 -0.20002 -0.055781 0.023454 0.15722 0.017867 0.052888 -0.20396 -0.090456 -0.21121 0.21046 0.08127 -0.16975 -0.21362 -0.10199 -0.29275 0.23171 0.075521 -0.24991 -0.0026654 0.15724 -0.40552 0.049236 -0.054198 -0.44004 0.0051942 0.16245 -0.73943 0.0596 -0.001821 -0.76965 0.026097 0.072098 -0.75142 0.11406 -0.073693 -0.78701 -0.017249 -0.056048 0.58345
-0.15604 0.0015601 0.28135 0.10024 0.03331 0.33919 -0.050993 0.033313 0.40269 -0.014547 0.019165 0.064239 -0.047473 -0.013406 -0.056247 0.053204 -0.013406 -0.050858 -0.21708 0.014407 0.022948 0.19043 0.047617 0.089633 -0.24251 0.00067618 -0.21216 0.22393 0.045086 -0.1448 -0.25378 -0.0089549 -0.29346 0.24557 0.030538 -0.22314 0.022429 0.14955 -0.40343 0.034932 -0.057823 -0.43769 0.036249 0.16735 -0.73654 0.058192 -0.012422 -0.76764 0.037479 0.074571 -0.74909 0.093311 -0.097764 -0.78521 -0.030409 -0.046794 0.58181
-0.15552 0.024538 0.28009 0.10828 0.038579 0.35305 -0.04816 0.040504 0.40246 -0.013238 0.020404 0.064142 -0.048105 -0.014266 -0.055499 0.054783 -0.014266 -0.048904 -0.21743 0.061874 0.024294 0.1972 0.031779 0.1028 -0.25104 0.079109 -0.2094 0.22359 -0.039923 -0.12092 -0.25678 0.064543 -0.29057 0.24666 -0.068488 -0.19473 0.035586 0.14216 -0.40265 0.027014 -0.05629 -0.43544 0.057514 0.17354 -0.73429 0.047633 -0.034697 -0.7679 0.046923 0.081429 -0.74751 0.079958 -0.11991 -0.79123 -0.035285 -0.042165 0.58115
-0.1538 0.037628 0.27996 0.11174 0.035205 0.36002 -0.045459 0.039124 0.4027 -0.012019 0.021155 0.064147 -0.050574 -0.013907 -0.053318 0.056623 -0.013907 -0.04688 -0.21467 0.089656 0.026451 0.18969 0.013229 0.10677 -0.2429 0.12239 -0.20691 0.20017 -0.099004 -0.10264 -0.24392 0.11669 -0.28926 0.22544 -0.13684 -0.17223 0.04385 0.13728 -0.39992 0.022917 -0.054527 -0.43309 0.072478 0.17813 -0.73014 0.036552 -0.059715 -0.76684 0.055015 0.087294 -0.74412 0.057103 -0.14466 -0.79822 -0.035006 -0.039002 0.58348
-0.15104 0.047629 0.28064 0.11427 0.025972 0.36506 -0.044799 0.030551 0.40359 -0.011317 0.019774 0.06469 -0.052306 -0.011513 -0.052191 0.058506 -0.011513 -0.045124 -0.21024 0.11106 0.029436 0.1833 -0.0045381 0.11021 -0.22893 0.15363 -0.20279 0.17621 -0.14227 -0.082177 -0.22177 0.16478 -0.28438 0.19518 -0.18709 -0.14871 0.051792 0.13434 -0.39841 0.019861 -0.051402 -0.43095 0.086102 0.18335 -0.72688 0.029492 -0.084458 -0.76296 0.063878 0.09357 -0.7416 0.035878 -0.16906 -0.80307 -0.034245 -0.039618 0.58767
-0.14771 0.052541 0.28167 0.11258 0.013424 0.36762 -0.046839 0.015443 0.40485 -0.011788 0.01477 0.065936 -0.051448 -0.0070281 -0.053821 0.05963 -0.0070281 -0.044591 -0.206 0.12786 0.03354 0.18166 -0.028492 0.1144 -0.22078 0.18738 -0.19531 0.17573 -0.19511 -0.05397 -0.20059 0.20896 -0.27248 0.18161 -0.25024 -0.11529 0.0549 0.13522 -0.40087 0.018064 -0.044581 -0.43035 0.092589 0.19465 -0.72726 0.030047 -0.10398 -0.75866 0.069539 0.1052 -0.74274 0.035249 -0.18397 -0.8071 -0.034784 -0.049111 0.59087
-0.1489 0.038584 0.28282 0.10827 0.017172 0.371 -0.049103 -0.0050495 0.40508 -0.01274 0.009498 0.066728 -0.049828 -0.0056294 -0.05553 0.058499 -0.0056294 -0.046279 -0.21394 0.1203 0.038357 0.1731 -0.035986 0.1188 -0.23072 0.18534 -0.18902 0.18983 -0.21942 -0.029989 -0.20695 0.21329 -0.26326 0.19906 -0.28516 -0.078725 0.042306 0.14547 -0.40262 0.021279 -0.036638 -0.43303 0.074606 0.21356 -0.72789 0.043476 -0.1055 -0.75903 0.061026 0.12268 -0.74416 0.05184 -0.18149 -0.81293 -0.032611 -0.068179 0.59123
-0.14997 0.021747 0.28243 0.10619 0.019739 0.36974 -0.049271 -0.017924 0.40498 -0.012934 0.0064729 0.067061 -0.049034 -0.0050852 -0.056248 0.057254 -0.0050852 -0.047869 -0.2215 0.11147 0.042739 0.16863 -0.040123 0.11841 -0.24004 0.17511 -0.1848 0.20084 -0.2292 -0.021116 -0.21566 0.20502 -0.25791 0.21177 -0.30112 -0.060662 0.031289 0.15036 -0.40463 0.024881 -0.029379 -0.43557 0.056467 0.22856 -0.7283 0.055157 -0.10191 -0.76014 0.05146 0.13637 -0.74469 0.064263 -0.17548 -0.81734 -0.028745 -0.081902 0.59046
-0.14902 0.014221 0.28114 0.10683 0.011755 0.36208 -0.047772 -0.019183 0.40519 -0.01212 0.0057109 0.067276 -0.049262 -0.0030415 -0.056205 0.05723 -0.0030415 -0.048068 -0.22029 0.11557 0.045986 0.17209 -0.049361 0.11177 -0.23865 0.18206 -0.18075 0.2038 -0.24088 -0.024199 -0.211 0.21269 -0.25243 0.20764 -0.31373 -0.06315 0.031377 0.14648 -0.40704 0.022903 -0.023689 -0.4358 0.049736 0.23909 -0.72731 0.058532 -0.096826 -0.75965 0.047593 0.14708 -0.74439 0.064581 -0.16824 -0.81985 -0.026542 -0.084507 0.59011
-0.15069 0.0098889 0.28203 0.10563 0.008511 0.35423 -0.047202 -0.019079 0.40536 -0.011221 0.0053622 0.067461 -0.049543 -0.00090452 -0.056034 0.057173 -0.00090452 -0.04822 -0.21698 0.11809 0.048355 0.17125 -0.050525 0.10345 -0.23724 0.19368 -0.17532 0.20941 -0.24551 -0.025605 -0.2083 0.22918 -0.2442 0.21759 -0.31815 -0.064067 0.031515 0.14932 -0.40663 0.014957 -0.018739 -0.43542 0.037312 0.25833 -0.72218 0.063753 -0.075729 -0.76067 0.040967 0.16729 -0.74315 0.065337 -0.14424 -0.8244 -0.028562 -0.085806 0.59008
-0.15153 0.011009 0.2836 0.10515 0.0041197 0.3471 -0.046019 -0.015685 0.40569 -0.010131 0.0059548 0.067579 -0.049992 0.00042183 -0.055639 0.057082 0.00042183 -0.04834 -0.20591 0.12565 0.050205 0.17506 -0.046642 0.095853 -0.22373 0.20127 -0.17364 0.2158 -0.24029 -0.034504 -0.19161 0.23436 -0.24219 0.22597 -0.31407 -0.070577 0.035745 0.15152 -0.40408 0.011567 -0.009152 -0.43501 0.038222 0.2737 -0.71459 0.066424 -0.052497 -0.76128 0.044356 0.18369 -0.73962 0.061657 -0.11915 -0.82687 -0.033573 -0.081356 0.59127
-0.15178 0.01197 0.28414 0.10452 -0.0014865 0.34227 -0.045571 -0.014228 0.40575 -0.0093509 0.006625 0.067633 -0.050421 0.0010946 -0.05524 0.057116 0.0010946 -0.048286 -0.19542 0.12941 0.049681 0.18105 -0.04384 0.091249 -0.2058 0.1963 -0.17748 0.22101 -0.23218 -0.046994 -0.17294 0.22591 -0.24732 0.22895 -0.30623 -0.082898 0.042128 0.16199 -0.39841 0.0041622 0.0005684 -0.43472 0.046879 0.28858 -0.70753 0.065807 -0.03613 -0.76111 0.051955 0.19882 -0.73362 0.056898 -0.10174 -0.8272 -0.037744 -0.075831 0.59299
-0.15471 0.0049648 0.28348 0.10077 -0.0016255 0.34131 -0.048425 -0.021169 0.40504 -0.0096217 0.0058863 0.067662 -0.050393 0.001683 -0.055251 0.057179 0.001683 -0.048195 -0.1994 0.11268 0.044539 0.17873 -0.042239 0.090386 -0.20206 0.17274 -0.1848 0.22649 -0.22563 -0.052059 -0.17753 0.20953 -0.25467 0.23872 -0.29563 -0.094143 0.039525 0.17555 -0.39491 -0.0055234 0.0059725 -0.43445 0.039649 0.30506 -0.70371 0.064936 -0.020876 -0.76165 0.04768 0.21538 -0.72953 0.059843 -0.084103 -0.83005 -0.038303 -0.078806 0.59343
-0.15757 0.00072253 0.28282 0.097861 -4.3591e-05 0.34049 -0.050896 -0.021598 0.40478 -0.010155 0.0054859 0.06762 -0.050238 0.0018244 -0.055389 0.057065 0.0018244 -0.048324 -0.20492 0.089579 0.037023 0.17735 -0.030844 0.088889 -0.19849 0.13566 -0.19523 0.23416 -0.20179 -0.064909 -0.17946 0.16569 -0.26937 0.25055 -0.2665 -0.114 0.019159 0.10589 -0.41846 0.054889 0.026925 -0.43335 0.027069 0.27294 -0.70444 0.058826 0.0062069 -0.76164 0.045284 0.18787 -0.73888 0.063692 -0.052434 -0.83599 -0.039173 -0.08155 0.59234
-0.16007 -0.00031732 0.28278 0.096278 0.00053803 0.33889 -0.052363 -0.015559 0.40493 -0.01065 0.0061714 0.067484 -0.049879 0.001517 -0.055721 0.057006 0.001517 -0.048407 -0.2082 0.069053 0.030603 0.17961 -0.015473 0.086906 -0.19653 0.094803 -0.20475 0.24117 -0.16752 -0.084199 -0.17921 0.11234 -0.28395 0.26053 -0.22461 -0.14074 -0.0015171 0.018347 -0.44441 0.1308 0.050999 -0.42954 0.0082793 0.22947 -0.70512 0.051155 0.032545 -0.75528 0.039392 0.15689 -0.75508 0.081835 -0.014695 -0.82887 -0.042641 -0.08031 0.59102
-0.16472 -0.00082374 0.28246 0.092678 0.0018059 0.33822 -0.056244 -0.01007 0.40452 -0.011554 0.0074143 0.067211 -0.049052 0.0010588 -0.056461 0.057448 0.0010588 -0.047895 -0.21353 0.050266 0.026087 0.18 -0.0013697 0.08711 -0.20197 0.055764 -0.21059 0.23811 -0.13252 -0.10148 -0.186 0.07033 -0.29056 0.26089 -0.17721 -0.16725 -0.0075408 0.0057306 -0.44485 0.15026 0.059944 -0.42249 -0.0082042 0.21003 -0.71117 0.0569 0.04952 -0.74359 0.031503 0.15271 -0.77342 0.11657 0.020991 -0.81019 -0.048647 -0.076472 0.59013
-0.17409 0.0045879 0.27966 0.083373 0.0085236 0.34013 -0.066963 -0.0046718 0.40295 -0.013528 0.0082134 0.066737 -0.04783 0.00067498 -0.057501 0.058536 0.00067498 -0.046551 -0.22306 0.027965 0.019839 0.17161 0.024135 0.090106 -0.20513 0.014254 -0.21601 0.21526 -0.080257 -0.11884 -0.1864 0.020736 -0.29594 0.239 -0.1096 -0.19227 -0.015798 0.021418 -0.44451 0.16415 0.064523 -0.41565 0.013712 0.15019 -0.74501 0.09423 0.083067 -0.74151 0.055164 0.095793 -0.80915 0.13209 0.070669 -0.82225 -0.056012 -0.071969 0.58804
-0.18273 0.0080783 0.27709 0.074108 0.012904 0.34245 -0.077121 -0.0071603 0.40104 -0.015189 0.0082485 0.06639 -0.046745 0.00043088 -0.058397 0.059338 0.00043088 -0.045547 -0.2316 0.0074705 0.015613 0.16267 0.039344 0.09313 -0.20463 -0.026597 -0.2175 0.20634 -0.016267 -0.13233 -0.18413 -0.029054 -0.2978 0.22893 -0.034262 -0.20991 -0.022785 0.036696 -0.44608 0.17208 0.056679 -0.41459 0.037579 0.10018 -0.77123 0.1378 0.13004 -0.73761 0.078849 0.044768 -0.83428 0.15851 0.13512 -0.83084 -0.063789 -0.071937 0.58688
-0.18788 0.0033565 0.27616 0.068626 0.010796 0.34343 -0.0824 -0.016717 0.39955 -0.015955 0.00757 0.066285 -0.045938 0.00042547 -0.059031 0.059573 0.00042547 -0.045232 -0.23684 -0.0099295 0.015229 0.15746 0.0385 0.094446 -0.20229 -0.068056 -0.21195 0.20222 0.028828 -0.13819 -0.18241 -0.076256 -0.29183 0.2227 0.018907 -0.21769 -0.025731 0.045335 -0.44572 0.16411 0.033004 -0.41935 0.036723 0.10175 -0.76901 0.16095 0.15886 -0.7285 0.078104 0.048423 -0.83384 0.208 0.17176 -0.80866 -0.070504 -0.077786 0.58675
-0.19334 -0.0051918 0.27439 0.063802 0.0089061 0.34413 -0.087729 -0.019691 0.39838 -0.017058 0.0064886 0.066117 -0.044979 0.00074037 -0.059757 0.060121 0.00074037 -0.04449 -0.2429 -0.031717 0.014662 0.14949 0.050111 0.095975 -0.19838 -0.11649 -0.20175 0.14344 0.025864 -0.13709 -0.17549 -0.13342 -0.27909 0.15851 0.026943 -0.2191 -0.033126 0.05155 -0.44597 0.15278 0.0069946 -0.42301 0.035495 0.11859 -0.76507 0.16418 0.13595 -0.73114 0.072913 0.063445 -0.83084 0.23735 0.1218 -0.78328 -0.074284 -0.084698 0.58412
-0.19602 -0.010567 0.27236 0.061339 0.0084871 0.3459 -0.091233 -0.018861 0.39775 -0.017865 0.006041 0.065962 -0.04422 0.00085569 -0.060329 0.060546 0.00085569 -0.043924 -0.24725 -0.053554 0.015053 0.14581 0.070095 0.10153 -0.19239 -0.15514 -0.19241 0.1029 0.033678 -0.13036 -0.16948 -0.17885 -0.26869 0.099104 0.025694 -0.2116 -0.039544 0.058402 -0.44586 0.14372 -0.015349 -0.42443 0.038349 0.13262 -0.76232 0.16644 0.10127 -0.73671 0.067766 0.071869 -0.82723 0.23922 0.061075 -0.78196 -0.075327 -0.090182 0.581
-0.19452 -0.015146 0.27297 0.063521 0.0061267 0.347 -0.089297 -0.021413 0.39803 -0.017743 0.0054805 0.066033 -0.044415 0.0011755 -0.060172 0.060262 0.0011755 -0.044294 -0.24437 -0.078547 0.019715 0.14537 0.081432 0.1056 -0.18065 -0.19237 -0.17801 0.10111 0.056408 -0.12574 -0.15746 -0.22319 -0.25099 0.087021 0.042285 -0.2057 -0.043735 0.066277 -0.4445 0.1369 -0.031312 -0.4251 0.037129 0.14589 -0.75846 0.17333 0.065487 -0.74243 0.064431 0.082998 -0.82207 0.23033 0.013888 -0.79568 -0.072021 -0.097153 0.57936
-0.19115 -0.024877 0.27799 0.069825 -0.00032731 0.34491 -0.081471 -0.029943 0.3992 -0.016848 0.0034941 0.066394 -0.045914 0.002446 -0.058992 0.059212 0.002446 -0.045631 -0.23098 -0.11259 0.030281 0.14028 0.074766 0.099936 -0.15993 -0.24709 -0.15093 0.092691 0.047526 -0.13048 -0.12694 -0.29128 -0.21186 0.1086 0.070159 -0.20717 -0.050487 0.074971 -0.44196 0.13024 -0.041011 -0.42644 0.025528 0.16632 -0.75377 0.1779 0.0070918 -0.75281 0.064628 0.11031 -0.81729 0.22925 -0.057615 -0.79633 -0.063489 -0.10864 0.57919
-0.18842 -0.030018 0.28229 0.074506 -0.0023423 0.34311 -0.075035 -0.035626 0.40008 -0.016067 0.0023455 0.066656 -0.047513 0.0034849 -0.057673 0.058191 0.0034849 -0.046875 -0.21359 -0.14 0.041646 0.13597 0.069988 0.094713 -0.13696 -0.28484 -0.13031 0.087594 0.028553 -0.13359 -0.094816 -0.33767 -0.17889 0.14019 0.075618 -0.17448 -0.058508 0.087256 -0.43824 0.12417 -0.050193 -0.42727 0.017714 0.18392 -0.74912 0.18424 -0.054164 -0.75659 0.06322 0.13198 -0.81274 0.22516 -0.12954 -0.79429 -0.057056 -0.11618 0.57926
-0.18574 -0.030722 0.28407 0.07777 -0.0019413 0.34303 -0.071132 -0.037028 0.4006 -0.015478 0.0022616 0.066788 -0.04879 0.0037461 -0.056573 0.057673 0.0037461 -0.047484 -0.20561 -0.14791 0.046379 0.14197 0.07092 0.095682 -0.1275 -0.30118 -0.1162 0.097512 0.013447 -0.12991 -0.083078 -0.3593 -0.15437 0.16447 0.056288 -0.1508 -0.055101 0.092613 -0.43597 0.1176 -0.059078 -0.42749 0.01512 0.20415 -0.74234 0.18153 -0.11606 -0.74965 0.058805 0.15072 -0.80546 0.20719 -0.19863 -0.78541 -0.053804 -0.12057 0.57846
-0.18148 -0.032076 0.28462 0.082211 -0.0040797 0.34354 -0.066931 -0.037926 0.40124 -0.014746 0.0021838 0.066957 -0.050014 0.0036797 -0.0555 0.057599 0.0036797 -0.04758 -0.20895 -0.14147 0.043971 0.15776 0.07079 0.1 -0.13327 -0.31261 -0.10108 0.11778 0.0029544 -0.12353 -0.09115 -0.37738 -0.13028 0.17088 0.026402 -0.18108 -0.034907 0.084167 -0.4365 0.11087 -0.06283 -0.42796 0.011602 0.23256 -0.73161 0.16278 -0.17255 -0.73856 0.05271 0.17657 -0.79426 0.18035 -0.25982 -0.76742 -0.050937 -0.12445 0.57781
-0.17615 -0.032781 0.2853 0.08643 -0.0038082 0.34266 -0.061601 -0.039693 0.40188 -0.013906 0.0020368 0.06714 -0.051402 0.0041799 -0.054176 0.05753 0.0041799 -0.047621 -0.2007 -0.14718 0.0467 0.16371 0.07001 0.099262 -0.1241 -0.32378 -0.092081 0.12651 -0.0018861 -0.1235 -0.080768 -0.38909 -0.11879 0.15545 -0.010923 -0.20053 -0.019623 0.07936 -0.43557 0.10856 -0.056787 -0.42921 0.0064087 0.25354 -0.71972 0.14885 -0.18382 -0.73608 0.04498 0.19644 -0.78343 0.16996 -0.26975 -0.76653 -0.048081 -0.12082 0.5811
-0.17071 -0.034884 0.28719 0.090621 -0.00026125 0.34049 -0.055138 -0.040332 0.40278 -0.012942 0.0019429 0.067341 -0.052907 0.0043815 -0.052698 0.057496 0.0043815 -0.047645 -0.19133 -0.15165 0.049349 0.16202 0.071796 0.09478 -0.10918 -0.32859 -0.084929 0.12788 -0.0019218 -0.12786 -0.063104 -0.3906 -0.11443 0.13764 -0.032858 -0.20441 -0.024027 0.088246 -0.43205 0.10611 -0.048752 -0.43075 -0.0083018 0.27427 -0.7088 0.14481 -0.1617 -0.74224 0.034172 0.21712 -0.76901 0.17034 -0.24239 -0.78212 -0.04525 -0.11382 0.58566
-0.16779 -0.034874 0.28916 0.09359 0.0040813 0.33877 -0.051097 -0.035447 0.40377 -0.012268 0.00266 0.06744 -0.053688 0.0035223 -0.051966 0.05772 0.0035223 -0.047445 -0.19384 -0.14121 0.046964 0.16279 0.079988 0.093606 -0.10755 -0.32275 -0.078556 0.13161 0.0041295 -0.12875 -0.061683 -0.3827 -0.11236 0.13214 -0.027305 -0.20531 -0.040689 0.1058 -0.42785 0.099913 -0.046045 -0.43177 -0.025872 0.30099 -0.69836 0.14177 -0.13521 -0.75078 0.024757 0.24159 -0.74986 0.16643 -0.21093 -0.79993 -0.043823 -0.1089 0.58673
-0.16988 -0.023676 0.2883 0.092778 0.0058392 0.33935 -0.054399 -0.022511 0.40414 -0.012507 0.0050931 0.06724 -0.052624 0.0021718 -0.053093 0.058076 0.0021718 -0.0471 -0.20147 -0.12682 0.045295 0.16917 0.092746 0.10005 -0.12133 -0.30964 -0.082609 0.13609 0.01634 -0.12181 -0.07836 -0.36996 -0.11917 0.13088 -0.013071 -0.19845 -0.044832 0.11529 -0.42615 0.093858 -0.046685 -0.43214 -0.023314 0.3235 -0.68621 0.12826 -0.11738 -0.75678 0.025828 0.25904 -0.73521 0.15368 -0.19043 -0.80968 -0.045636 -0.10571 0.58265
-0.16932 -0.013936 0.28717 0.093975 0.0039656 0.34026 -0.055393 -0.01384 0.40454 -0.012269 0.006984 0.067139 -0.051636 0.0011432 -0.054128 0.057226 0.0011432 -0.048136 -0.20569 -0.11201 0.042878 0.17091 0.084807 0.099301 -0.13623 -0.28982 -0.097479 0.1336 0.010912 -0.12289 -0.091779 -0.35057 -0.13248 0.11759 -0.020079 -0.19925 -0.045222 0.11347 -0.42731 0.092107 -0.044526 -0.43374 -0.018171 0.33541 -0.67538 0.11554 -0.097381 -0.76252 0.025861 0.28433 -0.73737 0.13982 -0.16683 -0.82018 -0.046354 -0.10387 0.57992
-0.16896 -0.0063019 0.28625 0.094124 0.0030523 0.34091 -0.055995 -0.0081337 0.40454 -0.011967 0.007766 0.067095 -0.050763 0.0004852 -0.054931 0.055884 0.0004852 -0.04972 -0.20955 -0.092745 0.038194 0.16409 0.071007 0.093623 -0.14966 -0.26117 -0.11742 0.12836 -0.0035119 -0.12845 -0.10341 -0.31835 -0.15491 0.11416 -0.026809 -0.20594 -0.051469 0.10623 -0.4301 0.090818 -0.033957 -0.4364 -0.024445 0.34054 -0.66642 0.10658 -0.067476 -0.76825 0.017117 0.31642 -0.7472 0.1277 -0.13179 -0.83291 -0.049196 -0.096794 0.58062
-0.1777 0.0091369 0.28389 0.085661 0.0082687 0.3422 -0.065881 0.0052544 0.4032 -0.013201 0.008851 0.066722 -0.04841 -0.00033566 -0.057002 0.056009 -0.00033566 -0.049578 -0.22086 -0.066647 0.032787 0.15532 0.084767 0.097363 -0.16891 -0.22512 -0.13546 0.13073 0.0010914 -0.1227 -0.13057 -0.27395 -0.18882 0.1538 0.0082863 -0.19936 -0.061481 0.10003 -0.43333 0.08337 -0.015976 -0.43798 -0.036859 0.34582 -0.65793 0.094596 -0.032863 -0.77129 0.0045325 0.33966 -0.74329 0.11511 -0.093312 -0.83979 -0.060652 -0.079572 0.58121
-0.18292 0.019464 0.28279 0.080541 0.012381 0.34213 -0.071479 0.012377 0.40233 -0.014067 0.0098084 0.066428 -0.046331 -0.0012264 -0.058727 0.056242 -0.0012264 -0.049305 -0.22791 -0.04926 0.030029 0.15211 0.077899 0.094726 -0.18388 -0.19659 -0.1509 0.13044 -0.0045923 -0.12703 -0.1526 -0.24243 -0.21374 0.18595 0.028225 -0.1806 -0.067062 0.088425 -0.43782 0.077946 -0.0056891 -0.43862 -0.041128 0.34132 -0.65438 0.087534 -0.0071025 -0.77236 -0.00025511 0.36255 -0.73378 0.10846 -0.065306 -0.8426 -0.069487 -0.070249 0.58146
-0.18534 0.025565 0.28159 0.077227 0.017247 0.34126 -0.07468 0.013753 0.40145 -0.014723 0.010829 0.066113 -0.045101 -0.0022784 -0.059626 0.056705 -0.0022784 -0.048721 -0.23191 -0.036546 0.027341 0.14929 0.045928 0.08708 -0.19876 -0.16175 -0.17071 0.13437 -0.015608 -0.14084 -0.17176 -0.19874 -0.23882 0.19631 0.020111 -0.18113 -0.070782 0.060316 -0.44328 0.075554 0.0024248 -0.43798 -0.046747 0.31578 -0.65687 0.082742 0.017208 -0.77149 -0.011187 0.35308 -0.73533 0.10349 -0.038484 -0.8438 -0.073727 -0.067299 0.58129
-0.19079 0.032909 0.27866 0.069852 0.025571 0.34076 -0.082241 0.01584 0.39981 -0.015953 0.01181 0.065661 -0.044274 -0.0032932 -0.060198 0.057912 -0.0032932 -0.047222 -0.23832 -0.016707 0.02182 0.14061 0.015282 0.084868 -0.21853 -0.10565 -0.19653 0.15068 -0.01994 -0.14886 -0.19826 -0.11708 -0.27532 0.19984 -0.005591 -0.21312 -0.075585 0.018013 -0.44794 0.074703 0.018728 -0.436 -0.063375 0.27117 -0.6652 0.073622 0.051562 -0.7683 -0.039437 0.28646 -0.75429 0.094523 -0.0010107 -0.84289 -0.07735 -0.062018 0.58098
-0.19157 0.031786 0.27843 0.067377 0.026385 0.33927 -0.083742 0.011058 0.39967 -0.016153 0.01097 0.065755 -0.04391 -0.0032048 -0.060473 0.058357 -0.0032048 -0.046681 -0.23882 0.0048742 0.018445 0.13494 -0.010443 0.084641 -0.22708 -0.053345 -0.21174 0.16168 -0.051991 -0.1477 -0.21698 -0.044675 -0.29386 0.19714 -0.074064 -0.21823 -0.070565 -0.0090971 -0.44957 0.081816 0.031088 -0.43427 -0.06789 0.23053 -0.6826 0.064408 0.084308 -0.76338 -0.056183 0.2137 -0.77386 0.089249 0.030789 -0.8359 -0.078834 -0.063892 0.58209
-0.19018 0.026346 0.27983 0.06941 0.018409 0.34022 -0.081868 0.0035373 0.40025 -0.015848 0.0095679 0.066056 -0.043808 -0.002472 -0.060578 0.058502 -0.002472 -0.04656 -0.23699 0.021847 0.018147 0.13132 -0.036014 0.087608 -0.2329 -0.006713 -0.21663 0.16599 -0.1078 -0.13518 -0.22938 0.0086882 -0.29776 0.19319 -0.15332 -0.19938 -0.064097 -0.02349 -0.44922 0.091808 0.035722 -0.43308 -0.0646 0.18674 -0.70797 0.055298 0.10951 -0.75667 -0.067575 0.14781 -0.79306 0.084404 0.052325 -0.825 -0.080358 -0.070604 0.58306
-0.18919 0.02039 0.28087 0.072826 0.0092409 0.34408 -0.080102 -0.0026184 0.40057 -0.015638 0.0087522 0.066216 -0.043624 -0.001926 -0.060731 0.058191 -0.001926 -0.046968 -0.23642 0.028494 0.019434 0.13029 -0.06015 0.094027 -0.24294 0.030234 -0.21738 0.17332 -0.16063 -0.11612 -0.24097 0.04653 -0.29846 0.19687 -0.20602 -0.18118 -0.062155 -0.037674 -0.44844 0.10195 0.037835 -0.43227 -0.063046 0.13663 -0.73304 0.048259 0.12357 -0.75047 -0.081578 0.086569 -0.80988 0.080391 0.067134 -0.81795 -0.079662 -0.076571 0.58346
-0.1843 0.0084072 0.28226 0.077911 0.0080888 0.34475 -0.074075 -0.011011 0.40153 -0.014781 0.0074219 0.06657 -0.043303 -0.0016457 -0.060974 0.05585 -0.0016457 -0.04968 -0.2331 0.023569 0.021272 0.13985 -0.072751 0.099205 -0.24657 0.040664 -0.21504 0.19322 -0.19097 -0.10029 -0.25025 0.065002 -0.29373 0.21547 -0.23651 -0.16579 -0.054633 -0.052795 -0.44723 0.11969 0.046426 -0.43117 -0.058518 0.097323 -0.74674 0.049362 0.1266 -0.7477 -0.081498 0.033504 -0.81208 0.086696 0.080548 -0.81996 -0.068602 -0.081751 0.58555
-0.17833 -0.0040763 0.28316 0.082889 0.0072419 0.34304 -0.067392 -0.016869 0.40273 -0.013744 0.0053237 0.066997 -0.044067 -0.00092026 -0.060426 0.054927 -0.00092026 -0.050782 -0.23244 0.027414 0.02507 0.15403 -0.082107 0.10306 -0.25136 0.056439 -0.2092 0.22137 -0.22672 -0.07062 -0.2597 0.088205 -0.28528 0.24171 -0.28055 -0.12953 -0.041874 -0.062708 -0.44528 0.14222 0.06238 -0.42534 -0.04701 0.045496 -0.75957 0.053352 0.14883 -0.73508 -0.054323 -0.032466 -0.80905 0.087713 0.1002 -0.80688 -0.057314 -0.088372 0.58633
-0.17462 -0.0097813 0.28458 0.086518 0.0021885 0.34142 -0.062893 -0.02106 0.40349 -0.012805 0.0026777 0.067337 -0.045716 0.00048974 -0.059202 0.056022 0.00048974 -0.049561 -0.23591 0.04621 0.032052 0.16255 -0.092772 0.10509 -0.25991 0.089578 -0.19972 0.24067 -0.27185 -0.029284 -0.26864 0.12354 -0.27461 0.25835 -0.33648 -0.077837 -0.031212 -0.069165 -0.44245 0.154 0.075216 -0.41936 -0.033959 -0.017368 -0.77252 0.054618 0.1846 -0.71881 -0.013648 -0.10162 -0.80819 0.076462 0.11871 -0.78166 -0.05383 -0.095357 0.586
-0.17399 -0.0066672 0.28816 0.088454 -0.0041137 0.34055 -0.060382 -0.028871 0.40352 -0.011869 5.0467e-05 0.067557 -0.046674 0.0019683 -0.058418 0.056281 0.0019683 -0.04923 -0.23906 0.066716 0.041078 0.16062 -0.10056 0.1036 -0.26577 0.12014 -0.18833 0.23618 -0.29952 -0.0013974 -0.27347 0.15531 -0.26274 0.25246 -0.36845 -0.044412 -0.028083 -0.078113 -0.43946 0.14358 0.073301 -0.42226 -0.029121 -0.064709 -0.77428 0.052884 0.19734 -0.71876 0.0083341 -0.14432 -0.80781 0.063146 0.12034 -0.77078 -0.057113 -0.099178 0.58776
-0.17538 -0.0028404 0.2898 0.087407 -0.013021 0.33803 -0.061102 -0.03198 0.40331 -0.011557 -0.0014415 0.067608 -0.047073 0.0025464 -0.058081 0.056586 0.0025464 -0.048852 -0.24201 0.083303 0.047197 0.15983 -0.10575 0.099734 -0.27076 0.14458 -0.17989 0.22796 -0.31347 0.0082767 -0.27654 0.1801 -0.25441 0.24277 -0.38516 -0.029984 -0.021588 -0.076922 -0.43878 0.1417 0.070572 -0.42325 -0.02642 -0.11452 -0.76892 0.053583 0.20211 -0.71719 0.0042651 -0.19324 -0.80727 0.056699 0.11632 -0.75741 -0.063301 -0.10149 0.58794
-0.17476 -0.0024298 0.2906 0.088045 -0.020854 0.33503 -0.060042 -0.031232 0.40355 -0.011174 -0.0021303 0.067644 -0.047891 0.0023653 -0.057405 0.056846 0.0023653 -0.048559 -0.2441 0.10032 0.055598 0.16566 -0.10799 0.09618 -0.27604 0.16888 -0.16903 0.22942 -0.32108 0.014502 -0.27976 0.2065 -0.24254 0.2436 -0.39578 -0.018066 -0.012383 -0.069721 -0.43886 0.14989 0.080879 -0.41879 -0.018476 -0.15343 -0.76251 0.055923 0.21425 -0.71012 -0.0023919 -0.23498 -0.80604 0.055778 0.13441 -0.75668 -0.063965 -0.10559 0.58622
-0.17032 -0.0041727 0.29351 0.09402 -0.021275 0.3346 -0.053417 -0.032036 0.40445 -0.0099955 -0.0028959 0.0678 -0.049532 0.0022737 -0.055998 0.056465 0.0022737 -0.049005 -0.24487 0.121 0.071362 0.17344 -0.10786 0.09612 -0.2817 0.19755 -0.14992 0.23947 -0.32536 0.029182 -0.28389 0.24058 -0.22046 0.25506 -0.40185 0.0019162 -0.0078815 -0.06603 -0.43753 0.15154 0.10477 -0.41279 -0.003982 -0.16102 -0.75789 0.055724 0.23487 -0.705 0.01066 -0.24161 -0.8034 0.054739 0.18802 -0.7842 -0.055453 -0.11046 0.58544
-0.16826 -0.0050922 0.29558 0.09787 -0.012873 0.33696 -0.049502 -0.030929 0.40509 -0.0093973 -0.0033623 0.06787 -0.050582 0.0026441 -0.055053 0.056436 0.0026441 -0.049023 -0.24701 0.13408 0.083036 0.17324 -0.10913 0.10103 -0.28939 0.22273 -0.13255 0.24857 -0.32427 0.036146 -0.29031 0.26891 -0.20126 0.2654 -0.40207 0.013241 -0.0063296 -0.056716 -0.43772 0.15035 0.12371 -0.4075 0.0090894 -0.16352 -0.75361 0.052883 0.25266 -0.69969 0.024225 -0.24356 -0.79985 0.053736 0.24142 -0.79504 -0.049462 -0.10687 0.58716
-0.16626 -0.006564 0.29638 0.10058 -0.003788 0.33819 -0.046419 -0.027566 0.40568 -0.009002 -0.0034044 0.067917 -0.051509 0.0025156 -0.054172 0.056351 0.0025156 -0.049121 -0.25109 0.13668 0.089261 0.17274 -0.10165 0.10187 -0.30007 0.23722 -0.11975 0.2572 -0.31372 0.038239 -0.30314 0.28545 -0.18677 0.27829 -0.3898 0.014244 -0.0047053 -0.053916 -0.437 0.14672 0.13262 -0.40535 0.019737 -0.15687 -0.7534 0.04571 0.26936 -0.69274 0.033743 -0.23329 -0.80529 0.04972 0.25937 -0.78341 -0.043155 -0.10377 0.58758
-0.16353 -0.0078826 0.29691 0.10283 0.0011738 0.33706 -0.043024 -0.024465 0.40627 -0.0085487 -0.003288 0.067983 -0.052426 0.0016307 -0.053327 0.055924 0.0016307 -0.049646 -0.25493 0.13561 0.092703 0.1753 -0.086481 0.096826 -0.30968 0.24597 -0.10978 0.2615 -0.29988 0.040325 -0.31797 0.29651 -0.17469 0.28958 -0.37218 0.011767 -0.0035912 -0.063704 -0.43449 0.1429 0.1311 -0.40695 0.026116 -0.13777 -0.75857 0.039988 0.28474 -0.685 0.038761 -0.20675 -0.82048 0.046168 0.23555 -0.76305 -0.036313 -0.1056 0.58596
-0.16682 -0.003068 0.29752 0.099121 0.0076843 0.33818 -0.046194 -0.023743 0.40597 -0.0091705 -0.0033666 0.067897 -0.051766 0.0013736 -0.053975 0.056126 0.0013736 -0.049432 -0.25505 0.14141 0.092593 0.16767 -0.085729 0.099073 -0.30927 0.2641 -0.10277 0.24768 -0.29903 0.033581 -0.31845 0.31418 -0.16803 0.27754 -0.37187 0.0073634 -0.0076402 -0.06818 -0.43499 0.14843 0.11908 -0.40874 0.021601 -0.12489 -0.76338 0.050411 0.2899 -0.6779 0.032341 -0.1914 -0.82855 0.056335 0.21177 -0.74308 -0.041326 -0.098777 0.58824
-0.17078 0.0059461 0.29694 0.094631 0.01364 0.33974 -0.051177 -0.019984 0.40555 -0.010107 -0.003032 0.06778 -0.050613 0.00094572 -0.055068 0.056901 0.00094572 -0.048537 -0.25338 0.14769 0.08781 0.15803 -0.083377 0.10044 -0.30102 0.27229 -0.10794 0.23026 -0.29173 0.013936 -0.30568 0.32151 -0.17417 0.26012 -0.36174 -0.017173 -0.013716 -0.069165 -0.4367 0.16937 0.12376 -0.40276 0.014649 -0.098315 -0.76742 0.068584 0.30473 -0.66578 0.022816 -0.16586 -0.83164 0.074944 0.27269 -0.74111 -0.048159 -0.089675 0.59014
-0.17165 0.010742 0.29494 0.093178 0.017248 0.34031 -0.053557 -0.013266 0.40553 -0.010602 -0.0022228 0.067736 -0.049956 5.0617e-05 -0.055672 0.057675 5.0617e-05 -0.047631 -0.2528 0.14384 0.079653 0.15553 -0.06721 0.096132 -0.29268 0.25861 -0.12386 0.22476 -0.26631 -0.012244 -0.29203 0.30627 -0.19144 0.25574 -0.32926 -0.056114 -0.017143 -0.069048 -0.4379 0.16478 0.12009 -0.40224 0.011795 -0.059877 -0.77047 0.071931 0.31565 -0.65621 0.018055 -0.12769 -0.83468 0.077828 0.33437 -0.74752 -0.049657 -0.086208 0.58878
-0.17183 0.0049128 0.29249 0.092504 0.019274 0.34071 -0.05463 -0.010217 0.40549 -0.010828 -0.0017347 0.067715 -0.049553 -0.00034377 -0.056033 0.057938 -0.00034377 -0.047311 -0.25355 0.12613 0.070508 0.15884 -0.045124 0.091608 -0.2882 0.23082 -0.13963 0.23 -0.23249 -0.03543 -0.28612 0.27277 -0.2109 0.26113 -0.29199 -0.08422 -0.017337 -0.062392 -0.43962 0.094069 0.057202 -0.42704 0.011004 -0.036056 -0.77154 0.049739 0.28667 -0.66308 0.01742 -0.10168 -0.83795 0.051272 0.23774 -0.7364 -0.05014 -0.088112 0.58664
-0.1727 0.0018784 0.28885 0.089081 0.017673 0.33936 -0.05808 -0.0099739 0.40499 -0.011514 -0.0019668 0.067596 -0.048866 0.00019628 -0.056626 0.057895 0.00019628 -0.047365 -0.25047 0.10779 0.057736 0.15667 -0.028696 0.086422 -0.27341 0.1918 -0.16211 0.22225 -0.19757 -0.065653 -0.26645 0.2271 -0.23647 0.2508 -0.25114 -0.12135 -0.022592 -0.043354 -0.44288 0.081345 0.020742 -0.43777 0.0077366 -0.0070501 -0.7733 0.051696 0.26534 -0.66454 0.013254 -0.071445 -0.84105 0.059147 0.2294 -0.73688 -0.052568 -0.088403 0.58595
-0.17174 0.0010145 0.28595 0.086209 0.018422 0.33758 -0.059897 -0.010754 0.40471 -0.011765 -0.0020612 0.067546 -0.048333 0.000904 -0.05708 0.057281 0.000904 -0.048091 -0.24473 0.085074 0.044652 0.1538 -0.013098 0.082482 -0.25141 0.1415 -0.18566 0.21264 -0.15708 -0.096531 -0.23781 0.1714 -0.26159 0.23766 -0.20017 -0.16266 -0.029452 -0.022737 -0.44578 0.11964 0.024589 -0.43208 0.0027588 0.028118 -0.7742 0.068211 0.26449 -0.65839 0.0085241 -0.037444 -0.84073 0.085817 0.30341 -0.74666 -0.05214 -0.084144 0.58764
-0.16605 -0.0048297 0.2858 0.08936 0.025778 0.33793 -0.054725 -0.011424 0.40542 -0.010496 -0.0014191 0.067766 -0.048608 0.00089823 -0.056844 0.056062 0.00089823 -0.049505 -0.23866 0.051188 0.03642 0.15993 0.0091553 0.08224 -0.23216 0.082336 -0.19874 0.22005 -0.1065 -0.11588 -0.21753 0.10773 -0.2761 0.24159 -0.13729 -0.18972 -0.029712 -0.010728 -0.4461 0.12726 0.021758 -0.43227 0.0012644 0.057 -0.77156 0.064415 0.26335 -0.65379 0.010671 -0.010794 -0.83536 0.083305 0.29989 -0.74055 -0.044468 -0.078037 0.5908
-0.15907 -0.0055153 0.28541 0.095728 0.026516 0.33965 -0.048933 -0.010443 0.40628 -0.0093447 -0.0016793 0.067966 -0.048926 0.00086872 -0.056587 0.055653 0.00086872 -0.049975 -0.22619 0.027342 0.030174 0.16503 0.023579 0.082973 -0.2071 0.025849 -0.20548 0.21491 -0.058702 -0.13347 -0.19625 0.046134 -0.28495 0.22752 -0.077055 -0.21283 -0.028793 0.011215 -0.44565 0.14136 0.0073522 -0.42988 0.0070153 0.087343 -0.76881 0.072126 0.25688 -0.64183 0.015521 0.018212 -0.83136 0.095191 0.29813 -0.72237 -0.039141 -0.074908 0.59248
-0.15998 0.0062039 0.28363 0.095324 0.025396 0.34024 -0.051702 -0.0025919 0.40589 -0.010562 -0.00068926 0.06774 -0.047755 0.00097265 -0.057549 0.055524 0.00097265 -0.050112 -0.22058 0.019729 0.025299 0.1669 0.033995 0.084532 -0.19565 -0.010851 -0.20864 0.20474 -0.0076524 -0.14554 -0.18803 0.00080707 -0.29008 0.20957 -0.020773 -0.22708 -0.035248 0.040624 -0.44509 0.15313 -0.0066395 -0.42753 0.010316 0.11933 -0.76635 0.092 0.23104 -0.65257 0.01427 0.049108 -0.8281 0.12069 0.2603 -0.73381 -0.045236 -0.067371 0.5921
-0.16943 0.025779 0.28111 0.086281 0.02895 0.33899 -0.062611 0.011689 0.40417 -0.013709 0.00242 0.067155 -0.044984 0.00059722 -0.059754 0.0551 0.00059722 -0.050585 -0.22885 0.021772 0.022141 0.16905 0.045454 0.087046 -0.20702 -0.026419 -0.20892 0.2066 0.045716 -0.14686 -0.19892 -0.026533 -0.29117 0.2102 0.032481 -0.22834 -0.045706 0.064918 -0.44419 0.14576 -0.013612 -0.42945 0.0081451 0.14699 -0.76333 0.11041 0.18163 -0.69745 0.007956 0.075092 -0.82326 0.13739 0.15198 -0.7807 -0.060337 -0.052185 0.5908
-0.17304 0.035492 0.27913 0.082322 0.029291 0.33883 -0.067606 0.019961 0.4032 -0.014712 0.0035538 0.066935 -0.042976 -0.00098662 -0.06122 0.055365 -0.00098662 -0.050275 -0.23335 0.01947 0.020311 0.17053 0.046997 0.088016 -0.21258 -0.049918 -0.20549 0.20986 0.072444 -0.14479 -0.20307 -0.05977 -0.28728 0.21144 0.067562 -0.22846 -0.042715 0.078155 -0.44294 0.14036 -0.022183 -0.43007 0.01478 0.16518 -0.76017 0.12613 0.1267 -0.73011 0.011657 0.091963 -0.8184 0.14073 0.059713 -0.79654 -0.06838 -0.042801 0.59022
-0.17298 0.025255 0.27774 0.082126 0.020552 0.34049 -0.068687 0.011748 0.4031 -0.014625 0.0022669 0.066972 -0.042344 -0.0018641 -0.061627 0.056086 -0.0018641 -0.049467 -0.23345 -0.017471 0.022984 0.14706 0.030653 0.083888 -0.21136 -0.11586 -0.19113 0.17585 0.053997 -0.14968 -0.19918 -0.13655 -0.26999 0.16949 0.03663 -0.22798 -0.043355 0.08255 -0.44215 0.13812 -0.027221 -0.42971 0.01737 0.17856 -0.7561 0.14032 0.064931 -0.74941 0.015674 0.10399 -0.81267 0.14465 -0.015686 -0.79597 -0.068911 -0.04821 0.59104
-0.17287 0.00068778 0.27722 0.082208 0.010126 0.34346 -0.06894 -0.0067876 0.4033 -0.014634 -0.00025417 0.067017 -0.042524 -0.0015087 -0.061519 0.056155 -0.0015087 -0.049389 -0.22692 -0.083463 0.030934 0.10567 0.0058933 0.078686 -0.19776 -0.20558 -0.1701 0.11888 0.016615 -0.15772 -0.17978 -0.23581 -0.24496 0.10305 -0.025291 -0.22732 -0.056341 0.081112 -0.44221 0.13573 -0.023751 -0.43033 0.0051089 0.18955 -0.75198 0.15529 0.0070868 -0.76229 0.010143 0.114 -0.807 0.15963 -0.078733 -0.79941 -0.064614 -0.064719 0.59182
-0.16993 -0.020143 0.27755 0.083992 0.011101 0.34577 -0.066005 -0.016815 0.40354 -0.013982 -0.0025027 0.067094 -0.043096 -0.0015096 -0.061146 0.054737 -0.0015096 -0.050934 -0.20705 -0.13499 0.040635 0.085775 -0.0073921 0.08022 -0.15939 -0.26089 -0.15482 0.10147 0.0093829 -0.15573 -0.13221 -0.29342 -0.22642 0.083435 -0.023136 -0.22976 -0.067668 0.076523 -0.44228 0.1331 -0.014694 -0.43254 -0.015008 0.1972 -0.74912 0.17304 -0.027564 -0.76481 -0.0015768 0.12228 -0.80348 0.18287 -0.11422 -0.79877 -0.055858 -0.078916 0.59045
-0.15997 -0.027008 0.27541 0.090932 0.0081962 0.34306 -0.059104 -0.018576 0.40455 -0.012476 -0.0027785 0.067452 -0.045955 -0.0014228 -0.058953 0.053522 -0.0014228 -0.052269 -0.18641 -0.16387 0.04902 0.080465 -0.016607 0.078837 -0.12394 -0.3037 -0.13096 0.10349 -0.00052747 -0.15641 -0.090809 -0.34751 -0.19147 0.081794 -0.030826 -0.22972 -0.069486 0.077688 -0.43989 0.12647 -0.0082164 -0.43511 -0.023764 0.21147 -0.74233 0.19119 -0.068257 -0.75596 -0.0069321 0.13727 -0.79701 0.20273 -0.15472 -0.7901 -0.046624 -0.08599 0.58964
-0.15637 -0.030015 0.28175 0.10149 0.0057351 0.35381 -0.050127 -0.023123 0.40546 -0.010564 -0.0048719 0.067562 -0.049973 -0.00045268 -0.055669 0.052111 -0.00045268 -0.053644 -0.1736 -0.18405 0.065875 0.081077 -0.018783 0.089893 -0.099943 -0.34186 -0.09517 0.10828 -0.012664 -0.14549 -0.062548 -0.39923 -0.142 0.081807 -0.055637 -0.21123 -0.070415 0.083981 -0.43566 0.11943 -0.0053847 -0.43756 -0.029672 0.22885 -0.73378 0.20271 -0.092612 -0.74906 -0.010694 0.15612 -0.78949 0.21468 -0.17734 -0.78685 -0.038841 -0.087326 0.59158
-0.16693 -0.043051 0.30245 0.11267 0.014684 0.38734 -0.040623 -0.035701 0.40533 -0.0084181 -0.01161 0.067011 -0.052533 0.0013215 -0.053242 0.049332 0.0013215 -0.056187 -0.16198 -0.20936 0.095274 0.088709 -0.011124 0.12383 -0.069712 -0.36481 -0.058396 0.11954 -0.0069528 -0.11115 -0.024155 -0.42125 -0.098644 0.094131 -0.053931 -0.1745 -0.080293 0.088786 -0.43207 0.11904 -0.0017018 -0.4397 -0.052313 0.24108 -0.72803 0.20685 -0.066184 -0.75522 -0.026337 0.17117 -0.78448 0.22367 -0.14688 -0.79939 -0.030042 -0.087234 0.59535
-0.15554 -0.053957 0.30523 0.12761 0.012492 0.39077 -0.027815 -0.037293 0.40621 -0.0049591 -0.013406 0.067152 -0.054339 0.0021332 -0.051354 0.047286 0.0021332 -0.057942 -0.12861 -0.22769 0.10579 0.10765 -0.020793 0.12788 -0.012906 -0.38144 -0.031724 0.14245 -0.015487 -0.10647 0.04113 -0.43561 -0.062287 0.12086 -0.064287 -0.16948 -0.084638 0.092573 -0.42932 0.12378 0.0047435 -0.44016 -0.079203 0.2586 -0.7186 0.22215 -0.044201 -0.75557 -0.050235 0.1885 -0.77353 0.23821 -0.12404 -0.80182 -0.014059 -0.088733 0.59619
-0.13502 -0.058437 0.29744 0.14055 -0.00079525 0.37765 -0.017508 -0.029651 0.40764 -0.0027545 -0.0095711 0.067843 -0.055472 0.0017819 -0.050145 0.046733 0.0017819 -0.05837 -0.093095 -0.23345 0.10185 0.1259 -0.035416 0.11453 0.041894 -0.38504 -0.020862 0.16385 -0.028952 -0.11933 0.10168 -0.43892 -0.040391 0.14578 -0.07932 -0.18243 -0.08565 0.097033 -0.42692 0.12675 0.015287 -0.43961 -0.10436 0.27977 -0.70603 0.2344 -0.027261 -0.75277 -0.07507 0.20799 -0.75847 0.24947 -0.10759 -0.79832 0.0025383 -0.089177 0.59464
-0.12794 -0.058062 0.29584 0.14475 -0.008489 0.37488 -0.014636 -0.022564 0.40838 -0.0034033 -0.0049936 0.068318 -0.05559 0.0010081 -0.050033 0.047077 0.0010081 -0.058117 -0.078182 -0.22895 0.098431 0.13314 -0.03429 0.11059 0.067557 -0.37231 -0.021592 0.17249 -0.026618 -0.12299 0.1305 -0.42425 -0.035205 0.15674 -0.076703 -0.1869 -0.090878 0.10307 -0.42458 0.12433 0.028348 -0.43919 -0.12806 0.28885 -0.69974 0.22789 0.002324 -0.75554 -0.097639 0.2163 -0.75046 0.2476 -0.07673 -0.80158 0.011259 -0.086532 0.59317
-0.12314 -0.053433 0.29211 0.14191 0.0029283 0.3655 -0.014571 -0.016397 0.4087 -0.0037663 -0.00308 0.068455 -0.054594 0.00033666 -0.051169 0.047336 0.00033666 -0.057919 -0.072048 -0.21958 0.090987 0.13668 -0.024959 0.10126 0.082038 -0.36106 -0.020022 0.17672 -0.016018 -0.13216 0.14832 -0.40874 -0.0327 0.16301 -0.065177 -0.19721 -0.09732 0.10953 -0.42291 0.12141 0.038263 -0.43877 -0.14935 0.26555 -0.71242 0.21648 0.029689 -0.75876 -0.12099 0.19115 -0.76159 0.23744 -0.048612 -0.80564 0.01253 -0.084008 0.59212
-0.12541 -0.047425 0.29144 0.13768 0.015992 0.36733 -0.017058 -0.012542 0.4087 -0.0041109 -0.0029744 0.068378 -0.051679 -0.00023426 -0.054015 0.047543 -0.00023426 -0.057742 -0.079641 -0.20945 0.085821 0.13687 -0.017844 0.10365 0.078335 -0.35448 -0.01549 0.17722 -0.0082589 -0.1297 0.14572 -0.40017 -0.030039 0.16474 -0.056319 -0.19585 -0.10059 0.11117 -0.42433 0.1173 0.043919 -0.43866 -0.16167 0.22044 -0.73539 0.20217 0.049133 -0.76152 -0.13791 0.14359 -0.78331 0.2208 -0.029172 -0.80925 0.004138 -0.078803 0.59312
-0.14694 -0.043822 0.30506 0.13885 0.0015511 0.41312 -0.023865 -0.013147 0.40834 -0.0061831 -0.0022541 0.06828 -0.045768 -0.00089879 -0.059157 0.048129 -0.00089879 -0.057252 -0.11361 -0.20206 0.094109 0.13075 -0.023394 0.14861 0.038224 -0.34936 -0.012744 0.17101 -0.014735 -0.084781 0.099965 -0.40184 -0.029271 0.1578 -0.061607 -0.15162 -0.096191 0.10134 -0.43192 0.10883 0.046095 -0.43942 -0.15636 0.17608 -0.75173 0.18137 0.059692 -0.76506 -0.13704 0.097734 -0.79916 0.19776 -0.018637 -0.81361 -0.017473 -0.065632 0.59839
