-0.11927 0.040081 0.34435 0.15293 -0.0047586 0.30909 0.023197 -0.0083733 0.40846 0.0045349 -0.0045855 0.068293 -0.053972 0.00019211 -0.051788 0.050631 0.00019211 -0.055059 -0.30179 -0.11737 0.23233 0.31993 -0.15373 0.16568 -0.37206 -0.34184 0.26135 0.36128 -0.38676 0.15319 -0.41786 -0.40861 0.27815 0.40564 -0.43977 0.1986 -0.092326 0.095189 -0.42788 0.078121 0.040358 -0.44181 -0.092897 0.25694 -0.71999 0.086714 0.16821 -0.75014 -0.11108 0.17949 -0.76931 0.065892 0.092188 -0.80062 0.0065512 -0.061944 0.59758
-0.11994 0.040243 0.34467 0.15275 -0.0043758 0.30849 0.02346 -0.0064136 0.40847 0.0045642 -0.0042964 0.068312 -0.053983 -5.9197e-06 -0.051778 0.050575 -5.9197e-06 -0.055112 -0.28576 -0.13265 0.2274 0.33856 -0.12566 0.15638 -0.36605 -0.35944 0.25874 0.36822 -0.36254 0.13767 -0.40855 -0.42789 0.26323 0.39931 -0.43255 0.16758 -0.09309 0.093921 -0.42807 0.0777 0.039939 -0.44191 -0.094401 0.25554 -0.72024 0.085519 0.16781 -0.75026 -0.11231 0.17803 -0.76957 0.065208 0.091661 -0.80075 0.0068116 -0.061933 0.59703
-0.12038 0.038836 0.34382 0.15247 -0.0042038 0.30793 0.023614 -0.0046554 0.40849 0.00459 -0.0039318 0.068332 -0.053999 -0.00024771 -0.051761 0.050548 -0.00024771 -0.055136 -0.26696 -0.14814 0.22291 0.34007 -0.11667 0.14926 -0.34058 -0.37744 0.25202 0.35127 -0.35469 0.12802 -0.38288 -0.44655 0.25473 0.36731 -0.43363 0.14833 -0.093934 0.09254 -0.42824 0.077292 0.039386 -0.44199 -0.096005 0.25401 -0.7205 0.08431 0.16727 -0.75035 -0.11353 0.17642 -0.76983 0.064546 0.090994 -0.80087 0.0071137 -0.061016 0.59682
-0.12062 0.036162 0.34209 0.1521 -0.0042139 0.30741 0.02367 -0.0030986 0.40851 0.0046104 -0.0035143 0.068352 -0.054016 -0.00051803 -0.051741 0.050547 -0.00051803 -0.055135 -0.24626 -0.16316 0.21852 0.32826 -0.1221 0.14395 -0.30063 -0.39467 0.24235 0.31614 -0.35863 0.12325 -0.34408 -0.46377 0.25054 0.31643 -0.4402 0.13872 -0.094854 0.091079 -0.42842 0.076901 0.03874 -0.44206 -0.097705 0.25239 -0.72075 0.083097 0.16664 -0.75043 -0.11475 0.1747 -0.77009 0.063907 0.090229 -0.80097 0.0074418 -0.059418 0.59687
-0.12071 0.032522 0.33978 0.15165 -0.0043779 0.30693 0.023644 -0.0017433 0.40853 0.0046234 -0.0030662 0.068372 -0.054027 -0.00080166 -0.051724 0.050568 -0.00080166 -0.055112 -0.2245 -0.17702 0.21387 0.30695 -0.13726 0.1401 -0.25122 -0.40998 0.23093 0.26853 -0.36979 0.12238 -0.29537 -0.47873 0.24856 0.25345 -0.44941 0.13664 -0.095848 0.089569 -0.42859 0.076531 0.038042 -0.4421 -0.099493 0.25071 -0.72101 0.081888 0.16595 -0.75048 -0.11601 0.1729 -0.77035 0.063293 0.089407 -0.80104 0.0077805 -0.05736 0.59713
-0.12067 0.028217 0.33718 0.15116 -0.0046671 0.3065 0.023548 -0.00058923 0.40855 0.0046271 -0.0026099 0.06839 -0.05403 -0.0010834 -0.051716 0.050608 -0.0010834 -0.055069 -0.20258 -0.18906 0.20861 0.27994 -0.15748 0.13736 -0.19735 -0.42221 0.21892 0.21415 -0.38361 0.12442 -0.23998 -0.49062 0.24668 0.18513 -0.45846 0.13997 -0.096914 0.088042 -0.42876 0.076189 0.037332 -0.44213 -0.10137 0.249 -0.72127 0.080694 0.16524 -0.75052 -0.11731 0.17107 -0.7706 0.062705 0.088566 -0.8011 0.0081143 -0.055065 0.59752
-0.12056 0.023547 0.33458 0.15063 -0.005053 0.30612 0.023396 0.00036362 0.40857 0.0046197 -0.002168 0.068406 -0.05402 -0.001348 -0.051721 0.050666 -0.001348 -0.05501 -0.18134 -0.19859 0.20239 0.25105 -0.17807 0.13538 -0.144 -0.4302 0.20751 0.15869 -0.39551 0.12838 -0.18113 -0.49861 0.24278 0.11825 -0.46451 0.14657 -0.098049 0.086531 -0.42892 0.075878 0.036652 -0.44213 -0.10332 0.2473 -0.72153 0.079522 0.16455 -0.75054 -0.11868 0.16925 -0.77086 0.062144 0.087749 -0.80114 0.0084274 -0.052755 0.59796
-0.12039 0.018814 0.33228 0.15009 -0.0055072 0.30577 0.023201 0.0011153 0.4086 0.0045993 -0.0017627 0.06842 -0.053991 -0.0015802 -0.051744 0.050737 -0.0015802 -0.054939 -0.16167 -0.20494 0.19484 0.22409 -0.19436 0.13379 -0.096192 -0.43279 0.19788 0.10788 -0.40093 0.13327 -0.12205 -0.50189 0.23476 0.059595 -0.46473 0.15432 -0.099249 0.085067 -0.42909 0.075603 0.036042 -0.44212 -0.10534 0.24563 -0.72178 0.078384 0.16392 -0.75055 -0.12014 0.16748 -0.77112 0.061611 0.086996 -0.80117 0.0087045 -0.050653 0.5984
-0.1202 0.014288 0.33048 0.14955 -0.0060076 0.30548 0.022977 0.0016742 0.40861 0.0045657 -0.0014097 0.068431 -0.053943 -0.0017699 -0.051789 0.050819 -0.0017699 -0.054858 -0.14451 -0.20757 0.18571 0.20213 -0.203 0.13223 -0.058172 -0.42953 0.19072 0.066426 -0.39714 0.13823 -0.06653 -0.50015 0.22168 0.014477 -0.45775 0.16148 -0.10051 0.083678 -0.42925 0.075368 0.035534 -0.44209 -0.10743 0.24404 -0.72204 0.077287 0.16338 -0.75054 -0.12169 0.16578 -0.77137 0.061108 0.086338 -0.80117 0.0089348 -0.048918 0.59877
-0.12 0.010133 0.32911 0.14901 -0.0065542 0.3052 0.022736 0.0020766 0.40863 0.0045243 -0.0011008 0.068439 -0.05388 -0.0019242 -0.051849 0.050907 -0.0019242 -0.054771 -0.13116 -0.20653 0.17504 0.18572 -0.20534 0.13023 -0.031613 -0.42236 0.18503 0.035691 -0.38791 0.14285 -0.020338 -0.49489 0.20662 -0.016831 -0.44721 0.16759 -0.10178 0.082381 -0.4294 0.075168 0.035131 -0.44205 -0.10952 0.24252 -0.72228 0.076236 0.16293 -0.75052 -0.12328 0.16418 -0.77162 0.060633 0.085773 -0.80116 0.009124 -0.047493 0.59909
-0.11978 0.006488 0.32803 0.14847 -0.0071518 0.30494 0.02249 0.0023654 0.40865 0.0044822 -0.00082264 0.068446 -0.053812 -0.0020541 -0.051914 0.050996 -0.0020541 -0.054683 -0.12297 -0.20197 0.16294 0.17484 -0.20371 0.12733 -0.017625 -0.41376 0.17944 0.016287 -0.37839 0.14679 0.010334 -0.488 0.19357 -0.035153 -0.43785 0.17245 -0.10302 0.081187 -0.42953 0.074998 0.034829 -0.44199 -0.11155 0.24111 -0.72252 0.075235 0.16256 -0.7505 -0.12484 0.16269 -0.77186 0.060182 0.085293 -0.80113 0.0092815 -0.046274 0.59937
-0.11953 0.0034861 0.32711 0.14791 -0.0078034 0.30466 0.022251 0.0025822 0.40867 0.0044458 -0.00056253 0.06845 -0.053747 -0.00217 -0.051977 0.051081 -0.00217 -0.054599 -0.12122 -0.19409 0.14958 0.16946 -0.20035 0.12308 -0.017241 -0.4061 0.17275 0.0088122 -0.3735 0.14971 0.01958 -0.48126 0.18634 -0.04124 -0.43416 0.17588 -0.1042 0.080108 -0.42964 0.074852 0.034624 -0.44193 -0.11348 0.2398 -0.72273 0.074289 0.16226 -0.75047 -0.12633 0.16131 -0.77207 0.059756 0.08489 -0.80111 0.0094164 -0.045158 0.59964
-0.11926 0.0011245 0.32627 0.14737 -0.0084788 0.30438 0.022026 0.0027533 0.40868 0.0044165 -0.00031788 0.068454 -0.053689 -0.0022758 -0.052032 0.05116 -0.0022758 -0.05452 -0.12587 -0.18413 0.13621 0.16922 -0.19609 0.11766 -0.030185 -0.40007 0.16633 0.013588 -0.37421 0.15083 0.0063886 -0.47512 0.18641 -0.034665 -0.43676 0.17743 -0.10527 0.079159 -0.42973 0.07473 0.034502 -0.44186 -0.11525 0.23862 -0.72292 0.073407 0.16202 -0.75045 -0.1277 0.16007 -0.77226 0.059356 0.084558 -0.80109 0.0095308 -0.044111 0.59989
-0.11896 -0.00071173 0.32548 0.14686 -0.0091207 0.30412 0.021818 0.0028919 0.40869 0.0043918 -9.4496e-05 0.068456 -0.05364 -0.0023697 -0.052078 0.051232 -0.0023697 -0.054449 -0.13579 -0.17421 0.125 0.17352 -0.19058 0.11171 -0.055099 -0.39499 0.16372 0.030706 -0.37824 0.14901 -0.026198 -0.46884 0.19327 -0.014015 -0.44306 0.17646 -0.10623 0.078351 -0.42979 0.074637 0.034441 -0.4418 -0.11683 0.23758 -0.72308 0.072607 0.16184 -0.75043 -0.12891 0.15897 -0.77242 0.058991 0.084295 -0.80106 0.0096209 -0.043152 0.60012
-0.11863 -0.0021408 0.32471 0.14642 -0.0096708 0.3039 0.021631 0.0030108 0.4087 0.0043686 0.00010152 0.068458 -0.053602 -0.0024497 -0.052114 0.051296 -0.0024497 -0.054385 -0.14982 -0.16644 0.11812 0.18174 -0.18343 0.10592 -0.090587 -0.39009 0.16852 0.06025 -0.38317 0.1431 -0.075014 -0.46168 0.20638 0.022146 -0.45036 0.17233 -0.10705 0.077699 -0.42982 0.074579 0.034419 -0.44174 -0.11819 0.2367 -0.72322 0.071904 0.16172 -0.75041 -0.12996 0.15804 -0.77256 0.058669 0.084098 -0.80102 0.0096828 -0.042299 0.60032
-0.1183 -0.0032409 0.32396 0.14605 -0.010092 0.30374 0.021467 0.0031193 0.40871 0.004345 0.00026703 0.068459 -0.053576 -0.0025147 -0.052137 0.05135 -0.0025147 -0.054331 -0.16641 -0.16214 0.11671 0.19291 -0.17463 0.10082 -0.13383 -0.38487 0.18223 0.10027 -0.38703 0.13313 -0.13517 -0.45325 0.22432 0.072524 -0.45644 0.16518 -0.10775 0.077203 -0.42983 0.074556 0.034418 -0.44168 -0.11931 0.23599 -0.72334 0.071305 0.16164 -0.75038 -0.13082 0.15728 -0.77267 0.058394 0.083961 -0.80097 0.009715 -0.041566 0.60049
-0.11801 -0.0039694 0.32332 0.14576 -0.010409 0.30361 0.021324 0.0032148 0.40872 0.0043211 0.00040777 0.06846 -0.05356 -0.0025668 -0.052151 0.051398 -0.0025668 -0.054284 -0.18288 -0.16011 0.11872 0.205 -0.16535 0.09658 -0.17771 -0.37949 0.20004 0.14268 -0.38911 0.12271 -0.19662 -0.44423 0.24308 0.12759 -0.46056 0.15765 -0.10834 0.076834 -0.42983 0.074559 0.034432 -0.44163 -0.12024 0.2354 -0.72343 0.070796 0.16161 -0.75034 -0.13154 0.15666 -0.77276 0.058159 0.083868 -0.80092 0.0097224 -0.040937 0.60063
-0.11783 -0.0042609 0.32288 0.1455 -0.01066 0.3035 0.021201 0.0032931 0.40872 0.0042972 0.00053114 0.06846 -0.053551 -0.0026084 -0.052159 0.05144 -0.0026084 -0.054242 -0.19634 -0.15872 0.12149 0.21578 -0.15699 0.093267 -0.21429 -0.37425 0.21597 0.17827 -0.38892 0.1161 -0.24834 -0.43552 0.25818 0.17626 -0.46225 0.1528 -0.10885 0.076553 -0.42981 0.074578 0.034457 -0.44159 -0.12103 0.23492 -0.72351 0.070356 0.16159 -0.75031 -0.13215 0.15615 -0.77284 0.057955 0.083802 -0.80087 0.0097112 -0.040391 0.60075
-0.11783 -0.0040646 0.32273 0.14526 -0.010881 0.30339 0.021095 0.0033492 0.40873 0.004274 0.00064424 0.068461 -0.053545 -0.0026419 -0.052163 0.051479 -0.0026419 -0.054204 -0.20409 -0.15643 0.12253 0.22318 -0.15083 0.09094 -0.23611 -0.36945 0.22442 0.19838 -0.38604 0.11721 -0.27991 -0.42799 0.26547 0.20805 -0.46103 0.15349 -0.10931 0.076326 -0.42978 0.074602 0.034489 -0.44154 -0.12174 0.2345 -0.72358 0.069965 0.16158 -0.75027 -0.13271 0.15571 -0.77291 0.057773 0.083747 -0.80082 0.0096873 -0.039907 0.60086
-0.11793 -0.0035291 0.32275 0.14504 -0.011083 0.30325 0.021015 0.0033748 0.40873 0.0042523 0.0007502 0.068461 -0.053543 -0.0026686 -0.052164 0.051515 -0.0026686 -0.054168 -0.20617 -0.1533 0.12141 0.22718 -0.14659 0.089305 -0.24195 -0.36551 0.22525 0.20264 -0.38065 0.1247 -0.28934 -0.4224 0.26583 0.22067 -0.45652 0.15931 -0.10973 0.076136 -0.42976 0.074626 0.034528 -0.4415 -0.12239 0.23413 -0.72364 0.069611 0.16157 -0.75025 -0.13322 0.15532 -0.77297 0.057609 0.083697 -0.80077 0.009654 -0.039471 0.60096
-0.11793 -0.0029495 0.32264 0.14485 -0.011264 0.30312 0.02097 0.0033586 0.40874 0.0042331 0.00084925 0.068461 -0.053545 -0.0026891 -0.052161 0.051547 -0.0026891 -0.054136 -0.20463 -0.15053 0.1192 0.22929 -0.14284 0.087812 -0.23519 -0.36291 0.2223 0.19671 -0.37341 0.1334 -0.28086 -0.41939 0.26376 0.21782 -0.44837 0.1675 -0.11011 0.075983 -0.42973 0.074648 0.034575 -0.44146 -0.12298 0.23381 -0.72369 0.069285 0.16157 -0.75022 -0.13367 0.15498 -0.77301 0.057459 0.08366 -0.80074 0.009612 -0.03907 0.60105
-0.11767 -0.0026237 0.32213 0.14473 -0.011418 0.30298 0.020973 0.0032896 0.40874 0.0042172 0.00094151 0.068461 -0.05355 -0.0027039 -0.052154 0.051576 -0.0027039 -0.054108 -0.20156 -0.14936 0.11699 0.23104 -0.13813 0.08591 -0.21931 -0.36216 0.21952 0.18638 -0.36497 0.13807 -0.25879 -0.41961 0.26385 0.20332 -0.43625 0.17526 -0.11045 0.075866 -0.42969 0.074666 0.034631 -0.44143 -0.12351 0.23353 -0.72373 0.068979 0.16158 -0.7502 -0.13407 0.15468 -0.77304 0.05732 0.083639 -0.8007 0.0095625 -0.038693 0.60115
-0.11712 -0.0026216 0.3212 0.14469 -0.011547 0.30286 0.021029 0.003163 0.40873 0.0042058 0.001027 0.06846 -0.05356 -0.0027137 -0.052144 0.0516 -0.0027137 -0.054084 -0.19833 -0.15034 0.11562 0.23331 -0.13172 0.083272 -0.19715 -0.36308 0.21917 0.17564 -0.3558 0.13562 -0.22678 -0.42279 0.26809 0.18061 -0.42039 0.18028 -0.11075 0.075782 -0.42965 0.074681 0.034696 -0.4414 -0.12399 0.23331 -0.72376 0.068688 0.16161 -0.75018 -0.13442 0.15442 -0.77306 0.057189 0.083639 -0.80067 0.0095072 -0.038329 0.60124
-0.1167 -0.0024152 0.3206 0.14469 -0.011666 0.30274 0.02113 0.002992 0.40873 0.0041995 0.0011053 0.068459 -0.053572 -0.0027196 -0.052132 0.051619 -0.0027196 -0.054066 -0.19443 -0.15227 0.11514 0.2353 -0.12474 0.080175 -0.16985 -0.36379 0.21911 0.16369 -0.34582 0.12865 -0.18662 -0.42625 0.27166 0.15205 -0.40248 0.18164 -0.11102 0.075723 -0.42961 0.074699 0.034766 -0.44137 -0.12442 0.23311 -0.72378 0.068416 0.16165 -0.75016 -0.13474 0.15421 -0.77308 0.057059 0.083652 -0.80064 0.0094509 -0.037982 0.60134
-0.11691 -0.0013794 0.32118 0.14471 -0.011796 0.30259 0.021262 0.0027923 0.40872 0.0041993 0.0011759 0.068458 -0.053581 -0.0027228 -0.052122 0.051634 -0.0027228 -0.054052 -0.18901 -0.15361 0.1155 0.23593 -0.11859 0.076993 -0.13827 -0.36213 0.21647 0.14898 -0.3349 0.12069 -0.13982 -0.42691 0.26862 0.11986 -0.38443 0.17861 -0.11128 0.075678 -0.42957 0.074727 0.034838 -0.44135 -0.12482 0.23295 -0.7238 0.068167 0.16169 -0.75014 -0.13506 0.15404 -0.7731 0.056924 0.083669 -0.80061 0.0093986 -0.037654 0.60143
-0.11816 0.0010322 0.32368 0.14472 -0.011952 0.30241 0.021416 0.0025792 0.40871 0.0042057 0.0012385 0.068457 -0.053588 -0.0027244 -0.052115 0.051643 -0.0027244 -0.054043 -0.18139 -0.15295 0.11658 0.23424 -0.11459 0.074077 -0.10356 -0.35615 0.20871 0.13026 -0.32301 0.115 -0.088283 -0.42203 0.25375 0.086371 -0.36819 0.17066 -0.11155 0.075637 -0.42953 0.074771 0.034907 -0.44133 -0.12522 0.2328 -0.72381 0.067946 0.16173 -0.75013 -0.1354 0.15393 -0.77315 0.056779 0.083683 -0.80057 0.0093553 -0.037346 0.60152
-0.12014 0.0044528 0.32754 0.14472 -0.012121 0.30219 0.021583 0.0023612 0.40871 0.0042178 0.0012948 0.068455 -0.053591 -0.0027238 -0.052112 0.051647 -0.0027238 -0.054039 -0.17261 -0.1496 0.11754 0.23063 -0.11265 0.071553 -0.070091 -0.34649 0.19671 0.10988 -0.31148 0.1119 -0.038814 -0.41238 0.23019 0.0558 -0.35561 0.15927 -0.11183 0.075599 -0.42949 0.074827 0.034981 -0.44132 -0.12561 0.23267 -0.72382 0.067745 0.16178 -0.75012 -0.13577 0.15383 -0.7732 0.056625 0.083701 -0.80053 0.0093251 -0.037058 0.60161
-0.12208 0.0079263 0.33134 0.14471 -0.012274 0.30196 0.021759 0.0021427 0.4087 0.0042332 0.001348 0.068453 -0.053594 -0.0027196 -0.052109 0.051646 -0.0027196 -0.05404 -0.16479 -0.14341 0.11704 0.22635 -0.11181 0.069396 -0.044312 -0.33547 0.18358 0.092488 -0.30253 0.10978 -0.0013649 -0.40103 0.20642 0.03354 -0.34855 0.14721 -0.11211 0.075564 -0.42946 0.074885 0.035069 -0.44131 -0.126 0.23255 -0.72382 0.067548 0.16184 -0.75012 -0.13614 0.1537 -0.77319 0.05647 0.083737 -0.80049 0.0093113 -0.036782 0.60169
-0.12317 0.010489 0.33363 0.1447 -0.012378 0.30172 0.021941 0.001928 0.40869 0.0042498 0.0014011 0.068451 -0.0536 -0.0027102 -0.052103 0.051641 -0.0027102 -0.054045 -0.16008 -0.13421 0.11378 0.22269 -0.1111 0.067579 -0.032695 -0.32541 0.17245 0.08278 -0.29841 0.107 0.014084 -0.39108 0.19102 0.024991 -0.34884 0.13727 -0.11239 0.075535 -0.42942 0.074938 0.035184 -0.4413 -0.1264 0.23245 -0.72382 0.067341 0.16194 -0.75011 -0.13649 0.1535 -0.77309 0.056321 0.083804 -0.80045 0.0093172 -0.036514 0.60176
-0.12301 0.011614 0.33367 0.14471 -0.012416 0.30148 0.022125 0.0017201 0.40868 0.0042662 0.0014557 0.068449 -0.053612 -0.002695 -0.052092 0.051631 -0.002695 -0.054056 -0.15967 -0.12226 0.10733 0.22065 -0.10986 0.066134 -0.038372 -0.31771 0.16518 0.083548 -0.30007 0.10278 0.0028958 -0.38436 0.18831 0.03222 -0.35658 0.13111 -0.11265 0.075514 -0.42937 0.074979 0.035331 -0.44129 -0.12681 0.23237 -0.7238 0.067114 0.16207 -0.7501 -0.13681 0.15324 -0.7729 0.056181 0.083911 -0.80043 0.0093437 -0.03625 0.60183
-0.12203 0.011777 0.33227 0.14473 -0.0124 0.30126 0.022307 0.0015197 0.40866 0.0042826 0.0015101 0.068446 -0.053626 -0.0026762 -0.052078 0.051618 -0.0026762 -0.054069 -0.16258 -0.10869 0.099272 0.22062 -0.10819 0.065219 -0.056818 -0.31155 0.1607 0.093234 -0.30551 0.098367 -0.027323 -0.37976 0.19287 0.049652 -0.36785 0.12778 -0.11291 0.07551 -0.42933 0.075013 0.035496 -0.44129 -0.12719 0.23232 -0.72377 0.066875 0.16222 -0.7501 -0.13711 0.15308 -0.77279 0.056043 0.084042 -0.80041 0.0093861 -0.035994 0.6019
-0.12081 0.011595 0.33043 0.14476 -0.012347 0.30106 0.022483 0.001327 0.40865 0.0042997 0.0015623 0.068444 -0.053641 -0.0026561 -0.052064 0.051603 -0.0026561 -0.054084 -0.16755 -0.094786 0.091505 0.22291 -0.10628 0.065012 -0.082441 -0.30584 0.15751 0.10968 -0.31233 0.095258 -0.067256 -0.3758 0.19792 0.070646 -0.3782 0.12598 -0.11313 0.075531 -0.42928 0.075045 0.035666 -0.44129 -0.12754 0.2323 -0.72374 0.066633 0.16239 -0.75009 -0.1374 0.15323 -0.77291 0.055897 0.084185 -0.80039 0.009439 -0.03575 0.60197
-0.11987 0.011637 0.3291 0.14481 -0.012272 0.30088 0.022652 0.0011417 0.40864 0.0043179 0.0016101 0.068442 -0.053654 -0.0026367 -0.052052 0.051587 -0.0026367 -0.054101 -0.1734 -0.081732 0.085771 0.22777 -0.10432 0.065688 -0.10995 -0.29955 0.15424 0.13072 -0.31831 0.094778 -0.10812 -0.37103 0.19733 0.089213 -0.38364 0.12451 -0.11333 0.075584 -0.42923 0.075081 0.035829 -0.44129 -0.12781 0.23233 -0.7237 0.0664 0.16254 -0.75009 -0.13769 0.1538 -0.7734 0.055736 0.084324 -0.80038 0.0094973 -0.035522 0.60203
-0.11931 0.012009 0.32845 0.14488 -0.012182 0.30072 0.022816 0.00095754 0.40863 0.0043376 0.0016527 0.06844 -0.053664 -0.0026182 -0.052042 0.05157 -0.0026182 -0.054118 -0.17991 -0.069725 0.082441 0.23499 -0.10238 0.067393 -0.13695 -0.29235 0.15074 0.15429 -0.32278 0.096434 -0.14638 -0.36484 0.19112 0.10574 -0.38485 0.12312 -0.11351 0.075669 -0.42918 0.075121 0.035979 -0.44129 -0.12802 0.2324 -0.72365 0.066198 0.1627 -0.75008 -0.13795 0.15444 -0.7739 0.055584 0.084464 -0.80035 0.0095583 -0.03531 0.60208
-0.11897 0.012554 0.32823 0.14496 -0.012079 0.30059 0.02298 0.00076466 0.40862 0.0043589 0.0016903 0.068437 -0.053674 -0.0025993 -0.052032 0.051553 -0.0025993 -0.054135 -0.18745 -0.058411 0.081109 0.24413 -0.10047 0.070259 -0.16273 -0.28433 0.14753 0.17834 -0.32597 0.098707 -0.18149 -0.35707 0.18285 0.12424 -0.38512 0.12211 -0.11365 0.075779 -0.42913 0.075164 0.036121 -0.44129 -0.12818 0.2325 -0.72361 0.066059 0.16287 -0.75006 -0.13808 0.15445 -0.77377 0.055482 0.084619 -0.80032 0.0096208 -0.035114 0.60214
-0.11871 0.013114 0.32815 0.14507 -0.011964 0.30047 0.023152 0.00055332 0.40861 0.0043821 0.0017226 0.068435 -0.053683 -0.0025788 -0.052024 0.051536 -0.0025788 -0.054152 -0.19635 -0.047428 0.081358 0.2547 -0.098599 0.074417 -0.18657 -0.27558 0.14517 0.20086 -0.32814 0.10007 -0.21291 -0.34756 0.1761 0.14875 -0.3878 0.12182 -0.11378 0.075908 -0.42908 0.075208 0.036255 -0.44129 -0.1283 0.23263 -0.72356 0.066014 0.16307 -0.75003 -0.13803 0.15318 -0.77238 0.055468 0.084803 -0.80027 0.0096837 -0.034932 0.60219
-0.11842 0.013591 0.32806 0.1452 -0.011837 0.30036 0.023333 0.00031805 0.4086 0.0044073 0.001749 0.068433 -0.053693 -0.0025562 -0.052015 0.051519 -0.0025562 -0.05417 -0.20651 -0.036736 0.082781 0.26595 -0.096819 0.079645 -0.20838 -0.26628 0.144 0.22091 -0.32946 0.099923 -0.24079 -0.33647 0.17301 0.1809 -0.39419 0.1225 -0.11389 0.076052 -0.42903 0.075254 0.036383 -0.44129 -0.12839 0.23277 -0.72351 0.066069 0.16331 -0.74999 -0.13784 0.15093 -0.77004 0.055554 0.085017 -0.8002 0.0097459 -0.034765 0.60225
-0.11812 0.014009 0.32796 0.14536 -0.011696 0.30026 0.023523 6.1874e-05 0.40859 0.0044348 0.0017675 0.068431 -0.053702 -0.0025319 -0.052007 0.051502 -0.0025319 -0.054187 -0.21687 -0.026931 0.084985 0.27651 -0.095264 0.08502 -0.22923 -0.25677 0.14407 0.23974 -0.32997 0.099511 -0.26661 -0.32458 0.17278 0.21752 -0.40161 0.12437 -0.11398 0.076212 -0.42898 0.075307 0.036502 -0.4413 -0.12844 0.23294 -0.72346 0.066183 0.16355 -0.74995 -0.13777 0.14995 -0.76889 0.055692 0.085237 -0.80013 0.0098068 -0.034611 0.6023
-0.11782 0.014405 0.3279 0.14554 -0.011536 0.30019 0.023717 -0.00021112 0.40857 0.0044647 0.0017758 0.068428 -0.053712 -0.0025064 -0.051998 0.051486 -0.0025064 -0.054203 -0.22628 -0.018683 0.087577 0.28494 -0.09408 0.089539 -0.25034 -0.24744 0.14535 0.25888 -0.32971 0.10031 -0.292 -0.31271 0.17427 0.25485 -0.40686 0.1276 -0.11405 0.076392 -0.42893 0.075371 0.036611 -0.4413 -0.12844 0.23312 -0.72341 0.06631 0.16376 -0.74991 -0.13812 0.15272 -0.77131 0.055829 0.085435 -0.80007 0.0098659 -0.034472 0.60235
-0.11756 0.014813 0.32789 0.14575 -0.011353 0.30014 0.023912 -0.0004965 0.40856 0.0044972 0.0017721 0.068426 -0.053722 -0.0024803 -0.051989 0.05147 -0.0024803 -0.05422 -0.23372 -0.012537 0.090204 0.29001 -0.093389 0.09233 -0.27266 -0.23863 0.14779 0.2795 -0.32874 0.10359 -0.31822 -0.30167 0.17644 0.28933 -0.40721 0.13236 -0.11408 0.076593 -0.42888 0.075451 0.036708 -0.4413 -0.1284 0.23334 -0.72336 0.066408 0.16393 -0.74988 -0.13913 0.16136 -0.77925 0.055916 0.085588 -0.80002 0.0099224 -0.034346 0.6024
-0.11733 0.015234 0.32795 0.14597 -0.011154 0.30011 0.024104 -0.00078666 0.40855 0.0045315 0.0017575 0.068424 -0.053731 -0.0024542 -0.051981 0.051454 -0.0024542 -0.054236 -0.23948 -0.0079559 0.092815 0.29231 -0.093107 0.093661 -0.29472 -0.23035 0.15106 0.30009 -0.32747 0.10909 -0.3434 -0.29171 0.17892 0.31906 -0.40376 0.13843 -0.11409 0.076812 -0.42883 0.075545 0.036793 -0.44131 -0.12831 0.23357 -0.7233 0.066476 0.16405 -0.74987 -0.14055 0.1748 -0.79098 0.055954 0.085701 -0.8 0.0099758 -0.034235 0.60245
-0.11713 0.015652 0.32806 0.14619 -0.010946 0.3001 0.024287 -0.0010724 0.40854 0.0045668 0.0017346 0.068423 -0.053741 -0.0024284 -0.051972 0.051437 -0.0024284 -0.054252 -0.24449 -0.0038683 0.095512 0.29329 -0.093049 0.094368 -0.31388 -0.22246 0.15469 0.31778 -0.3265 0.11575 -0.36416 -0.28285 0.1817 0.34295 -0.39953 0.14546 -0.11408 0.077044 -0.42878 0.075648 0.036869 -0.44131 -0.12819 0.23382 -0.72325 0.066532 0.16414 -0.74987 -0.14191 0.19043 -0.80299 0.055969 0.085792 -0.79998 0.010025 -0.034135 0.60249
-0.11697 0.016049 0.3282 0.14641 -0.010737 0.3001 0.024456 -0.0013446 0.40852 0.0046019 0.0017061 0.068421 -0.05375 -0.0024034 -0.051963 0.051421 -0.0024034 -0.05427 -0.24968 0.00078764 0.098394 0.29442 -0.093029 0.095282 -0.32748 -0.21485 0.15819 0.32971 -0.32641 0.1225 -0.37708 -0.2751 0.18476 0.35991 -0.39751 0.15307 -0.11406 0.077282 -0.42874 0.075755 0.036937 -0.44132 -0.12804 0.23408 -0.7232 0.066597 0.16423 -0.74986 -0.14272 0.20559 -0.81174 0.055985 0.085883 -0.79996 0.01007 -0.034048 0.60253
-0.11682 0.016414 0.32834 0.14661 -0.010525 0.30011 0.024609 -0.0015945 0.40851 0.004636 0.0016744 0.06842 -0.053759 -0.0023795 -0.051955 0.051403 -0.0023795 -0.054287 -0.25483 0.0057769 0.10116 0.29631 -0.092873 0.096665 -0.33332 -0.20863 0.16108 0.33357 -0.32718 0.12801 -0.37988 -0.26958 0.18828 0.36764 -0.39868 0.16001 -0.11403 0.077521 -0.42869 0.075863 0.036999 -0.44132 -0.12788 0.23435 -0.72314 0.06668 0.16433 -0.74985 -0.14278 0.21884 -0.81557 0.056016 0.085981 -0.79994 0.010111 -0.03397 0.60257
-0.11668 0.016742 0.32844 0.14681 -0.010287 0.30013 0.024746 -0.0018137 0.4085 0.0046693 0.0016412 0.068418 -0.053768 -0.0023568 -0.051947 0.051387 -0.0023568 -0.054303 -0.25769 0.0085799 0.10279 0.29808 -0.092426 0.097766 -0.33 -0.20713 0.16286 0.32811 -0.3277 0.13049 -0.37224 -0.26931 0.19272 0.36174 -0.40042 0.16345 -0.11399 0.077757 -0.42864 0.075968 0.037057 -0.44133 -0.12772 0.23461 -0.72309 0.06677 0.16444 -0.74984 -0.14238 0.23074 -0.81609 0.056055 0.086084 -0.79991 0.010149 -0.033899 0.6026
-0.11651 0.017026 0.32846 0.14699 -0.009999 0.30015 0.024869 -0.0019944 0.4085 0.0047016 0.0016082 0.068417 -0.053775 -0.0023354 -0.051941 0.051374 -0.0023354 -0.054317 -0.25582 0.0064445 0.1022 0.29869 -0.091537 0.097733 -0.31621 -0.21389 0.163 0.31218 -0.32674 0.12808 -0.35404 -0.27754 0.19858 0.3376 -0.39976 0.16044 -0.11392 0.077984 -0.4286 0.076067 0.037112 -0.44133 -0.12754 0.23487 -0.72304 0.066857 0.16453 -0.74982 -0.14188 0.24208 -0.81522 0.05609 0.086183 -0.79988 0.010189 -0.033833 0.60262
-0.1163 0.017264 0.32837 0.14717 -0.0096432 0.30018 0.02498 -0.0021299 0.40849 0.0047329 0.0015773 0.068415 -0.05378 -0.0023154 -0.051936 0.051364 -0.0023154 -0.054327 -0.24721 -0.0028833 0.098597 0.29715 -0.090127 0.095832 -0.29076 -0.2313 0.161 0.28517 -0.32329 0.11946 -0.32491 -0.29623 0.20586 0.29205 -0.39418 0.14881 -0.11382 0.078197 -0.42857 0.076158 0.037167 -0.44133 -0.12737 0.23513 -0.72299 0.066931 0.16462 -0.74981 -0.14157 0.25323 -0.81467 0.056112 0.086273 -0.79986 0.010232 -0.033768 0.60264
-0.11608 0.01746 0.32822 0.14733 -0.0092452 0.30022 0.02508 -0.002225 0.40848 0.0047625 0.0015517 0.068414 -0.053786 -0.0022964 -0.051931 0.051354 -0.0022964 -0.054337 -0.2329 -0.018086 0.093188 0.29299 -0.088642 0.092179 -0.2534 -0.25355 0.15644 0.25045 -0.31779 0.10696 -0.28247 -0.31853 0.21085 0.23249 -0.38448 0.13215 -0.11371 0.078398 -0.42855 0.076244 0.03722 -0.44133 -0.12719 0.23538 -0.72294 0.066992 0.1647 -0.7498 -0.14139 0.26147 -0.81443 0.056123 0.086353 -0.79984 0.010288 -0.033685 0.60266
-0.11589 0.017626 0.32809 0.14747 -0.0088495 0.30024 0.02517 -0.0022896 0.40848 0.0047895 0.0015348 0.068412 -0.053792 -0.0022781 -0.051925 0.051339 -0.0022781 -0.054353 -0.21527 -0.036288 0.088072 0.28592 -0.087758 0.087258 -0.20427 -0.27122 0.14889 0.21313 -0.3113 0.094551 -0.22348 -0.33368 0.20825 0.17091 -0.37288 0.11655 -0.11359 0.078585 -0.42853 0.076327 0.037269 -0.44134 -0.12702 0.23562 -0.72289 0.067046 0.16477 -0.74979 -0.14114 0.26276 -0.81379 0.056128 0.086426 -0.79983 0.010367 -0.033563 0.60269
-0.11577 0.01777 0.32808 0.14759 -0.0085006 0.30024 0.025253 -0.0023333 0.40847 0.0048127 0.0015304 0.068411 -0.053803 -0.00226 -0.051915 0.051312 -0.00226 -0.054379 -0.1967 -0.054622 0.085326 0.27569 -0.088142 0.081559 -0.14358 -0.27498 0.13797 0.17825 -0.30491 0.086151 -0.14483 -0.33105 0.19282 0.11922 -0.36163 0.10803 -0.11349 0.078761 -0.4285 0.076414 0.03731 -0.44135 -0.12686 0.23586 -0.72283 0.067097 0.16484 -0.7498 -0.14059 0.25312 -0.812 0.056132 0.086494 -0.79982 0.01048 -0.033378 0.60272
-0.11576 0.017898 0.32822 0.14767 -0.0082162 0.30023 0.025328 -0.0023629 0.40847 0.004832 0.0015388 0.068409 -0.053817 -0.0022414 -0.051902 0.051272 -0.0022414 -0.054417 -0.17906 -0.071077 0.085741 0.26292 -0.089917 0.075634 -0.074867 -0.26191 0.12449 0.14857 -0.29909 0.083005 -0.050306 -0.30793 0.16478 0.083119 -0.35216 0.10784 -0.11342 0.078925 -0.42847 0.076504 0.037346 -0.44138 -0.12671 0.23608 -0.72278 0.067146 0.16491 -0.74981 -0.13968 0.23271 -0.8088 0.056137 0.086559 -0.79982 0.010625 -0.033128 0.60276
-0.11579 0.018007 0.32842 0.14772 -0.0079725 0.30019 0.025396 -0.0023809 0.40846 0.0048483 0.0015564 0.068408 -0.053833 -0.0022212 -0.051886 0.051224 -0.0022212 -0.054462 -0.16345 -0.084975 0.088108 0.24959 -0.092358 0.070136 -0.0068362 -0.23899 0.1111 0.12317 -0.29347 0.082217 0.04562 -0.27391 0.13282 0.058752 -0.34472 0.10983 -0.11336 0.079076 -0.42844 0.076594 0.037382 -0.44141 -0.12657 0.23628 -0.72272 0.067186 0.16498 -0.74983 -0.1386 0.20806 -0.80461 0.056138 0.086628 -0.79983 0.010784 -0.032844 0.60281
-0.11583 0.018097 0.32863 0.14776 -0.0077425 0.30015 0.025457 -0.0023891 0.40846 0.0048626 0.0015788 0.068406 -0.053848 -0.0021983 -0.051871 0.051173 -0.0021983 -0.054512 -0.15089 -0.095752 0.091049 0.23781 -0.09467 0.065726 0.05136 -0.21406 0.10061 0.10087 -0.28757 0.080531 0.12755 -0.23963 0.1063 0.04142 -0.33945 0.10721 -0.11332 0.079213 -0.42841 0.076679 0.037423 -0.44145 -0.12646 0.23647 -0.72266 0.067211 0.16506 -0.74985 -0.13753 0.18629 -0.79993 0.056132 0.086704 -0.79983 0.010933 -0.032556 0.60286
-0.11585 0.018167 0.32876 0.14778 -0.0075027 0.3001 0.025513 -0.0023896 0.40845 0.0048757 0.0016021 0.068405 -0.053862 -0.0021718 -0.051857 0.051123 -0.0021718 -0.05456 -0.14227 -0.10287 0.093299 0.22939 -0.096137 0.062926 0.091209 -0.19447 0.095284 0.081045 -0.2812 0.075054 0.18141 -0.21499 0.09309 0.02728 -0.3365 0.0944 -0.11328 0.079334 -0.42838 0.076758 0.037476 -0.44149 -0.12636 0.23664 -0.72261 0.067215 0.16515 -0.74987 -0.13662 0.17333 -0.79516 0.056116 0.086792 -0.79984 0.011057 -0.032292 0.6029
-0.11583 0.018224 0.32883 0.1478 -0.0072534 0.30005 0.025564 -0.0023846 0.40845 0.0048883 0.001625 0.068403 -0.053874 -0.0021435 -0.051847 0.051076 -0.0021435 -0.054605 -0.13753 -0.10593 0.0943 0.22414 -0.096553 0.061386 0.10814 -0.18471 0.093998 0.066689 -0.27576 0.065114 0.20135 -0.20543 0.091486 0.017758 -0.33628 0.073162 -0.11324 0.079442 -0.42836 0.076831 0.037538 -0.44152 -0.12628 0.2368 -0.72257 0.067197 0.16525 -0.74988 -0.13581 0.16786 -0.7902 0.056087 0.086885 -0.79984 0.01116 -0.03205 0.60294
-0.11579 0.018279 0.32886 0.14782 -0.0070038 0.3 0.025614 -0.0023764 0.40844 0.0049011 0.001647 0.068402 -0.053883 -0.0021156 -0.051838 0.051033 -0.0021156 -0.054646 -0.1363 -0.1046 0.093765 0.22118 -0.095902 0.060428 0.099099 -0.18814 0.094324 0.062178 -0.27329 0.05089 0.18465 -0.21463 0.096164 0.016287 -0.33926 0.048076 -0.1132 0.079536 -0.42835 0.076904 0.037606 -0.44155 -0.12622 0.23694 -0.72253 0.067162 0.16535 -0.7499 -0.13495 0.16578 -0.78475 0.056045 0.086973 -0.79984 0.011261 -0.031816 0.60297
-0.11574 0.018342 0.32888 0.14783 -0.0067628 0.29994 0.025665 -0.0023674 0.40844 0.0049145 0.0016677 0.0684 -0.053891 -0.0020905 -0.051831 0.050995 -0.0020905 -0.054683 -0.13818 -0.09856 0.091417 0.21961 -0.094168 0.059381 0.061177 -0.208 0.093871 0.071792 -0.27576 0.032603 0.12881 -0.2461 0.10184 0.026253 -0.34588 0.023707 -0.11316 0.079619 -0.42833 0.076981 0.037676 -0.44158 -0.12615 0.23707 -0.72249 0.06711 0.16543 -0.74991 -0.13388 0.16307 -0.77853 0.055988 0.087047 -0.79985 0.011374 -0.031577 0.60301
-0.1157 0.018419 0.3289 0.14784 -0.0065349 0.29988 0.025718 -0.0023594 0.40844 0.0049286 0.0016867 0.068399 -0.053897 -0.002069 -0.051826 0.050962 -0.002069 -0.054714 -0.14267 -0.088361 0.087529 0.21933 -0.09132 0.058121 -0.0013853 -0.24098 0.091841 0.095625 -0.28292 0.012287 0.040418 -0.29471 0.10569 0.048851 -0.35525 0.003693 -0.11312 0.079694 -0.42833 0.077062 0.037743 -0.4416 -0.12609 0.23719 -0.72246 0.067056 0.16549 -0.74993 -0.13278 0.15866 -0.77239 0.055927 0.087107 -0.79985 0.011503 -0.03133 0.60305
-0.11565 0.018508 0.32893 0.14785 -0.0063173 0.29982 0.025771 -0.0023534 0.40843 0.004943 0.0017036 0.068397 -0.053902 -0.0020498 -0.051821 0.050934 -0.0020498 -0.054741 -0.14916 -0.075719 0.083122 0.22131 -0.0873 0.05726 -0.074609 -0.27488 0.08961 0.12805 -0.29143 -0.0055476 -0.061538 -0.34353 0.1082 0.082286 -0.36472 -0.0095849 -0.11307 0.079764 -0.42832 0.077146 0.037806 -0.44161 -0.12601 0.2373 -0.72243 0.067027 0.16556 -0.74994 -0.13222 0.15551 -0.76868 0.055887 0.087166 -0.79985 0.011634 -0.03109 0.60308
-0.1156 0.018605 0.32896 0.14786 -0.0061071 0.29976 0.025823 -0.0023505 0.40843 0.004957 0.0017181 0.068396 -0.053907 -0.0020314 -0.051817 0.050909 -0.0020314 -0.054765 -0.157 -0.062435 0.079268 0.22659 -0.082051 0.057468 -0.14381 -0.29686 0.088711 0.16301 -0.29776 -0.016211 -0.15716 -0.37477 0.1101 0.12455 -0.37147 -0.013838 -0.11302 0.079835 -0.42831 0.077229 0.037862 -0.44162 -0.12593 0.23742 -0.7224 0.067048 0.16564 -0.74994 -0.13282 0.15685 -0.76986 0.055895 0.08724 -0.79984 0.011752 -0.030872 0.60312
-0.11556 0.01871 0.32899 0.14787 -0.0059021 0.29971 0.025872 -0.0023515 0.40842 0.0049703 0.0017298 0.068395 -0.053912 -0.0020126 -0.051812 0.050886 -0.0020126 -0.054787 -0.16566 -0.050032 0.076886 0.23576 -0.075683 0.05923 -0.19668 -0.29689 0.090284 0.19526 -0.29911 -0.016176 -0.22974 -0.37471 0.11196 0.17313 -0.37335 -0.007681 -0.11297 0.079909 -0.4283 0.077309 0.037908 -0.44164 -0.12582 0.23754 -0.72237 0.067141 0.16575 -0.74993 -0.13501 0.16514 -0.77761 0.05597 0.087339 -0.79981 0.011844 -0.030688 0.60314
-0.11552 0.01882 0.32903 0.14788 -0.0057046 0.29965 0.025917 -0.0023555 0.40842 0.0049828 0.0017393 0.068394 -0.053918 -0.0019932 -0.051807 0.050864 -0.0019932 -0.054808 -0.17499 -0.038529 0.076059 0.24707 -0.069217 0.06207 -0.23354 -0.28005 0.093361 0.22364 -0.29678 -0.0081087 -0.27941 -0.35124 0.11341 0.22297 -0.37161 0.005446 -0.11291 0.079986 -0.42829 0.077386 0.037947 -0.44165 -0.1257 0.23767 -0.72234 0.067282 0.16587 -0.74991 -0.1382 0.17855 -0.78946 0.05609 0.087453 -0.79977 0.011914 -0.030534 0.60316
-0.11548 0.018933 0.32906 0.14789 -0.0055183 0.29961 0.02596 -0.0023613 0.40842 0.0049949 0.0017473 0.068392 -0.053923 -0.0019732 -0.051802 0.050844 -0.0019732 -0.054827 -0.18501 -0.027448 0.076592 0.25797 -0.063972 0.065193 -0.25892 -0.2564 0.09628 0.24841 -0.29338 0.0032687 -0.31196 -0.31942 0.11377 0.2681 -0.36867 0.020504 -0.11286 0.080065 -0.42829 0.07746 0.037978 -0.44166 -0.12557 0.23779 -0.72231 0.067434 0.16599 -0.74988 -0.14146 0.19386 -0.80153 0.056218 0.087564 -0.79973 0.011969 -0.030402 0.60318
-0.11544 0.019048 0.32909 0.14789 -0.0053468 0.29956 0.026 -0.0023678 0.40841 0.0050068 0.0017544 0.068391 -0.053929 -0.0019527 -0.051797 0.050825 -0.0019527 -0.054846 -0.19572 -0.016322 0.078292 0.26596 -0.06122 0.067816 -0.27731 -0.23583 0.097428 0.26982 -0.29148 0.013318 -0.33314 -0.294 0.11242 0.30274 -0.36684 0.03255 -0.1128 0.080143 -0.42828 0.077532 0.038004 -0.44167 -0.12544 0.23792 -0.72228 0.067561 0.16608 -0.74987 -0.1439 0.2079 -0.81004 0.056318 0.087653 -0.7997 0.012017 -0.030284 0.6032
-0.1154 0.019169 0.32913 0.1479 -0.005192 0.29952 0.026037 -0.0023749 0.40841 0.0050186 0.001761 0.06839 -0.053934 -0.0019312 -0.051792 0.050806 -0.0019312 -0.054864 -0.20693 -0.0050887 0.081002 0.27026 -0.060589 0.06954 -0.29247 -0.22213 0.096974 0.28857 -0.29122 0.020182 -0.34816 -0.28024 0.11022 0.32606 -0.3661 0.039918 -0.11274 0.080222 -0.42827 0.077602 0.038025 -0.44168 -0.1253 0.23805 -0.72225 0.067651 0.16615 -0.74986 -0.14517 0.21927 -0.8137 0.056378 0.087713 -0.79969 0.012059 -0.030175 0.60321
-0.11537 0.019304 0.32917 0.1479 -0.0050534 0.29948 0.026071 -0.0023841 0.40841 0.0050299 0.0017667 0.068389 -0.05394 -0.0019074 -0.051787 0.050787 -0.0019074 -0.054883 -0.21819 0.0058259 0.084605 0.27217 -0.059729 0.070437 -0.30725 -0.21173 0.097231 0.30596 -0.28981 0.02536 -0.36162 -0.27191 0.1099 0.34321 -0.36353 0.044889 -0.11268 0.080307 -0.42826 0.077668 0.03804 -0.4417 -0.12515 0.23818 -0.72222 0.067721 0.16618 -0.74987 -0.14565 0.22877 -0.81422 0.056413 0.087749 -0.79968 0.012096 -0.030077 0.60322
-0.11534 0.019466 0.32921 0.1479 -0.0049305 0.29944 0.0261 -0.0023969 0.40841 0.0050406 0.0017711 0.068389 -0.053947 -0.0018798 -0.051781 0.050768 -0.0018798 -0.054901 -0.22903 0.015967 0.088989 0.27309 -0.056173 0.070605 -0.32445 -0.20063 0.10064 0.3233 -0.28431 0.030549 -0.37808 -0.26208 0.11424 0.35971 -0.35608 0.049977 -0.11261 0.080402 -0.42825 0.077732 0.038048 -0.44171 -0.12498 0.23832 -0.72219 0.06779 0.1662 -0.74988 -0.14571 0.2373 -0.81349 0.05644 0.087765 -0.79968 0.012125 -0.029993 0.60323
-0.11531 0.019661 0.32927 0.1479 -0.004822 0.2994 0.026126 -0.0024148 0.40841 0.0050503 0.001774 0.068388 -0.053954 -0.0018472 -0.051775 0.050748 -0.0018472 -0.054921 -0.23903 0.024948 0.093994 0.27423 -0.048124 0.070163 -0.34599 -0.18576 0.10898 0.3415 -0.27262 0.037122 -0.40081 -0.2454 0.12525 0.37984 -0.3416 0.057246 -0.11253 0.080514 -0.42824 0.077793 0.038049 -0.44173 -0.12479 0.23847 -0.72217 0.067873 0.1662 -0.7499 -0.1457 0.24536 -0.81308 0.056473 0.087766 -0.79969 0.012145 -0.029924 0.60324
-0.11529 0.019891 0.32934 0.1479 -0.0047236 0.29937 0.026148 -0.0024377 0.4084 0.0050594 0.0017751 0.068387 -0.053961 -0.0018095 -0.051768 0.050728 -0.0018095 -0.054941 -0.2479 0.032693 0.099256 0.27567 -0.036888 0.069345 -0.36967 -0.16845 0.12101 0.35969 -0.25654 0.04496 -0.42724 -0.22375 0.14114 0.40223 -0.32226 0.066673 -0.11245 0.080641 -0.42823 0.077852 0.038042 -0.44175 -0.12457 0.23862 -0.72215 0.067974 0.16618 -0.74992 -0.14561 0.25162 -0.81295 0.056515 0.087754 -0.79971 0.012155 -0.02987 0.60325
-0.11527 0.020153 0.32941 0.14789 -0.0046299 0.29934 0.026167 -0.0024652 0.4084 0.0050679 0.0017742 0.068386 -0.05397 -0.0017664 -0.05176 0.050706 -0.0017664 -0.054962 -0.25544 0.039217 0.10435 0.27722 -0.024664 0.068414 -0.39213 -0.15128 0.13462 0.37645 -0.23902 0.053515 -0.45308 -0.20111 0.15901 0.42387 -0.30147 0.077633 -0.11235 0.080783 -0.42822 0.07791 0.038028 -0.44177 -0.12433 0.23878 -0.72213 0.06809 0.16615 -0.74995 -0.14536 0.25418 -0.81261 0.056565 0.08773 -0.79973 0.012157 -0.029831 0.60326
-0.11525 0.020445 0.3295 0.14789 -0.0045355 0.29931 0.026184 -0.0024968 0.4084 0.0050762 0.0017712 0.068386 -0.053981 -0.0017179 -0.051751 0.050684 -0.0017179 -0.054984 -0.26141 0.044533 0.10884 0.27866 -0.01365 0.067634 -0.41 -0.13684 0.14768 0.39036 -0.223 0.062234 -0.47407 -0.18145 0.176 0.44178 -0.28263 0.089503 -0.11224 0.080939 -0.42821 0.077968 0.038005 -0.44179 -0.12406 0.23895 -0.72211 0.06822 0.16611 -0.74999 -0.14485 0.25115 -0.81156 0.05662 0.087695 -0.79976 0.012153 -0.029806 0.60326
-0.11523 0.020764 0.32959 0.14789 -0.0044352 0.29929 0.0262 -0.0025324 0.4084 0.0050844 0.0017659 0.068385 -0.053993 -0.0016641 -0.05174 0.05066 -0.0016641 -0.055008 -0.2656 0.048658 0.11231 0.27979 -0.0060456 0.067268 -0.41991 -0.1277 0.15808 0.40001 -0.21142 0.070569 -0.48593 -0.16874 0.18922 0.45293 -0.26915 0.10166 -0.11212 0.081107 -0.42819 0.078027 0.037973 -0.44182 -0.12376 0.23913 -0.7221 0.068363 0.16606 -0.75003 -0.14398 0.24065 -0.80932 0.056681 0.08765 -0.79979 0.012142 -0.029795 0.60327
-0.1152 0.021109 0.32969 0.14789 -0.0043237 0.29927 0.026216 -0.0025714 0.4084 0.0050928 0.0017581 0.068385 -0.054006 -0.0016048 -0.051728 0.050633 -0.0016048 -0.055034 -0.26777 0.051604 0.11433 0.28039 -0.0040503 0.067579 -0.41848 -0.12645 0.1637 0.40399 -0.20721 0.07797 -0.48439 -0.16695 0.19579 0.45434 -0.26443 0.11347 -0.11199 0.081286 -0.42817 0.078088 0.037934 -0.44185 -0.12343 0.23931 -0.72209 0.068518 0.16599 -0.75007 -0.14268 0.22079 -0.8054 0.056745 0.087595 -0.79983 0.012126 -0.029797 0.60327
-0.11518 0.021476 0.3298 0.1479 -0.0041955 0.29926 0.026233 -0.0026134 0.4084 0.0051016 0.0017475 0.068385 -0.054022 -0.0015399 -0.051714 0.050605 -0.0015399 -0.055062 -0.26771 0.053387 0.11447 0.28027 -0.0098629 0.068832 -0.40234 -0.13567 0.16242 0.40089 -0.21331 0.083887 -0.46516 -0.18004 0.19282 0.443 -0.27189 0.12433 -0.11185 0.081475 -0.42815 0.078154 0.037885 -0.44188 -0.12308 0.2395 -0.72208 0.068682 0.16592 -0.75011 -0.14083 0.18968 -0.7993 0.056812 0.087532 -0.79987 0.012106 -0.029813 0.60327
