-0.11068 -0.094021 0.31232 0.16432 -0.088852 0.32183 0.026016 -0.15589 0.37745 0.0066051 -0.028172 0.062195 -0.052214 0.020499 -0.049483 0.051726 0.020499 -0.049992 -0.17744 -0.039585 0.060867 0.25859 0.054407 0.11875 -0.19315 -0.097379 -0.16844 0.25798 0.1016 -0.1135 -0.19597 -0.11254 -0.24969 0.26523 0.1085 -0.1956 -0.18324 0.034574 -0.41633 0.12237 0.051307 -0.4321 -0.22249 0.078247 -0.74503 0.1801 0.18957 -0.73049 -0.21372 0.034832 -0.82749 0.20366 0.12585 -0.79488 -0.025357 -0.23522 0.5506
-0.11332 -0.11163 0.31509 0.16987 -0.10934 0.3141 0.028712 -0.17174 0.37096 0.0068221 -0.031511 0.060651 -0.049082 0.022386 -0.051963 0.048304 0.022386 -0.052639 -0.17621 -0.039712 0.067122 0.26463 0.044081 0.11853 -0.1917 -0.10466 -0.1603 0.27106 0.1013 -0.11164 -0.20398 -0.13296 -0.24313 0.2646 0.13211 -0.18865 -0.1658 0.041691 -0.42335 0.12734 0.052705 -0.4332 -0.19656 0.089777 -0.75267 0.16917 0.1882 -0.73441 -0.22335 0.049874 -0.82798 0.20337 0.12848 -0.7931 -0.028666 -0.23508 0.55026
-0.12224 -0.12047 0.3111 0.16379 -0.13166 0.30978 0.018747 -0.18401 0.3653 0.0049915 -0.034059 0.05939 -0.045793 0.025068 -0.053629 0.047006 0.025068 -0.052581 -0.17875 -0.033259 0.066524 0.26393 0.028121 0.12229 -0.20246 -0.10023 -0.15961 0.27717 0.096083 -0.10448 -0.22839 -0.12545 -0.23708 0.27324 0.13417 -0.17886 -0.14975 0.049147 -0.42853 0.12833 0.050056 -0.43302 -0.16866 0.10054 -0.75804 0.15965 0.18603 -0.73589 -0.2104 0.064312 -0.83236 0.19988 0.1276 -0.79473 -0.04487 -0.24885 0.54135
-0.13501 -0.12326 0.30282 0.15009 -0.1538 0.30758 0.00085159 -0.19336 0.36026 0.0018744 -0.035969 0.058335 -0.042566 0.028068 -0.054689 0.047234 0.028068 -0.050685 -0.18531 -0.02341 0.061591 0.25835 0.009799 0.12837 -0.22249 -0.087095 -0.16363 0.27819 0.088031 -0.094398 -0.26312 -0.099247 -0.23209 0.28591 0.12341 -0.16771 -0.13532 0.056034 -0.43227 0.12644 0.045976 -0.43192 -0.14085 0.10962 -0.76169 0.14898 0.18434 -0.73534 -0.18289 0.076677 -0.83891 0.19266 0.12781 -0.79765 -0.068547 -0.27106 0.52691
-0.14917 -0.12273 0.29269 0.1328 -0.17379 0.30621 -0.020247 -0.20048 0.35561 -0.0017679 -0.037397 0.05741 -0.039616 0.030909 -0.055354 0.048385 0.030909 -0.047821 -0.19613 -0.013348 0.054842 0.24975 -0.0076128 0.13509 -0.24883 -0.068257 -0.16964 0.27598 0.079212 -0.08377 -0.30208 -0.063614 -0.22876 0.29732 0.10856 -0.15671 -0.12275 0.061441 -0.43497 0.12278 0.043079 -0.43026 -0.11518 0.11607 -0.76414 0.13463 0.18443 -0.73319 -0.14884 0.085498 -0.84595 0.18122 0.13371 -0.79973 -0.094276 -0.29624 0.50994
-0.16228 -0.1216 0.28317 0.11593 -0.18963 0.30441 -0.039818 -0.20605 0.35114 -0.0051741 -0.038495 0.056538 -0.037163 0.033113 -0.055832 0.049861 0.033113 -0.044855 -0.2115 -0.0062584 0.048794 0.23997 -0.020842 0.14079 -0.27853 -0.046719 -0.1749 0.2724 0.071699 -0.074965 -0.33921 -0.027793 -0.22766 0.30221 0.098361 -0.14732 -0.11227 0.064461 -0.43704 0.11845 0.04398 -0.42842 -0.093712 0.11897 -0.76593 0.11403 0.1876 -0.72986 -0.11627 0.089307 -0.85178 0.16504 0.14991 -0.79886 -0.11663 -0.31892 0.49347
-0.17249 -0.12203 0.27613 0.10267 -0.20004 0.30125 -0.054219 -0.21069 0.34669 -0.0077657 -0.039389 0.055666 -0.035362 0.034346 -0.056292 0.051165 0.034346 -0.042481 -0.2309 -0.0041586 0.045449 0.23086 -0.027946 0.14415 -0.30843 -0.024937 -0.17725 0.2692 0.066939 -0.069697 -0.3693 0.00098049 -0.22901 0.2977 0.098933 -0.14044 -0.104 0.064571 -0.43881 0.11446 0.050195 -0.42669 -0.077724 0.1179 -0.76747 0.08668 0.19404 -0.72599 -0.091663 0.087357 -0.85506 0.14464 0.17815 -0.79393 -0.13167 -0.33486 0.47991
-0.18049 -0.12378 0.27098 0.092467 -0.20684 0.29735 -0.064612 -0.21478 0.34224 -0.0097755 -0.040063 0.05484 -0.034103 0.034898 -0.056711 0.052271 0.034898 -0.040601 -0.25053 -0.0039002 0.04451 0.22424 -0.032876 0.1454 -0.33443 -0.0029338 -0.1769 0.26749 0.06362 -0.066764 -0.39102 0.024403 -0.23144 0.2915 0.10486 -0.13425 -0.097519 0.062965 -0.44029 0.11143 0.05837 -0.4251 -0.065119 0.11472 -0.76862 0.061052 0.19899 -0.72333 -0.074611 0.08211 -0.85599 0.12515 0.20746 -0.78846 -0.14193 -0.34524 0.4689
-0.18771 -0.12595 0.26644 0.083785 -0.21268 0.29378 -0.073453 -0.21863 0.33784 -0.011652 -0.040471 0.054135 -0.033201 0.035228 -0.057016 0.053278 0.035228 -0.038907 -0.26578 -0.001018 0.045078 0.22184 -0.041073 0.1452 -0.35229 0.019896 -0.17476 0.26822 0.059679 -0.064187 -0.40414 0.04655 -0.23318 0.2939 0.10771 -0.12625 -0.092259 0.061276 -0.44144 0.10984 0.063881 -0.42358 -0.052917 0.11188 -0.76909 0.047816 0.1965 -0.72382 -0.062826 0.076835 -0.85519 0.11281 0.22369 -0.78709 -0.15168 -0.35271 0.45932
-0.19519 -0.1286 0.26213 0.075913 -0.21921 0.29116 -0.081948 -0.2228 0.33318 -0.013593 -0.040663 0.053533 -0.032547 0.035549 -0.057191 0.054245 0.035549 -0.037242 -0.27594 0.0054976 0.047118 0.22296 -0.05371 0.1445 -0.36115 0.04279 -0.1712 0.27161 0.053593 -0.061072 -0.40912 0.068644 -0.23331 0.30562 0.10393 -0.11682 -0.087865 0.060082 -0.44227 0.1098 0.064443 -0.42209 -0.039964 0.11 -0.76888 0.048562 0.1856 -0.72719 -0.054315 0.07244 -0.85314 0.10952 0.22235 -0.79017 -0.16235 -0.3593 0.45043
-0.20353 -0.13283 0.25867 0.069099 -0.22695 0.28962 -0.089878 -0.22818 0.32756 -0.015504 -0.040805 0.052915 -0.032114 0.035799 -0.057289 0.05518 0.035799 -0.035617 -0.28474 0.012701 0.051593 0.22413 -0.067078 0.14454 -0.36399 0.063418 -0.16596 0.27708 0.044451 -0.05776 -0.40716 0.088637 -0.23185 0.31634 0.095633 -0.10954 -0.084218 0.058752 -0.44291 0.11098 0.060454 -0.42062 -0.027195 0.10761 -0.76825 0.054487 0.17096 -0.73059 -0.047436 0.067123 -0.85015 0.11225 0.21003 -0.79316 -0.17217 -0.36627 0.44189
-0.21283 -0.13977 0.25658 0.063863 -0.2359 0.28908 -0.096624 -0.23551 0.32047 -0.017228 -0.041071 0.052179 -0.031918 0.035931 -0.057324 0.056076 0.035931 -0.034058 -0.29521 0.017505 0.059008 0.22274 -0.077717 0.14611 -0.36391 0.079518 -0.15892 0.28384 0.032478 -0.054626 -0.40013 0.10458 -0.22873 0.31777 0.085592 -0.10722 -0.081238 0.056577 -0.44344 0.113 0.052936 -0.41917 -0.015741 0.10336 -0.76749 0.057832 0.15697 -0.73172 -0.04108 0.059675 -0.8467 0.11788 0.19345 -0.79238 -0.17907 -0.37465 0.43356
-0.22071 -0.15026 0.25531 0.061805 -0.24391 0.28869 -0.10001 -0.2447 0.31248 -0.018362 -0.041633 0.051339 -0.032164 0.036037 -0.057117 0.056858 0.036037 -0.032615 -0.30564 0.017187 0.067351 0.22118 -0.084731 0.14752 -0.36334 0.089557 -0.15069 0.29027 0.023305 -0.051889 -0.39274 0.11586 -0.22327 0.31465 0.078327 -0.10793 -0.078996 0.052807 -0.44372 0.11525 0.04528 -0.4178 -0.0071366 0.096791 -0.76681 0.058784 0.14506 -0.73148 -0.036695 0.052546 -0.84425 0.12419 0.17682 -0.78967 -0.18067 -0.38434 0.42618
-0.22411 -0.16504 0.25402 0.064786 -0.24824 0.28734 -0.09747 -0.2554 0.30449 -0.018441 -0.042661 0.050447 -0.033108 0.036251 -0.056434 0.057432 0.036251 -0.031345 -0.31294 0.0092274 0.0739 0.22327 -0.088029 0.14638 -0.36451 0.092298 -0.14205 0.29451 0.024043 -0.049714 -0.39049 0.12232 -0.21462 0.31549 0.078766 -0.1083 -0.077612 0.046684 -0.44357 0.11707 0.041483 -0.41661 -0.0029956 0.087776 -0.76642 0.059937 0.13573 -0.73173 -0.036437 0.049169 -0.84445 0.1293 0.16352 -0.78849 -0.17452 -0.3949 0.42072
-0.22295 -0.18334 0.25237 0.072119 -0.249 0.28475 -0.089586 -0.26686 0.29688 -0.017494 -0.044145 0.049491 -0.034794 0.0366 -0.055187 0.05773 0.0366 -0.03038 -0.31684 -0.0055697 0.078197 0.22882 -0.088276 0.14228 -0.3682 0.0889 -0.13305 0.29553 0.035272 -0.048068 -0.39407 0.12432 -0.20322 0.32139 0.0869 -0.10739 -0.077459 0.037734 -0.44271 0.11886 0.041119 -0.41554 -0.0033478 0.076368 -0.76599 0.062768 0.12799 -0.73291 -0.039793 0.04804 -0.84678 0.13305 0.15351 -0.78975 -0.16134 -0.40589 0.417
-0.22085 -0.20254 0.25058 0.079923 -0.24984 0.28166 -0.080898 -0.2778 0.28938 -0.016165 -0.045849 0.048394 -0.037004 0.036971 -0.053472 0.057721 0.036971 -0.029943 -0.32057 -0.02224 0.08262 0.23261 -0.087086 0.13726 -0.37342 0.083526 -0.12278 0.29332 0.049386 -0.046672 -0.39815 0.12294 -0.19118 0.32415 0.096547 -0.10724 -0.079226 0.025833 -0.44083 0.1223 0.038231 -0.41439 -0.0062386 0.062861 -0.76455 0.06735 0.11905 -0.73366 -0.042901 0.041474 -0.84795 0.13745 0.14248 -0.79113 -0.14573 -0.41682 0.41342
-0.22088 -0.22019 0.24893 0.084869 -0.25379 0.27874 -0.075314 -0.28707 0.28186 -0.015032 -0.047538 0.047112 -0.039473 0.037269 -0.051426 0.057401 0.037269 -0.030177 -0.32675 -0.036363 0.089092 0.2303 -0.085798 0.13312 -0.37899 0.079737 -0.11077 0.28807 0.059649 -0.045331 -0.39799 0.1193 -0.18046 0.31686 0.10244 -0.10954 -0.083337 0.011241 -0.43774 0.12863 0.028101 -0.413 -0.009789 0.047863 -0.76136 0.073453 0.10679 -0.73282 -0.042503 0.023599 -0.84524 0.14407 0.12701 -0.79058 -0.13178 -0.42715 0.40868
-0.22198 -0.23542 0.24766 0.08775 -0.25908 0.27593 -0.071941 -0.29441 0.27506 -0.014099 -0.049041 0.04584 -0.041803 0.037539 -0.049351 0.056922 0.037539 -0.030745 -0.33353 -0.047925 0.096076 0.2239 -0.083934 0.12975 -0.38339 0.076783 -0.099159 0.2806 0.066892 -0.044395 -0.39398 0.11462 -0.1716 0.3029 0.10652 -0.11308 -0.08864 -0.0038244 -0.43399 0.1362 0.014719 -0.41148 -0.013218 0.033617 -0.75708 0.079658 0.093459 -0.73103 -0.039774 0.0005955 -0.84001 0.15137 0.10992 -0.78873 -0.11941 -0.43615 0.4037
-0.22172 -0.24795 0.247 0.090739 -0.2624 0.27293 -0.068283 -0.29987 0.27002 -0.013178 -0.050212 0.044845 -0.043558 0.03787 -0.047596 0.056486 0.03787 -0.031153 -0.33755 -0.058407 0.1009 0.21758 -0.080419 0.12634 -0.385 0.072465 -0.09093 0.27191 0.074471 -0.044384 -0.38826 0.11013 -0.16463 0.28905 0.11308 -0.11568 -0.09347 -0.016532 -0.43042 0.14242 0.0049361 -0.41005 -0.016139 0.022862 -0.75286 0.084184 0.082723 -0.72949 -0.037368 -0.017416 -0.83501 0.15678 0.096111 -0.78709 -0.1071 -0.44301 0.40016
-0.21903 -0.2583 0.24699 0.094983 -0.26278 0.26992 -0.063107 -0.30387 0.26681 -0.012145 -0.051047 0.044198 -0.044645 0.03831 -0.046234 0.056138 0.03831 -0.031249 -0.33811 -0.069059 0.10298 0.21284 -0.07508 0.12287 -0.38409 0.065582 -0.086613 0.2629 0.083649 -0.045259 -0.38278 0.10569 -0.1591 0.27834 0.12311 -0.11659 -0.096902 -0.026422 -0.42721 0.14649 0.0012071 -0.40878 -0.019133 0.015768 -0.74924 0.086907 0.075594 -0.72878 -0.036531 -0.02736 -0.83122 0.15977 0.087144 -0.78649 -0.093572 -0.44769 0.39851
-0.21483 -0.2681 0.24736 0.10022 -0.26251 0.26769 -0.056916 -0.30733 0.26423 -0.010965 -0.051733 0.043694 -0.045451 0.038846 -0.044952 0.055709 0.038846 -0.031347 -0.33807 -0.080809 0.10455 0.20754 -0.068989 0.12039 -0.3835 0.056294 -0.083361 0.25428 0.092814 -0.046208 -0.37928 0.09929 -0.15389 0.26859 0.13307 -0.11706 -0.099036 -0.036292 -0.42369 0.15 -4.4234e-05 -0.40758 -0.0241 0.0089873 -0.74593 0.089983 0.069431 -0.72861 -0.036577 -0.035832 -0.82728 0.16251 0.080022 -0.78683 -0.077876 -0.45117 0.39761
-0.21015 -0.27872 0.24795 0.10597 -0.26361 0.26682 -0.050413 -0.31099 0.26121 -0.0096491 -0.052436 0.043148 -0.046334 0.039453 -0.043471 0.05505 0.039453 -0.03174 -0.34014 -0.094227 0.10775 0.20026 -0.063461 0.11957 -0.38576 0.045108 -0.078449 0.24663 0.10043 -0.046355 -0.37916 0.089385 -0.14796 0.25771 0.13965 -0.11812 -0.10009 -0.048642 -0.41927 0.15459 -0.0024279 -0.40628 -0.032393 -0.00041586 -0.74256 0.095365 0.061713 -0.72855 -0.036738 -0.048802 -0.82187 0.16707 0.071806 -0.78783 -0.059482 -0.4543 0.39637
-0.2061 -0.28921 0.24907 0.11098 -0.26516 0.26611 -0.044769 -0.31429 0.2583 -0.0084403 -0.053096 0.042596 -0.047305 0.040035 -0.041872 0.054246 0.040035 -0.032391 -0.34444 -0.10784 0.1128 0.19526 -0.060755 0.11826 -0.39042 0.034043 -0.071385 0.23965 0.10672 -0.044794 -0.38214 0.077953 -0.14097 0.24631 0.14307 -0.11865 -0.1006 -0.062762 -0.41403 0.16076 -0.0071004 -0.40442 -0.041437 -0.011306 -0.73852 0.10279 0.052261 -0.72784 -0.036615 -0.064176 -0.81509 0.17344 0.061945 -0.78844 -0.040269 -0.4565 0.3949
-0.20377 -0.29779 0.25122 0.11375 -0.2651 0.26369 -0.041312 -0.31616 0.2566 -0.0076641 -0.05357 0.042157 -0.04824 0.040476 -0.040372 0.053465 0.040476 -0.033141 -0.35015 -0.11944 0.11917 0.1989 -0.063431 0.11336 -0.39594 0.02566 -0.06253 0.23275 0.11253 -0.040622 -0.38724 0.068283 -0.13286 0.23601 0.14484 -0.11672 -0.10119 -0.076742 -0.40834 0.16862 -0.014279 -0.40145 -0.047229 -0.02104 -0.73313 0.11115 0.041779 -0.72555 -0.035949 -0.076885 -0.80758 0.18083 0.05079 -0.78739 -0.023001 -0.4567 0.39377
-0.20332 -0.30339 0.25385 0.11405 -0.26298 0.25928 -0.040263 -0.31638 0.25644 -0.0073962 -0.053814 0.041886 -0.049017 0.040745 -0.039144 0.052828 0.040745 -0.033823 -0.35665 -0.12798 0.12575 0.21164 -0.071119 0.10467 -0.40159 0.021136 -0.052865 0.22582 0.11817 -0.033943 -0.39377 0.062223 -0.12419 0.22758 0.14611 -0.11179 -0.10214 -0.089115 -0.40274 0.17742 -0.023206 -0.39745 -0.04842 -0.028135 -0.72662 0.11934 0.0313 -0.72171 -0.034732 -0.08465 -0.80013 0.18829 0.039237 -0.78449 -0.0093081 -0.45494 0.39318
-0.20344 -0.30598 0.25487 0.11356 -0.26067 0.25492 -0.040188 -0.31601 0.25692 -0.0073366 -0.053937 0.041739 -0.049515 0.040946 -0.038296 0.052385 0.040946 -0.034267 -0.36371 -0.1342 0.13054 0.22516 -0.079039 0.096419 -0.40786 0.019567 -0.044311 0.21948 0.12312 -0.026377 -0.40133 0.059452 -0.11646 0.22059 0.14753 -0.10539 -0.10319 -0.099093 -0.39806 0.18515 -0.031661 -0.39346 -0.047649 -0.032856 -0.72057 0.12627 0.022346 -0.71766 -0.033338 -0.089394 -0.79375 0.19463 0.028999 -0.78124 0.00088919 -0.45293 0.39279
-0.20255 -0.30589 0.25247 0.11416 -0.25978 0.25258 -0.039372 -0.31603 0.25722 -0.0071385 -0.054045 0.041671 -0.04967 0.041177 -0.037866 0.052147 0.041177 -0.034363 -0.37081 -0.13909 0.13198 0.23182 -0.08256 0.092527 -0.41506 0.019495 -0.038584 0.21415 0.12703 -0.019462 -0.40945 0.058956 -0.11104 0.21434 0.14964 -0.099035 -0.10394 -0.10644 -0.39477 0.19022 -0.037516 -0.39042 -0.047501 -0.035919 -0.71623 0.13105 0.016309 -0.71462 -0.032075 -0.093299 -0.78908 0.19888 0.021803 -0.77898 0.0084593 -0.45205 0.39231
-0.19806 -0.30529 0.24749 0.11785 -0.25873 0.25237 -0.035159 -0.31634 0.2575 -0.0063445 -0.054142 0.041684 -0.049784 0.041428 -0.037447 0.051909 0.041428 -0.034425 -0.37545 -0.14445 0.13205 0.23376 -0.080507 0.092495 -0.42155 0.016855 -0.035496 0.20842 0.13113 -0.013341 -0.41691 0.056234 -0.10805 0.20718 0.15298 -0.093123 -0.10329 -0.11436 -0.39102 0.19457 -0.040093 -0.388 -0.047942 -0.040114 -0.71183 0.13419 0.013438 -0.71204 -0.030624 -0.097942 -0.78424 0.2016 0.019024 -0.77688 0.018673 -0.45064 0.39211
-0.187 -0.30706 0.24192 0.12666 -0.25465 0.25367 -0.024545 -0.31636 0.25832 -0.0044595 -0.054188 0.041796 -0.050305 0.041642 -0.036457 0.051378 0.041642 -0.034939 -0.3744 -0.15242 0.13419 0.23713 -0.073158 0.094001 -0.42487 0.0065786 -0.034051 0.20021 0.13729 -0.0075712 -0.42215 0.045413 -0.10705 0.19712 0.158 -0.087558 -0.099853 -0.12742 -0.384 0.20155 -0.039333 -0.38539 -0.047857 -0.049043 -0.70437 0.13684 0.013492 -0.70864 -0.028398 -0.10465 -0.77628 0.20397 0.021857 -0.77323 0.038529 -0.44581 0.39282
-0.16969 -0.31152 0.23794 0.14013 -0.24644 0.25609 -0.0077302 -0.31554 0.26012 -0.0015451 -0.054114 0.042046 -0.051376 0.041717 -0.034805 0.050506 0.041717 -0.036084 -0.36747 -0.16307 0.14068 0.2455 -0.062076 0.096025 -0.42423 -0.010977 -0.031757 0.19077 0.14605 -0.0010387 -0.4242 0.02601 -0.1059 0.18584 0.1647 -0.081405 -0.093319 -0.14675 -0.37292 0.21252 -0.036771 -0.3818 -0.046529 -0.063082 -0.69275 0.13987 0.015268 -0.70345 -0.02449 -0.11473 -0.76428 0.2069 0.028832 -0.7671 0.068163 -0.43681 0.39504
-0.15185 -0.31482 0.23805 0.1537 -0.23594 0.25961 0.0098014 -0.3133 0.26305 0.0014191 -0.053806 0.042508 -0.052635 0.041474 -0.033222 0.049653 0.041474 -0.037539 -0.35958 -0.17311 0.15195 0.2581 -0.050938 0.099709 -0.4215 -0.026507 -0.023664 0.18692 0.15569 0.0084718 -0.42302 0.0064269 -0.099578 0.18117 0.17221 -0.072345 -0.085184 -0.16785 -0.36032 0.22549 -0.036556 -0.37658 -0.043903 -0.077288 -0.67904 0.14375 0.01598 -0.69602 -0.01747 -0.12948 -0.7506 0.21075 0.0341 -0.75876 0.096387 -0.42648 0.39926
-0.13897 -0.31321 0.24415 0.16298 -0.22507 0.26417 0.02277 -0.30921 0.26722 0.0035024 -0.053157 0.043249 -0.053704 0.040747 -0.03244 0.04918 0.040747 -0.038954 -0.35542 -0.17925 0.1678 0.27356 -0.043044 0.10599 -0.41858 -0.0311 -0.0057863 0.19464 0.1646 0.022603 -0.41887 -0.0048329 -0.083932 0.18996 0.17984 -0.058595 -0.076966 -0.18625 -0.34873 0.23844 -0.042359 -0.36921 -0.040045 -0.08691 -0.66535 0.14889 0.013138 -0.68607 -0.0069149 -0.14845 -0.73753 0.21586 0.032312 -0.74864 0.11259 -0.41753 0.40591
-0.13105 -0.30667 0.25354 0.16786 -0.21418 0.26915 0.031169 -0.30384 0.27234 0.0047905 -0.052184 0.044275 -0.054471 0.03954 -0.032637 0.049213 0.03954 -0.040139 -0.35437 -0.18017 0.18476 0.2886 -0.037353 0.1128 -0.41547 -0.025108 0.0168 0.20977 0.1733 0.037889 -0.41355 -0.0047836 -0.063173 0.20741 0.1886 -0.043411 -0.0691 -0.20197 -0.33841 0.25135 -0.052392 -0.36014 -0.035503 -0.092444 -0.65202 0.15523 0.0075927 -0.67422 -0.00039592 -0.158 -0.72475 0.22223 0.025027 -0.7372 0.11849 -0.4093 0.41463
-0.12554 -0.29689 0.26141 0.17013 -0.20295 0.27365 0.037373 -0.29822 0.27793 0.0058272 -0.050956 0.045563 -0.054942 0.037932 -0.033737 0.049765 0.037932 -0.040975 -0.3534 -0.1755 0.19792 0.29913 -0.030871 0.11671 -0.41131 -0.013078 0.034941 0.22355 0.18324 0.048588 -0.40954 0.0070449 -0.045282 0.2235 0.20025 -0.032298 -0.061549 -0.21702 -0.32853 0.26511 -0.062409 -0.35029 -0.031047 -0.096766 -0.63854 0.16251 0.0016993 -0.66151 -0.0090273 -0.13868 -0.71071 0.22971 0.016921 -0.72491 0.12138 -0.39959 0.42475
-0.12217 -0.28409 0.26498 0.16982 -0.1921 0.27757 0.040861 -0.29261 0.28394 0.0065745 -0.049581 0.047025 -0.054944 0.036194 -0.035647 0.050688 0.036194 -0.041395 -0.3519 -0.16387 0.20528 0.30414 -0.023405 0.11913 -0.40524 0.0039994 0.045133 0.23283 0.19346 0.054097 -0.40665 0.031569 -0.03288 0.23448 0.21322 -0.025996 -0.056069 -0.23203 -0.31874 0.27826 -0.072115 -0.34003 -0.027806 -0.10165 -0.62492 0.16948 -0.00462 -0.6485 -0.033379 -0.09201 -0.69571 0.23708 0.0088522 -0.71202 0.1232 -0.38752 0.43582
-0.12472 -0.26571 0.2651 0.16382 -0.18433 0.28229 0.03585 -0.28582 0.29107 0.0059367 -0.048232 0.048455 -0.053978 0.034941 -0.03825 0.051549 0.034941 -0.041429 -0.35367 -0.14214 0.2102 0.30823 -0.019857 0.13019 -0.39635 0.031617 0.05413 0.24461 0.19856 0.063142 -0.39985 0.07054 -0.018848 0.24801 0.2199 -0.016597 -0.057666 -0.24506 -0.30958 0.28504 -0.088377 -0.32873 -0.027559 -0.10686 -0.61209 0.17305 -0.015858 -0.63486 -0.054906 -0.057493 -0.68332 0.24112 -0.0052556 -0.69831 0.11614 -0.37457 0.44785
-0.13646 -0.23979 0.26305 0.14949 -0.182 0.28912 0.017369 -0.27679 0.2999 0.002948 -0.04708 0.049647 -0.051643 0.034721 -0.041376 0.051949 0.034721 -0.041123 -0.36217 -0.10816 0.21616 0.31558 -0.024374 0.15891 -0.38399 0.074304 0.06881 0.26545 0.19405 0.083797 -0.38455 0.12447 0.0038353 0.27134 0.214 0.0033352 -0.070597 -0.25421 -0.3016 0.28036 -0.11729 -0.31592 -0.031744 -0.11193 -0.60097 0.17051 -0.035925 -0.62038 -0.055752 -0.072442 -0.6768 0.23899 -0.030842 -0.68372 0.093094 -0.36232 0.46076
-0.15283 -0.21147 0.26045 0.13115 -0.18284 0.29723 -0.0080276 -0.26668 0.30922 -0.0013183 -0.046189 0.050533 -0.048661 0.035204 -0.04446 0.052024 0.035204 -0.040606 -0.37432 -0.069964 0.22324 0.32167 -0.030221 0.19732 -0.36966 0.12268 0.087976 0.28914 0.18696 0.11033 -0.36421 0.1827 0.032659 0.29812 0.20565 0.029569 -0.08984 -0.2599 -0.29494 0.26829 -0.15205 -0.30313 -0.038365 -0.11632 -0.59176 0.16403 -0.059881 -0.60647 -0.040919 -0.12179 -0.67373 0.23273 -0.061778 -0.66973 0.061829 -0.3509 0.47338
-0.16535 -0.18947 0.2591 0.11662 -0.1823 0.3048 -0.028037 -0.25778 0.31692 -0.0047722 -0.045569 0.051107 -0.046315 0.035619 -0.046741 0.052184 0.035619 -0.040044 -0.38376 -0.040649 0.22982 0.31767 -0.025249 0.22893 -0.35594 0.16041 0.10637 0.30317 0.19007 0.13008 -0.34629 0.22899 0.060325 0.31522 0.2132 0.052027 -0.10575 -0.26371 -0.28953 0.2575 -0.17939 -0.29291 -0.043712 -0.11946 -0.58427 0.15824 -0.078378 -0.59535 -0.02685 -0.16426 -0.66882 0.22685 -0.08617 -0.65863 0.0375 -0.33971 0.48396
-0.17041 -0.17768 0.2601 0.10954 -0.17774 0.31109 -0.036833 -0.25056 0.32234 -0.0064089 -0.045028 0.051512 -0.045253 0.035488 -0.047923 0.052707 0.035488 -0.039489 -0.38759 -0.025874 0.23547 0.30058 -0.0050585 0.2448 -0.34552 0.17866 0.11929 0.30229 0.20679 0.13532 -0.33515 0.25313 0.079815 0.3171 0.24165 0.063646 -0.11379 -0.2667 -0.28521 0.25215 -0.19339 -0.28608 -0.046123 -0.12123 -0.57823 0.15497 -0.08751 -0.5876 -0.023902 -0.17663 -0.66016 0.22328 -0.098842 -0.65082 0.027305 -0.32822 0.49191
-0.1741 -0.17046 0.26316 0.10523 -0.17037 0.31757 -0.041559 -0.24186 0.32764 -0.0073983 -0.04397 0.052179 -0.04485 0.034919 -0.048646 0.053612 0.034919 -0.038759 -0.38983 -0.016438 0.24218 0.27903 0.019254 0.25115 -0.34128 0.18357 0.12319 0.29595 0.22186 0.12816 -0.32888 0.25699 0.084739 0.31344 0.26935 0.063446 -0.11961 -0.26872 -0.28159 0.24737 -0.20281 -0.27996 -0.048046 -0.12254 -0.57319 0.1505 -0.094267 -0.58054 -0.030148 -0.17189 -0.65251 0.21886 -0.10806 -0.64304 0.022488 -0.31598 0.49886
-0.18282 -0.1615 0.2679 0.098601 -0.16169 0.32579 -0.049974 -0.22853 0.33506 -0.0090197 -0.041828 0.053516 -0.044403 0.034065 -0.049594 0.054873 0.034065 -0.037694 -0.39483 -0.002381 0.25196 0.26235 0.035978 0.25553 -0.3455 0.18266 0.11549 0.2944 0.22 0.11235 -0.32501 0.24441 0.070219 0.3148 0.27444 0.052043 -0.1294 -0.26961 -0.27829 0.23787 -0.2171 -0.27183 -0.052105 -0.12429 -0.56869 0.14104 -0.10609 -0.57143 -0.041816 -0.166 -0.65065 0.21029 -0.12272 -0.63203 0.01346 -0.30258 0.50656
-0.1948 -0.14907 0.27434 0.090415 -0.15168 0.33521 -0.061106 -0.21157 0.34428 -0.01115 -0.038764 0.055392 -0.04387 0.032871 -0.05086 0.056314 0.032871 -0.036599 -0.40199 0.01676 0.26442 0.25355 0.044953 0.26102 -0.35494 0.17967 0.10161 0.29952 0.20654 0.096037 -0.32277 0.22415 0.045032 0.32287 0.26266 0.038404 -0.14266 -0.26993 -0.27518 0.22446 -0.23615 -0.26198 -0.058011 -0.12689 -0.56467 0.12834 -0.12252 -0.56084 -0.05141 -0.16217 -0.65181 0.19882 -0.14257 -0.61895 0.00060335 -0.28787 0.51541
-0.20379 -0.13396 0.28274 0.084618 -0.13948 0.34418 -0.06917 -0.19427 0.35355 -0.012892 -0.035339 0.057383 -0.043575 0.031164 -0.052213 0.057681 0.031164 -0.036035 -0.408 0.036209 0.27782 0.25208 0.052394 0.26823 -0.36327 0.17627 0.091364 0.30854 0.19822 0.089787 -0.32232 0.20772 0.02546 0.33444 0.25498 0.036063 -0.15526 -0.27064 -0.27227 0.2113 -0.25456 -0.25241 -0.063871 -0.13043 -0.56122 0.11721 -0.13873 -0.55111 -0.049407 -0.15655 -0.6491 0.18824 -0.16231 -0.60735 -0.0102 -0.27186 0.52506
-0.20617 -0.11752 0.29259 0.083582 -0.12493 0.35128 -0.070782 -0.17841 0.36181 -0.013673 -0.031958 0.059193 -0.043712 0.028793 -0.053484 0.058721 0.028793 -0.036431 -0.41084 0.052359 0.28973 0.25642 0.06233 0.27599 -0.36666 0.17335 0.089351 0.31954 0.20457 0.097093 -0.32357 0.20007 0.019801 0.34735 0.26398 0.049779 -0.16442 -0.27245 -0.26965 0.20103 -0.269 -0.24455 -0.068569 -0.13534 -0.5587 0.11049 -0.15212 -0.54397 -0.032585 -0.14756 -0.63906 0.18085 -0.17895 -0.5996 -0.015014 -0.25483 0.53489
-0.2042 -0.10231 0.30171 0.086155 -0.10937 0.35573 -0.067921 -0.16247 0.36953 -0.013645 -0.028661 0.060827 -0.044184 0.025659 -0.054654 0.059193 0.025659 -0.037916 -0.41134 0.064288 0.29637 0.26285 0.073858 0.27923 -0.36673 0.17015 0.088722 0.33257 0.21913 0.10592 -0.32579 0.1919 0.018706 0.36182 0.28351 0.065005 -0.1704 -0.27553 -0.26754 0.19285 -0.2808 -0.23853 -0.072719 -0.14282 -0.55798 0.10663 -0.16511 -0.53966 -0.011556 -0.13873 -0.62592 0.17578 -0.19468 -0.5954 -0.014288 -0.23771 0.54382
-0.20079 -0.090766 0.30792 0.090726 -0.094307 0.35695 -0.063181 -0.14475 0.37726 -0.013058 -0.025457 0.062319 -0.044858 0.021722 -0.055714 0.058893 0.021722 -0.040525 -0.41066 0.071543 0.29421 0.26762 0.085414 0.27297 -0.36572 0.16579 0.081817 0.34767 0.23311 0.10319 -0.32826 0.17317 0.011443 0.37815 0.30414 0.065742 -0.17393 -0.27985 -0.26624 0.18556 -0.29172 -0.23434 -0.077109 -0.15393 -0.5599 0.10363 -0.18038 -0.53824 0.0018881 -0.13441 -0.61482 0.17172 -0.21203 -0.59412 -0.0092176 -0.22145 0.5508
-0.1973 -0.082512 0.31139 0.095787 -0.080511 0.35597 -0.058184 -0.1265 0.38454 -0.012206 -0.022492 0.063619 -0.04563 0.017522 -0.056551 0.058023 0.017522 -0.043668 -0.40964 0.074937 0.28497 0.26961 0.095352 0.25852 -0.36483 0.15993 0.068585 0.36215 0.23526 0.086482 -0.33088 0.14643 -0.0024891 0.39397 0.30761 0.047833 -0.17585 -0.28419 -0.2662 0.17869 -0.30142 -0.23236 -0.081942 -0.16737 -0.56455 0.10059 -0.19669 -0.53959 0.002924 -0.14055 -0.61025 0.16791 -0.22993 -0.5955 -0.0027655 -0.20618 0.55629
-0.19421 -0.07547 0.31372 0.099889 -0.06833 0.35476 -0.05396 -0.11075 0.3903 -0.011406 -0.019994 0.064625 -0.046414 0.013946 -0.056991 0.057028 0.013946 -0.046382 -0.40889 0.076049 0.27351 0.26929 0.10198 0.24098 -0.36462 0.15264 0.053584 0.37169 0.21288 0.059853 -0.33396 0.12189 -0.017395 0.40529 0.27042 0.014311 -0.17711 -0.28661 -0.26801 0.17213 -0.30826 -0.23316 -0.087063 -0.18038 -0.57148 0.097308 -0.21043 -0.54352 -0.0090356 -0.16409 -0.61623 0.16383 -0.2451 -0.5995 0.0010419 -0.19157 0.56162
-0.19166 -0.067753 0.3162 0.10236 -0.057549 0.35464 -0.050947 -0.098899 0.39404 -0.010851 -0.018051 0.065304 -0.047132 0.011518 -0.056979 0.056225 0.011518 -0.048078 -0.40832 0.077032 0.26344 0.26744 0.10478 0.2243 -0.3652 0.14452 0.040154 0.37385 0.16336 0.028477 -0.33745 0.10637 -0.029544 0.40955 0.18728 -0.028802 -0.17843 -0.28607 -0.27176 0.16584 -0.31155 -0.23668 -0.092258 -0.19099 -0.57997 0.093699 -0.21945 -0.54945 -0.031544 -0.20501 -0.63293 0.15922 -0.25565 -0.60563 0.00036447 -0.17714 0.56756
-0.18906 -0.057999 0.31923 0.10438 -0.046615 0.35536 -0.048181 -0.088358 0.39673 -0.010437 -0.016409 0.065789 -0.047716 0.0098748 -0.056766 0.055601 0.0098748 -0.049083 -0.4062 0.081392 0.2553 0.26564 0.10611 0.20947 -0.36566 0.13744 0.028533 0.37084 0.10851 -2.3076e-05 -0.34036 0.098269 -0.040146 0.40776 0.097101 -0.068526 -0.17995 -0.28381 -0.27631 0.15978 -0.31288 -0.24124 -0.097177 -0.19902 -0.58845 0.089975 -0.22527 -0.5558 -0.054983 -0.24647 -0.65118 0.15434 -0.263 -0.61232 -0.0013286 -0.16221 0.57348
-0.18578 -0.04512 0.32303 0.10731 -0.033943 0.35644 -0.044594 -0.076148 0.39946 -0.010024 -0.014778 0.066228 -0.048112 0.0085374 -0.056622 0.055098 0.0085374 -0.049836 -0.40079 0.092434 0.24911 0.26542 0.10849 0.19694 -0.36496 0.13322 0.01854 0.36552 0.071914 -0.018345 -0.34166 0.094604 -0.050826 0.40153 0.041972 -0.092013 -0.18174 -0.2813 -0.28043 0.15396 -0.31405 -0.24504 -0.10149 -0.20464 -0.5954 0.086381 -0.22985 -0.561 -0.06954 -0.2707 -0.66122 0.14956 -0.26897 -0.61792 -0.00011781 -0.14606 0.57859
-0.18201 -0.030405 0.3269 0.11103 -0.01994 0.35729 -0.040365 -0.061928 0.40232 -0.0095701 -0.013022 0.066665 -0.048383 0.0072549 -0.056576 0.05467 0.0072549 -0.050515 -0.39286 0.10858 0.24435 0.26667 0.11131 0.18607 -0.36228 0.1304 0.010444 0.36014 0.055437 -0.027508 -0.34084 0.090404 -0.059351 0.39351 0.023581 -0.10047 -0.18363 -0.27934 -0.28355 0.14858 -0.31571 -0.24754 -0.10535 -0.20885 -0.60044 0.083128 -0.23407 -0.56461 -0.075925 -0.27816 -0.66259 0.14514 -0.27444 -0.62193 0.0038678 -0.12831 0.58286
-0.1785 -0.016723 0.32948 0.11448 -0.006342 0.35725 -0.036502 -0.04711 0.40477 -0.0091012 -0.011109 0.067076 -0.04867 0.0059266 -0.05649 0.054283 0.0059266 -0.051121 -0.3849 0.12502 0.24016 0.26817 0.11188 0.17553 -0.35701 0.12535 0.0048115 0.35655 0.046466 -0.034058 -0.33775 0.079397 -0.060929 0.38704 0.016748 -0.10446 -0.18537 -0.2783 -0.28556 0.14398 -0.3177 -0.24903 -0.10922 -0.21313 -0.60405 0.080397 -0.2381 -0.56701 -0.081839 -0.28144 -0.66106 0.14132 -0.27965 -0.62466 0.0078077 -0.10885 0.58679
-0.17578 -0.0059278 0.33005 0.11689 0.0056993 0.35597 -0.03371 -0.032878 0.40643 -0.0086464 -0.0090812 0.067434 -0.049053 0.0045288 -0.056284 0.053916 0.0045288 -0.05165 -0.37838 0.1382 0.23533 0.26914 0.10913 0.16471 -0.35036 0.11716 0.00091287 0.35567 0.036214 -0.042336 -0.33394 0.060454 -0.055047 0.38419 0.0042335 -0.11131 -0.1868 -0.27824 -0.28653 0.14032 -0.31985 -0.24979 -0.11339 -0.2183 -0.60666 0.078302 -0.24209 -0.56853 -0.092064 -0.28923 -0.66061 0.13823 -0.28472 -0.62644 0.0097607 -0.088485 0.5905
-0.17386 0.0029063 0.32947 0.11824 0.016648 0.35386 -0.031849 -0.019731 0.40738 -0.0082438 -0.007167 0.067718 -0.049442 0.0032361 -0.056034 0.053586 0.0032361 -0.052086 -0.37205 0.14816 0.22771 0.26994 0.10631 0.15512 -0.34846 0.11227 -0.0054419 0.35599 0.026759 -0.050541 -0.33538 0.046199 -0.052701 0.38358 -0.0087863 -0.1194 -0.18809 -0.27858 -0.28691 0.13731 -0.32203 -0.24992 -0.11767 -0.22328 -0.60856 0.076771 -0.24614 -0.5694 -0.10328 -0.29917 -0.6602 0.13572 -0.28954 -0.62774 0.010255 -0.07059 0.59322
-0.17264 0.011058 0.32885 0.11869 0.027128 0.35147 -0.030655 -0.0080893 0.40781 -0.0079309 -0.0056142 0.067909 -0.049728 0.002242 -0.055834 0.053316 0.002242 -0.052417 -0.36433 0.15549 0.21531 0.27103 0.10708 0.14844 -0.35748 0.11731 -0.018455 0.35567 0.021672 -0.056063 -0.34801 0.049944 -0.065602 0.38327 -0.014043 -0.12578 -0.18942 -0.27865 -0.2872 0.13458 -0.32408 -0.24953 -0.12176 -0.22677 -0.61004 0.075706 -0.25034 -0.56982 -0.11115 -0.30725 -0.65822 0.13362 -0.29394 -0.62903 0.010201 -0.058631 0.59413
-0.17211 0.018368 0.32856 0.11837 0.036318 0.34925 -0.030088 0.0011268 0.4079 -0.0077196 -0.0044859 0.068017 -0.049919 0.0015487 -0.055688 0.053124 0.0015487 -0.052637 -0.35568 0.16027 0.19967 0.27147 0.11034 0.14432 -0.37273 0.1247 -0.03462 0.35383 0.020438 -0.059106 -0.36717 0.063299 -0.089199 0.38211 -0.011527 -0.13023 -0.19062 -0.27852 -0.28744 0.13214 -0.32598 -0.24865 -0.1254 -0.22901 -0.61116 0.075095 -0.25469 -0.56983 -0.11599 -0.3116 -0.65632 0.13202 -0.29792 -0.63025 0.010161 -0.05164 0.59377
-0.17228 0.023625 0.32849 0.11744 0.042339 0.34766 -0.030271 0.0066351 0.40786 -0.007603 -0.0037104 0.068073 -0.050107 0.0010192 -0.055527 0.053024 0.0010192 -0.052749 -0.34801 0.16223 0.18502 0.2693 0.11153 0.14091 -0.38156 0.11655 -0.044818 0.35031 0.019561 -0.061922 -0.38052 0.062057 -0.10709 0.37947 -0.0072479 -0.1345 -0.19125 -0.27875 -0.28737 0.13022 -0.32781 -0.24731 -0.12835 -0.23129 -0.61184 0.074986 -0.25911 -0.56936 -0.12146 -0.31195 -0.6585 0.13117 -0.30161 -0.63099 0.010447 -0.045418 0.59371
-0.17311 0.026482 0.32838 0.11604 0.0445 0.34692 -0.031288 0.0083816 0.40783 -0.0075783 -0.0031654 0.068105 -0.050353 0.00052981 -0.055309 0.053019 0.00052981 -0.052761 -0.34257 0.16166 0.17403 0.26453 0.10799 0.13726 -0.37641 0.083763 -0.043763 0.34622 0.017052 -0.065781 -0.38035 0.032399 -0.10877 0.37621 -0.0050941 -0.13944 -0.19114 -0.27968 -0.28683 0.12888 -0.32966 -0.24555 -0.13063 -0.23456 -0.61206 0.075296 -0.26351 -0.56841 -0.13006 -0.3088 -0.66673 0.13106 -0.30511 -0.63103 0.011092 -0.037172 0.59481
-0.17441 0.029189 0.32758 0.11431 0.045664 0.34671 -0.033095 0.00995 0.40767 -0.0076556 -0.0025892 0.06812 -0.050622 5.4518e-06 -0.055067 0.053083 5.4518e-06 -0.052699 -0.33868 0.16052 0.1648 0.26304 0.10282 0.13511 -0.36506 0.043824 -0.037816 0.34634 0.015542 -0.068922 -0.37305 -0.0078883 -0.10189 0.37768 -0.0023164 -0.14323 -0.19099 -0.28089 -0.28602 0.12754 -0.33163 -0.24355 -0.13309 -0.23855 -0.61211 0.075545 -0.26774 -0.56712 -0.14051 -0.30493 -0.67669 0.13085 -0.30845 -0.63072 0.011336 -0.02846 0.5959
-0.17597 0.034298 0.32541 0.11236 0.049142 0.34659 -0.035601 0.015325 0.4072 -0.0078454 -0.0017102 0.068124 -0.050863 -0.00061725 -0.054843 0.053187 -0.00061725 -0.052592 -0.33535 0.16087 0.15475 0.27078 0.099868 0.13636 -0.35763 0.017912 -0.035072 0.35514 0.018122 -0.069366 -0.36727 -0.036324 -0.096965 0.38883 0.0045637 -0.14393 -0.19154 -0.28185 -0.28519 0.12559 -0.33382 -0.24147 -0.13668 -0.24284 -0.61227 0.075244 -0.27165 -0.56566 -0.15093 -0.30336 -0.68324 0.12967 -0.31165 -0.63047 0.010333 -0.021505 0.59552
-0.17743 0.041591 0.32214 0.11047 0.055025 0.34636 -0.038363 0.024311 0.40646 -0.0081252 -0.00050884 0.06811 -0.051079 -0.001355 -0.054629 0.05335 -0.001355 -0.052414 -0.33312 0.16194 0.14391 0.2771 0.098456 0.13725 -0.35641 0.0085807 -0.037304 0.361 0.021687 -0.070457 -0.3665 -0.047623 -0.09778 0.39613 0.011349 -0.14523 -0.19261 -0.28272 -0.28429 0.12334 -0.33618 -0.23931 -0.14148 -0.24818 -0.61251 0.074827 -0.27566 -0.5641 -0.16026 -0.30455 -0.68595 0.12835 -0.31486 -0.63017 0.0081839 -0.016457 0.59377
-0.17838 0.048637 0.31876 0.10901 0.06083 0.34598 -0.040656 0.033377 0.40568 -0.008446 0.00083342 0.06807 -0.051315 -0.0021873 -0.054379 0.053625 -0.0021873 -0.052102 -0.33372 0.16072 0.13442 0.25817 0.094261 0.12947 -0.35747 0.0035225 -0.041245 0.33949 0.018194 -0.079786 -0.37007 -0.050227 -0.10272 0.37133 0.0077146 -0.1553 -0.1932 -0.28418 -0.28305 0.12187 -0.33853 -0.23692 -0.14688 -0.25618 -0.61252 0.075466 -0.28061 -0.56247 -0.16815 -0.30695 -0.68813 0.12906 -0.31831 -0.62929 0.0057412 -0.011809 0.59202
-0.17848 0.053639 0.31604 0.10825 0.064648 0.34543 -0.04192 0.039826 0.40503 -0.0087467 0.0021344 0.068001 -0.051598 -0.003077 -0.054065 0.054034 -0.003077 -0.051628 -0.33659 0.15624 0.12746 0.20227 0.085007 0.109 -0.35684 -0.0059467 -0.043896 0.2777 0.003187 -0.1009 -0.37579 -0.051344 -0.10924 0.29971 -0.011975 -0.17793 -0.19269 -0.28665 -0.28126 0.12186 -0.34072 -0.23424 -0.15226 -0.26749 -0.61203 0.07788 -0.28688 -0.56079 -0.17462 -0.30939 -0.69189 0.13306 -0.32219 -0.62753 0.0037046 -0.006528 0.5913
-0.17773 0.057063 0.314 0.10825 0.066661 0.3447 -0.042148 0.043981 0.40457 -0.0089287 0.0032278 0.067935 -0.051894 -0.0039359 -0.053725 0.054492 -0.0039359 -0.051087 -0.3335 0.15451 0.12094 0.13821 0.075388 0.086186 -0.35101 -0.01536 -0.043605 0.20147 -0.015659 -0.1238 -0.37684 -0.052908 -0.11226 0.21213 -0.037547 -0.20219 -0.19169 -0.28964 -0.27905 0.12277 -0.34269 -0.23145 -0.15703 -0.27942 -0.61092 0.081244 -0.29346 -0.55906 -0.18095 -0.3122 -0.69496 0.1384 -0.32644 -0.62538 0.0022018 -0.0012745 0.5914
-0.17619 0.059808 0.31249 0.10896 0.067467 0.34381 -0.041463 0.046769 0.40431 -0.0088938 0.0039658 0.067906 -0.052159 -0.00467 -0.053412 0.054893 -0.00467 -0.050598 -0.31536 0.16242 0.11223 0.10142 0.071214 0.07366 -0.33685 -0.018021 -0.039157 0.14318 -0.028631 -0.13631 -0.36601 -0.055782 -0.10659 0.14709 -0.05616 -0.21477 -0.19103 -0.29251 -0.27659 0.12381 -0.34443 -0.2288 -0.16061 -0.28876 -0.60914 0.084476 -0.2991 -0.55728 -0.18856 -0.31597 -0.6944 0.1426 -0.331 -0.62344 0.0012385 0.0030003 0.59186
-0.17417 0.062352 0.31126 0.11011 0.067473 0.34285 -0.040249 0.048899 0.4042 -0.0086936 0.0044822 0.067902 -0.052383 -0.0052724 -0.053136 0.055193 -0.0052724 -0.050212 -0.28516 0.17691 0.101 0.097162 0.072789 0.073083 -0.317 -0.015298 -0.032383 0.11187 -0.033797 -0.13671 -0.3457 -0.06077 -0.094539 0.11424 -0.064945 -0.2139 -0.19082 -0.29501 -0.27411 0.12486 -0.34592 -0.22641 -0.16293 -0.29489 -0.60691 0.08757 -0.30373 -0.55556 -0.19686 -0.32034 -0.69044 0.14592 -0.3357 -0.62155 0.00071777 0.0062962 0.59239
-0.17215 0.064799 0.30994 0.11121 0.06692 0.34196 -0.03912 0.050894 0.40409 -0.0085101 0.0051565 0.067871 -0.052584 -0.0058114 -0.052879 0.055397 -0.0058114 -0.049925 -0.25641 0.18625 0.088951 0.10437 0.07561 0.076513 -0.29907 -0.015602 -0.027771 0.096119 -0.036026 -0.13244 -0.32669 -0.068626 -0.084945 0.098014 -0.069749 -0.20791 -0.19057 -0.29727 -0.27187 0.12637 -0.34714 -0.2243 -0.1644 -0.29948 -0.60473 0.091455 -0.30833 -0.55409 -0.20347 -0.32412 -0.68613 0.15095 -0.34032 -0.61888 0.00045272 0.0094444 0.59285
-0.17049 0.067197 0.30829 0.11188 0.066026 0.34128 -0.038532 0.053103 0.4039 -0.0084758 0.0062616 0.067773 -0.052775 -0.0063414 -0.052625 0.055511 -0.0063414 -0.049732 -0.23955 0.18203 0.077627 0.10595 0.076121 0.07752 -0.28881 -0.024921 -0.028518 0.085923 -0.039224 -0.12963 -0.31723 -0.079529 -0.084266 0.085181 -0.0753 -0.20368 -0.18984 -0.29942 -0.27003 0.12871 -0.34804 -0.22245 -0.16531 -0.30392 -0.60297 0.096839 -0.31361 -0.553 -0.20665 -0.32646 -0.68385 0.1595 -0.34463 -0.61494 0.00017761 0.013054 0.59316
-0.16912 0.069429 0.30643 0.11223 0.064953 0.34085 -0.038351 0.055277 0.40366 -0.008529 0.0076562 0.067626 -0.05294 -0.006855 -0.052396 0.055538 -0.006855 -0.049634 -0.23247 0.16896 0.067861 0.10245 0.074788 0.076291 -0.28457 -0.039633 -0.032833 0.07879 -0.043015 -0.12858 -0.31525 -0.0916 -0.089555 0.07397 -0.081248 -0.20154 -0.18856 -0.30152 -0.26856 0.132 -0.34859 -0.22085 -0.16556 -0.30826 -0.60158 0.10351 -0.31909 -0.5522 -0.20701 -0.32775 -0.68319 0.17037 -0.34834 -0.6106 -0.00064701 0.01683 0.59345
-0.16786 0.07134 0.30461 0.11249 0.063851 0.34072 -0.038312 0.057031 0.40345 -0.0085641 0.0091058 0.067458 -0.053055 -0.0073313 -0.052216 0.055482 -0.0073313 -0.04963 -0.23026 0.15468 0.060318 0.098353 0.072979 0.074502 -0.28304 -0.053952 -0.037798 0.073924 -0.046054 -0.12829 -0.31638 -0.10249 -0.095743 0.065194 -0.086097 -0.20039 -0.18676 -0.30363 -0.26733 0.13624 -0.34876 -0.21947 -0.16497 -0.31227 -0.60043 0.11104 -0.32406 -0.55153 -0.2057 -0.32869 -0.68312 0.18162 -0.35118 -0.607 -0.0026223 0.020275 0.59392
-0.16653 0.072777 0.30306 0.11286 0.062867 0.34089 -0.038149 0.057981 0.40334 -0.0084754 0.010375 0.067299 -0.053098 -0.0077492 -0.052113 0.055344 -0.0077492 -0.049721 -0.22799 0.14684 0.055665 0.098165 0.072063 0.073831 -0.28091 -0.062092 -0.0405 0.070528 -0.046998 -0.12776 -0.31622 -0.10986 -0.097762 0.059668 -0.088352 -0.1991 -0.18443 -0.30581 -0.26624 0.14147 -0.3485 -0.21826 -0.16335 -0.31568 -0.59936 0.11901 -0.32777 -0.55083 -0.20387 -0.32995 -0.68262 0.19136 -0.35285 -0.6053 -0.0063493 0.022891 0.59476
-0.16495 0.073585 0.30199 0.11359 0.062149 0.34142 -0.037595 0.057741 0.4034 -0.0081573 0.011231 0.067178 -0.053046 -0.0080878 -0.052113 0.055127 -0.0080878 -0.049907 -0.22076 0.15308 0.054569 0.10638 0.07341 0.075954 -0.27488 -0.058268 -0.038021 0.067806 -0.044504 -0.12598 -0.31039 -0.11137 -0.090543 0.058206 -0.086515 -0.19656 -0.1816 -0.30813 -0.26517 0.14772 -0.34777 -0.21719 -0.16052 -0.31827 -0.59825 0.12701 -0.32952 -0.54994 -0.20267 -0.33221 -0.68065 0.19765 -0.35308 -0.60665 -0.012429 0.02418 0.59615
