-0.12874 0.095963 0.34176 0.14511 0.094705 0.30967 0.01684 0.050363 0.40076 0.0072538 0.031025 0.060749 -0.050573 -0.0089088 -0.054388 0.052023 -0.0089088 -0.053002 -0.099435 0.033514 0.085065 0.32163 0.14158 0.11656 -0.2314 0.22492 0.039014 0.3228 0.17071 -0.11864 -0.27662 0.28316 0.0015715 0.35202 0.12023 -0.17727 -0.18405 -0.28128 -0.29922 0.16676 -0.25473 -0.33291 -0.20108 -0.23267 -0.62912 0.11465 -0.16318 -0.64976 -0.22872 -0.26835 -0.71112 0.15558 -0.14657 -0.73228 0.00035909 0.049819 0.59734
-0.12918 0.093552 0.33862 0.1453 0.094444 0.30907 0.016297 0.051067 0.40017 0.0071219 0.032118 0.060189 -0.050413 -0.009136 -0.054498 0.052066 -0.009136 -0.052916 -0.11034 0.031749 0.080476 0.31825 0.13661 0.11157 -0.22622 0.22304 0.002492 0.32208 0.16637 -0.12081 -0.26969 0.28717 -0.031696 0.34647 0.11186 -0.17757 -0.18436 -0.28144 -0.29915 0.1665 -0.25488 -0.33302 -0.20113 -0.23373 -0.6292 0.11436 -0.16385 -0.65001 -0.22911 -0.26876 -0.71135 0.15503 -0.15229 -0.73275 -0.00042343 0.053482 0.5972
-0.12835 0.092621 0.33699 0.14423 0.08815 0.30504 0.016592 0.050227 0.39983 0.0070547 0.033051 0.059694 -0.050299 -0.0093047 -0.054575 0.052018 -0.0093047 -0.05294 -0.11066 0.028128 0.079753 0.31816 0.1387 0.11052 -0.22507 0.21607 -0.0082797 0.31698 0.17188 -0.12424 -0.26835 0.27931 -0.039179 0.33931 0.11755 -0.18247 -0.18512 -0.28128 -0.29911 0.1657 -0.25535 -0.33308 -0.20176 -0.23405 -0.62923 0.11377 -0.16473 -0.65023 -0.22992 -0.26885 -0.71143 0.15524 -0.14826 -0.73254 0.00073971 0.044445 0.59636
-0.12677 0.090621 0.33684 0.14318 0.077739 0.29988 0.017705 0.046612 0.39961 0.0069799 0.033804 0.059284 -0.050255 -0.0093919 -0.054602 0.051785 -0.0093919 -0.053157 -0.10556 0.023213 0.080963 0.31705 0.14329 0.10977 -0.22365 0.20873 -0.005573 0.3093 0.17103 -0.12792 -0.26634 0.27039 -0.03509 0.32987 0.11756 -0.18792 -0.18573 -0.28121 -0.29896 0.1649 -0.25602 -0.33302 -0.20231 -0.23434 -0.62914 0.11321 -0.16589 -0.65036 -0.23057 -0.26897 -0.71138 0.15549 -0.14464 -0.7322 0.0031578 0.029027 0.59531
-0.1249 0.085002 0.33814 0.14345 0.065126 0.29594 0.01962 0.038994 0.3994 0.0068255 0.034361 0.058977 -0.050302 -0.0093744 -0.054561 0.05127 -0.0093744 -0.053651 -0.10025 0.017568 0.082174 0.31058 0.14584 0.1057 -0.21767 0.20574 -0.0016595 0.30082 0.14759 -0.13082 -0.25744 0.27124 -0.03364 0.31749 0.092153 -0.18985 -0.18558 -0.2816 -0.29856 0.16464 -0.25674 -0.33276 -0.20211 -0.23531 -0.62882 0.11298 -0.16739 -0.6503 -0.2305 -0.26951 -0.7112 0.15506 -0.15159 -0.73227 0.0061403 0.013544 0.59456
-0.1229 0.074399 0.34092 0.14579 0.052242 0.29473 0.022401 0.026647 0.39908 0.0065672 0.034575 0.058869 -0.050467 -0.009219 -0.054433 0.050467 -0.009219 -0.054427 -0.099061 0.011898 0.082669 0.2974 0.1434 0.096866 -0.20944 0.20646 -0.0034855 0.29374 0.095636 -0.1317 -0.2449 0.28064 -0.039838 0.30343 0.034366 -0.18612 -0.18443 -0.2826 -0.29786 0.16518 -0.25741 -0.33225 -0.20084 -0.23727 -0.62827 0.11326 -0.16914 -0.65003 -0.22949 -0.27055 -0.71092 0.15357 -0.1741 -0.73253 0.0091311 0.0017803 0.59438
-0.11962 0.061476 0.34535 0.14918 0.041069 0.29518 0.026394 0.010556 0.39862 0.0063447 0.033872 0.059316 -0.050792 -0.008857 -0.054192 0.049663 -0.008857 -0.055229 -0.10351 0.0074048 0.08586 0.28622 0.13852 0.089266 -0.22373 0.19196 0.00012262 0.2915 0.044361 -0.12855 -0.26437 0.25634 -0.027375 0.29539 -0.019239 -0.1812 -0.18324 -0.28347 -0.29707 0.16581 -0.25803 -0.33158 -0.19926 -0.23925 -0.62764 0.11359 -0.17067 -0.6496 -0.22843 -0.27124 -0.71062 0.15178 -0.19959 -0.7302 0.012032 -0.011107 0.59417
-0.11451 0.048251 0.35082 0.15275 0.032164 0.29616 0.031583 -0.0079119 0.398 0.0062748 0.031663 0.060584 -0.051312 -0.0081909 -0.053812 0.049081 -0.0081909 -0.055858 -0.10975 0.0032063 0.092263 0.28417 0.13417 0.088445 -0.27224 0.14964 0.021536 0.29549 0.018868 -0.12017 -0.33192 0.17412 0.026596 0.29815 -0.038471 -0.17858 -0.18274 -0.28369 -0.29625 0.16595 -0.25867 -0.33072 -0.19791 -0.24044 -0.62699 0.11373 -0.17259 -0.64918 -0.22799 -0.27095 -0.71022 0.15076 -0.21679 -0.72387 0.014826 -0.029856 0.59334
-0.10958 0.032031 0.35423 0.15715 0.021571 0.29831 0.036626 -0.027332 0.39734 0.0062948 0.0276 0.062468 -0.052024 -0.0070556 -0.053278 0.048535 -0.0070556 -0.056475 -0.098922 -0.008436 0.090541 0.28655 0.13095 0.093579 -0.3107 0.098808 0.064777 0.29992 0.0080418 -0.1085 -0.38067 0.093829 0.11313 0.30292 -0.042184 -0.1744 -0.1821 -0.28391 -0.29489 0.16598 -0.25959 -0.3292 -0.19592 -0.24153 -0.6258 0.11446 -0.17939 -0.64918 -0.22734 -0.27037 -0.70912 0.15179 -0.23029 -0.7182 0.017447 -0.053125 0.59196
-0.10656 0.011981 0.35384 0.16267 0.0069075 0.30209 0.040283 -0.046039 0.39672 0.0063355 0.021885 0.064598 -0.052882 -0.0054266 -0.05261 0.047902 -0.0054266 -0.057179 -0.072708 -0.026795 0.079437 0.28842 0.12855 0.10233 -0.31076 0.058544 0.117 0.30045 -0.0035644 -0.0942 -0.36702 0.06281 0.19695 0.30242 -0.050326 -0.16435 -0.18068 -0.28464 -0.2927 0.16625 -0.2609 -0.32675 -0.19269 -0.24308 -0.62379 0.11627 -0.19308 -0.64967 -0.2259 -0.27009 -0.70702 0.15532 -0.24465 -0.71702 0.019805 -0.077982 0.59026
-0.10482 -0.0046682 0.3533 0.16758 -0.007095 0.30635 0.042371 -0.06171 0.39611 0.0064117 0.016165 0.066379 -0.053719 -0.0037263 -0.05192 0.047465 -0.0037263 -0.057693 -0.10072 -0.022715 0.093651 0.29086 0.12534 0.11159 -0.322 0.029123 0.12124 0.30114 -0.023359 -0.072495 -0.36226 0.044438 0.18463 0.30136 -0.058147 -0.147 -0.17935 -0.28525 -0.29048 0.16643 -0.26226 -0.32406 -0.18926 -0.24447 -0.62173 0.11826 -0.20645 -0.64975 -0.22449 -0.26955 -0.70474 0.15934 -0.25537 -0.71823 0.021779 -0.10034 0.58847
-0.10346 -0.013777 0.35519 0.17072 -0.016914 0.31003 0.043317 -0.073668 0.39528 0.0065583 0.011507 0.067408 -0.054409 -0.0022426 -0.051295 0.047421 -0.0022426 -0.057816 -0.21571 0.016628 0.15129 0.2954 0.12013 0.11928 -0.37554 0.0068703 0.052183 0.30486 -0.050537 -0.044211 -0.41521 0.0046646 0.041645 0.30398 -0.061252 -0.12494 -0.1787 -0.28528 -0.28877 0.16625 -0.26339 -0.32169 -0.18653 -0.24523 -0.62016 0.11962 -0.21426 -0.64877 -0.22368 -0.26848 -0.70286 0.16175 -0.26062 -0.7187 0.023331 -0.11874 0.58636
-0.1019 -0.023397 0.35664 0.17348 -0.025716 0.31296 0.04467 -0.085973 0.39353 0.0068225 0.0067257 0.067896 -0.054991 -0.00068803 -0.050695 0.047537 -0.00068803 -0.057744 -0.31874 0.046526 0.20862 0.30191 0.11348 0.12649 -0.4153 -0.013374 -0.0092928 0.30729 -0.066168 -0.027857 -0.45905 -0.043009 -0.080335 0.30742 -0.068147 -0.11018 -0.17796 -0.28522 -0.28705 0.16584 -0.26431 -0.31938 -0.18411 -0.24582 -0.61856 0.12039 -0.22113 -0.64731 -0.22273 -0.26788 -0.70091 0.16157 -0.27016 -0.71543 0.024672 -0.1393 0.58238
-0.10016 -0.039 0.35561 0.17703 -0.036496 0.31511 0.047169 -0.1009 0.39062 0.0071795 0.0011396 0.0681 -0.055501 0.0010762 -0.050111 0.047614 0.0010762 -0.057659 -0.33814 0.03734 0.23204 0.30938 0.10636 0.13425 -0.40191 -0.034687 -0.0050887 0.30547 -0.060519 -0.032716 -0.44271 -0.08108 -0.076605 0.30882 -0.083742 -0.10879 -0.17658 -0.28547 -0.285 0.16532 -0.26519 -0.31687 -0.18166 -0.2466 -0.61659 0.12067 -0.23049 -0.64587 -0.22114 -0.26838 -0.69862 0.15848 -0.28842 -0.70837 0.026072 -0.16553 0.57574
-0.09949 -0.054638 0.35438 0.18085 -0.049066 0.31637 0.049089 -0.11439 0.38768 0.0074212 -0.00376 0.068128 -0.055895 0.0025839 -0.049651 0.047711 0.0025839 -0.057559 -0.32419 0.020505 0.23866 0.31528 0.099931 0.14207 -0.37333 -0.05436 0.022564 0.30278 -0.054127 -0.037916 -0.40186 -0.10173 -0.035656 0.30835 -0.098721 -0.10824 -0.1752 -0.2858 -0.28321 0.16454 -0.26646 -0.31429 -0.17947 -0.24741 -0.61487 0.12028 -0.23878 -0.6441 -0.21961 -0.2691 -0.69659 0.15338 -0.30185 -0.70484 0.027844 -0.19132 0.56808
-0.10003 -0.06603 0.3545 0.18457 -0.062758 0.31658 0.049658 -0.12442 0.38515 0.0075554 -0.0073671 0.067909 -0.056183 0.0038662 -0.049275 0.047876 0.0038662 -0.057375 -0.32267 0.019212 0.24544 0.31897 0.094479 0.14965 -0.36124 -0.0694 0.034666 0.30257 -0.060218 -0.029863 -0.37111 -0.10441 -0.032869 0.3074 -0.10522 -0.10055 -0.17418 -0.28576 -0.28196 0.16345 -0.26779 -0.3119 -0.17765 -0.24785 -0.61368 0.11918 -0.24275 -0.64194 -0.2185 -0.26925 -0.69513 0.14765 -0.30175 -0.70847 0.030097 -0.21154 0.56106
-0.098879 -0.076721 0.35435 0.18859 -0.07691 0.31552 0.051148 -0.13603 0.38133 0.0081479 -0.01187 0.067017 -0.056536 0.0063074 -0.048549 0.048047 0.0063074 -0.056967 -0.32625 0.016289 0.25115 0.32457 0.088169 0.1577 -0.35564 -0.078207 0.034879 0.30586 -0.064619 -0.022256 -0.35212 -0.10184 -0.045694 0.309 -0.1037 -0.094837 -0.17286 -0.28464 -0.28042 0.1623 -0.26708 -0.31026 -0.17575 -0.24719 -0.6122 0.11763 -0.24231 -0.64022 -0.21686 -0.26886 -0.69344 0.14332 -0.29683 -0.71192 0.032448 -0.22674 0.55549
-0.094878 -0.089316 0.35295 0.19293 -0.091115 0.3134 0.054494 -0.15207 0.37531 0.0093678 -0.018329 0.065291 -0.056961 0.010651 -0.047244 0.048176 0.010651 -0.056184 -0.3256 0.00059436 0.25388 0.33429 0.079686 0.16683 -0.34607 -0.081404 0.031428 0.31177 -0.056889 -0.024718 -0.3405 -0.10299 -0.050376 0.31359 -0.095676 -0.097282 -0.17145 -0.28169 -0.27827 0.16069 -0.26356 -0.30938 -0.17406 -0.2446 -0.61009 0.11531 -0.23825 -0.6392 -0.21475 -0.26743 -0.69123 0.14059 -0.29394 -0.71015 0.034067 -0.23914 0.55108
-0.091524 -0.10209 0.35151 0.19642 -0.1055 0.31144 0.056879 -0.16877 0.36842 0.010374 -0.024575 0.063244 -0.057077 0.01587 -0.045681 0.04829 0.01587 -0.054883 -0.3231 -0.014149 0.2556 0.34479 0.069446 0.17717 -0.33346 -0.08391 0.029497 0.31605 -0.042695 -0.030043 -0.32886 -0.10494 -0.049867 0.3156 -0.082402 -0.10279 -0.17235 -0.27623 -0.27662 0.15673 -0.25989 -0.30813 -0.17462 -0.23912 -0.60844 0.11053 -0.23236 -0.63768 -0.21474 -0.26315 -0.68953 0.13562 -0.29081 -0.70634 0.033333 -0.25273 0.54538
-0.090922 -0.11422 0.3504 0.1983 -0.1199 0.31039 0.056702 -0.18379 0.36136 0.010665 -0.029122 0.061267 -0.056676 0.021043 -0.044074 0.048336 0.021043 -0.053078 -0.32033 -0.018966 0.25621 0.35325 0.058202 0.18827 -0.32018 -0.086278 0.029134 0.31686 -0.024953 -0.031874 -0.3136 -0.10363 -0.050712 0.31246 -0.061389 -0.1066 -0.17654 -0.26824 -0.2762 0.14994 -0.25725 -0.30637 -0.17807 -0.23013 -0.60792 0.10287 -0.22491 -0.63538 -0.21777 -0.25497 -0.68897 0.12674 -0.28463 -0.70339 0.029656 -0.26983 0.53681
-0.091258 -0.12775 0.34765 0.19888 -0.13341 0.30987 0.055715 -0.19936 0.35304 0.010668 -0.032664 0.059344 -0.055996 0.025899 -0.042276 0.048098 0.025899 -0.051086 -0.31427 -0.020575 0.25063 0.35934 0.046921 0.19858 -0.30848 -0.079388 0.021069 0.31797 0.0028858 -0.029836 -0.29942 -0.095868 -0.059713 0.30898 -0.022949 -0.10751 -0.18163 -0.25909 -0.27669 0.14299 -0.25302 -0.30632 -0.18191 -0.2177 -0.60801 0.094669 -0.21296 -0.63425 -0.2209 -0.24363 -0.68904 0.11761 -0.27393 -0.70146 0.024685 -0.28887 0.52607
-0.091228 -0.14375 0.342 0.19822 -0.14588 0.30905 0.055014 -0.21706 0.34255 0.010659 -0.035761 0.057515 -0.055266 0.030071 -0.04041 0.047577 0.030071 -0.049237 -0.3042 -0.024308 0.2375 0.3628 0.036042 0.20674 -0.29828 -0.059116 0.0029448 0.32105 0.039145 -0.024854 -0.28817 -0.078227 -0.077493 0.30805 0.030166 -0.10523 -0.18594 -0.25001 -0.27797 0.13747 -0.24657 -0.30872 -0.18454 -0.20292 -0.60852 0.087596 -0.19675 -0.63506 -0.2224 -0.23044 -0.68956 0.11051 -0.25957 -0.70054 0.019607 -0.30813 0.51392
-0.091305 -0.16087 0.33394 0.19577 -0.15868 0.30656 0.053776 -0.23628 0.3298 0.010441 -0.038259 0.055997 -0.054607 0.032884 -0.039163 0.047209 0.032884 -0.047821 -0.2945 -0.029544 0.22346 0.36294 0.025002 0.21185 -0.28517 -0.032622 -0.012963 0.32277 0.065141 -0.018954 -0.2748 -0.046834 -0.093314 0.30743 0.070995 -0.10031 -0.18982 -0.24169 -0.28054 0.13238 -0.24163 -0.31113 -0.1867 -0.18854 -0.61017 0.081464 -0.18293 -0.63588 -0.22365 -0.21728 -0.69124 0.10394 -0.24641 -0.70088 0.014268 -0.32644 0.50076
-0.091623 -0.17801 0.32391 0.19189 -0.17266 0.30186 0.05186 -0.256 0.31497 0.0099977 -0.040371 0.054611 -0.054038 0.034365 -0.038697 0.047201 0.034365 -0.046794 -0.28665 -0.034058 0.21377 0.35933 0.013961 0.21351 -0.26761 -0.0077607 -0.019834 0.32164 0.073545 -0.013792 -0.25689 -0.0060019 -0.10082 0.30582 0.08769 -0.094089 -0.19384 -0.23428 -0.28408 0.12715 -0.23973 -0.31216 -0.18911 -0.17557 -0.61272 0.075956 -0.17434 -0.63558 -0.22564 -0.20496 -0.69375 0.097036 -0.23644 -0.70232 0.0083486 -0.3429 0.48667
-0.091418 -0.19498 0.31196 0.18863 -0.1875 0.29597 0.050622 -0.275 0.29866 0.0096997 -0.043045 0.052478 -0.053436 0.035783 -0.038177 0.047292 0.035783 -0.045565 -0.27623 -0.034049 0.2099 0.35214 0.0044827 0.21204 -0.24978 0.0086672 -0.022779 0.32027 0.079431 -0.010159 -0.2379 0.026117 -0.1032 0.30449 0.098543 -0.088984 -0.19857 -0.22707 -0.28677 0.12248 -0.2378 -0.31287 -0.19194 -0.16175 -0.61419 0.070881 -0.16606 -0.63486 -0.22811 -0.19233 -0.69491 0.090589 -0.22607 -0.70397 0.0014985 -0.35693 0.47124
-0.090519 -0.21075 0.299 0.1867 -0.202 0.28983 0.050468 -0.29195 0.28216 0.0096312 -0.046337 0.049576 -0.05287 0.037565 -0.037231 0.047383 0.037565 -0.043999 -0.26288 -0.029879 0.21004 0.3426 -0.0024879 0.20911 -0.23684 0.020861 -0.022737 0.32042 0.091957 -0.0067186 -0.2242 0.046039 -0.10116 0.30484 0.11587 -0.084348 -0.204 -0.21923 -0.28862 0.11885 -0.23391 -0.31447 -0.19527 -0.1444 -0.61401 0.066607 -0.15452 -0.63459 -0.23083 -0.17691 -0.69424 0.085568 -0.21227 -0.70584 -0.0062791 -0.36929 0.45452
-0.089835 -0.2229 0.28737 0.18443 -0.21374 0.28407 0.050069 -0.30537 0.26773 0.0093653 -0.048788 0.047341 -0.052733 0.038628 -0.036373 0.047706 0.038628 -0.042757 -0.25341 -0.028669 0.20789 0.33359 -0.0072245 0.20824 -0.23449 0.04994 -0.012301 0.32179 0.10741 0.0010377 -0.22568 0.075387 -0.090142 0.30808 0.13778 -0.07458 -0.20921 -0.20987 -0.29264 0.11619 -0.2287 -0.31803 -0.19909 -0.12075 -0.61417 0.064346 -0.13953 -0.63558 -0.23384 -0.15455 -0.69424 0.082905 -0.19381 -0.70948 -0.014405 -0.38267 0.43737
-0.090517 -0.23127 0.27902 0.18145 -0.2218 0.27944 0.048677 -0.31446 0.25717 0.0087603 -0.049822 0.046371 -0.053046 0.03865 -0.03589 0.048253 0.03865 -0.042116 -0.25049 -0.032939 0.20228 0.327 -0.010463 0.21031 -0.24071 0.096691 0.00892 0.32405 0.12204 0.013803 -0.23995 0.11821 -0.070492 0.31399 0.16073 -0.058435 -0.21339 -0.19984 -0.29912 0.11425 -0.22337 -0.32302 -0.2028 -0.093325 -0.61523 0.064151 -0.12333 -0.63756 -0.23667 -0.12738 -0.69557 0.082423 -0.17318 -0.71457 -0.021877 -0.39727 0.42167
-0.093901 -0.2392 0.27504 0.17957 -0.2277 0.27686 0.046619 -0.31937 0.25137 0.008158 -0.050364 0.045838 -0.053244 0.038621 -0.035615 0.048638 0.038621 -0.041685 -0.24977 -0.037566 0.20006 0.3231 -0.013493 0.21203 -0.24219 0.1301 0.02999 0.32709 0.13378 0.026326 -0.24635 0.14966 -0.050389 0.32044 0.1806 -0.041634 -0.21606 -0.19252 -0.30404 0.11266 -0.21964 -0.32658 -0.20495 -0.072296 -0.61543 0.064276 -0.11122 -0.63869 -0.23813 -0.10682 -0.69586 0.082332 -0.15793 -0.71781 -0.027172 -0.40937 0.41068
-0.099749 -0.24716 0.27532 0.17976 -0.23339 0.27715 0.044095 -0.32066 0.25027 0.0077206 -0.050929 0.045289 -0.05324 0.038922 -0.035295 0.048835 0.038922 -0.041175 -0.24917 -0.03956 0.20359 0.32372 -0.019056 0.21333 -0.23468 0.13913 0.045866 0.33286 0.14051 0.038186 -0.23993 0.16036 -0.033879 0.32861 0.19428 -0.024689 -0.2178 -0.18777 -0.30647 0.11137 -0.21733 -0.32821 -0.20551 -0.060189 -0.61488 0.064119 -0.10419 -0.63882 -0.23835 -0.095819 -0.69495 0.082034 -0.14971 -0.71866 -0.030177 -0.41705 0.40557
-0.10564 -0.25138 0.2781 0.18161 -0.24097 0.28082 0.041029 -0.3193 0.25256 0.0073147 -0.051308 0.044943 -0.053645 0.038964 -0.034622 0.049343 0.038964 -0.040518 -0.25053 -0.039711 0.20815 0.33285 -0.031628 0.21874 -0.22755 0.14346 0.060714 0.34593 0.14005 0.056 -0.23893 0.16538 -0.01851 0.34437 0.20028 -0.00046827 -0.22053 -0.1804 -0.31019 0.11084 -0.2137 -0.33087 -0.20641 -0.048284 -0.61647 0.064838 -0.096992 -0.6403 -0.23934 -0.084774 -0.69613 0.08273 -0.14162 -0.72058 -0.03274 -0.4213 0.40443
-0.10932 -0.25075 0.28023 0.18406 -0.24855 0.28437 0.038346 -0.31699 0.25591 0.0069833 -0.051352 0.044943 -0.054517 0.0387 -0.033537 0.050075 0.0387 -0.039866 -0.25367 -0.038765 0.21022 0.34831 -0.048461 0.22523 -0.22516 0.15193 0.073413 0.3652 0.13534 0.076714 -0.24724 0.17535 -0.0039042 0.36702 0.20135 0.027187 -0.2237 -0.1683 -0.31714 0.11097 -0.20709 -0.33618 -0.20758 -0.032299 -0.62162 0.066757 -0.08682 -0.64449 -0.24097 -0.06904 -0.70097 0.084762 -0.13022 -0.72543 -0.035423 -0.4236 0.40458
-0.10894 -0.24795 0.27704 0.18543 -0.24925 0.27949 0.038252 -0.31623 0.25692 0.0070212 -0.051062 0.045267 -0.055159 0.038846 -0.032306 0.050159 0.038846 -0.039629 -0.25554 -0.0371 0.20852 0.36005 -0.057679 0.21989 -0.22427 0.15677 0.075423 0.38212 0.13568 0.084566 -0.24857 0.19276 0.0070596 0.38714 0.20534 0.040081 -0.22354 -0.15376 -0.32643 0.11102 -0.19742 -0.34369 -0.20628 -0.01471 -0.62955 0.06899 -0.074574 -0.65132 -0.24026 -0.051532 -0.70861 0.087232 -0.11725 -0.73261 -0.036926 -0.42577 0.40277
-0.10405 -0.24498 0.26927 0.18716 -0.2425 0.26666 0.042263 -0.31667 0.25568 0.0076718 -0.050508 0.045783 -0.055364 0.039547 -0.031079 0.049244 0.039547 -0.040082 -0.25431 -0.036104 0.2025 0.3656 -0.056677 0.20053 -0.22354 0.15476 0.065189 0.39239 0.14239 0.074665 -0.23985 0.21253 0.01169 0.39973 0.21369 0.033202 -0.21825 -0.13914 -0.33686 0.11131 -0.18452 -0.35304 -0.20243 0.0011044 -0.63953 0.071185 -0.060968 -0.66065 -0.23686 -0.036014 -0.71826 0.089918 -0.10348 -0.74191 -0.034788 -0.42817 0.39905
-0.095826 -0.24264 0.26403 0.19416 -0.23548 0.25703 0.050883 -0.31463 0.25644 0.0090821 -0.049835 0.046247 -0.055555 0.040216 -0.029857 0.047656 0.040216 -0.041306 -0.24986 -0.038319 0.19226 0.37184 -0.054384 0.17822 -0.22443 0.14948 0.05003 0.39727 0.14703 0.055976 -0.23501 0.22156 0.0079324 0.40577 0.22002 0.018188 -0.20872 -0.12649 -0.34711 0.11339 -0.16806 -0.36406 -0.19929 0.011319 -0.65104 0.073692 -0.046249 -0.67239 -0.23363 -0.026553 -0.72944 0.093468 -0.088184 -0.7537 -0.02547 -0.42945 0.39746
-0.08632 -0.24092 0.26333 0.2053 -0.2304 0.25344 0.062163 -0.30947 0.26022 0.010968 -0.049138 0.046581 -0.055728 0.040601 -0.029005 0.045718 0.040601 -0.043083 -0.24318 -0.043932 0.17842 0.3788 -0.053205 0.15813 -0.22889 0.14508 0.036297 0.3965 0.14818 0.034451 -0.2403 0.21881 -0.0017412 0.4049 0.22321 0.00083546 -0.19691 -0.11698 -0.3563 0.11681 -0.14991 -0.37551 -0.198 0.014917 -0.66297 0.076062 -0.031871 -0.68516 -0.23175 -0.024045 -0.7411 0.097363 -0.072537 -0.76673 -0.0099815 -0.42892 0.39958
-0.078435 -0.2389 0.26326 0.21272 -0.22358 0.24908 0.071557 -0.30417 0.26424 0.012585 -0.048456 0.046901 -0.055397 0.040867 -0.029254 0.043709 0.040867 -0.044879 -0.23624 -0.050442 0.16207 0.37851 -0.047852 0.13805 -0.23889 0.14553 0.028184 0.38784 0.15244 0.011796 -0.25224 0.2167 -0.010278 0.3951 0.22824 -0.020491 -0.18575 -0.1106 -0.36405 0.1189 -0.13422 -0.38505 -0.19719 0.014101 -0.67363 0.076973 -0.020553 -0.69621 -0.23031 -0.025787 -0.75156 0.099807 -0.059853 -0.77804 0.0056329 -0.42674 0.40413
-0.074176 -0.23584 0.26258 0.21343 -0.21536 0.24355 0.076063 -0.30039 0.26729 0.013457 -0.047871 0.047257 -0.05485 0.041013 -0.030077 0.042116 0.041013 -0.046244 -0.22995 -0.055472 0.14491 0.36961 -0.040685 0.11797 -0.24964 0.14476 0.01772 0.37283 0.15838 -0.010342 -0.26428 0.21569 -0.020581 0.37806 0.23366 -0.044114 -0.17717 -0.10407 -0.37071 0.11861 -0.12139 -0.39235 -0.19693 0.012842 -0.68289 0.076638 -0.012443 -0.7052 -0.22967 -0.027689 -0.76065 0.10071 -0.050674 -0.78718 0.017564 -0.42272 0.41068
-0.074446 -0.23126 0.26314 0.20992 -0.21035 0.24332 0.074593 -0.29823 0.26998 0.013438 -0.047499 0.047628 -0.055141 0.040861 -0.029727 0.04159 0.040861 -0.046871 -0.22397 -0.057046 0.12909 0.3578 -0.041802 0.10051 -0.24993 0.12719 -0.014407 0.35676 0.15618 -0.030364 -0.26758 0.20349 -0.045648 0.35924 0.23134 -0.064946 -0.17186 -0.091005 -0.37732 0.11681 -0.10783 -0.39917 -0.19879 0.01652 -0.69224 0.076809 -0.0049999 -0.71428 -0.23144 -0.024651 -0.7697 0.10175 -0.042593 -0.79629 0.024733 -0.41629 0.4198
-0.077319 -0.22576 0.26522 0.20541 -0.20856 0.24794 0.069903 -0.29653 0.27309 0.012888 -0.047191 0.048085 -0.056069 0.040431 -0.028561 0.041643 0.040431 -0.0472 -0.21598 -0.055948 0.1148 0.34276 -0.048119 0.08626 -0.24017 0.096039 -0.062781 0.33948 0.14542 -0.051322 -0.26021 0.17539 -0.088349 0.34061 0.22012 -0.087036 -0.16859 -0.071719 -0.38438 0.11411 -0.092668 -0.40626 -0.202 0.025332 -0.70208 0.077247 0.0033272 -0.7239 -0.23466 -0.016632 -0.77912 0.10284 -0.03393 -0.80587 0.029187 -0.4079 0.4306
-0.078438 -0.22082 0.26754 0.20338 -0.20554 0.25039 0.068039 -0.29302 0.27746 0.012604 -0.046544 0.048791 -0.056252 0.039928 -0.028922 0.040777 0.039928 -0.048326 -0.20223 -0.055463 0.10046 0.3185 -0.044347 0.073783 -0.23191 0.072226 -0.098782 0.3158 0.13477 -0.080225 -0.24709 0.13466 -0.14097 0.32063 0.20553 -0.12259 -0.16449 -0.052829 -0.39183 0.11083 -0.077712 -0.41336 -0.20362 0.034615 -0.7117 0.075762 0.012999 -0.73281 -0.23604 -0.0082929 -0.7883 0.10212 -0.023859 -0.81471 0.035605 -0.39878 0.44093
-0.078198 -0.21533 0.27041 0.20289 -0.19911 0.25039 0.068716 -0.28589 0.28465 0.012547 -0.045388 0.049882 -0.05555 0.039161 -0.031224 0.039346 0.039161 -0.050114 -0.18634 -0.05624 0.087132 0.28742 -0.031631 0.062565 -0.22879 0.059559 -0.11616 0.28758 0.12554 -0.11393 -0.23561 0.086655 -0.18904 0.29973 0.1866 -0.16842 -0.15981 -0.036218 -0.39923 0.10611 -0.063329 -0.42028 -0.20376 0.043764 -0.72042 0.070962 0.024271 -0.74057 -0.23575 -6.8502e-05 -0.79667 0.098189 -0.011965 -0.82247 0.04378 -0.38706 0.45224
-0.081138 -0.20597 0.27548 0.19921 -0.18934 0.25375 0.066074 -0.27396 0.29662 0.011944 -0.043767 0.051453 -0.054941 0.037603 -0.034112 0.039304 0.037603 -0.051359 -0.17807 -0.056442 0.078144 0.25928 -0.025539 0.053052 -0.22715 0.04636 -0.12906 0.26297 0.11233 -0.1405 -0.23447 0.038385 -0.21364 0.28013 0.15674 -0.20771 -0.15753 -0.019321 -0.40585 0.098195 -0.048538 -0.42689 -0.20515 0.055904 -0.72767 0.062356 0.03724 -0.74758 -0.23702 0.011457 -0.80365 0.090198 0.001816 -0.82962 0.049157 -0.36826 0.469
-0.088086 -0.19155 0.28296 0.19126 -0.17737 0.26149 0.058445 -0.25804 0.31219 0.010606 -0.041735 0.053402 -0.05468 0.035202 -0.036976 0.04089 0.035202 -0.051816 -0.17821 -0.053943 0.074109 0.23791 -0.027868 0.046755 -0.22566 0.030508 -0.14188 0.24533 0.094315 -0.15667 -0.2413 -0.0023181 -0.21674 0.26348 0.11799 -0.23349 -0.15768 -0.00049474 -0.41128 0.087449 -0.033122 -0.43273 -0.20766 0.072469 -0.73325 0.05132 0.051843 -0.75362 -0.23974 0.027624 -0.80893 0.079294 0.017286 -0.83598 0.049661 -0.34211 0.49042
-0.096607 -0.17291 0.29177 0.18121 -0.16508 0.2705 0.047955 -0.24058 0.32759 0.0088652 -0.039365 0.055457 -0.054395 0.032321 -0.039859 0.04288 0.032321 -0.052052 -0.18011 -0.046705 0.073327 0.222 -0.028892 0.0458 -0.22513 0.018031 -0.15038 0.2339 0.074708 -0.16657 -0.24503 -0.027359 -0.2172 0.25078 0.079631 -0.24759 -0.15784 0.020746 -0.41536 0.076047 -0.017625 -0.43716 -0.2088 0.093122 -0.73731 0.040695 0.067755 -0.75802 -0.24112 0.047762 -0.81243 0.068227 0.033912 -0.84083 0.045579 -0.31205 0.51137
-0.10392 -0.15348 0.30076 0.17245 -0.15343 0.27855 0.038456 -0.22339 0.34075 0.0072379 -0.036982 0.057306 -0.053969 0.029582 -0.042485 0.044467 0.029582 -0.052352 -0.18057 -0.036596 0.074724 0.2112 -0.025816 0.048567 -0.22512 0.0099457 -0.15345 0.22798 0.056151 -0.17294 -0.24444 -0.034455 -0.22131 0.24269 0.048743 -0.25407 -0.15696 0.041061 -0.41815 0.066107 -0.0038827 -0.44006 -0.20803 0.11371 -0.74002 0.032248 0.082707 -0.76075 -0.24151 0.068851 -0.81489 0.059028 0.049186 -0.84394 0.039524 -0.28316 0.52869
-0.1073 -0.13827 0.30881 0.16891 -0.14256 0.28435 0.034641 -0.20769 0.35101 0.0063221 -0.035059 0.058639 -0.053508 0.02771 -0.044358 0.045262 0.02771 -0.052743 -0.17941 -0.02829 0.077745 0.20593 -0.021415 0.050733 -0.22428 0.003276 -0.15267 0.22691 0.040662 -0.17722 -0.24572 -0.026609 -0.2253 0.2394 0.029891 -0.25824 -0.15526 0.054635 -0.41982 0.059462 0.0055488 -0.44174 -0.20647 0.12768 -0.74158 0.026726 0.093236 -0.76226 -0.24331 0.086085 -0.81745 0.052953 0.059438 -0.8455 0.035648 -0.26117 0.54098
-0.10761 -0.12705 0.31576 0.1694 -0.1318 0.28834 0.035497 -0.1934 0.35897 0.0060268 -0.033463 0.059587 -0.053216 0.026263 -0.045558 0.045729 0.026263 -0.053071 -0.17808 -0.023078 0.081461 0.20481 -0.016839 0.051351 -0.22304 -0.0033716 -0.15024 0.22806 0.029081 -0.18006 -0.24857 -0.017028 -0.2271 0.23848 0.019321 -0.26155 -0.15383 0.062277 -0.4205 0.055306 0.011756 -0.44254 -0.20551 0.13549 -0.74214 0.022874 0.10021 -0.76287 -0.24324 0.094586 -0.81808 0.048889 0.066045 -0.84602 0.035094 -0.24416 0.54965
-0.108 -0.11595 0.32203 0.16933 -0.12001 0.2921 0.036202 -0.17953 0.366 0.005797 -0.031654 0.060569 -0.053344 0.024057 -0.046555 0.046837 0.024057 -0.05309 -0.17886 -0.019737 0.084665 0.20537 -0.012048 0.051834 -0.22292 -0.01051 -0.14854 0.22775 0.021265 -0.1817 -0.24811 -0.024491 -0.22626 0.23599 0.0080453 -0.26282 -0.15423 0.069318 -0.42026 0.051104 0.018233 -0.44275 -0.20657 0.14246 -0.74182 0.018208 0.1074 -0.76284 -0.23494 0.090729 -0.81317 0.044211 0.07367 -0.84624 0.036758 -0.22514 0.55782
-0.10836 -0.10428 0.32671 0.16814 -0.10742 0.2952 0.036316 -0.16534 0.37261 0.0055697 -0.029579 0.061636 -0.05379 0.021182 -0.047448 0.048305 0.021182 -0.053018 -0.18017 -0.017001 0.086168 0.20808 -0.0082747 0.051787 -0.2226 -0.022971 -0.14738 0.22728 0.015441 -0.18323 -0.2423 -0.046179 -0.22438 0.23278 -0.0033478 -0.26356 -0.15598 0.076805 -0.41945 0.046683 0.025254 -0.44276 -0.20899 0.14987 -0.74091 0.012824 0.11528 -0.7625 -0.22605 0.086551 -0.80772 0.038743 0.081938 -0.8461 0.039198 -0.20367 0.56604
-0.10653 -0.09342 0.32824 0.16792 -0.095145 0.29603 0.038206 -0.15034 0.37868 0.0055934 -0.0275 0.0626 -0.054233 0.018525 -0.048093 0.049089 0.018525 -0.053337 -0.17824 -0.013691 0.084997 0.21493 -0.007338 0.049735 -0.21906 -0.047185 -0.14497 0.23079 0.0090242 -0.18617 -0.23126 -0.065866 -0.22404 0.23261 -0.0084624 -0.26684 -0.15725 0.082962 -0.41851 0.043366 0.031035 -0.44294 -0.21092 0.15636 -0.73979 0.0084356 0.12218 -0.76225 -0.23171 0.10183 -0.81123 0.033899 0.087599 -0.84521 0.040929 -0.18355 0.57317
-0.10291 -0.083236 0.32779 0.16884 -0.083458 0.2951 0.04173 -0.13472 0.38412 0.0058075 -0.0254 0.063457 -0.054571 0.016135 -0.048556 0.049188 0.016135 -0.054002 -0.17354 -0.0095325 0.082365 0.22324 -0.0078007 0.046245 -0.21122 -0.074561 -0.14185 0.2368 0.0025375 -0.19013 -0.21658 -0.081998 -0.22396 0.23547 -0.0093501 -0.27187 -0.15766 0.087646 -0.41763 0.041046 0.035553 -0.44325 -0.21233 0.16202 -0.73851 0.0050604 0.12802 -0.76207 -0.24399 0.1243 -0.81776 0.030136 0.094007 -0.84537 0.042178 -0.16483 0.57909
-0.099376 -0.072697 0.32803 0.16996 -0.072121 0.29417 0.045249 -0.11908 0.38887 0.0059738 -0.0231 0.064313 -0.054835 0.013564 -0.049021 0.04922 0.013564 -0.054656 -0.16907 -0.0048372 0.080668 0.22787 -0.0065487 0.043052 -0.19951 -0.088952 -0.13966 0.24067 -0.001993 -0.19363 -0.20071 -0.10148 -0.22066 0.23895 -0.012852 -0.2757 -0.15767 0.091695 -0.41679 0.038794 0.039806 -0.44341 -0.21426 0.16785 -0.73692 0.0016999 0.13366 -0.7617 -0.24284 0.12506 -0.81333 0.027019 0.1071 -0.84893 0.044178 -0.14542 0.58435
-0.096446 -0.061384 0.32937 0.17105 -0.060903 0.29373 0.048295 -0.10347 0.39292 0.0060764 -0.02057 0.065159 -0.055002 0.010818 -0.049523 0.049319 0.010818 -0.055185 -0.16622 -0.00011047 0.080312 0.22925 -0.0043704 0.040565 -0.18652 -0.093974 -0.13669 0.2421 -0.0073141 -0.19612 -0.18532 -0.12166 -0.21418 0.24124 -0.019663 -0.27795 -0.1575 0.095164 -0.41602 0.036681 0.043684 -0.44338 -0.21682 0.17385 -0.73505 -0.0019499 0.13927 -0.76097 -0.23352 0.11228 -0.80234 0.021337 0.11631 -0.84982 0.047427 -0.12507 0.589
-0.093855 -0.049404 0.33091 0.17234 -0.049721 0.29358 0.051057 -0.087817 0.3963 0.0062192 -0.017895 0.065921 -0.055023 0.0081707 -0.050005 0.049338 0.0081707 -0.055622 -0.16525 0.0040609 0.080559 0.23078 -0.0040167 0.03845 -0.17584 -0.10314 -0.12992 0.24321 -0.018041 -0.19765 -0.17166 -0.13494 -0.20661 0.24112 -0.027045 -0.27966 -0.15717 0.097645 -0.41539 0.035315 0.046486 -0.44329 -0.21955 0.17948 -0.73304 -0.0057409 0.1446 -0.75979 -0.23407 0.11298 -0.79847 0.0092576 0.10467 -0.83898 0.051825 -0.10487 0.59282
-0.091728 -0.038327 0.33218 0.17362 -0.039764 0.29355 0.053352 -0.073787 0.39887 0.0063937 -0.015425 0.06653 -0.054967 0.005936 -0.05038 0.049225 0.005936 -0.056005 -0.16537 0.0073423 0.080914 0.23277 -0.0050821 0.036784 -0.16892 -0.11374 -0.12258 0.24436 -0.030025 -0.19854 -0.16122 -0.14084 -0.20041 0.23936 -0.034234 -0.28094 -0.15641 0.098814 -0.41511 0.03476 0.04817 -0.44324 -0.2219 0.18426 -0.73118 -0.0091869 0.14914 -0.75846 -0.24301 0.12576 -0.80117 -0.0037554 0.085909 -0.82557 0.055828 -0.087683 0.59563
-0.090353 -0.030159 0.33295 0.17451 -0.032589 0.29355 0.054834 -0.063557 0.4005 0.0065361 -0.013563 0.066936 -0.054958 0.0043782 -0.05056 0.048983 0.0043782 -0.056368 -0.16537 0.0096148 0.081051 0.23396 -0.005618 0.035823 -0.16578 -0.11579 -0.12038 0.24493 -0.035695 -0.19919 -0.15529 -0.14274 -0.19772 0.23758 -0.041795 -0.28133 -0.15487 0.098412 -0.41541 0.034763 0.049091 -0.44333 -0.2233 0.18783 -0.72976 -0.011721 0.1524 -0.75744 -0.24928 0.13528 -0.80289 -0.0086752 0.086286 -0.82571 0.057432 -0.07666 0.59732
-0.089587 -0.023833 0.33327 0.17489 -0.027023 0.29358 0.05558 -0.055802 0.40153 0.0066336 -0.012005 0.067216 -0.055014 0.0031951 -0.050582 0.048681 0.0031951 -0.056703 -0.16526 0.011424 0.080909 0.2343 -0.005276 0.035397 -0.16434 -0.11324 -0.12074 0.2439 -0.039056 -0.19907 -0.1523 -0.14378 -0.19661 0.2348 -0.052269 -0.28017 -0.15299 0.096331 -0.41619 0.034915 0.049872 -0.44345 -0.22326 0.19023 -0.72882 -0.013622 0.15503 -0.75662 -0.2522 0.14025 -0.80255 -0.0092549 0.096175 -0.8299 0.057424 -0.069316 0.59833
-0.089096 -0.017074 0.33327 0.17484 -0.020862 0.29368 0.055883 -0.047813 0.40249 0.006702 -0.01019 0.067493 -0.055101 0.0018831 -0.050543 0.048407 0.0018831 -0.056986 -0.16562 0.013533 0.080591 0.23432 -0.0045233 0.03517 -0.16192 -0.11555 -0.11791 0.24039 -0.048516 -0.19738 -0.14961 -0.1464 -0.1937 0.22927 -0.068186 -0.27696 -0.15148 0.092647 -0.41717 0.0348 0.051144 -0.44342 -0.2213 0.19169 -0.7283 -0.015502 0.15807 -0.75571 -0.25564 0.14602 -0.80225 -0.014178 0.092024 -0.81961 0.057767 -0.060987 0.59931
-0.088774 -0.010304 0.33333 0.17486 -0.014655 0.29401 0.056043 -0.039935 0.40337 0.0067724 -0.0083677 0.067744 -0.055181 0.00059841 -0.050493 0.048167 0.00059841 -0.057222 -0.16639 0.015775 0.08046 0.2344 -0.0038161 0.035196 -0.15932 -0.11979 -0.11376 0.23584 -0.06106 -0.19471 -0.14757 -0.14876 -0.19033 0.22308 -0.084278 -0.27306 -0.15033 0.088268 -0.41819 0.034544 0.052562 -0.4433 -0.21694 0.19235 -0.72839 -0.017219 0.16116 -0.75478 -0.25819 0.15382 -0.803 -0.020073 0.083571 -0.80671 0.05856 -0.052278 0.60024
-0.088578 -0.0049718 0.33371 0.17545 -0.0099616 0.29461 0.056315 -0.033663 0.40394 0.0068782 -0.0070624 0.067893 -0.055227 -0.00026716 -0.050453 0.047928 -0.00026716 -0.057431 -0.1672 0.017636 0.080804 0.23476 -0.0035325 0.035573 -0.15855 -0.11849 -0.11308 0.23231 -0.069404 -0.19225 -0.14755 -0.14767 -0.18963 0.21937 -0.093046 -0.27042 -0.14928 0.084269 -0.41917 0.03447 0.053451 -0.44328 -0.20981 0.19212 -0.72934 -0.018372 0.16345 -0.75408 -0.25633 0.1628 -0.80519 -0.019501 0.091689 -0.81265 0.059108 -0.045842 0.60082
-0.088133 -0.00076457 0.33329 0.17567 -0.0063223 0.29457 0.056583 -0.028474 0.4043 0.0070204 -0.006067 0.067968 -0.055272 -0.00085458 -0.050393 0.047674 -0.00085458 -0.057633 -0.16774 0.019214 0.08048 0.2347 -0.0035542 0.035418 -0.15882 -0.11339 -0.11575 0.22873 -0.07419 -0.19076 -0.14806 -0.1445 -0.1916 0.21611 -0.09717 -0.2692 -0.1486 0.080131 -0.42009 0.034463 0.054102 -0.44331 -0.20065 0.18985 -0.73113 -0.019211 0.16526 -0.75356 -0.24945 0.17124 -0.80883 -0.016485 0.10495 -0.8248 0.059295 -0.041233 0.60113
-0.087186 0.0032621 0.33118 0.17459 -0.002572 0.29318 0.056668 -0.023198 0.40462 0.0071882 -0.0049436 0.068035 -0.055367 -0.0014813 -0.05027 0.047398 -0.0014813 -0.057845 -0.16791 0.020828 0.078551 0.23376 -0.0035702 0.034065 -0.1586 -0.10929 -0.11932 0.2235 -0.078957 -0.19032 -0.14727 -0.14182 -0.19463 0.2101 -0.10277 -0.26836 -0.14868 0.074939 -0.42093 0.034268 0.055106 -0.44329 -0.19072 0.1844 -0.73353 -0.020191 0.16729 -0.75303 -0.23852 0.17711 -0.81359 -0.018427 0.1028 -0.82086 0.059327 -0.036889 0.60139
-0.087202 0.007164 0.33189 0.17567 0.0012982 0.29405 0.057033 -0.018197 0.40484 0.007385 -0.0038328 0.06809 -0.055496 -0.0020985 -0.050108 0.047114 -0.0020985 -0.058059 -0.1691 0.022479 0.079488 0.23533 -0.0034224 0.035073 -0.15942 -0.10468 -0.12027 0.22025 -0.083596 -0.18743 -0.14907 -0.13705 -0.19571 0.20543 -0.10942 -0.26458 -0.14918 0.069734 -0.4216 0.033948 0.056294 -0.44324 -0.18188 0.17778 -0.73583 -0.021247 0.16939 -0.75251 -0.22695 0.17887 -0.81788 -0.022126 0.097197 -0.81226 0.059878 -0.032789 0.60155
-0.089798 0.010698 0.34052 0.18281 0.0048396 0.30121 0.058208 -0.014287 0.40484 0.0076209 -0.003052 0.068106 -0.055623 -0.0025402 -0.049948 0.046836 -0.0025402 -0.058267 -0.17275 0.024089 0.088352 0.24307 -0.0031487 0.042444 -0.16372 -0.096035 -0.11579 0.2234 -0.086825 -0.17845 -0.15842 -0.12646 -0.19223 0.2076 -0.11453 -0.25476 -0.14958 0.065926 -0.42202 0.033678 0.057283 -0.44323 -0.17575 0.17256 -0.73736 -0.02213 0.17117 -0.7521 -0.21856 0.17592 -0.82011 -0.021428 0.10856 -0.81938 0.061586 -0.029412 0.6015
-0.093338 0.013987 0.35258 0.19214 0.0076582 0.31108 0.059572 -0.011287 0.40473 0.0079069 -0.0025732 0.068091 -0.055768 -0.0028219 -0.049769 0.046532 -0.0028219 -0.058496 -0.17724 0.025869 0.10065 0.25305 -0.0035964 0.052602 -0.17199 -0.08294 -0.10985 0.22912 -0.089196 -0.1671 -0.17245 -0.11201 -0.18721 0.21283 -0.11825 -0.2428 -0.14981 0.062409 -0.42239 0.033516 0.058251 -0.44326 -0.17106 0.1669 -0.7388 -0.022756 0.17277 -0.75182 -0.21411 0.17212 -0.82157 -0.018166 0.1293 -0.83421 0.063768 -0.026483 0.60137
-0.095428 0.017264 0.36119 0.19796 0.0094942 0.31815 0.060291 -0.0085733 0.40471 0.0082531 -0.0022482 0.068061 -0.05597 -0.0030187 -0.04953 0.046156 -0.0030187 -0.058784 -0.1802 0.028031 0.10951 0.2596 -0.0055842 0.060046 -0.1838 -0.066238 -0.10781 0.23168 -0.091628 -0.159 -0.18667 -0.096799 -0.18497 0.21502 -0.1215 -0.2343 -0.15 0.057505 -0.42294 0.033418 0.059522 -0.44332 -0.16615 0.15756 -0.74116 -0.023154 0.17457 -0.75163 -0.2127 0.16945 -0.82396 -0.016436 0.14414 -0.84122 0.065447 -0.023454 0.60134
-0.096169 0.020634 0.36624 0.20082 0.010718 0.32198 0.060726 -0.0051359 0.4047 0.0086607 -0.0019754 0.068019 -0.056228 -0.003157 -0.049229 0.045663 -0.003157 -0.059161 -0.18163 0.030199 0.11473 0.26298 -0.0081036 0.06424 -0.19753 -0.04724 -0.10868 0.23168 -0.093286 -0.1547 -0.20378 -0.078455 -0.18508 0.21461 -0.12366 -0.2297 -0.15027 0.051604 -0.42353 0.033037 0.061076 -0.44342 -0.16302 0.14245 -0.7446 -0.023647 0.17682 -0.75145 -0.21043 0.15055 -0.82552 -0.016342 0.15308 -0.8418 0.066766 -0.019808 0.60133
-0.096386 0.024115 0.3697 0.20302 0.011793 0.32388 0.061486 -0.00042732 0.4046 0.0091262 -0.0016896 0.067966 -0.05653 -0.0032405 -0.048877 0.045029 -0.0032405 -0.059639 -0.18224 0.032136 0.11827 0.26522 -0.0097926 0.066362 -0.21153 -0.026998 -0.10947 0.23144 -0.093085 -0.15293 -0.22738 -0.053647 -0.18546 0.21392 -0.12386 -0.22767 -0.15065 0.045702 -0.42397 0.032064 0.062762 -0.44359 -0.16406 0.12091 -0.74884 -0.024524 0.17972 -0.75117 -0.20417 0.099655 -0.82406 -0.016733 0.16064 -0.84208 0.068164 -0.015328 0.6012
-0.096207 0.027522 0.37258 0.20488 0.01255 0.32503 0.062351 0.0030617 0.40446 0.0096363 -0.001429 0.067902 -0.056858 -0.0032428 -0.048494 0.044324 -0.0032428 -0.060166 -0.18237 0.035359 0.12126 0.26673 -0.010702 0.06757 -0.22592 -0.0044029 -0.1083 0.2309 -0.091754 -0.15224 -0.25323 -0.023737 -0.18387 0.21324 -0.12266 -0.22689 -0.15083 0.040244 -0.42429 0.030903 0.064397 -0.44382 -0.16724 0.097533 -0.75281 -0.025391 0.1832 -0.75075 -0.1997 0.043467 -0.8214 -0.017051 0.16754 -0.84263 0.069621 -0.01126 0.60108
-0.095538 0.030694 0.37539 0.20623 0.012753 0.3263 0.062966 0.002793 0.40438 0.010172 -0.0012563 0.067827 -0.057198 -0.003137 -0.0481 0.043629 -0.003137 -0.060677 -0.18222 0.041476 0.12437 0.26752 -0.011166 0.068768 -0.24087 0.021637 -0.10417 0.22942 -0.090322 -0.15136 -0.27546 0.0085301 -0.17866 0.21226 -0.12085 -0.22628 -0.1505 0.035467 -0.42459 0.030083 0.065821 -0.44409 -0.16977 0.077353 -0.75546 -0.025734 0.18714 -0.75012 -0.20367 0.013954 -0.82012 -0.016988 0.17341 -0.84244 0.071005 -0.008981 0.60112
-0.094312 0.033902 0.37779 0.20729 0.012799 0.32735 0.063608 0.00055438 0.4043 0.010703 -0.0011958 0.067746 -0.057536 -0.0029389 -0.047707 0.042972 -0.0029389 -0.061154 -0.18178 0.049922 0.12731 0.26808 -0.010733 0.06967 -0.25427 0.048896 -0.098324 0.22707 -0.088532 -0.15041 -0.29229 0.04094 -0.17135 0.21065 -0.11803 -0.2259 -0.14973 0.031434 -0.42488 0.02964 0.067015 -0.44439 -0.17202 0.059632 -0.75685 -0.025477 0.19147 -0.74929 -0.21322 0.0043614 -0.82031 -0.016518 0.17867 -0.84158 0.072349 -0.0082825 0.60118
-0.092467 0.037541 0.37919 0.20846 0.013272 0.32751 0.064739 -0.00059464 0.40413 0.011197 -0.0012603 0.067665 -0.057863 -0.0026772 -0.047327 0.042361 -0.0026772 -0.061591 -0.18103 0.059486 0.12949 0.26906 -0.0087229 0.069647 -0.26332 0.074177 -0.09272 0.22414 -0.085745 -0.14993 -0.30318 0.071436 -0.1644 0.2081 -0.11349 -0.22616 -0.14874 0.028155 -0.42513 0.029463 0.068008 -0.44471 -0.17527 0.041932 -0.75741 -0.024679 0.19617 -0.74824 -0.2227 -0.0034448 -0.82134 -0.015698 0.18398 -0.84046 0.073736 -0.0084902 0.60105
-0.089941 0.042009 0.379 0.21009 0.014755 0.32606 0.06682 0.0024055 0.40376 0.011619 -0.0014627 0.06759 -0.058166 -0.0023803 -0.046969 0.041805 -0.0023803 -0.061981 -0.17992 0.068961 0.13035 0.27109 -0.0044543 0.068066 -0.26525 0.09428 -0.089295 0.22092 -0.081325 -0.15044 -0.30756 0.09796 -0.16026 0.20429 -0.10649 -0.22744 -0.14771 0.025644 -0.42531 0.029442 0.068827 -0.44502 -0.1808 0.021816 -0.75754 -0.023395 0.20122 -0.74697 -0.22649 -0.027602 -0.82259 -0.014583 0.18999 -0.83947 0.075248 -0.0089299 0.60052
