-0.14302 0.0054612 0.32718 0.13548 -0.015508 0.3215 -0.0024378 -0.011225 0.40912 -6.1687e-05 -0.00070261 0.068593 -0.052238 -0.00055492 -0.053534 0.052525 -0.00055492 -0.053253 -0.20777 0.038069 0.071457 0.29752 -0.19159 0.20579 -0.22483 -0.00071635 -0.16173 0.28208 -0.3053 0.41315 -0.2067 -0.010209 -0.24185 0.25654 -0.30204 0.49174 -0.049364 0.079984 -0.43491 0.098822 0.045608 -0.43753 -0.028966 0.15889 -0.75871 0.13522 0.10045 -0.76488 -0.063164 0.14169 -0.84413 0.10222 0.10688 -0.85223 0.013159 -0.074797 0.59521
-0.14329 0.0058177 0.3274 0.13553 -0.015914 0.32191 -0.0026098 -0.011004 0.40912 -0.00021369 -0.00052894 0.068604 -0.052215 -0.00058713 -0.053561 0.052548 -0.00058713 -0.053231 -0.20722 0.037898 0.071369 0.29809 -0.19368 0.20991 -0.22448 -0.00091428 -0.16179 0.27344 -0.29344 0.41328 -0.2066 -0.010463 -0.24196 0.24881 -0.2919 0.48944 -0.049528 0.07991 -0.43496 0.098305 0.045765 -0.43757 -0.029476 0.15926 -0.75867 0.13455 0.10071 -0.76492 -0.063027 0.14218 -0.84436 0.10143 0.1066 -0.85231 0.014527 -0.075186 0.59484
-0.14336 0.0058927 0.32761 0.13574 -0.01646 0.32222 -0.0025752 -0.011044 0.40912 -0.00028887 -0.00044602 0.068611 -0.052225 -0.00058581 -0.053555 0.052555 -0.00058581 -0.053225 -0.20683 0.037716 0.071406 0.29894 -0.1956 0.21359 -0.22434 -0.00109 -0.16174 0.26656 -0.28458 0.41535 -0.20669 -0.01064 -0.24196 0.24227 -0.28377 0.48994 -0.049846 0.079944 -0.43495 0.097624 0.046068 -0.43762 -0.030196 0.15976 -0.75858 0.13367 0.10114 -0.76497 -0.063163 0.14279 -0.84451 0.10054 0.10647 -0.85241 0.015956 -0.075672 0.59454
-0.14323 0.0057071 0.32781 0.1361 -0.017139 0.32244 -0.0023443 -0.011329 0.40912 -0.00029356 -0.00044644 0.068614 -0.052264 -0.00055364 -0.053518 0.052547 -0.00055364 -0.053234 -0.20658 0.037521 0.071559 0.30001 -0.1974 0.21683 -0.22437 -0.0012474 -0.16157 0.2614 -0.27855 0.41893 -0.20696 -0.010747 -0.24184 0.23695 -0.27763 0.4927 -0.050305 0.080078 -0.43489 0.096796 0.046503 -0.43768 -0.03111 0.16036 -0.75843 0.13261 0.10174 -0.76502 -0.063554 0.14349 -0.84458 0.099545 0.10646 -0.85254 0.01745 -0.076257 0.5943
-0.14292 0.005282 0.32801 0.1366 -0.017945 0.32258 -0.0019273 -0.011841 0.40911 -0.0002341 -0.00052274 0.068614 -0.05233 -0.00049334 -0.053453 0.052524 -0.00049334 -0.053257 -0.20644 0.037313 0.071821 0.30128 -0.19908 0.21966 -0.22456 -0.0013904 -0.16129 0.25789 -0.27515 0.42361 -0.20738 -0.010793 -0.24163 0.2329 -0.27348 0.49719 -0.050891 0.080301 -0.4348 0.095835 0.047059 -0.43774 -0.032202 0.16106 -0.75825 0.13138 0.10249 -0.76509 -0.064181 0.14427 -0.84459 0.09846 0.10658 -0.85268 0.019008 -0.076939 0.59411
-0.14244 0.0046382 0.3282 0.13723 -0.018875 0.32263 -0.0013345 -0.012563 0.40909 -0.00011682 -0.0006675 0.068611 -0.052421 -0.00040761 -0.053364 0.052488 -0.00040761 -0.053293 -0.2064 0.037088 0.072185 0.3027 -0.20069 0.2221 -0.22489 -0.0015227 -0.16091 0.25596 -0.27419 0.42896 -0.20795 -0.010787 -0.24132 0.23017 -0.2713 0.50288 -0.051592 0.080603 -0.43466 0.094757 0.047723 -0.43782 -0.033455 0.16185 -0.75802 0.13 0.10338 -0.76516 -0.065023 0.14513 -0.84453 0.097291 0.10681 -0.85285 0.020634 -0.077719 0.59396
-0.14181 0.0037968 0.32839 0.13799 -0.01992 0.32262 -0.00057604 -0.013476 0.40906 5.1952e-05 -0.00087328 0.068604 -0.052533 -0.00029914 -0.053253 0.052439 -0.00029914 -0.053341 -0.20643 0.036846 0.072642 0.30425 -0.20224 0.22415 -0.22533 -0.0016484 -0.16044 0.25556 -0.2755 0.43457 -0.20863 -0.010737 -0.24092 0.22881 -0.27106 0.50924 -0.052395 0.080975 -0.43449 0.09358 0.048482 -0.4379 -0.034852 0.1627 -0.75776 0.12848 0.10438 -0.76523 -0.066062 0.14606 -0.84442 0.096045 0.10714 -0.85303 0.022328 -0.078596 0.59384
-0.14102 0.0027787 0.32859 0.13888 -0.021077 0.32253 0.00033785 -0.014565 0.40902 0.00026589 -0.0011326 0.068594 -0.052663 -0.00017064 -0.053122 0.052379 -0.00017064 -0.053401 -0.20653 0.036584 0.073186 0.30588 -0.20376 0.22585 -0.22588 -0.0017712 -0.15989 0.25662 -0.27886 0.44001 -0.20943 -0.010651 -0.24045 0.22885 -0.27277 0.51574 -0.053286 0.081406 -0.43429 0.092318 0.049325 -0.43799 -0.036377 0.16362 -0.75747 0.12684 0.10548 -0.76531 -0.067277 0.14703 -0.84425 0.09473 0.10756 -0.85323 0.024094 -0.079571 0.59374
-0.1401 0.001605 0.32879 0.13987 -0.02234 0.32238 0.0013969 -0.015811 0.40897 0.00051865 -0.0014382 0.068581 -0.052809 -2.4809e-05 -0.052974 0.052307 -2.4809e-05 -0.053469 -0.20668 0.036301 0.073809 0.30756 -0.20528 0.2272 -0.22649 -0.001895 -0.15925 0.25907 -0.28411 0.44487 -0.21032 -0.010539 -0.23989 0.23036 -0.27639 0.52185 -0.054252 0.081886 -0.43407 0.090987 0.05024 -0.43808 -0.038013 0.16458 -0.75716 0.1251 0.10668 -0.7654 -0.06865 0.14805 -0.84404 0.093354 0.10806 -0.85344 0.025932 -0.080644 0.59366
-0.13906 0.00029661 0.329 0.14098 -0.023702 0.32217 0.002591 -0.017197 0.40891 0.00080391 -0.0017824 0.068564 -0.052969 0.00013565 -0.052812 0.052227 0.00013565 -0.053547 -0.20684 0.035995 0.074503 0.30925 -0.20683 0.22823 -0.22717 -0.0020237 -0.15854 0.26286 -0.29105 0.44873 -0.21128 -0.010408 -0.23927 0.23338 -0.28192 0.52704 -0.055282 0.082407 -0.43382 0.089604 0.051213 -0.43817 -0.039744 0.16558 -0.75682 0.12327 0.10794 -0.76549 -0.07016 0.14909 -0.8438 0.091925 0.10864 -0.85366 0.027846 -0.081814 0.59358
-0.13791 -0.0011255 0.32923 0.14218 -0.025158 0.32191 0.0039098 -0.018706 0.40883 0.0011153 -0.0021579 0.068544 -0.053139 0.00030804 -0.052639 0.052137 0.00030804 -0.053633 -0.20701 0.035665 0.075261 0.31092 -0.20843 0.22894 -0.22788 -0.0021612 -0.15777 0.26792 -0.29949 0.45117 -0.2123 -0.010267 -0.23859 0.23795 -0.28933 0.53077 -0.05636 0.082957 -0.43356 0.088184 0.052233 -0.43826 -0.041552 0.1666 -0.75647 0.12137 0.10925 -0.76558 -0.071788 0.15015 -0.84352 0.090449 0.10928 -0.85389 0.029835 -0.083082 0.5935
-0.13665 -0.0026404 0.32947 0.14348 -0.026703 0.3216 0.0053432 -0.020319 0.40874 0.0014466 -0.0025573 0.068521 -0.053316 0.00048965 -0.052457 0.05204 0.00048965 -0.053726 -0.20717 0.035308 0.076076 0.31253 -0.21012 0.22937 -0.22861 -0.0023114 -0.15694 0.27418 -0.30925 0.45176 -0.21337 -0.010125 -0.23785 0.24412 -0.29861 0.53253 -0.057476 0.083528 -0.43328 0.086743 0.053288 -0.43836 -0.043423 0.16763 -0.75611 0.11942 0.11061 -0.76567 -0.073515 0.15121 -0.84321 0.088935 0.10997 -0.85412 0.031904 -0.084447 0.5934
-0.13531 -0.004227 0.32974 0.14487 -0.02833 0.32124 0.0068809 -0.02202 0.40863 0.0017914 -0.0029731 0.068496 -0.053498 0.00067779 -0.052269 0.051936 0.00067779 -0.053824 -0.20729 0.034922 0.076939 0.31404 -0.21191 0.22952 -0.22934 -0.002478 -0.15605 0.28159 -0.32013 0.45009 -0.21446 -0.0099895 -0.23706 0.25193 -0.30976 0.53178 -0.058615 0.084109 -0.43299 0.085297 0.054366 -0.43845 -0.045338 0.16866 -0.75574 0.11742 0.11199 -0.76577 -0.075321 0.15227 -0.84288 0.087391 0.11071 -0.85436 0.034052 -0.085909 0.59329
-0.13389 -0.0058644 0.33003 0.14634 -0.030035 0.32085 0.0085127 -0.023792 0.4085 0.0021433 -0.0033979 0.068467 -0.053681 0.00086976 -0.052078 0.051826 0.00086976 -0.053927 -0.20736 0.034507 0.077844 0.31542 -0.21383 0.22941 -0.23004 -0.0026651 -0.15512 0.29008 -0.33195 0.44574 -0.21556 -0.00987 -0.23623 0.26145 -0.32274 0.52798 -0.059764 0.084691 -0.4327 0.083862 0.055453 -0.43854 -0.047281 0.16967 -0.75537 0.1154 0.11337 -0.76586 -0.077186 0.1533 -0.84254 0.085823 0.11148 -0.85459 0.036283 -0.087469 0.59314
-0.13241 -0.0075316 0.33034 0.14788 -0.031812 0.32043 0.010228 -0.025616 0.40835 0.0024961 -0.0038242 0.068436 -0.053864 0.0010628 -0.051886 0.051711 0.0010628 -0.054034 -0.20736 0.034059 0.078783 0.31663 -0.21592 0.22907 -0.2307 -0.0028763 -0.15416 0.29958 -0.34451 0.4383 -0.21665 -0.0097746 -0.23537 0.2727 -0.33755 0.52061 -0.060911 0.085263 -0.43241 0.082454 0.056538 -0.43863 -0.049237 0.17066 -0.755 0.11338 0.11475 -0.76596 -0.079092 0.15431 -0.84219 0.08424 0.11227 -0.85483 0.038598 -0.089126 0.59296
-0.13087 -0.0092076 0.33069 0.14949 -0.033655 0.31998 0.012018 -0.027476 0.40819 0.0028434 -0.0042446 0.068401 -0.054044 0.0012544 -0.051697 0.051593 0.0012544 -0.054144 -0.20727 0.033579 0.079748 0.31763 -0.21819 0.2285 -0.2313 -0.0031157 -0.15316 0.31004 -0.35764 0.42733 -0.21772 -0.0097118 -0.23447 0.28575 -0.35416 0.50914 -0.062042 0.085816 -0.43213 0.081088 0.057609 -0.43871 -0.051187 0.17162 -0.75463 0.11136 0.11611 -0.76605 -0.081017 0.15527 -0.84183 0.082649 0.11308 -0.85506 0.040999 -0.09088 0.59273
-0.12929 -0.010871 0.33107 0.15115 -0.035558 0.3195 0.013871 -0.029354 0.408 0.0031789 -0.0046517 0.068364 -0.054216 0.0014416 -0.051512 0.051471 0.0014416 -0.054256 -0.20707 0.033062 0.080732 0.31839 -0.22068 0.22773 -0.23181 -0.0033871 -0.15214 0.3214 -0.37114 0.41242 -0.21874 -0.0096901 -0.23356 0.30063 -0.37257 0.49303 -0.063145 0.08634 -0.43185 0.079782 0.058653 -0.43879 -0.053116 0.17252 -0.75428 0.10937 0.11742 -0.76615 -0.082944 0.15618 -0.84148 0.081058 0.1139 -0.85529 0.043488 -0.092732 0.59244
-0.12769 -0.012503 0.33148 0.15288 -0.037515 0.31901 0.015775 -0.031232 0.40778 0.0034968 -0.0050387 0.068325 -0.05438 0.0016221 -0.051335 0.051347 0.0016221 -0.054368 -0.20675 0.03251 0.081728 0.31888 -0.2234 0.22678 -0.23222 -0.0036936 -0.1511 0.33355 -0.3848 0.39326 -0.21972 -0.009717 -0.23262 0.31735 -0.3927 0.47188 -0.064207 0.086826 -0.43158 0.078548 0.059659 -0.43887 -0.055008 0.17336 -0.75394 0.10742 0.11868 -0.76624 -0.084854 0.15702 -0.84114 0.079475 0.11471 -0.8555 0.046062 -0.094677 0.5921
-0.12607 -0.014091 0.33193 0.15463 -0.039511 0.31851 0.017712 -0.033096 0.40755 0.0037958 -0.0054041 0.068283 -0.054534 0.0017951 -0.051166 0.051223 0.0017951 -0.05448 -0.20632 0.031928 0.082728 0.31912 -0.22632 0.22566 -0.23253 -0.0040318 -0.15005 0.34626 -0.39836 0.37042 -0.22063 -0.0097918 -0.23168 0.3355 -0.41399 0.44623 -0.065225 0.087272 -0.43133 0.07739 0.060624 -0.43893 -0.056855 0.17414 -0.75362 0.10552 0.11988 -0.76632 -0.086735 0.1578 -0.84081 0.077907 0.11549 -0.8557 0.048689 -0.096688 0.59169
-0.12446 -0.015625 0.3324 0.1564 -0.041528 0.31801 0.019654 -0.034933 0.4073 0.0040767 -0.0057488 0.068239 -0.054679 0.0019608 -0.051006 0.051098 0.0019608 -0.054592 -0.20582 0.031327 0.083725 0.31914 -0.22938 0.22438 -0.23276 -0.0043955 -0.14901 0.35916 -0.41146 0.34487 -0.22148 -0.00991 -0.23074 0.35452 -0.43568 0.41709 -0.066197 0.087682 -0.43109 0.076305 0.061547 -0.43899 -0.058652 0.17486 -0.75332 0.10367 0.12103 -0.76641 -0.088581 0.15852 -0.84049 0.076364 0.11625 -0.85589 0.051318 -0.098724 0.59126
-0.12287 -0.017099 0.33288 0.15816 -0.043546 0.31752 0.021579 -0.036726 0.40705 0.0043402 -0.0060737 0.068195 -0.054814 0.0021193 -0.050854 0.050973 0.0021193 -0.054702 -0.20527 0.030718 0.084713 0.31898 -0.23252 0.22298 -0.23292 -0.0047783 -0.14797 0.37191 -0.4238 0.3176 -0.22228 -0.010067 -0.2298 0.37382 -0.45699 0.38545 -0.067124 0.088057 -0.43087 0.075292 0.062429 -0.43905 -0.060395 0.17553 -0.75303 0.10188 0.12211 -0.76649 -0.090386 0.15918 -0.84018 0.074854 0.11694 -0.85606 0.053901 -0.10075 0.5908
-0.12133 -0.018503 0.33337 0.15989 -0.045547 0.31704 0.023459 -0.038464 0.40678 0.0045874 -0.00638 0.06815 -0.05494 0.0022708 -0.050711 0.05085 0.0022708 -0.05481 -0.20471 0.030111 0.085685 0.31869 -0.23568 0.22146 -0.23303 -0.0051739 -0.14695 0.38417 -0.43502 0.28959 -0.22302 -0.010258 -0.22887 0.39283 -0.47713 0.35233 -0.068005 0.0884 -0.43065 0.074347 0.06327 -0.4391 -0.062078 0.17614 -0.75276 0.10016 0.12314 -0.76657 -0.092142 0.15978 -0.83988 0.073385 0.11757 -0.85619 0.056389 -0.10271 0.59035
-0.11984 -0.019829 0.33385 0.16156 -0.047512 0.31659 0.025271 -0.040131 0.40652 0.0048188 -0.0066684 0.068105 -0.055058 0.0024154 -0.050576 0.05073 0.0024154 -0.054915 -0.20416 0.029517 0.086633 0.31831 -0.2388 0.21985 -0.2331 -0.0055759 -0.14596 0.39559 -0.44481 0.26182 -0.22371 -0.010479 -0.22796 0.41095 -0.49534 0.31873 -0.06884 0.088713 -0.43045 0.073468 0.064069 -0.43914 -0.063698 0.17671 -0.75251 0.098509 0.1241 -0.76664 -0.093842 0.16033 -0.83959 0.071967 0.1181 -0.8563 0.058731 -0.10458 0.58992
-0.11845 -0.021069 0.33431 0.16316 -0.049423 0.31617 0.026989 -0.041715 0.40625 0.0050355 -0.0069401 0.06806 -0.055166 0.0025533 -0.05045 0.050613 0.0025533 -0.055017 -0.20366 0.028945 0.087551 0.31787 -0.24182 0.21816 -0.23315 -0.005978 -0.145 0.40582 -0.45283 0.23527 -0.22434 -0.010726 -0.22708 0.42761 -0.51084 0.28564 -0.069628 0.088998 -0.43027 0.072652 0.064828 -0.43918 -0.065249 0.17723 -0.75227 0.096932 0.12501 -0.76671 -0.09548 0.16083 -0.83932 0.070607 0.11853 -0.85637 0.060881 -0.10632 0.58953
-0.11715 -0.022214 0.33476 0.16465 -0.05126 0.31578 0.028588 -0.0432 0.406 0.0052381 -0.0071959 0.068017 -0.055266 0.0026847 -0.050334 0.0505 0.0026847 -0.055114 -0.20324 0.028407 0.088432 0.31742 -0.24467 0.21641 -0.23319 -0.0063739 -0.14408 0.41452 -0.45876 0.21093 -0.22492 -0.010992 -0.22623 0.44222 -0.52284 0.25408 -0.070369 0.089258 -0.4301 0.071897 0.065546 -0.43922 -0.066728 0.17771 -0.75205 0.095435 0.12586 -0.76678 -0.097049 0.16128 -0.83906 0.069315 0.11883 -0.85641 0.062787 -0.10788 0.58919
-0.11597 -0.023258 0.33517 0.16603 -0.053008 0.31545 0.030046 -0.044574 0.40575 0.0054276 -0.0074369 0.067976 -0.055358 0.0028096 -0.050226 0.050392 0.0028096 -0.055207 -0.20293 0.027912 0.08927 0.317 -0.2473 0.21462 -0.23323 -0.0067577 -0.14322 0.42136 -0.46229 0.1897 -0.22544 -0.011275 -0.22543 0.45426 -0.53065 0.22499 -0.071063 0.089495 -0.42994 0.0712 0.066224 -0.43925 -0.068129 0.17815 -0.75184 0.094023 0.12666 -0.76684 -0.098542 0.16169 -0.83882 0.068097 0.119 -0.8564 0.064407 -0.10923 0.58893
-0.1149 -0.024204 0.33555 0.16728 -0.054664 0.31515 0.031368 -0.045843 0.40552 0.0056059 -0.007665 0.067936 -0.055443 0.0029288 -0.050125 0.050288 0.0029288 -0.055295 -0.20273 0.027461 0.090066 0.31659 -0.24965 0.21272 -0.23328 -0.0071298 -0.1424 0.42639 -0.46348 0.1716 -0.22592 -0.011574 -0.22466 0.46367 -0.53431 0.19848 -0.071715 0.089712 -0.42979 0.070555 0.066866 -0.43928 -0.069457 0.17856 -0.75165 0.092691 0.1274 -0.7669 -0.099966 0.16206 -0.83859 0.066944 0.11907 -0.85636 0.065753 -0.11037 0.58874
-0.11392 -0.025067 0.33591 0.16843 -0.05624 0.31488 0.032577 -0.047021 0.40529 0.0057757 -0.0078825 0.067897 -0.055523 0.0030432 -0.05003 0.050189 0.0030432 -0.05538 -0.2026 0.027049 0.090827 0.3162 -0.25165 0.2106 -0.23333 -0.0074942 -0.14162 0.42984 -0.46258 0.15604 -0.22635 -0.011891 -0.22392 0.47073 -0.53434 0.17419 -0.072328 0.089912 -0.42966 0.069953 0.067479 -0.43931 -0.070722 0.17893 -0.75147 0.091427 0.12811 -0.76696 -0.10133 0.1624 -0.83836 0.065839 0.11911 -0.85631 0.066879 -0.11135 0.5886
-0.11302 -0.025859 0.33626 0.1695 -0.057747 0.31462 0.033697 -0.048127 0.40508 0.0059397 -0.0080919 0.067859 -0.055601 0.0031538 -0.049937 0.050093 0.0031538 -0.055461 -0.20252 0.026672 0.091559 0.31578 -0.25325 0.20815 -0.23337 -0.0078553 -0.14088 0.43197 -0.45988 0.14246 -0.22674 -0.012227 -0.22321 0.47571 -0.53131 0.15171 -0.072911 0.090099 -0.42952 0.069387 0.06807 -0.43933 -0.071933 0.17927 -0.75129 0.09022 0.12878 -0.76701 -0.10265 0.1627 -0.83814 0.064762 0.11921 -0.85626 0.067835 -0.11221 0.58849
-0.11218 -0.026595 0.33659 0.17049 -0.059195 0.31435 0.034751 -0.049176 0.40486 0.0061004 -0.0082955 0.06782 -0.055678 0.0032614 -0.049844 0.049998 0.0032614 -0.05554 -0.20246 0.026323 0.09227 0.31533 -0.25439 0.20528 -0.23341 -0.0082172 -0.14015 0.43304 -0.45564 0.13027 -0.22709 -0.012586 -0.2225 0.47888 -0.52575 0.13066 -0.073468 0.090276 -0.42939 0.068848 0.068646 -0.43935 -0.073099 0.17959 -0.75113 0.089059 0.12944 -0.76705 -0.10394 0.16298 -0.83793 0.063694 0.11944 -0.85625 0.068674 -0.11298 0.58841
-0.11137 -0.027286 0.33693 0.17142 -0.060594 0.31406 0.035764 -0.050185 0.40464 0.0062605 -0.0084957 0.067781 -0.055757 0.0033671 -0.049748 0.049905 0.0033671 -0.055617 -0.20241 0.025999 0.092966 0.31482 -0.255 0.20185 -0.23343 -0.0085843 -0.13944 0.43329 -0.45015 0.11889 -0.22741 -0.012968 -0.22181 0.48053 -0.5182 0.11064 -0.074007 0.090447 -0.42926 0.068327 0.069213 -0.43937 -0.074229 0.17988 -0.75096 0.087932 0.1301 -0.76709 -0.10521 0.16323 -0.8377 0.062617 0.11987 -0.8563 0.069449 -0.11371 0.58834
-0.11058 -0.027948 0.33728 0.17231 -0.061955 0.31373 0.036758 -0.051169 0.40442 0.0064227 -0.008695 0.06774 -0.05584 0.0034717 -0.049648 0.049813 0.0034717 -0.055693 -0.20233 0.025695 0.093653 0.31423 -0.25502 0.19777 -0.23344 -0.0089608 -0.13873 0.43297 -0.44367 0.10776 -0.22769 -0.013377 -0.22112 0.48094 -0.50922 0.091255 -0.074533 0.090615 -0.42912 0.067817 0.069779 -0.43939 -0.075334 0.18014 -0.7508 0.086828 0.13075 -0.76713 -0.10647 0.16346 -0.83748 0.06151 0.12057 -0.85641 0.070211 -0.11444 0.58825
-0.10979 -0.028592 0.33764 0.17318 -0.063289 0.31335 0.037758 -0.052146 0.4042 0.0065896 -0.0088957 0.067698 -0.055929 0.0035763 -0.04954 0.04972 0.0035763 -0.055769 -0.20219 0.025404 0.094338 0.31353 -0.2544 0.19293 -0.23341 -0.009351 -0.13801 0.43235 -0.43649 0.096278 -0.22794 -0.013813 -0.22041 0.48037 -0.49935 0.072115 -0.075052 0.090783 -0.42898 0.067309 0.070351 -0.4394 -0.076422 0.18039 -0.75063 0.085735 0.13142 -0.76715 -0.10773 0.16367 -0.83724 0.060356 0.12163 -0.85662 0.071013 -0.11519 0.58814
-0.10898 -0.029232 0.33802 0.17403 -0.064606 0.3129 0.038785 -0.05313 0.40397 0.0067637 -0.0091 0.067653 -0.056025 0.0036817 -0.049423 0.049626 0.0036817 -0.055846 -0.20198 0.025124 0.095028 0.31272 -0.25308 0.18722 -0.23336 -0.0097586 -0.13728 0.43166 -0.42886 0.083903 -0.22817 -0.014279 -0.21969 0.47909 -0.48911 0.052843 -0.07557 0.090955 -0.42882 0.066796 0.070935 -0.43942 -0.077503 0.18062 -0.75045 0.084642 0.13212 -0.76718 -0.10901 0.16387 -0.83698 0.059136 0.12311 -0.85694 0.071906 -0.11602 0.58798
-0.10815 -0.029871 0.33843 0.17487 -0.065902 0.31238 0.039842 -0.054124 0.40373 0.0069447 -0.0093081 0.067606 -0.05613 0.0037881 -0.049296 0.04953 0.0037881 -0.055923 -0.20169 0.024852 0.095724 0.31178 -0.25108 0.18071 -0.23329 -0.01018 -0.13653 0.43097 -0.42092 0.07051 -0.22837 -0.014769 -0.21895 0.47725 -0.47875 0.033364 -0.07609 0.091132 -0.42866 0.066272 0.071533 -0.43943 -0.078579 0.18084 -0.75027 0.083546 0.13284 -0.76719 -0.11031 0.16405 -0.83672 0.057867 0.12492 -0.85734 0.0729 -0.11694 0.58778
-0.10731 -0.030505 0.33885 0.17569 -0.067164 0.3118 0.040913 -0.055114 0.40348 0.0071298 -0.0095181 0.067557 -0.056241 0.0038948 -0.04916 0.049434 0.0038948 -0.056 -0.20135 0.024592 0.096421 0.31073 -0.24852 0.17359 -0.23318 -0.010604 -0.13578 0.43019 -0.41272 0.056354 -0.22854 -0.015272 -0.21821 0.47485 -0.46829 0.013862 -0.076613 0.091313 -0.42848 0.065739 0.072141 -0.43943 -0.079646 0.18104 -0.75009 0.082446 0.13358 -0.7672 -0.11162 0.16423 -0.83644 0.056591 0.12681 -0.85775 0.073979 -0.11791 0.58754
-0.10647 -0.031129 0.33928 0.17648 -0.068375 0.31118 0.041979 -0.056089 0.40323 0.0073162 -0.0097279 0.067506 -0.056358 0.0040013 -0.049017 0.049339 0.0040013 -0.056077 -0.20098 0.024348 0.097116 0.30956 -0.24551 0.16606 -0.23305 -0.011021 -0.13502 0.42924 -0.40427 0.041704 -0.22869 -0.015776 -0.21746 0.47189 -0.45771 -0.0054706 -0.077138 0.091498 -0.4283 0.065197 0.072754 -0.43944 -0.080702 0.18123 -0.7499 0.081346 0.13434 -0.76721 -0.11293 0.1644 -0.83615 0.055352 0.12855 -0.85809 0.075121 -0.11892 0.58727
-0.10566 -0.031738 0.33971 0.17723 -0.069521 0.31053 0.043025 -0.057037 0.40299 0.0075009 -0.0099357 0.067456 -0.056479 0.0041069 -0.048869 0.049243 0.0041069 -0.056153 -0.2006 0.024121 0.097805 0.30829 -0.24214 0.15832 -0.2329 -0.011421 -0.13427 0.42803 -0.3956 0.026825 -0.22881 -0.016268 -0.21673 0.46839 -0.44702 -0.02444 -0.077667 0.091686 -0.42811 0.064645 0.07337 -0.43944 -0.081743 0.18141 -0.7497 0.080246 0.1351 -0.76721 -0.11425 0.16456 -0.83584 0.054194 0.12991 -0.85831 0.076305 -0.11996 0.58697
-0.10488 -0.032328 0.34014 0.17793 -0.070586 0.30986 0.044034 -0.057945 0.40276 0.0076812 -0.010139 0.067406 -0.056603 0.0042111 -0.048717 0.049149 0.0042111 -0.056228 -0.20023 0.023915 0.098484 0.30693 -0.23853 0.15058 -0.23274 -0.011791 -0.13354 0.42647 -0.38674 0.011985 -0.2289 -0.016738 -0.216 0.46435 -0.43621 -0.042854 -0.078199 0.091876 -0.42792 0.064085 0.073985 -0.43944 -0.082765 0.18158 -0.74951 0.079148 0.13586 -0.76721 -0.11556 0.16471 -0.83554 0.053161 0.13062 -0.85831 0.077512 -0.12099 0.58666
-0.10415 -0.032894 0.34055 0.17856 -0.071556 0.30919 0.044988 -0.058801 0.40253 0.0078542 -0.010337 0.067356 -0.056727 0.0043132 -0.048563 0.049058 0.0043132 -0.056301 -0.1999 0.023733 0.099148 0.30549 -0.23478 0.14303 -0.23256 -0.012123 -0.13283 0.42446 -0.37772 -0.0025486 -0.22896 -0.017174 -0.2153 0.45978 -0.42529 -0.060519 -0.078734 0.092067 -0.42772 0.063515 0.074595 -0.43944 -0.083765 0.18175 -0.74931 0.078054 0.13662 -0.76721 -0.11686 0.16487 -0.83522 0.052296 0.13047 -0.85803 0.078722 -0.12202 0.58633
-0.10347 -0.033431 0.34095 0.17912 -0.072416 0.30854 0.045871 -0.059594 0.40232 0.0080171 -0.010527 0.067308 -0.056852 0.0044127 -0.048409 0.048969 0.0044127 -0.056371 -0.19963 0.023578 0.099793 0.30396 -0.23101 0.13588 -0.23238 -0.012404 -0.13216 0.42191 -0.36856 -0.016509 -0.22899 -0.017564 -0.21463 0.4547 -0.41424 -0.077243 -0.079274 0.09226 -0.42752 0.062937 0.075196 -0.43944 -0.08474 0.18191 -0.74911 0.076965 0.13736 -0.7672 -0.11814 0.16502 -0.8349 0.051645 0.12921 -0.85739 0.079913 -0.123 0.58599
-0.10287 -0.033934 0.34131 0.17961 -0.073151 0.3079 0.046666 -0.06031 0.40212 0.0081671 -0.010707 0.067262 -0.056975 0.0045089 -0.048256 0.048883 0.0045089 -0.056438 -0.19944 0.023453 0.10042 0.30237 -0.22731 0.12932 -0.23219 -0.012626 -0.13152 0.41875 -0.3593 -0.029634 -0.229 -0.017896 -0.21399 0.4491 -0.40308 -0.092835 -0.079818 0.092452 -0.42732 0.062351 0.075784 -0.43943 -0.085686 0.18207 -0.74891 0.075884 0.13809 -0.76719 -0.1194 0.16517 -0.83458 0.051248 0.12661 -0.85633 0.081066 -0.12393 0.58565
-0.10235 -0.034404 0.34165 0.18001 -0.073761 0.30729 0.047369 -0.060948 0.40195 0.0083031 -0.010877 0.067219 -0.057095 0.0046016 -0.048105 0.0488 0.0046016 -0.056501 -0.19934 0.023357 0.10102 0.30071 -0.22373 0.12343 -0.232 -0.012784 -0.13092 0.41498 -0.34999 -0.041795 -0.22897 -0.018165 -0.21339 0.44306 -0.39187 -0.10721 -0.080364 0.092645 -0.42712 0.061759 0.076358 -0.43942 -0.086601 0.18223 -0.74872 0.074812 0.13879 -0.76717 -0.12064 0.16532 -0.83425 0.051109 0.12267 -0.85484 0.082172 -0.1248 0.58532
-0.1019 -0.034843 0.34196 0.18033 -0.074259 0.30671 0.047989 -0.061517 0.40179 0.0084263 -0.011037 0.067178 -0.057212 0.004691 -0.047956 0.048722 0.004691 -0.056562 -0.19932 0.023287 0.10159 0.29899 -0.22025 0.11811 -0.23182 -0.012883 -0.13037 0.41071 -0.34074 -0.05302 -0.22893 -0.018375 -0.21283 0.43672 -0.38074 -0.12039 -0.080911 0.092836 -0.42692 0.061166 0.076916 -0.43941 -0.087484 0.18239 -0.74852 0.073753 0.13946 -0.76716 -0.12184 0.16548 -0.83393 0.051182 0.11772 -0.853 0.083233 -0.12561 0.58499
-0.1015 -0.035256 0.34225 0.1806 -0.074661 0.30616 0.048538 -0.062026 0.40164 0.0085378 -0.011188 0.067139 -0.057326 0.004777 -0.047811 0.048646 0.004777 -0.05662 -0.19938 0.023238 0.10215 0.2972 -0.21681 0.1133 -0.23165 -0.012928 -0.12984 0.40609 -0.33164 -0.063346 -0.22888 -0.018528 -0.21231 0.43025 -0.36986 -0.13243 -0.081455 0.093026 -0.42672 0.060577 0.077458 -0.4394 -0.088335 0.18254 -0.74833 0.072714 0.14012 -0.76714 -0.12301 0.16563 -0.83361 0.051419 0.11205 -0.85087 0.084253 -0.12636 0.58467
-0.10116 -0.035647 0.34251 0.18081 -0.074983 0.30563 0.049026 -0.062484 0.40151 0.008639 -0.01133 0.067102 -0.057437 0.00486 -0.04767 0.048573 0.00486 -0.056676 -0.19949 0.023205 0.10268 0.29535 -0.2134 0.10889 -0.2315 -0.012925 -0.12935 0.40124 -0.32281 -0.072809 -0.22884 -0.018627 -0.21181 0.42377 -0.35937 -0.14335 -0.081993 0.093213 -0.42653 0.059999 0.077984 -0.43938 -0.089151 0.18269 -0.74814 0.071697 0.14075 -0.76712 -0.12415 0.16578 -0.83329 0.051772 0.106 -0.84855 0.085236 -0.12707 0.58435
-0.10085 -0.036019 0.34274 0.18097 -0.07524 0.30511 0.049463 -0.062902 0.40139 0.0087309 -0.011465 0.067067 -0.057543 0.0049401 -0.047534 0.048503 0.0049401 -0.056729 -0.19965 0.023186 0.10319 0.29343 -0.20997 0.1048 -0.23137 -0.012879 -0.12889 0.39629 -0.31435 -0.081445 -0.22882 -0.018676 -0.21135 0.41745 -0.34941 -0.15319 -0.082522 0.093397 -0.42634 0.059435 0.078493 -0.43937 -0.089933 0.18284 -0.74795 0.070707 0.14135 -0.76711 -0.12525 0.16593 -0.83297 0.052194 0.099867 -0.84611 0.086184 -0.12774 0.58404
-0.10057 -0.036377 0.34295 0.18111 -0.075447 0.30462 0.04986 -0.063287 0.40128 0.0088148 -0.011594 0.067033 -0.057645 0.0050173 -0.047402 0.048435 0.0050173 -0.05678 -0.19985 0.023175 0.10369 0.29143 -0.2065 0.10094 -0.23128 -0.012795 -0.12845 0.39136 -0.30636 -0.089292 -0.22882 -0.018677 -0.2109 0.41143 -0.34015 -0.162 -0.083039 0.093577 -0.42616 0.058892 0.078985 -0.43935 -0.090678 0.18298 -0.74778 0.069748 0.14193 -0.76709 -0.12631 0.16607 -0.83266 0.052637 0.093984 -0.84362 0.087102 -0.12837 0.58374
-0.10032 -0.036725 0.34314 0.18122 -0.075621 0.30415 0.050228 -0.063651 0.40117 0.0088918 -0.011717 0.067002 -0.057741 0.0050919 -0.047276 0.048369 0.0050919 -0.056829 -0.20007 0.023169 0.10416 0.28937 -0.20295 0.097233 -0.23123 -0.012678 -0.12803 0.38658 -0.29895 -0.096385 -0.22885 -0.018634 -0.21048 0.40587 -0.33172 -0.1698 -0.08354 0.093753 -0.42598 0.058374 0.079458 -0.43934 -0.091387 0.18312 -0.7476 0.068826 0.14248 -0.76707 -0.12733 0.16621 -0.83236 0.053052 0.088664 -0.84116 0.087993 -0.12897 0.58344
-0.10007 -0.037066 0.34331 0.18132 -0.075777 0.30369 0.050577 -0.064001 0.40107 0.0089633 -0.011834 0.066971 -0.057833 0.0051639 -0.047156 0.048305 0.0051639 -0.056877 -0.20032 0.023162 0.10462 0.28724 -0.19928 0.09358 -0.23123 -0.012533 -0.12762 0.38208 -0.29221 -0.10276 -0.22894 -0.01855 -0.21007 0.4009 -0.32427 -0.17664 -0.084024 0.093923 -0.42581 0.057887 0.079913 -0.43932 -0.092059 0.18325 -0.74744 0.067943 0.14301 -0.76705 -0.1283 0.16634 -0.83206 0.053393 0.084221 -0.83882 0.08886 -0.12954 0.58315
-0.099828 -0.037404 0.34347 0.18142 -0.075921 0.30324 0.050912 -0.064344 0.40097 0.0090298 -0.011947 0.066942 -0.057919 0.0052336 -0.047043 0.048243 0.0052336 -0.056923 -0.20057 0.023153 0.10507 0.28505 -0.19549 0.089944 -0.23127 -0.012365 -0.12724 0.37794 -0.28619 -0.10846 -0.22908 -0.018429 -0.20968 0.3966 -0.31787 -0.18257 -0.084488 0.094088 -0.42565 0.057434 0.080349 -0.43931 -0.092692 0.18338 -0.74728 0.067102 0.14351 -0.76704 -0.12924 0.16647 -0.83178 0.053635 0.080799 -0.83664 0.089706 -0.13009 0.58287
-0.099592 -0.037736 0.3436 0.18151 -0.076049 0.3028 0.051234 -0.06468 0.40087 0.0090916 -0.012056 0.066914 -0.058 0.0053009 -0.046935 0.048183 0.0053009 -0.056968 -0.20082 0.023141 0.10549 0.28282 -0.19163 0.086355 -0.23136 -0.012177 -0.12687 0.37414 -0.28086 -0.11352 -0.22926 -0.018274 -0.20931 0.39291 -0.31242 -0.18766 -0.084932 0.094248 -0.42549 0.057012 0.080768 -0.43929 -0.093288 0.1835 -0.74714 0.066303 0.14399 -0.76702 -0.13013 0.1666 -0.83151 0.053786 0.078277 -0.83461 0.09053 -0.13062 0.58259
-0.099365 -0.038063 0.34371 0.18158 -0.076153 0.30238 0.051541 -0.065008 0.40078 0.0091484 -0.01216 0.066887 -0.058076 0.0053661 -0.046834 0.048125 0.0053661 -0.057011 -0.20109 0.023125 0.1059 0.28058 -0.18776 0.082851 -0.23149 -0.011972 -0.12651 0.37067 -0.27617 -0.11798 -0.22949 -0.018091 -0.20896 0.38975 -0.30784 -0.19198 -0.085355 0.094404 -0.42535 0.05662 0.08117 -0.43928 -0.093847 0.18362 -0.747 0.065544 0.14445 -0.767 -0.13097 0.16672 -0.83124 0.053859 0.076511 -0.83274 0.091331 -0.13113 0.58232
-0.099146 -0.038383 0.34381 0.18165 -0.076229 0.30196 0.051831 -0.065326 0.40069 0.0092003 -0.01226 0.066862 -0.058148 0.0054292 -0.046737 0.048069 0.0054292 -0.057052 -0.20136 0.023107 0.10628 0.27834 -0.18393 0.079468 -0.23166 -0.011753 -0.12618 0.36752 -0.27207 -0.12189 -0.22975 -0.017883 -0.20862 0.38707 -0.30404 -0.19562 -0.085757 0.094555 -0.42521 0.056256 0.081557 -0.43926 -0.09437 0.18373 -0.74686 0.064824 0.14488 -0.76699 -0.13177 0.16684 -0.83098 0.053868 0.075356 -0.83101 0.092107 -0.13162 0.58206
-0.098939 -0.038695 0.34389 0.18169 -0.076268 0.30156 0.052102 -0.065635 0.4006 0.0092473 -0.012356 0.066838 -0.058215 0.0054902 -0.046646 0.048016 0.0054902 -0.057091 -0.20163 0.023085 0.10664 0.27614 -0.18018 0.076243 -0.23186 -0.011522 -0.12586 0.36466 -0.26852 -0.12528 -0.23004 -0.017654 -0.20831 0.3848 -0.30091 -0.19866 -0.086139 0.094703 -0.42507 0.055918 0.081929 -0.43924 -0.094858 0.18385 -0.74673 0.064142 0.14529 -0.76697 -0.13253 0.16695 -0.83073 0.053824 0.074668 -0.82941 0.092859 -0.13209 0.58181
-0.098743 -0.038999 0.34396 0.18173 -0.076265 0.30116 0.052354 -0.065933 0.40052 0.0092892 -0.012448 0.066815 -0.058278 0.0055494 -0.04656 0.047966 0.0055494 -0.057127 -0.2019 0.023059 0.10698 0.274 -0.17658 0.073211 -0.23209 -0.011284 -0.12556 0.36209 -0.26546 -0.12819 -0.23035 -0.01741 -0.20802 0.38286 -0.29837 -0.20115 -0.0865 0.094848 -0.42494 0.055603 0.082288 -0.43922 -0.09531 0.18396 -0.74661 0.063497 0.14568 -0.76695 -0.13325 0.16707 -0.83049 0.053739 0.074304 -0.82795 0.093585 -0.13254 0.58157
-0.098562 -0.039293 0.34401 0.18174 -0.076213 0.30076 0.052585 -0.06622 0.40044 0.0093262 -0.012536 0.066794 -0.058338 0.0056068 -0.046479 0.047918 0.0056068 -0.057161 -0.20218 0.02303 0.1073 0.27194 -0.17317 0.07041 -0.23234 -0.011041 -0.12529 0.35978 -0.26286 -0.13067 -0.23068 -0.017155 -0.20775 0.38119 -0.29633 -0.20319 -0.08684 0.094991 -0.42482 0.05531 0.082634 -0.4392 -0.095729 0.18407 -0.7465 0.062886 0.14606 -0.76694 -0.13393 0.16719 -0.83026 0.053627 0.074118 -0.82661 0.094284 -0.13297 0.58133
-0.098395 -0.039577 0.34404 0.18173 -0.076106 0.30037 0.052792 -0.066495 0.40037 0.0093581 -0.01262 0.066773 -0.058394 0.0056625 -0.046402 0.047874 0.0056625 -0.057193 -0.20245 0.022996 0.10759 0.26999 -0.17001 0.067876 -0.23262 -0.010796 -0.12504 0.35772 -0.26066 -0.13275 -0.23103 -0.016893 -0.2075 0.37971 -0.29468 -0.20485 -0.087159 0.095132 -0.4247 0.055038 0.082969 -0.43918 -0.096114 0.18418 -0.74638 0.062311 0.14642 -0.76692 -0.13456 0.16731 -0.83004 0.0535 0.073968 -0.82539 0.094956 -0.13338 0.5811
-0.098245 -0.039849 0.34406 0.1817 -0.07594 0.29999 0.052977 -0.066758 0.4003 0.0093852 -0.012701 0.066754 -0.058447 0.0057166 -0.046328 0.047833 0.0057166 -0.057222 -0.20272 0.022959 0.10786 0.26816 -0.16713 0.065628 -0.23291 -0.010553 -0.12481 0.35589 -0.25883 -0.13447 -0.23138 -0.01663 -0.20728 0.37839 -0.29336 -0.20619 -0.087456 0.095272 -0.42459 0.054783 0.083293 -0.43916 -0.096467 0.18429 -0.74628 0.061768 0.14676 -0.7669 -0.13516 0.16743 -0.82982 0.053367 0.073755 -0.82429 0.095599 -0.13377 0.58087
-0.09811 -0.040109 0.34406 0.18165 -0.075716 0.29961 0.05314 -0.067007 0.40023 0.0094077 -0.012778 0.066737 -0.058497 0.0057692 -0.046259 0.047796 0.0057692 -0.057248 -0.20298 0.022916 0.1081 0.26646 -0.1645 0.063649 -0.23321 -0.010316 -0.1246 0.35431 -0.25732 -0.13586 -0.23173 -0.016378 -0.20707 0.37724 -0.29234 -0.20721 -0.087734 0.09541 -0.42448 0.054546 0.083608 -0.43914 -0.096788 0.18441 -0.74618 0.061256 0.14709 -0.76688 -0.13571 0.16756 -0.82962 0.053229 0.073481 -0.82328 0.096213 -0.13415 0.58065
-0.097988 -0.040358 0.34406 0.18158 -0.075435 0.29924 0.053285 -0.067242 0.40017 0.0094263 -0.012851 0.06672 -0.058544 0.0058203 -0.046193 0.04776 0.0058203 -0.057272 -0.20325 0.022868 0.10832 0.26488 -0.16212 0.061917 -0.23352 -0.01009 -0.12442 0.35297 -0.25612 -0.13692 -0.23208 -0.016151 -0.20689 0.37626 -0.2916 -0.20794 -0.087992 0.095546 -0.42438 0.054326 0.083912 -0.43911 -0.097081 0.18452 -0.74608 0.060775 0.1474 -0.76686 -0.13623 0.16769 -0.82942 0.053088 0.073157 -0.82237 0.096798 -0.1345 0.58044
-0.09788 -0.040593 0.34405 0.1815 -0.075098 0.29887 0.053412 -0.067463 0.40012 0.0094414 -0.012922 0.066704 -0.058588 0.00587 -0.046131 0.047728 0.00587 -0.057294 -0.2035 0.022812 0.10852 0.26342 -0.15996 0.060409 -0.23383 -0.009879 -0.12425 0.35186 -0.25518 -0.13769 -0.23242 -0.01596 -0.20672 0.37546 -0.29112 -0.20838 -0.088232 0.095681 -0.42428 0.054121 0.084207 -0.43909 -0.097346 0.18463 -0.74599 0.060323 0.14769 -0.76684 -0.13672 0.16782 -0.82922 0.052945 0.072798 -0.82154 0.097352 -0.13483 0.58024
-0.097783 -0.040816 0.34403 0.1814 -0.074708 0.29851 0.053525 -0.06767 0.40007 0.0094535 -0.012989 0.066689 -0.05863 0.0059185 -0.046071 0.047697 0.0059185 -0.057315 -0.20375 0.022749 0.1087 0.26209 -0.15799 0.059104 -0.23415 -0.0096879 -0.12409 0.351 -0.25449 -0.13819 -0.23275 -0.015817 -0.20656 0.37488 -0.29087 -0.20855 -0.088454 0.095813 -0.42419 0.053931 0.084492 -0.43906 -0.097585 0.18474 -0.7459 0.059899 0.14798 -0.76682 -0.13718 0.16795 -0.82904 0.052801 0.072415 -0.82079 0.097875 -0.13514 0.58005
-0.097696 -0.041025 0.34401 0.1813 -0.074265 0.29816 0.053626 -0.067861 0.40002 0.0094631 -0.013053 0.066675 -0.058669 0.0059658 -0.046015 0.047669 0.0059658 -0.057334 -0.204 0.022676 0.10887 0.26087 -0.1562 0.057979 -0.23445 -0.0095214 -0.12395 0.35037 -0.25399 -0.13843 -0.23306 -0.015735 -0.20641 0.3745 -0.29084 -0.20846 -0.088659 0.095942 -0.4241 0.053755 0.084767 -0.43904 -0.0978 0.18485 -0.74582 0.059501 0.14825 -0.7668 -0.1376 0.16808 -0.82886 0.052656 0.072022 -0.8201 0.098365 -0.13544 0.57987
-0.097619 -0.04122 0.344 0.18118 -0.073771 0.29782 0.053716 -0.068036 0.39998 0.0094707 -0.013114 0.066662 -0.058706 0.0060119 -0.045961 0.047642 0.0060119 -0.057351 -0.20424 0.022594 0.10903 0.25978 -0.15456 0.057013 -0.23475 -0.009384 -0.12381 0.34999 -0.25367 -0.13843 -0.23335 -0.015727 -0.20626 0.37436 -0.291 -0.20811 -0.088848 0.096069 -0.42402 0.053593 0.085034 -0.43901 -0.097993 0.18496 -0.74574 0.059128 0.14851 -0.76678 -0.138 0.16821 -0.82868 0.052512 0.071631 -0.81947 0.098824 -0.13571 0.5797
-0.097549 -0.041401 0.34398 0.18105 -0.073229 0.29748 0.053798 -0.068195 0.39994 0.0094768 -0.013173 0.06665 -0.058742 0.006057 -0.04591 0.047616 0.006057 -0.057368 -0.20447 0.022501 0.10918 0.2588 -0.15306 0.056183 -0.23503 -0.0092802 -0.12369 0.34985 -0.2535 -0.13822 -0.23362 -0.015805 -0.20612 0.37445 -0.29133 -0.20752 -0.089023 0.096193 -0.42393 0.053443 0.085292 -0.43899 -0.098164 0.18507 -0.74566 0.058778 0.14876 -0.76675 -0.13837 0.16834 -0.82851 0.05237 0.071255 -0.81888 0.099249 -0.13595 0.57954
-0.097487 -0.041568 0.34397 0.18093 -0.072638 0.29716 0.053874 -0.068337 0.3999 0.0094818 -0.013229 0.066638 -0.058775 0.0061012 -0.045862 0.047592 0.0061012 -0.057383 -0.20469 0.022396 0.10931 0.25794 -0.15167 0.055467 -0.23528 -0.0092147 -0.12357 0.34995 -0.25344 -0.13782 -0.23385 -0.015981 -0.20597 0.37481 -0.29181 -0.2067 -0.089183 0.096315 -0.42386 0.053305 0.085541 -0.43896 -0.098317 0.18518 -0.74559 0.05845 0.149 -0.76673 -0.13871 0.16847 -0.82835 0.052231 0.070908 -0.81833 0.09964 -0.13618 0.5794
-0.09743 -0.041719 0.34397 0.18079 -0.072001 0.29684 0.053947 -0.068462 0.39987 0.0094864 -0.013283 0.066626 -0.058807 0.0061444 -0.045815 0.047568 0.0061444 -0.057398 -0.2049 0.022278 0.10944 0.2572 -0.15037 0.054843 -0.23552 -0.009192 -0.12345 0.3503 -0.25345 -0.13724 -0.23406 -0.016268 -0.20583 0.37543 -0.29242 -0.20566 -0.08933 0.096433 -0.42378 0.053178 0.085782 -0.43894 -0.098452 0.18528 -0.74552 0.058143 0.14923 -0.76671 -0.13904 0.1686 -0.82819 0.052096 0.070601 -0.81781 0.099996 -0.13639 0.57926
-0.097378 -0.041855 0.34398 0.18066 -0.07132 0.29654 0.054018 -0.068569 0.39984 0.0094908 -0.013334 0.066615 -0.058837 0.0061869 -0.04577 0.047545 0.0061869 -0.057413 -0.20511 0.022147 0.10957 0.25657 -0.14914 0.05429 -0.23573 -0.0092168 -0.12334 0.35089 -0.25352 -0.13651 -0.23422 -0.016677 -0.20567 0.37634 -0.29313 -0.20442 -0.089465 0.096548 -0.42371 0.053061 0.086015 -0.43891 -0.098572 0.18538 -0.74545 0.057856 0.14945 -0.7667 -0.13934 0.16872 -0.82804 0.051966 0.070347 -0.81731 0.10032 -0.13657 0.57914
-0.097329 -0.041975 0.344 0.18053 -0.070595 0.29625 0.05409 -0.068657 0.39981 0.0094957 -0.013383 0.066605 -0.058866 0.0062286 -0.045727 0.047522 0.0062286 -0.057427 -0.2053 0.022001 0.1097 0.25606 -0.14796 0.053785 -0.2359 -0.0092937 -0.12323 0.35172 -0.25361 -0.13565 -0.23434 -0.017222 -0.20551 0.37754 -0.29393 -0.20297 -0.089588 0.096659 -0.42365 0.052953 0.08624 -0.43889 -0.098678 0.18547 -0.74539 0.057587 0.14966 -0.76668 -0.13963 0.16884 -0.82789 0.051841 0.07016 -0.81681 0.1006 -0.13673 0.57903
-0.097282 -0.042079 0.34404 0.18041 -0.069829 0.29597 0.054165 -0.068727 0.39979 0.0095016 -0.013431 0.066595 -0.058894 0.0062697 -0.045686 0.047499 0.0062697 -0.057442 -0.20548 0.021839 0.10982 0.25566 -0.1468 0.053306 -0.23603 -0.0094271 -0.12311 0.35281 -0.25368 -0.13468 -0.23441 -0.017915 -0.20533 0.37905 -0.29479 -0.20134 -0.089701 0.096766 -0.42358 0.052854 0.086458 -0.43887 -0.098771 0.18556 -0.74533 0.057334 0.14986 -0.76666 -0.1399 0.16896 -0.82775 0.051723 0.070053 -0.81632 0.10085 -0.13687 0.57894
-0.097236 -0.042166 0.34409 0.18029 -0.069022 0.2957 0.054245 -0.068777 0.39977 0.0095089 -0.013476 0.066584 -0.058921 0.0063103 -0.045646 0.047476 0.0063103 -0.057456 -0.20565 0.021661 0.10995 0.25537 -0.14565 0.052831 -0.23613 -0.0096218 -0.12299 0.35413 -0.25371 -0.13362 -0.23442 -0.018768 -0.20514 0.38088 -0.2957 -0.19954 -0.089803 0.09687 -0.42352 0.052763 0.086668 -0.43885 -0.098854 0.18565 -0.74527 0.057097 0.15006 -0.76665 -0.14016 0.16907 -0.82761 0.051613 0.070037 -0.81582 0.10106 -0.13698 0.57886
-0.09719 -0.042236 0.34417 0.18018 -0.068177 0.29545 0.054332 -0.068807 0.39975 0.0095181 -0.01352 0.066574 -0.058947 0.0063503 -0.045606 0.047452 0.0063503 -0.057472 -0.2058 0.021466 0.11009 0.25519 -0.14448 0.052338 -0.23617 -0.0098822 -0.12286 0.35571 -0.25366 -0.13249 -0.23438 -0.019794 -0.20493 0.38305 -0.29662 -0.19757 -0.089897 0.096969 -0.42346 0.052678 0.086871 -0.43883 -0.098927 0.18573 -0.74522 0.056874 0.15025 -0.76663 -0.1404 0.16918 -0.82748 0.051512 0.070126 -0.8153 0.10123 -0.13707 0.57879
-0.097143 -0.042288 0.34426 0.18008 -0.067294 0.29521 0.054429 -0.068817 0.39974 0.0095297 -0.013562 0.066564 -0.058972 0.00639 -0.045568 0.047427 0.00639 -0.057488 -0.20595 0.021251 0.11023 0.25512 -0.14328 0.051805 -0.23616 -0.010213 -0.12272 0.35753 -0.25351 -0.13131 -0.23428 -0.021005 -0.2047 0.38556 -0.29754 -0.19546 -0.089983 0.097065 -0.4234 0.0526 0.087067 -0.43881 -0.098994 0.18581 -0.74517 0.056663 0.15044 -0.76662 -0.14064 0.16928 -0.82735 0.05142 0.070333 -0.81475 0.10136 -0.13713 0.57875
