-0.16329 0.0063015 0.31799 0.12149 -0.034793 0.35026 -0.027082 0.00079353 0.40838 -0.0057402 0.00063158 0.068353 -0.050127 -0.0021035 -0.055479 0.053745 -0.0021035 -0.051982 -0.24197 0.0059076 0.064098 0.22587 -0.23704 0.21297 -0.099652 -0.15693 -0.032843 0.12606 -0.21966 0.42723 -0.031875 -0.19375 -0.062671 0.11565 -0.17612 0.49676 -0.049412 0.078137 -0.43693 0.094097 0.026354 -0.43864 0.00083961 0.13395 -0.76227 0.10661 0.11932 -0.75909 0.007549 0.078211 -0.83717 0.14626 0.07104 -0.82879 -0.02261 -0.093642 0.58152
-0.1638 0.0061915 0.31783 0.12066 -0.039343 0.35455 -0.027654 0.00086069 0.40836 -0.0057644 0.00060405 0.068352 -0.050113 -0.0020668 -0.055493 0.053755 -0.0020668 -0.051972 -0.24269 0.0060593 0.064007 0.22549 -0.23198 0.20769 -0.10033 -0.15658 -0.033188 0.11883 -0.20319 0.41829 -0.03249 -0.19323 -0.063099 0.10816 -0.15512 0.48676 -0.049612 0.07817 -0.43694 0.093942 0.02669 -0.43863 0.00044653 0.13406 -0.76231 0.10624 0.11954 -0.75912 0.007243 0.078356 -0.83722 0.14594 0.071196 -0.82875 -0.022575 -0.093879 0.58132
-0.16425 0.0060709 0.31771 0.11993 -0.043528 0.3584 -0.028137 0.00087836 0.40834 -0.005783 0.00057346 0.068352 -0.050101 -0.0020307 -0.055505 0.053764 -0.0020307 -0.051964 -0.24334 0.006197 0.063957 0.22522 -0.22753 0.20297 -0.10093 -0.15625 -0.033487 0.11265 -0.18906 0.41057 -0.033036 -0.19273 -0.063479 0.10175 -0.1372 0.47822 -0.049806 0.078203 -0.43696 0.093791 0.027013 -0.43861 6.4958e-05 0.13416 -0.76233 0.10588 0.11975 -0.75915 0.0069451 0.078497 -0.83727 0.14564 0.071359 -0.82871 -0.022532 -0.094132 0.58115
-0.16462 0.0059404 0.31764 0.11929 -0.047361 0.36181 -0.028536 0.00084863 0.40833 -0.0057963 0.00053994 0.068351 -0.050092 -0.0019954 -0.055515 0.053772 -0.0019954 -0.051958 -0.24392 0.0063214 0.063945 0.22506 -0.22367 0.19878 -0.10146 -0.15594 -0.03374 0.10749 -0.17716 0.40399 -0.033517 -0.19225 -0.063812 0.096388 -0.12223 0.47104 -0.049995 0.078236 -0.43697 0.093646 0.027325 -0.4386 -0.00030541 0.13426 -0.76236 0.10553 0.11996 -0.75917 0.006655 0.078634 -0.83731 0.14536 0.071528 -0.82867 -0.022482 -0.094399 0.58099
-0.16494 0.0058003 0.3176 0.11873 -0.050855 0.36481 -0.028853 0.0007736 0.40832 -0.0058045 0.00050362 0.068351 -0.050085 -0.0019606 -0.055522 0.053778 -0.0019606 -0.051953 -0.24443 0.0064327 0.063971 0.22499 -0.22038 0.19508 -0.10193 -0.15565 -0.033951 0.10329 -0.16742 0.39848 -0.033934 -0.1918 -0.0641 0.092032 -0.1101 0.46516 -0.050178 0.078267 -0.43698 0.093505 0.027625 -0.43859 -0.00066488 0.13436 -0.76238 0.1052 0.12016 -0.7592 0.0063726 0.078766 -0.83736 0.14509 0.071703 -0.82864 -0.022426 -0.09468 0.58086
-0.1652 0.005651 0.3176 0.11826 -0.054021 0.36742 -0.029091 0.00065535 0.40831 -0.0058077 0.00046464 0.068352 -0.050079 -0.0019265 -0.055528 0.053783 -0.0019265 -0.051949 -0.24488 0.0065317 0.064033 0.22501 -0.21762 0.19186 -0.10233 -0.15537 -0.034121 0.10003 -0.15972 0.39397 -0.03429 -0.19137 -0.064345 0.088643 -0.10067 0.46046 -0.050356 0.078298 -0.43698 0.09337 0.027915 -0.43858 -0.0010137 0.13445 -0.76241 0.10487 0.12035 -0.75922 0.0060975 0.078893 -0.8374 0.14483 0.071884 -0.82862 -0.022363 -0.094974 0.58075
-0.16539 0.0054932 0.31764 0.11786 -0.056873 0.36964 -0.029256 0.000496 0.4083 -0.0058063 0.00042311 0.068352 -0.050076 -0.001893 -0.055532 0.053786 -0.001893 -0.051947 -0.24526 0.0066186 0.064127 0.22512 -0.21536 0.18909 -0.10267 -0.15512 -0.034251 0.097665 -0.15397 0.39037 -0.034589 -0.19097 -0.064549 0.086182 -0.093816 0.45688 -0.050529 0.078328 -0.43699 0.093239 0.028194 -0.43857 -0.0013523 0.13454 -0.76243 0.10455 0.12054 -0.75925 0.0058296 0.079017 -0.83744 0.14459 0.07207 -0.8286 -0.022294 -0.095281 0.58066
-0.16554 0.0053271 0.31771 0.11754 -0.059424 0.3715 -0.029349 0.00029762 0.4083 -0.0058004 0.00037917 0.068353 -0.050075 -0.0018602 -0.055535 0.053788 -0.0018602 -0.051946 -0.24558 0.006694 0.064254 0.2253 -0.21359 0.18674 -0.10296 -0.15487 -0.034344 0.096149 -0.15009 0.38764 -0.034832 -0.19059 -0.064714 0.084609 -0.089418 0.45431 -0.050697 0.078357 -0.43699 0.093113 0.028463 -0.43857 -0.0016809 0.13462 -0.76244 0.10425 0.12072 -0.75927 0.0055686 0.079137 -0.83748 0.14436 0.07226 -0.82859 -0.022218 -0.095599 0.58059
-0.16563 0.0051534 0.31781 0.11729 -0.061685 0.37301 -0.029375 6.2315e-05 0.4083 -0.0057903 0.00033294 0.068354 -0.050075 -0.0018279 -0.055535 0.053789 -0.0018279 -0.051946 -0.24585 0.0067584 0.064411 0.22556 -0.21226 0.18479 -0.10318 -0.15465 -0.034401 0.095444 -0.14796 0.38568 -0.035021 -0.19022 -0.064842 0.083886 -0.087346 0.45266 -0.05086 0.078386 -0.43699 0.092992 0.028722 -0.43856 -0.0019997 0.1347 -0.76246 0.10396 0.12089 -0.7593 0.0053143 0.079253 -0.83751 0.14415 0.072455 -0.82859 -0.022137 -0.095929 0.58053
-0.16567 0.0049725 0.31794 0.11711 -0.063671 0.37419 -0.029337 -0.00020782 0.4083 -0.0057761 0.00028455 0.068356 -0.050078 -0.0017962 -0.055534 0.053789 -0.0017962 -0.051947 -0.24606 0.0068122 0.064597 0.22588 -0.21136 0.18322 -0.10336 -0.15444 -0.034424 0.09551 -0.1475 0.38443 -0.035161 -0.18988 -0.064934 0.083973 -0.087477 0.45186 -0.051017 0.078413 -0.43699 0.092875 0.028972 -0.43856 -0.0023092 0.13478 -0.76247 0.10367 0.12106 -0.75932 0.0050665 0.079365 -0.83754 0.14395 0.072655 -0.82858 -0.02205 -0.096269 0.5805
-0.16566 0.0047848 0.3181 0.11699 -0.065392 0.37505 -0.029238 -0.00051069 0.4083 -0.005758 0.00023414 0.068357 -0.050082 -0.0017651 -0.055532 0.053788 -0.0017651 -0.05195 -0.24621 0.006856 0.064809 0.22627 -0.21086 0.18199 -0.10349 -0.15424 -0.034416 0.096307 -0.14861 0.38382 -0.035253 -0.18956 -0.064992 0.084832 -0.089683 0.4518 -0.051171 0.078441 -0.43699 0.092762 0.029213 -0.43855 -0.0026095 0.13485 -0.76249 0.10339 0.12122 -0.75935 0.0048249 0.079473 -0.83758 0.14376 0.072858 -0.82859 -0.021957 -0.09662 0.58047
-0.16561 0.0045908 0.31828 0.11693 -0.066864 0.37562 -0.029082 -0.0008442 0.40831 -0.0057363 0.00018182 0.068359 -0.050087 -0.0017346 -0.055528 0.053786 -0.0017346 -0.051953 -0.24632 0.0068902 0.065046 0.22671 -0.21072 0.18109 -0.10357 -0.15405 -0.034377 0.097793 -0.1512 0.38377 -0.0353 -0.18926 -0.065019 0.086423 -0.093839 0.45241 -0.051319 0.078468 -0.43698 0.092654 0.029445 -0.43855 -0.002901 0.13492 -0.7625 0.10313 0.12138 -0.75937 0.0045892 0.079578 -0.83761 0.14358 0.073065 -0.82859 -0.021858 -0.096979 0.58046
-0.16552 0.004391 0.31849 0.11693 -0.068097 0.37591 -0.028873 -0.0012063 0.40832 -0.0057112 0.00012772 0.068361 -0.050094 -0.0017047 -0.055523 0.053782 -0.0017047 -0.051958 -0.24639 0.0069153 0.065306 0.22719 -0.21092 0.18048 -0.1036 -0.15388 -0.034309 0.099929 -0.15516 0.38422 -0.035304 -0.18898 -0.065016 0.088706 -0.099819 0.45358 -0.051463 0.078494 -0.43698 0.092549 0.029668 -0.43855 -0.0031841 0.13499 -0.7625 0.10287 0.12153 -0.7594 0.0043594 0.079679 -0.83763 0.14341 0.073275 -0.82861 -0.021754 -0.097347 0.58047
-0.16539 0.0041858 0.31873 0.11699 -0.069104 0.37594 -0.028614 -0.0015948 0.40833 -0.0056829 7.1982e-05 0.068363 -0.050102 -0.0016753 -0.055516 0.053778 -0.0016753 -0.051963 -0.24641 0.0069318 0.065589 0.22771 -0.21143 0.18015 -0.10359 -0.15373 -0.034216 0.10267 -0.1604 0.38509 -0.035269 -0.18871 -0.064985 0.091644 -0.1075 0.45524 -0.051602 0.078519 -0.43697 0.092449 0.029884 -0.43855 -0.0034589 0.13506 -0.76251 0.10262 0.12168 -0.75942 0.0041351 0.079777 -0.83766 0.14326 0.073488 -0.82862 -0.021645 -0.097723 0.58049
-0.16523 0.0039758 0.31898 0.11709 -0.069899 0.37572 -0.028309 -0.0020076 0.40834 -0.0056517 1.4722e-05 0.068365 -0.050112 -0.0016464 -0.055508 0.053773 -0.0016464 -0.051969 -0.24639 0.0069401 0.06589 0.22828 -0.21223 0.18007 -0.10354 -0.15358 -0.034097 0.10599 -0.16683 0.38631 -0.035196 -0.18846 -0.064928 0.095196 -0.11675 0.45729 -0.051737 0.078544 -0.43697 0.092353 0.030092 -0.43855 -0.0037258 0.13512 -0.76252 0.10238 0.12182 -0.75945 0.0039161 0.079872 -0.83768 0.14311 0.073704 -0.82864 -0.02153 -0.098106 0.58051
-0.16503 0.0037613 0.31925 0.11724 -0.070494 0.37527 -0.027961 -0.0024428 0.40835 -0.0056176 -4.3929e-05 0.068368 -0.050123 -0.0016181 -0.055499 0.053767 -0.0016181 -0.051977 -0.24633 0.0069408 0.06621 0.22886 -0.21329 0.1802 -0.10346 -0.15345 -0.033956 0.10983 -0.17435 0.38781 -0.035089 -0.18823 -0.064847 0.099324 -0.12745 0.45965 -0.051868 0.078569 -0.43696 0.09226 0.030293 -0.43856 -0.0039851 0.13518 -0.76252 0.10215 0.12196 -0.75947 0.0037021 0.079963 -0.83771 0.14297 0.073921 -0.82866 -0.021411 -0.098496 0.58055
-0.1648 0.0035429 0.31954 0.11743 -0.070901 0.3746 -0.027573 -0.0028981 0.40836 -0.005581 -0.00010384 0.06837 -0.050135 -0.0015903 -0.055489 0.05376 -0.0015903 -0.051984 -0.24624 0.0069343 0.066547 0.22948 -0.21457 0.18053 -0.10334 -0.15332 -0.033793 0.11416 -0.18286 0.38951 -0.034949 -0.18801 -0.064743 0.10399 -0.13947 0.46222 -0.051995 0.078593 -0.43695 0.092171 0.030487 -0.43856 -0.0042371 0.13524 -0.76252 0.10192 0.12209 -0.7595 0.003493 0.080051 -0.83773 0.14284 0.074141 -0.82869 -0.021287 -0.098892 0.5806
-0.16454 0.0033211 0.31984 0.11766 -0.071134 0.37374 -0.027149 -0.0033714 0.40838 -0.005542 -0.00016489 0.068373 -0.050148 -0.001563 -0.055477 0.053753 -0.001563 -0.051993 -0.24611 0.0069211 0.066898 0.2301 -0.21606 0.18103 -0.1032 -0.15321 -0.033611 0.11894 -0.19228 0.39135 -0.03478 -0.18781 -0.064618 0.10915 -0.15268 0.46492 -0.052117 0.078617 -0.43694 0.092086 0.030675 -0.43856 -0.0044821 0.13529 -0.76253 0.10171 0.12222 -0.75952 0.0032886 0.080136 -0.83775 0.14272 0.074363 -0.82872 -0.021158 -0.099293 0.58066
-0.16425 0.0030962 0.32016 0.11793 -0.071205 0.37269 -0.026693 -0.0038608 0.40839 -0.0055009 -0.00022695 0.068376 -0.050163 -0.0015362 -0.055465 0.053744 -0.0015362 -0.052002 -0.24596 0.0069017 0.067262 0.23074 -0.21772 0.18168 -0.10302 -0.1531 -0.033412 0.12412 -0.20249 0.39325 -0.034585 -0.18762 -0.064475 0.11477 -0.16697 0.46765 -0.052236 0.078641 -0.43692 0.092004 0.030856 -0.43857 -0.0047204 0.13534 -0.76253 0.10149 0.12235 -0.75955 0.0030884 0.080218 -0.83777 0.14261 0.074586 -0.82875 -0.021025 -0.099699 0.58073
-0.16395 0.0028688 0.32049 0.11823 -0.071126 0.37149 -0.026209 -0.004364 0.40841 -0.0054578 -0.00028988 0.068379 -0.050178 -0.0015098 -0.055452 0.053736 -0.0015098 -0.052012 -0.24578 0.0068765 0.067637 0.23138 -0.21953 0.18245 -0.10282 -0.15301 -0.033197 0.12967 -0.21341 0.39514 -0.034365 -0.18744 -0.064315 0.12081 -0.1822 0.47034 -0.05235 0.078664 -0.43691 0.091926 0.031032 -0.43857 -0.0049523 0.13539 -0.76253 0.10129 0.12247 -0.75957 0.0028925 0.080298 -0.83779 0.14251 0.074809 -0.82879 -0.020887 -0.10011 0.5808
-0.16362 0.0026393 0.32084 0.11856 -0.070911 0.37013 -0.025699 -0.0048791 0.40843 -0.005413 -0.00035357 0.068381 -0.050194 -0.001484 -0.055438 0.053726 -0.001484 -0.052022 -0.24557 0.0068461 0.068021 0.23203 -0.22145 0.18331 -0.10259 -0.15292 -0.032968 0.13555 -0.22495 0.39695 -0.034123 -0.18727 -0.06414 0.12723 -0.19824 0.47288 -0.052461 0.078686 -0.4369 0.09185 0.031202 -0.43857 -0.0051781 0.13544 -0.76252 0.10109 0.12258 -0.75959 0.0027004 0.080375 -0.8378 0.14241 0.075034 -0.82882 -0.020745 -0.10052 0.58088
-0.16327 0.0024083 0.32119 0.11892 -0.070572 0.36865 -0.025167 -0.0054038 0.40845 -0.0053668 -0.00041788 0.068384 -0.050211 -0.0014586 -0.055423 0.053716 -0.0014586 -0.052033 -0.24535 0.0068109 0.068414 0.23266 -0.22346 0.18424 -0.10234 -0.15284 -0.032727 0.14172 -0.23699 0.3986 -0.033863 -0.18712 -0.063952 0.13399 -0.21498 0.47519 -0.052569 0.078709 -0.43688 0.091778 0.031368 -0.43858 -0.005398 0.13548 -0.76252 0.1009 0.1227 -0.75962 0.0025121 0.080449 -0.83782 0.14231 0.075259 -0.82886 -0.020599 -0.10094 0.58096
-0.16291 0.0021761 0.32154 0.11929 -0.070122 0.36705 -0.024617 -0.0059361 0.40847 -0.0053192 -0.00048268 0.068388 -0.050229 -0.0014337 -0.055408 0.053706 -0.0014337 -0.052045 -0.24511 0.0067714 0.068812 0.23327 -0.22554 0.18522 -0.10208 -0.15277 -0.032476 0.14812 -0.24946 0.40004 -0.033586 -0.18697 -0.063753 0.14105 -0.23229 0.47719 -0.052672 0.078731 -0.43687 0.091709 0.031528 -0.43859 -0.0056125 0.13553 -0.76252 0.10072 0.12281 -0.75964 0.0023272 0.08052 -0.83783 0.14223 0.075483 -0.82891 -0.020449 -0.10136 0.58104
-0.16253 0.0019432 0.3219 0.11969 -0.069574 0.36535 -0.024052 -0.0064739 0.40848 -0.0052706 -0.00054786 0.068391 -0.050247 -0.0014093 -0.055392 0.053695 -0.0014093 -0.052056 -0.24485 0.0067281 0.069215 0.23387 -0.22765 0.18621 -0.1018 -0.1527 -0.032217 0.15474 -0.26225 0.40117 -0.033295 -0.18684 -0.063544 0.14837 -0.25004 0.47878 -0.052773 0.078753 -0.43685 0.091643 0.031685 -0.43859 -0.0058217 0.13557 -0.76252 0.10054 0.12291 -0.75966 0.0021455 0.080589 -0.83785 0.14215 0.075708 -0.82895 -0.020295 -0.10178 0.58113
-0.16215 0.0017102 0.32227 0.1201 -0.068939 0.36358 -0.023475 -0.0070152 0.4085 -0.0052211 -0.00061327 0.068394 -0.050265 -0.0013852 -0.055376 0.053684 -0.0013852 -0.052068 -0.24458 0.0066815 0.06962 0.23444 -0.22977 0.1872 -0.10151 -0.15264 -0.031951 0.16151 -0.27526 0.40193 -0.032994 -0.18671 -0.063328 0.15592 -0.2681 0.47987 -0.052869 0.078774 -0.43684 0.09158 0.031838 -0.4386 -0.0060261 0.13561 -0.76251 0.10036 0.12302 -0.75969 0.0019668 0.080656 -0.83786 0.14207 0.075932 -0.82899 -0.020138 -0.1022 0.58122
-0.16176 0.0014774 0.32263 0.12052 -0.068231 0.36174 -0.022891 -0.0075577 0.40852 -0.0051709 -0.00067879 0.068397 -0.050285 -0.0013616 -0.055359 0.053673 -0.0013616 -0.052081 -0.24429 0.006632 0.070026 0.23498 -0.23187 0.18816 -0.10121 -0.15259 -0.031681 0.16841 -0.28841 0.40226 -0.032683 -0.1866 -0.063106 0.16365 -0.28635 0.48037 -0.052963 0.078796 -0.43682 0.091519 0.031987 -0.4386 -0.0062258 0.13565 -0.76251 0.10019 0.12312 -0.75971 0.0017909 0.080721 -0.83787 0.142 0.076155 -0.82904 -0.019977 -0.10262 0.58132
-0.16136 0.0012454 0.323 0.12094 -0.067463 0.35985 -0.022303 -0.0080995 0.40854 -0.0051203 -0.0007443 0.0684 -0.050304 -0.0013384 -0.055342 0.053661 -0.0013384 -0.052093 -0.24401 0.0065802 0.070431 0.23548 -0.23392 0.18906 -0.1009 -0.15254 -0.031407 0.1754 -0.30159 0.40207 -0.032367 -0.18649 -0.06288 0.17152 -0.30467 0.4802 -0.053053 0.078817 -0.4368 0.091461 0.032133 -0.43861 -0.0064212 0.13568 -0.7625 0.10002 0.12321 -0.75973 0.0016175 0.080783 -0.83788 0.14193 0.076377 -0.82909 -0.019813 -0.10304 0.58141
-0.16096 0.0010146 0.32336 0.12138 -0.066648 0.35793 -0.021714 -0.0086384 0.40856 -0.0050695 -0.00080966 0.068403 -0.050324 -0.0013157 -0.055324 0.053649 -0.0013157 -0.052106 -0.24371 0.0065265 0.070833 0.23593 -0.23589 0.18987 -0.10058 -0.15249 -0.031133 0.18243 -0.31471 0.4013 -0.032047 -0.18638 -0.062653 0.1795 -0.32292 0.47927 -0.053141 0.078838 -0.43678 0.091406 0.032276 -0.43862 -0.0066126 0.13572 -0.7625 0.099863 0.12331 -0.75976 0.0014464 0.080844 -0.8379 0.14187 0.076597 -0.82914 -0.019646 -0.10345 0.5815
-0.16057 0.00078549 0.32372 0.12181 -0.065797 0.356 -0.021128 -0.0091723 0.40858 -0.0050187 -0.00087476 0.068406 -0.050344 -0.0012933 -0.055307 0.053637 -0.0012933 -0.052119 -0.24342 0.0064713 0.071231 0.23633 -0.23776 0.19058 -0.10027 -0.15245 -0.030859 0.18946 -0.32768 0.39987 -0.031727 -0.18628 -0.062425 0.18755 -0.34098 0.47749 -0.053225 0.078859 -0.43677 0.091353 0.032417 -0.43862 -0.0068003 0.13575 -0.76249 0.099706 0.1234 -0.75978 0.0012774 0.080902 -0.83791 0.1418 0.076815 -0.82919 -0.019476 -0.10387 0.58158
-0.16017 0.00055853 0.32408 0.12224 -0.064924 0.35407 -0.020548 -0.0096992 0.4086 -0.004968 -0.00093945 0.068409 -0.050364 -0.0012713 -0.055289 0.053625 -0.0012713 -0.052132 -0.24313 0.0064152 0.071623 0.23667 -0.2395 0.19115 -0.099957 -0.15241 -0.030588 0.19645 -0.34039 0.39771 -0.031408 -0.18619 -0.062199 0.19563 -0.35874 0.47476 -0.053307 0.07888 -0.43675 0.091302 0.032555 -0.43863 -0.0069846 0.13578 -0.76249 0.099552 0.12349 -0.7598 0.0011102 0.080959 -0.83792 0.14174 0.077031 -0.82924 -0.019303 -0.10429 0.58167
-0.15978 0.0003342 0.32443 0.12266 -0.064041 0.35217 -0.019978 -0.010217 0.40861 -0.0049178 -0.0010036 0.068412 -0.050385 -0.0012497 -0.055271 0.053613 -0.0012497 -0.052145 -0.24284 0.0063587 0.072008 0.23695 -0.24108 0.19157 -0.099647 -0.15237 -0.030321 0.20336 -0.35275 0.39475 -0.031094 -0.1861 -0.061976 0.20369 -0.37605 0.471 -0.053386 0.0789 -0.43673 0.091254 0.032692 -0.43864 -0.0071658 0.13581 -0.76248 0.099401 0.12358 -0.75983 0.00094459 0.081014 -0.83793 0.14168 0.077245 -0.82929 -0.019128 -0.1047 0.58175
-0.1594 0.00011296 0.32476 0.12307 -0.063161 0.35029 -0.019421 -0.010723 0.40863 -0.0048682 -0.0010671 0.068414 -0.050405 -0.0012284 -0.055253 0.053601 -0.0012284 -0.052158 -0.24255 0.0063023 0.072382 0.23716 -0.24248 0.1918 -0.099344 -0.15233 -0.03006 0.21016 -0.36467 0.39092 -0.030787 -0.18602 -0.061759 0.21171 -0.3928 0.46613 -0.053462 0.078921 -0.43671 0.091207 0.032828 -0.43864 -0.0073442 0.13584 -0.76248 0.099254 0.12366 -0.75985 0.00078037 0.081067 -0.83794 0.14163 0.077456 -0.82934 -0.01895 -0.1051 0.58183
-0.15903 -0.00010471 0.32509 0.12347 -0.062297 0.34847 -0.018881 -0.011217 0.40865 -0.0048194 -0.0011298 0.068417 -0.050425 -0.0012075 -0.055235 0.053589 -0.0012075 -0.05217 -0.24228 0.0062463 0.072746 0.23729 -0.24365 0.19182 -0.09905 -0.1523 -0.029808 0.2168 -0.37605 0.38615 -0.030489 -0.18593 -0.06155 0.21963 -0.40885 0.46004 -0.053535 0.078942 -0.43669 0.091162 0.032963 -0.43865 -0.00752 0.13587 -0.76247 0.099109 0.12375 -0.75987 0.0006173 0.081119 -0.83795 0.14157 0.077663 -0.8294 -0.018769 -0.10551 0.5819
-0.15867 -0.00031836 0.32541 0.12385 -0.061462 0.34673 -0.018361 -0.011694 0.40866 -0.0047717 -0.0011917 0.068419 -0.050445 -0.0011869 -0.055217 0.053578 -0.0011869 -0.052183 -0.24202 0.0061913 0.073096 0.23734 -0.24459 0.1916 -0.098767 -0.15226 -0.029565 0.22323 -0.38679 0.38036 -0.030204 -0.18585 -0.06135 0.22743 -0.42409 0.45266 -0.053606 0.078963 -0.43668 0.09112 0.033097 -0.43865 -0.0076937 0.1359 -0.76247 0.098966 0.12383 -0.75989 0.00045514 0.08117 -0.83796 0.14151 0.077867 -0.82945 -0.018587 -0.1059 0.58196
-0.15833 -0.0005275 0.32571 0.12421 -0.060667 0.34506 -0.017865 -0.012154 0.40867 -0.0047252 -0.0012524 0.068422 -0.050465 -0.0011667 -0.055199 0.053566 -0.0011667 -0.052195 -0.24178 0.0061378 0.073432 0.2373 -0.24525 0.19113 -0.0985 -0.15223 -0.029334 0.22943 -0.39681 0.37349 -0.029934 -0.18577 -0.06116 0.23505 -0.43839 0.44389 -0.053675 0.078984 -0.43666 0.091079 0.033231 -0.43866 -0.0078654 0.13593 -0.76246 0.098826 0.12391 -0.75992 0.00029365 0.081219 -0.83797 0.14145 0.078067 -0.8295 -0.018402 -0.1063 0.58202
-0.15801 -0.00073167 0.32599 0.12455 -0.059926 0.3435 -0.017397 -0.012595 0.40869 -0.0046802 -0.001312 0.068424 -0.050484 -0.0011468 -0.055182 0.053555 -0.0011468 -0.052207 -0.24155 0.0060863 0.073751 0.23716 -0.24562 0.19037 -0.098249 -0.15219 -0.029116 0.23534 -0.40599 0.36545 -0.029681 -0.18569 -0.060984 0.24247 -0.45162 0.43365 -0.053742 0.079005 -0.43664 0.091039 0.033365 -0.43866 -0.0080355 0.13595 -0.76246 0.098688 0.12399 -0.75994 0.00013262 0.081267 -0.83798 0.1414 0.078263 -0.82955 -0.018215 -0.10668 0.58206
-0.15771 -0.00093041 0.32626 0.12486 -0.059252 0.34206 -0.01696 -0.013014 0.4087 -0.0046369 -0.0013703 0.068426 -0.050503 -0.0011272 -0.055165 0.053544 -0.0011272 -0.052219 -0.24134 0.0060372 0.074052 0.23693 -0.24566 0.1893 -0.098018 -0.15215 -0.028914 0.24094 -0.41425 0.35619 -0.029449 -0.18561 -0.060822 0.24965 -0.46366 0.42184 -0.053806 0.079026 -0.43662 0.091001 0.0335 -0.43867 -0.0082043 0.13598 -0.76245 0.098551 0.12407 -0.75996 -2.8203e-05 0.081313 -0.83799 0.14134 0.078455 -0.8296 -0.018027 -0.10706 0.5821
-0.15744 -0.0011233 0.3265 0.12514 -0.058657 0.34076 -0.016556 -0.013409 0.40871 -0.0045955 -0.0014272 0.068428 -0.050521 -0.0011079 -0.055149 0.053533 -0.0011079 -0.052231 -0.24116 0.0059911 0.074333 0.23659 -0.24535 0.18789 -0.097809 -0.15211 -0.028729 0.24618 -0.42149 0.34562 -0.029239 -0.18553 -0.060677 0.25653 -0.47437 0.40839 -0.053868 0.079047 -0.4366 0.090965 0.033636 -0.43867 -0.0083721 0.13601 -0.76245 0.098415 0.12415 -0.75998 -0.00018903 0.081359 -0.838 0.14127 0.078642 -0.82965 -0.017837 -0.10743 0.58212
-0.15719 -0.0013102 0.32673 0.12538 -0.058144 0.33959 -0.016188 -0.01378 0.40871 -0.004556 -0.0014827 0.06843 -0.050539 -0.0010889 -0.055133 0.053522 -0.0010889 -0.052242 -0.241 0.0059479 0.074594 0.23614 -0.24468 0.18615 -0.097624 -0.15207 -0.028561 0.25104 -0.42768 0.33377 -0.029053 -0.18545 -0.060549 0.26312 -0.48373 0.3933 -0.053929 0.079068 -0.43659 0.09093 0.033773 -0.43867 -0.0085391 0.13603 -0.76245 0.09828 0.12422 -0.76001 -0.00035 0.081404 -0.83801 0.14121 0.078824 -0.8297 -0.017645 -0.10779 0.58214
-0.15696 -0.0014917 0.32694 0.1256 -0.057708 0.33856 -0.015854 -0.014127 0.40872 -0.0045184 -0.0015368 0.068431 -0.050557 -0.0010702 -0.055117 0.053512 -0.0010702 -0.052252 -0.24087 0.0059075 0.074836 0.23559 -0.24368 0.18409 -0.097461 -0.15203 -0.02841 0.25553 -0.43285 0.32073 -0.028888 -0.18536 -0.060438 0.2694 -0.49177 0.3767 -0.053987 0.079089 -0.43657 0.090896 0.03391 -0.43868 -0.0087053 0.13606 -0.76244 0.098146 0.1243 -0.76003 -0.00051116 0.081447 -0.83802 0.14114 0.079001 -0.82975 -0.017452 -0.10815 0.58214
-0.15676 -0.0016682 0.32712 0.12578 -0.057344 0.33766 -0.015551 -0.014453 0.40872 -0.0044826 -0.0015896 0.068433 -0.050574 -0.0010517 -0.055102 0.053503 -0.0010517 -0.052263 -0.24075 0.0058696 0.075059 0.23494 -0.24234 0.18174 -0.097319 -0.15198 -0.028275 0.25967 -0.43704 0.3066 -0.028745 -0.18528 -0.060341 0.27537 -0.49851 0.35871 -0.054043 0.079111 -0.43655 0.090864 0.034049 -0.43868 -0.0088708 0.13608 -0.76244 0.098013 0.12437 -0.76005 -0.00067254 0.08149 -0.83803 0.14108 0.079174 -0.82979 -0.017258 -0.1085 0.58213
-0.15657 -0.0018401 0.3273 0.12594 -0.057046 0.33687 -0.015279 -0.014759 0.40872 -0.0044486 -0.0016412 0.068434 -0.05059 -0.0010333 -0.055087 0.053493 -0.0010333 -0.052273 -0.24066 0.005834 0.075265 0.23422 -0.2407 0.17911 -0.097196 -0.15193 -0.028156 0.26347 -0.44026 0.29148 -0.028622 -0.18519 -0.060259 0.28104 -0.504 0.33947 -0.054097 0.079133 -0.43654 0.090833 0.034189 -0.43868 -0.0090357 0.13611 -0.76244 0.097881 0.12445 -0.76007 -0.00083417 0.081533 -0.83804 0.14101 0.079343 -0.82984 -0.017062 -0.10884 0.58212
-0.15641 -0.0020079 0.32745 0.12607 -0.056809 0.33619 -0.015035 -0.015045 0.40872 -0.0044161 -0.0016917 0.068435 -0.050606 -0.0010152 -0.055073 0.053484 -0.0010152 -0.052283 -0.24059 0.0058004 0.075454 0.23341 -0.23877 0.17624 -0.097092 -0.15188 -0.02805 0.26694 -0.44256 0.27546 -0.028517 -0.1851 -0.060191 0.28641 -0.50827 0.31908 -0.05415 0.079155 -0.43652 0.090803 0.03433 -0.43868 -0.0092001 0.13613 -0.76244 0.09775 0.12452 -0.76009 -0.00099609 0.081574 -0.83805 0.14094 0.079507 -0.82988 -0.016865 -0.10918 0.58209
-0.15627 -0.002172 0.32759 0.12618 -0.056627 0.33561 -0.014818 -0.015313 0.40872 -0.0043852 -0.0017413 0.068436 -0.050622 -0.00099714 -0.055059 0.053475 -0.00099714 -0.052292 -0.24053 0.0057686 0.075628 0.23253 -0.23658 0.17315 -0.097005 -0.15183 -0.027959 0.27009 -0.44396 0.25866 -0.028429 -0.18502 -0.060135 0.29147 -0.51137 0.29769 -0.0542 0.079177 -0.43651 0.090774 0.034471 -0.43868 -0.009364 0.13615 -0.76244 0.097619 0.12459 -0.76011 -0.0011583 0.081615 -0.83807 0.14086 0.079668 -0.82992 -0.016667 -0.10951 0.58206
-0.15614 -0.0023329 0.32772 0.12627 -0.056494 0.33513 -0.014627 -0.015565 0.40872 -0.0043557 -0.0017898 0.068436 -0.050637 -0.00097923 -0.055046 0.053467 -0.00097923 -0.052301 -0.24049 0.0057382 0.075786 0.23158 -0.23412 0.16985 -0.096935 -0.15178 -0.02788 0.27293 -0.4445 0.24116 -0.028358 -0.18493 -0.060091 0.29622 -0.51333 0.27541 -0.054249 0.0792 -0.43649 0.090746 0.034614 -0.43868 -0.0095275 0.13618 -0.76244 0.097489 0.12467 -0.76013 -0.001321 0.081656 -0.83808 0.14079 0.079826 -0.82996 -0.016468 -0.10984 0.58201
-0.15603 -0.0024911 0.32783 0.12633 -0.056406 0.33473 -0.014458 -0.0158 0.40872 -0.0043276 -0.0018376 0.068437 -0.050652 -0.0009614 -0.055032 0.053458 -0.0009614 -0.05231 -0.24047 0.0057091 0.075932 0.23058 -0.23143 0.16637 -0.096879 -0.15173 -0.027812 0.27547 -0.44421 0.22307 -0.028302 -0.18485 -0.060057 0.30067 -0.51418 0.25236 -0.054295 0.079223 -0.43648 0.09072 0.034757 -0.43868 -0.0096907 0.1362 -0.76244 0.09736 0.12474 -0.76016 -0.001484 0.081696 -0.83809 0.14071 0.07998 -0.83 -0.016267 -0.11017 0.58196
-0.15594 -0.002647 0.32793 0.12637 -0.056356 0.33441 -0.014312 -0.016022 0.40872 -0.0043009 -0.0018845 0.068437 -0.050666 -0.00094362 -0.055019 0.05345 -0.00094362 -0.052319 -0.24046 0.005681 0.076064 0.22953 -0.22852 0.16273 -0.096837 -0.15168 -0.027756 0.27772 -0.44312 0.20448 -0.02826 -0.18476 -0.060034 0.30482 -0.51396 0.22868 -0.05434 0.079247 -0.43646 0.090695 0.034901 -0.43868 -0.0098536 0.13622 -0.76245 0.097231 0.12481 -0.76018 -0.0016474 0.081735 -0.83811 0.14064 0.080131 -0.83004 -0.016066 -0.11049 0.5819
-0.15586 -0.002801 0.32802 0.1264 -0.056339 0.33416 -0.014185 -0.01623 0.40871 -0.0042753 -0.0019308 0.068437 -0.05068 -0.00092586 -0.055007 0.053442 -0.00092586 -0.052328 -0.24047 0.0056536 0.076184 0.22843 -0.22541 0.15896 -0.096808 -0.15162 -0.02771 0.2797 -0.44126 0.1855 -0.02823 -0.18468 -0.060019 0.30866 -0.51272 0.20449 -0.054383 0.07927 -0.43645 0.090671 0.035046 -0.43867 -0.010016 0.13625 -0.76245 0.097103 0.12488 -0.7602 -0.0018114 0.081775 -0.83812 0.14056 0.08028 -0.83008 -0.015863 -0.11081 0.58184
-0.15579 -0.0029536 0.32809 0.12641 -0.05635 0.33397 -0.014077 -0.016426 0.40871 -0.0042508 -0.0019765 0.068438 -0.050694 -0.0009081 -0.054994 0.053434 -0.0009081 -0.052336 -0.24049 0.0056267 0.076294 0.22729 -0.22212 0.15508 -0.096789 -0.15157 -0.027673 0.28142 -0.43866 0.16623 -0.028212 -0.18459 -0.060012 0.31219 -0.51048 0.1799 -0.054424 0.079294 -0.43644 0.090648 0.035192 -0.43867 -0.010179 0.13627 -0.76245 0.096976 0.12496 -0.76022 -0.0019758 0.081814 -0.83813 0.14048 0.080425 -0.83012 -0.015659 -0.11113 0.58177
-0.15573 -0.0031053 0.32816 0.12641 -0.056383 0.33384 -0.013986 -0.016612 0.4087 -0.0042274 -0.0020217 0.068438 -0.050707 -0.00089031 -0.054982 0.053426 -0.00089031 -0.052344 -0.24052 0.0055999 0.076393 0.22612 -0.21866 0.1511 -0.096781 -0.15152 -0.027645 0.28288 -0.43535 0.14676 -0.028204 -0.18451 -0.060012 0.31542 -0.50729 0.15506 -0.054463 0.079319 -0.43642 0.090627 0.035338 -0.43867 -0.010342 0.13629 -0.76245 0.096849 0.12503 -0.76024 -0.0021408 0.081853 -0.83815 0.1404 0.080569 -0.83015 -0.015454 -0.11144 0.58169
-0.15569 -0.0032565 0.32822 0.12639 -0.056432 0.33375 -0.013909 -0.016788 0.40869 -0.004205 -0.0020665 0.068438 -0.05072 -0.00087245 -0.05497 0.053418 -0.00087245 -0.052353 -0.24055 0.0055732 0.076484 0.22493 -0.21505 0.14705 -0.096782 -0.15146 -0.027625 0.2841 -0.43137 0.1272 -0.028205 -0.18443 -0.060019 0.31835 -0.50319 0.13007 -0.0545 0.079344 -0.43641 0.090606 0.035485 -0.43867 -0.010504 0.13632 -0.76246 0.096722 0.1251 -0.76026 -0.0023064 0.081891 -0.83816 0.14033 0.08071 -0.83018 -0.015249 -0.11176 0.5816
-0.15565 -0.0034076 0.32827 0.12637 -0.056492 0.33371 -0.013846 -0.016957 0.40869 -0.0041834 -0.0021109 0.068437 -0.050733 -0.00085451 -0.054959 0.05341 -0.00085451 -0.052361 -0.2406 0.0055461 0.076566 0.22373 -0.21131 0.14296 -0.096791 -0.15141 -0.027612 0.28509 -0.42675 0.10764 -0.028213 -0.18435 -0.060031 0.32097 -0.4982 0.10507 -0.054535 0.079369 -0.4364 0.090586 0.035633 -0.43866 -0.010667 0.13634 -0.76246 0.096596 0.12517 -0.76028 -0.0024726 0.08193 -0.83818 0.14025 0.080849 -0.83022 -0.015042 -0.11207 0.58151
-0.15562 -0.0035591 0.32831 0.12633 -0.056558 0.33369 -0.013794 -0.017118 0.40868 -0.0041626 -0.0021551 0.068437 -0.050746 -0.00083644 -0.054947 0.053403 -0.00083644 -0.052369 -0.24065 0.0055185 0.076641 0.22251 -0.20745 0.13885 -0.096806 -0.15136 -0.027604 0.28586 -0.42152 0.088177 -0.028229 -0.18428 -0.060047 0.32329 -0.49236 0.080183 -0.054568 0.079395 -0.43638 0.090568 0.035781 -0.43866 -0.01083 0.13636 -0.76247 0.09647 0.12525 -0.7603 -0.0026394 0.081969 -0.8382 0.14017 0.080986 -0.83025 -0.014835 -0.11239 0.58142
-0.1556 -0.0037115 0.32835 0.12628 -0.056623 0.3337 -0.013752 -0.017273 0.40867 -0.0041425 -0.0021991 0.068437 -0.050758 -0.00081822 -0.054936 0.053395 -0.00081822 -0.052377 -0.24071 0.00549 0.07671 0.22129 -0.2035 0.13474 -0.096827 -0.15131 -0.027602 0.28643 -0.4157 0.06892 -0.028249 -0.18421 -0.060067 0.3253 -0.48573 0.05553 -0.0546 0.079421 -0.43637 0.09055 0.03593 -0.43866 -0.010993 0.13639 -0.76247 0.096344 0.12532 -0.76032 -0.002807 0.082008 -0.83821 0.14009 0.081122 -0.83028 -0.014627 -0.1127 0.58132
-0.15559 -0.0038652 0.32838 0.12623 -0.056683 0.33372 -0.013719 -0.017424 0.40866 -0.0041231 -0.0022431 0.068436 -0.050771 -0.00079983 -0.054925 0.053387 -0.00079983 -0.052385 -0.24078 0.0054605 0.076774 0.22008 -0.19947 0.13065 -0.096851 -0.15126 -0.027605 0.28679 -0.40933 0.049966 -0.028274 -0.18414 -0.060089 0.327 -0.47832 0.031237 -0.054629 0.079448 -0.43636 0.090534 0.036079 -0.43865 -0.011157 0.13641 -0.76248 0.096219 0.12539 -0.76034 -0.0029752 0.082047 -0.83823 0.14001 0.081257 -0.8303 -0.014418 -0.11302 0.58122
-0.15558 -0.0040207 0.32841 0.12618 -0.056732 0.33375 -0.013691 -0.017572 0.40865 -0.0041042 -0.002287 0.068436 -0.050783 -0.00078123 -0.054914 0.053379 -0.00078123 -0.052393 -0.24084 0.0054297 0.076833 0.21888 -0.19538 0.1266 -0.096879 -0.15121 -0.027611 0.28697 -0.40245 0.031413 -0.028302 -0.18407 -0.060113 0.32841 -0.47018 0.0074294 -0.054657 0.079476 -0.43634 0.090518 0.036229 -0.43865 -0.011321 0.13643 -0.76248 0.096094 0.12547 -0.76036 -0.0031443 0.082086 -0.83825 0.13993 0.08139 -0.83033 -0.014209 -0.11334 0.58111
-0.15557 -0.0041784 0.32843 0.12612 -0.056764 0.33378 -0.013669 -0.017718 0.40864 -0.0040857 -0.0023311 0.068435 -0.050795 -0.00076239 -0.054903 0.053372 -0.00076239 -0.052402 -0.24091 0.0053972 0.076889 0.2177 -0.19124 0.12262 -0.096909 -0.15116 -0.02762 0.28698 -0.39508 0.01336 -0.028332 -0.18401 -0.060137 0.32951 -0.46135 -0.015769 -0.054683 0.079504 -0.43633 0.090503 0.036379 -0.43865 -0.011485 0.13646 -0.76249 0.095969 0.12554 -0.76038 -0.0033141 0.082126 -0.83827 0.13985 0.081523 -0.83036 -0.013999 -0.11366 0.581
-0.15557 -0.0043387 0.32846 0.12606 -0.056774 0.3338 -0.01365 -0.017863 0.40863 -0.0040676 -0.0023753 0.068434 -0.050806 -0.00074329 -0.054893 0.053364 -0.00074329 -0.05241 -0.24098 0.005363 0.076942 0.21654 -0.18708 0.11873 -0.096939 -0.15111 -0.027631 0.28682 -0.38726 -0.0040919 -0.028362 -0.18395 -0.060162 0.3303 -0.45185 -0.038232 -0.054707 0.079532 -0.43632 0.09049 0.036529 -0.43864 -0.01165 0.13648 -0.7625 0.095844 0.12562 -0.76039 -0.0034848 0.082165 -0.83828 0.13977 0.081655 -0.83038 -0.013788 -0.11399 0.58089
-0.15557 -0.0045022 0.32848 0.126 -0.056756 0.3338 -0.013632 -0.018008 0.40862 -0.0040498 -0.0024198 0.068434 -0.050818 -0.00072389 -0.054882 0.053356 -0.00072389 -0.052418 -0.24105 0.0053266 0.076994 0.21541 -0.1829 0.11495 -0.096968 -0.15107 -0.027643 0.28651 -0.37901 -0.020845 -0.028392 -0.1839 -0.060185 0.33079 -0.44174 -0.059837 -0.05473 0.079562 -0.4363 0.090477 0.03668 -0.43864 -0.011816 0.13651 -0.7625 0.095719 0.1257 -0.76041 -0.0036563 0.082206 -0.8383 0.13969 0.081786 -0.8304 -0.013577 -0.11432 0.58078
-0.15556 -0.0046692 0.3285 0.12594 -0.056705 0.33378 -0.013614 -0.018155 0.40861 -0.0040322 -0.0024646 0.068433 -0.050829 -0.00070418 -0.054872 0.053348 -0.00070418 -0.052427 -0.24112 0.0052879 0.077045 0.21432 -0.17874 0.1113 -0.096996 -0.15103 -0.027655 0.28606 -0.37037 -0.036798 -0.02842 -0.18385 -0.060206 0.33097 -0.43105 -0.080457 -0.05475 0.079592 -0.43629 0.090465 0.036832 -0.43864 -0.011982 0.13653 -0.76251 0.095594 0.12577 -0.76043 -0.0038288 0.082247 -0.83832 0.13962 0.081918 -0.83042 -0.013365 -0.11465 0.58066
-0.15556 -0.0048402 0.32852 0.12588 -0.056615 0.33373 -0.013594 -0.018306 0.40861 -0.0040148 -0.0025098 0.068432 -0.050841 -0.00068411 -0.054861 0.053339 -0.00068411 -0.052435 -0.24119 0.0052466 0.077096 0.21328 -0.17459 0.10782 -0.09702 -0.15099 -0.027667 0.28548 -0.36137 -0.051853 -0.028445 -0.1838 -0.060225 0.33085 -0.41981 -0.099969 -0.054769 0.079622 -0.43628 0.090454 0.036983 -0.43863 -0.012149 0.13655 -0.76252 0.095469 0.12585 -0.76045 -0.0040022 0.082288 -0.83834 0.13954 0.082049 -0.83044 -0.013153 -0.11499 0.58055
-0.15555 -0.0050157 0.32855 0.12583 -0.056481 0.33364 -0.01357 -0.01846 0.4086 -0.0039973 -0.0025556 0.068431 -0.050852 -0.00066367 -0.054851 0.053331 -0.00066367 -0.052444 -0.24125 0.0052024 0.077149 0.2123 -0.1705 0.10451 -0.097041 -0.15095 -0.027677 0.28478 -0.35205 -0.065911 -0.028466 -0.18376 -0.060239 0.33043 -0.40806 -0.11825 -0.054786 0.079653 -0.43627 0.090444 0.037135 -0.43863 -0.012317 0.13658 -0.76253 0.095343 0.12593 -0.76047 -0.0041765 0.082331 -0.83837 0.13947 0.082181 -0.83046 -0.012941 -0.11533 0.58043
-0.15554 -0.0051961 0.32857 0.12579 -0.056296 0.33351 -0.013541 -0.01862 0.40859 -0.0039799 -0.002602 0.06843 -0.050864 -0.00064281 -0.054841 0.053322 -0.00064281 -0.052453 -0.24131 0.0051551 0.077204 0.21137 -0.16646 0.1014 -0.097056 -0.15092 -0.027686 0.28397 -0.34242 -0.078871 -0.028481 -0.18373 -0.060249 0.3297 -0.39584 -0.13517 -0.054802 0.079685 -0.43625 0.090434 0.037287 -0.43862 -0.012485 0.1366 -0.76253 0.095218 0.12601 -0.76049 -0.0043519 0.082373 -0.83839 0.13939 0.082313 -0.83048 -0.012728 -0.11568 0.58031
-0.15552 -0.005382 0.3286 0.12575 -0.056057 0.33331 -0.013504 -0.018786 0.40858 -0.0039623 -0.0026491 0.068429 -0.050875 -0.00062152 -0.05483 0.053314 -0.00062152 -0.052462 -0.24136 0.0051044 0.077261 0.21051 -0.1625 0.098516 -0.097064 -0.15088 -0.027691 0.28307 -0.33253 -0.090634 -0.02849 -0.1837 -0.060253 0.32867 -0.38318 -0.1506 -0.054815 0.079718 -0.43624 0.090425 0.037439 -0.43862 -0.012655 0.13663 -0.76254 0.095092 0.1261 -0.7605 -0.0045284 0.082417 -0.83841 0.13932 0.082446 -0.83049 -0.012515 -0.11604 0.5802
-0.1555 -0.0055736 0.32863 0.12572 -0.055757 0.33306 -0.013459 -0.01896 0.40857 -0.0039444 -0.0026969 0.068428 -0.050886 -0.00059977 -0.05482 0.053304 -0.00059977 -0.052472 -0.2414 0.0050501 0.077323 0.20972 -0.15864 0.095879 -0.097064 -0.15086 -0.027693 0.28208 -0.3224 -0.1011 -0.028491 -0.18367 -0.060251 0.32733 -0.37013 -0.16443 -0.054827 0.079751 -0.43623 0.090417 0.037592 -0.43862 -0.012826 0.13666 -0.76255 0.094967 0.12618 -0.76052 -0.0047059 0.082462 -0.83843 0.13925 0.08258 -0.83051 -0.012302 -0.11641 0.58008
-0.15547 -0.0057715 0.32867 0.12571 -0.05539 0.33273 -0.013404 -0.019144 0.40856 -0.0039263 -0.0027456 0.068428 -0.050898 -0.00057752 -0.05481 0.053295 -0.00057752 -0.052481 -0.24144 0.0049919 0.07739 0.20902 -0.15488 0.093512 -0.097056 -0.15083 -0.02769 0.28101 -0.31207 -0.11017 -0.028483 -0.18365 -0.060241 0.32569 -0.35672 -0.17653 -0.054837 0.079786 -0.43622 0.09041 0.037744 -0.43861 -0.012998 0.13668 -0.76256 0.09484 0.12626 -0.76054 -0.0048846 0.082507 -0.83846 0.13918 0.082715 -0.83052 -0.012089 -0.11678 0.57997
-0.15544 -0.0059761 0.32872 0.12571 -0.054951 0.33233 -0.013336 -0.019338 0.40856 -0.0039078 -0.0027953 0.068427 -0.050909 -0.00055474 -0.054799 0.053286 -0.00055474 -0.052491 -0.24146 0.0049295 0.077463 0.2084 -0.15126 0.091436 -0.097037 -0.15081 -0.027681 0.27989 -0.30157 -0.11775 -0.028465 -0.18364 -0.060223 0.32375 -0.34299 -0.18677 -0.054846 0.079821 -0.4362 0.090404 0.037897 -0.43861 -0.013171 0.13671 -0.76257 0.094714 0.12635 -0.76055 -0.0050644 0.082554 -0.83848 0.13911 0.082851 -0.83053 -0.011875 -0.11716 0.57985
-0.15539 -0.0061879 0.32877 0.12572 -0.054435 0.33183 -0.013255 -0.019543 0.40855 -0.0038889 -0.002846 0.068426 -0.050921 -0.00053142 -0.054789 0.053276 -0.00053142 -0.052502 -0.24148 0.0048627 0.077543 0.20788 -0.14779 0.089675 -0.097008 -0.15079 -0.027667 0.27871 -0.29093 -0.12373 -0.028435 -0.18364 -0.060195 0.3215 -0.32896 -0.19503 -0.054852 0.079856 -0.43619 0.090398 0.03805 -0.43861 -0.013345 0.13674 -0.76258 0.094587 0.12644 -0.76057 -0.0052454 0.082602 -0.8385 0.13905 0.082989 -0.83054 -0.011662 -0.11755 0.57974
-0.15533 -0.0064074 0.32883 0.12575 -0.053836 0.33125 -0.013158 -0.019761 0.40855 -0.0038694 -0.0028978 0.068425 -0.050932 -0.00050751 -0.054778 0.053265 -0.00050751 -0.052512 -0.24148 0.0047913 0.07763 0.20746 -0.14448 0.08825 -0.096965 -0.15078 -0.027645 0.27749 -0.28017 -0.12802 -0.028392 -0.18364 -0.060157 0.31894 -0.3147 -0.20118 -0.054857 0.079893 -0.43618 0.090393 0.038202 -0.43861 -0.013521 0.13677 -0.76259 0.09446 0.12653 -0.76059 -0.0054277 0.08265 -0.83853 0.13898 0.083129 -0.83054 -0.011448 -0.11795 0.57963
-0.15526 -0.0066349 0.3289 0.1258 -0.053149 0.33056 -0.013043 -0.019993 0.40854 -0.0038492 -0.0029508 0.068424 -0.050944 -0.00048299 -0.054768 0.053255 -0.00048299 -0.052524 -0.24147 0.004715 0.077727 0.20715 -0.14135 0.087184 -0.096909 -0.15077 -0.027615 0.27625 -0.26934 -0.13051 -0.028336 -0.18365 -0.060109 0.31609 -0.30022 -0.2051 -0.054861 0.079931 -0.43616 0.090389 0.038355 -0.4386 -0.013698 0.13679 -0.7626 0.094332 0.12662 -0.7606 -0.0056113 0.0827 -0.83856 0.13892 0.08327 -0.83055 -0.011234 -0.11836 0.57952
-0.15518 -0.006871 0.32898 0.12587 -0.052367 0.32976 -0.01291 -0.020241 0.40854 -0.0038284 -0.003005 0.068423 -0.050956 -0.00045784 -0.054757 0.053244 -0.00045784 -0.052535 -0.24144 0.0046335 0.077833 0.20695 -0.13843 0.0865 -0.096837 -0.15076 -0.027577 0.27498 -0.25847 -0.13111 -0.028265 -0.18367 -0.060048 0.31292 -0.28556 -0.20667 -0.054862 0.079969 -0.43615 0.090385 0.038508 -0.4386 -0.013876 0.13682 -0.76261 0.094203 0.12671 -0.76062 -0.0057961 0.082752 -0.83858 0.13886 0.083414 -0.83055 -0.011021 -0.11878 0.57942
-0.15508 -0.007116 0.32907 0.12596 -0.051486 0.32884 -0.012756 -0.020505 0.40854 -0.0038067 -0.0030607 0.068422 -0.050968 -0.00043202 -0.054746 0.053232 -0.00043202 -0.052547 -0.2414 0.0045465 0.077949 0.20688 -0.13572 0.08622 -0.09675 -0.15076 -0.027529 0.27371 -0.24758 -0.12972 -0.028178 -0.18369 -0.059974 0.30946 -0.27077 -0.20575 -0.054862 0.080008 -0.43614 0.090382 0.03866 -0.4386 -0.014057 0.13685 -0.76262 0.094074 0.12681 -0.76063 -0.0059823 0.082804 -0.83861 0.13881 0.083561 -0.83055 -0.010808 -0.11921 0.57932
-0.15497 -0.0073705 0.32918 0.12607 -0.0505 0.3278 -0.01258 -0.020787 0.40854 -0.0037842 -0.0031178 0.068421 -0.05098 -0.0004055 -0.054735 0.05322 -0.0004055 -0.052559 -0.24133 0.0044539 0.078077 0.20694 -0.13324 0.086366 -0.096645 -0.15077 -0.02747 0.27244 -0.23671 -0.12624 -0.028073 -0.18373 -0.059886 0.30569 -0.25588 -0.20223 -0.054861 0.080049 -0.43612 0.090379 0.038813 -0.4386 -0.014238 0.13688 -0.76263 0.093945 0.1269 -0.76065 -0.0061699 0.082859 -0.83864 0.13875 0.08371 -0.83055 -0.010594 -0.11966 0.57923
-0.15484 -0.0076349 0.32929 0.1262 -0.049403 0.32662 -0.01238 -0.021088 0.40854 -0.0037607 -0.0031765 0.06842 -0.050992 -0.00037826 -0.054724 0.053208 -0.00037826 -0.052572 -0.24126 0.0043553 0.078218 0.20713 -0.13102 0.086962 -0.096522 -0.15078 -0.027401 0.27119 -0.22588 -0.12056 -0.027949 -0.18377 -0.059784 0.30161 -0.24093 -0.19598 -0.054858 0.08009 -0.43611 0.090377 0.038965 -0.4386 -0.014422 0.13692 -0.76264 0.093814 0.127 -0.76066 -0.0063589 0.082914 -0.83867 0.1387 0.083862 -0.83055 -0.010382 -0.12011 0.57914
