-0.16266 -0.022636 0.35733 -0.15045 -0.074524 0.42159 -0.010778 0.0094165 0.4089 0.002266 0.0014371 0.068544 -0.059776 -0.0040171 -0.044785 0.053571 -0.0040171 -0.052048 -0.22788 -0.0018817 0.10049 -0.17667 -0.044909 0.15875 -0.22929 -0.022203 -0.13563 -0.14021 0.03217 -0.062385 -0.21787 -0.0091109 -0.21649 -0.15396 0.044452 -0.143 0.023606 0.20982 -0.35985 0.087037 0.056772 -0.43562 -0.032135 0.2781 -0.6819 0.15888 0.017123 -0.75928 -0.10758 0.27339 -0.7371 0.13049 0.080424 -0.82211 0.0022262 -0.009672 0.60481
-0.166 -0.031337 0.36133 -0.15407 -0.075612 0.41946 -0.01365 0.011193 0.40892 0.0015735 0.0023909 0.068571 -0.060639 -0.0058272 -0.044725 0.05326 -0.0058272 -0.052326 -0.22481 -0.0074295 0.10343 -0.18174 -0.047296 0.15661 -0.21428 -0.027808 -0.13243 -0.14864 0.030957 -0.064818 -0.20434 -0.010749 -0.21285 -0.16253 0.04265 -0.14549 0.0082225 0.13108 -0.39183 0.10088 0.064114 -0.43537 -0.025447 0.29898 -0.65581 0.1481 0.04063 -0.76183 -0.11331 0.27789 -0.69567 0.12291 0.10215 -0.82737 -0.00053203 -0.0080586 0.60483
-0.1669 -0.039527 0.3578 -0.15396 -0.08221 0.41713 -0.018476 0.011691 0.40871 0.00051281 0.0029218 0.068563 -0.059336 -0.0055143 -0.046378 0.053123 -0.0055143 -0.05249 -0.22175 -0.014343 0.099116 -0.18324 -0.055774 0.15427 -0.20049 -0.030621 -0.13628 -0.15528 0.023439 -0.067474 -0.18965 -0.0095974 -0.21561 -0.16927 0.03453 -0.14821 -0.0046884 0.08381 -0.41451 0.095105 0.08542 -0.43071 -0.039134 0.31372 -0.63724 0.13327 0.056054 -0.758 -0.12881 0.29127 -0.67562 0.10632 0.11372 -0.82602 -0.00453 -0.0072647 0.60459
-0.16605 -0.046531 0.34896 -0.15142 -0.092255 0.41489 -0.024412 0.011139 0.40834 -0.00076534 0.0031098 0.068532 -0.056535 -0.0038284 -0.049185 0.053094 -0.0038284 -0.052581 -0.21859 -0.021438 0.089671 -0.18228 -0.067943 0.15201 -0.18777 -0.031345 -0.14504 -0.16032 0.011978 -0.070055 -0.17424 -0.0068008 -0.22286 -0.17433 0.022507 -0.15087 -0.014925 0.060832 -0.42948 0.077528 0.11458 -0.42318 -0.065363 0.32363 -0.62452 0.11611 0.065398 -0.74972 -0.14811 0.30953 -0.67112 0.08467 0.11815 -0.82001 -0.0092332 -0.0072036 0.60417
-0.16413 -0.051674 0.33701 -0.14776 -0.10368 0.41301 -0.030616 0.0097663 0.4079 -0.0021105 0.0030352 0.068488 -0.052903 -0.0015192 -0.052581 0.053108 -0.0015192 -0.052639 -0.21524 -0.027531 0.077239 -0.17999 -0.081404 0.15011 -0.17596 -0.030678 -0.15657 -0.16396 -0.0010632 -0.072262 -0.15858 -0.0035028 -0.23273 -0.17787 0.0089967 -0.15317 -0.022284 0.054964 -0.43834 0.055964 0.14548 -0.41432 -0.096305 0.33002 -0.61599 0.098363 0.070667 -0.73896 -0.16525 0.32871 -0.67631 0.061877 0.11842 -0.81125 -0.014107 -0.0077884 0.60369
-0.16182 -0.054279 0.32417 -0.14428 -0.11443 0.41179 -0.036243 0.0078006 0.40748 -0.003372 0.0027781 0.068441 -0.049106 0.0006633 -0.056007 0.053096 0.0006633 -0.052704 -0.2116 -0.031439 0.063957 -0.17749 -0.093755 0.14887 -0.16492 -0.029323 -0.1687 -0.16641 -0.013322 -0.073796 -0.14313 -0.00084722 -0.24331 -0.18004 -0.0035865 -0.15479 -0.026565 0.059026 -0.4427 0.038227 0.17202 -0.40568 -0.12413 0.33421 -0.60998 0.081757 0.073866 -0.72767 -0.17427 0.34483 -0.68536 0.041876 0.11755 -0.80169 -0.018617 -0.0089322 0.60324
-0.15981 -0.053672 0.31263 -0.14228 -0.12243 0.4115 -0.04045 0.0054708 0.40716 -0.0043995 0.0024186 0.068402 -0.045812 0.0019693 -0.0589 0.052995 0.0019693 -0.052815 -0.20759 -0.031977 0.051965 -0.17589 -0.1026 0.14856 -0.15448 -0.02798 -0.1793 -0.16786 -0.022436 -0.074358 -0.12836 2.2163e-05 -0.25273 -0.181 -0.012827 -0.15545 -0.027566 0.065835 -0.44414 0.032132 0.18808 -0.39879 -0.141 0.33751 -0.60484 0.068027 0.076998 -0.71778 -0.16922 0.35391 -0.69241 0.0286 0.11854 -0.79326 -0.022229 -0.010548 0.60293
-0.15877 -0.049177 0.30461 -0.14308 -0.12561 0.41243 -0.042396 0.0030057 0.40702 -0.0050423 0.0020369 0.068381 -0.043688 0.0016489 -0.060697 0.052736 0.0016489 -0.053014 -0.20311 -0.027963 0.043399 -0.17634 -0.10553 0.14948 -0.14451 -0.027349 -0.18622 -0.16852 -0.026044 -0.07365 -0.11471 -0.0020385 -0.25908 -0.1809 -0.016309 -0.15484 -0.025084 0.068211 -0.44427 0.045494 0.18755 -0.3952 -0.1391 0.34124 -0.59889 0.058904 0.082068 -0.71125 -0.14413 0.35197 -0.69162 0.025979 0.12439 -0.78787 -0.024409 -0.01255 0.60285
-0.15905 -0.040804 0.30139 -0.14732 -0.123 0.41457 -0.041685 0.00056677 0.40712 -0.005231 0.0016891 0.068384 -0.043144 -0.00064867 -0.061069 0.052324 -0.00064867 -0.053287 -0.19806 -0.019122 0.039506 -0.17943 -0.10145 0.15163 -0.13476 -0.028039 -0.18818 -0.16865 -0.023006 -0.071663 -0.10238 -0.0077391 -0.26123 -0.18001 -0.012889 -0.15294 -0.019395 0.061465 -0.44435 0.081685 0.16762 -0.39579 -0.11451 0.34534 -0.59209 0.055349 0.090486 -0.70927 -0.097857 0.33655 -0.68053 0.035454 0.1369 -0.78658 -0.024861 -0.014896 0.60306
-0.15982 -0.030945 0.30108 -0.15343 -0.11735 0.41695 -0.039486 -0.0019163 0.40733 -0.0051766 0.0013486 0.068395 -0.043691 -0.0038907 -0.060483 0.052001 -0.0038907 -0.053436 -0.19237 -0.0083357 0.038433 -0.18404 -0.093724 0.154 -0.12475 -0.030328 -0.187 -0.16873 -0.016431 -0.069399 -0.09064 -0.016285 -0.26063 -0.179 -0.0058346 -0.15076 -0.012423 0.049552 -0.44451 0.12866 0.13689 -0.39913 -0.076923 0.34502 -0.58997 0.055646 0.1016 -0.71037 -0.045889 0.31045 -0.66839 0.049812 0.15359 -0.78734 -0.024124 -0.017709 0.60337
-0.15999 -0.022507 0.30107 -0.15936 -0.11221 0.41834 -0.037304 -0.0045643 0.40753 -0.0051514 0.00097039 0.068399 -0.044649 -0.0067446 -0.059584 0.052064 -0.0067446 -0.053224 -0.18596 0.00083163 0.037657 -0.18865 -0.086711 0.15541 -0.11392 -0.034427 -0.18512 -0.16928 -0.010347 -0.068077 -0.078548 -0.026556 -0.25931 -0.17861 0.00063031 -0.14951 -0.0064521 0.0383 -0.44462 0.17105 0.10643 -0.4033 -0.038975 0.33445 -0.59927 0.057497 0.11431 -0.71252 -0.0073443 0.27759 -0.66701 0.059969 0.17111 -0.78745 -0.022916 -0.021144 0.60357
-0.15853 -0.018242 0.29891 -0.16313 -0.11097 0.41764 -0.036576 -0.0074879 0.40755 -0.005414 0.000512 0.068378 -0.045364 -0.0079445 -0.058988 0.052784 -0.0079445 -0.052433 -0.17881 0.0049652 0.034785 -0.19182 -0.084542 0.15471 -0.10179 -0.040535 -0.1849 -0.1708 -0.0085874 -0.068833 -0.065247 -0.037481 -0.25919 -0.17954 0.002489 -0.15033 -0.0036618 0.033248 -0.44458 0.19427 0.086748 -0.40646 -0.012734 0.3083 -0.62614 0.058804 0.12747 -0.71378 -3.1276e-05 0.24189 -0.68735 0.05743 0.18611 -0.78438 -0.021936 -0.025331 0.60346
-0.15562 -0.01833 0.29434 -0.16441 -0.11411 0.41511 -0.037564 -0.010627 0.40739 -0.0059973 -3.1117e-05 0.068328 -0.045629 -0.0073469 -0.058866 0.054047 -0.0073469 -0.051184 -0.1716 0.0031752 0.029622 -0.19323 -0.087757 0.15218 -0.089102 -0.048663 -0.18671 -0.17315 -0.011691 -0.071412 -0.05122 -0.048839 -0.2605 -0.18166 -0.00080921 -0.15296 -0.0044739 0.035101 -0.44442 0.1974 0.079072 -0.40804 -0.0006825 0.26976 -0.66695 0.060788 0.13885 -0.7141 -0.019891 0.207 -0.72659 0.043589 0.19588 -0.77865 -0.021554 -0.029966 0.60304
-0.15239 -0.020809 0.28892 -0.16423 -0.11967 0.41215 -0.039562 -0.013783 0.40711 -0.006747 -0.00063194 0.068257 -0.045611 -0.0057392 -0.059022 0.055419 -0.0057392 -0.049876 -0.16558 -0.003333 0.023797 -0.19352 -0.093906 0.14923 -0.077586 -0.058667 -0.1893 -0.17567 -0.017468 -0.074405 -0.03806 -0.061114 -0.26207 -0.18413 -0.0069387 -0.156 -0.0078526 0.040546 -0.44432 0.19082 0.076892 -0.40851 0.0026486 0.22908 -0.70991 0.06743 0.14541 -0.71498 -0.044717 0.17635 -0.77043 0.028047 0.1982 -0.77329 -0.021872 -0.034382 0.60249
-0.15001 -0.023656 0.28428 -0.16365 -0.12565 0.41022 -0.041833 -0.016748 0.40678 -0.0075032 -0.0012625 0.068174 -0.045486 -0.0039374 -0.05925 0.056455 -0.0039374 -0.048916 -0.16206 -0.01329 0.018991 -0.19337 -0.10045 0.14729 -0.069012 -0.070401 -0.19137 -0.17768 -0.023643 -0.076366 -0.027394 -0.074811 -0.26268 -0.18608 -0.013487 -0.15801 -0.012718 0.046153 -0.44443 0.18525 0.07347 -0.40838 0.0029683 0.1967 -0.74297 0.082788 0.14404 -0.71796 -0.05176 0.15335 -0.80424 0.020654 0.19087 -0.77143 -0.022981 -0.037902 0.602
-0.14915 -0.025393 0.28146 -0.16343 -0.13058 0.41021 -0.043788 -0.019413 0.40646 -0.0081366 -0.0019084 0.068086 -0.045423 -0.0025357 -0.059368 0.056848 -0.0025357 -0.048587 -0.16161 -0.025037 0.016253 -0.19326 -0.10556 0.14728 -0.064294 -0.083406 -0.19198 -0.17868 -0.028571 -0.076389 -0.020129 -0.090081 -0.26149 -0.18689 -0.018699 -0.15808 -0.017714 0.049399 -0.44478 0.18795 0.064055 -0.40811 0.0043483 0.1797 -0.75815 0.10898 0.13264 -0.72379 -0.027366 0.13991 -0.81808 0.028935 0.17201 -0.77485 -0.024828 -0.040193 0.60171
-0.14893 -0.026188 0.27972 -0.16344 -0.13466 0.41143 -0.045297 -0.021945 0.40616 -0.0086102 -0.002596 0.068003 -0.045571 -0.0014618 -0.059282 0.056704 -0.0014618 -0.048789 -0.16275 -0.035733 0.014718 -0.19309 -0.10948 0.1485 -0.06176 -0.096299 -0.19126 -0.1787 -0.032489 -0.075184 -0.01501 -0.10602 -0.25871 -0.18663 -0.022799 -0.15693 -0.020656 0.050503 -0.44498 0.19575 0.049879 -0.408 0.0059264 0.17494 -0.75964 0.14227 0.11206 -0.73093 0.014716 0.13332 -0.81617 0.05342 0.14062 -0.78136 -0.026923 -0.04196 0.60154
-0.14818 -0.026517 0.278 -0.16337 -0.13839 0.41287 -0.04631 -0.024564 0.4059 -0.0089043 -0.0033593 0.067931 -0.046073 -0.00051836 -0.058912 0.05621 -0.00051836 -0.049351 -0.16358 -0.042318 0.013164 -0.19269 -0.11287 0.14993 -0.059259 -0.10752 -0.18956 -0.17786 -0.035992 -0.073764 -0.010372 -0.12151 -0.25475 -0.1855 -0.02638 -0.15555 -0.019205 0.0502 -0.44456 0.20352 0.033298 -0.40833 0.005915 0.17738 -0.75393 0.17782 0.083709 -0.73739 0.055598 0.13004 -0.80539 0.093326 0.095919 -0.78805 -0.028696 -0.044105 0.6014
-0.1459 -0.026818 0.27535 -0.16296 -0.14221 0.4136 -0.046804 -0.027435 0.40568 -0.009009 -0.0042185 0.067879 -0.047035 0.0004722 -0.058202 0.055555 0.0004722 -0.050095 -0.16245 -0.041992 0.010508 -0.19189 -0.11628 0.15065 -0.054927 -0.11557 -0.18718 -0.17635 -0.039588 -0.073062 -0.0048439 -0.13541 -0.25004 -0.18377 -0.029956 -0.15486 -0.011347 0.049181 -0.44311 0.20647 0.01666 -0.40934 0.0025678 0.18219 -0.74717 0.21083 0.049282 -0.74131 0.077356 0.12687 -0.79244 0.14738 0.037765 -0.7921 -0.029639 -0.047404 0.6012
-0.14323 -0.026983 0.27258 -0.16264 -0.14535 0.41382 -0.047079 -0.029952 0.40551 -0.0090501 -0.0050008 0.067837 -0.048057 0.0014122 -0.057445 0.054994 0.0014122 -0.050732 -0.16091 -0.035585 0.0076162 -0.19126 -0.11912 0.15086 -0.050915 -0.11973 -0.18428 -0.17513 -0.042602 -0.072877 -0.0010923 -0.14602 -0.24529 -0.18244 -0.032901 -0.15468 0.00036159 0.047544 -0.44122 0.20444 0.0022244 -0.4108 -0.0052906 0.18787 -0.74134 0.23688 0.014394 -0.74257 0.075478 0.12579 -0.78137 0.20756 -0.024513 -0.79265 -0.030123 -0.050932 0.60097
-0.14288 -0.026507 0.27174 -0.16329 -0.14618 0.41455 -0.047676 -0.030942 0.40537 -0.0092529 -0.0053925 0.067781 -0.048364 0.0020024 -0.057185 0.054835 0.0020024 -0.050897 -0.16284 -0.026581 0.0067793 -0.19185 -0.11994 0.15159 -0.052319 -0.11986 -0.18085 -0.17571 -0.043493 -0.072177 -0.0047406 -0.15124 -0.24138 -0.18306 -0.033758 -0.15398 0.010022 0.044956 -0.44017 0.20064 -0.0078178 -0.41212 -0.018418 0.19531 -0.73532 0.25182 -0.012472 -0.74237 0.055272 0.13257 -0.77429 0.26089 -0.074673 -0.79021 -0.031162 -0.052516 0.6008
-0.14763 -0.024876 0.27491 -0.16585 -0.14306 0.41684 -0.04914 -0.02922 0.40524 -0.0098448 -0.0050768 0.06769 -0.047176 0.0019392 -0.057973 0.055384 0.0019392 -0.050221 -0.17221 -0.018525 0.010318 -0.19471 -0.11724 0.15388 -0.064293 -0.11584 -0.17688 -0.17966 -0.040701 -0.069915 -0.021473 -0.14897 -0.23922 -0.18719 -0.031053 -0.1517 0.011667 0.041073 -0.44128 0.19836 -0.011278 -0.41269 -0.037556 0.20545 -0.72794 0.25156 -0.022772 -0.74191 0.022274 0.15303 -0.77326 0.29426 -0.096327 -0.78534 -0.033784 -0.049958 0.6008
-0.15841 -0.02188 0.28275 -0.17037 -0.13566 0.42102 -0.051697 -0.024329 0.40512 -0.010908 -0.0039493 0.067555 -0.044247 0.0011185 -0.059985 0.056722 0.0011185 -0.048604 -0.19054 -0.013667 0.019048 -0.19997 -0.11076 0.15805 -0.088969 -0.10806 -0.17269 -0.18727 -0.033926 -0.065754 -0.053276 -0.13864 -0.23935 -0.19515 -0.024525 -0.14754 0.0026991 0.035478 -0.44502 0.19882 -0.0068759 -0.41232 -0.061192 0.21728 -0.71912 0.23426 -0.011858 -0.74203 -0.016479 0.18705 -0.77892 0.29952 -0.081047 -0.77908 -0.038385 -0.042387 0.60102
-0.17143 -0.018104 0.29217 -0.17472 -0.12708 0.42555 -0.054732 -0.017721 0.40501 -0.012142 -0.0024626 0.067409 -0.040741 -4.173e-05 -0.06242 0.058346 -4.173e-05 -0.04665 -0.21306 -0.010865 0.029834 -0.20528 -0.1034 0.16259 -0.12054 -0.098201 -0.16944 -0.19564 -0.02616 -0.061231 -0.092441 -0.12374 -0.24146 -0.20396 -0.017108 -0.14301 -0.010625 0.027566 -0.44972 0.19787 0.0042792 -0.41182 -0.081888 0.22469 -0.7117 0.20415 0.014706 -0.74251 -0.050013 0.21892 -0.78815 0.28138 -0.041272 -0.77384 -0.043706 -0.03242 0.60133
-0.18211 -0.014264 0.29949 -0.17638 -0.12099 0.4286 -0.057497 -0.011156 0.40492 -0.013186 -0.0011596 0.06729 -0.038049 -0.0010386 -0.064319 0.059656 -0.0010386 -0.045074 -0.23398 -0.0084294 0.038898 -0.20791 -0.098562 0.16563 -0.15192 -0.088184 -0.16842 -0.20136 -0.020934 -0.058189 -0.12969 -0.10838 -0.24509 -0.21012 -0.012249 -0.13996 -0.020616 0.016699 -0.45331 0.19047 0.020693 -0.41215 -0.091243 0.22073 -0.709 0.16645 0.049698 -0.74299 -0.066714 0.23038 -0.79723 0.24664 0.0071737 -0.77219 -0.048218 -0.023239 0.60158
-0.18625 -0.011019 0.30133 -0.17305 -0.12073 0.4285 -0.059277 -0.0062731 0.40486 -0.013705 -0.00053877 0.067236 -0.037442 -0.0014107 -0.064802 0.060104 -0.0014107 -0.044533 -0.24793 -0.0047531 0.0428 -0.20534 -0.099333 0.16553 -0.17652 -0.079721 -0.17075 -0.20125 -0.021456 -0.058288 -0.15643 -0.096363 -0.24974 -0.21036 -0.01308 -0.14006 -0.020231 0.0023975 -0.45393 0.17219 0.040847 -0.41418 -0.081759 0.19927 -0.71396 0.12632 0.086125 -0.74313 -0.056218 0.20515 -0.8027 0.20227 0.049361 -0.77638 -0.050494 -0.017792 0.60162
-0.18397 -0.0083789 0.29817 -0.16477 -0.12588 0.42567 -0.059791 -0.0033046 0.40485 -0.013658 -0.0005809 0.067252 -0.038792 -0.0011783 -0.063953 0.059748 -0.0011783 -0.044971 -0.25454 0.00077832 0.041968 -0.19753 -0.10518 0.1627 -0.19362 -0.072219 -0.17568 -0.19503 -0.027207 -0.061111 -0.17222 -0.087341 -0.25468 -0.20439 -0.019047 -0.14287 -0.0099533 -0.014006 -0.45164 0.14572 0.062961 -0.41727 -0.056377 0.16381 -0.72526 0.088498 0.11963 -0.74299 -0.02267 0.14974 -0.80424 0.15684 0.080769 -0.78446 -0.050287 -0.016302 0.60149
-0.17815 -0.0059356 0.29294 -0.15309 -0.13356 0.42188 -0.05903 -0.0015736 0.40495 -0.013198 -0.0009331 0.067324 -0.041068 -0.00067208 -0.06247 0.059036 -0.00067208 -0.045879 -0.2567 0.00814 0.039331 -0.18607 -0.11325 0.15891 -0.20629 -0.063593 -0.18119 -0.1843 -0.035266 -0.064899 -0.18186 -0.078327 -0.25904 -0.19384 -0.027216 -0.14665 0.0048822 -0.030007 -0.44776 0.11833 0.085083 -0.41985 -0.024774 0.12404 -0.73884 0.057456 0.14756 -0.74283 0.020426 0.085371 -0.80355 0.12002 0.10359 -0.79181 -0.048107 -0.017234 0.6013
-0.17171 -0.003274 0.28862 -0.13957 -0.14089 0.41889 -0.056993 -0.00038913 0.40521 -0.012478 -0.0012374 0.067438 -0.043226 -0.00022754 -0.061065 0.058419 -0.00022754 -0.046738 -0.25734 0.017294 0.037854 -0.17256 -0.12062 0.15593 -0.21764 -0.051742 -0.18529 -0.17069 -0.042673 -0.067874 -0.19021 -0.066291 -0.26191 -0.18034 -0.03462 -0.14961 0.018865 -0.043086 -0.44366 0.097342 0.10526 -0.42034 0.0032769 0.089722 -0.75058 0.037641 0.1673 -0.74295 0.059428 0.033483 -0.80236 0.10147 0.12013 -0.79374 -0.044478 -0.019027 0.60119
-0.16661 -0.00028945 0.28699 -0.12579 -0.1459 0.41779 -0.05386 0.00073697 0.40561 -0.011638 -0.0012666 0.067579 -0.04466 -3.2494e-05 -0.060126 0.058079 -3.2494e-05 -0.047307 -0.25821 0.027622 0.039141 -0.15862 -0.12538 0.15483 -0.22934 -0.036055 -0.18694 -0.15593 -0.047467 -0.068965 -0.20022 -0.04996 -0.26305 -0.16564 -0.039303 -0.15069 0.028286 -0.051651 -0.44023 0.086964 0.12134 -0.41831 0.022057 0.065788 -0.75776 0.030724 0.17832 -0.74329 0.085959 0.0055728 -0.80165 0.10392 0.13247 -0.78831 -0.039948 -0.020582 0.60123
-0.16257 0.002413 0.28708 -0.11325 -0.14878 0.41802 -0.050226 0.0018284 0.40609 -0.010786 -0.0010929 0.067724 -0.045765 6.3382e-05 -0.059312 0.05757 6.3382e-05 -0.047985 -0.2584 0.037174 0.041684 -0.14584 -0.12785 0.15506 -0.23971 -0.019333 -0.18736 -0.14198 -0.049963 -0.068728 -0.21034 -0.032076 -0.26365 -0.15171 -0.041636 -0.15043 0.033331 -0.056241 -0.43742 0.084201 0.13075 -0.41596 0.035136 0.046042 -0.76078 0.032016 0.18491 -0.74302 0.10369 -0.0096203 -0.80078 0.11425 0.14222 -0.77969 -0.035113 -0.021864 0.60134
-0.159 0.0041291 0.28755 -0.10347 -0.15 0.4188 -0.046743 0.0028442 0.40654 -0.010023 -0.00083003 0.067853 -0.047072 0.00025759 -0.058178 0.056362 0.00025759 -0.049257 -0.25664 0.043813 0.043541 -0.13583 -0.12867 0.15584 -0.24659 -0.0048543 -0.18811 -0.13083 -0.050797 -0.067941 -0.21841 -0.015945 -0.26508 -0.14055 -0.042314 -0.14963 0.034728 -0.057688 -0.43499 0.085058 0.13086 -0.41588 0.047381 0.022744 -0.76052 0.035941 0.19203 -0.74123 0.11797 -0.026532 -0.79884 0.11713 0.15092 -0.77296 -0.030575 -0.022987 0.60143
-0.15539 0.0042527 0.28717 -0.097757 -0.15006 0.41942 -0.044002 0.0037487 0.40687 -0.0094407 -0.00058402 0.067946 -0.049053 0.00071719 -0.056339 0.054001 0.00071719 -0.051535 -0.25183 0.045686 0.042982 -0.12995 -0.12845 0.15646 -0.2481 0.0044195 -0.19052 -0.12422 -0.050593 -0.067313 -0.22246 -0.0045556 -0.26856 -0.13393 -0.042015 -0.14899 0.033242 -0.05682 -0.43278 0.085798 0.11955 -0.42031 0.063077 -0.010686 -0.75785 0.037333 0.20409 -0.73706 0.13358 -0.057886 -0.79507 0.098907 0.15997 -0.77255 -0.026903 -0.024019 0.60144
-0.1517 0.0031411 0.28593 -0.095283 -0.14939 0.4199 -0.041974 0.0045607 0.40708 -0.0090163 -0.00038186 0.068007 -0.051536 0.0013103 -0.053979 0.05083 0.0013103 -0.054506 -0.2449 0.043689 0.040381 -0.12744 -0.12771 0.15694 -0.24497 0.0086455 -0.19422 -0.12147 -0.049848 -0.066829 -0.22267 0.0022007 -0.27346 -0.13118 -0.041251 -0.14851 0.029972 -0.054398 -0.4308 0.085207 0.0998 -0.42829 0.080786 -0.049397 -0.75409 0.035048 0.22015 -0.73063 0.14952 -0.099593 -0.79012 0.062302 0.16975 -0.7768 -0.024297 -0.024613 0.60143
-0.14825 0.0016981 0.28449 -0.094031 -0.14845 0.42066 -0.040283 0.0053299 0.40724 -0.0086647 -0.0002058 0.06805 -0.053992 0.0017354 -0.051605 0.047635 0.0017354 -0.057444 -0.23789 0.040282 0.037304 -0.12626 -0.12688 0.1577 -0.23943 0.0097498 -0.19782 -0.12052 -0.04899 -0.066066 -0.22041 0.0061899 -0.27815 -0.13025 -0.040441 -0.14775 0.026206 -0.051147 -0.42924 0.083502 0.077497 -0.43708 0.095824 -0.082049 -0.75075 0.030228 0.23624 -0.72258 0.16153 -0.13802 -0.78541 0.019344 0.18 -0.78056 -0.022751 -0.024183 0.60154
-0.1453 0.00083005 0.28355 -0.091975 -0.14765 0.42212 -0.038547 0.0061053 0.40739 -0.0083 -3.7815e-05 0.068092 -0.055886 0.0016904 -0.049726 0.04521 0.0016904 -0.05962 -0.23286 0.037935 0.035327 -0.12438 -0.12637 0.15917 -0.23371 0.0096742 -0.19995 -0.11931 -0.048447 -0.064597 -0.21703 0.009292 -0.28097 -0.1291 -0.04 -0.14628 0.023234 -0.047792 -0.42824 0.080918 0.058546 -0.44387 0.1035 -0.097283 -0.74935 0.024041 0.24838 -0.71359 0.16535 -0.15948 -0.78238 -0.017868 0.19049 -0.7787 -0.022254 -0.022145 0.60192
-0.14295 0.00089581 0.28345 -0.087991 -0.14734 0.42441 -0.036499 0.0068142 0.40756 -0.007874 0.00010936 0.068143 -0.056956 0.0010839 -0.048596 0.043964 0.0010839 -0.060666 -0.23066 0.03782 0.035232 -0.12067 -0.12649 0.16145 -0.22914 0.0096706 -0.2 -0.11657 -0.048511 -0.062306 -0.2134 0.01248 -0.2812 -0.12647 -0.040204 -0.14399 0.022046 -0.045167 -0.4277 0.077778 0.046876 -0.44713 0.10248 -0.091391 -0.75029 0.017564 0.25486 -0.70454 0.16021 -0.1586 -0.78149 -0.042035 0.20122 -0.76918 -0.022528 -0.01863 0.60259
-0.14083 0.0011562 0.28392 -0.082774 -0.14764 0.42701 -0.034094 0.0071395 0.40777 -0.0074136 0.0001612 0.068195 -0.057487 0.00024659 -0.047949 0.043542 0.00024659 -0.060935 -0.22977 0.038506 0.036214 -0.11573 -0.12725 0.16405 -0.22525 0.0096074 -0.19891 -0.11266 -0.049202 -0.0597 -0.20935 0.014906 -0.27995 -0.12269 -0.041039 -0.14138 0.023033 -0.044322 -0.42697 0.074588 0.042467 -0.44779 0.098217 -0.076007 -0.75166 0.011696 0.25858 -0.6968 0.15235 -0.14669 -0.78129 -0.055481 0.21269 -0.75631 -0.022761 -0.015204 0.60336
-0.13854 0.00074075 0.28462 -0.077236 -0.14866 0.42934 -0.031315 0.0067347 0.408 -0.0069551 3.5812e-05 0.068244 -0.057828 -0.00044018 -0.047459 0.043499 -0.00044018 -0.060868 -0.22837 0.038251 0.037276 -0.11042 -0.12862 0.16639 -0.22132 0.0091874 -0.19782 -0.10814 -0.05051 -0.05736 -0.20458 0.015506 -0.27858 -0.11827 -0.042459 -0.13904 0.026515 -0.046334 -0.42531 0.071873 0.044822 -0.44706 0.096978 -0.064601 -0.75132 0.0073132 0.26296 -0.6918 0.14885 -0.13706 -0.78007 -0.061683 0.22546 -0.74513 -0.022075 -0.013604 0.60398
-0.13581 -0.001076 0.28521 -0.072287 -0.15044 0.4309 -0.028236 0.0053386 0.40825 -0.0065367 -0.00032621 0.068282 -0.058299 -0.00064596 -0.046823 0.043417 -0.00064596 -0.060873 -0.22493 0.035558 0.037522 -0.10557 -0.13055 0.16795 -0.21685 0.00817 -0.19775 -0.10361 -0.052386 -0.055791 -0.19895 0.013457 -0.27827 -0.11379 -0.044383 -0.13747 0.032585 -0.051976 -0.42217 0.070043 0.052926 -0.44612 0.10405 -0.068802 -0.74746 0.0050624 0.27081 -0.69054 0.15574 -0.14119 -0.77644 -0.064115 0.23965 -0.73989 -0.019787 -0.015265 0.60427
-0.13337 -0.0038069 0.28556 -0.068828 -0.15251 0.43181 -0.025682 0.0034014 0.40845 -0.0062162 -0.00079611 0.068306 -0.058985 -0.0004654 -0.045947 0.043106 -0.0004654 -0.061093 -0.22042 0.03095 0.036886 -0.10214 -0.13266 0.16885 -0.21282 0.0067876 -0.19872 -0.10023 -0.05445 -0.05488 -0.19362 0.0099626 -0.27906 -0.11043 -0.046463 -0.13656 0.039446 -0.059464 -0.41817 0.068522 0.06142 -0.44566 0.11666 -0.084813 -0.74129 0.003657 0.27982 -0.69054 0.17006 -0.15551 -0.77136 -0.066226 0.25167 -0.73804 -0.016837 -0.019103 0.60424
-0.13246 -0.0063603 0.2856 -0.067759 -0.15414 0.43248 -0.024856 0.0017279 0.40851 -0.0060611 -0.0011513 0.068317 -0.059851 -0.00020496 -0.044835 0.042496 -0.00020496 -0.061541 -0.21701 0.025965 0.035717 -0.10113 -0.13439 0.16952 -0.21099 0.0055084 -0.20028 -0.099453 -0.056161 -0.054199 -0.19039 0.0072329 -0.28037 -0.10967 -0.048213 -0.13588 0.04436 -0.065745 -0.41458 0.066246 0.06278 -0.44611 0.12801 -0.10116 -0.73551 0.00084725 0.28509 -0.68755 0.18438 -0.16891 -0.76701 -0.071453 0.2561 -0.7337 -0.014971 -0.022777 0.60401
-0.13434 -0.0076491 0.28527 -0.069969 -0.1546 0.43334 -0.026952 0.0011181 0.40834 -0.0061385 -0.0011705 0.068313 -0.060861 -0.0001707 -0.0435 0.041515 -0.0001707 -0.062227 -0.21689 0.022132 0.034364 -0.10354 -0.13522 0.17038 -0.21307 0.0047974 -0.20199 -0.10269 -0.05698 -0.053324 -0.19107 0.0074683 -0.28164 -0.11299 -0.049151 -0.135 0.044604 -0.067777 -0.41262 0.062158 0.049555 -0.44792 0.1313 -0.10637 -0.73282 -0.0056039 0.28176 -0.67736 0.19129 -0.17032 -0.76552 -0.083185 0.24756 -0.721 -0.015929 -0.023953 0.6037
-0.13925 -0.0073549 0.28455 -0.075769 -0.15368 0.43451 -0.032223 0.0017352 0.40792 -0.0064965 -0.0007864 0.068289 -0.061857 -0.00049623 -0.042133 0.040304 -0.00049623 -0.063035 -0.22061 0.02006 0.032958 -0.1097 -0.13496 0.17155 -0.2189 0.0047072 -0.20364 -0.11034 -0.056725 -0.052147 -0.1958 0.011241 -0.28269 -0.1208 -0.049104 -0.13383 0.039657 -0.064759 -0.41283 0.056296 0.022157 -0.45079 0.12399 -0.095705 -0.73434 -0.016235 0.26983 -0.6595 0.18765 -0.15546 -0.76776 -0.10045 0.22762 -0.69937 -0.020312 -0.021865 0.60338
-0.14568 -0.0065142 0.28342 -0.084448 -0.15209 0.43552 -0.039269 0.0026202 0.40731 -0.0071485 -0.00020398 0.068229 -0.062464 -0.0010114 -0.041256 0.039373 -0.0010114 -0.063632 -0.22591 0.018729 0.031243 -0.11877 -0.13408 0.17257 -0.22493 0.0045638 -0.20545 -0.12103 -0.055844 -0.05112 -0.20188 0.016253 -0.28398 -0.13165 -0.048443 -0.1328 0.032868 -0.059824 -0.41445 0.050626 -0.0051506 -0.45317 0.11094 -0.076213 -0.7384 -0.028594 0.25784 -0.64014 0.17781 -0.13209 -0.77225 -0.11458 0.21012 -0.67762 -0.026705 -0.018503 0.60301
-0.15194 -0.0063013 0.28188 -0.09519 -0.15062 0.43589 -0.046521 0.0027001 0.40662 -0.0081049 0.00034426 0.068117 -0.062289 -0.0015152 -0.041421 0.039268 -0.0015152 -0.063659 -0.23021 0.016951 0.028925 -0.12979 -0.1331 0.17293 -0.22728 0.0036194 -0.20771 -0.13317 -0.054848 -0.05075 -0.20629 0.019916 -0.28604 -0.14391 -0.047595 -0.13243 0.027982 -0.056508 -0.41659 0.04731 -0.016695 -0.45338 0.097783 -0.056155 -0.74304 -0.039921 0.25519 -0.62609 0.16688 -0.10918 -0.77727 -0.11614 0.2101 -0.66549 -0.033492 -0.016137 0.60255
-0.15657 -0.0077189 0.27996 -0.10713 -0.14997 0.43517 -0.05258 0.0010804 0.40592 -0.0093555 0.00065258 0.067942 -0.061014 -0.0018295 -0.043066 0.040417 -0.0018295 -0.06284 -0.23129 0.013666 0.02578 -0.14178 -0.1325 0.17222 -0.22267 0.0011712 -0.21061 -0.14529 -0.054211 -0.051459 -0.20635 0.019912 -0.2893 -0.15604 -0.046964 -0.13314 0.028136 -0.057702 -0.41848 0.048183 0.00043051 -0.45003 0.089431 -0.042689 -0.74656 -0.047834 0.26956 -0.62306 0.15936 -0.09444 -0.78133 -0.097694 0.23966 -0.67096 -0.039224 -0.016702 0.60195
-0.15958 -0.01054 0.2779 -0.119 -0.15016 0.43357 -0.057275 -0.0018522 0.40526 -0.010745 0.00070721 0.067728 -0.058897 -0.0019407 -0.045808 0.042378 -0.0019407 -0.061482 -0.22926 0.0087063 0.022106 -0.15355 -0.13246 0.17061 -0.21188 -0.0031601 -0.21377 -0.15652 -0.054132 -0.053064 -0.20169 0.015872 -0.29324 -0.16722 -0.046799 -0.13474 0.032106 -0.061677 -0.42021 0.052725 0.039313 -0.44393 0.085543 -0.035093 -0.74897 -0.05264 0.29623 -0.62868 0.15533 -0.086635 -0.78445 -0.06621 0.28962 -0.68955 -0.04367 -0.019725 0.60126
-0.16164 -0.014002 0.27599 -0.12941 -0.15094 0.43152 -0.060975 -0.005152 0.40465 -0.012054 0.00057818 0.067516 -0.056444 -0.0019067 -0.048905 0.044334 -0.0019067 -0.060147 -0.22529 0.0022954 0.018425 -0.16384 -0.13302 0.16857 -0.19752 -0.0096122 -0.21654 -0.1663 -0.054691 -0.055115 -0.19298 0.0082736 -0.29695 -0.17695 -0.047277 -0.13679 0.036767 -0.06469 -0.42225 0.059389 0.084391 -0.43684 0.083496 -0.029205 -0.75106 -0.055821 0.32504 -0.63703 0.15293 -0.080604 -0.78732 -0.034935 0.34148 -0.7113 -0.047128 -0.023682 0.60056
-0.16342 -0.017344 0.27456 -0.13694 -0.15204 0.42947 -0.064044 -0.0078809 0.4041 -0.013067 0.00033538 0.067345 -0.054159 -0.0017855 -0.05162 0.045472 -0.0017855 -0.059392 -0.22051 -0.0053416 0.015255 -0.1714 -0.13422 0.16652 -0.1822 -0.018418 -0.2183 -0.17406 -0.055965 -0.057164 -0.18088 -0.0024007 -0.29952 -0.18472 -0.048573 -0.13884 0.039016 -0.063033 -0.42505 0.06664 0.12019 -0.43049 0.080684 -0.020893 -0.75361 -0.058845 0.34593 -0.64226 0.15031 -0.071233 -0.79059 -0.016996 0.37691 -0.72633 -0.049899 -0.027059 0.59992
-0.16537 -0.020122 0.27367 -0.14134 -0.15329 0.42767 -0.066768 -0.009694 0.40362 -0.013709 1.8417e-05 0.067229 -0.052326 -0.0016047 -0.053568 0.045501 -0.0016047 -0.05941 -0.21575 -0.013938 0.012834 -0.17601 -0.13597 0.16472 -0.16793 -0.029563 -0.21885 -0.17975 -0.057849 -0.058965 -0.16665 -0.015757 -0.30061 -0.19049 -0.050605 -0.14064 0.037571 -0.0558 -0.42863 0.073767 0.13898 -0.4258 0.075987 -0.0087008 -0.75684 -0.062125 0.35427 -0.64165 0.14664 -0.056794 -0.79446 -0.016863 0.38842 -0.72989 -0.052285 -0.029211 0.59938
-0.16755 -0.022381 0.27306 -0.14412 -0.15474 0.42605 -0.069302 -0.011166 0.40316 -0.014129 -0.00037998 0.06714 -0.050886 -0.0013449 -0.054911 0.044932 -0.0013449 -0.059832 -0.21128 -0.023165 0.010958 -0.17906 -0.13799 0.1631 -0.15583 -0.042646 -0.21872 -0.18406 -0.059965 -0.060585 -0.15248 -0.031537 -0.30077 -0.19492 -0.052892 -0.14226 0.033975 -0.046417 -0.43234 0.081343 0.14501 -0.42239 0.070595 0.0046825 -0.76016 -0.064436 0.35394 -0.63741 0.14261 -0.04081 -0.79838 -0.025581 0.38528 -0.72527 -0.054585 -0.030835 0.59888
-0.17001 -0.024206 0.2724 -0.14695 -0.15644 0.42452 -0.071792 -0.012952 0.40267 -0.014493 -0.0008711 0.067045 -0.04975 -0.00098271 -0.05586 0.044344 -0.00098271 -0.060237 -0.20735 -0.032688 0.0093888 -0.18209 -0.13998 0.16157 -0.14695 -0.057232 -0.21848 -0.1878 -0.061908 -0.062118 -0.14061 -0.049495 -0.3006 -0.19873 -0.054921 -0.14379 0.030012 -0.038687 -0.4355 0.090052 0.14357 -0.41976 0.065895 0.016211 -0.76287 -0.064414 0.34952 -0.63213 0.13906 -0.027256 -0.80173 -0.033039 0.37824 -0.71643 -0.057102 -0.032748 0.59839
-0.17259 -0.025884 0.27149 -0.1508 -0.15853 0.42303 -0.074216 -0.015566 0.40214 -0.01492 -0.0014572 0.066925 -0.048836 -0.00052681 -0.056607 0.044215 -0.00052681 -0.060288 -0.20384 -0.04234 0.0079653 -0.18598 -0.14187 0.16008 -0.14155 -0.072871 -0.21855 -0.19139 -0.063556 -0.063616 -0.13235 -0.069273 -0.30054 -0.20232 -0.056503 -0.14529 0.027254 -0.035567 -0.43751 0.10002 0.13991 -0.41746 0.062849 0.0236 -0.76441 -0.06128 0.34496 -0.62841 0.13654 -0.019027 -0.804 -0.030992 0.3763 -0.70736 -0.059886 -0.035568 0.59788
-0.17381 -0.028914 0.2707 -0.15242 -0.16167 0.42176 -0.075532 -0.018667 0.40177 -0.015229 -0.0020842 0.06683 -0.048084 -0.00018347 -0.057236 0.04438 -0.00018347 -0.060134 -0.1985 -0.052999 0.0070197 -0.18767 -0.145 0.15881 -0.13503 -0.089005 -0.21827 -0.19312 -0.066532 -0.064886 -0.1231 -0.089829 -0.29993 -0.20408 -0.059469 -0.14656 0.025968 -0.034814 -0.43864 0.10797 0.13921 -0.41525 0.059794 0.029269 -0.76496 -0.057879 0.34031 -0.62872 0.13387 -0.012352 -0.80535 -0.022701 0.37762 -0.70219 -0.061449 -0.038711 0.59753
-0.17168 -0.035261 0.27065 -0.14692 -0.16678 0.421 -0.074306 -0.02159 0.40185 -0.015125 -0.0026767 0.066839 -0.047446 -0.00023426 -0.057791 0.044434 -0.00023426 -0.060115 -0.18824 -0.065943 0.0070714 -0.18261 -0.15123 0.15805 -0.12092 -0.10503 -0.2166 -0.19048 -0.073122 -0.065643 -0.106 -0.10986 -0.2977 -0.20162 -0.066413 -0.14732 0.02592 -0.032201 -0.43941 0.10929 0.14658 -0.41297 0.054066 0.037433 -0.765 -0.058435 0.33414 -0.63549 0.1292 -0.00091819 -0.80619 -0.015811 0.37626 -0.70511 -0.059718 -0.041133 0.59761
-0.16428 -0.046825 0.27192 -0.1296 -0.17469 0.42103 -0.06915 -0.023697 0.40264 -0.014323 -0.003165 0.067027 -0.046871 -0.00094718 -0.058316 0.043976 -0.00094718 -0.060558 -0.17011 -0.082401 0.0086186 -0.16639 -0.16238 0.15808 -0.092983 -0.12038 -0.21252 -0.18101 -0.085533 -0.065612 -0.074426 -0.12812 -0.29281 -0.19266 -0.079844 -0.14729 0.026867 -0.023612 -0.44038 0.099571 0.16691 -0.41049 0.043086 0.052184 -0.76499 -0.067002 0.32498 -0.65104 0.12075 0.021399 -0.80692 -0.017768 0.36635 -0.72017 -0.052685 -0.041836 0.59838
-0.15245 -0.062667 0.27409 -0.10342 -0.18468 0.42157 -0.060787 -0.025611 0.40393 -0.012914 -0.0037242 0.067338 -0.046249 -0.0019896 -0.058874 0.042993 -0.0019896 -0.061428 -0.14609 -0.1016 0.011217 -0.14173 -0.17719 0.15862 -0.05431 -0.13575 -0.20627 -0.16635 -0.10242 -0.065076 -0.031754 -0.14537 -0.28552 -0.17871 -0.098256 -0.14675 0.028117 -0.0098806 -0.44171 0.081461 0.19467 -0.40779 0.027923 0.072292 -0.76509 -0.080067 0.31131 -0.67299 0.10913 0.052325 -0.80769 -0.026835 0.3445 -0.74484 -0.041373 -0.041747 0.5996
-0.14082 -0.07797 0.27532 -0.081787 -0.19384 0.42156 -0.052816 -0.029685 0.40485 -0.011513 -0.0048643 0.06754 -0.045383 -0.0022083 -0.059554 0.041996 -0.0022083 -0.062185 -0.12497 -0.12004 0.013136 -0.12112 -0.19026 0.15862 -0.020762 -0.15355 -0.1998 -0.15363 -0.11757 -0.065078 0.0049756 -0.16517 -0.27786 -0.16649 -0.11466 -0.14676 0.028366 0.0013983 -0.44304 0.067303 0.2101 -0.40502 0.01464 0.089253 -0.76506 -0.083781 0.29146 -0.69257 0.098214 0.078107 -0.80824 -0.02874 0.31074 -0.7676 -0.03094 -0.044427 0.60042
-0.13425 -0.087637 0.27369 -0.07888 -0.19911 0.41993 -0.049044 -0.038394 0.40448 -0.010767 -0.0071195 0.067384 -0.044074 -0.00039142 -0.060449 0.041535 -0.00039142 -0.062256 -0.11599 -0.134 0.01255 -0.11772 -0.1959 0.15698 -0.0091206 -0.17632 -0.19518 -0.15039 -0.12444 -0.066715 0.017742 -0.19125 -0.272 -0.1631 -0.12167 -0.14839 0.026264 0.0021429 -0.44399 0.070134 0.19245 -0.40238 0.0096584 0.094041 -0.76464 -0.063549 0.26376 -0.70054 0.092142 0.084169 -0.80831 -0.0083071 0.26538 -0.77629 -0.026839 -0.05363 0.59992
-0.13636 -0.087718 0.26821 -0.10439 -0.19827 0.41598 -0.051975 -0.053187 0.40223 -0.011116 -0.01078 0.066712 -0.0423 0.0042362 -0.061514 0.042017 0.0042362 -0.061236 -0.12579 -0.14068 0.0085661 -0.14056 -0.19001 0.15304 -0.031321 -0.20554 -0.19357 -0.16174 -0.11826 -0.070656 -0.0062037 -0.22591 -0.26919 -0.17334 -0.11395 -0.15234 0.021009 -0.013158 -0.44416 0.09953 0.12763 -0.39997 0.017605 0.08055 -0.76352 -0.0091904 0.22765 -0.69033 0.093988 0.060496 -0.80761 0.045157 0.20989 -0.76219 -0.032744 -0.071649 0.59751
-0.1439 -0.080367 0.2629 -0.14417 -0.19345 0.41135 -0.057172 -0.070033 0.3991 -0.011875 -0.014835 0.065822 -0.041007 0.010119 -0.06197 0.043088 0.010119 -0.059632 -0.14685 -0.14194 0.0052416 -0.17658 -0.17704 0.14841 -0.073481 -0.23705 -0.19129 -0.17971 -0.10388 -0.075287 -0.051482 -0.26372 -0.26578 -0.1897 -0.097041 -0.15697 0.014699 -0.036308 -0.44312 0.14661 0.037264 -0.39762 0.033549 0.058251 -0.76121 0.065944 0.18842 -0.66965 0.10126 0.021379 -0.80566 0.11845 0.15213 -0.73484 -0.042834 -0.093026 0.59425
-0.15134 -0.069767 0.26344 -0.17617 -0.18827 0.40841 -0.057892 -0.083088 0.39666 -0.011986 -0.017842 0.065162 -0.04146 0.014929 -0.060797 0.044142 0.014929 -0.058249 -0.16701 -0.14125 0.0082796 -0.20537 -0.16429 0.14546 -0.11315 -0.26484 -0.18303 -0.19203 -0.08928 -0.078234 -0.093381 -0.29665 -0.25651 -0.20063 -0.080082 -0.15992 0.0104 -0.054565 -0.44043 0.19639 -0.045171 -0.39505 0.049386 0.041782 -0.75713 0.1407 0.15333 -0.65092 0.1096 -0.010818 -0.80195 0.19045 0.1021 -0.70982 -0.048135 -0.10972 0.59179
-0.1533 -0.060033 0.27532 -0.17886 -0.18625 0.40946 -0.0476 -0.086643 0.39646 -0.010425 -0.018395 0.065173 -0.044879 0.016391 -0.057014 0.044589 0.016391 -0.057874 -0.17436 -0.14197 0.02321 -0.20705 -0.15887 0.14651 -0.12838 -0.283 -0.16363 -0.18675 -0.082302 -0.077187 -0.10775 -0.3169 -0.23629 -0.19486 -0.072025 -0.15887 0.011073 -0.055486 -0.43568 0.23412 -0.086949 -0.39199 0.057156 0.045427 -0.75077 0.19435 0.12944 -0.64628 0.11473 -0.014258 -0.796 0.24047 0.06949 -0.70238 -0.039928 -0.1139 0.59172
-0.14902 -0.053043 0.2985 -0.14905 -0.18808 0.41473 -0.026616 -0.079648 0.39875 -0.0072232 -0.016316 0.065909 -0.051004 0.014091 -0.050946 0.044396 0.014091 -0.058557 -0.16661 -0.14526 0.049819 -0.17874 -0.16241 0.15178 -0.11429 -0.2902 -0.13336 -0.16292 -0.084893 -0.071919 -0.089218 -0.32301 -0.20508 -0.17159 -0.075111 -0.1536 0.016274 -0.036739 -0.42945 0.25396 -0.079937 -0.38867 0.053808 0.071615 -0.74275 0.22122 0.11763 -0.65852 0.11436 0.015413 -0.78842 0.26317 0.055344 -0.71598 -0.018042 -0.10412 0.59428
-0.14329 -0.047979 0.32623 -0.10562 -0.19107 0.42193 -0.0035171 -0.066662 0.40223 -0.0036911 -0.012903 0.066964 -0.057796 0.0098481 -0.044495 0.0442 0.0098481 -0.059468 -0.15302 -0.14959 0.080974 -0.13807 -0.16988 0.15898 -0.086551 -0.29059 -0.098953 -0.13288 -0.091924 -0.064719 -0.055031 -0.32125 -0.16903 -0.14266 -0.083496 -0.1464 0.021455 -0.0081692 -0.42352 0.26082 -0.045655 -0.38588 0.042203 0.10848 -0.73506 0.23367 0.11133 -0.67915 0.1086 0.061475 -0.78114 0.27167 0.050228 -0.73983 0.0073991 -0.086661 0.59811
-0.14127 -0.043858 0.35134 -0.068747 -0.19231 0.42863 0.012624 -0.052577 0.40554 -0.0012134 -0.0095432 0.067904 -0.063105 0.0056168 -0.039658 0.04468 0.0056168 -0.059722 -0.14354 -0.15327 0.10913 -0.10391 -0.17586 0.16568 -0.062044 -0.28863 -0.067558 -0.10975 -0.097839 -0.058022 -0.02379 -0.3183 -0.13462 -0.12063 -0.090858 -0.1397 0.021825 0.019651 -0.41973 0.2602 -0.0073836 -0.38444 0.025551 0.14332 -0.72982 0.24518 0.1035 -0.699 0.097732 0.10596 -0.77619 0.28017 0.044083 -0.76232 0.025658 -0.068272 0.60174
-0.14688 -0.039799 0.36802 -0.054589 -0.1895 0.43281 0.014764 -0.041439 0.40755 -0.00086572 -0.0073623 0.068381 -0.065246 0.0029928 -0.037992 0.046332 0.0029928 -0.058651 -0.14612 -0.15484 0.12814 -0.091313 -0.17601 0.16986 -0.05446 -0.28798 -0.044982 -0.10388 -0.09815 -0.053842 -0.010626 -0.31956 -0.10723 -0.11542 -0.092072 -0.13552 0.013818 0.038096 -0.41947 0.2569 0.015701 -0.38499 0.0067891 0.16583 -0.72857 0.26634 0.088623 -0.71064 0.082275 0.13425 -0.77505 0.29985 0.028889 -0.77405 0.028351 -0.054514 0.60397
-0.15864 -0.035362 0.37658 -0.060701 -0.18319 0.43442 0.0052199 -0.033376 0.4083 -0.0022947 -0.0062873 0.068438 -0.064654 0.0019193 -0.039027 0.048811 0.0019193 -0.056581 -0.15946 -0.15396 0.13837 -0.097893 -0.17083 0.17147 -0.062696 -0.28853 -0.030917 -0.11292 -0.093268 -0.052231 -0.01467 -0.32438 -0.08713 -0.12466 -0.087542 -0.13391 -0.00047126 0.047519 -0.42205 0.25226 0.023379 -0.38721 -0.012427 0.17696 -0.73043 0.29453 0.068009 -0.71468 0.06397 0.14726 -0.77689 0.32779 0.0060139 -0.77586 0.017952 -0.045487 0.60485
-0.17345 -0.030235 0.37911 -0.079278 -0.17471 0.43397 -0.010996 -0.027389 0.4082 -0.0047348 -0.0058985 0.068231 -0.062381 0.0018626 -0.041711 0.051532 0.0018626 -0.054123 -0.1796 -0.15059 0.14205 -0.11622 -0.16225 0.17102 -0.081387 -0.28906 -0.02329 -0.13081 -0.08502 -0.052681 -0.030436 -0.33038 -0.073117 -0.14247 -0.07927 -0.13436 -0.017316 0.050862 -0.42619 0.24665 0.020897 -0.39056 -0.03081 0.18086 -0.73382 0.32334 0.044959 -0.71406 0.044904 0.15038 -0.78017 0.35706 -0.020465 -0.77155 6.628e-05 -0.039722 0.6048
-0.18823 -0.024107 0.37769 -0.10251 -0.16542 0.43197 -0.028868 -0.022477 0.40763 -0.0074208 -0.0057766 0.067918 -0.059477 0.0022892 -0.044989 0.053908 0.0022892 -0.05189 -0.20258 -0.14473 0.14141 -0.13887 -0.15218 0.16902 -0.10517 -0.28838 -0.020027 -0.15152 -0.075233 -0.05468 -0.05244 -0.33518 -0.063978 -0.16294 -0.069256 -0.13636 -0.03299 0.051069 -0.43056 0.24043 0.013502 -0.39447 -0.047072 0.1817 -0.73715 0.34635 0.022771 -0.7117 0.027166 0.14899 -0.78337 0.38068 -0.046471 -0.76492 -0.019699 -0.035746 0.60422
-0.1999 -0.016669 0.37442 -0.1226 -0.15665 0.42893 -0.043384 -0.017642 0.40698 -0.0095872 -0.0055021 0.067655 -0.056991 0.0026655 -0.047809 0.055354 0.0026655 -0.050494 -0.22444 -0.13633 0.13867 -0.1584 -0.14255 0.16598 -0.12867 -0.28528 -0.019055 -0.16899 -0.065733 -0.057718 -0.0752 -0.33638 -0.058505 -0.18019 -0.059499 -0.1394 -0.043767 0.05108 -0.43389 0.23396 0.006439 -0.39836 -0.059925 0.18363 -0.73884 0.35713 0.0047436 -0.71052 0.012843 0.14847 -0.78496 0.39171 -0.067928 -0.75978 -0.035739 -0.032088 0.60354
-0.20538 -0.0076077 0.37138 -0.13173 -0.14975 0.42536 -0.049528 -0.011883 0.40664 -0.010469 -0.0046555 0.067598 -0.055973 0.002458 -0.049117 0.055282 0.002458 -0.050547 -0.24121 -0.12537 0.13608 -0.16739 -0.13528 0.16242 -0.14654 -0.27854 -0.018302 -0.1772 -0.058347 -0.061286 -0.093229 -0.33161 -0.05549 -0.18832 -0.052 -0.14297 -0.04592 0.05384 -0.43488 0.22761 0.0049556 -0.40168 -0.068082 0.19083 -0.73729 0.34927 -0.0058256 -0.71346 0.0040245 0.15422 -0.78341 0.38318 -0.080758 -0.75992 -0.042447 -0.027278 0.60315
-0.20159 0.0033867 0.37067 -0.12211 -0.14607 0.42178 -0.042286 -0.0042002 0.407 -0.0092994 -0.0028172 0.067905 -0.057474 0.0011331 -0.047859 0.053107 0.0011331 -0.052663 -0.24893 -0.11182 0.13586 -0.15841 -0.1323 0.15883 -0.1534 -0.26698 -0.015694 -0.17008 -0.054901 -0.064872 -0.10105 -0.31848 -0.053725 -0.18144 -0.048759 -0.14656 -0.035723 0.06229 -0.43222 0.22173 0.014298 -0.40386 -0.070254 0.20745 -0.73093 0.31633 -0.0056382 -0.72345 0.0027975 0.17162 -0.77719 0.34814 -0.080886 -0.76914 -0.034218 -0.019843 0.60348
