-0.089554 0.025163 0.35517 0.16372 0.028141 0.27081 0.066919 0.030808 0.40249 0.014555 0.0062699 0.066741 -0.060867 -0.0078267 -0.042766 0.043112 -0.0078267 -0.060623 -0.17472 0.034091 0.10354 0.23259 0.0077005 0.014908 -0.21464 0.044592 -0.12983 0.21558 -0.025032 -0.2192 -0.2386 0.0051139 -0.19844 0.19625 -0.025565 -0.29961 -0.14315 0.037242 -0.42111 0.041624 0.038354 -0.44767 -0.11388 0.11439 -0.74465 0.023406 0.20192 -0.7382 -0.1169 0.031299 -0.78765 0.021365 0.11826 -0.78011 0.034095 -0.029096 0.58756
-0.085074 0.02889 0.35454 0.16747 0.033003 0.26908 0.071605 0.033361 0.40147 0.015571 0.0068518 0.066452 -0.061774 -0.0077913 -0.041445 0.042913 -0.0077913 -0.060767 -0.16738 0.0363 0.10192 0.23924 0.0082763 0.014346 -0.21036 0.049711 -0.13076 0.21775 -0.046439 -0.21597 -0.23673 0.017163 -0.20199 0.19463 -0.048951 -0.29551 -0.14311 0.036443 -0.42097 0.045949 0.039787 -0.44765 -0.14093 0.12058 -0.74433 0.032841 0.15419 -0.76036 -0.14543 0.037165 -0.78661 0.033593 0.067883 -0.79656 0.035916 -0.026365 0.58611
-0.081009 0.03098 0.35466 0.16996 0.031811 0.2671 0.0759 0.032163 0.40077 0.016131 0.0069008 0.066316 -0.062297 -0.0079299 -0.040637 0.04275 -0.0079299 -0.060866 -0.16077 0.036861 0.10118 0.2423 -0.0021654 0.013608 -0.20687 0.051691 -0.13082 0.21016 -0.08076 -0.20738 -0.23461 0.0231 -0.20332 0.18449 -0.09247 -0.28504 -0.15163 0.013786 -0.4191 0.050973 0.041683 -0.44741 -0.17393 0.10418 -0.73968 0.040954 0.12293 -0.77132 -0.18059 0.020254 -0.78058 0.040831 0.034819 -0.80289 0.037201 -0.029185 0.5842
-0.077287 0.032325 0.35486 0.17166 0.027923 0.26505 0.079804 0.029377 0.40023 0.016442 0.0067084 0.066259 -0.062556 -0.0080936 -0.040205 0.042602 -0.0080936 -0.060948 -0.1548 0.036776 0.10066 0.24163 -0.019276 0.013027 -0.20377 0.05223 -0.13071 0.19677 -0.11939 -0.19672 -0.23233 0.025543 -0.20361 0.16861 -0.14349 -0.2706 -0.1615 -0.014005 -0.41685 0.055973 0.043829 -0.44704 -0.20014 0.079025 -0.73511 0.046906 0.10617 -0.7751 -0.20885 -0.0052243 -0.77494 0.043986 0.017175 -0.80395 0.038712 -0.033393 0.58265
-0.073875 0.033696 0.35465 0.173 0.024425 0.26311 0.083284 0.026918 0.39973 0.016696 0.0065372 0.066213 -0.062669 -0.0081478 -0.040012 0.042451 -0.0081478 -0.061043 -0.14943 0.036932 0.099832 0.23702 -0.039006 0.012988 -0.20074 0.052846 -0.131 0.18116 -0.15449 -0.18681 -0.23003 0.026961 -0.20387 0.14957 -0.19032 -0.25423 -0.16607 -0.031434 -0.41546 0.060217 0.045988 -0.44666 -0.20818 0.057679 -0.73466 0.049965 0.10162 -0.77565 -0.21809 -0.026393 -0.7746 0.044015 0.012757 -0.80443 0.04102 -0.035398 0.58213
-0.071306 0.034068 0.35535 0.17376 0.020467 0.26162 0.085862 0.023132 0.39941 0.016851 0.0062262 0.066203 -0.062731 -0.0081609 -0.039915 0.042304 -0.0081609 -0.061145 -0.14524 0.036473 0.10005 0.22749 -0.061735 0.014608 -0.19845 0.052424 -0.13034 0.16195 -0.18985 -0.17382 -0.22855 0.027617 -0.20327 0.12663 -0.23506 -0.23335 -0.1676 -0.041051 -0.41395 0.06284 0.047562 -0.44639 -0.20678 0.033797 -0.73704 0.050913 0.10294 -0.77545 -0.21702 -0.049915 -0.77764 0.042569 0.014839 -0.80593 0.041829 -0.04 0.58107
-0.070047 0.031926 0.35851 0.17341 0.013471 0.26071 0.087169 0.015084 0.39946 0.016776 0.0053974 0.066291 -0.062763 -0.0081861 -0.039875 0.042249 -0.0081861 -0.061194 -0.14276 0.034078 0.10286 0.21226 -0.089251 0.018827 -0.19775 0.048926 -0.12719 0.13574 -0.23357 -0.15205 -0.22863 0.026811 -0.20064 0.097771 -0.28588 -0.2041 -0.17289 -0.055382 -0.41057 0.06373 0.048304 -0.44628 -0.21439 -0.0074437 -0.738 0.051772 0.10279 -0.77551 -0.22472 -0.091207 -0.77846 0.04182 0.015487 -0.80778 0.03801 -0.054938 0.57705
-0.067953 0.030325 0.35922 0.17235 0.0074939 0.25852 0.089152 0.0073793 0.39929 0.016796 0.0042203 0.066377 -0.062483 -0.0073855 -0.040443 0.042695 -0.0073855 -0.060963 -0.13951 0.032882 0.10325 0.19497 -0.11312 0.022701 -0.19625 0.045956 -0.1265 0.10846 -0.27039 -0.1324 -0.22778 0.027567 -0.20071 0.067049 -0.32803 -0.17454 -0.17729 -0.067503 -0.40813 0.067271 0.051229 -0.44555 -0.2202 -0.050124 -0.73897 0.055023 0.1048 -0.77489 -0.23165 -0.13379 -0.77934 0.043869 0.018475 -0.80933 0.033467 -0.069949 0.57208
-0.064226 0.029326 0.35869 0.17348 0.0070846 0.25589 0.093059 0.0036889 0.39849 0.017156 0.0027934 0.066366 -0.061604 -0.0054932 -0.042046 0.043751 -0.0054932 -0.060395 -0.13423 0.033095 0.10229 0.183 -0.1258 0.025848 -0.19274 0.043486 -0.12717 0.091335 -0.28902 -0.12022 -0.22464 0.028835 -0.20204 0.045476 -0.35073 -0.14989 -0.17584 -0.071528 -0.40891 0.072615 0.057275 -0.44407 -0.21203 -0.082026 -0.74103 0.059181 0.11353 -0.77291 -0.22504 -0.16516 -0.78211 0.047659 0.028527 -0.81042 0.033574 -0.075788 0.56909
-0.062795 0.019799 0.37458 0.18368 0.012739 0.26032 0.096879 0.00028041 0.39766 0.0176 0.00070995 0.066285 -0.060059 -0.0040448 -0.044429 0.044694 -0.0040448 -0.059879 -0.13053 0.025911 0.11764 0.18755 -0.12929 0.03567 -0.19083 0.030325 -0.11148 0.098853 -0.30323 -0.097858 -0.22278 0.018862 -0.18691 0.052815 -0.36801 -0.12131 -0.1713 -0.077348 -0.41073 0.06507 0.060756 -0.44361 -0.19608 -0.12009 -0.74055 0.054512 0.12761 -0.77066 -0.20646 -0.20326 -0.78205 0.045788 0.044011 -0.81176 0.041289 -0.078342 0.56968
-0.066023 0.0051686 0.39735 0.19373 0.017845 0.26826 0.096892 -0.0056405 0.39762 0.017695 -0.0014751 0.066254 -0.057866 -0.0029341 -0.047321 0.045794 -0.0029341 -0.059092 -0.13139 0.014044 0.13987 0.19569 -0.13105 0.048069 -0.19325 0.011645 -0.08889 0.11213 -0.31921 -0.069049 -0.22523 0.0032068 -0.1647 0.068949 -0.38557 -0.093073 -0.16842 -0.082136 -0.41265 0.045014 0.060262 -0.44369 -0.18441 -0.15859 -0.73715 0.045192 0.14549 -0.76661 -0.18968 -0.24223 -0.77878 0.040136 0.063272 -0.81103 0.047981 -0.082564 0.5725
-0.073788 -0.00068715 0.39616 0.18353 0.012018 0.26773 0.089319 -0.014601 0.39903 0.017009 -0.0025342 0.066419 -0.055165 -0.00061274 -0.050464 0.04805 -0.00061274 -0.057246 -0.13793 0.0099589 0.13843 0.17806 -0.14018 0.049971 -0.20063 0.0061518 -0.090111 0.089638 -0.33261 -0.056699 -0.23317 0.0014547 -0.16596 0.045355 -0.39811 -0.080644 -0.17169 -0.072175 -0.4153 0.027689 0.059403 -0.44192 -0.18917 -0.17125 -0.73392 0.046994 0.16605 -0.75737 -0.19399 -0.25454 -0.77643 0.040706 0.085215 -0.8041 0.038204 -0.0896 0.57433
-0.083347 -0.0043626 0.39146 0.17058 0.0032902 0.26869 0.07869 -0.024201 0.40088 0.015864 -0.0035366 0.06664 -0.052547 0.0017744 -0.05321 0.050076 0.0017744 -0.055551 -0.14659 0.0079741 0.13359 0.1583 -0.14838 0.050745 -0.20953 0.0059029 -0.094886 0.06155 -0.33895 -0.051728 -0.24283 0.0039863 -0.17057 0.014121 -0.40225 -0.075944 -0.17748 -0.058185 -0.4176 0.017564 0.06192 -0.4393 -0.20009 -0.16783 -0.73215 0.054811 0.18675 -0.74683 -0.20651 -0.25046 -0.77563 0.045517 0.10714 -0.79519 0.025665 -0.093766 0.57763
-0.09259 -0.013503 0.40618 0.173 0.0005285 0.28043 0.069679 -0.031904 0.40206 0.014716 -0.0054288 0.06677 -0.050654 0.0026734 -0.054977 0.050735 0.0026734 -0.054945 -0.15418 0.00176 0.14808 0.16116 -0.14755 0.059994 -0.21699 0.00087667 -0.080461 0.060725 -0.33708 -0.041256 -0.2508 -0.00051033 -0.15594 0.011823 -0.39778 -0.069163 -0.18153 -0.052461 -0.41825 0.012992 0.068629 -0.43726 -0.2051 -0.16391 -0.73207 0.060136 0.20394 -0.73919 -0.21138 -0.24638 -0.77582 0.050023 0.12533 -0.78906 0.024667 -0.09083 0.58456
-0.10408 -0.013579 0.40755 0.16508 -0.0072924 0.28371 0.057458 -0.038149 0.40323 0.013499 -0.0060161 0.066986 -0.049668 0.0027466 -0.055885 0.052465 0.0027466 -0.053227 -0.16403 0.0053699 0.14928 0.15003 -0.15104 0.060657 -0.22627 0.007853 -0.079372 0.040369 -0.33448 -0.041233 -0.26045 0.0076089 -0.15466 -0.010599 -0.39035 -0.07441 -0.18773 -0.041733 -0.41738 0.0091281 0.072369 -0.4343 -0.2141 -0.147 -0.73324 0.070702 0.21271 -0.73069 -0.2234 -0.22905 -0.77751 0.057414 0.13538 -0.78164 0.015866 -0.088624 0.58949
-0.11395 -0.0032854 0.39591 0.14831 -0.016444 0.27926 0.045351 -0.040702 0.40445 0.012599 -0.0046958 0.067263 -0.048359 0.003004 -0.057012 0.054394 0.003004 -0.051298 -0.17327 0.017579 0.13765 0.12712 -0.15665 0.054411 -0.2349 0.024398 -0.091095 0.0056633 -0.3306 -0.050963 -0.26943 0.025855 -0.16622 -0.047617 -0.3814 -0.088463 -0.19489 -0.025856 -0.4168 0.0061751 0.0729 -0.43174 -0.22466 -0.1214 -0.73551 0.085889 0.21858 -0.72127 -0.23867 -0.20294 -0.77973 0.068013 0.14245 -0.77272 0.00071691 -0.087829 0.59083
-0.11116 0.00011669 0.4169 0.16128 -0.005039 0.29411 0.046715 -0.034655 0.4048 0.012883 -0.003443 0.067297 -0.04456 0.0041884 -0.059933 0.051709 0.0041884 -0.053721 -0.17148 0.017561 0.15867 0.14687 -0.14259 0.067288 -0.2333 0.023477 -0.070036 0.030681 -0.31485 -0.047117 -0.26814 0.023385 -0.14504 -0.020965 -0.36647 -0.086329 -0.19448 -0.022765 -0.41952 0.010954 0.079081 -0.43406 -0.21758 -0.11347 -0.73927 0.094213 0.23715 -0.7164 -0.22862 -0.19561 -0.78063 0.0784 0.16086 -0.76806 0.0088877 -0.079223 0.59301
-0.10152 0.0042996 0.44143 0.18405 0.0066107 0.31064 0.054632 -0.027434 0.40453 0.013421 -0.0035534 0.067177 -0.04288 0.0049926 -0.061077 0.048448 0.0049926 -0.056773 -0.16284 0.020063 0.18328 0.17689 -0.12746 0.081238 -0.22391 0.025738 -0.045646 0.068038 -0.29456 -0.046764 -0.25888 0.024334 -0.12057 0.019592 -0.34621 -0.089445 -0.18503 -0.014838 -0.42343 0.02734 0.088411 -0.43696 -0.204 -0.10267 -0.74509 0.11291 0.2542 -0.71385 -0.21309 -0.18488 -0.7891 0.099287 0.17802 -0.76651 0.023984 -0.068417 0.59505
-0.096922 0.022285 0.4204 0.17824 -0.0104 0.29912 0.055657 -0.028574 0.40436 0.012879 -0.0052181 0.067154 -0.048499 0.0038437 -0.056461 0.050788 0.0038437 -0.054693 -0.15683 0.045904 0.16238 0.16188 -0.13755 0.066122 -0.21488 0.059964 -0.067111 0.041406 -0.28061 -0.078342 -0.24976 0.062285 -0.14199 -0.0058791 -0.32223 -0.13125 -0.17077 0.0201 -0.42477 0.053496 0.092869 -0.43422 -0.20156 -0.059604 -0.75097 0.15965 0.24856 -0.70916 -0.22114 -0.13956 -0.80513 0.13857 0.17478 -0.76359 0.015774 -0.065686 0.59383
-0.096019 0.032964 0.39114 0.16336 -0.026942 0.28083 0.055543 -0.029491 0.40437 0.012232 -0.0062808 0.067217 -0.054558 0.0023973 -0.051302 0.053945 0.0023973 -0.051823 -0.15141 0.062272 0.13311 0.14842 -0.14129 0.041649 -0.20963 0.083214 -0.095352 0.027893 -0.25862 -0.12559 -0.24435 0.088363 -0.17025 -0.014307 -0.28816 -0.19045 -0.16127 0.045172 -0.42436 0.073447 0.088806 -0.43126 -0.18689 -0.022075 -0.74552 0.19299 0.23631 -0.70617 -0.21241 -0.10086 -0.77415 0.16416 0.16477 -0.75761 0.0019957 -0.066467 0.59065
-0.093504 0.029526 0.3803 0.15839 -0.02167 0.27284 0.060463 -0.02181 0.4042 0.0124 -0.0052294 0.067277 -0.056475 0.0014492 -0.049161 0.054168 0.0014492 -0.051612 -0.14875 0.055315 0.1223 0.16975 -0.11687 0.025447 -0.20808 0.075616 -0.10544 0.07917 -0.21551 -0.17013 -0.24267 0.079296 -0.18047 0.048803 -0.23683 -0.24406 -0.1568 0.041619 -0.4241 0.079522 0.078565 -0.43243 -0.15072 0.0026078 -0.74443 0.1912 0.23032 -0.70819 -0.17632 -0.07746 -0.717 0.16419 0.15645 -0.75473 -0.0010072 -0.06308 0.58705
-0.084005 0.037663 0.36723 0.15941 -0.0070917 0.26715 0.0694 -0.0050767 0.40322 0.013269 -0.0025415 0.067238 -0.057476 -0.00055104 -0.047785 0.05335 -0.00055104 -0.05238 -0.15889 0.057797 0.11003 0.20082 -0.079043 0.013828 -0.20673 0.076661 -0.12427 0.15105 -0.15026 -0.20656 -0.24101 0.07885 -0.19953 0.13384 -0.16358 -0.28646 -0.14238 0.039626 -0.42566 0.080895 0.070835 -0.43601 -0.11896 0.069304 -0.79623 0.18362 0.22411 -0.71415 -0.16816 -0.0099828 -0.7729 0.16954 0.13944 -0.76863 0.0025164 -0.04986 0.58341
-0.079082 0.047076 0.35092 0.15455 0.0026443 0.26241 0.071316 0.0092174 0.4029 0.013386 -0.00019591 0.067278 -0.057694 -0.0024264 -0.047547 0.052995 -0.0024264 -0.052729 -0.1513 0.060628 0.094562 0.22222 -0.038635 0.0085607 -0.20555 0.078341 -0.13632 0.2128 -0.071263 -0.22601 -0.23957 0.079427 -0.2117 0.20787 -0.074017 -0.30854 -0.12311 0.049996 -0.42818 0.067236 0.054513 -0.43844 -0.089309 0.089008 -0.77017 0.17411 0.20512 -0.71656 -0.15296 0.026875 -0.80268 0.15804 0.12204 -0.76183 -0.00032287 -0.040498 0.57987
-0.094988 0.030247 0.34425 0.13364 -0.00099536 0.26219 0.054774 0.0072968 0.40522 0.011194 -0.00030252 0.067652 -0.055343 -0.0018077 -0.050206 0.053777 -0.0018077 -0.051958 -0.08514 0.034041 0.088182 0.22651 -0.00038347 0.014339 -0.20593 0.047712 -0.10495 0.25302 0.007875 -0.22057 -0.24006 0.045819 -0.18009 0.25967 0.019102 -0.30202 -0.1147 0.066372 -0.4295 0.022745 0.010564 -0.43636 -0.044835 -0.067509 -0.49075 0.14702 0.16835 -0.70385 -0.059271 -0.082304 -0.5604 0.08823 0.12212 -0.68622 -0.020791 -0.053853 0.57662
-0.11132 0.012004 0.34417 0.11606 -0.0037066 0.26318 0.039476 0.0038126 0.40737 0.009016 -0.00094107 0.068004 -0.052539 -0.00080907 -0.053266 0.055448 -0.00080907 -0.050203 -0.014496 0.0086611 0.093397 0.22674 0.035805 0.024362 -0.20278 0.015166 -0.055086 0.27813 0.077551 -0.20342 -0.23661 0.0090522 -0.13046 0.29352 0.10329 -0.28055 -0.10923 0.081635 -0.43001 -0.021229 -0.047091 -0.43199 -0.0070809 -0.20082 -0.20484 0.09678 0.16142 -0.66563 0.024913 -0.15964 -0.29367 0.024216 0.13255 -0.62442 -0.038138 -0.066605 0.57458
-0.11001 0.016051 0.34462 0.11692 0.0033116 0.26227 0.041351 0.010192 0.40704 0.0088499 -0.00044662 0.06803 -0.051096 -0.0012009 -0.054652 0.057612 -0.0012009 -0.047707 0.015616 0.010212 0.1067 0.23581 0.066558 0.032574 -0.19267 0.0083833 -0.013213 0.29941 0.12907 -0.18732 -0.22783 -0.0016342 -0.087905 0.31899 0.16709 -0.25813 -0.096502 0.093628 -0.43005 -0.035313 -0.07526 -0.42609 0.0019398 -0.1676 -0.15974 0.034592 0.19849 -0.62209 0.02319 -0.1035 -0.25319 0.013551 0.13849 -0.64928 -0.036887 -0.06028 0.57393
-0.10071 0.030732 0.34368 0.1243 0.0041167 0.26114 0.049274 0.013889 0.40599 0.0095993 -0.00015628 0.067918 -0.049779 -0.001291 -0.05579 0.060116 -0.001291 -0.044457 0.037159 0.016798 0.11898 0.25322 0.079255 0.041498 -0.17979 0.0098926 0.029215 0.3264 0.15376 -0.17112 -0.2256 -0.0021965 -0.037673 0.3464 0.2016 -0.23564 -0.07685 0.10992 -0.42837 -0.024596 0.0011333 -0.41359 -0.015817 -0.13898 -0.33087 -0.0023376 0.19721 -0.64943 -0.017192 -0.13942 -0.38158 0.0055758 0.12616 -0.73007 -0.031987 -0.052323 0.57308
-0.091984 0.044268 0.34207 0.12993 -0.0038978 0.26084 0.055053 0.010946 0.40536 0.010351 -0.00048839 0.067809 -0.048263 -0.00065755 -0.057135 0.062272 -0.00065755 -0.041424 0.060602 0.01644 0.12665 0.27102 0.075534 0.050102 -0.16833 0.010616 0.067276 0.35414 0.15791 -0.15599 -0.23093 -0.0010997 0.014884 0.37666 0.21232 -0.21411 -0.055268 0.12649 -0.42561 -0.0098564 0.12537 -0.3997 -0.047329 -0.16466 -0.55612 -0.004967 0.15789 -0.72358 -0.056957 -0.25299 -0.55925 -0.013728 0.10319 -0.80236 -0.031656 -0.051206 0.57131
-0.087949 0.049926 0.34212 0.13222 -0.0099431 0.26134 0.056558 0.0070654 0.40526 0.010743 -0.0007932 0.067744 -0.047314 -0.00026017 -0.057954 0.063176 -0.00026017 -0.040052 0.070489 0.011448 0.1316 0.27823 0.070184 0.054338 -0.16204 0.012201 0.084058 0.36694 0.15961 -0.14623 -0.23502 0.0022791 0.045312 0.40157 0.21677 -0.19504 -0.03989 0.1316 -0.42392 -0.016455 0.14887 -0.39626 -0.075253 -0.16247 -0.62052 0.0072947 0.15487 -0.7409 -0.082186 -0.22306 -0.66212 -0.01877 0.093771 -0.79896 -0.034434 -0.053442 0.56928
-0.090389 0.049022 0.34428 0.13146 -0.01335 0.26255 0.054084 0.0023502 0.40566 0.01068 -0.0011122 0.067753 -0.047146 1.6489e-05 -0.058066 0.063958 1.6489e-05 -0.038803 0.066368 0.0037214 0.13446 0.27837 0.07208 0.057985 -0.16669 0.0034091 0.090378 0.36455 0.16499 -0.14243 -0.2395 -0.0096539 0.053517 0.4098 0.22696 -0.17301 -0.039136 0.13932 -0.42259 -0.030884 0.13378 -0.39212 -0.10273 -0.14202 -0.58839 0.016223 0.18195 -0.71808 -0.10732 -0.14885 -0.68519 -0.015361 0.1037 -0.76046 -0.037915 -0.05709 0.56987
-0.095183 0.048747 0.34777 0.12791 -0.020295 0.26397 0.048971 -0.005588 0.4063 0.010127 -0.0019859 0.067827 -0.047715 0.00065952 -0.057566 0.065025 0.00065952 -0.037155 0.05483 -0.0057392 0.135 0.27865 0.071409 0.063638 -0.18145 -0.012559 0.099639 0.35504 0.15668 -0.14477 -0.24686 -0.032526 0.051315 0.4001 0.22657 -0.152 -0.041343 0.15466 -0.41961 -0.022264 0.17134 -0.37757 -0.1356 -0.12737 -0.58266 0.023478 0.20455 -0.70455 -0.14896 -0.16443 -0.66751 -0.0072521 0.12466 -0.74628 -0.039767 -0.058484 0.5752
-0.085384 0.062879 0.35063 0.11968 -0.043196 0.26407 0.04288 -0.019116 0.40653 0.0089264 -0.0044271 0.067863 -0.048948 0.001907 -0.056597 0.062799 0.001907 -0.040311 0.043687 -0.017231 0.13242 0.27946 0.017651 0.062504 -0.18605 0.017934 0.10216 0.35051 0.071274 -0.15601 -0.25013 0.012998 0.054495 0.39927 0.13386 -0.16694 0.01502 0.1326 -0.41308 0.042632 0.20146 -0.37112 -0.1647 -0.078465 -0.58118 0.079024 0.20274 -0.70398 -0.19973 -0.14746 -0.63719 0.040904 0.13189 -0.74989 -0.038584 -0.047629 0.5829
-0.056642 0.089761 0.35264 0.10101 -0.079671 0.26379 0.03502 -0.033762 0.40637 0.0067221 -0.0075176 0.067859 -0.051425 0.0032003 -0.054298 0.056888 0.0032003 -0.048307 0.031098 -0.028828 0.13096 0.26113 -0.086185 0.052518 -0.16853 0.092204 0.094171 0.33095 -0.078304 -0.17328 -0.23621 0.12038 0.059128 0.38906 -0.040997 -0.21517 0.089966 0.078757 -0.4085 0.14334 0.18689 -0.3786 -0.17978 0.013183 -0.58893 0.17935 0.16928 -0.71031 -0.24225 -0.04248 -0.63231 0.11997 0.11404 -0.75539 -0.035901 -0.024811 0.58964
-0.022206 0.11006 0.35544 0.066342 -0.10987 0.26667 0.022995 -0.038669 0.40662 0.0032904 -0.0084351 0.067936 -0.056129 0.0033319 -0.04909 0.051204 0.0033319 -0.054595 0.006731 -0.035521 0.13806 0.19115 -0.17167 0.041087 -0.13193 0.14184 0.082032 0.25017 -0.19054 -0.18763 -0.19072 0.18368 0.041069 0.30715 -0.1782 -0.24946 0.039203 0.058868 -0.41743 0.20421 0.14681 -0.3867 -0.17456 0.1075 -0.65814 0.25638 0.11115 -0.71498 -0.25566 0.080035 -0.69378 0.1712 0.079518 -0.75144 -0.035518 -0.003023 0.59238
0.00018525 0.11801 0.35717 0.048229 -0.1221 0.2716 0.016055 -0.036883 0.40729 0.0014319 -0.0081847 0.068102 -0.060862 0.0031365 -0.043392 0.048194 0.0031365 -0.05711 -0.013478 -0.030041 0.13643 0.11872 -0.21093 0.031014 -0.09325 0.18159 0.061797 0.16728 -0.24335 -0.19883 -0.13499 0.22745 0.006886 0.21279 -0.24447 -0.26777 -0.075449 0.065046 -0.42856 0.21788 0.10915 -0.3914 -0.16407 0.16763 -0.73473 0.30269 0.055554 -0.70974 -0.25157 0.1559 -0.7659 0.22065 0.046348 -0.75194 -0.032467 0.0087438 0.59293
0.00064401 0.11836 0.35562 0.06918 -0.11556 0.27505 0.018936 -0.035541 0.40786 0.0025969 -0.0084811 0.068241 -0.062537 0.0031245 -0.041073 0.048731 0.0031245 -0.056582 -0.017584 -0.01569 0.119 0.094137 -0.20322 0.02253 -0.074763 0.22422 0.032917 0.14149 -0.24757 -0.20948 -0.10275 0.28391 -0.022509 0.17218 -0.24645 -0.28603 -0.12038 0.062666 -0.4265 0.21193 0.096336 -0.39494 -0.15991 0.17646 -0.74398 0.33576 0.02644 -0.69417 -0.24593 0.15789 -0.77623 0.30169 0.028373 -0.77159 -0.025149 0.0099057 0.59428
0.002348 0.12533 0.35394 0.048926 -0.11024 0.27384 -6.866e-06 -0.030169 0.40748 -0.001769 -0.0064141 0.068039 -0.060837 -0.00095368 -0.043604 0.051298 -0.00095368 -0.054597 -0.054921 -0.035532 0.15801 0.02311 -0.16184 0.016318 -0.091967 0.12053 0.026008 0.040123 -0.17601 -0.2154 -0.10471 0.16763 -0.034667 0.05214 -0.16215 -0.29591 -0.099846 0.064642 -0.42398 0.20456 0.10126 -0.40219 -0.1243 0.17401 -0.73797 0.34211 0.0017876 -0.69376 -0.21106 0.16138 -0.7703 0.31496 0.010245 -0.78281 -0.039291 0.019883 0.59471
0.00059441 0.12968 0.35333 -0.017982 -0.11269 0.26797 -0.038475 -0.025998 0.40608 -0.011096 -0.0032038 0.067527 -0.056053 -0.0054284 -0.049736 0.052997 -0.0054284 -0.053058 -0.10803 -0.096686 0.25794 -0.096957 -0.12318 0.014669 -0.10394 -0.12003 0.049299 -0.14677 -0.080877 -0.21043 -0.10006 -0.11576 -0.028252 -0.15575 -0.056141 -0.2889 -0.062274 0.083504 -0.42812 0.17337 0.10835 -0.41269 -0.071027 0.17089 -0.75206 0.29917 -0.0013626 -0.70997 -0.15924 0.18079 -0.78545 0.22901 0.01282 -0.77355 -0.072961 0.028495 0.59361
-0.054028 0.089576 0.35081 -0.0046106 -0.10393 0.26187 -0.037168 -0.043286 0.40478 -0.0095297 -0.0067282 0.06727 -0.048872 0.0046128 -0.055088 0.050101 0.0046128 -0.053896 -0.053777 -0.14269 0.30608 -0.10082 -0.14588 0.021442 -0.0019609 -0.22137 0.069756 -0.20245 -0.12629 -0.18917 0.0083794 -0.23245 -0.015271 -0.22811 -0.11063 -0.26535 -0.07125 0.11345 -0.42928 0.05081 0.099647 -0.41807 -0.095057 0.12129 -0.75774 0.18669 0.094429 -0.70401 -0.16716 0.11898 -0.8086 0.14912 0.10768 -0.76689 -0.077878 -0.017622 0.59335
-0.12087 0.027504 0.34778 0.070555 -0.079208 0.25782 0.00047001 -0.063814 0.40419 0.00051967 -0.012969 0.067319 -0.044697 0.018947 -0.056819 0.044545 0.018947 -0.056929 0.068377 -0.14876 0.29981 -0.0068352 -0.19578 0.032288 0.15433 -0.16658 0.079134 -0.12455 -0.25251 -0.16495 0.16287 -0.16568 -0.0032498 -0.16012 -0.25948 -0.23918 -0.12215 0.12013 -0.42527 -0.084676 0.064926 -0.42083 -0.15296 0.049923 -0.75023 0.05577 0.21415 -0.68287 -0.20068 0.024613 -0.82625 0.093577 0.21368 -0.76684 -0.049035 -0.083602 0.59389
-0.12224 -0.002174 0.34745 0.10674 -0.046998 0.25598 0.032341 -0.054558 0.40435 0.0063853 -0.012395 0.067398 -0.049636 0.016614 -0.053641 0.04134 0.016614 -0.060354 0.13261 -0.1194 0.30203 0.057384 -0.19894 0.040064 0.22361 -0.10263 0.085475 -0.048833 -0.29191 -0.15455 0.2312 -0.097046 0.0039214 -0.088967 -0.31608 -0.22395 -0.17039 0.071734 -0.41879 -0.098516 0.007291 -0.42834 -0.13984 0.018825 -0.74173 -0.01472 0.22306 -0.67691 -0.17707 0.013467 -0.82945 0.026665 0.19432 -0.76305 -0.011476 -0.094651 0.594
-0.1002 -0.0062684 0.34668 0.10889 -0.025709 0.25434 0.047488 -0.037338 0.4048 0.0086746 -0.0086453 0.067451 -0.0585 0.0079586 -0.045899 0.041871 0.0079586 -0.061465 0.14663 -0.079802 0.3065 0.073267 -0.19129 0.050537 0.22796 -0.059292 0.084545 -0.024144 -0.30222 -0.13317 0.23281 -0.055355 0.0018982 -0.06852 -0.3388 -0.19194 -0.20287 0.031571 -0.40762 -0.06153 -0.033818 -0.4345 -0.11718 0.028933 -0.7331 -0.038777 0.19892 -0.67237 -0.14935 0.030133 -0.81865 -0.03196 0.14425 -0.74726 0.017473 -0.076613 0.59542
-0.098207 -0.0054247 0.34498 0.10589 -0.021301 0.25198 0.050426 -0.032049 0.40496 0.010421 -0.0064299 0.067465 -0.064803 0.0045575 -0.037027 0.04487 0.0045575 -0.059672 0.15089 -0.060698 0.3039 0.063098 -0.20511 0.06607 0.22421 -0.042774 0.079048 -0.04544 -0.34523 -0.088308 0.22543 -0.039845 -0.0039714 -0.096093 -0.39245 -0.13224 -0.2177 0.038281 -0.39434 -0.05115 -0.034494 -0.43518 -0.1298 0.065467 -0.7193 -0.048518 0.2096 -0.6652 -0.15279 0.030424 -0.7989 -0.061517 0.14149 -0.7276 0.031467 -0.065538 0.59818
-0.096861 -0.011969 0.34987 0.11242 -0.011816 0.25109 0.056802 -0.025263 0.40435 0.011864 -0.0051937 0.06738 -0.066039 0.0030971 -0.034945 0.046238 0.0030971 -0.058718 0.17065 -0.087267 0.31511 0.063975 -0.20663 0.07599 0.24108 -0.074955 0.08914 -0.05697 -0.368 -0.052002 0.25059 -0.073954 0.0075876 -0.11164 -0.42089 -0.08617 -0.21697 0.034172 -0.39254 -0.044641 -0.019636 -0.43719 -0.10439 0.11634 -0.69218 -0.058337 0.19017 -0.69174 -0.11995 0.080375 -0.7787 -0.070207 0.10952 -0.74016 0.040255 -0.061045 0.59769
-0.089029 -0.025099 0.35868 0.12589 0.0046982 0.25166 0.067874 -0.01445 0.40328 0.012984 -0.0042583 0.067225 -0.064131 0.0016741 -0.038433 0.045471 0.0016741 -0.059368 0.1725 -0.093196 0.31431 0.078136 -0.19237 0.079664 0.24119 -0.08149 0.087722 -0.052902 -0.36049 -0.025126 0.26238 -0.083027 0.0078532 -0.10974 -0.41405 -0.052925 -0.20805 0.012214 -0.40042 -0.0306 -0.0036887 -0.44165 -0.069562 0.14585 -0.67413 -0.065968 0.1385 -0.74044 -0.092772 0.1421 -0.76572 -0.068568 0.055024 -0.78491 0.048656 -0.059581 0.59434
-0.08307 -0.035378 0.36124 0.1326 0.013052 0.25187 0.073192 -0.0083071 0.40263 0.013815 -0.0034025 0.067098 -0.063582 0.00091024 -0.039458 0.044999 0.00091024 -0.059742 0.095367 0.027869 0.25104 0.080797 -0.18709 0.085124 0.15593 0.054576 0.023875 -0.067626 -0.35571 0.015419 0.17005 0.052062 -0.057093 -0.1288 -0.40798 -0.00036077 -0.20086 0.010468 -0.40434 -0.016658 0.011922 -0.44442 -0.12548 0.11298 -0.70194 -0.059545 0.11037 -0.76336 -0.18242 0.10666 -0.76528 -0.0651 0.054195 -0.82997 0.055526 -0.05893 0.5925
-0.080377 -0.044621 0.3601 0.13291 0.014996 0.25213 0.07301 -0.0071351 0.4026 0.014424 -0.0027256 0.067011 -0.063777 0.0006312 -0.039067 0.044612 0.0006312 -0.060042 0.0084886 0.14983 0.18723 0.07401 -0.18954 0.092878 0.056263 0.19602 -0.04037 -0.088994 -0.3564 0.049093 0.058432 0.19274 -0.12312 -0.15412 -0.40718 0.042675 -0.19515 0.019232 -0.40557 -0.0078632 0.021491 -0.44574 -0.20475 0.069911 -0.73828 -0.045527 0.10719 -0.76585 -0.28801 0.042119 -0.77514 -0.060691 0.078844 -0.85516 0.058709 -0.060135 0.59207
-0.080732 -0.057135 0.35938 0.13022 0.01592 0.25359 0.069315 -0.0091148 0.40322 0.014536 -0.0025708 0.067002 -0.063187 0.00058098 -0.039999 0.044085 0.00058098 -0.060459 -0.01757 0.15142 0.1862 0.06691 -0.19193 0.10043 0.016707 0.21219 -0.040431 -0.098454 -0.35652 0.056376 0.018333 0.20703 -0.12317 -0.16458 -0.40599 0.049153 -0.18952 0.019736 -0.40821 -0.0064438 0.023111 -0.44633 -0.23007 0.064803 -0.74179 -0.032855 0.11304 -0.76632 -0.30616 0.028327 -0.78587 -0.053808 0.08684 -0.85559 0.055533 -0.065243 0.59181
-0.086872 -0.072375 0.3551 0.12198 0.013835 0.25712 0.058148 -0.015322 0.4047 0.013048 -0.0035676 0.067237 -0.062865 0.001112 -0.040542 0.045602 0.001112 -0.059226 -0.030853 0.13905 0.20841 0.060014 -0.19531 0.10524 -0.010191 0.22358 -0.012532 -0.10657 -0.35786 0.0613 -0.0091419 0.2175 -0.09487 -0.17437 -0.40439 0.053805 -0.18908 0.017101 -0.40908 -0.010395 0.028357 -0.44407 -0.2573 0.050142 -0.7308 -0.018998 0.12187 -0.76455 -0.32556 0.008441 -0.77818 -0.043651 0.10048 -0.85184 0.043003 -0.075539 0.59198
-0.10034 -0.084455 0.34628 0.10909 0.0070163 0.26209 0.039535 -0.024823 0.40649 0.0099008 -0.0055216 0.067648 -0.06281 0.0022687 -0.040574 0.048217 0.0022687 -0.057113 -0.058404 0.1394 0.20432 0.048846 -0.19983 0.10639 -0.046326 0.23891 -0.011618 -0.12803 -0.35393 0.073293 -0.049897 0.23342 -0.094004 -0.20031 -0.39381 0.071161 -0.19302 0.021669 -0.40754 -0.010293 0.040881 -0.44066 -0.30227 0.023948 -0.7216 0.0029637 0.12969 -0.76217 -0.37746 -0.019853 -0.75563 -0.020407 0.11748 -0.85252 0.02296 -0.086354 0.59323
-0.11985 -0.08376 0.33594 0.096888 -0.0044934 0.26658 0.018726 -0.033855 0.40734 0.0062649 -0.0073242 0.067919 -0.061698 0.0035993 -0.042082 0.047973 0.0035993 -0.057327 -0.085528 0.070945 0.14046 0.026831 -0.20321 0.10462 -0.068356 0.1306 -0.083695 -0.1728 -0.32973 0.077999 -0.072928 0.12572 -0.16618 -0.25132 -0.35752 0.082064 -0.1934 0.043178 -0.40665 0.0074844 0.053369 -0.4414 -0.31945 0.04196 -0.71782 0.041194 0.13288 -0.76445 -0.4036 0.012696 -0.74531 0.031669 0.10325 -0.84943 0.0022179 -0.087925 0.59618
-0.13553 -0.071453 0.32241 0.087794 -0.018664 0.27099 -6.7882e-05 -0.037473 0.40747 0.0028749 -0.0081605 0.068049 -0.060349 0.0041817 -0.044002 0.047593 0.0041817 -0.057541 -0.10602 -0.0076579 0.064465 0.0032103 -0.20316 0.099383 -0.078177 0.0014159 -0.17117 -0.21456 -0.28546 0.056616 -0.081538 -0.0035382 -0.25364 -0.29627 -0.29687 0.056853 -0.18578 0.072131 -0.40676 0.030163 0.058076 -0.44325 -0.30144 0.093502 -0.7191 0.090372 0.12519 -0.76464 -0.38985 0.085518 -0.74892 0.095043 0.067314 -0.83851 -0.015507 -0.081173 0.59923
-0.13828 -0.054146 0.305 0.082696 -0.032163 0.276 -0.013358 -0.03293 0.40765 0.00024056 -0.0077097 0.068161 -0.059811 0.0034932 -0.044827 0.050689 0.0034932 -0.054768 -0.11987 -0.011711 0.036948 -0.009162 -0.19866 0.090622 -0.088305 -0.0050803 -0.19927 -0.22343 -0.23162 0.00305 -0.092465 -0.010536 -0.28166 -0.30157 -0.22567 -0.016432 -0.17108 0.095896 -0.40654 0.039728 0.051448 -0.4416 -0.2635 0.1425 -0.72308 0.13891 0.10425 -0.75508 -0.35039 0.14934 -0.75609 0.14318 0.035153 -0.82023 -0.028478 -0.071608 0.60058
-0.13488 -0.03848 0.29366 0.082481 -0.040651 0.27936 -0.01801 -0.026195 0.40796 -0.0010779 -0.0067072 0.06826 -0.058403 0.0029957 -0.046612 0.052907 0.0029957 -0.052853 -0.13016 -0.0037863 0.032585 -0.011229 -0.19247 0.081994 -0.10154 0.0094975 -0.20201 -0.21513 -0.18715 -0.043149 -0.10643 0.0046792 -0.28444 -0.28856 -0.16832 -0.079377 -0.1612 0.12188 -0.40392 0.043541 0.043146 -0.44044 -0.22808 0.18127 -0.72626 0.17664 0.08399 -0.74461 -0.31258 0.2104 -0.75996 0.17394 0.010519 -0.80181 -0.03609 -0.062101 0.60108
-0.12993 -0.024842 0.29091 0.08375 -0.047494 0.28058 -0.015615 -0.021845 0.40832 -0.0013073 -0.0059259 0.068326 -0.056725 0.0033489 -0.048656 0.051623 0.0033489 -0.054055 -0.13669 -0.019384 0.026679 -0.0094571 -0.18705 0.074079 -0.11292 -0.01772 -0.20918 -0.19867 -0.15986 -0.069614 -0.11707 -0.020718 -0.29175 -0.26589 -0.13478 -0.11309 -0.15312 0.13806 -0.40276 0.045153 0.036997 -0.44235 -0.1947 0.20337 -0.72828 0.19798 0.063629 -0.73866 -0.27559 0.24834 -0.76183 0.18461 -0.015583 -0.78608 -0.040775 -0.053413 0.60142
-0.12092 -0.006127 0.28685 0.078234 -0.065776 0.28214 -0.013465 -0.020349 0.40861 -0.0016508 -0.0058764 0.068333 -0.058908 0.0035944 -0.04585 0.048832 0.0035944 -0.056523 -0.13454 -0.018484 0.020211 -0.012921 -0.18361 0.062684 -0.11123 -0.0302 -0.21434 -0.16266 -0.14108 -0.11099 -0.11464 -0.032371 -0.29682 -0.2123 -0.11349 -0.1682 -0.12353 0.10481 -0.41353 0.037047 0.025468 -0.44551 -0.13358 0.1974 -0.73266 0.20374 0.020144 -0.73375 -0.20183 0.19958 -0.7716 0.16776 -0.060535 -0.76967 -0.047984 -0.044629 0.60127
-0.10948 0.010792 0.28373 0.0702 -0.093598 0.28318 -0.0099738 -0.025628 0.40832 -0.0017639 -0.006878 0.068229 -0.0642 0.0034741 -0.038218 0.045956 0.0034741 -0.058915 -0.12683 -0.0066301 0.019008 -0.017422 -0.18654 0.050102 -0.1061 -0.019105 -0.21663 -0.11764 -0.13674 -0.15865 -0.11094 -0.020263 -0.29917 -0.14401 -0.11105 -0.23263 -0.088683 0.04114 -0.4253 0.028155 0.006875 -0.4483 -0.068077 0.16812 -0.73337 0.19991 -0.036064 -0.73137 -0.12416 0.11015 -0.7799 0.14979 -0.10531 -0.77007 -0.053025 -0.040644 0.60024
-0.099393 0.014995 0.28914 0.069198 -0.12014 0.28175 -0.0003145 -0.0407 0.407 -0.00078564 -0.0088484 0.067995 -0.069013 0.0032772 -0.029039 0.04377 0.0032772 -0.060545 -0.1218 -0.010539 0.02727 -0.012901 -0.19976 0.041673 -0.11103 -0.012373 -0.21586 -0.082095 -0.15786 -0.1833 -0.11921 -0.011119 -0.29888 -0.092887 -0.14079 -0.26426 -0.080563 -0.0099117 -0.41957 0.031097 -0.013121 -0.44975 -0.040848 0.12796 -0.72127 0.194 -0.076303 -0.73421 -0.099362 0.066988 -0.77017 0.16311 -0.1158 -0.80427 -0.047925 -0.046905 0.59834
-0.091038 0.017612 0.29826 0.072451 -0.13905 0.28097 0.0090027 -0.054578 0.40561 -2.444e-05 -0.010459 0.067809 -0.071597 0.0033913 -0.020668 0.042766 0.0033913 -0.061312 -0.12695 -0.0089254 0.034397 -0.00070769 -0.21624 0.037197 -0.098356 -0.041552 -0.19223 -0.045035 -0.19408 -0.19397 -0.10015 -0.04456 -0.27414 -0.050034 -0.19115 -0.27656 -0.086693 -0.066473 -0.40472 0.027527 -0.015696 -0.45032 -0.027245 0.077772 -0.70069 0.18742 -0.088788 -0.7347 -0.088339 0.02631 -0.74895 0.17317 -0.093905 -0.82944 -0.038777 -0.055123 0.59701
-0.083201 0.027118 0.30625 0.077732 -0.14543 0.28144 0.015415 -0.058302 0.40491 0.00044412 -0.010807 0.067763 -0.072896 0.0029191 -0.013085 0.042312 0.0029191 -0.061713 -0.12707 -0.00028871 0.040427 0.021744 -0.2276 0.034407 -0.046682 -0.11105 -0.14212 0.0092181 -0.23154 -0.20184 -0.029684 -0.12736 -0.22021 0.0079143 -0.24367 -0.28451 -0.080191 -0.11376 -0.3901 0.0046694 0.0067152 -0.44961 -0.0011252 0.032864 -0.6825 0.16775 -0.067908 -0.73297 -0.056251 -0.02658 -0.73251 0.1424 -0.045799 -0.82174 -0.030872 -0.056702 0.5967
-0.074115 0.036766 0.3141 0.089196 -0.13542 0.27745 0.027841 -0.053364 0.40469 0.0034438 -0.010301 0.067714 -0.077 -0.001001 -0.0035063 0.040078 -0.001001 -0.062957 -0.071673 -0.037059 0.069428 0.067967 -0.22848 0.030378 0.033339 -0.17611 -0.09886 0.088858 -0.26028 -0.20347 0.063663 -0.20285 -0.17209 0.10705 -0.2797 -0.27956 -0.033477 -0.057049 -0.37477 -0.02538 0.035458 -0.44535 0.033108 0.036757 -0.68219 0.10532 -0.012198 -0.74596 -0.021998 0.0012901 -0.74174 0.063659 0.030201 -0.81795 -0.02185 -0.049474 0.59548
-0.071402 0.042665 0.31905 0.10182 -0.11356 0.27239 0.038237 -0.042714 0.40524 0.0061248 -0.0086002 0.067791 -0.075574 -0.0051694 -0.0056049 0.036684 -0.0051694 -0.064934 0.013261 -0.096353 0.11187 0.12499 -0.21453 0.027845 0.11486 -0.20484 -0.073248 0.17561 -0.26668 -0.19766 0.15003 -0.23336 -0.14262 0.21925 -0.28401 -0.26521 0.023623 0.06106 -0.37404 -0.050701 0.05471 -0.44004 0.060022 0.081158 -0.70425 0.042525 0.057574 -0.76031 -0.0014826 0.082877 -0.77383 -0.011272 0.10456 -0.82103 -0.018506 -0.037083 0.59406
-0.085372 0.043703 0.31682 0.10639 -0.089282 0.27496 0.030382 -0.029667 0.40695 0.002935 -0.0051842 0.068234 -0.056171 -0.0031104 -0.037312 0.035311 -0.0031104 -0.066127 0.05419 -0.10519 0.13606 0.16465 -0.18238 0.032126 0.16863 -0.18449 -0.05526 0.23842 -0.2365 -0.18697 0.20908 -0.20696 -0.12344 0.28682 -0.24629 -0.25454 0.028471 0.10716 -0.40738 -0.063701 0.05623 -0.43838 0.063383 0.12242 -0.7402 0.05639 0.11121 -0.74444 0.00018917 0.11044 -0.80646 -0.0084918 0.13458 -0.80622 -0.030105 -0.026867 0.59479
-0.098164 0.034182 0.31431 0.11494 -0.061295 0.27872 0.025026 -0.017903 0.40799 0.00043764 -0.0025602 0.068555 -0.041573 0.0014545 -0.063795 0.039363 0.0014545 -0.063443 0.076128 -0.07824 0.15045 0.19962 -0.13125 0.03686 0.2107 -0.12834 -0.037927 0.29167 -0.1703 -0.17784 0.2555 -0.13966 -0.10654 0.33473 -0.16852 -0.24824 -0.0036421 0.10165 -0.43793 -0.068614 0.04926 -0.43505 0.058394 0.16782 -0.76062 0.080761 0.16508 -0.71043 -0.0004088 0.12117 -0.81789 0.015545 0.1499 -0.77593 -0.034273 -0.023499 0.59602
-0.095625 0.01409 0.31671 0.13341 -0.030936 0.2769 0.037562 -0.010351 0.40726 0.0039833 -0.0025898 0.068392 -0.049545 0.0035572 -0.057002 0.04891 0.0035572 -0.056028 0.11168 -0.049927 0.16733 0.24147 -0.069072 0.037376 0.25579 -0.060357 -0.019812 0.34836 -0.083809 -0.17321 0.30153 -0.059206 -0.088645 0.39124 -0.067969 -0.24185 -0.038533 0.094647 -0.43538 -0.068343 0.049742 -0.42554 0.043383 0.20498 -0.74985 0.049992 0.22474 -0.68567 -0.010089 0.1461 -0.80221 -0.00072979 0.17904 -0.75013 -0.018403 -0.028145 0.59555
-0.094899 -0.0002226 0.31628 0.13687 -0.013947 0.27442 0.041291 -0.0078825 0.40715 0.006328 -0.0032058 0.068257 -0.057857 0.0038123 -0.047184 0.056417 0.0038123 -0.049328 0.13009 -0.027166 0.17484 0.26619 -0.021073 0.04223 0.27912 -0.0072583 -0.008952 0.38161 -0.014334 -0.165 0.326 0.0029708 -0.076371 0.42473 0.014017 -0.22967 -0.06347 0.077132 -0.43001 -0.053865 0.073978 -0.41548 -0.044192 0.1388 -0.74012 0.016398 0.23481 -0.69502 -0.10268 0.086098 -0.78836 -0.024117 0.1894 -0.76448 -0.017281 -0.036273 0.59331
-0.10333 -0.0064994 0.31094 0.12134 -0.012574 0.27385 0.028163 -0.0105 0.40816 0.0049485 -0.0034883 0.068334 -0.057275 0.00362 -0.04796 0.059591 0.00362 -0.045186 0.1235 -0.011112 0.17188 0.26702 0.0069934 0.05241 0.27623 0.026048 -0.0056613 0.38632 0.029756 -0.15123 0.32519 0.04164 -0.070477 0.42502 0.066374 -0.21437 -0.077709 0.048138 -0.43462 -0.034373 0.11441 -0.40631 -0.17243 -0.0014279 -0.74268 0.0016631 0.20125 -0.72449 -0.24233 -0.04425 -0.78698 -0.038424 0.17718 -0.80474 -0.037706 -0.046301 0.59057
-0.11357 -0.01598 0.30593 0.10675 -0.014843 0.27369 0.014237 -0.017009 0.40864 0.0036377 -0.0041331 0.068371 -0.056747 0.0040807 -0.048577 0.062076 0.0040807 -0.041379 0.11448 -0.0013166 0.16981 0.25982 0.028234 0.060393 0.26804 0.053368 -0.0024696 0.384 0.067145 -0.13758 0.31759 0.073946 -0.065457 0.41316 0.10735 -0.20504 -0.088596 0.023467 -0.43677 -0.032695 0.14233 -0.39505 -0.22249 -0.065436 -0.74193 -0.014652 0.19263 -0.7281 -0.29335 -0.10942 -0.78562 -0.053365 0.17389 -0.81257 -0.054125 -0.058823 0.58921
-0.1183 -0.01385 0.30286 0.09689 -0.022483 0.27285 0.0060413 -0.021639 0.40862 0.0032478 -0.0047713 0.068354 -0.057237 0.0040496 -0.047984 0.063146 0.0040496 -0.03989 0.10737 0.00028834 0.16353 0.25846 0.027483 0.067914 0.2653 0.056624 -0.0037611 0.38383 0.071377 -0.12832 0.31671 0.077632 -0.065007 0.41323 0.11406 -0.19219 -0.094897 0.017628 -0.43567 -0.019314 0.15573 -0.38893 -0.22241 -0.04944 -0.73586 -0.0023817 0.20507 -0.71843 -0.29508 -0.089803 -0.7788 -0.037218 0.18609 -0.80299 -0.06695 -0.061517 0.58741
-0.1143 0.011396 0.3014 0.089075 -0.0369 0.27072 0.0042805 -0.019335 0.40874 0.0033096 -0.0047472 0.068356 -0.056474 0.0026308 -0.04898 0.061314 0.0026308 -0.042693 0.099594 -0.0057279 0.14691 0.26645 -0.0055587 0.075755 0.26862 0.024709 -0.01537 0.38388 0.024982 -0.12751 0.32457 0.038702 -0.074685 0.43209 0.07228 -0.17091 -0.094723 0.033862 -0.43533 0.031106 0.16377 -0.39402 -0.23921 -0.01461 -0.72981 0.060722 0.21221 -0.72222 -0.32428 -0.035334 -0.76866 0.029855 0.2076 -0.80935 -0.081481 -0.045639 0.58403
-0.10998 0.024514 0.30099 0.08505 -0.038864 0.26741 0.0068613 -0.013551 0.40892 0.0038628 -0.0041331 0.06836 -0.05474 0.0027435 -0.050879 0.059235 0.0027435 -0.045624 0.095037 -0.0080525 0.1342 0.26078 -0.026484 0.068709 0.26399 0.012345 -0.030494 0.36796 0.0012284 -0.14081 0.3172 0.02343 -0.092362 0.42313 0.05228 -0.17584 -0.096599 0.044617 -0.43626 0.058238 0.17063 -0.39835 -0.24737 -0.0052663 -0.73056 0.10078 0.22472 -0.7254 -0.32114 -0.034575 -0.76898 0.073435 0.23079 -0.8153 -0.079872 -0.031202 0.58516
-0.11175 0.0084672 0.30142 0.085235 -0.023497 0.26477 0.0096076 -0.0091955 0.40899 0.0046861 -0.0032606 0.068356 -0.052773 0.0052384 -0.052718 0.058509 0.0052384 -0.046312 0.093753 -0.0043698 0.13337 0.23449 -0.016958 0.045642 0.24505 0.038632 -0.042993 0.33282 0.029134 -0.16479 0.28543 0.056059 -0.11238 0.37116 0.081071 -0.21487 -0.10507 0.036012 -0.43775 0.035452 0.17606 -0.3961 -0.23276 -0.031419 -0.73869 0.086921 0.24448 -0.71904 -0.26384 -0.099987 -0.78531 0.062329 0.24952 -0.80962 -0.059266 -0.030566 0.59229
-0.12054 -0.018054 0.30302 0.087172 -0.01004 0.26669 0.0062829 -0.010966 0.4088 0.0050841 -0.0026216 0.068364 -0.051279 0.0072808 -0.054047 0.058301 0.0072808 -0.046291 0.089133 -0.0069342 0.13897 0.20843 -0.0067596 0.028012 0.21921 0.05916 -0.050762 0.29588 0.056579 -0.18363 0.2462 0.085237 -0.12635 0.31579 0.10743 -0.25066 -0.11682 0.019911 -0.43834 0.0020588 0.17512 -0.39406 -0.21945 -0.062045 -0.74621 0.069079 0.2525 -0.71124 -0.21491 -0.13392 -0.80939 0.046007 0.26003 -0.80032 -0.042404 -0.038793 0.59908
-0.13693 -0.033925 0.30617 0.088213 -0.019373 0.27721 -0.0094898 -0.023548 0.40818 0.0043291 -0.0027187 0.068406 -0.050961 0.0057847 -0.054448 0.05761 0.0057847 -0.047357 0.074111 -0.028992 0.14466 0.20536 -0.028943 0.038815 0.19481 0.025195 -0.051973 0.27597 0.025922 -0.18067 0.21819 0.054465 -0.1257 0.30033 0.074799 -0.24277 -0.12799 0.0099305 -0.43654 0.0018544 0.16259 -0.39985 -0.2341 -0.063329 -0.74454 0.1027 0.22837 -0.71128 -0.24265 -0.031208 -0.83204 0.079428 0.25873 -0.7967 -0.053767 -0.049771 0.59862
