-0.14496 0.042451 0.4027 0.1741 -0.0043655 0.37504 0.014435 0.0061928 0.40837 0.0089351 -0.0042092 0.067882 -0.057729 0.00069312 -0.047559 0.046674 0.00069312 -0.058447 -0.25796 0.096302 0.16822 0.23708 -0.24336 0.27723 -0.25313 0.11543 -0.067961 0.23998 -0.47529 0.32589 -0.26133 0.12261 -0.14994 0.23663 -0.55374 0.35185 -0.10303 0.041586 -0.43255 0.017849 0.075219 -0.43997 -0.11146 0.12135 -0.75668 -0.039454 0.13123 -0.76411 -0.12392 0.066694 -0.83163 -0.012201 0.073108 -0.83223 0.03949 -0.027758 0.60108
-0.13633 0.039514 0.39801 0.1818 -0.0062511 0.37042 0.022353 0.0012323 0.40791 0.0089489 -0.004172 0.067883 -0.057702 0.00069307 -0.047592 0.046712 0.00069307 -0.058417 -0.24944 0.093038 0.1635 0.24164 -0.25019 0.28657 -0.24462 0.11214 -0.072684 0.25072 -0.48296 0.31886 -0.25256 0.11953 -0.15467 0.24673 -0.56218 0.34142 -0.103 0.04157 -0.43259 0.017863 0.075186 -0.43994 -0.11141 0.12133 -0.75671 -0.039426 0.1312 -0.76409 -0.12347 0.066606 -0.83169 -0.012178 0.073055 -0.83219 0.043448 -0.029336 0.60142
-0.12864 0.036877 0.39343 0.18796 -0.0079157 0.3654 0.02929 -0.003148 0.40746 0.0089605 -0.0041347 0.067883 -0.057678 0.00069224 -0.047621 0.046746 0.00069224 -0.05839 -0.24181 0.090285 0.15893 0.24541 -0.25598 0.29414 -0.23703 0.10926 -0.077272 0.25942 -0.48937 0.31204 -0.2447 0.11687 -0.15927 0.25491 -0.56926 0.33154 -0.10297 0.041547 -0.43262 0.017872 0.075157 -0.43992 -0.11138 0.1213 -0.75675 -0.039408 0.13117 -0.76407 -0.12319 0.066533 -0.83174 -0.012159 0.073008 -0.83215 0.047068 -0.03071 0.60167
-0.12181 0.03452 0.38897 0.19271 -0.0093738 0.36005 0.035321 -0.0069865 0.40704 0.0089702 -0.0040975 0.067884 -0.057657 0.00069064 -0.047647 0.046777 0.00069064 -0.058365 -0.23502 0.088002 0.15449 0.24843 -0.26081 0.30007 -0.23029 0.10676 -0.081723 0.26624 -0.49461 0.30545 -0.2377 0.1146 -0.16372 0.26134 -0.5751 0.3222 -0.10296 0.041517 -0.43265 0.017876 0.075132 -0.4399 -0.11137 0.12126 -0.75678 -0.039401 0.13113 -0.76405 -0.12305 0.066472 -0.83177 -0.012143 0.072967 -0.83212 0.050357 -0.031893 0.60184
-0.11578 0.032423 0.38463 0.19618 -0.01064 0.35443 0.040521 -0.010322 0.40664 0.0089785 -0.0040606 0.067885 -0.057639 0.00068828 -0.047669 0.046806 0.00068828 -0.058342 -0.22898 0.086149 0.15021 0.25077 -0.26477 0.30452 -0.22434 0.1046 -0.086035 0.27133 -0.49881 0.2991 -0.23147 0.1127 -0.16803 0.26617 -0.57981 0.3134 -0.10295 0.041482 -0.43267 0.017875 0.075111 -0.43988 -0.11137 0.12122 -0.7568 -0.039404 0.1311 -0.76403 -0.12304 0.066421 -0.83179 -0.012131 0.072931 -0.8321 0.053326 -0.0329 0.60194
-0.11048 0.030563 0.38042 0.19848 -0.011728 0.3486 0.044965 -0.013192 0.40626 0.0089856 -0.004024 0.067887 -0.057624 0.00068518 -0.047687 0.046831 0.00068518 -0.058322 -0.22363 0.084688 0.14606 0.25247 -0.26795 0.30762 -0.2191 0.10278 -0.090209 0.27486 -0.50206 0.293 -0.22595 0.11113 -0.1722 0.26953 -0.58349 0.3051 -0.10294 0.04144 -0.43269 0.017869 0.075093 -0.43986 -0.11138 0.12117 -0.75682 -0.039416 0.13107 -0.76401 -0.12315 0.066378 -0.8318 -0.012123 0.072901 -0.83207 0.055984 -0.033743 0.60197
-0.10584 0.028921 0.37633 0.19974 -0.012652 0.34263 0.04873 -0.015637 0.4059 0.008992 -0.0039879 0.067888 -0.057611 0.00068136 -0.047703 0.046854 0.00068136 -0.058303 -0.2189 0.083578 0.14206 0.25357 -0.27042 0.30951 -0.2145 0.10124 -0.094242 0.27697 -0.50448 0.28717 -0.22108 0.10986 -0.17623 0.27159 -0.58627 0.2973 -0.10294 0.041392 -0.43271 0.017858 0.075078 -0.43984 -0.1114 0.12112 -0.75684 -0.039437 0.13103 -0.76399 -0.12336 0.066341 -0.8318 -0.012119 0.072875 -0.83205 0.05834 -0.034435 0.60194
-0.10177 0.027476 0.37236 0.20008 -0.013428 0.33657 0.05189 -0.017693 0.40556 0.0089979 -0.0039524 0.067889 -0.057601 0.00067682 -0.047715 0.046875 0.00067682 -0.058286 -0.21474 0.082779 0.1382 0.25415 -0.27226 0.31035 -0.21048 0.099967 -0.098134 0.27783 -0.50618 0.28162 -0.21678 0.10886 -0.18011 0.27248 -0.58825 0.28998 -0.10295 0.04134 -0.43273 0.017842 0.075067 -0.43982 -0.11143 0.12106 -0.75686 -0.039468 0.131 -0.76397 -0.12365 0.066309 -0.83179 -0.012119 0.072852 -0.83204 0.060403 -0.034991 0.60187
-0.098219 0.026206 0.36853 0.19962 -0.014069 0.33049 0.054522 -0.0194 0.40524 0.0090038 -0.0039176 0.06789 -0.057594 0.00067158 -0.047724 0.046895 0.00067158 -0.058271 -0.21106 0.082253 0.13449 0.25423 -0.27357 0.31027 -0.20696 0.098928 -0.10188 0.27758 -0.50725 0.27636 -0.21299 0.10809 -0.18385 0.27236 -0.58956 0.28312 -0.10296 0.041282 -0.43274 0.017821 0.075059 -0.4398 -0.11147 0.121 -0.75687 -0.039507 0.13096 -0.76396 -0.124 0.066279 -0.83177 -0.012124 0.072833 -0.83202 0.062183 -0.035422 0.60175
-0.095108 0.02509 0.36483 0.19849 -0.01459 0.32445 0.0567 -0.020796 0.40493 0.0090101 -0.0038837 0.067892 -0.057589 0.00066565 -0.04773 0.046913 0.00066565 -0.058256 -0.2078 0.081958 0.13093 0.25388 -0.27442 0.30942 -0.20387 0.098094 -0.10549 0.27639 -0.50781 0.27141 -0.20963 0.10752 -0.18744 0.27137 -0.59029 0.27671 -0.10298 0.04122 -0.43275 0.017795 0.075054 -0.43978 -0.11152 0.12093 -0.75688 -0.039556 0.13092 -0.76394 -0.1244 0.066249 -0.83175 -0.012133 0.072817 -0.83201 0.063689 -0.035742 0.60159
-0.092366 0.024108 0.36127 0.1968 -0.015004 0.31851 0.0585 -0.02192 0.40464 0.009017 -0.0038507 0.067893 -0.057586 0.00065904 -0.047733 0.046929 0.00065904 -0.058243 -0.2049 0.081856 0.12751 0.25314 -0.2749 0.30795 -0.20116 0.097436 -0.10895 0.27441 -0.50797 0.26678 -0.20665 0.10712 -0.19089 0.26967 -0.59057 0.27074 -0.103 0.041153 -0.43275 0.017764 0.075051 -0.43977 -0.11159 0.12085 -0.75689 -0.039612 0.13088 -0.76393 -0.12483 0.066217 -0.83172 -0.012148 0.072803 -0.83199 0.064931 -0.035965 0.6014
-0.089922 0.023239 0.35785 0.19468 -0.015328 0.31274 0.059998 -0.02281 0.40436 0.009025 -0.0038187 0.067893 -0.057585 0.00065178 -0.047734 0.046945 0.00065178 -0.058231 -0.20229 0.081907 0.12423 0.25207 -0.27509 0.30599 -0.19873 0.096923 -0.11226 0.2718 -0.50783 0.26249 -0.20397 0.10685 -0.19419 0.2674 -0.59051 0.26518 -0.10304 0.041083 -0.43276 0.017728 0.075051 -0.43975 -0.11166 0.12077 -0.75689 -0.039677 0.13084 -0.76391 -0.12528 0.066182 -0.83169 -0.012167 0.072791 -0.83198 0.065917 -0.036103 0.60119
-0.087705 0.022461 0.35457 0.19226 -0.015574 0.3072 0.061269 -0.023504 0.4041 0.0090344 -0.003788 0.067894 -0.057587 0.00064387 -0.047733 0.04696 0.00064387 -0.058219 -0.1999 0.082072 0.12111 0.25072 -0.27508 0.30369 -0.19654 0.096527 -0.11542 0.26871 -0.50751 0.25855 -0.20153 0.10669 -0.19734 0.26471 -0.59022 0.26003 -0.10307 0.041009 -0.43276 0.017688 0.075054 -0.43973 -0.11174 0.12069 -0.7569 -0.039749 0.13081 -0.76389 -0.12572 0.066141 -0.83165 -0.012192 0.072779 -0.83197 0.066657 -0.03617 0.60097
-0.085644 0.021755 0.35144 0.18964 -0.015757 0.30194 0.062389 -0.024041 0.40385 0.0090456 -0.0037586 0.067894 -0.05759 0.00063532 -0.047729 0.046974 0.00063532 -0.058207 -0.19766 0.082309 0.11813 0.24914 -0.27494 0.3012 -0.1945 0.096218 -0.11844 0.2653 -0.5071 0.25497 -0.19925 0.1066 -0.20035 0.26174 -0.58981 0.25527 -0.10311 0.040932 -0.43276 0.017642 0.075059 -0.43971 -0.11183 0.12061 -0.7569 -0.039829 0.13077 -0.76388 -0.12614 0.066093 -0.83162 -0.012222 0.072769 -0.83196 0.067161 -0.03618 0.60074
-0.083668 0.021098 0.34845 0.18697 -0.015892 0.29704 0.063433 -0.02446 0.40361 0.0090589 -0.0037306 0.067894 -0.057595 0.00062616 -0.047722 0.046989 0.00062616 -0.058195 -0.1955 0.082581 0.1153 0.24737 -0.27477 0.29866 -0.19255 0.095968 -0.12131 0.26172 -0.50673 0.25176 -0.19707 0.10656 -0.2032 0.25866 -0.5894 0.25087 -0.10316 0.040851 -0.43275 0.01759 0.075066 -0.43969 -0.11193 0.12052 -0.75689 -0.039916 0.13073 -0.76386 -0.12652 0.066035 -0.83159 -0.012257 0.072758 -0.83194 0.067437 -0.036144 0.60051
-0.081705 0.02047 0.34562 0.18435 -0.015993 0.29255 0.064476 -0.024798 0.40338 0.0090748 -0.0037041 0.067893 -0.057602 0.00061638 -0.047714 0.047004 0.00061638 -0.058183 -0.19337 0.082846 0.11261 0.24548 -0.27464 0.2962 -0.19062 0.095746 -0.12402 0.25813 -0.50648 0.24894 -0.19492 0.10652 -0.2059 0.25559 -0.5891 0.24684 -0.10322 0.040768 -0.43275 0.017534 0.075075 -0.43967 -0.11204 0.12042 -0.75689 -0.040011 0.13069 -0.76384 -0.12685 0.065966 -0.83156 -0.012299 0.072746 -0.83192 0.067496 -0.036077 0.60029
-0.079728 0.019861 0.34294 0.18186 -0.01607 0.28849 0.065553 -0.025083 0.40316 0.0090935 -0.0036795 0.067892 -0.057611 0.00060602 -0.047704 0.047019 0.00060602 -0.058171 -0.19123 0.083082 0.11009 0.24351 -0.27458 0.29394 -0.18868 0.095535 -0.12658 0.25466 -0.5064 0.24649 -0.19277 0.10647 -0.20845 0.25267 -0.58894 0.24314 -0.10328 0.040683 -0.43274 0.017473 0.075086 -0.43965 -0.11215 0.12033 -0.75688 -0.040112 0.13065 -0.76382 -0.12712 0.065886 -0.83153 -0.012346 0.072734 -0.8319 0.067358 -0.035987 0.60007
-0.077761 0.01927 0.34044 0.17951 -0.016124 0.28484 0.066653 -0.025326 0.40294 0.0091157 -0.0036568 0.06789 -0.057621 0.00059506 -0.047692 0.047034 0.00059506 -0.058159 -0.18911 0.083279 0.10772 0.24153 -0.27456 0.2919 -0.18675 0.095333 -0.12896 0.25139 -0.50641 0.24432 -0.19065 0.10641 -0.21082 0.24993 -0.58886 0.23978 -0.10334 0.040596 -0.43273 0.017409 0.075098 -0.43962 -0.11227 0.12023 -0.75687 -0.040219 0.13061 -0.76379 -0.12735 0.065795 -0.83151 -0.012399 0.072722 -0.83188 0.067059 -0.035874 0.59987
-0.075832 0.018699 0.33813 0.1773 -0.016158 0.28157 0.06776 -0.02554 0.40274 0.0091418 -0.0036366 0.067888 -0.057632 0.00058353 -0.047679 0.047049 0.00058353 -0.058147 -0.18704 0.083433 0.10555 0.2396 -0.27454 0.29013 -0.18487 0.095135 -0.13116 0.2484 -0.50643 0.24236 -0.18859 0.10635 -0.21301 0.24744 -0.5888 0.23673 -0.10341 0.040508 -0.43272 0.01734 0.075113 -0.4396 -0.11239 0.12013 -0.75686 -0.040332 0.13057 -0.76377 -0.12753 0.065698 -0.83149 -0.012455 0.072709 -0.83186 0.066637 -0.03574 0.59967
-0.07397 0.018149 0.33602 0.17523 -0.016175 0.27863 0.068856 -0.025736 0.40254 0.0091724 -0.0036189 0.067885 -0.057645 0.00057142 -0.047663 0.047065 0.00057142 -0.058135 -0.18505 0.083539 0.10356 0.23779 -0.27449 0.28865 -0.18307 0.094941 -0.13316 0.24577 -0.50637 0.24054 -0.18661 0.1063 -0.215 0.24524 -0.58868 0.23398 -0.10348 0.040418 -0.4327 0.017269 0.075129 -0.43958 -0.11252 0.12004 -0.75685 -0.040449 0.13053 -0.76375 -0.12768 0.065595 -0.83146 -0.012515 0.072697 -0.83184 0.066129 -0.035585 0.59948
-0.072203 0.017621 0.33413 0.1733 -0.016177 0.27601 0.069927 -0.025925 0.40235 0.0092079 -0.0036043 0.067881 -0.057659 0.00055876 -0.047647 0.04708 0.00055876 -0.058122 -0.18318 0.083589 0.10179 0.23616 -0.27436 0.28751 -0.18136 0.094748 -0.13495 0.24359 -0.50617 0.23877 -0.18474 0.10626 -0.21678 0.24341 -0.58845 0.23152 -0.10355 0.040328 -0.43269 0.017196 0.075148 -0.43955 -0.11265 0.11993 -0.75683 -0.040571 0.13049 -0.76373 -0.12781 0.06549 -0.83144 -0.012578 0.072686 -0.83181 0.065571 -0.035411 0.59929
-0.07056 0.017118 0.33247 0.17152 -0.016166 0.27366 0.070955 -0.026119 0.40217 0.0092489 -0.0035929 0.067876 -0.057674 0.00054553 -0.047628 0.047095 0.00054553 -0.058111 -0.18146 0.08358 0.10023 0.23478 -0.27412 0.28673 -0.17978 0.094553 -0.13651 0.24194 -0.50574 0.23698 -0.18301 0.10622 -0.21832 0.24198 -0.58803 0.22934 -0.10362 0.040237 -0.43267 0.017122 0.075168 -0.43953 -0.11278 0.11983 -0.75682 -0.040695 0.13045 -0.7637 -0.12794 0.065384 -0.83142 -0.012642 0.072676 -0.83179 0.065001 -0.035218 0.59911
-0.069068 0.01664 0.33106 0.16989 -0.016144 0.27155 0.071925 -0.026328 0.40199 0.0092958 -0.003585 0.067869 -0.05769 0.00053177 -0.047609 0.047109 0.00053177 -0.058099 -0.17991 0.083505 0.098914 0.2337 -0.27373 0.28636 -0.17836 0.094354 -0.13783 0.2409 -0.505 0.23508 -0.18145 0.1062 -0.21962 0.24102 -0.58735 0.22742 -0.10369 0.040147 -0.43265 0.017048 0.07519 -0.4395 -0.11291 0.11973 -0.7568 -0.040822 0.13041 -0.76368 -0.12806 0.06528 -0.83141 -0.012709 0.072668 -0.83177 0.064456 -0.035007 0.59893
-0.067756 0.016192 0.32991 0.16842 -0.016113 0.26967 0.072816 -0.026557 0.40182 0.0093486 -0.0035808 0.067862 -0.057707 0.0005176 -0.047588 0.047123 0.0005176 -0.058088 -0.17856 0.083368 0.097841 0.23298 -0.27317 0.28637 -0.17713 0.094153 -0.13891 0.24049 -0.50393 0.23306 -0.18008 0.10621 -0.22067 0.24052 -0.5864 0.22578 -0.10375 0.040057 -0.43263 0.016973 0.075214 -0.43947 -0.11303 0.11963 -0.75678 -0.040951 0.13036 -0.76365 -0.12819 0.065179 -0.83139 -0.012775 0.072661 -0.83175 0.063971 -0.034781 0.59874
-0.066651 0.015792 0.32901 0.16711 -0.016071 0.26804 0.073597 -0.026787 0.40166 0.0094057 -0.0035798 0.067855 -0.057725 0.00050357 -0.047567 0.047137 0.00050357 -0.058077 -0.17744 0.083203 0.097003 0.23262 -0.27251 0.28658 -0.1761 0.093966 -0.13974 0.24054 -0.50269 0.23103 -0.17892 0.10626 -0.22147 0.24035 -0.58531 0.22455 -0.10382 0.039969 -0.43262 0.016899 0.075239 -0.43945 -0.11316 0.11953 -0.75676 -0.041079 0.13032 -0.76363 -0.12833 0.065083 -0.83137 -0.012842 0.072657 -0.83174 0.063572 -0.034546 0.59858
-0.065778 0.015456 0.32835 0.16599 -0.016016 0.26669 0.074235 -0.026995 0.40153 0.0094651 -0.0035814 0.067846 -0.057741 0.00049031 -0.047548 0.04715 0.00049031 -0.058066 -0.17657 0.083049 0.096389 0.23262 -0.27183 0.28676 -0.1753 0.093811 -0.14036 0.24086 -0.50146 0.22915 -0.17801 0.10637 -0.22205 0.24033 -0.58422 0.22389 -0.10388 0.039884 -0.4326 0.016825 0.075264 -0.43942 -0.11329 0.11944 -0.75675 -0.041206 0.13027 -0.76361 -0.12848 0.064991 -0.83135 -0.012907 0.072655 -0.83173 0.063287 -0.034314 0.59843
-0.065164 0.015203 0.32791 0.16506 -0.015944 0.26565 0.074694 -0.027158 0.40143 0.009525 -0.0035849 0.067838 -0.057755 0.00047845 -0.047531 0.047163 0.00047845 -0.058055 -0.17595 0.082944 0.095988 0.23298 -0.27121 0.28671 -0.17476 0.093705 -0.14076 0.24124 -0.50044 0.22755 -0.17734 0.10656 -0.2224 0.24028 -0.5833 0.22395 -0.10395 0.039803 -0.43258 0.016753 0.075289 -0.4394 -0.11341 0.11935 -0.75673 -0.041329 0.13023 -0.76359 -0.12865 0.064906 -0.83133 -0.01297 0.072654 -0.83172 0.063141 -0.03409 0.59832
-0.064836 0.015052 0.32767 0.16433 -0.015853 0.26496 0.074941 -0.027253 0.40138 0.0095834 -0.0035899 0.067829 -0.057766 0.00046859 -0.047517 0.047177 0.00046859 -0.058045 -0.17561 0.082927 0.095788 0.2337 -0.27073 0.2862 -0.17449 0.093666 -0.14096 0.24148 -0.49981 0.2264 -0.17695 0.10685 -0.22256 0.24002 -0.5827 0.22487 -0.10402 0.039728 -0.43257 0.016682 0.075312 -0.43937 -0.11354 0.11926 -0.75672 -0.041447 0.13019 -0.76356 -0.12883 0.064827 -0.83131 -0.013031 0.072656 -0.83171 0.06316 -0.033886 0.59825
-0.06482 0.015021 0.32764 0.16383 -0.015741 0.26464 0.074942 -0.027257 0.40137 0.0096384 -0.0035956 0.067821 -0.057774 0.00046137 -0.047508 0.04719 0.00046137 -0.058034 -0.17556 0.083038 0.095778 0.23477 -0.27047 0.28502 -0.17452 0.093712 -0.14097 0.2414 -0.49976 0.22583 -0.17685 0.10726 -0.22252 0.23939 -0.58258 0.22681 -0.1041 0.03966 -0.43256 0.016613 0.075333 -0.43935 -0.11366 0.11919 -0.75671 -0.041557 0.13015 -0.76354 -0.12902 0.064755 -0.83129 -0.013088 0.072659 -0.8317 0.063372 -0.033708 0.59824
-0.065142 0.015127 0.32779 0.16356 -0.015604 0.26474 0.074663 -0.027147 0.40143 0.009688 -0.0036016 0.067814 -0.057776 0.00045741 -0.047505 0.047204 0.00045741 -0.058023 -0.17582 0.083314 0.095947 0.2362 -0.2705 0.28294 -0.17488 0.093862 -0.14082 0.24077 -0.50049 0.226 -0.17706 0.10781 -0.2223 0.23821 -0.58308 0.22991 -0.10419 0.039599 -0.43255 0.016546 0.075351 -0.43933 -0.11379 0.11912 -0.7567 -0.041658 0.13011 -0.76353 -0.12923 0.06469 -0.83127 -0.01314 0.072665 -0.8317 0.063801 -0.033567 0.5983
-0.06582 0.015383 0.32811 0.16352 -0.015443 0.26527 0.074079 -0.026905 0.40155 0.0097306 -0.0036072 0.067807 -0.057773 0.00045717 -0.047509 0.047217 0.00045717 -0.058012 -0.17641 0.083783 0.096279 0.238 -0.27086 0.27978 -0.17557 0.094127 -0.1405 0.23948 -0.50209 0.22705 -0.1776 0.10851 -0.22192 0.23636 -0.58429 0.2343 -0.10428 0.039548 -0.43254 0.016481 0.075365 -0.43931 -0.11392 0.11906 -0.7567 -0.041748 0.13008 -0.76351 -0.12946 0.064634 -0.83124 -0.013187 0.072673 -0.8317 0.064464 -0.033471 0.59844
-0.066808 0.015754 0.32856 0.16369 -0.015258 0.26616 0.073229 -0.026542 0.40173 0.0097664 -0.0036124 0.067802 -0.057766 0.00045994 -0.047518 0.047231 0.00045994 -0.058 -0.17728 0.084375 0.096741 0.24035 -0.27126 0.27555 -0.17656 0.094492 -0.14006 0.23782 -0.50408 0.22902 -0.17843 0.1093 -0.22141 0.2341 -0.58573 0.23992 -0.10438 0.039506 -0.43255 0.016421 0.075377 -0.43929 -0.11405 0.11901 -0.7567 -0.041827 0.13005 -0.76349 -0.12969 0.064587 -0.83123 -0.013229 0.072682 -0.8317 0.0653 -0.033436 0.59864
-0.068034 0.016181 0.32911 0.164 -0.015057 0.26732 0.072183 -0.026088 0.40195 0.0097963 -0.0036172 0.067797 -0.057754 0.00046452 -0.047532 0.047245 0.00046452 -0.057989 -0.1784 0.084981 0.097288 0.24351 -0.27124 0.27036 -0.17778 0.094924 -0.13953 0.23631 -0.50572 0.23191 -0.17952 0.1101 -0.22083 0.23185 -0.58665 0.24662 -0.10449 0.039471 -0.43255 0.016368 0.075389 -0.43927 -0.11418 0.11897 -0.7567 -0.041895 0.13002 -0.76348 -0.12993 0.064548 -0.83121 -0.013266 0.072691 -0.83171 0.066218 -0.033484 0.59888
-0.069422 0.016609 0.32972 0.1644 -0.014845 0.26865 0.071007 -0.025568 0.4022 0.0098214 -0.0036218 0.067794 -0.05774 0.00046967 -0.047549 0.047259 0.00046967 -0.057978 -0.17971 0.085489 0.097876 0.24774 -0.27036 0.26429 -0.17918 0.095392 -0.13895 0.23547 -0.50624 0.23572 -0.18079 0.11082 -0.22021 0.23005 -0.58631 0.25427 -0.10459 0.039443 -0.43256 0.016325 0.075402 -0.43925 -0.11431 0.11894 -0.75671 -0.041953 0.12999 -0.76347 -0.13016 0.064519 -0.8312 -0.013298 0.0727 -0.83171 0.067122 -0.033633 0.59915
-0.070898 0.01698 0.33034 0.16482 -0.014628 0.27004 0.069772 -0.025011 0.40247 0.0098428 -0.0036263 0.06779 -0.057725 0.00047417 -0.047568 0.047271 0.00047417 -0.057967 -0.18115 0.085789 0.09846 0.25327 -0.26815 0.25746 -0.18068 0.095864 -0.13836 0.2358 -0.50488 0.24044 -0.18221 0.11138 -0.21961 0.22912 -0.58397 0.26271 -0.1047 0.03942 -0.43256 0.016293 0.075418 -0.43924 -0.11443 0.11891 -0.75672 -0.042 0.12997 -0.76345 -0.13037 0.0645 -0.83119 -0.013325 0.072707 -0.83171 0.067919 -0.033902 0.59943
-0.072388 0.017237 0.33093 0.1652 -0.014411 0.2714 0.068546 -0.024443 0.40273 0.0098613 -0.0036306 0.067787 -0.057709 0.00047678 -0.047586 0.047283 0.00047678 -0.057958 -0.18269 0.08577 0.098997 0.26038 -0.26418 0.24996 -0.18223 0.096309 -0.1378 0.23782 -0.50091 0.2461 -0.18373 0.11169 -0.21906 0.22951 -0.5789 0.2718 -0.1048 0.039401 -0.43257 0.016276 0.075439 -0.43922 -0.11454 0.11889 -0.75672 -0.042037 0.12996 -0.76344 -0.13055 0.064491 -0.83119 -0.013349 0.072712 -0.83171 0.068516 -0.034313 0.59969
-0.073819 0.017324 0.33146 0.16549 -0.0142 0.27262 0.067396 -0.023893 0.40297 0.0098782 -0.003635 0.067785 -0.057695 0.0004763 -0.047603 0.047293 0.0004763 -0.05795 -0.18426 0.085322 0.099441 0.26931 -0.258 0.2419 -0.18375 0.096694 -0.1373 0.24205 -0.49355 0.25268 -0.18528 0.11166 -0.21863 0.23164 -0.57035 0.28139 -0.10489 0.039386 -0.43257 0.016276 0.075467 -0.43921 -0.11464 0.11888 -0.75673 -0.042065 0.12994 -0.76343 -0.1307 0.064492 -0.83119 -0.013368 0.072714 -0.83171 0.068819 -0.034883 0.59991
-0.075118 0.017185 0.33188 0.16563 -0.014 0.27362 0.066391 -0.023386 0.40318 0.0098943 -0.0036394 0.067782 -0.057684 0.00047155 -0.047617 0.047301 0.00047155 -0.057943 -0.18581 0.084338 0.09975 0.28029 -0.24917 0.23339 -0.18519 0.096989 -0.1369 0.24897 -0.48209 0.26017 -0.18684 0.11121 -0.21834 0.23592 -0.55762 0.29134 -0.10497 0.039374 -0.43258 0.016296 0.075504 -0.43919 -0.11473 0.11887 -0.75673 -0.042083 0.12993 -0.76341 -0.1308 0.064505 -0.8312 -0.013383 0.072711 -0.8317 0.068737 -0.035632 0.60007
-0.076268 0.016806 0.33219 0.16562 -0.013811 0.27437 0.065544 -0.022933 0.40336 0.0099095 -0.0036445 0.067779 -0.057675 0.00046298 -0.047628 0.047309 0.00046298 -0.057937 -0.18733 0.082805 0.099916 0.29314 -0.23774 0.22457 -0.18652 0.097177 -0.13661 0.25843 -0.46652 0.26845 -0.18836 0.11032 -0.21821 0.24226 -0.54067 0.30153 -0.10504 0.039366 -0.43258 0.016336 0.075549 -0.43918 -0.11481 0.11888 -0.75673 -0.042088 0.12993 -0.7634 -0.13086 0.064532 -0.83123 -0.013393 0.072705 -0.83169 0.068259 -0.036562 0.60018
-0.077304 0.016215 0.33241 0.16549 -0.013622 0.27494 0.064819 -0.022528 0.40351 0.0099225 -0.0036511 0.067777 -0.057668 0.00045262 -0.047637 0.047319 0.00045262 -0.057929 -0.18882 0.080806 0.099963 0.30724 -0.2242 0.21569 -0.18777 0.097256 -0.13641 0.26964 -0.44754 0.27725 -0.18985 0.10904 -0.2182 0.25005 -0.52019 0.31185 -0.1051 0.039369 -0.43258 0.016397 0.075598 -0.43917 -0.11486 0.11889 -0.75672 -0.042074 0.12993 -0.76339 -0.13088 0.06458 -0.83125 -0.013395 0.072695 -0.83167 0.067455 -0.037655 0.60022
-0.078265 0.01544 0.33256 0.16529 -0.013426 0.2754 0.064177 -0.022163 0.40363 0.009932 -0.0036601 0.067775 -0.057661 0.00044257 -0.047645 0.047332 0.00044257 -0.057918 -0.19028 0.078426 0.099917 0.32193 -0.2091 0.20696 -0.18894 0.097222 -0.13627 0.2818 -0.4259 0.28629 -0.19132 0.10742 -0.21826 0.25867 -0.49688 0.3222 -0.10515 0.039389 -0.43258 0.016479 0.075649 -0.43915 -0.11489 0.11893 -0.75672 -0.042034 0.12994 -0.76337 -0.13087 0.064657 -0.83128 -0.013384 0.072683 -0.83165 0.066396 -0.038894 0.60022
-0.079189 0.01451 0.33267 0.16508 -0.013213 0.27582 0.063579 -0.02183 0.40375 0.0099367 -0.0036724 0.067774 -0.057654 0.00043492 -0.047654 0.047352 0.00043492 -0.057902 -0.19171 0.075751 0.099804 0.3366 -0.19297 0.1986 -0.19007 0.097075 -0.13617 0.29409 -0.40231 0.29529 -0.19277 0.10551 -0.21835 0.26751 -0.47142 0.33248 -0.10519 0.039431 -0.43257 0.016583 0.075698 -0.43913 -0.11489 0.11901 -0.75671 -0.041961 0.12996 -0.76335 -0.13084 0.064769 -0.83131 -0.013359 0.072671 -0.83162 0.065155 -0.040263 0.60018
-0.080115 0.013455 0.33276 0.1649 -0.012974 0.27628 0.062986 -0.021524 0.40385 0.0099353 -0.003689 0.067773 -0.057646 0.00043177 -0.047664 0.04738 0.00043177 -0.057879 -0.19313 0.072867 0.099651 0.35059 -0.17632 0.19084 -0.19117 0.096811 -0.13609 0.30571 -0.37753 0.30398 -0.19421 0.10335 -0.21844 0.27593 -0.44452 0.34258 -0.10521 0.039501 -0.43257 0.016708 0.075741 -0.4391 -0.11485 0.11911 -0.7567 -0.041849 0.13 -0.76332 -0.13079 0.064922 -0.83133 -0.013315 0.072658 -0.83158 0.063803 -0.041744 0.6001
-0.08108 0.012303 0.33285 0.1648 -0.012702 0.27685 0.062359 -0.021236 0.40396 0.0099263 -0.0037106 0.067773 -0.057635 0.00043523 -0.047677 0.04742 0.00043523 -0.057847 -0.19454 0.06986 0.099484 0.36327 -0.15969 0.18391 -0.19226 0.09643 -0.13599 0.31583 -0.35228 0.31209 -0.19562 0.101 -0.21849 0.28331 -0.41688 0.35241 -0.10523 0.039606 -0.43257 0.016855 0.075776 -0.43907 -0.11477 0.11927 -0.75669 -0.041691 0.13005 -0.76329 -0.13074 0.065125 -0.83135 -0.013248 0.072647 -0.83153 0.062413 -0.04332 0.6
-0.082123 0.011083 0.33298 0.16482 -0.012385 0.27759 0.061659 -0.020959 0.40408 0.0099086 -0.0037382 0.067774 -0.057621 0.00044739 -0.047694 0.047473 0.00044739 -0.057803 -0.19593 0.066816 0.099329 0.374 -0.1436 0.17802 -0.19336 0.095928 -0.13587 0.32365 -0.32731 0.31935 -0.19703 0.098499 -0.21845 0.28905 -0.3892 0.36185 -0.10523 0.039751 -0.43257 0.017023 0.075798 -0.43904 -0.11465 0.11947 -0.75668 -0.041481 0.13012 -0.76325 -0.1307 0.065383 -0.83136 -0.013157 0.072638 -0.83148 0.061057 -0.044973 0.59987
-0.083264 0.0098228 0.33315 0.16499 -0.012017 0.27854 0.060864 -0.02069 0.40421 0.0098814 -0.0037724 0.067776 -0.057603 0.00046976 -0.047715 0.04754 0.00046976 -0.057747 -0.19732 0.063812 0.099205 0.38241 -0.12839 0.17331 -0.19449 0.095314 -0.13569 0.32872 -0.30312 0.32559 -0.19843 0.095911 -0.21829 0.29278 -0.36202 0.37081 -0.10522 0.03994 -0.43258 0.017212 0.075805 -0.43899 -0.11447 0.11973 -0.75667 -0.041214 0.1302 -0.76321 -0.13066 0.0657 -0.83137 -0.013039 0.072633 -0.83142 0.059782 -0.046685 0.59974
-0.084485 0.0085431 0.33336 0.16529 -0.011585 0.2797 0.05999 -0.020432 0.40435 0.0098452 -0.0038129 0.067779 -0.057581 0.00050252 -0.047741 0.047621 0.00050252 -0.05768 -0.19869 0.060902 0.099117 0.38872 -0.11394 0.16963 -0.19561 0.094618 -0.13548 0.33142 -0.27973 0.33091 -0.19979 0.093303 -0.21805 0.29482 -0.33555 0.37917 -0.1052 0.040171 -0.43258 0.01742 0.0758 -0.43894 -0.11425 0.12005 -0.75666 -0.040896 0.13031 -0.76316 -0.13062 0.066073 -0.83136 -0.012897 0.07263 -0.83135 0.058586 -0.048432 0.59959
-0.08576 0.0072654 0.33361 0.1657 -0.01108 0.28102 0.059056 -0.020188 0.40449 0.0098009 -0.0038591 0.067783 -0.057556 0.00054569 -0.04777 0.047716 0.00054569 -0.057601 -0.20001 0.058141 0.099064 0.39321 -0.10006 0.16685 -0.19673 0.093873 -0.13523 0.33224 -0.25709 0.33546 -0.20111 0.090747 -0.21773 0.29553 -0.30997 0.38682 -0.10517 0.04044 -0.43259 0.017646 0.075782 -0.43889 -0.11399 0.12041 -0.75665 -0.04053 0.13043 -0.76311 -0.13058 0.066497 -0.83134 -0.012733 0.07263 -0.83127 0.057457 -0.050191 0.59943
-0.087066 0.006011 0.33389 0.1662 -0.010491 0.28248 0.058084 -0.019964 0.40465 0.0097493 -0.0039107 0.067788 -0.057529 0.00059927 -0.047802 0.047821 0.00059927 -0.057513 -0.20129 0.05558 0.099049 0.39619 -0.086585 0.1648 -0.19781 0.093111 -0.13495 0.33164 -0.23514 0.33936 -0.20237 0.088315 -0.21737 0.29531 -0.28541 0.39365 -0.10513 0.040745 -0.4326 0.017886 0.075754 -0.43883 -0.11369 0.12081 -0.75664 -0.040123 0.13057 -0.76305 -0.13053 0.066967 -0.83133 -0.01255 0.072632 -0.83119 0.056384 -0.051936 0.59927
-0.088377 0.0048011 0.33419 0.16676 -0.0098083 0.28404 0.057094 -0.019763 0.4048 0.009691 -0.0039673 0.067793 -0.0575 0.00066327 -0.047836 0.047938 0.00066327 -0.057415 -0.2025 0.053274 0.099074 0.39796 -0.073334 0.16333 -0.19885 0.092366 -0.13466 0.33013 -0.21383 0.34275 -0.20355 0.08608 -0.21697 0.29451 -0.26206 0.39953 -0.10507 0.041083 -0.4326 0.018139 0.075716 -0.43876 -0.11335 0.12125 -0.75663 -0.039679 0.13072 -0.76298 -0.13047 0.067481 -0.83131 -0.012352 0.072637 -0.8311 0.055355 -0.053645 0.59911
-0.089668 0.0036567 0.3345 0.16736 -0.0090212 0.28569 0.056106 -0.019589 0.40495 0.0096269 -0.0040284 0.067798 -0.05747 0.0007377 -0.047871 0.048064 0.0007377 -0.057309 -0.20363 0.051275 0.099139 0.3988 -0.060128 0.16229 -0.19982 0.091671 -0.13437 0.32818 -0.19312 0.34576 -0.20463 0.084112 -0.21657 0.29354 -0.24007 0.40436 -0.10501 0.041452 -0.43261 0.018402 0.07567 -0.43869 -0.11297 0.12172 -0.75662 -0.039203 0.13089 -0.76291 -0.13039 0.068032 -0.83128 -0.012141 0.072644 -0.831 0.05436 -0.055293 0.59894
-0.090917 0.0025992 0.33483 0.16798 -0.0081196 0.28738 0.05514 -0.019448 0.40509 0.0095578 -0.0040936 0.067804 -0.057439 0.00082257 -0.047907 0.048198 0.00082257 -0.057195 -0.20466 0.049636 0.099246 0.39902 -0.04679 0.16152 -0.2007 0.091059 -0.13407 0.32627 -0.17295 0.34853 -0.2056 0.082484 -0.21618 0.29276 -0.21961 0.40803 -0.10493 0.041847 -0.43262 0.018674 0.075618 -0.43861 -0.11256 0.12223 -0.75661 -0.0387 0.13106 -0.76284 -0.13028 0.068616 -0.83127 -0.011919 0.072653 -0.8309 0.053387 -0.056856 0.59877
-0.092101 0.0016457 0.33516 0.16859 -0.0070989 0.28909 0.054214 -0.019342 0.40522 0.0094841 -0.0041627 0.067811 -0.057407 0.000918 -0.047944 0.04834 0.000918 -0.057074 -0.20559 0.048397 0.099396 0.39888 -0.0332 0.16089 -0.20149 0.090557 -0.13379 0.32482 -0.15332 0.35116 -0.20645 0.081253 -0.21582 0.2925 -0.20083 0.41045 -0.10484 0.042269 -0.43263 0.018953 0.07556 -0.43853 -0.11211 0.12275 -0.75661 -0.038174 0.13125 -0.76276 -0.13014 0.069232 -0.83125 -0.01169 0.072663 -0.83079 0.052425 -0.058316 0.5986
-0.093222 0.00079211 0.33549 0.16919 -0.0059879 0.29082 0.053326 -0.019274 0.40534 0.0094054 -0.0042362 0.067817 -0.057374 0.0010246 -0.047982 0.04849 0.0010246 -0.056946 -0.20642 0.047528 0.09958 0.39847 -0.019557 0.16036 -0.20218 0.090164 -0.13351 0.32387 -0.13452 0.35361 -0.20718 0.080389 -0.2155 0.29274 -0.18382 0.41177 -0.10474 0.042721 -0.43264 0.019241 0.075494 -0.43845 -0.11162 0.12331 -0.7566 -0.037617 0.13144 -0.76268 -0.12996 0.069885 -0.83123 -0.011449 0.072675 -0.83068 0.051468 -0.059682 0.59843
-0.094288 2.716e-05 0.33581 0.16976 -0.0048265 0.29254 0.052468 -0.019246 0.40545 0.0093206 -0.0043148 0.067824 -0.057339 0.0011433 -0.048022 0.048647 0.0011433 -0.056811 -0.20715 0.046976 0.099788 0.39784 -0.0061655 0.15994 -0.20277 0.089868 -0.13326 0.32332 -0.11696 0.35577 -0.2078 0.079837 -0.21522 0.29338 -0.16865 0.41217 -0.10462 0.04321 -0.43265 0.019545 0.075418 -0.43836 -0.11109 0.12391 -0.75659 -0.037019 0.13165 -0.7626 -0.12975 0.070588 -0.83122 -0.011192 0.072689 -0.83056 0.050507 -0.060974 0.59827
-0.095308 -0.00066045 0.33612 0.1703 -0.0036542 0.29425 0.051633 -0.019262 0.40556 0.0092288 -0.0043994 0.067831 -0.057299 0.0012749 -0.048067 0.048811 0.0012749 -0.056667 -0.20782 0.046686 0.10001 0.39701 0.0066685 0.15961 -0.20329 0.089659 -0.13302 0.32307 -0.10101 0.35753 -0.20832 0.079538 -0.21496 0.29429 -0.15541 0.41187 -0.10447 0.043743 -0.43267 0.019868 0.075327 -0.43827 -0.11049 0.12456 -0.75659 -0.036369 0.13186 -0.76251 -0.12949 0.07135 -0.83122 -0.010914 0.072704 -0.83044 0.049536 -0.062209 0.5981
-0.09629 -0.001282 0.33642 0.17079 -0.002511 0.29595 0.050813 -0.019322 0.40565 0.0091289 -0.0044908 0.067839 -0.057254 0.0014201 -0.048116 0.048984 0.0014201 -0.056514 -0.20842 0.046605 0.10024 0.39604 0.01864 0.15938 -0.20373 0.089525 -0.1328 0.32304 -0.087087 0.35878 -0.20876 0.079438 -0.21474 0.29537 -0.14416 0.41106 -0.10429 0.044326 -0.43268 0.020216 0.075219 -0.43818 -0.10981 0.12526 -0.75658 -0.035657 0.13209 -0.76243 -0.12919 0.072182 -0.83121 -0.010611 0.07272 -0.83032 0.048548 -0.063408 0.59793
-0.097242 -0.0018489 0.3367 0.17124 -0.0014365 0.29762 0.05 -0.019428 0.40575 0.0090199 -0.0045897 0.067847 -0.057202 0.00158 -0.048172 0.049164 0.00158 -0.056353 -0.20897 0.04668 0.10046 0.39495 0.029444 0.15924 -0.2041 0.089456 -0.1326 0.32313 -0.075569 0.35944 -0.20913 0.079478 -0.21455 0.29651 -0.13499 0.40994 -0.10408 0.044968 -0.4327 0.020593 0.075092 -0.43809 -0.10905 0.12602 -0.75658 -0.034871 0.13234 -0.76234 -0.12883 0.073095 -0.83121 -0.010278 0.072738 -0.8302 0.047536 -0.064589 0.59777
-0.098173 -0.0023722 0.33695 0.17162 -0.00047047 0.29925 0.049186 -0.019584 0.40583 0.0089008 -0.004697 0.067855 -0.057143 0.0017552 -0.048235 0.049352 0.0017552 -0.056182 -0.20949 0.046856 0.10066 0.39378 0.038775 0.15919 -0.20442 0.089439 -0.13243 0.32325 -0.066854 0.35938 -0.20944 0.079602 -0.21439 0.29757 -0.12796 0.40872 -0.10383 0.045673 -0.43273 0.021004 0.074941 -0.438 -0.1082 0.12686 -0.75658 -0.034003 0.13259 -0.76225 -0.12842 0.0741 -0.8312 -0.0099092 0.072757 -0.83008 0.046492 -0.065772 0.5976
-0.099091 -0.0028629 0.33718 0.17194 0.00034898 0.30085 0.048365 -0.019791 0.40592 0.0087708 -0.0048134 0.067863 -0.057075 0.0019465 -0.048308 0.049549 0.0019465 -0.056 -0.20999 0.047082 0.10084 0.39257 0.046344 0.15924 -0.20468 0.089464 -0.13228 0.3233 -0.061303 0.35852 -0.2097 0.079755 -0.21425 0.29846 -0.12315 0.40759 -0.10354 0.046449 -0.43276 0.021453 0.074764 -0.43791 -0.10724 0.12778 -0.75658 -0.033042 0.13286 -0.76216 -0.12795 0.075206 -0.8312 -0.0095014 0.072777 -0.82996 0.04541 -0.066973 0.59743
-0.099998 -0.0033234 0.33738 0.1722 0.0010101 0.30239 0.047534 -0.020044 0.406 0.0086305 -0.0049381 0.067872 -0.056998 0.0021517 -0.048389 0.049752 0.0021517 -0.055811 -0.21047 0.047336 0.10099 0.39135 0.052119 0.15937 -0.2049 0.089524 -0.13216 0.32326 -0.058809 0.35692 -0.20992 0.079917 -0.21414 0.29914 -0.12042 0.40662 -0.1032 0.04729 -0.4328 0.021938 0.074562 -0.43781 -0.10618 0.12877 -0.75659 -0.031992 0.13315 -0.76208 -0.12742 0.076406 -0.8312 -0.0090566 0.072798 -0.82984 0.044293 -0.068195 0.59727
-0.10089 -0.0037497 0.33755 0.17239 0.0015211 0.30388 0.046699 -0.020336 0.40608 0.0084816 -0.0050692 0.06788 -0.056914 0.0023662 -0.048477 0.049959 0.0023662 -0.055615 -0.21093 0.047621 0.10111 0.39013 0.056261 0.15956 -0.20508 0.089613 -0.13206 0.32313 -0.058906 0.35474 -0.21011 0.080093 -0.21405 0.2996 -0.11951 0.40578 -0.10283 0.048183 -0.43284 0.022451 0.07434 -0.43772 -0.10504 0.12981 -0.7566 -0.030872 0.13344 -0.76199 -0.12685 0.077684 -0.8312 -0.0085819 0.072819 -0.82972 0.04315 -0.069425 0.5971
-0.10177 -0.0041379 0.33771 0.17253 0.001891 0.30531 0.045862 -0.020657 0.40616 0.0083261 -0.0052047 0.067889 -0.056824 0.0025858 -0.04857 0.050168 0.0025858 -0.055417 -0.21137 0.047939 0.10122 0.38894 0.058937 0.1598 -0.20524 0.089729 -0.13198 0.32292 -0.061118 0.35217 -0.21027 0.080289 -0.21398 0.29987 -0.12015 0.40505 -0.10243 0.049115 -0.43288 0.022984 0.074099 -0.43763 -0.10383 0.1309 -0.7566 -0.029697 0.13374 -0.76191 -0.12623 0.079019 -0.8312 -0.0080848 0.072839 -0.82961 0.041989 -0.070651 0.59693
-0.10264 -0.0044837 0.33785 0.17261 0.0021284 0.30669 0.045027 -0.021 0.40623 0.0081657 -0.0053428 0.067898 -0.05673 0.0028059 -0.048667 0.050374 0.0028059 -0.055218 -0.21181 0.048292 0.10132 0.38781 0.060316 0.16006 -0.20537 0.089866 -0.13192 0.32263 -0.064967 0.34939 -0.2104 0.080512 -0.21393 0.29996 -0.12206 0.40439 -0.10201 0.050071 -0.43293 0.02353 0.073846 -0.43755 -0.10257 0.13202 -0.75661 -0.028485 0.13403 -0.76183 -0.12559 0.080393 -0.8312 -0.0075726 0.072857 -0.8295 0.04082 -0.071859 0.59677
-0.10349 -0.0047833 0.33798 0.17265 0.0022424 0.308 0.044199 -0.021355 0.4063 0.0080023 -0.0054816 0.067907 -0.056634 0.003022 -0.048767 0.050577 0.003022 -0.055022 -0.21222 0.048684 0.1014 0.38674 0.060564 0.16035 -0.20548 0.090021 -0.13187 0.32228 -0.069977 0.34656 -0.21052 0.080767 -0.21389 0.29987 -0.12499 0.40378 -0.10157 0.051038 -0.43298 0.02408 0.073582 -0.43746 -0.10128 0.13315 -0.75662 -0.027252 0.13432 -0.76175 -0.12492 0.081788 -0.83121 -0.0070527 0.072873 -0.82939 0.039653 -0.073039 0.59662
-0.10432 -0.0050324 0.3381 0.17265 0.0022416 0.30924 0.043382 -0.021715 0.40637 0.0078376 -0.005619 0.067915 -0.056537 0.0032298 -0.048868 0.050772 0.0032298 -0.054832 -0.21263 0.049116 0.10149 0.38576 0.059849 0.16062 -0.20558 0.090187 -0.13182 0.32188 -0.075673 0.34388 -0.21062 0.081061 -0.21386 0.29961 -0.12865 0.4032 -0.10112 0.052001 -0.43303 0.024628 0.073313 -0.43739 -0.099979 0.13427 -0.75663 -0.026014 0.1346 -0.76168 -0.12424 0.083184 -0.83121 -0.0065325 0.072886 -0.82929 0.038497 -0.074176 0.59647
-0.10513 -0.0052271 0.33823 0.17262 0.002135 0.31041 0.042579 -0.022069 0.40643 0.0076736 -0.0057532 0.067923 -0.05644 0.0034247 -0.048968 0.050958 0.0034247 -0.05465 -0.21303 0.049591 0.10157 0.38489 0.058338 0.16088 -0.20569 0.090363 -0.13178 0.32143 -0.081576 0.34152 -0.21071 0.081399 -0.21384 0.29921 -0.13278 0.40261 -0.10066 0.052949 -0.43307 0.025164 0.073042 -0.43732 -0.098681 0.13537 -0.75663 -0.02479 0.13487 -0.76162 -0.12355 0.084562 -0.83121 -0.0060193 0.072895 -0.8292 0.03736 -0.07526 0.59632
-0.10592 -0.0053633 0.33835 0.17255 0.0019314 0.31151 0.041795 -0.022411 0.4065 0.0075121 -0.0058822 0.067931 -0.056346 0.0036024 -0.049066 0.051131 0.0036024 -0.05448 -0.21341 0.050112 0.10167 0.38414 0.056198 0.16111 -0.20579 0.090542 -0.13173 0.32094 -0.087212 0.33965 -0.2108 0.081788 -0.21382 0.29866 -0.13711 0.40199 -0.1002 0.053866 -0.43312 0.025682 0.072773 -0.43725 -0.097405 0.13644 -0.75664 -0.023596 0.13512 -0.76156 -0.12287 0.085905 -0.83121 -0.0055207 0.072899 -0.82912 0.036253 -0.076276 0.59619
-0.10669 -0.0054369 0.33848 0.17247 0.0016396 0.31253 0.041032 -0.02273 0.40656 0.0073548 -0.0060041 0.067938 -0.056255 0.0037582 -0.04916 0.051289 0.0037582 -0.054324 -0.21378 0.050682 0.10177 0.38355 0.053597 0.16127 -0.20591 0.09072 -0.13169 0.32042 -0.092104 0.33846 -0.21089 0.082234 -0.2138 0.29799 -0.14136 0.4013 -0.099749 0.054739 -0.43316 0.026174 0.07251 -0.43719 -0.096166 0.13745 -0.75664 -0.022448 0.13535 -0.76151 -0.1222 0.087193 -0.83121 -0.0050439 0.072898 -0.82904 0.035184 -0.077214 0.59607
-0.10743 -0.0054438 0.33863 0.17237 0.0012684 0.31347 0.040296 -0.02302 0.40661 0.0072036 -0.006117 0.067945 -0.05617 0.0038879 -0.049249 0.051429 0.0038879 -0.054184 -0.21415 0.051302 0.10189 0.38313 0.050702 0.16137 -0.20606 0.090894 -0.13163 0.31988 -0.095774 0.33812 -0.21098 0.082743 -0.21378 0.2972 -0.14527 0.40053 -0.09931 0.055554 -0.4332 0.026631 0.072256 -0.43714 -0.094984 0.1384 -0.75664 -0.021363 0.13555 -0.76147 -0.12154 0.088407 -0.83121 -0.0045964 0.07289 -0.82898 0.034162 -0.078059 0.59596
-0.10815 -0.00538 0.33878 0.17225 0.00082674 0.31432 0.03959 -0.02327 0.40667 0.0070604 -0.006219 0.067951 -0.056091 0.0039869 -0.049332 0.051548 0.0039869 -0.054065 -0.21451 0.051976 0.10204 0.3829 0.04768 0.16138 -0.20622 0.091058 -0.13157 0.31933 -0.097748 0.33881 -0.21109 0.083321 -0.21376 0.2963 -0.14856 0.39964 -0.098889 0.056298 -0.43323 0.027046 0.072016 -0.4371 -0.093876 0.13926 -0.75664 -0.020359 0.13572 -0.76144 -0.12092 0.089529 -0.83121 -0.0041855 0.072876 -0.82892 0.033198 -0.078801 0.59586
-0.10884 -0.0052415 0.33896 0.17213 0.00032341 0.31509 0.038918 -0.023474 0.40672 0.006927 -0.006308 0.067957 -0.056021 0.0040508 -0.049406 0.051644 0.0040508 -0.053968 -0.21486 0.052706 0.10221 0.38288 0.044699 0.16129 -0.20643 0.091209 -0.13149 0.31878 -0.097548 0.3407 -0.21121 0.083974 -0.21373 0.2953 -0.15096 0.39861 -0.098493 0.056957 -0.43326 0.027411 0.071793 -0.43707 -0.092858 0.14002 -0.75663 -0.019452 0.13586 -0.76141 -0.12033 0.09054 -0.8312 -0.0038186 0.072853 -0.82888 0.032299 -0.079426 0.59578
-0.1095 -0.0050241 0.33917 0.172 -0.00023275 0.31576 0.038284 -0.023621 0.40676 0.0068051 -0.0063823 0.067961 -0.05596 0.004075 -0.04947 0.051713 0.004075 -0.053896 -0.2152 0.053494 0.10241 0.3831 0.041926 0.16108 -0.20667 0.091342 -0.13139 0.31823 -0.094698 0.34398 -0.21135 0.084708 -0.21369 0.29422 -0.15221 0.3974 -0.098127 0.057518 -0.43328 0.027719 0.071592 -0.43706 -0.091948 0.14067 -0.75661 -0.018658 0.13595 -0.7614 -0.11979 0.091421 -0.8312 -0.0035031 0.072822 -0.82885 0.031476 -0.079922 0.59571
-0.11013 -0.0047238 0.3394 0.17189 -0.00083291 0.31634 0.037691 -0.023703 0.40681 0.0066967 -0.0064398 0.067965 -0.055912 0.0040553 -0.049523 0.051754 0.0040553 -0.053853 -0.21554 0.054344 0.10265 0.38356 0.039528 0.16073 -0.20696 0.091453 -0.13127 0.31769 -0.088721 0.34883 -0.21152 0.085529 -0.21363 0.29306 -0.15203 0.396 -0.097798 0.057965 -0.4333 0.027961 0.071416 -0.43705 -0.091164 0.14119 -0.75659 -0.017996 0.136 -0.76141 -0.1193 0.092153 -0.83119 -0.0032464 0.072781 -0.82883 0.030737 -0.080276 0.59566
