-0.099008 -0.025448 0.34235 0.17038 -0.040847 0.29798 0.0511 -0.011625 0.40585 0.010271 -0.0042902 0.067688 -0.058451 -7.9975e-05 -0.046675 0.04821 -7.9975e-05 -0.057191 -0.17463 -0.028716 0.087558 0.38567 -0.19179 0.25905 -0.21122 -0.03172 -0.14658 0.58481 -0.32028 0.26009 -0.23485 0.0087608 -0.21471 0.64402 -0.36775 0.29297 -0.11792 0.059947 -0.42721 0.029137 0.079221 -0.43836 -0.10998 0.11744 -0.75602 0.064821 0.090568 -0.77016 -0.12329 0.055618 -0.82503 0.065797 0.058314 -0.85802 0.052827 -0.002713 0.60291
-0.09787 -0.025036 0.34244 0.17044 -0.042358 0.29715 0.052291 -0.010888 0.40571 0.010488 -0.0041622 0.067661 -0.058692 0.00018488 -0.046375 0.047915 0.00018488 -0.057436 -0.17449 -0.028735 0.087955 0.38777 -0.18965 0.25633 -0.21304 -0.030549 -0.14593 0.58864 -0.31505 0.25424 -0.24374 0.0058291 -0.21224 0.64918 -0.36433 0.28166 -0.11962 0.05911 -0.42684 0.027134 0.080127 -0.43838 -0.11296 0.11726 -0.75558 0.060634 0.092847 -0.77035 -0.12585 0.055305 -0.82453 0.065074 0.061819 -0.85858 0.055347 -0.00085999 0.60269
-0.096944 -0.024634 0.34245 0.17072 -0.042784 0.29653 0.053243 -0.010273 0.4056 0.010647 -0.0040496 0.067643 -0.05883 0.00034646 -0.046203 0.047658 0.00034646 -0.057648 -0.17445 -0.028717 0.088243 0.38945 -0.18723 0.25318 -0.21408 -0.029919 -0.14551 0.59182 -0.31004 0.24894 -0.24958 0.0043368 -0.21042 0.65342 -0.36018 0.27287 -0.12117 0.058385 -0.42658 0.0254 0.080986 -0.43836 -0.11581 0.11723 -0.75522 0.056726 0.094892 -0.7705 -0.12838 0.055169 -0.82413 0.064286 0.065384 -0.85906 0.057437 0.00080454 0.6025
-0.096212 -0.024232 0.3424 0.1712 -0.042236 0.29611 0.053979 -0.0097718 0.40552 0.010755 -0.0039526 0.067632 -0.058877 0.00042153 -0.046145 0.047436 0.00042153 -0.057831 -0.17449 -0.028653 0.08843 0.3907 -0.18456 0.24965 -0.21445 -0.029746 -0.14527 0.59434 -0.30525 0.24413 -0.25272 0.0039991 -0.20921 0.65673 -0.35547 0.26626 -0.12256 0.057778 -0.4264 0.023923 0.081797 -0.43831 -0.11852 0.11734 -0.75493 0.053096 0.09672 -0.7706 -0.13087 0.055211 -0.82382 0.063457 0.068967 -0.85945 0.059139 0.0022836 0.60234
-0.095655 -0.023821 0.34229 0.17183 -0.040827 0.29587 0.054521 -0.0093786 0.40546 0.010816 -0.0038712 0.067627 -0.058844 0.00042685 -0.046185 0.047248 0.00042685 -0.057986 -0.17459 -0.028534 0.08853 0.39154 -0.18165 0.24575 -0.21423 -0.029948 -0.14521 0.59619 -0.30072 0.2397 -0.2535 0.0045315 -0.20857 0.65913 -0.35037 0.26147 -0.12379 0.057296 -0.4263 0.02269 0.08256 -0.43824 -0.12106 0.11761 -0.7547 0.049744 0.098345 -0.77067 -0.13328 0.055431 -0.82358 0.06261 0.072527 -0.85976 0.060494 0.0035801 0.6022
-0.095252 -0.02339 0.34213 0.17257 -0.038667 0.29579 0.054893 -0.0090855 0.40542 0.010838 -0.0038056 0.067628 -0.058744 0.00037916 -0.04631 0.047089 0.00037916 -0.058116 -0.17475 -0.028349 0.088552 0.39197 -0.17849 0.2415 -0.21352 -0.030442 -0.14529 0.59736 -0.29644 0.2356 -0.25228 0.0056492 -0.20845 0.66065 -0.34506 0.25813 -0.12486 0.056944 -0.42627 0.021689 0.083276 -0.43815 -0.12342 0.11802 -0.75454 0.04667 0.099781 -0.7707 -0.13561 0.055831 -0.82341 0.061765 0.076023 -0.86 0.061545 0.0046971 0.60209
-0.094986 -0.02293 0.34194 0.17339 -0.035869 0.29585 0.055116 -0.0088854 0.4054 0.010826 -0.0037557 0.067633 -0.058587 0.00029524 -0.046504 0.046957 0.00029524 -0.058224 -0.17496 -0.02809 0.088508 0.392 -0.17511 0.23693 -0.21242 -0.031145 -0.1455 0.59785 -0.29244 0.23173 -0.24938 0.0070676 -0.20881 0.6613 -0.33969 0.25588 -0.12577 0.056731 -0.4263 0.02091 0.083944 -0.43805 -0.12557 0.11859 -0.75442 0.043874 0.10104 -0.77072 -0.13783 0.056413 -0.8233 0.060946 0.079413 -0.86017 0.062335 0.0056375 0.602
-0.094837 -0.022431 0.34172 0.17424 -0.032544 0.29602 0.055214 -0.008771 0.40539 0.010785 -0.0037217 0.067641 -0.058385 0.00019183 -0.046753 0.04685 0.00019183 -0.058311 -0.17519 -0.027747 0.08841 0.39164 -0.1715 0.23207 -0.21102 -0.031973 -0.14579 0.59764 -0.28873 0.22802 -0.24517 0.008502 -0.20961 0.66109 -0.33445 0.25439 -0.12652 0.056661 -0.42638 0.020339 0.084566 -0.43795 -0.12749 0.11931 -0.75434 0.041355 0.10215 -0.77072 -0.13991 0.057176 -0.82324 0.060174 0.082657 -0.86029 0.062906 0.0064044 0.60193
-0.094786 -0.021883 0.34148 0.1751 -0.028804 0.2963 0.05521 -0.0087352 0.40539 0.010723 -0.0037036 0.067652 -0.058149 8.5693e-05 -0.047042 0.046764 8.5693e-05 -0.05838 -0.17544 -0.027311 0.088268 0.39089 -0.16769 0.22693 -0.20942 -0.032844 -0.14615 0.59672 -0.28531 0.22439 -0.23997 0.0096679 -0.21079 0.66003 -0.3295 0.25327 -0.12711 0.056742 -0.42649 0.019964 0.08514 -0.43785 -0.12918 0.12018 -0.7543 0.039114 0.1031 -0.77071 -0.14185 0.058122 -0.82322 0.059473 0.085712 -0.86037 0.0633 0.0070007 0.60187
-0.094814 -0.021277 0.34123 0.17591 -0.024759 0.29665 0.055126 -0.0087707 0.40541 0.010645 -0.0037016 0.067665 -0.057892 -6.4171e-06 -0.047357 0.046696 -6.4171e-06 -0.058434 -0.1757 -0.026772 0.088093 0.38977 -0.16367 0.22155 -0.20771 -0.033674 -0.14656 0.5951 -0.28221 0.22076 -0.23413 0.01028 -0.21231 0.65816 -0.325 0.25218 -0.12755 0.056979 -0.42663 0.019774 0.085668 -0.43775 -0.1306 0.12121 -0.75428 0.037151 0.10393 -0.7707 -0.14361 0.059253 -0.82323 0.058865 0.088537 -0.8604 0.06356 0.0074293 0.60183
-0.094903 -0.020601 0.34098 0.17665 -0.020523 0.29707 0.054984 -0.0088703 0.40543 0.010557 -0.0037157 0.067678 -0.057625 -6.7743e-05 -0.047683 0.046644 -6.7743e-05 -0.058476 -0.17596 -0.02612 0.087897 0.38828 -0.15946 0.21593 -0.20599 -0.034381 -0.14698 0.59275 -0.27944 0.21705 -0.228 0.010055 -0.21413 0.65547 -0.32114 0.25077 -0.12781 0.05738 -0.42679 0.019756 0.086149 -0.43767 -0.13174 0.12239 -0.75427 0.035465 0.10465 -0.77069 -0.14518 0.060568 -0.82325 0.058371 0.091092 -0.86039 0.063728 0.0076933 0.60181
-0.095032 -0.019847 0.34074 0.17727 -0.016206 0.29752 0.054808 -0.0090268 0.40545 0.010464 -0.003746 0.06769 -0.057359 -8.1527e-05 -0.048006 0.046605 -8.1527e-05 -0.058506 -0.17619 -0.025347 0.08769 0.38643 -0.15507 0.21012 -0.20435 -0.034881 -0.1474 0.58968 -0.27701 0.21318 -0.22192 0.0087073 -0.21619 0.65199 -0.31807 0.24866 -0.12792 0.057951 -0.42695 0.019899 0.086584 -0.43761 -0.13258 0.12373 -0.75427 0.034056 0.10526 -0.77069 -0.14654 0.06207 -0.82329 0.058015 0.093334 -0.86036 0.063847 0.0077956 0.60179
-0.095182 -0.019005 0.34052 0.17773 -0.011919 0.298 0.054621 -0.009233 0.40547 0.010374 -0.0037925 0.067702 -0.057106 -3.1015e-05 -0.04831 0.046577 -3.1015e-05 -0.058529 -0.1764 -0.024443 0.087485 0.38422 -0.1505 0.20412 -0.20289 -0.035092 -0.14778 0.58587 -0.27493 0.20907 -0.21624 0.0059522 -0.21847 0.64774 -0.31597 0.24551 -0.12787 0.058697 -0.42711 0.020189 0.086973 -0.43758 -0.1331 0.12524 -0.75427 0.032924 0.10579 -0.7707 -0.14767 0.06376 -0.82333 0.057818 0.095223 -0.86031 0.063958 0.0077393 0.60178
-0.095339 -0.018066 0.34032 0.17801 -0.0077682 0.29847 0.05444 -0.0094815 0.40549 0.010291 -0.0038552 0.067711 -0.056876 9.8333e-05 -0.048583 0.046555 9.8333e-05 -0.058546 -0.17656 -0.023401 0.087291 0.38167 -0.14578 0.19799 -0.20169 -0.034942 -0.14811 0.58133 -0.27324 0.20468 -0.21125 0.0015946 -0.22089 0.64272 -0.31498 0.24106 -0.12765 0.059624 -0.42725 0.020618 0.087315 -0.43758 -0.13328 0.12689 -0.75426 0.032068 0.10624 -0.77074 -0.14854 0.065637 -0.82336 0.0578 0.096724 -0.86025 0.064099 0.007527 0.60178
-0.09551 -0.017029 0.34015 0.1781 -0.0038052 0.29895 0.054256 -0.0097645 0.4055 0.010213 -0.0039324 0.067718 -0.05667 0.00030631 -0.048825 0.046543 0.00030631 -0.058555 -0.17669 -0.022234 0.087109 0.37879 -0.14106 0.19181 -0.20075 -0.034439 -0.14839 0.57608 -0.27197 0.20017 -0.20706 -0.0039666 -0.22338 0.63699 -0.31502 0.23565 -0.12727 0.060725 -0.42739 0.021178 0.087606 -0.4376 -0.13313 0.12871 -0.75424 0.031478 0.10662 -0.7708 -0.14917 0.0677 -0.82338 0.057964 0.097859 -0.86018 0.064274 0.0071606 0.60179
-0.095711 -0.015895 0.34001 0.17803 -6.3365e-05 0.29944 0.054045 -0.010074 0.40552 0.010136 -0.0040219 0.067725 -0.056483 0.00058668 -0.049037 0.046541 0.00058668 -0.058554 -0.17681 -0.020963 0.086936 0.37557 -0.13652 0.18575 -0.20002 -0.033622 -0.14862 0.5702 -0.27122 0.19581 -0.20362 -0.01009 -0.2258 0.63058 -0.31596 0.2299 -0.12673 0.061988 -0.4275 0.02187 0.087839 -0.43766 -0.13266 0.13067 -0.75421 0.031142 0.10693 -0.77089 -0.14957 0.069945 -0.8234 0.058304 0.098666 -0.86011 0.06447 0.0066411 0.60181
-0.095958 -0.014668 0.33989 0.1778 0.0034247 0.29995 0.053786 -0.010401 0.40555 0.010055 -0.0041214 0.067731 -0.056314 0.00093321 -0.049226 0.046552 0.00093321 -0.058541 -0.17693 -0.019608 0.086771 0.37205 -0.13236 0.17993 -0.19947 -0.032532 -0.14883 0.56374 -0.27105 0.19186 -0.20094 -0.016134 -0.22805 0.62355 -0.31765 0.22442 -0.12604 0.0634 -0.42761 0.02269 0.088009 -0.43774 -0.13189 0.13278 -0.75418 0.031048 0.10715 -0.77099 -0.14974 0.072369 -0.8234 0.058816 0.099187 -0.86004 0.064678 0.0059699 0.60184
-0.096269 -0.01335 0.33979 0.17744 0.0066262 0.30049 0.053456 -0.010738 0.40558 0.0099673 -0.0042287 0.067737 -0.056158 0.0013397 -0.049393 0.046578 0.0013397 -0.058513 -0.17706 -0.01819 0.086611 0.36821 -0.12876 0.1745 -0.19905 -0.031207 -0.14903 0.55676 -0.27155 0.18859 -0.19899 -0.021457 -0.23002 0.61594 -0.31993 0.21982 -0.1252 0.06495 -0.42772 0.023637 0.088109 -0.43784 -0.13083 0.13502 -0.75413 0.031181 0.10729 -0.7711 -0.1497 0.074967 -0.82341 0.059495 0.099463 -0.85999 0.064885 0.0051481 0.60188
-0.096661 -0.011941 0.3397 0.17697 0.0095084 0.30107 0.053032 -0.011077 0.40563 0.0098669 -0.0043416 0.067745 -0.056011 0.0017998 -0.049543 0.046621 0.0017998 -0.058466 -0.17723 -0.01673 0.086454 0.36409 -0.12591 0.16959 -0.19872 -0.029688 -0.14922 0.54932 -0.27279 0.18624 -0.19775 -0.025416 -0.23158 0.60779 -0.32266 0.21672 -0.12421 0.066625 -0.42782 0.024708 0.088134 -0.43795 -0.1295 0.13739 -0.75409 0.031531 0.10733 -0.77123 -0.14946 0.077735 -0.8234 0.060335 0.099534 -0.85995 0.065082 0.0041769 0.60194
-0.097147 -0.010446 0.33963 0.17639 0.012043 0.30168 0.052495 -0.011411 0.40569 0.0097502 -0.0044579 0.067754 -0.055872 0.0023075 -0.04968 0.046683 0.0023075 -0.058399 -0.17744 -0.015244 0.086298 0.35967 -0.12398 0.16533 -0.19845 -0.028013 -0.14942 0.54147 -0.27482 0.18507 -0.19721 -0.027446 -0.23265 0.59915 -0.32569 0.21564 -0.12308 0.068414 -0.42791 0.025902 0.088075 -0.43808 -0.12791 0.13988 -0.75404 0.032084 0.10728 -0.77137 -0.14904 0.080672 -0.82339 0.061332 0.099436 -0.85993 0.065257 0.0030571 0.60201
-0.097722 -0.008872 0.33957 0.17572 0.014241 0.30233 0.051842 -0.011743 0.40576 0.0096156 -0.0045773 0.067765 -0.055735 0.0028588 -0.049806 0.046764 0.0028588 -0.058312 -0.17771 -0.013714 0.086136 0.35496 -0.12287 0.16162 -0.19823 -0.026196 -0.14963 0.53317 -0.27751 0.18501 -0.19725 -0.02764 -0.23325 0.58993 -0.32892 0.21654 -0.12179 0.070312 -0.42801 0.027216 0.087918 -0.43822 -0.12605 0.14248 -0.75399 0.032835 0.10713 -0.77152 -0.14841 0.083773 -0.82338 0.062482 0.099167 -0.85994 0.065399 0.001786 0.60209
-0.098369 -0.0072286 0.3395 0.17495 0.016132 0.30299 0.05108 -0.012084 0.40584 0.0094625 -0.0046999 0.067779 -0.055598 0.0034505 -0.049923 0.046859 0.0034505 -0.058204 -0.17803 -0.012104 0.08596 0.34991 -0.12236 0.15823 -0.19807 -0.024243 -0.14986 0.52432 -0.28063 0.1859 -0.19768 -0.026432 -0.23352 0.57997 -0.33224 0.21907 -0.12033 0.072316 -0.4281 0.028649 0.087644 -0.43838 -0.1239 0.14519 -0.75393 0.03378 0.10685 -0.77169 -0.14756 0.087039 -0.82337 0.06378 0.098699 -0.85997 0.065498 0.0003589 0.60219
-0.099071 -0.0055266 0.33941 0.17408 0.017747 0.30364 0.050217 -0.012444 0.40594 0.0092903 -0.0048262 0.067794 -0.055458 0.0040794 -0.050032 0.046966 0.0040794 -0.058078 -0.1784 -0.010379 0.085765 0.34451 -0.12223 0.15498 -0.19798 -0.022159 -0.15012 0.51485 -0.28394 0.18756 -0.19836 -0.024258 -0.23357 0.56914 -0.33556 0.22285 -0.1187 0.074424 -0.42819 0.0302 0.087235 -0.43855 -0.12143 0.14799 -0.75388 0.034916 0.10643 -0.77186 -0.14646 0.090466 -0.82336 0.065223 0.098009 -0.86001 0.065544 -0.0012288 0.60229
-0.09981 -0.003776 0.33928 0.1731 0.019117 0.30426 0.049258 -0.012832 0.40604 0.0090987 -0.0049565 0.06781 -0.05531 0.0047424 -0.050137 0.047082 0.0047424 -0.057932 -0.17882 -0.0085026 0.085542 0.33872 -0.12226 0.15163 -0.19798 -0.019948 -0.1504 0.50467 -0.28723 0.1898 -0.19912 -0.021556 -0.23351 0.55728 -0.33879 0.22754 -0.11687 0.076633 -0.42828 0.031865 0.086669 -0.43873 -0.11861 0.15087 -0.75382 0.036239 0.10586 -0.77205 -0.14508 0.094054 -0.82335 0.066806 0.097071 -0.86008 0.065527 -0.0029817 0.60239
-0.10057 -0.0019872 0.33912 0.17201 0.020272 0.30482 0.048213 -0.013257 0.40615 0.0088871 -0.0050909 0.067828 -0.055152 0.0054363 -0.050239 0.047205 0.0054363 -0.05777 -0.1793 -0.0064383 0.085284 0.33253 -0.12222 0.14799 -0.19807 -0.017615 -0.15071 0.49368 -0.29024 0.19244 -0.19978 -0.01876 -0.23348 0.54424 -0.34183 0.23275 -0.11484 0.078941 -0.42837 0.033642 0.08593 -0.43893 -0.11544 0.15381 -0.75376 0.037747 0.10512 -0.77225 -0.1434 0.097802 -0.82335 0.068525 0.095861 -0.86016 0.065435 -0.0049045 0.60249
-0.10134 -0.00017251 0.3389 0.17081 0.021245 0.30533 0.047087 -0.013729 0.40626 0.0086552 -0.0052298 0.067847 -0.05498 0.0061568 -0.050339 0.047331 0.0061568 -0.05759 -0.17983 -0.0041568 0.084983 0.3259 -0.12189 0.14385 -0.19827 -0.015167 -0.15104 0.48182 -0.29276 0.19532 -0.20021 -0.01628 -0.23357 0.5299 -0.34458 0.23816 -0.11259 0.081342 -0.42845 0.03553 0.085 -0.43914 -0.11188 0.15682 -0.75371 0.039433 0.1042 -0.77247 -0.14139 0.1017 -0.82336 0.070374 0.094356 -0.86026 0.065259 -0.0069993 0.60257
-0.10211 0.0016326 0.33862 0.1695 0.022093 0.30578 0.04589 -0.014235 0.40638 0.0084051 -0.0053707 0.067867 -0.054795 0.006883 -0.050442 0.047463 0.006883 -0.057395 -0.1804 -0.0017013 0.084638 0.31895 -0.12112 0.13924 -0.19858 -0.012624 -0.15142 0.46916 -0.29456 0.19839 -0.20036 -0.014183 -0.23381 0.51438 -0.3468 0.24367 -0.11015 0.083798 -0.42854 0.037501 0.083891 -0.43937 -0.10798 0.15984 -0.75365 0.041264 0.10312 -0.77269 -0.13909 0.10571 -0.82337 0.072322 0.092576 -0.86036 0.064996 -0.0092393 0.60265
-0.10289 0.0033774 0.33829 0.16812 0.02289 0.30621 0.044635 -0.014753 0.4065 0.0081405 -0.0055098 0.067888 -0.054599 0.0075838 -0.050551 0.047603 0.0075838 -0.057187 -0.181 0.00083823 0.084247 0.31183 -0.11981 0.13431 -0.19898 -0.01002 -0.15183 0.45593 -0.29544 0.20168 -0.20033 -0.012323 -0.23419 0.49797 -0.34818 0.24932 -0.10757 0.086251 -0.42862 0.039516 0.082637 -0.43959 -0.10384 0.16282 -0.7536 0.043193 0.10189 -0.77291 -0.13656 0.10976 -0.82339 0.074323 0.090564 -0.86045 0.06465 -0.011579 0.60271
-0.10368 0.0050109 0.33792 0.16668 0.023709 0.30666 0.043333 -0.015258 0.40662 0.0078651 -0.0056433 0.06791 -0.054396 0.0082281 -0.050669 0.047756 0.0082281 -0.056971 -0.18163 0.0033706 0.083811 0.30472 -0.11782 0.12921 -0.19946 -0.0073862 -0.15228 0.44231 -0.2952 0.20523 -0.20018 -0.010546 -0.23467 0.48095 -0.34838 0.25519 -0.10488 0.088643 -0.42872 0.041537 0.08127 -0.43979 -0.099535 0.16573 -0.75355 0.045167 0.10055 -0.77312 -0.13384 0.11378 -0.82341 0.076328 0.088365 -0.86053 0.064223 -0.013972 0.60277
-0.1045 0.0064823 0.3375 0.16521 0.024623 0.30716 0.041996 -0.015727 0.40674 0.0075826 -0.0057674 0.067932 -0.054188 0.0087845 -0.050802 0.047926 0.0087845 -0.056748 -0.18225 0.0058049 0.08333 0.29779 -0.11506 0.1241 -0.20001 -0.0047548 -0.15277 0.4285 -0.29361 0.20907 -0.19999 -0.0086997 -0.23523 0.46361 -0.34709 0.26134 -0.10214 0.090913 -0.42881 0.043523 0.079821 -0.43998 -0.095154 0.16849 -0.7535 0.047137 0.099136 -0.7733 -0.13102 0.11769 -0.82343 0.078291 0.086026 -0.86059 0.063718 -0.016374 0.6028
-0.10534 0.0077406 0.33705 0.16371 0.025708 0.30776 0.040635 -0.016135 0.40686 0.0072966 -0.0058781 0.067954 -0.053978 0.0092219 -0.050953 0.048116 0.0092219 -0.056521 -0.18286 0.0080502 0.082803 0.2912 -0.1114 0.11912 -0.20062 -0.0021581 -0.15331 0.41471 -0.29049 0.21324 -0.19983 -0.0066328 -0.23585 0.44624 -0.34399 0.26781 -0.099389 0.093003 -0.42892 0.045436 0.078323 -0.44013 -0.090786 0.17106 -0.75345 0.049054 0.097663 -0.77345 -0.12814 0.12142 -0.82346 0.080165 0.08359 -0.8606 0.063136 -0.018738 0.60282
-0.10622 0.0087384 0.33656 0.16222 0.027029 0.30848 0.039262 -0.01646 0.40698 0.0070108 -0.0059717 0.067976 -0.053769 0.0095106 -0.051125 0.048331 0.0095106 -0.056294 -0.18346 0.01002 0.082231 0.28512 -0.10676 0.11443 -0.20127 0.00037298 -0.1539 0.40113 -0.28563 0.21777 -0.19976 -0.0042012 -0.2365 0.42913 -0.33878 0.27467 -0.096672 0.094857 -0.42904 0.047237 0.076808 -0.44024 -0.086515 0.17339 -0.75342 0.050869 0.096164 -0.77356 -0.12526 0.1249 -0.82349 0.081905 0.081101 -0.86057 0.062482 -0.021019 0.60282
-0.10712 0.0094829 0.33605 0.16076 0.028553 0.30933 0.037886 -0.016699 0.4071 0.0067273 -0.0060475 0.067998 -0.053564 0.0096513 -0.051315 0.048568 0.0096513 -0.056068 -0.18402 0.011704 0.081624 0.27957 -0.10124 0.11009 -0.20196 0.0028273 -0.15452 0.38793 -0.27915 0.22258 -0.1998 -0.0013985 -0.23716 0.41248 -0.33152 0.28182 -0.094019 0.096461 -0.42917 0.048913 0.075296 -0.44031 -0.082385 0.17547 -0.75338 0.052562 0.094658 -0.77363 -0.12242 0.12812 -0.82351 0.083494 0.078598 -0.86049 0.061762 -0.023198 0.60281
-0.10805 0.010025 0.33553 0.15936 0.030166 0.31025 0.036518 -0.016862 0.40722 0.006447 -0.0061069 0.06802 -0.053369 0.009668 -0.051516 0.04882 0.009668 -0.055846 -0.18457 0.013153 0.081 0.27449 -0.095112 0.10605 -0.20266 0.0052097 -0.15517 0.37526 -0.27142 0.22751 -0.19991 0.0016718 -0.23781 0.39646 -0.32259 0.2891 -0.09144 0.097838 -0.4293 0.050471 0.073799 -0.44034 -0.078406 0.17732 -0.75335 0.054138 0.093155 -0.77366 -0.11964 0.13109 -0.82353 0.084938 0.076112 -0.86038 0.060985 -0.025275 0.60278
-0.109 0.010418 0.33502 0.15803 0.031752 0.31122 0.035167 -0.016961 0.40733 0.0061709 -0.0061514 0.068041 -0.053187 0.0095859 -0.051717 0.04908 0.0095859 -0.05563 -0.18511 0.014419 0.080379 0.26977 -0.088675 0.10231 -0.20337 0.0075255 -0.15581 0.36325 -0.2628 0.2324 -0.20004 0.0049029 -0.23844 0.38125 -0.31237 0.29629 -0.088951 0.09901 -0.42943 0.051919 0.072328 -0.44035 -0.074587 0.17895 -0.75331 0.055601 0.091667 -0.77367 -0.11692 0.13382 -0.82355 0.086246 0.073672 -0.86025 0.060163 -0.027248 0.60273
-0.10995 0.010715 0.33453 0.1568 0.033193 0.31221 0.033841 -0.017008 0.40744 0.0058998 -0.0061826 0.068063 -0.053024 0.0094299 -0.051911 0.049341 0.0094299 -0.055423 -0.18564 0.015554 0.079778 0.26535 -0.082208 0.09883 -0.20407 0.0097802 -0.15643 0.35205 -0.25365 0.23709 -0.20016 0.0081879 -0.23904 0.36699 -0.30121 0.30322 -0.086563 0.099999 -0.42956 0.053265 0.070893 -0.44033 -0.070937 0.18039 -0.75326 0.056956 0.090204 -0.77365 -0.11429 0.13634 -0.82355 0.087424 0.071311 -0.86011 0.059305 -0.029119 0.60268
-0.11089 0.010967 0.33407 0.1557 0.034373 0.31317 0.03255 -0.017014 0.40754 0.0056346 -0.0062019 0.068083 -0.052884 0.0092249 -0.052089 0.049597 0.0092249 -0.055227 -0.18618 0.016611 0.079216 0.26113 -0.075998 0.095583 -0.20474 0.011979 -0.15701 0.34181 -0.24435 0.24141 -0.20023 0.01142 -0.23959 0.35386 -0.28952 0.30969 -0.084291 0.10083 -0.42967 0.054515 0.069506 -0.44031 -0.067467 0.18166 -0.7532 0.058207 0.088778 -0.77363 -0.11176 0.13865 -0.82355 0.088481 0.069059 -0.85998 0.058421 -0.030887 0.60261
-0.11182 0.011226 0.33366 0.15476 0.035178 0.31406 0.031303 -0.016992 0.40764 0.0053762 -0.006211 0.068103 -0.052771 0.0089955 -0.052243 0.049841 0.0089955 -0.055045 -0.18673 0.01764 0.078711 0.25704 -0.070318 0.092544 -0.20538 0.014127 -0.15753 0.33264 -0.23525 0.2452 -0.2002 0.014497 -0.24007 0.34201 -0.27764 0.31551 -0.082145 0.10152 -0.42976 0.055678 0.068178 -0.44028 -0.064184 0.18278 -0.75312 0.05936 0.087398 -0.77361 -0.10933 0.14079 -0.82354 0.089424 0.066947 -0.85986 0.057521 -0.032552 0.60254
-0.11274 0.011512 0.3333 0.15396 0.035593 0.31489 0.030101 -0.016947 0.40773 0.0051245 -0.0062112 0.068123 -0.052685 0.0087528 -0.052371 0.05007 0.0087528 -0.054877 -0.18729 0.018666 0.078266 0.25305 -0.0652 0.089691 -0.20597 0.016229 -0.15799 0.32459 -0.22641 0.24845 -0.20007 0.017405 -0.24048 0.33147 -0.2658 0.32062 -0.080123 0.1021 -0.42984 0.056763 0.06691 -0.44025 -0.061078 0.18377 -0.75303 0.060423 0.086067 -0.77358 -0.10702 0.14276 -0.82352 0.090264 0.064974 -0.85976 0.05661 -0.03412 0.60246
-0.11364 0.011817 0.33298 0.15328 0.035696 0.31564 0.028939 -0.016885 0.40782 0.0048786 -0.0062041 0.068141 -0.05262 0.008495 -0.05248 0.050285 0.008495 -0.054721 -0.18786 0.019688 0.07787 0.2492 -0.06043 0.087009 -0.20651 0.018287 -0.15839 0.31755 -0.21763 0.25124 -0.19984 0.020223 -0.24082 0.32211 -0.25405 0.32504 -0.078202 0.10257 -0.42989 0.057782 0.065695 -0.44023 -0.058122 0.18465 -0.75293 0.061412 0.084779 -0.77356 -0.10479 0.1446 -0.82348 0.091016 0.063115 -0.85968 0.055683 -0.035605 0.60237
-0.11452 0.01213 0.33269 0.15269 0.035568 0.31634 0.027813 -0.016809 0.4079 0.0046375 -0.0061911 0.068159 -0.052568 0.0082199 -0.052575 0.050487 0.0082199 -0.054576 -0.18842 0.020702 0.077511 0.24551 -0.055781 0.084483 -0.20701 0.020306 -0.15876 0.31141 -0.20868 0.25368 -0.19953 0.023033 -0.2411 0.31382 -0.24245 0.32884 -0.07636 0.10295 -0.42994 0.058745 0.064523 -0.4402 -0.055287 0.18543 -0.75281 0.06234 0.083525 -0.77354 -0.10264 0.1463 -0.82343 0.091694 0.06134 -0.85961 0.054739 -0.037018 0.60228
-0.11539 0.01244 0.33242 0.15215 0.035294 0.31699 0.026716 -0.016721 0.40798 0.0044 -0.0061737 0.068177 -0.052524 0.0079248 -0.052665 0.05068 0.0079248 -0.054441 -0.18899 0.021706 0.077176 0.24203 -0.051031 0.082098 -0.20746 0.022289 -0.1591 0.30608 -0.19934 0.25588 -0.19916 0.025917 -0.24132 0.30646 -0.23104 0.33204 -0.074576 0.10326 -0.42999 0.059665 0.063388 -0.44017 -0.052542 0.18614 -0.75268 0.063222 0.0823 -0.77351 -0.10053 0.14791 -0.82337 0.092313 0.05962 -0.85955 0.053774 -0.038373 0.60218
-0.11625 0.012735 0.33216 0.15164 0.034954 0.3176 0.025643 -0.016626 0.40805 0.0041653 -0.0061532 0.068193 -0.052481 0.0076076 -0.052754 0.050863 0.0076076 -0.054315 -0.18954 0.022697 0.076854 0.23879 -0.045954 0.079839 -0.20787 0.024237 -0.15943 0.30146 -0.18938 0.25795 -0.19873 0.028956 -0.2415 0.29992 -0.21988 0.33471 -0.072827 0.1035 -0.43003 0.060552 0.062279 -0.44014 -0.049861 0.18679 -0.75256 0.064072 0.081096 -0.77349 -0.098459 0.14942 -0.82329 0.092888 0.057927 -0.85948 0.052786 -0.039682 0.60208
-0.11709 0.013006 0.33189 0.15112 0.034631 0.31819 0.024588 -0.016526 0.40812 0.0039323 -0.0061311 0.068209 -0.052433 0.0072659 -0.052849 0.051039 0.0072659 -0.054197 -0.19008 0.023671 0.076534 0.23583 -0.040331 0.077691 -0.20824 0.026156 -0.15976 0.29744 -0.17858 0.25997 -0.19826 0.032231 -0.24162 0.29407 -0.20901 0.33688 -0.071091 0.1037 -0.43007 0.061419 0.061191 -0.44011 -0.047213 0.1874 -0.75243 0.064906 0.079906 -0.77347 -0.096398 0.15088 -0.82319 0.093434 0.056232 -0.85941 0.051772 -0.040958 0.60197
-0.11792 0.013252 0.33163 0.15059 0.03436 0.31875 0.023548 -0.016423 0.40818 0.0037002 -0.0061082 0.068224 -0.052377 0.0069002 -0.052953 0.051208 0.0069002 -0.054084 -0.1906 0.024625 0.076209 0.23317 -0.034109 0.075669 -0.20856 0.028044 -0.16008 0.29391 -0.16701 0.26201 -0.19776 0.035765 -0.2417 0.28882 -0.19839 0.33864 -0.069359 0.10386 -0.43012 0.062271 0.060117 -0.44008 -0.044585 0.18799 -0.75229 0.065728 0.078728 -0.77344 -0.094341 0.15228 -0.82308 0.093952 0.054524 -0.85933 0.050732 -0.042206 0.60186
-0.11874 0.013486 0.33136 0.15003 0.03412 0.31929 0.02252 -0.016316 0.40825 0.0034688 -0.006084 0.068239 -0.052314 0.006515 -0.053064 0.05137 0.006515 -0.053978 -0.19111 0.025556 0.075885 0.23085 -0.027447 0.073822 -0.20884 0.029897 -0.16041 0.29078 -0.15506 0.264 -0.19723 0.039511 -0.2417 0.2841 -0.1879 0.34012 -0.067634 0.10398 -0.43017 0.063107 0.05906 -0.44004 -0.04198 0.18855 -0.75216 0.066535 0.077562 -0.77341 -0.092291 0.15363 -0.82296 0.094429 0.052812 -0.85925 0.049665 -0.043424 0.60175
-0.11956 0.013721 0.3311 0.14947 0.033886 0.31981 0.021501 -0.016204 0.40831 0.0032377 -0.0060581 0.068252 -0.052246 0.0061148 -0.053178 0.051524 0.0061148 -0.053878 -0.19161 0.026459 0.075565 0.22889 -0.020516 0.072201 -0.20908 0.031709 -0.16073 0.28793 -0.14317 0.26591 -0.19667 0.043416 -0.24163 0.27985 -0.17736 0.34146 -0.065922 0.10406 -0.43022 0.063929 0.058021 -0.44001 -0.039401 0.18907 -0.75203 0.067323 0.076412 -0.77338 -0.090251 0.15495 -0.82283 0.09485 0.051106 -0.85918 0.048574 -0.044608 0.60163
-0.12037 0.013971 0.33084 0.14892 0.033632 0.32032 0.02049 -0.016084 0.40836 0.0030066 -0.0060303 0.068265 -0.052174 0.0057041 -0.053294 0.05167 0.0057041 -0.053784 -0.19211 0.027329 0.075256 0.22733 -0.013486 0.070857 -0.20928 0.033476 -0.16104 0.28527 -0.13177 0.26769 -0.19607 0.047429 -0.24147 0.27602 -0.16664 0.34279 -0.064227 0.1041 -0.43028 0.064734 0.057001 -0.43997 -0.036854 0.18956 -0.75189 0.068086 0.07528 -0.77336 -0.088225 0.15623 -0.82269 0.095201 0.049415 -0.85912 0.04746 -0.045755 0.60151
-0.12119 0.014248 0.3306 0.14837 0.033335 0.32081 0.019483 -0.015955 0.40842 0.0027751 -0.006 0.068278 -0.052101 0.0052875 -0.053409 0.051807 0.0052875 -0.053695 -0.19261 0.028162 0.07496 0.22621 -0.0065299 0.069843 -0.20945 0.035193 -0.16134 0.28268 -0.12128 0.2693 -0.19544 0.051497 -0.24119 0.27253 -0.15559 0.34425 -0.062555 0.1041 -0.43033 0.065522 0.056003 -0.43994 -0.034342 0.19001 -0.75176 0.068821 0.074167 -0.77333 -0.086218 0.15749 -0.82256 0.095468 0.04775 -0.85907 0.046325 -0.046861 0.60139
-0.122 0.014567 0.33039 0.14785 0.032969 0.32129 0.018479 -0.015816 0.40847 0.002543 -0.0059669 0.068289 -0.052027 0.0048695 -0.053521 0.051935 0.0048695 -0.053611 -0.19313 0.028955 0.074682 0.22553 0.00018384 0.069209 -0.20959 0.036855 -0.16161 0.28007 -0.11212 0.27069 -0.19477 0.055569 -0.24079 0.26934 -0.14405 0.34597 -0.06091 0.10406 -0.43038 0.066293 0.055026 -0.4399 -0.031869 0.19042 -0.75161 0.069522 0.073075 -0.7733 -0.084233 0.15872 -0.82242 0.095636 0.046121 -0.85905 0.04517 -0.047923 0.60127
-0.12282 0.01493 0.33019 0.14735 0.032525 0.32176 0.017479 -0.015667 0.40852 0.0023107 -0.0059311 0.068301 -0.051954 0.004454 -0.053628 0.052053 0.004454 -0.053532 -0.19365 0.029709 0.074426 0.22531 0.006531 0.068964 -0.20969 0.038457 -0.16187 0.2774 -0.10446 0.27186 -0.19407 0.059597 -0.24027 0.26641 -0.13215 0.348 -0.0593 0.10398 -0.43043 0.067045 0.054075 -0.43987 -0.029445 0.19079 -0.75147 0.070186 0.072008 -0.77327 -0.082277 0.15993 -0.82229 0.095705 0.044533 -0.85905 0.043999 -0.048941 0.60114
-0.12363 0.01533 0.33001 0.14687 0.03202 0.32221 0.01649 -0.015508 0.40856 0.0020796 -0.0058933 0.068311 -0.051884 0.004044 -0.053728 0.052163 0.004044 -0.053457 -0.19418 0.030438 0.07419 0.22549 0.01246 0.06905 -0.20978 0.039991 -0.1621 0.27477 -0.09807 0.2729 -0.19336 0.063542 -0.23963 0.26375 -0.12039 0.35026 -0.057733 0.10387 -0.43048 0.067774 0.053149 -0.43984 -0.027082 0.19112 -0.75132 0.070814 0.070968 -0.77325 -0.080361 0.16111 -0.82217 0.095696 0.042983 -0.85905 0.042819 -0.049919 0.60102
-0.12442 0.015754 0.32985 0.14641 0.03147 0.32264 0.015523 -0.015342 0.40861 0.0018512 -0.0058542 0.068321 -0.051816 0.0036423 -0.053821 0.052264 0.0036423 -0.053387 -0.1947 0.031155 0.073972 0.22599 0.017927 0.069406 -0.20984 0.041452 -0.16232 0.27229 -0.092669 0.27389 -0.19265 0.067365 -0.23892 0.26138 -0.10933 0.35263 -0.05622 0.10373 -0.43053 0.068476 0.052254 -0.4398 -0.024794 0.19142 -0.75117 0.071404 0.069961 -0.77322 -0.078495 0.16224 -0.82204 0.095635 0.041467 -0.85906 0.04164 -0.050863 0.60089
-0.1252 0.016192 0.32971 0.14598 0.030893 0.32305 0.014585 -0.015168 0.40865 0.001627 -0.0058146 0.06833 -0.051754 0.0032518 -0.053906 0.052357 0.0032518 -0.053321 -0.19521 0.031874 0.073772 0.22677 0.022885 0.069968 -0.2099 0.042834 -0.16252 0.27005 -0.08799 0.27493 -0.19197 0.071026 -0.23814 0.25933 -0.09951 0.35501 -0.05477 0.10357 -0.43056 0.069148 0.05139 -0.43977 -0.022597 0.1917 -0.75101 0.071956 0.06899 -0.7732 -0.076689 0.16333 -0.82192 0.095543 0.039983 -0.85904 0.040468 -0.051778 0.60075
-0.12594 0.016633 0.32957 0.14556 0.030308 0.32342 0.013685 -0.014989 0.40869 0.0014087 -0.0057753 0.068338 -0.051696 0.0028753 -0.053983 0.052443 0.0028753 -0.053258 -0.1957 0.032609 0.073587 0.22775 0.027291 0.070675 -0.20995 0.044129 -0.1627 0.26816 -0.083765 0.27611 -0.19132 0.074488 -0.23733 0.25761 -0.091479 0.35732 -0.053394 0.10339 -0.4306 0.069785 0.050561 -0.43974 -0.020503 0.19195 -0.75085 0.072471 0.068059 -0.77317 -0.074956 0.16435 -0.82179 0.095444 0.038526 -0.85899 0.039311 -0.052668 0.60062
-0.12665 0.017067 0.32945 0.14517 0.029731 0.32375 0.012831 -0.014805 0.40872 0.0011976 -0.005737 0.068346 -0.051646 0.0025157 -0.05405 0.052523 0.0025157 -0.053199 -0.19616 0.033374 0.073417 0.22887 0.031098 0.071465 -0.21001 0.045332 -0.16288 0.26672 -0.079723 0.27751 -0.19073 0.077711 -0.23649 0.25624 -0.085782 0.35944 -0.0521 0.1032 -0.43062 0.070383 0.04977 -0.43971 -0.018527 0.19218 -0.75069 0.072947 0.067172 -0.77315 -0.073305 0.16529 -0.82167 0.095362 0.037093 -0.85889 0.038179 -0.05354 0.60048
-0.12732 0.01749 0.32933 0.14478 0.029166 0.32404 0.012021 -0.014618 0.40875 0.00099319 -0.0056991 0.068353 -0.051602 0.0021727 -0.054108 0.052596 0.0021727 -0.053143 -0.19659 0.034188 0.073258 0.23009 0.03432 0.0723 -0.21007 0.046455 -0.16304 0.26577 -0.075662 0.27919 -0.1902 0.080696 -0.23565 0.25519 -0.082491 0.36134 -0.050887 0.10302 -0.43064 0.070943 0.049013 -0.43968 -0.016662 0.1924 -0.75053 0.073387 0.066326 -0.77313 -0.071732 0.16617 -0.82154 0.095306 0.035691 -0.85876 0.037067 -0.0544 0.60034
-0.12798 0.017914 0.32922 0.1444 0.028592 0.32431 0.011233 -0.01443 0.40878 0.0007905 -0.0056585 0.06836 -0.051564 0.0018402 -0.054158 0.052662 0.0018402 -0.053091 -0.19699 0.035078 0.073107 0.23137 0.037079 0.073193 -0.21014 0.047541 -0.1632 0.26524 -0.071507 0.28114 -0.18968 0.083517 -0.2348 0.25434 -0.080759 0.36309 -0.049732 0.10283 -0.43065 0.07147 0.048277 -0.43966 -0.014861 0.19259 -0.75036 0.073801 0.06551 -0.77311 -0.070203 0.167 -0.82141 0.095252 0.034344 -0.85862 0.035951 -0.055264 0.60019
-0.12863 0.018353 0.3291 0.14402 0.027983 0.32457 0.010442 -0.014242 0.40881 0.00058414 -0.0056114 0.068366 -0.051528 0.0015114 -0.054203 0.05272 0.0015114 -0.053044 -0.19738 0.036074 0.072956 0.23269 0.039509 0.07416 -0.21019 0.048641 -0.16337 0.26502 -0.067199 0.28332 -0.18913 0.086257 -0.23392 0.25356 -0.079636 0.36479 -0.048606 0.10266 -0.43064 0.07197 0.047548 -0.43964 -0.01307 0.19276 -0.75019 0.074197 0.064708 -0.77309 -0.068682 0.16782 -0.82126 0.095177 0.033081 -0.85851 0.034805 -0.056143 0.60004
-0.12929 0.018821 0.32898 0.14361 0.027314 0.32484 0.0096212 -0.014055 0.40884 0.00036874 -0.0055543 0.068372 -0.051493 0.0011794 -0.054244 0.052769 0.0011794 -0.053003 -0.19776 0.037206 0.0728 0.23404 0.041746 0.075221 -0.21024 0.049804 -0.16354 0.26504 -0.062678 0.28573 -0.1885 0.089 -0.233 0.25272 -0.078168 0.36651 -0.047485 0.1025 -0.43063 0.072451 0.046813 -0.43962 -0.011238 0.1929 -0.75001 0.074585 0.063909 -0.77308 -0.06713 0.16866 -0.82111 0.095054 0.031928 -0.85849 0.0336 -0.057053 0.59987
-0.13 0.019331 0.32884 0.14318 0.02656 0.32513 0.0087469 -0.013871 0.40886 0.00013889 -0.0054837 0.068378 -0.051458 0.00083735 -0.054283 0.05281 0.00083735 -0.052968 -0.19813 0.038503 0.072635 0.23539 0.043925 0.076393 -0.21028 0.051078 -0.16372 0.26518 -0.057886 0.28834 -0.18776 0.09183 -0.23204 0.25168 -0.075406 0.36836 -0.046342 0.10235 -0.4306 0.072919 0.046058 -0.43961 -0.0093115 0.19299 -0.74982 0.074975 0.063096 -0.77307 -0.065511 0.16956 -0.82093 0.094859 0.030912 -0.8586 0.03231 -0.058007 0.59968
-0.13075 0.019898 0.32868 0.14272 0.025695 0.32546 0.0077937 -0.013692 0.40889 -0.00011077 -0.0053959 0.068384 -0.051419 0.00047846 -0.054322 0.05284 0.00047846 -0.05294 -0.19851 0.039994 0.072453 0.23671 0.04618 0.077693 -0.21029 0.052514 -0.16392 0.26537 -0.052763 0.29113 -0.18685 0.09483 -0.23101 0.25032 -0.070399 0.37042 -0.04515 0.10224 -0.43055 0.07338 0.045267 -0.43961 -0.0072391 0.19305 -0.74962 0.075375 0.062256 -0.77307 -0.063787 0.17053 -0.82073 0.094566 0.030061 -0.85887 0.030907 -0.05902 0.59948
-0.13156 0.020526 0.3285 0.14221 0.02471 0.32584 0.0067477 -0.013518 0.40891 -0.00038275 -0.0052892 0.06839 -0.051376 0.00010021 -0.054363 0.05286 0.00010021 -0.05292 -0.1989 0.04169 0.072253 0.238 0.048583 0.079125 -0.21028 0.054132 -0.16415 0.26552 -0.047328 0.29406 -0.18578 0.098007 -0.22994 0.24857 -0.062679 0.37273 -0.043895 0.10215 -0.43049 0.073839 0.044435 -0.43962 -0.0049953 0.19306 -0.74941 0.07579 0.061384 -0.77309 -0.061941 0.1716 -0.8205 0.094157 0.029352 -0.8593 0.02938 -0.060096 0.59925
-0.13243 0.021205 0.32831 0.14166 0.023633 0.32625 0.0056232 -0.013347 0.40893 -0.00067244 -0.0051664 0.068397 -0.051331 -0.00028942 -0.054403 0.052871 -0.00028942 -0.052908 -0.19929 0.043555 0.072037 0.23923 0.051052 0.080658 -0.21024 0.05589 -0.16439 0.26563 -0.041792 0.29706 -0.18463 0.10118 -0.22894 0.24653 -0.05296 0.37523 -0.042596 0.10208 -0.43041 0.07429 0.043576 -0.43964 -0.0026216 0.19303 -0.74918 0.076212 0.060493 -0.7731 -0.060002 0.17275 -0.82025 0.093624 0.028636 -0.85976 0.027748 -0.06122 0.59901
-0.13334 0.021922 0.32809 0.14107 0.022499 0.3267 0.0044384 -0.013176 0.40896 -0.00097417 -0.0050306 0.068403 -0.051288 -0.00068083 -0.054439 0.052872 -0.00068083 -0.052902 -0.19969 0.045547 0.071808 0.24042 0.053483 0.082255 -0.21019 0.057733 -0.16465 0.26567 -0.036394 0.30003 -0.18353 0.10414 -0.2281 0.24432 -0.042132 0.37782 -0.041275 0.10203 -0.43032 0.074727 0.042708 -0.43966 -0.0001695 0.19299 -0.74895 0.076631 0.059599 -0.77313 -0.058005 0.17396 -0.81998 0.092964 0.027746 -0.86013 0.026039 -0.062374 0.59875
-0.13428 0.022661 0.32787 0.14045 0.02134 0.32716 0.0032116 -0.013003 0.40898 -0.0012823 -0.0048852 0.068408 -0.051248 -0.0010644 -0.054471 0.052866 -0.0010644 -0.052903 -0.2001 0.047624 0.071571 0.24156 0.05577 0.083881 -0.21012 0.059608 -0.16491 0.26566 -0.031373 0.30291 -0.18257 0.10668 -0.22754 0.24207 -0.031087 0.38042 -0.039956 0.102 -0.43022 0.075143 0.041847 -0.43969 0.0023096 0.19293 -0.7487 0.077038 0.05872 -0.77316 -0.055988 0.17519 -0.8197 0.092174 0.026517 -0.86026 0.024278 -0.06354 0.59848
-0.13523 0.02341 0.32763 0.13981 0.020192 0.32762 0.001961 -0.012826 0.40899 -0.0015911 -0.0047337 0.068414 -0.051216 -0.0014306 -0.054495 0.052852 -0.0014306 -0.052909 -0.2005 0.049743 0.071328 0.24265 0.057809 0.085499 -0.21003 0.06146 -0.16519 0.26556 -0.026969 0.3056 -0.18188 0.10859 -0.22737 0.2399 -0.020717 0.38294 -0.03866 0.10198 -0.43012 0.075534 0.041011 -0.43973 0.0047643 0.19288 -0.74845 0.077422 0.05787 -0.7732 -0.053985 0.17643 -0.81941 0.091249 0.02478 -0.86001 0.022492 -0.064697 0.5982
-0.13619 0.024153 0.32739 0.13913 0.019088 0.32809 0.0007051 -0.012641 0.40901 -0.0018949 -0.0045792 0.068418 -0.051193 -0.0017699 -0.054509 0.052832 -0.0017699 -0.052922 -0.20091 0.051862 0.071084 0.24369 0.059495 0.087072 -0.20994 0.063236 -0.16547 0.26538 -0.023421 0.30803 -0.18155 0.10967 -0.2277 0.23793 -0.011911 0.38529 -0.037412 0.10196 -0.43 0.075891 0.040217 -0.43977 0.007143 0.19284 -0.74819 0.077774 0.057068 -0.77324 -0.052033 0.17765 -0.81911 0.090185 0.022371 -0.85924 0.020707 -0.065829 0.59792
-0.13714 0.024877 0.32714 0.13844 0.018062 0.32854 -0.00053797 -0.012448 0.40902 -0.0021881 -0.0044251 0.068421 -0.051182 -0.0020726 -0.054511 0.052805 -0.0020726 -0.05294 -0.20132 0.053939 0.070842 0.24467 0.060722 0.088565 -0.20983 0.064881 -0.16575 0.26511 -0.020967 0.31012 -0.18171 0.1097 -0.22863 0.23628 -0.0055621 0.38739 -0.036233 0.10194 -0.42989 0.07621 0.039481 -0.43981 0.0093943 0.19282 -0.74793 0.078083 0.056329 -0.77328 -0.050169 0.17882 -0.8188 0.088979 0.019121 -0.85781 0.01895 -0.066916 0.59762
-0.13807 0.025568 0.3269 0.13773 0.017148 0.32896 -0.0017499 -0.012242 0.40903 -0.002465 -0.0042748 0.068423 -0.051187 -0.0023291 -0.054499 0.052774 -0.0023291 -0.052963 -0.20173 0.05593 0.070605 0.24559 0.061385 0.089942 -0.20972 0.066343 -0.16603 0.26474 -0.019849 0.31177 -0.18245 0.10848 -0.23029 0.23509 -0.0025607 0.38914 -0.035147 0.10191 -0.42977 0.076485 0.038822 -0.43986 0.011467 0.19284 -0.74766 0.078341 0.05567 -0.77333 -0.048427 0.17992 -0.8185 0.087627 0.014865 -0.85559 0.017246 -0.067939 0.59733
-0.13896 0.026212 0.32665 0.137 0.01638 0.32935 -0.0029123 -0.012022 0.40903 -0.0027199 -0.0041315 0.068423 -0.05121 -0.0025299 -0.05447 0.052739 -0.0025299 -0.052991 -0.20213 0.057794 0.070378 0.24645 0.06138 0.091165 -0.20961 0.067566 -0.1663 0.26425 -0.020304 0.31292 -0.1839 0.10579 -0.23277 0.23448 -0.003798 0.39046 -0.034177 0.10188 -0.42965 0.076708 0.038255 -0.43991 0.013309 0.19291 -0.74739 0.078538 0.055108 -0.77338 -0.046846 0.18094 -0.8182 0.086124 0.009435 -0.85243 0.015623 -0.06888 0.59704
-0.13981 0.026796 0.32641 0.13627 0.015793 0.32969 -0.004007 -0.011785 0.40903 -0.0029472 -0.0039986 0.068422 -0.051254 -0.0026654 -0.054422 0.052701 -0.0026654 -0.053022 -0.20253 0.059489 0.070165 0.24725 0.060602 0.092198 -0.2095 0.068498 -0.16656 0.26365 -0.022572 0.31347 -0.18615 0.10143 -0.23619 0.23456 -0.010165 0.39125 -0.033344 0.10183 -0.42954 0.076874 0.037799 -0.43996 0.014869 0.19304 -0.74711 0.078663 0.054659 -0.77343 -0.045459 0.18183 -0.8179 0.084468 0.0026653 -0.8482 0.014106 -0.069721 0.59675
-0.14061 0.027304 0.32618 0.13553 0.01542 0.32998 -0.0050157 -0.011529 0.40903 -0.0031411 -0.0038795 0.068419 -0.051322 -0.0027259 -0.054353 0.052659 -0.0027259 -0.053058 -0.20292 0.060972 0.069967 0.24799 0.058945 0.093006 -0.20939 0.069084 -0.1668 0.26292 -0.026892 0.31335 -0.18933 0.095198 -0.24066 0.23547 -0.022554 0.39145 -0.032673 0.10176 -0.42943 0.076977 0.03747 -0.44002 0.016096 0.19324 -0.74684 0.078706 0.054339 -0.77349 -0.044304 0.18258 -0.81762 0.082654 -0.005611 -0.84275 0.012722 -0.070443 0.59647
-0.14134 0.027723 0.32596 0.13479 0.015296 0.3302 -0.00592 -0.011251 0.40902 -0.0032961 -0.0037774 0.068413 -0.051416 -0.002702 -0.05426 0.052616 -0.002702 -0.053097 -0.2033 0.0622 0.06979 0.24866 0.056305 0.093552 -0.20928 0.069271 -0.16703 0.26205 -0.033505 0.31247 -0.19355 0.086875 -0.24629 0.23732 -0.041854 0.39094 -0.032185 0.10166 -0.42934 0.07701 0.037285 -0.44007 0.016938 0.19353 -0.74657 0.078659 0.054166 -0.77354 -0.043417 0.18316 -0.81735 0.080678 -0.015561 -0.83595 0.011498 -0.071026 0.5962
