-0.1249 -0.070473 0.3544 0.15955 -0.053222 0.30116 0.031916 -0.07716 0.40043 0.0072587 -0.017773 0.065856 -0.055356 0.011527 -0.048968 0.047774 0.011527 -0.05639 -0.17698 -0.011323 0.10055 0.2182 -0.017972 0.04432 -0.17484 -0.02262 -0.13617 0.21907 -0.062572 -0.18844 -0.17144 -0.0095334 -0.21776 0.20426 -0.061756 -0.2698 -0.089931 0.035242 -0.43651 0.074968 0.10514 -0.4338 -0.1856 0.14054 -0.73858 0.041225 0.1567 -0.76197 -0.18867 0.089499 -0.81698 0.084491 0.12259 -0.83764 -0.021459 -0.14633 0.57729
-0.13676 -0.07064 0.35404 0.1513 -0.061169 0.30616 0.01924 -0.087649 0.39888 0.0051158 -0.019275 0.065582 -0.054271 0.014524 -0.049317 0.047228 0.014524 -0.056098 -0.18277 -0.0088533 0.099704 0.20839 -0.03095 0.048234 -0.17532 -0.019827 -0.13706 0.20576 -0.079574 -0.18381 -0.17194 -0.015409 -0.21925 0.19035 -0.078861 -0.26509 -0.090963 0.052501 -0.43533 0.084843 0.10105 -0.43407 -0.16834 0.15515 -0.74302 0.061187 0.14757 -0.76371 -0.17387 0.091596 -0.81029 0.099473 0.10721 -0.83858 -0.028804 -0.15047 0.57952
-0.14734 -0.071807 0.35267 0.14427 -0.067735 0.31169 0.0079647 -0.095495 0.39759 0.0033422 -0.020227 0.065435 -0.05343 0.016799 -0.049546 0.047008 0.016799 -0.055676 -0.18917 -0.009439 0.097716 0.19828 -0.037989 0.053076 -0.17629 -0.01724 -0.13888 0.19291 -0.087184 -0.17878 -0.17227 -0.017359 -0.22137 0.1779 -0.087556 -0.26012 -0.090503 0.06577 -0.43438 0.092005 0.098341 -0.43406 -0.15507 0.16594 -0.74607 0.076115 0.14132 -0.76473 -0.16199 0.097421 -0.80916 0.11046 0.095971 -0.83884 -0.034388 -0.15376 0.5812
-0.1569 -0.073584 0.35002 0.13779 -0.073496 0.31725 -0.0024666 -0.10147 0.39636 0.0017722 -0.020826 0.065345 -0.052726 0.018475 -0.049747 0.047108 0.018475 -0.055096 -0.19587 -0.012045 0.09439 0.18795 -0.041089 0.058273 -0.17763 -0.014794 -0.14186 0.18045 -0.088358 -0.17381 -0.1726 -0.016514 -0.22442 0.1665 -0.090179 -0.2553 -0.088665 0.076078 -0.43362 0.097364 0.096003 -0.43383 -0.14425 0.17368 -0.74813 0.087465 0.13614 -0.76519 -0.15198 0.10561 -0.81192 0.11839 0.086824 -0.83856 -0.038859 -0.15669 0.58223
-0.16572 -0.075575 0.34586 0.1312 -0.07903 0.32232 -0.012611 -0.10634 0.39497 0.00023982 -0.021265 0.065241 -0.052052 0.019675 -0.05001 0.047527 0.019675 -0.054329 -0.20258 -0.015638 0.089533 0.17746 -0.04225 0.063251 -0.17923 -0.012424 -0.14622 0.16831 -0.086051 -0.16936 -0.17312 -0.014004 -0.22872 0.15573 -0.089066 -0.25104 -0.085564 0.084456 -0.433 0.10183 0.093001 -0.43341 -0.13436 0.17915 -0.74962 0.096691 0.13026 -0.76524 -0.14274 0.1148 -0.81691 0.12417 0.077738 -0.8379 -0.042865 -0.15975 0.58247
-0.17407 -0.07739 0.33994 0.12386 -0.08491 0.32641 -0.023026 -0.11087 0.39321 -0.0014208 -0.021742 0.065055 -0.051302 0.020524 -0.050427 0.048258 0.020524 -0.053347 -0.209 -0.019183 0.082949 0.16689 -0.043474 0.067437 -0.18096 -0.010066 -0.15218 0.15643 -0.083217 -0.16589 -0.17401 -0.010959 -0.2346 0.14516 -0.086555 -0.24776 -0.081313 0.091934 -0.43248 0.1063 0.088307 -0.43284 -0.12386 0.18312 -0.75092 0.10525 0.1219 -0.76507 -0.13322 0.12362 -0.82247 0.12874 0.066674 -0.83701 -0.047055 -0.16343 0.58183
-0.18219 -0.078663 0.33205 0.11517 -0.091666 0.32903 -0.03422 -0.11579 0.39088 -0.0033628 -0.022436 0.064722 -0.050379 0.02114 -0.051079 0.049296 0.02114 -0.052125 -0.21484 -0.021677 0.074488 0.15632 -0.046631 0.070299 -0.18271 -0.0076525 -0.15993 0.14481 -0.082561 -0.16384 -0.17545 -0.0084216 -0.24231 0.13445 -0.084802 -0.24584 -0.07604 0.099481 -0.43203 0.11163 0.080974 -0.43217 -0.11135 0.18634 -0.75242 0.1145 0.10948 -0.76481 -0.1224 0.13077 -0.82702 0.13301 0.051843 -0.83603 -0.052045 -0.1682 0.5802
-0.18985 -0.079465 0.32251 0.10542 -0.099066 0.3303 -0.045928 -0.12093 0.3881 -0.005541 -0.023297 0.064261 -0.049324 0.021568 -0.051919 0.050567 0.021568 -0.05071 -0.22015 -0.022587 0.064635 0.14605 -0.051599 0.071921 -0.18462 -0.0050884 -0.16905 0.13421 -0.082943 -0.16302 -0.17753 -0.0060805 -0.25146 0.12451 -0.083175 -0.24511 -0.070069 0.10709 -0.43161 0.11754 0.071338 -0.43139 -0.097189 0.18884 -0.75412 0.12445 0.094835 -0.76438 -0.11048 0.13579 -0.83019 0.13791 0.035251 -0.83504 -0.05793 -0.17385 0.57774
-0.19641 -0.080208 0.31207 0.095641 -0.10629 0.33078 -0.057285 -0.12547 0.38522 -0.0077551 -0.024096 0.063753 -0.048291 0.021797 -0.0528 0.05195 0.021797 -0.049204 -0.2252 -0.02175 0.054378 0.13653 -0.056692 0.07287 -0.18699 -0.0022547 -0.17871 0.12601 -0.080201 -0.16278 -0.18026 -0.0025612 -0.26114 0.11721 -0.078853 -0.245 -0.063876 0.114 -0.43121 0.12287 0.060736 -0.43051 -0.08314 0.19015 -0.75573 0.134 0.082486 -0.76352 -0.098586 0.13893 -0.83254 0.14436 0.021888 -0.83406 -0.0644 -0.17965 0.57476
-0.2014 -0.081193 0.3015 0.08669 -0.11252 0.33093 -0.067532 -0.12872 0.38254 -0.0098266 -0.024639 0.063271 -0.04741 0.021819 -0.053592 0.053332 0.021819 -0.0477 -0.23012 -0.019266 0.044625 0.12817 -0.060296 0.07363 -0.18995 0.00085736 -0.18808 0.12122 -0.071153 -0.16257 -0.18344 0.0031536 -0.27046 0.11395 -0.069644 -0.24498 -0.057894 0.11954 -0.43082 0.12662 0.050675 -0.4295 -0.070756 0.18989 -0.75701 0.14221 0.076381 -0.76198 -0.087718 0.14046 -0.83463 0.15305 0.016206 -0.83312 -0.071159 -0.18497 0.57159
-0.2053 -0.082049 0.29177 0.078535 -0.11713 0.33058 -0.076617 -0.1308 0.38011 -0.011723 -0.024959 0.062818 -0.046671 0.021672 -0.054293 0.054671 0.021672 -0.046227 -0.23414 -0.016637 0.035753 0.12095 -0.061459 0.07414 -0.19247 0.0036383 -0.19668 0.11863 -0.058533 -0.16243 -0.18576 0.0099251 -0.27884 0.11331 -0.057188 -0.24501 -0.052266 0.12366 -0.43049 0.12862 0.043434 -0.42837 -0.06019 0.18832 -0.75799 0.14906 0.076969 -0.75988 -0.078081 0.14082 -0.83662 0.16335 0.019205 -0.83241 -0.078038 -0.18962 0.56841
-0.20893 -0.082172 0.28389 0.070831 -0.11953 0.32932 -0.084728 -0.13213 0.37789 -0.013461 -0.025172 0.062374 -0.046016 0.021409 -0.054947 0.055947 0.021409 -0.044794 -0.23622 -0.015848 0.027958 0.11471 -0.059459 0.07415 -0.19314 0.0052654 -0.20413 0.11626 -0.047129 -0.16261 -0.18554 0.015867 -0.2858 0.11291 -0.044454 -0.24517 -0.04704 0.12653 -0.4303 0.12899 0.04156 -0.42714 -0.051111 0.18597 -0.75884 0.15485 0.083479 -0.75741 -0.069603 0.14053 -0.83855 0.17418 0.030682 -0.83215 -0.084913 -0.1936 0.56534
-0.21274 -0.081343 0.2783 0.063455 -0.11967 0.32712 -0.091979 -0.13303 0.37587 -0.015038 -0.025355 0.061934 -0.045412 0.021077 -0.055572 0.057128 0.021077 -0.043435 -0.23599 -0.017795 0.021349 0.10929 -0.054423 0.073602 -0.19143 0.0053851 -0.21025 0.11289 -0.039863 -0.16317 -0.18218 0.019775 -0.29115 0.11122 -0.033574 -0.24548 -0.042312 0.12837 -0.4303 0.12801 0.045958 -0.42585 -0.043329 0.18328 -0.75964 0.15987 0.094766 -0.7547 -0.062259 0.13995 -0.84041 0.18466 0.049351 -0.83227 -0.091516 -0.19695 0.56249
-0.21638 -0.080231 0.27421 0.056803 -0.1187 0.32472 -0.098305 -0.13366 0.37404 -0.0164 -0.025496 0.061532 -0.044882 0.020711 -0.056138 0.058155 0.020711 -0.042235 -0.23471 -0.020824 0.015833 0.10456 -0.048453 0.072887 -0.18884 0.0047352 -0.21527 0.10901 -0.035324 -0.1638 -0.17766 0.02203 -0.29534 0.10874 -0.024726 -0.24574 -0.038299 0.12952 -0.43038 0.12631 0.053724 -0.42456 -0.036986 0.18053 -0.76036 0.16437 0.10882 -0.75172 -0.05614 0.13915 -0.8421 0.19439 0.071422 -0.83188 -0.097234 -0.19975 0.55991
-0.21941 -0.079612 0.27063 0.051333 -0.1179 0.323 -0.10361 -0.13413 0.37245 -0.017488 -0.025575 0.061204 -0.044461 0.020342 -0.056609 0.058966 0.020342 -0.041287 -0.23382 -0.022978 0.011292 0.10037 -0.043872 0.072445 -0.18711 0.004185 -0.21947 0.10538 -0.03153 -0.16413 -0.17422 0.023229 -0.29893 0.10627 -0.017807 -0.24573 -0.035225 0.13034 -0.43046 0.12455 0.061493 -0.42336 -0.032261 0.17795 -0.76093 0.16862 0.1235 -0.74843 -0.051341 0.13818 -0.84349 0.203 0.092808 -0.83005 -0.10143 -0.20214 0.55761
-0.22161 -0.079687 0.26728 0.047257 -0.11781 0.32218 -0.1078 -0.13458 0.3711 -0.018307 -0.025598 0.060956 -0.044159 0.019983 -0.056972 0.059561 0.019983 -0.040604 -0.23381 -0.023676 0.0076886 0.09683 -0.041449 0.072421 -0.18675 0.0040208 -0.22294 0.1025 -0.027712 -0.16405 -0.17259 0.023723 -0.30206 0.10435 -0.012607 -0.24541 -0.033087 0.13096 -0.43048 0.12315 0.067847 -0.42224 -0.029019 0.17562 -0.76136 0.17259 0.1369 -0.74509 -0.047762 0.13705 -0.84457 0.21034 0.11096 -0.82691 -0.10419 -0.20426 0.55562
-0.22304 -0.080056 0.26461 0.04452 -0.11816 0.32188 -0.11076 -0.13511 0.37004 -0.01893 -0.025603 0.06076 -0.043968 0.019625 -0.057243 0.060005 0.019625 -0.040117 -0.23416 -0.023783 0.0050664 0.094295 -0.040334 0.072644 -0.18694 0.0039166 -0.22552 0.1006 -0.024371 -0.16372 -0.17183 0.023607 -0.30443 0.10329 -0.0088072 -0.24491 -0.031639 0.13134 -0.43049 0.12228 0.073417 -0.42114 -0.026794 0.17335 -0.7617 0.176 0.1473 -0.74229 -0.045096 0.13576 -0.84545 0.21641 0.12493 -0.82373 -0.10631 -0.20631 0.55395
-0.22372 -0.080275 0.26303 0.043044 -0.11868 0.32171 -0.11239 -0.13582 0.36927 -0.019426 -0.025619 0.060592 -0.043868 0.01926 -0.057443 0.060364 0.01926 -0.039752 -0.23427 -0.024082 0.0034559 0.093041 -0.039665 0.072934 -0.18678 0.0036304 -0.22708 0.099851 -0.02199 -0.16333 -0.17094 0.023038 -0.30581 0.1033 -0.006081 -0.24439 -0.03061 0.13145 -0.4305 0.12202 0.078845 -0.41998 -0.025116 0.17102 -0.762 0.17862 0.15329 -0.74054 -0.043017 0.13433 -0.84623 0.22119 0.13397 -0.82165 -0.10848 -0.20847 0.55262
-0.22349 -0.079798 0.26248 0.042614 -0.11925 0.32155 -0.11288 -0.13661 0.36882 -0.019831 -0.025617 0.060461 -0.043778 0.018918 -0.057625 0.060699 0.018918 -0.039407 -0.23314 -0.024169 0.0027357 0.092595 -0.039137 0.073135 -0.1851 0.0038171 -0.22766 0.099807 -0.020434 -0.16304 -0.16889 0.022741 -0.30637 0.10396 -0.0041054 -0.24398 -0.029624 0.13145 -0.43054 0.1222 0.084099 -0.41875 -0.02358 0.1688 -0.76229 0.18054 0.15578 -0.73961 -0.041165 0.13291 -0.84693 0.22428 0.13819 -0.8206 -0.11006 -0.21047 0.5517
-0.22206 -0.078026 0.26266 0.042956 -0.11986 0.3214 -0.11253 -0.13729 0.3687 -0.02016 -0.02554 0.06039 -0.043583 0.018647 -0.05786 0.061065 0.018647 -0.038967 -0.22955 -0.023075 0.0027124 0.092129 -0.038712 0.073104 -0.1806 0.0055589 -0.2274 0.099744 -0.019271 -0.16297 -0.16461 0.023715 -0.30651 0.1045 -0.0025582 -0.24383 -0.028251 0.13158 -0.43063 0.12249 0.08883 -0.41745 -0.021815 0.16698 -0.76259 0.18203 0.15676 -0.7389 -0.039161 0.13174 -0.84755 0.22504 0.13809 -0.81988 -0.10978 -0.21189 0.5513
-0.21941 -0.075204 0.26322 0.043842 -0.12078 0.32106 -0.11155 -0.13818 0.36874 -0.020408 -0.025431 0.060363 -0.043207 0.018521 -0.058182 0.061464 0.018521 -0.038394 -0.2232 -0.02061 0.0031351 0.090765 -0.038548 0.072578 -0.17297 0.0091416 -0.22653 0.098764 -0.018338 -0.16341 -0.15811 0.025886 -0.30656 0.10401 -0.001353 -0.24419 -0.026654 0.13175 -0.43086 0.12238 0.092704 -0.4162 -0.020062 0.16553 -0.76298 0.18293 0.15773 -0.73807 -0.0372 0.13071 -0.84816 0.22301 0.13455 -0.81908 -0.10673 -0.21287 0.55127
-0.21639 -0.074273 0.26357 0.045191 -0.12326 0.31968 -0.10992 -0.14124 0.36806 -0.020503 -0.025665 0.060231 -0.042686 0.018711 -0.058505 0.06172 0.018711 -0.037889 -0.21659 -0.019089 0.0035691 0.087475 -0.039435 0.070903 -0.16511 0.012288 -0.22561 0.095423 -0.018334 -0.16501 -0.15276 0.025739 -0.30666 0.10097 -0.0011597 -0.24572 -0.026896 0.13072 -0.43158 0.1208 0.09546 -0.41547 -0.020538 0.16324 -0.76383 0.18179 0.15854 -0.73764 -0.037325 0.12864 -0.84917 0.21807 0.1296 -0.81868 -0.10119 -0.2154 0.55065
-0.21399 -0.078657 0.26308 0.046953 -0.12868 0.31629 -0.10755 -0.1487 0.36569 -0.020361 -0.026673 0.059821 -0.042079 0.0194 -0.058721 0.061624 0.0194 -0.037698 -0.21275 -0.021281 0.0035492 0.08124 -0.04228 0.067363 -0.16053 0.012237 -0.22521 0.088208 -0.020118 -0.1685 -0.15259 0.019142 -0.30692 0.093814 -0.0027886 -0.24917 -0.03138 0.12702 -0.43319 0.11658 0.096845 -0.41576 -0.02581 0.15869 -0.76554 0.17691 0.15869 -0.73829 -0.041907 0.12415 -0.85102 0.21023 0.1255 -0.81933 -0.093678 -0.22181 0.54838
-0.21264 -0.089144 0.26152 0.048989 -0.13742 0.31062 -0.10459 -0.16099 0.36125 -0.019976 -0.028539 0.059072 -0.041446 0.020655 -0.058747 0.061117 0.020655 -0.037858 -0.21248 -0.027808 0.0028988 0.072686 -0.047444 0.061862 -0.16066 0.0074947 -0.22577 0.077552 -0.024007 -0.17395 -0.15859 0.0054315 -0.3076 0.082975 -0.0065389 -0.2546 -0.040638 0.12003 -0.43561 0.10961 0.096375 -0.41718 -0.036348 0.15123 -0.76802 0.1682 0.15738 -0.74019 -0.051413 0.11665 -0.85368 0.20014 0.12264 -0.82123 -0.084929 -0.23276 0.54392
-0.21198 -0.10282 0.25917 0.051043 -0.14834 0.30342 -0.10151 -0.17594 0.35519 -0.019457 -0.030863 0.058083 -0.040847 0.022378 -0.058533 0.060346 0.022378 -0.038114 -0.21342 -0.036277 0.0018466 0.064748 -0.054523 0.055183 -0.16402 -0.001649 -0.2274 0.066623 -0.029555 -0.1805 -0.16752 -0.011185 -0.30921 0.071717 -0.011992 -0.26116 -0.052578 0.11031 -0.4381 0.10124 0.093237 -0.41926 -0.049681 0.1413 -0.77054 0.15777 0.1533 -0.74281 -0.063633 0.10664 -0.85636 0.18941 0.11883 -0.82393 -0.075982 -0.24654 0.53761
-0.21158 -0.11661 0.25636 0.052856 -0.16025 0.29549 -0.098762 -0.1913 0.34804 -0.018915 -0.03323 0.056959 -0.040332 0.024452 -0.058046 0.059477 0.024452 -0.038198 -0.21314 -0.044178 0.00061535 0.060305 -0.063051 0.048112 -0.16892 -0.014658 -0.23021 0.05856 -0.036303 -0.18733 -0.17597 -0.026344 -0.31216 0.063271 -0.018718 -0.268 -0.064963 0.098472 -0.43992 0.09286 0.086633 -0.42148 -0.063209 0.1294 -0.77238 0.14778 0.14524 -0.74557 -0.076237 0.094714 -0.85833 0.17958 0.11183 -0.82695 -0.067887 -0.26135 0.52984
-0.21106 -0.12899 0.25288 0.054287 -0.17223 0.28715 -0.096545 -0.2061 0.34013 -0.018414 -0.035478 0.055751 -0.039825 0.026685 -0.057405 0.058687 0.026685 -0.037923 -0.2112 -0.050244 -0.00099426 0.059524 -0.072515 0.040748 -0.17409 -0.029686 -0.23399 0.053766 -0.044279 -0.19442 -0.18229 -0.038111 -0.31622 0.058055 -0.026795 -0.27513 -0.076181 0.084854 -0.44102 0.084894 0.076206 -0.4235 -0.075419 0.11597 -0.77346 0.13902 0.13315 -0.74801 -0.087818 0.081316 -0.85952 0.17109 0.10086 -0.82975 -0.06154 -0.27606 0.5212
-0.21008 -0.13943 0.24824 0.055272 -0.18357 0.27847 -0.094879 -0.22014 0.33168 -0.017981 -0.037609 0.054477 -0.039169 0.028838 -0.056825 0.058164 0.028838 -0.037153 -0.20844 -0.054016 -0.0034539 0.060826 -0.082371 0.032746 -0.1785 -0.044047 -0.23834 0.050886 -0.053833 -0.20231 -0.18597 -0.046118 -0.32069 0.054665 -0.036626 -0.28312 -0.085025 0.069615 -0.44176 0.077156 0.061884 -0.42507 -0.085498 0.10138 -0.77414 0.13137 0.11776 -0.74976 -0.09756 0.066818 -0.86029 0.1636 0.08608 -0.83173 -0.05774 -0.29001 0.51238
-0.20883 -0.1478 0.24262 0.055759 -0.19398 0.26963 -0.093875 -0.23327 0.3229 -0.01766 -0.039628 0.053143 -0.038277 0.030723 -0.056453 0.058022 0.030723 -0.035836 -0.20605 -0.055523 -0.0066194 0.063034 -0.092362 0.02407 -0.18172 -0.055662 -0.24243 0.048712 -0.065468 -0.21113 -0.18719 -0.05054 -0.32453 0.051938 -0.048706 -0.29206 -0.090797 0.052802 -0.44231 0.069412 0.043434 -0.42578 -0.093052 0.085904 -0.77457 0.12472 0.09959 -0.75029 -0.10507 0.051503 -0.86079 0.15681 0.067624 -0.83221 -0.057184 -0.30277 0.5039
-0.2099 -0.15581 0.23911 0.05576 -0.20519 0.26154 -0.094056 -0.24527 0.31385 -0.017557 -0.041542 0.051699 -0.037378 0.03238 -0.056127 0.058055 0.03238 -0.03429 -0.20657 -0.056927 -0.0075739 0.066906 -0.10353 0.016103 -0.18603 -0.065258 -0.24357 0.04685 -0.080365 -0.2191 -0.18921 -0.053883 -0.32523 0.049908 -0.063925 -0.3001 -0.095044 0.03396 -0.4419 0.061257 0.019888 -0.42448 -0.09949 0.069482 -0.77389 0.119 0.078114 -0.74821 -0.11175 0.035269 -0.86015 0.15052 0.045495 -0.83009 -0.060121 -0.31512 0.49526
-0.21653 -0.16567 0.24163 0.055304 -0.21941 0.25525 -0.096059 -0.2559 0.30458 -0.017795 -0.043356 0.050083 -0.036786 0.033915 -0.055599 0.057968 0.033915 -0.032932 -0.21295 -0.06096 -0.0026587 0.073728 -0.11726 0.010612 -0.19442 -0.074328 -0.23855 0.045129 -0.099867 -0.22391 -0.19611 -0.059277 -0.3199 0.048941 -0.083259 -0.30483 -0.09993 0.012516 -0.43951 0.052244 -0.0099012 -0.41987 -0.10672 0.051956 -0.77099 0.11416 0.052544 -0.74195 -0.11951 0.017919 -0.85724 0.14458 0.019667 -0.82414 -0.066671 -0.32812 0.48574
-0.22869 -0.17721 0.25046 0.054375 -0.23642 0.25127 -0.099886 -0.26476 0.29558 -0.018367 -0.044991 0.048386 -0.036605 0.03532 -0.054832 0.057638 0.03532 -0.032021 -0.22505 -0.068007 0.0081372 0.083325 -0.13282 0.0084251 -0.20696 -0.082707 -0.22768 0.043546 -0.12254 -0.22461 -0.20844 -0.067163 -0.30902 0.049039 -0.10529 -0.30528 -0.10624 -0.010283 -0.43511 0.04264 -0.043879 -0.41208 -0.11522 0.034419 -0.76584 0.11002 0.024199 -0.73185 -0.12876 0.00050029 -0.85202 0.13913 -0.0083635 -0.81467 -0.075862 -0.34164 0.4755
-0.24019 -0.18578 0.25906 0.05287 -0.25135 0.24898 -0.10434 -0.27111 0.28823 -0.019016 -0.04621 0.046982 -0.036534 0.036372 -0.054194 0.057262 0.036372 -0.031512 -0.23701 -0.074002 0.017918 0.092763 -0.14543 0.0085911 -0.21809 -0.087091 -0.21793 0.042403 -0.14167 -0.22279 -0.22007 -0.072899 -0.29942 0.049519 -0.12404 -0.30327 -0.11212 -0.029733 -0.43059 0.034059 -0.073935 -0.40403 -0.1228 0.020333 -0.76052 0.10612 -0.001618 -0.72191 -0.13708 -0.013582 -0.84659 0.1349 -0.034209 -0.80483 -0.084665 -0.35325 0.46643
-0.24448 -0.18651 0.26052 0.050704 -0.25906 0.24772 -0.10814 -0.27421 0.28395 -0.019473 -0.046772 0.046258 -0.036247 0.036841 -0.054074 0.057066 0.036841 -0.031328 -0.24263 -0.074599 0.019453 0.098959 -0.15013 0.010021 -0.22203 -0.084134 -0.21654 0.042017 -0.15031 -0.22021 -0.2245 -0.071626 -0.29822 0.049653 -0.13334 -0.30078 -0.11559 -0.041057 -0.42793 0.028139 -0.091776 -0.39879 -0.12711 0.013162 -0.75722 0.10201 -0.019474 -0.71629 -0.14189 -0.020917 -0.84313 0.1326 -0.05344 -0.79791 -0.089993 -0.36039 0.46053
-0.24113 -0.17953 0.25517 0.048279 -0.25906 0.24768 -0.11077 -0.27409 0.28306 -0.019695 -0.046725 0.046211 -0.035748 0.036738 -0.054472 0.057094 0.036738 -0.031401 -0.2416 -0.069325 0.013319 0.10177 -0.14663 0.012724 -0.219 -0.075977 -0.22274 0.042286 -0.14764 -0.21691 -0.22174 -0.064799 -0.3046 0.049271 -0.13219 -0.29783 -0.11704 -0.04508 -0.42714 0.024268 -0.097973 -0.39651 -0.12856 0.011704 -0.756 0.097104 -0.029614 -0.71509 -0.14358 -0.022686 -0.84174 0.13137 -0.066574 -0.79383 -0.09187 -0.36254 0.45844
-0.23502 -0.16927 0.24959 0.046415 -0.25484 0.2498 -0.11237 -0.27146 0.28492 -0.019833 -0.046363 0.046505 -0.035323 0.036282 -0.055053 0.057233 0.036282 -0.031671 -0.23873 -0.061055 0.0068452 0.10359 -0.13866 0.017662 -0.2145 -0.069513 -0.22883 0.042745 -0.13814 -0.21143 -0.21743 -0.059333 -0.31084 0.048691 -0.12407 -0.2927 -0.11895 -0.04747 -0.4265 0.019889 -0.10077 -0.39478 -0.12993 0.010716 -0.75511 0.090722 -0.037193 -0.71482 -0.14515 -0.02404 -0.84067 0.12901 -0.078416 -0.7896 -0.093007 -0.361 0.45964
-0.23063 -0.1597 0.2495 0.045711 -0.24951 0.25473 -0.11316 -0.26689 0.28893 -0.020028 -0.045937 0.046844 -0.035241 0.035675 -0.055506 0.057386 0.035675 -0.032075 -0.23837 -0.052471 0.0063843 0.10642 -0.12968 0.025406 -0.21343 -0.070458 -0.22816 0.042906 -0.12613 -0.20277 -0.21665 -0.061013 -0.31031 0.048125 -0.11248 -0.28418 -0.12344 -0.053181 -0.42449 0.012888 -0.10743 -0.39151 -0.13363 0.0056683 -0.753 0.082434 -0.04676 -0.71243 -0.14914 -0.029433 -0.83838 0.12385 -0.093003 -0.78261 -0.095753 -0.35698 0.46352
-0.22894 -0.15107 0.25395 0.045286 -0.2429 0.26107 -0.11376 -0.26015 0.29478 -0.020313 -0.045389 0.047257 -0.035577 0.034948 -0.055753 0.057572 0.034948 -0.032535 -0.24104 -0.044353 0.010774 0.10928 -0.12065 0.033888 -0.216 -0.076175 -0.22223 0.042176 -0.11387 -0.1932 -0.21955 -0.067419 -0.30446 0.047046 -0.099884 -0.27457 -0.1299 -0.061697 -0.42129 0.0043379 -0.11756 -0.38695 -0.13916 -0.0026849 -0.7498 0.07338 -0.058037 -0.70819 -0.15498 -0.038096 -0.835 0.11771 -0.10869 -0.77343 -0.099632 -0.35093 0.46932
-0.22957 -0.14221 0.25937 0.043685 -0.23359 0.26664 -0.1149 -0.25064 0.30227 -0.020678 -0.044539 0.047897 -0.036334 0.034069 -0.055805 0.05786 0.034069 -0.032967 -0.24581 -0.036744 0.015945 0.11005 -0.11159 0.040021 -0.22056 -0.080795 -0.21566 0.039928 -0.10282 -0.18622 -0.22441 -0.072961 -0.29787 0.044638 -0.088388 -0.26751 -0.13666 -0.070385 -0.41771 -0.0034569 -0.1278 -0.38228 -0.14492 -0.011544 -0.74628 0.065307 -0.068884 -0.70366 -0.16085 -0.047245 -0.83132 0.1138 -0.12164 -0.76381 -0.10307 -0.34298 0.47618
-0.2317 -0.13233 0.26323 0.040261 -0.22117 0.2702 -0.11693 -0.2384 0.31099 -0.021091 -0.043279 0.048858 -0.037462 0.032981 -0.055713 0.05829 0.032981 -0.033339 -0.25152 -0.029459 0.019076 0.10785 -0.10279 0.042127 -0.22578 -0.080926 -0.21142 0.036292 -0.093915 -0.18377 -0.22988 -0.074192 -0.29354 0.040895 -0.079351 -0.26504 -0.14276 -0.077707 -0.41428 -0.0091077 -0.13605 -0.37823 -0.14994 -0.019166 -0.74293 0.05924 -0.078041 -0.69985 -0.16584 -0.055153 -0.8278 0.11375 -0.12987 -0.755 -0.10502 -0.33332 0.48348
-0.23344 -0.12171 0.26566 0.036448 -0.20785 0.27289 -0.11902 -0.22512 0.31996 -0.021455 -0.041682 0.050075 -0.038774 0.031569 -0.055635 0.058833 0.031569 -0.033745 -0.25647 -0.021731 0.020584 0.10504 -0.095331 0.042168 -0.23101 -0.07958 -0.20822 0.033352 -0.086757 -0.18367 -0.23557 -0.073224 -0.29035 0.037902 -0.072227 -0.26495 -0.14897 -0.084962 -0.41079 -0.013598 -0.14349 -0.37446 -0.15501 -0.026542 -0.73948 0.054344 -0.086531 -0.69636 -0.17134 -0.062842 -0.82414 0.11508 -0.13621 -0.74695 -0.10574 -0.32234 0.49106
-0.23274 -0.1108 0.26725 0.034003 -0.19621 0.27621 -0.12019 -0.2127 0.32813 -0.021664 -0.039856 0.051458 -0.040067 0.029712 -0.055736 0.059448 0.029712 -0.034299 -0.25893 -0.012793 0.0214 0.10439 -0.090379 0.042623 -0.23576 -0.080732 -0.20412 0.033412 -0.080733 -0.18317 -0.24124 -0.073077 -0.28657 0.03798 -0.066179 -0.26445 -0.15635 -0.093914 -0.40689 -0.018236 -0.15182 -0.37042 -0.16111 -0.035136 -0.73554 0.049524 -0.095723 -0.69254 -0.17903 -0.071808 -0.81987 0.11478 -0.14418 -0.73938 -0.10565 -0.31043 0.4989
-0.22874 -0.10044 0.26911 0.034366 -0.18659 0.28071 -0.11911 -0.20216 0.33523 -0.021519 -0.037958 0.052936 -0.041343 0.027559 -0.05591 0.060021 0.027559 -0.035058 -0.25829 -0.0047128 0.022427 0.10572 -0.088048 0.043999 -0.23904 -0.086445 -0.19852 0.035935 -0.07543 -0.18179 -0.2456 -0.077472 -0.28138 0.040501 -0.060704 -0.26304 -0.16455 -0.10671 -0.40122 -0.022713 -0.16239 -0.36542 -0.16829 -0.047478 -0.72982 0.044777 -0.1064 -0.68764 -0.18795 -0.084618 -0.81378 0.11265 -0.15454 -0.73151 -0.10383 -0.29791 0.5071
-0.22201 -0.091871 0.27296 0.038612 -0.17676 0.28583 -0.11405 -0.19352 0.34194 -0.020721 -0.036211 0.054454 -0.042837 0.025564 -0.055737 0.060359 0.025564 -0.036014 -0.25524 -0.0028316 0.024539 0.10544 -0.087227 0.044521 -0.23937 -0.096578 -0.19238 0.037104 -0.070657 -0.18164 -0.24625 -0.090937 -0.275 0.041431 -0.055686 -0.26286 -0.17166 -0.12596 -0.39129 -0.024852 -0.1762 -0.35855 -0.17544 -0.067325 -0.71999 0.041363 -0.11865 -0.68074 -0.19407 -0.10508 -0.80374 0.11177 -0.16486 -0.72197 -0.097744 -0.28504 0.51595
-0.21323 -0.08624 0.28033 0.047535 -0.16456 0.29102 -0.10358 -0.18663 0.34888 -0.019016 -0.034801 0.055962 -0.044758 0.024132 -0.054845 0.060286 0.024132 -0.037164 -0.25053 -0.011853 0.028511 0.10021 -0.086939 0.042614 -0.23549 -0.11081 -0.18659 0.033371 -0.06677 -0.18456 -0.241 -0.11721 -0.26758 0.037036 -0.051558 -0.26577 -0.1758 -0.15364 -0.37503 -0.022655 -0.19397 -0.3491 -0.1814 -0.097671 -0.70412 0.040459 -0.13249 -0.67112 -0.19371 -0.13622 -0.78801 0.115 -0.17285 -0.7096 -0.08529 -0.27202 0.5257
-0.20373 -0.083603 0.29042 0.05961 -0.14965 0.29607 -0.089103 -0.18042 0.35608 -0.016625 -0.033584 0.057446 -0.046968 0.023072 -0.053426 0.059826 0.023072 -0.038558 -0.24475 -0.02911 0.034276 0.090896 -0.087983 0.039626 -0.22829 -0.12837 -0.18049 0.025286 -0.068915 -0.18848 -0.23025 -0.15261 -0.25796 0.027995 -0.05349 -0.26968 -0.17631 -0.18609 -0.35456 -0.016672 -0.21412 -0.33788 -0.18495 -0.134 -0.68421 0.041846 -0.14736 -0.65971 -0.18772 -0.17346 -0.7684 0.12171 -0.17879 -0.69535 -0.068872 -0.25871 0.53595
-0.1952 -0.08344 0.30122 0.072083 -0.13268 0.30099 -0.073476 -0.17335 0.36325 -0.014022 -0.032238 0.058904 -0.049143 0.021878 -0.051976 0.059112 0.021878 -0.040275 -0.2384 -0.048042 0.04132 0.080561 -0.092099 0.038449 -0.21982 -0.14822 -0.17266 0.015562 -0.084768 -0.18927 -0.21584 -0.18949 -0.24428 0.017316 -0.069158 -0.27046 -0.17316 -0.21669 -0.33425 -0.0087965 -0.23384 -0.32655 -0.1849 -0.16784 -0.66435 0.044571 -0.16244 -0.64833 -0.17934 -0.2082 -0.74865 0.12941 -0.18437 -0.68131 -0.05328 -0.2448 0.54602
-0.18905 -0.084581 0.31094 0.082561 -0.11461 0.30594 -0.05951 -0.16422 0.37009 -0.011669 -0.030519 0.060321 -0.050973 0.020155 -0.050933 0.058329 0.020155 -0.042251 -0.23215 -0.063157 0.048958 0.071649 -0.10001 0.041303 -0.21201 -0.16914 -0.16213 0.006492 -0.11784 -0.18387 -0.19996 -0.22164 -0.22563 0.0075351 -0.10208 -0.26505 -0.16702 -0.24027 -0.3176 -0.00098928 -0.25094 -0.31625 -0.1809 -0.19277 -0.64785 0.04753 -0.17697 -0.63826 -0.17154 -0.23399 -0.73179 0.13554 -0.19113 -0.66942 -0.042469 -0.23003 0.55526
-0.1858 -0.083559 0.31862 0.089963 -0.097448 0.31179 -0.04973 -0.15301 0.3763 -0.0099943 -0.028457 0.061619 -0.052195 0.017902 -0.050536 0.057859 0.017902 -0.043903 -0.22718 -0.072921 0.0559 0.06433 -0.10875 0.047957 -0.2064 -0.18918 -0.1497 -0.0012028 -0.15667 -0.17322 -0.18625 -0.24803 -0.20449 -0.00057938 -0.1408 -0.25438 -0.16118 -0.25708 -0.3049 0.0046006 -0.26545 -0.30641 -0.17584 -0.20982 -0.63513 0.049113 -0.19061 -0.62878 -0.16636 -0.25219 -0.7183 0.13733 -0.20008 -0.66094 -0.037327 -0.21433 0.56337
-0.18574 -0.076456 0.32347 0.093523 -0.08342 0.31949 -0.046553 -0.13998 0.38161 -0.0094074 -0.026147 0.062707 -0.052563 0.015213 -0.05097 0.058119 0.015213 -0.044543 -0.22481 -0.076707 0.060735 0.058263 -0.11459 0.057619 -0.2044 -0.20626 -0.13654 -0.0071602 -0.18658 -0.15912 -0.1786 -0.2688 -0.18408 -0.0066646 -0.17066 -0.24027 -0.15943 -0.2686 -0.2957 0.005818 -0.27788 -0.29606 -0.17323 -0.22171 -0.62599 0.047626 -0.20307 -0.61877 -0.16559 -0.26591 -0.70805 0.13201 -0.21209 -0.657 -0.038029 -0.19765 0.57008
-0.18832 -0.063056 0.32539 0.09346 -0.073175 0.32872 -0.049845 -0.12608 0.38586 -0.0098798 -0.023776 0.063546 -0.052104 0.012404 -0.052135 0.059084 0.012404 -0.044088 -0.22508 -0.07532 0.062851 0.053159 -0.11611 0.068908 -0.2058 -0.21931 -0.12397 -0.011467 -0.20103 -0.14381 -0.17766 -0.28427 -0.16682 -0.010878 -0.18512 -0.22497 -0.16251 -0.27621 -0.28946 0.0027296 -0.28837 -0.28534 -0.17406 -0.2304 -0.61997 0.043122 -0.21383 -0.60828 -0.16891 -0.27715 -0.70072 0.12009 -0.22622 -0.65733 -0.043168 -0.18078 0.57532
-0.19165 -0.048883 0.32526 0.091525 -0.064901 0.33716 -0.055515 -0.11331 0.38915 -0.010703 -0.021675 0.064177 -0.051271 0.010129 -0.053481 0.06005 0.010129 -0.043402 -0.22613 -0.071785 0.062879 0.048805 -0.11552 0.07953 -0.20778 -0.22877 -0.11354 -0.014908 -0.20611 -0.13025 -0.17905 -0.29504 -0.15385 -0.014184 -0.19024 -0.21141 -0.16637 -0.28114 -0.28547 -0.0011552 -0.29647 -0.27613 -0.17538 -0.23678 -0.61628 0.038372 -0.222 -0.5992 -0.17276 -0.28629 -0.69561 0.10717 -0.23872 -0.65954 -0.04888 -0.16571 0.57924
-0.19384 -0.039483 0.32404 0.089519 -0.056678 0.34246 -0.059385 -0.10354 0.3916 -0.011158 -0.020144 0.064653 -0.050532 0.0090024 -0.054456 0.060309 0.0090024 -0.043364 -0.22604 -0.069166 0.061575 0.045044 -0.1151 0.087239 -0.20754 -0.23523 -0.1067 -0.018233 -0.20872 -0.12112 -0.17824 -0.3018 -0.14609 -0.017511 -0.19288 -0.20229 -0.16692 -0.28457 -0.28303 -0.0022868 -0.30174 -0.27031 -0.17413 -0.24162 -0.6141 0.036159 -0.22686 -0.59345 -0.17357 -0.2936 -0.692 0.09886 -0.24597 -0.66121 -0.051373 -0.15429 0.58204
-0.1945 -0.034072 0.32226 0.088146 -0.047892 0.34449 -0.060683 -0.095292 0.39359 -0.011171 -0.018868 0.065058 -0.050034 0.0086614 -0.054984 0.059928 0.0086614 -0.043968 -0.22462 -0.068487 0.059954 0.042343 -0.11431 0.091469 -0.20468 -0.23915 -0.10345 -0.02097 -0.21231 -0.11528 -0.17453 -0.30559 -0.14249 -0.020371 -0.19647 -0.19645 -0.16428 -0.28732 -0.28151 -0.0005377 -0.30485 -0.26765 -0.17059 -0.24612 -0.61283 0.03635 -0.23007 -0.59104 -0.17165 -0.30009 -0.68935 0.095498 -0.24938 -0.66188 -0.050586 -0.14509 0.58417
-0.19433 -0.027366 0.32018 0.087329 -0.038864 0.34467 -0.061058 -0.084753 0.39568 -0.011128 -0.017094 0.065501 -0.049701 0.0080496 -0.055323 0.059523 0.0080496 -0.044584 -0.22289 -0.069324 0.059217 0.041617 -0.11056 0.092853 -0.20055 -0.24087 -0.10277 -0.021775 -0.21784 -0.10882 -0.16997 -0.30773 -0.14066 -0.021267 -0.20196 -0.18998 -0.16163 -0.28991 -0.28036 0.001784 -0.30719 -0.26648 -0.16741 -0.25171 -0.61202 0.036737 -0.23502 -0.59061 -0.17002 -0.30728 -0.6873 0.093646 -0.2539 -0.66254 -0.049114 -0.13434 0.58624
-0.19389 -0.015284 0.31797 0.086929 -0.029874 0.34425 -0.061911 -0.069093 0.39826 -0.011345 -0.014286 0.066055 -0.049472 0.0063577 -0.055685 0.059591 0.0063577 -0.044698 -0.22172 -0.07101 0.060148 0.043483 -0.10199 0.092069 -0.19665 -0.24037 -0.104 -0.019698 -0.22573 -0.098775 -0.16655 -0.30888 -0.13893 -0.019127 -0.20977 -0.17992 -0.16154 -0.29273 -0.27912 0.0027557 -0.30992 -0.26531 -0.16673 -0.25938 -0.61127 0.035535 -0.24423 -0.59094 -0.17113 -0.31622 -0.68548 0.090438 -0.26337 -0.66396 -0.049083 -0.11905 0.58871
-0.19319 -0.00027164 0.31539 0.086576 -0.020905 0.34331 -0.063152 -0.050706 0.40088 -0.01172 -0.011022 0.066622 -0.049379 0.004085 -0.055989 0.059977 0.004085 -0.044452 -0.22126 -0.071836 0.061442 0.047029 -0.090787 0.089893 -0.19495 -0.23565 -0.10818 -0.015842 -0.23381 -0.087162 -0.16566 -0.30629 -0.1394 -0.015089 -0.21782 -0.16831 -0.16347 -0.29545 -0.2778 0.0026436 -0.31282 -0.26405 -0.16785 -0.26786 -0.6105 0.033294 -0.25561 -0.59149 -0.17417 -0.32568 -0.68381 0.086281 -0.27558 -0.66582 -0.049977 -0.10049 0.59135
-0.192 0.013204 0.31207 0.08583 -0.01185 0.34155 -0.064221 -0.033606 0.40281 -0.012027 -0.0082309 0.067047 -0.049485 0.0021367 -0.056063 0.060323 0.0021367 -0.044193 -0.22143 -0.069771 0.06115 0.050872 -0.080352 0.087131 -0.19756 -0.22409 -0.11695 -0.01195 -0.23914 -0.077553 -0.16854 -0.29617 -0.14534 -0.010982 -0.22328 -0.15871 -0.16586 -0.29752 -0.27655 0.002394 -0.31524 -0.26297 -0.16921 -0.27516 -0.60969 0.031289 -0.26567 -0.59193 -0.17734 -0.33374 -0.68224 0.082596 -0.28647 -0.66744 -0.05046 -0.081239 0.59372
-0.19029 0.02251 0.30805 0.084565 -0.0029605 0.33904 -0.064767 -0.020355 0.40369 -0.012133 -0.0064254 0.067256 -0.049791 0.0010208 -0.055843 0.060421 0.0010208 -0.044127 -0.22205 -0.063889 0.058364 0.054063 -0.072876 0.08445 -0.20494 -0.20559 -0.13005 -0.0091347 -0.24044 -0.071828 -0.17519 -0.27783 -0.15734 -0.0079852 -0.22481 -0.153 -0.16772 -0.29865 -0.27547 0.0025434 -0.31682 -0.26225 -0.16985 -0.28011 -0.60887 0.030234 -0.27238 -0.59209 -0.17953 -0.33924 -0.68079 0.080176 -0.29364 -0.66843 -0.049807 -0.063708 0.59548
-0.18835 0.028854 0.30416 0.083318 0.0047612 0.33646 -0.064865 -0.010467 0.40392 -0.012099 -0.0052566 0.067335 -0.050176 0.00041303 -0.055485 0.060376 0.00041303 -0.044171 -0.22279 -0.055568 0.054367 0.056578 -0.067995 0.082231 -0.21407 -0.18525 -0.14343 -0.0071901 -0.23994 -0.068332 -0.18313 -0.25709 -0.17036 -0.005923 -0.22423 -0.1495 -0.16926 -0.29914 -0.27465 0.0027685 -0.31781 -0.26179 -0.17016 -0.28323 -0.60818 0.029666 -0.27672 -0.59209 -0.18118 -0.34277 -0.67956 0.078494 -0.29823 -0.66902 -0.048576 -0.049915 0.59649
-0.18652 0.033902 0.30129 0.082686 0.010275 0.33458 -0.064644 -0.0030698 0.40397 -0.012012 -0.0042776 0.06739 -0.050504 -0.00010462 -0.055168 0.06033 -0.00010462 -0.044208 -0.22328 -0.046436 0.050673 0.058513 -0.065021 0.080795 -0.22159 -0.16869 -0.15266 -0.0057567 -0.24018 -0.06505 -0.18963 -0.24032 -0.17884 -0.0044562 -0.22372 -0.14612 -0.17079 -0.29931 -0.27416 0.0026476 -0.31855 -0.26148 -0.17066 -0.28524 -0.60775 0.028989 -0.28004 -0.59209 -0.18289 -0.34508 -0.67868 0.076872 -0.30178 -0.6695 -0.047465 -0.041694 0.59667
-0.18485 0.038655 0.29962 0.0828 0.013728 0.33351 -0.06417 0.0026955 0.40406 -0.011912 -0.0032796 0.067462 -0.050746 -0.00071264 -0.054941 0.060341 -0.00071264 -0.044186 -0.22347 -0.037257 0.047895 0.060115 -0.063201 0.080079 -0.2264 -0.15736 -0.15677 -0.0047291 -0.24131 -0.061838 -0.19391 -0.22924 -0.18167 -0.0033921 -0.22406 -0.14282 -0.1725 -0.29917 -0.27413 0.0019583 -0.31909 -0.26138 -0.17161 -0.28646 -0.60778 0.027898 -0.28288 -0.59228 -0.18501 -0.34649 -0.67834 0.074935 -0.30495 -0.67011 -0.046675 -0.037952 0.59631
-0.18317 0.043487 0.29859 0.083344 0.016396 0.3328 -0.063449 0.0076779 0.40414 -0.011795 -0.0022802 0.067535 -0.050968 -0.0013653 -0.054729 0.060391 -0.0013653 -0.044114 -0.22359 -0.027969 0.045789 0.061767 -0.061719 0.079653 -0.2295 -0.14883 -0.15805 -0.0042438 -0.24116 -0.060334 -0.19708 -0.22107 -0.18193 -0.0026779 -0.22474 -0.14141 -0.17447 -0.29844 -0.27482 0.00066865 -0.31923 -0.26169 -0.17303 -0.28679 -0.60852 0.026375 -0.28507 -0.59284 -0.18763 -0.34689 -0.67877 0.072593 -0.30757 -0.67106 -0.045932 -0.034807 0.59599
-0.18129 0.048672 0.29769 0.084009 0.019439 0.33199 -0.062499 0.012621 0.40418 -0.011659 -0.0013069 0.06759 -0.051234 -0.0020102 -0.054464 0.060456 -0.0020102 -0.044004 -0.2238 -0.018589 0.044099 0.063753 -0.059892 0.07913 -0.23191 -0.14077 -0.1587 -0.0045109 -0.238 -0.061728 -0.20014 -0.21321 -0.18248 -0.0023801 -0.22532 -0.14323 -0.17673 -0.29685 -0.2764 -0.0012087 -0.31882 -0.26257 -0.17489 -0.28619 -0.61013 0.024439 -0.28646 -0.59391 -0.19079 -0.34624 -0.68014 0.069812 -0.30946 -0.67249 -0.044987 -0.02886 0.59622
-0.17935 0.05396 0.29685 0.084672 0.022849 0.33102 -0.061416 0.017533 0.40417 -0.011516 -0.00039165 0.067624 -0.051543 -0.0026114 -0.054145 0.060518 -0.0026114 -0.043886 -0.22386 -0.0099159 0.042748 0.065593 -0.057981 0.078539 -0.234 -0.13283 -0.15955 -0.0061892 -0.23375 -0.063557 -0.20296 -0.20545 -0.18352 -0.0033666 -0.22636 -0.14567 -0.17909 -0.29469 -0.27856 -0.0033993 -0.318 -0.26384 -0.17696 -0.28495 -0.61231 0.022312 -0.28724 -0.59533 -0.1942 -0.34485 -0.68213 0.066846 -0.31076 -0.67423 -0.043862 -0.0209 0.59682
-0.17758 0.058873 0.29615 0.085285 0.026116 0.32998 -0.060333 0.022102 0.40411 -0.011382 0.00043181 0.067645 -0.051869 -0.0031401 -0.053804 0.060557 -0.0031401 -0.043795 -0.22333 -0.0030816 0.041736 0.066477 -0.05665 0.07809 -0.23584 -0.12549 -0.16083 -0.01013 -0.23192 -0.061792 -0.2049 -0.19863 -0.18407 -0.0068485 -0.22881 -0.1444 -0.18129 -0.29243 -0.28075 -0.0055163 -0.3171 -0.26517 -0.17893 -0.28353 -0.61452 0.020306 -0.28774 -0.59677 -0.19742 -0.34323 -0.68419 0.064072 -0.31175 -0.67595 -0.042698 -0.013512 0.59734
-0.17619 0.063043 0.29565 0.085812 0.028845 0.32898 -0.059367 0.026092 0.40401 -0.011272 0.0011387 0.067654 -0.052182 -0.0035787 -0.053471 0.060563 -0.0035787 -0.043753 -0.22217 0.0017276 0.040989 0.06611 -0.056034 0.077837 -0.23742 -0.11891 -0.1625 -0.016168 -0.23405 -0.054797 -0.20584 -0.1929 -0.184 -0.012853 -0.23242 -0.13758 -0.18313 -0.29045 -0.28261 -0.0072429 -0.31632 -0.26634 -0.18055 -0.28224 -0.6164 0.018688 -0.28821 -0.59804 -0.20009 -0.34175 -0.68596 0.0618 -0.31261 -0.67746 -0.041608 -0.0084495 0.59745
-0.1752 0.066413 0.29527 0.086243 0.030961 0.32818 -0.058609 0.029487 0.40389 -0.011196 0.0017307 0.067655 -0.052449 -0.0039415 -0.053184 0.060546 -0.0039415 -0.043745 -0.2215 0.0070546 0.040213 0.065666 -0.054727 0.077381 -0.23844 -0.11231 -0.16389 -0.021216 -0.23609 -0.047831 -0.20717 -0.18642 -0.18552 -0.017998 -0.23346 -0.13052 -0.18454 -0.28871 -0.28428 -0.0084651 -0.31557 -0.26751 -0.18179 -0.28109 -0.61808 0.017602 -0.28857 -0.59929 -0.20221 -0.34041 -0.68754 0.060135 -0.31328 -0.67892 -0.040619 -0.005034 0.59729
-0.17461 0.068983 0.29492 0.086572 0.032449 0.32775 -0.058138 0.032307 0.40374 -0.011165 0.0022141 0.067646 -0.052633 -0.0042479 -0.052979 0.060524 -0.0042479 -0.043747 -0.22261 0.015862 0.039087 0.066559 -0.051088 0.076253 -0.23856 -0.10481 -0.1642 -0.021737 -0.23305 -0.047267 -0.21053 -0.17705 -0.19122 -0.018373 -0.22769 -0.12967 -0.18547 -0.28712 -0.28595 -0.0091077 -0.31475 -0.26887 -0.18262 -0.28003 -0.61977 0.01717 -0.28869 -0.60071 -0.20377 -0.33917 -0.68916 0.059147 -0.31365 -0.68056 -0.039741 -0.0021713 0.5971
-0.17441 0.070775 0.29456 0.08675 0.033321 0.32765 -0.057987 0.034533 0.40358 -0.011178 0.0025934 0.067631 -0.052727 -0.0045088 -0.052864 0.060503 -0.0045088 -0.043751 -0.22565 0.028583 0.037573 0.069241 -0.044907 0.074351 -0.23772 -0.096384 -0.16323 -0.01693 -0.22359 -0.054964 -0.21623 -0.16443 -0.20133 -0.013121 -0.21478 -0.13701 -0.18594 -0.28564 -0.28773 -0.0091864 -0.31381 -0.27051 -0.18305 -0.27902 -0.62155 0.017403 -0.28853 -0.60239 -0.20483 -0.33799 -0.6909 0.058841 -0.31367 -0.68246 -0.03901 0.00064384 0.59698
-0.17457 0.071841 0.29426 0.086673 0.033616 0.32764 -0.058125 0.036097 0.40342 -0.011226 0.0028707 0.067611 -0.052757 -0.0047234 -0.052815 0.060479 -0.0047234 -0.043761 -0.22937 0.042432 0.036001 0.07294 -0.037798 0.072036 -0.23625 -0.088157 -0.16156 -0.009477 -0.21094 -0.067033 -0.22293 -0.15046 -0.21307 -0.0052686 -0.19934 -0.14879 -0.18596 -0.28427 -0.28957 -0.0088332 -0.31278 -0.27232 -0.18311 -0.27807 -0.6234 0.018171 -0.28812 -0.60421 -0.2054 -0.33688 -0.69272 0.05915 -0.31337 -0.68448 -0.038483 0.0031658 0.59693
-0.17508 0.072233 0.2941 0.086232 0.033377 0.32746 -0.058519 0.036925 0.40329 -0.0113 0.0030481 0.067591 -0.052753 -0.0048903 -0.052803 0.060448 -0.0048903 -0.043786 -0.23242 0.054411 0.034725 0.076807 -0.031493 0.069699 -0.23449 -0.081328 -0.15982 -0.0022874 -0.19863 -0.079214 -0.22915 -0.13722 -0.22345 0.0019029 -0.18631 -0.16088 -0.18559 -0.28305 -0.2914 -0.0081873 -0.31172 -0.2742 -0.18281 -0.27718 -0.62524 0.01934 -0.28752 -0.60608 -0.20553 -0.33585 -0.69454 0.059998 -0.31281 -0.68651 -0.038224 0.0051005 0.59692
-0.17591 0.072005 0.29416 0.085319 0.032648 0.32684 -0.059133 0.036945 0.4032 -0.011388 0.0031276 0.067572 -0.052743 -0.0050079 -0.052802 0.060404 -0.0050079 -0.043833 -0.23343 0.061523 0.034096 0.07999 -0.027723 0.067734 -0.23277 -0.077095 -0.15863 0.0017301 -0.19021 -0.087245 -0.23345 -0.12676 -0.22952 0.0051131 -0.18064 -0.16917 -0.18485 -0.28198 -0.29318 -0.0073882 -0.31068 -0.27604 -0.18219 -0.27633 -0.62702 0.020771 -0.28679 -0.60789 -0.20524 -0.3349 -0.6963 0.061312 -0.31201 -0.68839 -0.038294 0.0061534 0.59695
-0.17704 0.071209 0.29451 0.083827 0.031471 0.32553 -0.059934 0.036084 0.40317 -0.011481 0.0031111 0.067558 -0.052757 -0.0050748 -0.052783 0.060343 -0.0050748 -0.043909 -0.23105 0.060774 0.034469 0.081639 -0.028219 0.066533 -0.23144 -0.076654 -0.15862 -0.00033343 -0.18921 -0.086865 -0.23437 -0.12113 -0.22828 0.0010813 -0.18725 -0.16953 -0.18379 -0.28108 -0.29485 -0.0065753 -0.3097 -0.27773 -0.18127 -0.27553 -0.62869 0.022327 -0.28598 -0.60952 -0.20457 -0.33403 -0.69795 0.063016 -0.31103 -0.69001 -0.038753 0.0060305 0.59699
