-0.16212 0.018314 0.28553 0.10965 0.011517 0.38799 -0.052531 0.0017157 0.40582 -0.010681 -0.0021811 0.067725 -0.041918 -0.0033489 -0.061861 0.055209 -0.0033489 -0.050357 -0.25644 0.016867 0.037029 0.20032 -0.13478 0.18545 -0.24496 -0.03057 -0.19489 0.11609 -0.072924 0.39816 -0.23287 -0.029946 -0.2767 0.11316 -0.036879 0.47254 -0.010244 0.10058 -0.43621 0.092792 -0.026722 -0.43764 0.03096 0.1753 -0.75903 0.17633 0.02547 -0.75668 0.0091692 0.1416 -0.84359 0.17851 -0.023136 -0.83664 -0.040972 -0.06696 0.59038
-0.16072 0.018498 0.28393 0.10909 0.0088777 0.38512 -0.052654 0.0030691 0.40582 -0.010695 -0.0021285 0.067721 -0.041834 -0.0034563 -0.061905 0.055306 -0.0034563 -0.05024 -0.25592 0.016883 0.035714 0.20308 -0.13845 0.17895 -0.24403 -0.029474 -0.19643 0.12431 -0.07584 0.3878 -0.23226 -0.029358 -0.27825 0.12297 -0.035625 0.4564 -0.0096561 0.10021 -0.43628 0.092244 -0.026639 -0.43755 0.031943 0.17438 -0.75916 0.17432 0.027463 -0.75659 0.010098 0.14057 -0.84366 0.17735 -0.021501 -0.83639 -0.041669 -0.067645 0.5898
-0.15973 0.018595 0.28269 0.10849 0.0060915 0.3825 -0.052832 0.0040073 0.40581 -0.010719 -0.0020984 0.067716 -0.04177 -0.0035559 -0.061939 0.055387 -0.0035559 -0.050143 -0.25551 0.017006 0.03466 0.205 -0.14335 0.17494 -0.24348 -0.028459 -0.19767 0.13059 -0.08045 0.38146 -0.23198 -0.028773 -0.27951 0.13017 -0.036573 0.44557 -0.0091426 0.099877 -0.43633 0.091727 -0.026534 -0.43749 0.03279 0.17354 -0.75928 0.17254 0.029397 -0.7565 0.0109 0.13958 -0.84371 0.17665 -0.019512 -0.8363 -0.042458 -0.068175 0.58938
-0.15911 0.018606 0.28179 0.10784 0.0031727 0.38012 -0.053059 0.0045562 0.40579 -0.010753 -0.0020899 0.067709 -0.041722 -0.0036478 -0.061963 0.055453 -0.0036478 -0.050063 -0.25521 0.017226 0.033853 0.20613 -0.14935 0.17323 -0.24327 -0.027516 -0.19864 0.13507 -0.086674 0.37879 -0.23201 -0.028191 -0.2805 0.13499 -0.039647 0.43957 -0.0087042 0.099591 -0.43637 0.091246 -0.026399 -0.43745 0.033501 0.17278 -0.75939 0.17099 0.031281 -0.7564 0.011575 0.13865 -0.84374 0.17638 -0.017209 -0.83634 -0.043328 -0.068568 0.58911
-0.15885 0.018536 0.28121 0.10715 0.00013585 0.37797 -0.053327 0.0047423 0.40576 -0.010795 -0.0021022 0.067702 -0.041692 -0.003732 -0.061978 0.055504 -0.003732 -0.050001 -0.25499 0.017535 0.033278 0.20653 -0.15634 0.17365 -0.24337 -0.026638 -0.19934 0.13792 -0.094427 0.37942 -0.23231 -0.027607 -0.28123 0.13765 -0.044773 0.43794 -0.0083413 0.099344 -0.4364 0.090803 -0.026227 -0.43744 0.034075 0.17211 -0.75949 0.16963 0.033124 -0.75631 0.012123 0.13776 -0.84374 0.17646 -0.014634 -0.8365 -0.044267 -0.068837 0.58898
-0.1589 0.018388 0.28094 0.10644 -0.0030044 0.37604 -0.05363 0.0045915 0.40573 -0.010843 -0.0021345 0.067693 -0.041678 -0.0038088 -0.061983 0.055541 -0.0038088 -0.049954 -0.25485 0.017921 0.032922 0.20626 -0.16421 0.17602 -0.24375 -0.025815 -0.19981 0.1393 -0.10363 0.383 -0.23287 -0.02702 -0.28172 0.1384 -0.051876 0.44022 -0.0080543 0.099134 -0.43642 0.090404 -0.02601 -0.43746 0.034513 0.17151 -0.75957 0.16846 0.034933 -0.75622 0.012547 0.13692 -0.84373 0.17686 -0.011826 -0.83675 -0.045263 -0.068999 0.58898
-0.15925 0.018163 0.28094 0.10571 -0.0062336 0.37432 -0.053961 0.0041302 0.40568 -0.010895 -0.0021861 0.067684 -0.04168 -0.0038781 -0.061979 0.055565 -0.0038781 -0.049922 -0.25477 0.018377 0.03277 0.20537 -0.17282 0.18015 -0.24437 -0.025038 -0.20005 0.13939 -0.11419 0.38917 -0.23365 -0.026428 -0.28198 0.13747 -0.060883 0.44595 -0.0078436 0.098959 -0.43643 0.090051 -0.025739 -0.43749 0.034812 0.17098 -0.75965 0.16746 0.036717 -0.75613 0.012846 0.13613 -0.84369 0.17753 -0.0088264 -0.83709 -0.046307 -0.069069 0.5891
-0.15987 0.017866 0.28121 0.10497 -0.009537 0.37279 -0.054312 0.0033844 0.40563 -0.010952 -0.0022562 0.067674 -0.041697 -0.0039401 -0.061965 0.055578 -0.0039401 -0.049904 -0.25474 0.018891 0.032808 0.20392 -0.18208 0.18587 -0.2452 -0.024298 -0.20008 0.13833 -0.12604 0.39758 -0.23463 -0.025828 -0.28204 0.13509 -0.071717 0.45466 -0.0077096 0.098816 -0.43642 0.089748 -0.025406 -0.43754 0.034974 0.17053 -0.75972 0.1666 0.038486 -0.75604 0.013022 0.13538 -0.84364 0.1784 -0.005675 -0.8375 -0.047386 -0.069061 0.58931
-0.16071 0.017499 0.28171 0.10423 -0.0129 0.37145 -0.054677 0.0023803 0.40557 -0.01101 -0.0023439 0.067663 -0.041728 -0.0039948 -0.061943 0.055579 -0.0039948 -0.049899 -0.25474 0.019456 0.033021 0.20197 -0.19185 0.193 -0.2462 -0.023588 -0.19992 0.13629 -0.13909 0.40787 -0.23578 -0.025219 -0.28191 0.13149 -0.084304 0.4659 -0.0076526 0.098703 -0.43641 0.089499 -0.025004 -0.4376 0.034996 0.17015 -0.75977 0.16588 0.040246 -0.75597 0.013074 0.13467 -0.84357 0.17944 -0.0024123 -0.83795 -0.048489 -0.068992 0.58962
-0.16177 0.017065 0.28243 0.10349 -0.016309 0.37029 -0.055048 0.0011441 0.40551 -0.011068 -0.0024486 0.067651 -0.041773 -0.0040425 -0.061913 0.05557 -0.0040425 -0.049906 -0.25476 0.02006 0.033396 0.19957 -0.20202 0.20137 -0.24736 -0.022897 -0.19958 0.13345 -0.15325 0.41968 -0.23706 -0.024598 -0.2816 0.12691 -0.09857 0.47919 -0.0076732 0.098616 -0.4364 0.089309 -0.024524 -0.43767 0.03488 0.16983 -0.75982 0.16527 0.042008 -0.7559 0.013004 0.13401 -0.84348 0.18059 0.00092111 -0.83842 -0.049605 -0.068877 0.59
-0.163 0.016568 0.28335 0.10276 -0.019748 0.36929 -0.055419 -0.00029798 0.40545 -0.011125 -0.0025692 0.067639 -0.041831 -0.0040832 -0.061874 0.055552 -0.0040832 -0.049924 -0.25479 0.020695 0.033918 0.19678 -0.21248 0.21078 -0.24862 -0.022218 -0.19909 0.12995 -0.16845 0.43266 -0.23846 -0.023962 -0.28114 0.12158 -0.11444 0.49409 -0.0077716 0.098554 -0.43637 0.08918 -0.023958 -0.43775 0.034624 0.16958 -0.75986 0.16475 0.043779 -0.75585 0.012813 0.13339 -0.84339 0.1818 0.0042849 -0.83891 -0.050722 -0.068731 0.59045
-0.16438 0.016009 0.28444 0.10205 -0.023203 0.36845 -0.055783 -0.0019198 0.40538 -0.01118 -0.0027052 0.067627 -0.041901 -0.0041169 -0.061827 0.055525 -0.0041169 -0.049951 -0.25481 0.021351 0.034573 0.19366 -0.2231 0.22106 -0.24996 -0.021542 -0.19846 0.12596 -0.1846 0.44645 -0.23995 -0.02331 -0.28054 0.11573 -0.13184 0.51012 -0.0079483 0.098514 -0.43634 0.089117 -0.023299 -0.43784 0.034229 0.16938 -0.7599 0.16431 0.045567 -0.7558 0.012501 0.13281 -0.84327 0.18302 0.0076387 -0.8394 -0.05183 -0.06857 0.59095
-0.16589 0.015393 0.28569 0.10138 -0.026659 0.36775 -0.056131 -0.0036953 0.4053 -0.011231 -0.0028557 0.067614 -0.041984 -0.0041439 -0.061772 0.05549 -0.0041439 -0.049988 -0.25481 0.022019 0.035347 0.19025 -0.23378 0.23204 -0.25135 -0.020859 -0.1977 0.12164 -0.20162 0.4607 -0.24149 -0.022639 -0.27981 0.1096 -0.15069 0.52683 -0.0082037 0.098493 -0.4363 0.089124 -0.022538 -0.43793 0.033692 0.16924 -0.75992 0.16393 0.047383 -0.75578 0.012068 0.13227 -0.84315 0.1842 0.010942 -0.83986 -0.052916 -0.068408 0.59149
-0.16748 0.014722 0.28708 0.10074 -0.030103 0.36718 -0.056458 -0.0055981 0.40522 -0.011276 -0.0030198 0.067601 -0.042077 -0.0041641 -0.061709 0.055449 -0.0041641 -0.050033 -0.25478 0.022688 0.036225 0.18663 -0.24438 0.24353 -0.25275 -0.020162 -0.19684 0.11716 -0.21942 0.47504 -0.24307 -0.021947 -0.27898 0.10342 -0.17092 0.54376 -0.0085381 0.098488 -0.43626 0.089204 -0.021668 -0.43802 0.033015 0.16916 -0.75994 0.1636 0.049233 -0.75576 0.011517 0.13177 -0.84302 0.18528 0.014154 -0.84027 -0.05397 -0.068261 0.59206
-0.16914 0.013999 0.28858 0.10014 -0.033519 0.36673 -0.056757 -0.0076022 0.40515 -0.011314 -0.0031969 0.067588 -0.042182 -0.0041777 -0.061639 0.055401 -0.0041777 -0.050084 -0.2547 0.023349 0.037194 0.18283 -0.2548 0.25535 -0.25412 -0.019441 -0.19588 0.11268 -0.23793 0.48913 -0.24465 -0.021232 -0.27805 0.097426 -0.19246 0.56043 -0.008952 0.098497 -0.43621 0.089361 -0.020679 -0.43811 0.032196 0.16913 -0.75996 0.16328 0.051127 -0.75577 0.010847 0.13131 -0.84287 0.18622 0.017235 -0.84063 -0.05498 -0.068145 0.59264
-0.17083 0.013227 0.29018 0.099597 -0.036892 0.36639 -0.05702 -0.0096814 0.40507 -0.011344 -0.0033861 0.067575 -0.042296 -0.0041849 -0.061562 0.055349 -0.0041849 -0.050142 -0.25456 0.023994 0.038239 0.17893 -0.26491 0.26733 -0.25545 -0.018687 -0.19486 0.10837 -0.25706 0.50259 -0.2462 -0.020491 -0.27706 0.091846 -0.21523 0.57639 -0.0094458 0.098518 -0.43616 0.089599 -0.019565 -0.4382 0.031235 0.16915 -0.75997 0.16298 0.053072 -0.7558 0.010059 0.13089 -0.84272 0.18697 0.020145 -0.84091 -0.055935 -0.068075 0.59323
-0.17252 0.012409 0.29184 0.099115 -0.040209 0.36615 -0.057241 -0.011809 0.40499 -0.011363 -0.0035866 0.067561 -0.042419 -0.0041856 -0.061478 0.055292 -0.0041856 -0.050205 -0.25435 0.024611 0.039346 0.17498 -0.2746 0.27928 -0.25669 -0.017892 -0.19378 0.10438 -0.27672 0.51509 -0.24771 -0.019723 -0.27601 0.086916 -0.23915 0.59118 -0.01002 0.098548 -0.43611 0.089921 -0.018317 -0.43827 0.030132 0.16921 -0.75997 0.16266 0.055078 -0.75585 0.0091544 0.1305 -0.84257 0.18748 0.022842 -0.84109 -0.056824 -0.068065 0.59381
-0.17419 0.011549 0.29356 0.0987 -0.043455 0.366 -0.057411 -0.01396 0.4049 -0.011372 -0.0037976 0.067548 -0.042551 -0.0041801 -0.061387 0.055231 -0.0041801 -0.050271 -0.25404 0.025192 0.0405 0.17103 -0.28375 0.29102 -0.2578 -0.017048 -0.19266 0.10087 -0.29684 0.52626 -0.24913 -0.018925 -0.27492 0.082869 -0.26415 0.60433 -0.010674 0.098584 -0.43605 0.090332 -0.016928 -0.43834 0.028886 0.16932 -0.75997 0.16232 0.057153 -0.75593 0.0081333 0.13014 -0.84241 0.18769 0.025286 -0.84117 -0.057636 -0.068132 0.59436
-0.17581 0.010648 0.29532 0.098362 -0.046614 0.36593 -0.057526 -0.016108 0.40482 -0.011367 -0.0040184 0.067536 -0.042691 -0.0041683 -0.061289 0.055169 -0.0041683 -0.050341 -0.25364 0.025727 0.041688 0.16713 -0.29225 0.30239 -0.25877 -0.016144 -0.19152 0.09802 -0.31734 0.53574 -0.25045 -0.018095 -0.27381 0.079938 -0.29016 0.61539 -0.01141 0.098623 -0.436 0.090835 -0.015389 -0.4384 0.027497 0.16947 -0.75997 0.16193 0.059306 -0.75603 0.0069967 0.12982 -0.84225 0.18755 0.027438 -0.84111 -0.058358 -0.068291 0.59489
-0.17735 0.0097106 0.29708 0.098108 -0.049673 0.36592 -0.057576 -0.018225 0.40475 -0.011348 -0.0042481 0.067523 -0.042839 -0.0041505 -0.061185 0.055104 -0.0041505 -0.050413 -0.25312 0.026207 0.042894 0.16336 -0.29997 0.31319 -0.25955 -0.015173 -0.19037 0.095982 -0.33812 0.54318 -0.25164 -0.01723 -0.27269 0.078357 -0.3171 0.62389 -0.012227 0.098664 -0.43594 0.091435 -0.013691 -0.43844 0.025963 0.16965 -0.75996 0.16148 0.061545 -0.75616 0.0057453 0.12953 -0.84208 0.18702 0.029256 -0.8409 -0.05898 -0.068557 0.59536
-0.17878 0.0087392 0.29883 0.097945 -0.052618 0.36597 -0.057556 -0.020287 0.40467 -0.011313 -0.004486 0.067511 -0.042993 -0.0041267 -0.061075 0.055039 -0.0041267 -0.050486 -0.25248 0.026622 0.044106 0.15975 -0.3068 0.32325 -0.26011 -0.014126 -0.18924 0.09492 -0.35912 0.54823 -0.25266 -0.016328 -0.27159 0.078359 -0.3449 0.62936 -0.013126 0.098703 -0.43588 0.092134 -0.011828 -0.43846 0.024286 0.16988 -0.75996 0.16094 0.063878 -0.75632 0.0043798 0.12928 -0.84191 0.18604 0.0307 -0.84053 -0.059491 -0.068946 0.59578
-0.18007 0.0077368 0.30056 0.097883 -0.055432 0.36607 -0.057458 -0.022267 0.4046 -0.011261 -0.0047313 0.0675 -0.043153 -0.004097 -0.060959 0.054973 -0.004097 -0.050559 -0.25169 0.026962 0.045309 0.15638 -0.31262 0.33239 -0.26042 -0.012994 -0.18814 0.094997 -0.38024 0.55052 -0.25349 -0.015388 -0.27051 0.080177 -0.37347 0.63135 -0.014108 0.098739 -0.43583 0.092937 -0.0097916 -0.43846 0.022463 0.17013 -0.75995 0.1603 0.066315 -0.75651 0.002901 0.12905 -0.84175 0.18456 0.03173 -0.83997 -0.059878 -0.069472 0.59613
-0.1812 0.0067051 0.30224 0.097924 -0.058113 0.36619 -0.057278 -0.024149 0.40453 -0.011192 -0.0049827 0.067489 -0.043318 -0.0040616 -0.060838 0.054909 -0.0040616 -0.05063 -0.25075 0.027222 0.04649 0.15326 -0.31739 0.34046 -0.26046 -0.011774 -0.18707 0.09628 -0.40138 0.54983 -0.25412 -0.014406 -0.26947 0.083889 -0.4027 0.62956 -0.015168 0.098768 -0.43577 0.093843 -0.0075791 -0.43844 0.020497 0.17041 -0.75994 0.15956 0.068856 -0.75674 0.0013114 0.12885 -0.84158 0.18256 0.032334 -0.83923 -0.060138 -0.070144 0.59639
-0.18217 0.005642 0.30386 0.098054 -0.060682 0.36632 -0.057018 -0.025942 0.40446 -0.011108 -0.0052383 0.067479 -0.043485 -0.0040213 -0.060714 0.054846 -0.0040213 -0.050701 -0.24966 0.027408 0.047647 0.1504 -0.32128 0.34745 -0.26022 -0.010477 -0.18606 0.098585 -0.42241 0.54626 -0.25451 -0.013382 -0.26848 0.089168 -0.43226 0.62409 -0.016298 0.09879 -0.43572 0.094838 -0.0052051 -0.4384 0.018396 0.17071 -0.75993 0.15871 0.071487 -0.75699 -0.00038228 0.12868 -0.84142 0.18012 0.032574 -0.83831 -0.06028 -0.07095 0.59659
-0.183 0.0045449 0.30543 0.09826 -0.063168 0.36644 -0.056682 -0.027659 0.40439 -0.011013 -0.0054958 0.06747 -0.043651 -0.0039766 -0.060591 0.054786 -0.0039766 -0.050769 -0.24843 0.027529 0.048774 0.14775 -0.32447 0.35333 -0.25973 -0.0091171 -0.18508 0.10169 -0.44317 0.53999 -0.25468 -0.012314 -0.26753 0.095621 -0.46183 0.61514 -0.017485 0.098804 -0.43567 0.095905 -0.0026865 -0.43833 0.016169 0.17103 -0.75993 0.15778 0.074188 -0.75725 -0.0021724 0.12853 -0.84128 0.1773 0.032524 -0.83725 -0.060317 -0.071876 0.59673
-0.18367 0.0034111 0.30694 0.098527 -0.065596 0.36652 -0.056272 -0.029314 0.40433 -0.010911 -0.0057529 0.067461 -0.043813 -0.0039283 -0.060472 0.054728 -0.0039283 -0.050833 -0.24705 0.027593 0.049869 0.14529 -0.32717 0.35808 -0.25899 -0.0077075 -0.18416 0.10536 -0.46352 0.53117 -0.2546 -0.011199 -0.26662 0.10286 -0.49108 0.60288 -0.018717 0.098809 -0.43564 0.097029 -4.0009e-05 -0.43824 0.013823 0.17136 -0.75994 0.15678 0.07694 -0.75753 -0.0040515 0.12839 -0.84114 0.1742 0.032259 -0.83606 -0.060262 -0.072908 0.59681
-0.18421 0.0022379 0.30838 0.098839 -0.067995 0.36653 -0.055793 -0.03092 0.40428 -0.010806 -0.0060075 0.067453 -0.043968 -0.0038771 -0.060359 0.054675 -0.0038771 -0.050894 -0.24553 0.027606 0.050928 0.14299 -0.32957 0.3617 -0.25802 -0.0062623 -0.18327 0.10938 -0.48331 0.51996 -0.25426 -0.010037 -0.26576 0.11048 -0.51968 0.58749 -0.019981 0.098805 -0.43561 0.098194 0.0027174 -0.43812 0.011367 0.17169 -0.75995 0.15571 0.079727 -0.75782 -0.0060119 0.12827 -0.84102 0.17089 0.031854 -0.83478 -0.060128 -0.07403 0.59685
-0.18461 0.0010228 0.30976 0.099183 -0.070391 0.36645 -0.055248 -0.032491 0.40422 -0.010701 -0.0062573 0.067446 -0.044113 -0.0038236 -0.060255 0.054626 -0.0038236 -0.05095 -0.24387 0.027578 0.051948 0.14083 -0.33186 0.36416 -0.25681 -0.0047951 -0.18244 0.11352 -0.50239 0.50654 -0.25366 -0.0088264 -0.26494 0.1181 -0.5473 0.56916 -0.021267 0.098791 -0.4356 0.099383 0.005569 -0.43798 0.0088106 0.17202 -0.75998 0.15459 0.082528 -0.7581 -0.0080461 0.12815 -0.84092 0.16745 0.031381 -0.83343 -0.059928 -0.07523 0.59685
-0.18489 -0.00023688 0.31107 0.099544 -0.07281 0.36625 -0.054639 -0.034041 0.40417 -0.010601 -0.0065 0.06744 -0.044245 -0.0037686 -0.060163 0.054583 -0.0037686 -0.051001 -0.24208 0.027517 0.052924 0.13877 -0.33424 0.36545 -0.25539 -0.0033196 -0.18165 0.11756 -0.52061 0.49106 -0.25278 -0.0075647 -0.26417 0.12532 -0.57361 0.54807 -0.022563 0.098765 -0.4356 0.10058 0.0084979 -0.43782 0.0061618 0.17234 -0.76002 0.15344 0.085325 -0.75837 -0.010147 0.12804 -0.84084 0.16397 0.030917 -0.83204 -0.059674 -0.076491 0.59684
-0.18504 -0.0015438 0.3123 0.099907 -0.075282 0.36592 -0.053971 -0.035582 0.40412 -0.010508 -0.0067336 0.067435 -0.04436 -0.0037127 -0.060086 0.054545 -0.0037127 -0.051046 -0.24015 0.027429 0.053854 0.1368 -0.33692 0.36556 -0.25377 -0.0018494 -0.18091 0.12128 -0.53782 0.47369 -0.25161 -0.0062506 -0.26344 0.13175 -0.59827 0.52441 -0.023855 0.098728 -0.43561 0.10177 0.011487 -0.43762 0.0034293 0.17265 -0.76009 0.15226 0.088099 -0.75863 -0.012306 0.12793 -0.84078 0.16052 0.030535 -0.83062 -0.05938 -0.0778 0.5968
-0.18507 -0.0029007 0.31346 0.10026 -0.077831 0.36542 -0.053247 -0.037128 0.40408 -0.010427 -0.0069556 0.067431 -0.044456 -0.0036567 -0.060027 0.054515 -0.0036567 -0.051083 -0.2381 0.027324 0.054735 0.13488 -0.34007 0.36448 -0.25194 -0.00039839 -0.18021 0.12444 -0.55387 0.45459 -0.25015 -0.0048826 -0.26276 0.137 -0.62096 0.49834 -0.025133 0.098678 -0.43565 0.10294 0.01452 -0.43741 0.00062171 0.17293 -0.76017 0.15108 0.090832 -0.75886 -0.014516 0.12781 -0.84076 0.15719 0.03031 -0.8292 -0.059059 -0.079142 0.59676
-0.185 -0.00431 0.31453 0.10058 -0.080486 0.36474 -0.05247 -0.038693 0.40404 -0.01036 -0.0071639 0.067428 -0.04453 -0.0036012 -0.059988 0.054492 -0.0036012 -0.051114 -0.23592 0.02721 0.055562 0.13298 -0.3439 0.36217 -0.24993 0.0010199 -0.17957 0.12682 -0.56862 0.43393 -0.24839 -0.0034591 -0.26213 0.14067 -0.64135 0.47006 -0.026384 0.098615 -0.43571 0.10407 0.01758 -0.43716 -0.0022524 0.17319 -0.76028 0.1499 0.093506 -0.75906 -0.01677 0.12768 -0.84077 0.15405 0.030315 -0.82781 -0.058723 -0.080502 0.59673
-0.18481 -0.0057736 0.31552 0.10087 -0.083268 0.36384 -0.051642 -0.040288 0.404 -0.010312 -0.0073567 0.067425 -0.044579 -0.0035466 -0.059973 0.054478 -0.0035466 -0.051135 -0.23362 0.027093 0.056333 0.13109 -0.34856 0.35864 -0.24775 0.0023938 -0.17897 0.12823 -0.5819 0.41185 -0.2463 -0.0019782 -0.26154 0.14243 -0.65911 0.43976 -0.027598 0.098538 -0.43579 0.10514 0.020651 -0.43689 -0.0051858 0.17341 -0.76041 0.14873 0.096103 -0.75923 -0.019061 0.12754 -0.84081 0.15118 0.030621 -0.82647 -0.058382 -0.081869 0.59671
-0.1845 -0.0072838 0.31643 0.10114 -0.086137 0.36274 -0.050744 -0.041909 0.40397 -0.010274 -0.0075364 0.067424 -0.044612 -0.0034906 -0.059973 0.05447 -0.0034906 -0.051151 -0.2312 0.026982 0.057057 0.12926 -0.35381 0.35385 -0.2454 0.0037329 -0.1784 0.12874 -0.5934 0.38846 -0.24393 -0.00043528 -0.26099 0.14238 -0.67387 0.40762 -0.028787 0.09845 -0.43588 0.10614 0.023735 -0.43659 -0.0081856 0.1736 -0.76056 0.14756 0.098631 -0.75936 -0.021396 0.12738 -0.84089 0.14858 0.031236 -0.8252 -0.05801 -0.08324 0.5967
-0.18406 -0.0088277 0.31728 0.10143 -0.089023 0.36144 -0.049746 -0.04354 0.40394 -0.010234 -0.007708 0.067424 -0.044641 -0.0034291 -0.059977 0.054465 -0.0034291 -0.051163 -0.22866 0.026883 0.057751 0.12759 -0.35917 0.34778 -0.24291 0.0050591 -0.17786 0.12859 -0.60272 0.36379 -0.24131 0.0011756 -0.26045 0.14093 -0.68526 0.37385 -0.029972 0.098356 -0.43598 0.10705 0.026841 -0.43627 -0.011267 0.17375 -0.76072 0.14637 0.10111 -0.75945 -0.023791 0.12721 -0.84097 0.1462 0.03214 -0.82397 -0.057562 -0.084625 0.59669
-0.18345 -0.010392 0.31808 0.1018 -0.091853 0.35996 -0.04862 -0.045167 0.40391 -0.01018 -0.0078765 0.067424 -0.044681 -0.0033581 -0.059971 0.054461 -0.0033581 -0.051175 -0.22601 0.026802 0.058429 0.12619 -0.36416 0.34039 -0.24028 0.0063939 -0.17732 0.12802 -0.60945 0.33791 -0.23849 0.0028604 -0.25992 0.13847 -0.69291 0.33866 -0.031176 0.09826 -0.43607 0.10783 0.029978 -0.43594 -0.014446 0.17387 -0.76086 0.14514 0.10356 -0.75951 -0.026259 0.12702 -0.84104 0.144 0.033311 -0.8228 -0.056993 -0.08603 0.5967
-0.18266 -0.011965 0.31885 0.10228 -0.094554 0.3583 -0.047336 -0.046776 0.4039 -0.010098 -0.0080467 0.067425 -0.044744 -0.0032737 -0.059943 0.054454 -0.0032737 -0.05119 -0.22324 0.026745 0.059107 0.12516 -0.36832 0.33167 -0.23755 0.0077593 -0.17677 0.12726 -0.61321 0.31086 -0.2355 0.0046252 -0.25937 0.13539 -0.69644 0.30226 -0.032421 0.098167 -0.43613 0.10849 0.033156 -0.43559 -0.017737 0.17396 -0.76098 0.14385 0.106 -0.75955 -0.028816 0.12681 -0.8411 0.14194 0.034725 -0.82168 -0.056258 -0.087462 0.5967
-0.18166 -0.013533 0.3196 0.10292 -0.097054 0.35649 -0.045864 -0.048352 0.40389 -0.0099764 -0.0082236 0.067426 -0.044845 -0.0031716 -0.059882 0.054441 -0.0031716 -0.051211 -0.22037 0.02672 0.059802 0.1246 -0.37116 0.32157 -0.23471 0.0091769 -0.17618 0.12655 -0.61359 0.28269 -0.23239 0.0064761 -0.2588 0.13208 -0.69548 0.26486 -0.03373 0.098081 -0.43615 0.10898 0.036385 -0.43523 -0.021156 0.17402 -0.76107 0.14246 0.10845 -0.75956 -0.031475 0.12659 -0.84112 0.13998 0.036362 -0.82062 -0.05531 -0.088929 0.59669
-0.18044 -0.015082 0.32034 0.10376 -0.099281 0.35454 -0.044175 -0.04988 0.40389 -0.0098017 -0.0084121 0.067428 -0.044996 -0.0030481 -0.059774 0.054419 -0.0030481 -0.051241 -0.21738 0.026732 0.060527 0.12461 -0.37222 0.31008 -0.2318 0.010669 -0.17556 0.12613 -0.61019 0.25345 -0.2292 0.008419 -0.25817 0.12894 -0.68965 0.22665 -0.035126 0.098008 -0.43613 0.1093 0.039675 -0.43487 -0.024719 0.17404 -0.7611 0.14096 0.11093 -0.75956 -0.034253 0.12634 -0.84109 0.13806 0.038198 -0.81959 -0.054106 -0.090438 0.59668
-0.17897 -0.016601 0.3211 0.10484 -0.10116 0.35246 -0.042239 -0.051346 0.4039 -0.0095615 -0.0086173 0.067429 -0.045211 -0.002899 -0.059608 0.054386 -0.002899 -0.051284 -0.2143 0.026789 0.061301 0.1253 -0.371 0.29716 -0.22881 0.012256 -0.17487 0.12623 -0.60261 0.22319 -0.22597 0.01046 -0.25749 0.12636 -0.67859 0.18785 -0.03663 0.097951 -0.43605 0.10941 0.043035 -0.43451 -0.02844 0.17404 -0.76107 0.13933 0.11346 -0.75954 -0.037162 0.12608 -0.841 0.13614 0.040211 -0.81862 -0.052598 -0.091998 0.59666
-0.17723 -0.018076 0.32187 0.10621 -0.10263 0.35026 -0.040026 -0.052735 0.40392 -0.009243 -0.0088439 0.067431 -0.045504 -0.0027203 -0.05937 0.054337 -0.0027203 -0.051342 -0.21111 0.026896 0.062137 0.12676 -0.36704 0.28279 -0.22578 0.013962 -0.1741 0.12709 -0.59046 0.19196 -0.22275 0.012605 -0.25672 0.12474 -0.66191 0.14866 -0.038264 0.097916 -0.43589 0.10931 0.046475 -0.43415 -0.032334 0.174 -0.76096 0.13754 0.11606 -0.7595 -0.040219 0.12579 -0.84082 0.13419 0.04238 -0.81769 -0.050743 -0.093614 0.59661
-0.1752 -0.019494 0.32269 0.1079 -0.1036 0.34796 -0.037508 -0.054032 0.40395 -0.0088336 -0.009097 0.067432 -0.045887 -0.0025081 -0.059049 0.054271 -0.0025081 -0.051418 -0.20783 0.02706 0.063051 0.1291 -0.35986 0.26693 -0.22271 0.015806 -0.17323 0.12895 -0.57333 0.15981 -0.21958 0.014861 -0.25587 0.12446 -0.63925 0.10928 -0.040053 0.097907 -0.43565 0.10897 0.050005 -0.4338 -0.036419 0.17394 -0.76076 0.13557 0.11876 -0.75946 -0.043438 0.12548 -0.84054 0.13216 0.044682 -0.8168 -0.048494 -0.095295 0.59655
-0.17287 -0.020842 0.32356 0.10996 -0.10401 0.34557 -0.034654 -0.055222 0.40399 -0.0083205 -0.0093814 0.067433 -0.046375 -0.0022582 -0.058632 0.054183 -0.0022582 -0.051517 -0.20445 0.027287 0.06406 0.13242 -0.349 0.24956 -0.21963 0.017812 -0.17226 0.13204 -0.55083 0.1268 -0.21649 0.017232 -0.25489 0.12593 -0.61023 0.069934 -0.042017 0.097929 -0.43531 0.10837 0.053635 -0.43345 -0.040707 0.17385 -0.76046 0.13339 0.12156 -0.75941 -0.046832 0.12515 -0.84016 0.13 0.047094 -0.81594 -0.045806 -0.097047 0.59645
-0.17022 -0.022111 0.32448 0.11241 -0.10383 0.34311 -0.031467 -0.056297 0.40405 -0.0077023 -0.0096974 0.067434 -0.046969 -0.0019703 -0.058117 0.054073 -0.0019703 -0.051637 -0.20099 0.027579 0.065169 0.13673 -0.33434 0.23081 -0.21655 0.019981 -0.17116 0.13644 -0.52303 0.093113 -0.21354 0.019713 -0.25381 0.12929 -0.57502 0.030875 -0.044161 0.097984 -0.43487 0.1075 0.057357 -0.43313 -0.045194 0.17373 -0.76005 0.13101 0.12447 -0.75936 -0.0504 0.1248 -0.83965 0.12769 0.049592 -0.81513 -0.042677 -0.098866 0.59633
-0.16733 -0.023298 0.32546 0.11517 -0.10313 0.34061 -0.028001 -0.057258 0.40412 -0.006997 -0.010037 0.067435 -0.04765 -0.00165 -0.057519 0.053944 -0.00165 -0.051778 -0.1975 0.027931 0.066366 0.14184 -0.31648 0.21105 -0.21351 0.022283 -0.16996 0.14196 -0.4908 0.059198 -0.21073 0.022275 -0.25261 0.13428 -0.53473 -0.0075214 -0.046459 0.09807 -0.43434 0.1064 0.061139 -0.43281 -0.049835 0.1736 -0.75954 0.12845 0.12746 -0.75931 -0.054107 0.12443 -0.83905 0.12525 0.052144 -0.81435 -0.039175 -0.10073 0.59618
-0.16423 -0.0244 0.32648 0.11819 -0.10197 0.33809 -0.024319 -0.058106 0.40419 -0.0062245 -0.010392 0.067435 -0.0484 -0.0013037 -0.056857 0.053797 -0.0013037 -0.051936 -0.19401 0.028333 0.067637 0.14757 -0.29605 0.1907 -0.21055 0.024682 -0.16867 0.14838 -0.45509 0.025526 -0.20809 0.024887 -0.25133 0.14061 -0.49056 -0.044875 -0.048882 0.098185 -0.43373 0.1051 0.064943 -0.43251 -0.054583 0.17344 -0.75896 0.12576 0.13049 -0.75925 -0.057916 0.12406 -0.83836 0.12272 0.054721 -0.81361 -0.035377 -0.1026 0.59602
-0.161 -0.025414 0.32754 0.1214 -0.10042 0.33558 -0.020481 -0.058842 0.40427 -0.0054048 -0.010753 0.067434 -0.049197 -0.00093754 -0.056148 0.053636 -0.00093754 -0.052107 -0.19057 0.028779 0.068971 0.15374 -0.2737 0.17017 -0.2077 0.027145 -0.16731 0.15547 -0.41688 -0.0074356 -0.20564 0.027517 -0.24997 0.14797 -0.44371 -0.080804 -0.051399 0.098325 -0.43308 0.10362 0.068733 -0.43223 -0.05939 0.17328 -0.75832 0.12296 0.13352 -0.7592 -0.061791 0.12368 -0.83761 0.12012 0.057289 -0.81291 -0.03136 -0.10445 0.59583
-0.15768 -0.026337 0.32862 0.12475 -0.098548 0.3331 -0.016548 -0.05947 0.40435 -0.0045578 -0.011112 0.067434 -0.050022 -0.0005579 -0.05541 0.053463 -0.0005579 -0.052289 -0.18724 0.029262 0.070353 0.16014 -0.25006 0.14987 -0.205 0.029636 -0.16588 0.16302 -0.37711 -0.039215 -0.20341 0.030136 -0.24855 0.15606 -0.39539 -0.11493 -0.053982 0.098489 -0.43238 0.102 0.072471 -0.43196 -0.064208 0.17312 -0.75763 0.12011 0.13651 -0.75915 -0.065693 0.1233 -0.83681 0.11746 0.059818 -0.81224 -0.027199 -0.10626 0.59563
-0.15433 -0.027168 0.32973 0.12816 -0.096422 0.3307 -0.012581 -0.059989 0.40442 -0.0037035 -0.011461 0.067433 -0.050854 -0.00017108 -0.054659 0.053281 -0.00017108 -0.052478 -0.18404 0.029773 0.071769 0.1666 -0.22578 0.13023 -0.20249 0.032122 -0.16441 0.1708 -0.33674 -0.069342 -0.20142 0.032713 -0.24708 0.16459 -0.3468 -0.14686 -0.056601 0.098674 -0.43166 0.10027 0.076121 -0.43171 -0.06899 0.17295 -0.75692 0.11722 0.13943 -0.75911 -0.069587 0.12293 -0.83599 0.11479 0.062278 -0.81161 -0.022973 -0.10799 0.59542
-0.15101 -0.027902 0.33084 0.13157 -0.094111 0.32839 -0.0086412 -0.060403 0.40449 -0.0028618 -0.011789 0.067432 -0.051673 0.00021664 -0.053914 0.053092 0.00021664 -0.052671 -0.18103 0.030306 0.073208 0.17293 -0.2015 0.11164 -0.2002 0.034566 -0.1629 0.17859 -0.29674 -0.097348 -0.19968 0.035216 -0.24557 0.17324 -0.29914 -0.17623 -0.059226 0.098878 -0.43094 0.098452 0.079646 -0.43148 -0.073687 0.17279 -0.7562 0.11434 0.14224 -0.75907 -0.073435 0.12258 -0.83515 0.11211 0.064635 -0.81101 -0.018757 -0.10962 0.5952
-0.14778 -0.028538 0.33195 0.13493 -0.091682 0.32621 -0.0047903 -0.060713 0.40456 -0.0020528 -0.012089 0.067431 -0.052459 0.00059896 -0.053193 0.0529 0.00059896 -0.052866 -0.17826 0.030854 0.074655 0.17893 -0.17786 0.094529 -0.19817 0.036936 -0.16137 0.18616 -0.25805 -0.12276 -0.19823 0.037614 -0.24405 0.18171 -0.25361 -0.20265 -0.061827 0.099097 -0.43022 0.096588 0.083009 -0.43126 -0.078252 0.17264 -0.75548 0.11151 0.1449 -0.75903 -0.077199 0.12224 -0.83432 0.10947 0.066861 -0.81044 -0.014628 -0.11111 0.59498
-0.14469 -0.029073 0.33306 0.13817 -0.089204 0.32417 -0.0010889 -0.060921 0.40461 -0.0012962 -0.012352 0.06743 -0.053191 0.00096957 -0.052512 0.052707 0.00096957 -0.053059 -0.17575 0.031409 0.076096 0.18441 -0.1555 0.079301 -0.19644 0.039196 -0.15984 0.19331 -0.22164 -0.14511 -0.19708 0.039878 -0.24252 0.18971 -0.21142 -0.22573 -0.064375 0.09933 -0.42953 0.094704 0.086174 -0.43106 -0.082638 0.17251 -0.75478 0.10877 0.14737 -0.759 -0.080844 0.12194 -0.83351 0.10688 0.068922 -0.8099 -0.010663 -0.11245 0.59476
-0.1418 -0.029504 0.33416 0.14122 -0.086746 0.32231 0.0024019 -0.061028 0.40464 -0.00061214 -0.01257 0.067429 -0.05385 0.0013222 -0.05189 0.052516 0.0013222 -0.053247 -0.17357 0.031963 0.07752 0.18919 -0.13508 0.06637 -0.19505 0.041312 -0.15832 0.1998 -0.18846 -0.16393 -0.19626 0.041975 -0.241 0.19694 -0.17377 -0.2451 -0.066841 0.099575 -0.42888 0.092833 0.089104 -0.43088 -0.086796 0.17239 -0.75413 0.10614 0.14962 -0.75898 -0.084331 0.12166 -0.83275 0.10437 0.070788 -0.8094 -0.0069383 -0.11359 0.59454
-0.13915 -0.029829 0.33523 0.14403 -0.084367 0.32066 0.0056283 -0.061037 0.40466 -1.7692e-05 -0.012734 0.067427 -0.054419 0.0016513 -0.051341 0.052329 0.0016513 -0.053427 -0.17175 0.032509 0.078912 0.1931 -0.11713 0.056081 -0.19401 0.043252 -0.15682 0.20544 -0.15934 -0.17884 -0.19578 0.043879 -0.23951 0.20313 -0.14168 -0.26046 -0.069199 0.099828 -0.42829 0.091001 0.091767 -0.43072 -0.090686 0.1723 -0.75353 0.10366 0.15161 -0.75897 -0.087629 0.12143 -0.83205 0.10196 0.072432 -0.80893 -0.00352 -0.11453 0.59434
-0.13675 -0.030054 0.33627 0.14659 -0.082076 0.3192 0.0085825 -0.060957 0.40466 0.00048759 -0.012848 0.067426 -0.054896 0.0019562 -0.050867 0.052147 0.0019562 -0.053599 -0.17027 0.03304 0.080262 0.19616 -0.10163 0.04835 -0.19332 0.045004 -0.15536 0.21024 -0.13422 -0.18998 -0.19561 0.045587 -0.23805 0.20828 -0.11502 -0.27198 -0.071441 0.10009 -0.42775 0.089219 0.094167 -0.43058 -0.094305 0.17224 -0.75298 0.10134 0.15335 -0.75897 -0.090734 0.12123 -0.8314 0.099659 0.073859 -0.80849 -0.00040872 -0.11525 0.59414
-0.1346 -0.030188 0.33727 0.14891 -0.079858 0.31793 0.011274 -0.060798 0.40465 0.00091084 -0.012916 0.067424 -0.055291 0.0022383 -0.050461 0.051971 0.0022383 -0.053762 -0.16911 0.033549 0.081562 0.19842 -0.088348 0.042932 -0.19293 0.046562 -0.15394 0.21424 -0.11274 -0.19773 -0.19573 0.047106 -0.23663 0.21249 -0.093243 -0.28003 -0.073571 0.10035 -0.42727 0.08749 0.096322 -0.43045 -0.097666 0.1722 -0.75249 0.099167 0.15486 -0.75898 -0.093654 0.12106 -0.83082 0.097469 0.075084 -0.80808 0.00242 -0.11578 0.59395
-0.13266 -0.030237 0.33823 0.15099 -0.077703 0.31683 0.013713 -0.060571 0.40463 0.0012592 -0.012943 0.067422 -0.055609 0.0024986 -0.050119 0.051802 0.0024986 -0.053916 -0.16823 0.034029 0.082801 0.19996 -0.077045 0.039583 -0.19281 0.047921 -0.15259 0.21753 -0.094511 -0.20244 -0.19609 0.048441 -0.23527 0.21586 -0.07579 -0.28498 -0.07559 0.10062 -0.42684 0.085818 0.098247 -0.43034 -0.10078 0.17218 -0.75205 0.09714 0.15616 -0.75899 -0.096397 0.12093 -0.83029 0.095388 0.076121 -0.8077 0.0049905 -0.11615 0.59377
-0.13094 -0.03021 0.33913 0.15286 -0.075599 0.3159 0.015908 -0.060286 0.40459 0.0015397 -0.012935 0.067421 -0.055858 0.0027385 -0.049836 0.051639 0.0027385 -0.054061 -0.16761 0.034472 0.083972 0.20086 -0.067482 0.038058 -0.1929 0.049074 -0.15131 0.22017 -0.07916 -0.20448 -0.19667 0.0496 -0.23398 0.21849 -0.062104 -0.28719 -0.0775 0.10089 -0.42645 0.084206 0.099961 -0.43024 -0.10367 0.17218 -0.75165 0.095253 0.15725 -0.75901 -0.09897 0.12083 -0.8298 0.093417 0.076987 -0.80734 0.0073272 -0.11635 0.59361
-0.12943 -0.030115 0.33998 0.15451 -0.073532 0.31512 0.01787 -0.059953 0.40455 0.0017597 -0.012896 0.06742 -0.056045 0.0029591 -0.049606 0.051484 0.0029591 -0.054196 -0.16722 0.034871 0.085063 0.20117 -0.05942 0.03811 -0.19319 0.050017 -0.15011 0.22223 -0.066313 -0.2042 -0.19741 0.050587 -0.23276 0.22047 -0.051628 -0.28702 -0.079302 0.10117 -0.42611 0.082658 0.10148 -0.43015 -0.10633 0.1722 -0.75129 0.093498 0.15816 -0.75904 -0.10138 0.12076 -0.82937 0.091556 0.077696 -0.807 0.0094547 -0.11643 0.59345
-0.12809 -0.02996 0.34077 0.15596 -0.071491 0.31447 0.019607 -0.059585 0.40451 0.0019262 -0.012833 0.067418 -0.056178 0.0031617 -0.049424 0.051336 0.0031617 -0.054323 -0.16703 0.03522 0.086067 0.20097 -0.05262 0.039494 -0.19361 0.050745 -0.149 0.22376 -0.055592 -0.20197 -0.19828 0.051411 -0.23163 0.22191 -0.043806 -0.28485 -0.080999 0.10144 -0.42581 0.081176 0.10282 -0.43008 -0.1088 0.17224 -0.75097 0.091872 0.15891 -0.75907 -0.10364 0.12071 -0.82897 0.089805 0.078264 -0.80669 0.011397 -0.11639 0.59331
-0.12694 -0.029753 0.34148 0.15722 -0.069464 0.31396 0.02113 -0.05919 0.40446 0.0020463 -0.012751 0.067417 -0.056263 0.0033475 -0.049286 0.051198 0.0033475 -0.05444 -0.16701 0.03551 0.086973 0.20033 -0.046843 0.041966 -0.19414 0.051251 -0.14801 0.22484 -0.046622 -0.19815 -0.19925 0.052077 -0.2306 0.22289 -0.038081 -0.28103 -0.082593 0.10171 -0.42555 0.079764 0.104 -0.43001 -0.11106 0.1723 -0.75069 0.090368 0.15952 -0.7591 -0.10575 0.12068 -0.82861 0.088165 0.078706 -0.8064 0.013179 -0.11624 0.59318
-0.12594 -0.029503 0.34212 0.15829 -0.067438 0.31355 0.022448 -0.05878 0.4044 0.0021272 -0.012653 0.067416 -0.056307 0.0035177 -0.049185 0.051068 0.0035177 -0.054548 -0.16712 0.035736 0.087773 0.19932 -0.04185 0.04528 -0.19473 0.05153 -0.14713 0.22554 -0.039026 -0.19311 -0.20028 0.052591 -0.22967 0.22353 -0.033895 -0.27594 -0.084085 0.10198 -0.42532 0.078425 0.10504 -0.42995 -0.11315 0.17237 -0.75044 0.088981 0.16 -0.75913 -0.10772 0.12067 -0.82829 0.086635 0.079037 -0.80613 0.014825 -0.11602 0.59307
-0.12509 -0.029216 0.34267 0.15919 -0.065401 0.31324 0.023571 -0.058365 0.40435 0.002176 -0.012547 0.067416 -0.056319 0.0036736 -0.049116 0.050947 0.0036736 -0.054646 -0.16735 0.035889 0.088456 0.19801 -0.037404 0.049191 -0.19535 0.051576 -0.14638 0.22591 -0.032428 -0.18719 -0.20133 0.05296 -0.22886 0.22392 -0.030694 -0.26994 -0.085477 0.10224 -0.42512 0.077163 0.10595 -0.42989 -0.11507 0.17245 -0.75022 0.087705 0.16037 -0.75916 -0.10956 0.12068 -0.828 0.085215 0.079273 -0.80587 0.01636 -0.11573 0.59297
-0.12438 -0.028901 0.34312 0.15992 -0.06334 0.31303 0.024508 -0.057956 0.40431 0.0021999 -0.012437 0.067416 -0.056304 0.0038164 -0.049075 0.050837 0.0038164 -0.054734 -0.16765 0.035962 0.089015 0.19647 -0.033264 0.053454 -0.19596 0.051385 -0.14577 0.22603 -0.026453 -0.18077 -0.20237 0.05319 -0.22819 0.22415 -0.027919 -0.26339 -0.086771 0.1025 -0.42494 0.07598 0.10675 -0.42984 -0.11684 0.17255 -0.75002 0.086534 0.16064 -0.75919 -0.11128 0.1207 -0.82774 0.083906 0.079429 -0.80563 0.017807 -0.1154 0.59289
-0.12379 -0.028566 0.34348 0.16049 -0.061244 0.31289 0.02527 -0.057563 0.40426 0.002206 -0.012329 0.067416 -0.05627 0.0039473 -0.049056 0.050738 0.0039473 -0.054813 -0.16801 0.035949 0.089439 0.19477 -0.029194 0.057823 -0.19651 0.050951 -0.14532 0.22596 -0.020723 -0.1742 -0.20335 0.053287 -0.22765 0.22432 -0.025014 -0.25666 -0.087968 0.10275 -0.42479 0.074882 0.10746 -0.42979 -0.11847 0.17266 -0.74984 0.085463 0.16085 -0.75922 -0.11288 0.12073 -0.8275 0.082709 0.079521 -0.8054 0.019191 -0.11504 0.59283
-0.12331 -0.02822 0.34373 0.16091 -0.059101 0.31281 0.025864 -0.057198 0.40423 0.0022014 -0.012227 0.067416 -0.056224 0.0040675 -0.049054 0.050649 0.0040675 -0.054881 -0.16839 0.035843 0.08972 0.19298 -0.024953 0.062053 -0.19696 0.050267 -0.14503 0.22578 -0.014864 -0.16786 -0.20424 0.053259 -0.22726 0.22454 -0.021422 -0.25012 -0.089072 0.10299 -0.42466 0.073869 0.10809 -0.42975 -0.11997 0.17278 -0.74969 0.084486 0.16099 -0.75925 -0.11437 0.12077 -0.82728 0.081622 0.079563 -0.80519 0.020538 -0.11467 0.59279
-0.12293 -0.027869 0.34387 0.1612 -0.056897 0.31279 0.026303 -0.05687 0.4042 0.0021933 -0.012136 0.067417 -0.056173 0.0041783 -0.049064 0.050572 0.0041783 -0.05494 -0.16876 0.035635 0.089848 0.19117 -0.020304 0.065899 -0.19729 0.04933 -0.14492 0.22553 -0.0084979 -0.16209 -0.20501 0.05311 -0.22703 0.2249 -0.016588 -0.24413 -0.090083 0.10322 -0.42455 0.072947 0.10866 -0.4297 -0.12136 0.1729 -0.74955 0.083598 0.1611 -0.75927 -0.11577 0.12082 -0.82708 0.080647 0.07957 -0.80499 0.02187 -0.11431 0.59276
-0.12263 -0.027523 0.34389 0.16136 -0.054622 0.3128 0.026594 -0.05659 0.40419 0.0021889 -0.012063 0.067418 -0.056125 0.0042809 -0.049081 0.050508 0.0042809 -0.054988 -0.16909 0.035319 0.089813 0.1894 -0.015007 0.069115 -0.19744 0.048132 -0.14499 0.2253 -0.0012498 -0.15726 -0.20561 0.052848 -0.22697 0.22549 -0.009953 -0.23905 -0.091003 0.10344 -0.42445 0.072118 0.10919 -0.42965 -0.12264 0.17304 -0.74942 0.082792 0.16119 -0.75929 -0.11707 0.12087 -0.82689 0.079784 0.079559 -0.80479 0.023213 -0.11398 0.59275
-0.1224 -0.027189 0.34379 0.16139 -0.052262 0.31284 0.026747 -0.056369 0.40419 0.0021952 -0.012013 0.06742 -0.056086 0.0043765 -0.049099 0.050456 0.0043765 -0.055026 -0.16935 0.034888 0.089607 0.18776 -0.0088239 0.071456 -0.19738 0.04667 -0.14527 0.22515 0.0072568 -0.15373 -0.20601 0.052479 -0.2271 0.22642 -0.00096172 -0.23526 -0.091834 0.10364 -0.42436 0.071385 0.1097 -0.42959 -0.12384 0.17317 -0.7493 0.082064 0.16127 -0.7593 -0.11828 0.12092 -0.82671 0.079032 0.079545 -0.8046 0.02459 -0.11369 0.59277
-0.12224 -0.026875 0.34355 0.16132 -0.049805 0.3129 0.026773 -0.056217 0.4042 0.0022194 -0.01199 0.067422 -0.056064 0.0044663 -0.049113 0.050418 0.0044663 -0.055053 -0.16952 0.034335 0.08922 0.18631 -0.0015161 0.072678 -0.19707 0.044936 -0.14576 0.22514 0.017398 -0.15186 -0.20617 0.052009 -0.22741 0.22779 0.010943 -0.23312 -0.092579 0.10383 -0.42427 0.070753 0.1102 -0.42953 -0.12496 0.17332 -0.74919 0.081408 0.16137 -0.75931 -0.11942 0.12098 -0.82653 0.078392 0.079542 -0.80442 0.026027 -0.11346 0.5928
-0.12211 -0.026589 0.34317 0.16115 -0.047239 0.31295 0.02668 -0.056145 0.40423 0.0022686 -0.012 0.067425 -0.056066 0.0045516 -0.049119 0.050393 0.0045516 -0.05507 -0.16956 0.033652 0.088643 0.18511 0.007155 0.072534 -0.19646 0.042926 -0.14647 0.22534 0.02955 -0.15202 -0.20605 0.051445 -0.22793 0.22969 0.026317 -0.23299 -0.093238 0.104 -0.42419 0.070224 0.11071 -0.42947 -0.12602 0.17346 -0.74907 0.080818 0.1615 -0.7593 -0.12049 0.12102 -0.82636 0.077864 0.079566 -0.80425 0.027548 -0.11332 0.59286
-0.12202 -0.026339 0.34264 0.16088 -0.044553 0.313 0.026479 -0.056164 0.40428 0.00235 -0.012048 0.067428 -0.056099 0.0046336 -0.04911 0.050383 0.0046336 -0.055076 -0.16944 0.032833 0.087866 0.18424 0.017428 0.07078 -0.19553 0.040635 -0.14742 0.22581 0.044089 -0.15457 -0.20562 0.050792 -0.22866 0.23222 0.045719 -0.23525 -0.093814 0.10416 -0.4241 0.069801 0.11124 -0.42939 -0.12703 0.1736 -0.74896 0.080289 0.16168 -0.75929 -0.1215 0.12106 -0.82618 0.077449 0.079633 -0.80407 0.029178 -0.11327 0.59294
-0.12196 -0.026134 0.34196 0.16053 -0.041733 0.31303 0.026179 -0.056284 0.40436 0.0024708 -0.012139 0.067433 -0.05617 0.0047135 -0.049082 0.050388 0.0047135 -0.055071 -0.16914 0.031869 0.086881 0.18378 0.029542 0.067171 -0.19422 0.038056 -0.14862 0.22663 0.061391 -0.15986 -0.20484 0.050058 -0.22961 0.23548 0.069703 -0.24024 -0.094308 0.10429 -0.42402 0.069488 0.11182 -0.42931 -0.128 0.17375 -0.74884 0.079814 0.16193 -0.75926 -0.12246 0.12109 -0.826 0.077146 0.079757 -0.8039 0.030939 -0.11335 0.59304
-0.12189 -0.02598 0.34111 0.16011 -0.038767 0.31302 0.02579 -0.056515 0.40445 0.0026379 -0.012279 0.067437 -0.056287 0.0047926 -0.049029 0.050408 0.0047926 -0.055055 -0.16862 0.030755 0.085678 0.18378 0.043736 0.06146 -0.19251 0.035184 -0.15007 0.22786 0.081832 -0.16827 -0.20368 0.049248 -0.2308 0.23956 0.098828 -0.24835 -0.094723 0.10441 -0.42392 0.069289 0.11246 -0.42922 -0.12895 0.17389 -0.74871 0.079389 0.16226 -0.75923 -0.12336 0.12111 -0.82581 0.076956 0.079954 -0.80373 0.032858 -0.11355 0.59316
