-0.13019 0.018651 0.31207 0.14653 0.030947 0.32364 0.0051687 0.013102 0.40373 0.00044907 0.026373 0.063323 -0.055114 -0.0019621 -0.050533 0.051636 -0.0019621 -0.054083 -0.18938 0.0037308 0.053372 0.25033 0.10261 0.08967 -0.20245 -0.0079235 -0.18298 0.14248 -0.10043 0.032118 -0.19635 -0.019564 -0.26463 0.16557 -0.17734 0.051915 -0.092574 0.078482 -0.4301 0.07021 0.1189 -0.42421 -0.09715 0.15092 -0.75601 0.061845 0.20489 -0.74673 -0.10233 0.080342 -0.81728 0.12174 0.19516 -0.818 0.011907 -0.046536 0.59164
-0.13008 0.018509 0.31227 0.14666 0.030552 0.32369 0.0053655 0.012773 0.4038 0.00053621 0.026173 0.063403 -0.055109 -0.0018334 -0.050547 0.05163 -0.0018334 -0.054094 -0.18983 0.0049553 0.053613 0.25019 0.094945 0.087298 -0.20196 -0.0087995 -0.18267 0.14134 -0.11273 0.041879 -0.19585 -0.01612 -0.26461 0.17266 -0.1819 0.075743 -0.092627 0.078247 -0.43019 0.070142 0.1188 -0.4243 -0.097369 0.15039 -0.75616 0.061538 0.20481 -0.74681 -0.10247 0.080297 -0.81798 0.12147 0.19507 -0.81806 0.012041 -0.046835 0.59173
-0.12987 0.018084 0.31248 0.14693 0.030243 0.3238 0.0056524 0.012393 0.40389 0.00064752 0.025927 0.063502 -0.055142 -0.0016639 -0.050517 0.05163 -0.0016639 -0.0541 -0.19015 0.0061385 0.053862 0.24994 0.087098 0.085223 -0.20172 -0.0087002 -0.18239 0.14113 -0.12353 0.054085 -0.19548 -0.012956 -0.26455 0.17485 -0.1896 0.094673 -0.09265 0.077826 -0.43028 0.070008 0.11874 -0.42438 -0.097651 0.1497 -0.75632 0.061051 0.20472 -0.7469 -0.10255 0.080022 -0.81863 0.12102 0.19515 -0.81814 0.0123 -0.047236 0.59181
-0.12959 0.017423 0.3127 0.14732 0.029919 0.32393 0.0060247 0.011962 0.404 0.00078551 0.025633 0.063621 -0.055205 -0.0014623 -0.050454 0.051633 -0.0014623 -0.054103 -0.19035 0.0072875 0.054128 0.24965 0.079052 0.08342 -0.20168 -0.0078315 -0.18212 0.1417 -0.13305 0.068102 -0.1952 -0.010119 -0.26442 0.17316 -0.19949 0.10975 -0.092651 0.077241 -0.43039 0.069819 0.1187 -0.42447 -0.097988 0.14884 -0.75648 0.06041 0.20463 -0.74699 -0.10259 0.079535 -0.81923 0.12042 0.19538 -0.81823 0.012663 -0.047736 0.5919
-0.12923 0.016577 0.31295 0.1478 0.029483 0.32404 0.0064777 0.011479 0.40413 0.00095269 0.025293 0.063756 -0.055288 -0.0012371 -0.050367 0.051639 -0.0012371 -0.054102 -0.19044 0.0084098 0.054422 0.24942 0.070794 0.081868 -0.20177 -0.0063993 -0.18185 0.14287 -0.14149 0.083299 -0.19497 -0.0076562 -0.26422 0.16862 -0.21066 0.12201 -0.092634 0.076516 -0.4305 0.069591 0.11868 -0.42456 -0.098373 0.14784 -0.75665 0.059645 0.20453 -0.74708 -0.10259 0.078854 -0.81977 0.11969 0.19573 -0.81834 0.013105 -0.048329 0.59199
-0.12881 0.015594 0.31323 0.14833 0.028835 0.32408 0.0070069 0.010946 0.40427 0.0011516 0.024906 0.063906 -0.055383 -0.00099673 -0.050267 0.051647 -0.00099673 -0.054098 -0.19045 0.0095124 0.05475 0.24931 0.062309 0.080543 -0.20194 -0.0046092 -0.18155 0.14448 -0.14905 0.099044 -0.19474 -0.0056154 -0.26395 0.16229 -0.22218 0.13251 -0.092608 0.075675 -0.43063 0.069336 0.11868 -0.42465 -0.098799 0.14671 -0.75683 0.058783 0.20443 -0.74718 -0.10256 0.077997 -0.82028 0.11887 0.19617 -0.81846 0.013602 -0.049012 0.59208
-0.12833 0.014524 0.31354 0.14888 0.027875 0.32402 0.0076076 0.010362 0.40442 0.0013847 0.024471 0.06407 -0.055481 -0.00074985 -0.050162 0.051657 -0.00074985 -0.054092 -0.19039 0.010603 0.055124 0.24941 0.053583 0.079422 -0.20212 -0.002667 -0.18121 0.14638 -0.15593 0.1147 -0.19446 -0.0040434 -0.26358 0.15517 -0.23313 0.14228 -0.092577 0.074741 -0.43078 0.069067 0.11869 -0.42473 -0.099259 0.14547 -0.75703 0.057852 0.20431 -0.74727 -0.10251 0.076982 -0.82074 0.11799 0.1967 -0.81859 0.014131 -0.049781 0.59218
-0.1278 0.013417 0.31389 0.14943 0.026504 0.3238 0.0082752 0.009728 0.40458 0.0016545 0.023989 0.064246 -0.055573 -0.00050498 -0.050063 0.051666 -0.00050498 -0.054086 -0.19028 0.011688 0.055551 0.2498 0.044604 0.078483 -0.20226 -0.00077868 -0.18082 0.14839 -0.16234 0.12965 -0.1941 -0.0029875 -0.26311 0.14832 -0.2426 0.15237 -0.092548 0.073736 -0.43093 0.0688 0.11871 -0.42481 -0.099745 0.14415 -0.75725 0.05688 0.2042 -0.74736 -0.10246 0.075827 -0.82117 0.11706 0.19727 -0.81872 0.014668 -0.050632 0.59228
-0.12723 0.012321 0.31428 0.14995 0.024623 0.32338 0.009005 0.0090433 0.40475 0.0019636 0.02346 0.064432 -0.05565 -0.00027066 -0.049979 0.051675 -0.00027066 -0.054079 -0.19014 0.012776 0.056041 0.25055 0.035358 0.077703 -0.2023 0.00085009 -0.18035 0.15036 -0.16848 0.14325 -0.19362 -0.0024948 -0.26254 0.14275 -0.24965 0.16383 -0.092528 0.072685 -0.43111 0.068546 0.11872 -0.42489 -0.10025 0.14274 -0.75749 0.055896 0.20407 -0.74745 -0.1024 0.07455 -0.82156 0.11611 0.19787 -0.81884 0.01519 -0.051559 0.59238
-0.12663 0.011286 0.31473 0.1504 0.022133 0.32273 0.0097925 0.0083084 0.40493 0.0023145 0.022883 0.064626 -0.055704 -5.5439e-05 -0.049921 0.051683 -5.5439e-05 -0.054073 -0.18999 0.013873 0.056602 0.25176 0.02583 0.077058 -0.20217 0.0020135 -0.17979 0.15212 -0.17456 0.15486 -0.19296 -0.0026126 -0.26184 0.13951 -0.25336 0.17768 -0.092523 0.07161 -0.4313 0.068319 0.11872 -0.42496 -0.10077 0.14128 -0.75775 0.054928 0.20393 -0.74753 -0.10235 0.073169 -0.82193 0.11517 0.19847 -0.81896 0.015672 -0.05256 0.59248
-0.12599 0.010355 0.31522 0.15076 0.01897 0.32181 0.010631 0.0075241 0.40511 0.0027078 0.022259 0.064828 -0.055727 0.00013317 -0.049895 0.051688 0.00013317 -0.054068 -0.18983 0.014979 0.057241 0.25345 0.015984 0.076536 -0.20183 0.0025493 -0.17912 0.15351 -0.18077 0.16402 -0.1921 -0.0033552 -0.26103 0.13932 -0.25316 0.19464 -0.092536 0.070532 -0.43152 0.068132 0.11872 -0.42503 -0.10129 0.13978 -0.75804 0.054001 0.20379 -0.7476 -0.10231 0.071703 -0.82226 0.11427 0.19905 -0.81906 0.016095 -0.053628 0.59258
-0.12535 0.0095336 0.31576 0.15101 0.015278 0.32066 0.011507 0.0066955 0.4053 0.0031338 0.021591 0.065034 -0.055724 0.00029366 -0.049898 0.051695 0.00029366 -0.054062 -0.18967 0.01605 0.057942 0.25546 0.0056471 0.076187 -0.2013 0.0025502 -0.17838 0.15438 -0.18729 0.17109 -0.19108 -0.0045446 -0.26012 0.14111 -0.2505 0.21338 -0.09256 0.069452 -0.43174 0.067988 0.1187 -0.42508 -0.1018 0.13825 -0.75835 0.053123 0.20363 -0.74766 -0.10228 0.070173 -0.82258 0.11341 0.19961 -0.81915 0.016455 -0.054744 0.59269
-0.1247 0.008814 0.31633 0.15115 0.011275 0.31935 0.012401 0.0058287 0.40549 0.003579 0.020884 0.065242 -0.055703 0.0004267 -0.049921 0.051704 0.0004267 -0.054051 -0.18949 0.017026 0.05868 0.25752 -0.0054026 0.076083 -0.20064 0.0022007 -0.17758 0.15459 -0.19427 0.17679 -0.19 -0.0059333 -0.25918 0.14314 -0.24754 0.23183 -0.09258 0.068364 -0.43198 0.067887 0.11868 -0.42513 -0.1023 0.1367 -0.75867 0.052296 0.20347 -0.74771 -0.10224 0.068603 -0.82289 0.11259 0.20015 -0.81922 0.016759 -0.055885 0.5928
-0.12407 0.0081886 0.31693 0.15118 0.0071797 0.31797 0.013295 0.0049301 0.40568 0.0040299 0.020143 0.065449 -0.055672 0.00053298 -0.049954 0.051722 0.00053298 -0.054034 -0.18928 0.017848 0.059433 0.25938 -0.017387 0.076294 -0.19989 0.0016859 -0.17677 0.15401 -0.20188 0.18181 -0.18892 -0.0072736 -0.25824 0.14371 -0.24648 0.24794 -0.092582 0.067263 -0.43222 0.067831 0.11865 -0.42516 -0.10277 0.13513 -0.75899 0.051523 0.20331 -0.74774 -0.10216 0.067018 -0.8232 0.11182 0.20067 -0.81927 0.017009 -0.057028 0.59293
-0.12345 0.0076497 0.31753 0.15109 0.003211 0.31658 0.01417 0.0040061 0.40586 0.0044729 0.019371 0.065652 -0.055638 0.00061318 -0.04999 0.051749 0.00061318 -0.054006 -0.18904 0.018454 0.060178 0.26076 -0.030524 0.076893 -0.1991 0.0011893 -0.17598 0.15248 -0.21028 0.18685 -0.18792 -0.0083201 -0.25737 0.14108 -0.24946 0.25966 -0.092552 0.066142 -0.43247 0.067819 0.11861 -0.42517 -0.1032 0.13355 -0.75932 0.050806 0.20314 -0.74774 -0.10204 0.065439 -0.82351 0.11111 0.20117 -0.8193 0.017212 -0.05815 0.59306
-0.12287 0.0071957 0.31814 0.15091 -0.00047564 0.31526 0.015014 0.00307 0.40604 0.0048963 0.01858 0.065849 -0.055609 0.00067021 -0.050022 0.051789 0.00067021 -0.053968 -0.18875 0.018824 0.060897 0.26154 -0.04474 0.077935 -0.19832 0.00081135 -0.17523 0.15 -0.21945 0.19227 -0.18706 -0.0089714 -0.25658 0.13476 -0.25717 0.26637 -0.092483 0.065007 -0.4327 0.067842 0.11857 -0.42516 -0.10359 0.13198 -0.75963 0.050139 0.20298 -0.74773 -0.10186 0.063889 -0.82382 0.11044 0.20165 -0.81931 0.017369 -0.059233 0.5932
-0.12232 0.0068345 0.31875 0.15074 -0.0038261 0.31412 0.015819 0.0021466 0.40621 0.0052916 0.017789 0.066035 -0.055586 0.0007105 -0.050047 0.051836 0.0007105 -0.053922 -0.18843 0.018995 0.061582 0.26174 -0.059488 0.079449 -0.19755 0.00051575 -0.17453 0.14681 -0.22911 0.19795 -0.18628 -0.0093627 -0.25587 0.12618 -0.26786 0.26973 -0.092378 0.063881 -0.43293 0.067878 0.11853 -0.42514 -0.10393 0.13044 -0.75992 0.049506 0.20282 -0.74771 -0.10163 0.062386 -0.82414 0.1098 0.20212 -0.8193 0.01748 -0.060266 0.59334
-0.12182 0.006575 0.31934 0.1507 -0.0067957 0.31327 0.016578 0.0012616 0.40636 0.0056504 0.017019 0.066209 -0.055572 0.00074085 -0.050062 0.051889 0.00074085 -0.053871 -0.18808 0.019013 0.062228 0.26142 -0.074174 0.081462 -0.1968 0.00025363 -0.17387 0.14314 -0.23894 0.20366 -0.18557 -0.009651 -0.25521 0.11695 -0.27957 0.27162 -0.092242 0.062788 -0.43314 0.0679 0.11849 -0.42512 -0.10421 0.12895 -0.7602 0.04889 0.20267 -0.74767 -0.10136 0.060948 -0.82445 0.10916 0.2026 -0.81928 0.017545 -0.061239 0.59347
-0.12135 0.0064259 0.31991 0.15088 -0.0093396 0.31283 0.017286 0.00044076 0.40651 0.0059644 0.016288 0.066367 -0.055568 0.00076804 -0.050066 0.051943 0.00076804 -0.053818 -0.1877 0.018921 0.062828 0.26062 -0.088207 0.084 -0.19608 -2.3903e-05 -0.17327 0.13924 -0.24862 0.20923 -0.18487 -0.0099933 -0.2546 0.10871 -0.29033 0.27394 -0.092078 0.061753 -0.43333 0.067883 0.11847 -0.42508 -0.10445 0.12754 -0.76045 0.048271 0.20255 -0.74763 -0.10106 0.059594 -0.82474 0.10852 0.20308 -0.81925 0.017562 -0.062145 0.59358
-0.12093 0.0063939 0.32045 0.15136 -0.011424 0.31288 0.017936 -0.00029386 0.40663 0.0062264 0.015617 0.066506 -0.055577 0.0007982 -0.050056 0.051995 0.0007982 -0.053768 -0.18731 0.018763 0.063375 0.25941 -0.10105 0.087076 -0.19539 -0.00036594 -0.17271 0.13533 -0.25788 0.21445 -0.18416 -0.010535 -0.25401 0.10288 -0.2984 0.27836 -0.091892 0.060798 -0.43349 0.067804 0.11846 -0.42505 -0.10462 0.12622 -0.76067 0.047637 0.20245 -0.74758 -0.10074 0.058339 -0.825 0.10786 0.20358 -0.81923 0.017533 -0.062973 0.59367
-0.12056 0.0064667 0.32097 0.15211 -0.013107 0.31334 0.018521 -0.00095318 0.40674 0.0064381 0.015004 0.066628 -0.055594 0.00083185 -0.050036 0.052045 0.00083185 -0.053718 -0.18692 0.018568 0.063869 0.25785 -0.11263 0.090589 -0.1947 -0.0008232 -0.1722 0.1315 -0.26665 0.21925 -0.18341 -0.011314 -0.25344 0.099366 -0.30392 0.28472 -0.09169 0.059931 -0.43364 0.067674 0.11845 -0.42502 -0.10475 0.12501 -0.76087 0.046998 0.20238 -0.74754 -0.1004 0.057183 -0.82523 0.10719 0.20406 -0.8192 0.017474 -0.063738 0.59374
-0.12024 0.0066224 0.32144 0.15298 -0.014495 0.31407 0.019033 -0.001565 0.40683 0.0066059 0.014437 0.066737 -0.055615 0.0008666 -0.050013 0.052096 0.0008666 -0.053668 -0.18655 0.018361 0.064311 0.25605 -0.12313 0.094376 -0.19393 -0.0014473 -0.17174 0.12771 -0.27501 0.22357 -0.18256 -0.012316 -0.25292 0.097244 -0.30804 0.29195 -0.09148 0.059149 -0.43376 0.067515 0.11845 -0.42499 -0.10482 0.1239 -0.76105 0.046383 0.20232 -0.74749 -0.10006 0.056115 -0.82542 0.10654 0.20449 -0.81917 0.017411 -0.064461 0.59379
-0.11997 0.0068388 0.32187 0.15387 -0.015694 0.31489 0.019464 -0.0021573 0.40691 0.0067365 0.013905 0.066835 -0.055632 0.00090005 -0.049993 0.05215 0.00090005 -0.053616 -0.1862 0.018166 0.064702 0.25408 -0.13272 0.098276 -0.19303 -0.0022898 -0.17131 0.12396 -0.28305 0.22737 -0.1816 -0.013525 -0.25243 0.095595 -0.3119 0.29894 -0.091271 0.058451 -0.43387 0.067351 0.11845 -0.42496 -0.10486 0.12289 -0.76121 0.045818 0.20227 -0.74745 -0.099727 0.055124 -0.82557 0.10595 0.20482 -0.81913 0.017368 -0.065164 0.59384
-0.11975 0.0070939 0.32225 0.15462 -0.016812 0.31565 0.019808 -0.0027579 0.40699 0.0068362 0.013397 0.066927 -0.055641 0.0009298 -0.049983 0.052207 0.0009298 -0.053559 -0.18591 0.018006 0.065044 0.25205 -0.14158 0.10213 -0.19193 -0.0034018 -0.17091 0.12023 -0.29083 0.23061 -0.18049 -0.014926 -0.25201 0.093499 -0.31666 0.3046 -0.091072 0.057836 -0.43398 0.067206 0.11843 -0.42493 -0.10486 0.12199 -0.76136 0.04533 0.20221 -0.7474 -0.099408 0.054202 -0.82568 0.10545 0.205 -0.81908 0.01737 -0.065868 0.59388
-0.11958 0.007371 0.32259 0.15519 -0.01792 0.31624 0.020073 -0.0033732 0.40707 0.0069118 0.012904 0.067016 -0.05564 0.0009539 -0.049984 0.052269 0.0009539 -0.053499 -0.18566 0.017891 0.065347 0.25001 -0.14988 0.10584 -0.19068 -0.0047136 -0.17054 0.11652 -0.29842 0.23335 -0.17927 -0.016431 -0.25163 0.090397 -0.32297 0.30836 -0.090885 0.057293 -0.43408 0.067093 0.11839 -0.42489 -0.10483 0.12118 -0.76151 0.044926 0.20216 -0.74735 -0.099108 0.053334 -0.82574 0.10505 0.20502 -0.81903 0.017414 -0.066577 0.59392
-0.11942 0.0076657 0.32292 0.15561 -0.019012 0.31667 0.020307 -0.0039597 0.40714 0.0069708 0.012424 0.0671 -0.055639 0.00097154 -0.049984 0.052328 0.00097154 -0.05344 -0.18544 0.017793 0.065642 0.24792 -0.15775 0.10949 -0.18957 -0.005876 -0.17019 0.11287 -0.30583 0.23589 -0.17822 -0.017797 -0.25125 0.08656 -0.33033 0.31087 -0.090699 0.056797 -0.43417 0.066991 0.11835 -0.42486 -0.10477 0.12044 -0.76165 0.044571 0.20211 -0.7473 -0.098808 0.052506 -0.82576 0.10471 0.20494 -0.81897 0.017432 -0.067246 0.59397
-0.11927 0.0079753 0.32327 0.15596 -0.020073 0.31698 0.020564 -0.0044669 0.40721 0.0070208 0.011954 0.06718 -0.05565 0.00098204 -0.049972 0.052378 0.00098204 -0.053391 -0.18521 0.017683 0.065964 0.24573 -0.16535 0.11318 -0.18894 -0.0065007 -0.16983 0.10931 -0.31306 0.23857 -0.1776 -0.018754 -0.25084 0.082375 -0.33812 0.31295 -0.090501 0.056317 -0.43425 0.066878 0.11832 -0.42483 -0.1047 0.11972 -0.76177 0.044222 0.20208 -0.74726 -0.098488 0.0517 -0.82576 0.10438 0.2048 -0.81891 0.017346 -0.067824 0.59401
-0.11909 0.0082972 0.3237 0.1563 -0.021085 0.31717 0.020899 -0.0048444 0.40728 0.0070693 0.011493 0.067256 -0.055683 0.00098472 -0.049935 0.052413 0.00098472 -0.053357 -0.18493 0.017529 0.066348 0.2434 -0.17281 0.11702 -0.18912 -0.0061994 -0.16945 0.10588 -0.32013 0.24171 -0.17771 -0.019033 -0.25035 0.078232 -0.34568 0.31542 -0.090278 0.055825 -0.4343 0.066731 0.11831 -0.4248 -0.10462 0.119 -0.76186 0.043837 0.20208 -0.74721 -0.098131 0.0509 -0.82575 0.10401 0.20467 -0.81887 0.01708 -0.06826 0.59404
-0.11885 0.0086276 0.32422 0.1567 -0.02203 0.31729 0.021357 -0.0050505 0.40734 0.0071227 0.011038 0.067328 -0.055749 0.00097899 -0.049861 0.052425 0.00097899 -0.053345 -0.18458 0.017303 0.066821 0.24089 -0.18024 0.12108 -0.19041 -0.004616 -0.16904 0.10262 -0.32703 0.24562 -0.1788 -0.018388 -0.24974 0.074503 -0.35242 0.31904 -0.090019 0.055293 -0.43433 0.066529 0.11833 -0.42479 -0.10453 0.11823 -0.76193 0.043376 0.20213 -0.74718 -0.097716 0.05009 -0.82574 0.10355 0.2046 -0.81883 0.016563 -0.068509 0.59406
-0.11857 0.008947 0.32478 0.15714 -0.022877 0.31734 0.021896 -0.0051636 0.40741 0.0071721 0.010578 0.067397 -0.055845 0.00096528 -0.049753 0.052416 0.00096528 -0.053355 -0.18416 0.017017 0.067329 0.23828 -0.18752 0.1253 -0.19272 -0.0018374 -0.16864 0.099624 -0.33377 0.25007 -0.18081 -0.01685 -0.24906 0.071364 -0.35825 0.32366 -0.089725 0.054722 -0.43434 0.066275 0.1184 -0.42479 -0.10443 0.11742 -0.76197 0.042837 0.20222 -0.74714 -0.097247 0.049266 -0.82573 0.103 0.20464 -0.81881 0.015807 -0.068597 0.59409
-0.11825 0.0092242 0.32526 0.15753 -0.02358 0.31731 0.022409 -0.0053481 0.40747 0.0071974 0.010093 0.067469 -0.055956 0.00094475 -0.049628 0.052388 0.00094475 -0.053383 -0.18373 0.01671 0.067758 0.23575 -0.19433 0.12946 -0.19564 0.0017311 -0.16833 0.097026 -0.34033 0.25446 -0.18342 -0.014655 -0.24843 0.068847 -0.3635 0.32851 -0.089405 0.054137 -0.43433 0.065991 0.11851 -0.42478 -0.10434 0.11658 -0.762 0.042246 0.20237 -0.74711 -0.096738 0.048432 -0.82571 0.10238 0.20479 -0.81879 0.014886 -0.068602 0.59416
-0.11792 0.0094283 0.32552 0.15779 -0.024099 0.31723 0.022788 -0.0057706 0.40754 0.0071785 0.0095637 0.067547 -0.05607 0.00091861 -0.049501 0.052345 0.00091861 -0.053425 -0.18334 0.016421 0.067996 0.23346 -0.20034 0.13335 -0.19879 0.0056769 -0.16817 0.094961 -0.34669 0.25817 -0.18631 -0.012042 -0.24797 0.066982 -0.36849 0.33279 -0.089071 0.053561 -0.43432 0.065698 0.11867 -0.42477 -0.10425 0.11575 -0.76202 0.041629 0.20258 -0.74706 -0.096206 0.047595 -0.82567 0.10173 0.20508 -0.81877 0.013874 -0.068604 0.59432
-0.1176 0.0095279 0.32546 0.15784 -0.024388 0.31707 0.022925 -0.0065976 0.40761 0.0070951 0.0089712 0.067637 -0.056171 0.00088802 -0.049387 0.052292 0.00088802 -0.053477 -0.18302 0.01619 0.067926 0.23159 -0.20524 0.13677 -0.20175 0.0095876 -0.16825 0.093566 -0.35283 0.26061 -0.18916 -0.0092499 -0.24778 0.065799 -0.37354 0.33571 -0.088732 0.053017 -0.43431 0.065416 0.11889 -0.42475 -0.10415 0.11495 -0.76206 0.041014 0.20285 -0.747 -0.095668 0.046759 -0.82561 0.10107 0.20553 -0.81874 0.012846 -0.068681 0.59458
-0.1173 0.0095018 0.32499 0.15761 -0.024436 0.31685 0.022737 -0.0079418 0.40768 0.0069329 0.0083012 0.067739 -0.056249 0.00085346 -0.0493 0.052232 0.00085346 -0.053536 -0.1828 0.016034 0.067466 0.2302 -0.20885 0.13959 -0.20422 0.013115 -0.16861 0.092891 -0.35878 0.26135 -0.19171 -0.0065104 -0.24797 0.065269 -0.37892 0.33673 -0.088397 0.05252 -0.43432 0.065155 0.11918 -0.42472 -0.10406 0.11418 -0.7621 0.040412 0.2032 -0.74693 -0.095134 0.045929 -0.82553 0.10042 0.20613 -0.81869 0.011868 -0.068884 0.59498
-0.11703 0.0093622 0.32413 0.15709 -0.024325 0.3166 0.022231 -0.009737 0.40775 0.006697 0.0075557 0.067851 -0.056302 0.00081294 -0.04924 0.052169 0.00081294 -0.053598 -0.18263 0.015884 0.066635 0.22906 -0.2115 0.14193 -0.20616 0.016128 -0.16927 0.092711 -0.36469 0.26068 -0.19384 -0.0040264 -0.24851 0.065179 -0.38476 0.33612 -0.08806 0.052062 -0.43435 0.064885 0.11954 -0.42466 -0.10398 0.11345 -0.76217 0.039786 0.20362 -0.74682 -0.094594 0.045107 -0.82544 0.099755 0.20687 -0.81861 0.010974 -0.069174 0.59551
-0.1168 0.009128 0.32296 0.1563 -0.02416 0.31634 0.02143 -0.01188 0.40782 0.0063969 0.0067404 0.067966 -0.056331 0.00076399 -0.049207 0.052107 0.00076399 -0.053659 -0.18246 0.015659 0.065474 0.22783 -0.2136 0.14399 -0.20763 0.018537 -0.17022 0.092743 -0.37073 0.259 -0.19549 -0.0019958 -0.24938 0.065275 -0.39115 0.33434 -0.087717 0.051624 -0.4344 0.064565 0.11997 -0.42458 -0.10392 0.11272 -0.76226 0.039091 0.20414 -0.74669 -0.094036 0.044295 -0.82535 0.099035 0.20768 -0.81848 0.010191 -0.069489 0.59614
-0.11662 0.0088182 0.32153 0.15525 -0.024046 0.3161 0.020359 -0.014267 0.40788 0.0060418 0.0058606 0.068079 -0.056337 0.00070413 -0.049201 0.052048 0.00070413 -0.053717 -0.1822 0.015274 0.064026 0.22621 -0.21559 0.14596 -0.20865 0.020255 -0.17146 0.092703 -0.3771 0.25671 -0.19659 -0.0006161 -0.25055 0.065305 -0.39819 0.33185 -0.087361 0.051192 -0.43447 0.064156 0.12048 -0.42446 -0.10388 0.11199 -0.76237 0.038281 0.20476 -0.74651 -0.093446 0.043495 -0.8253 0.098231 0.20855 -0.81829 0.0095462 -0.069772 0.59686
-0.1165 0.008451 0.31991 0.15395 -0.024086 0.31591 0.019044 -0.016798 0.40792 0.0056416 0.0049225 0.068186 -0.05632 0.00063115 -0.049221 0.051996 0.00063115 -0.053769 -0.18181 0.014649 0.062331 0.22388 -0.21788 0.14803 -0.20926 0.0212 -0.17297 0.092324 -0.38395 0.25421 -0.19708 -7.4101e-05 -0.25198 0.065029 -0.40597 0.32909 -0.086986 0.05075 -0.43457 0.06362 0.12108 -0.42431 -0.10387 0.11124 -0.76251 0.037311 0.20549 -0.74629 -0.092812 0.042709 -0.8253 0.097311 0.20941 -0.81803 0.0090689 -0.069962 0.59764
-0.11637 0.0080271 0.31813 0.15245 -0.024342 0.31575 0.017559 -0.019423 0.40795 0.0052184 0.0039398 0.06828 -0.05628 0.00054923 -0.049268 0.051945 0.00054923 -0.05382 -0.18123 0.013774 0.06043 0.22089 -0.2206 0.1502 -0.2095 0.021432 -0.17474 0.091696 -0.39121 0.2519 -0.19702 -0.00030576 -0.25364 0.06455 -0.41435 0.32647 -0.086605 0.050297 -0.43469 0.062952 0.12179 -0.42412 -0.10392 0.11046 -0.76267 0.036162 0.20636 -0.74602 -0.092142 0.041938 -0.82534 0.096254 0.21031 -0.81768 0.0088106 -0.069997 0.59847
-0.11612 0.0075293 0.31621 0.15085 -0.024835 0.31555 0.01603 -0.022148 0.40795 0.0048066 0.0029348 0.06836 -0.056217 0.00046886 -0.04934 0.051881 0.00046886 -0.053883 -0.18044 0.01271 0.058363 0.21764 -0.22362 0.15237 -0.20941 0.02115 -0.1767 0.091269 -0.39857 0.25014 -0.19661 -0.00099626 -0.25549 0.064313 -0.42299 0.32436 -0.086245 0.049846 -0.43483 0.062182 0.12263 -0.4239 -0.10405 0.10965 -0.76285 0.034847 0.20738 -0.74571 -0.091461 0.041179 -0.82542 0.095054 0.21133 -0.81727 0.0088462 -0.069813 0.59929
-0.11562 0.0069399 0.31416 0.14923 -0.025588 0.31523 0.014583 -0.024977 0.40791 0.0044411 0.00193 0.068423 -0.056132 0.00040084 -0.049438 0.051788 0.00040084 -0.053972 -0.17942 0.011522 0.056172 0.21453 -0.2268 0.15439 -0.20903 0.020561 -0.17879 0.091509 -0.40568 0.24932 -0.19605 -0.0018199 -0.25747 0.064776 -0.43155 0.32314 -0.085934 0.049409 -0.43499 0.06134 0.12365 -0.42365 -0.1043 0.10883 -0.76305 0.033375 0.20858 -0.74536 -0.090798 0.040433 -0.82551 0.093705 0.21257 -0.81681 0.0092515 -0.069347 0.60009
-0.11475 0.006241 0.312 0.1477 -0.026619 0.31473 0.013343 -0.027917 0.40781 0.0041569 0.00094796 0.068464 -0.056025 0.00035596 -0.049559 0.051652 0.00035596 -0.054102 -0.17813 0.010274 0.053895 0.21198 -0.22999 0.15612 -0.2084 0.019871 -0.18097 0.092878 -0.41221 0.24981 -0.19552 -0.0024509 -0.25956 0.066398 -0.43966 0.32318 -0.085702 0.049001 -0.43517 0.060457 0.12488 -0.42337 -0.1047 0.108 -0.76327 0.031758 0.20999 -0.74496 -0.09018 0.039698 -0.8256 0.0922 0.21412 -0.81631 0.010102 -0.068534 0.60083
-0.11342 0.0054256 0.30975 0.14633 -0.027931 0.31399 0.01242 -0.030948 0.40766 0.0039818 1.0004e-05 0.068482 -0.055898 0.00034291 -0.049702 0.051463 0.00034291 -0.05428 -0.17659 0.0090303 0.051586 0.21031 -0.23307 0.15748 -0.20758 0.019258 -0.18316 0.095725 -0.41794 0.25179 -0.19517 -0.0026539 -0.2617 0.069519 -0.44711 0.32466 -0.085568 0.048633 -0.43536 0.059558 0.12634 -0.42306 -0.10526 0.10717 -0.7635 0.030012 0.21162 -0.74453 -0.089629 0.038977 -0.82567 0.090542 0.21604 -0.81579 0.01144 -0.067338 0.60147
-0.11174 0.0045385 0.30753 0.14518 -0.029429 0.31306 0.011843 -0.033924 0.40747 0.0039098 -0.00086751 0.068481 -0.055767 0.0003603 -0.049849 0.05124 0.0003603 -0.05449 -0.17488 0.0078677 0.049353 0.20943 -0.23606 0.1586 -0.20663 0.018761 -0.18526 0.099823 -0.42316 0.25458 -0.19476 -0.0026301 -0.26378 0.073908 -0.45423 0.32682 -0.08551 0.048307 -0.43554 0.058655 0.12796 -0.42274 -0.10594 0.10636 -0.76372 0.028181 0.2134 -0.74407 -0.089129 0.038285 -0.82571 0.088772 0.21825 -0.81525 0.013137 -0.065854 0.60202
-0.10985 0.0036401 0.30546 0.14431 -0.030996 0.31201 0.011617 -0.03666 0.40726 0.0039246 -0.0016698 0.068465 -0.05565 0.00040369 -0.049978 0.051007 0.00040369 -0.054707 -0.17312 0.0068643 0.047323 0.20913 -0.23901 0.15969 -0.20564 0.018379 -0.18715 0.10477 -0.42834 0.25723 -0.19395 -0.0027119 -0.26569 0.079158 -0.46154 0.32864 -0.085492 0.048024 -0.43571 0.057749 0.12963 -0.4224 -0.10668 0.10558 -0.76392 0.026314 0.21525 -0.7436 -0.088657 0.037645 -0.82572 0.086947 0.22061 -0.8147 0.015015 -0.064219 0.60247
-0.10791 0.0027908 0.30369 0.14377 -0.032509 0.31093 0.011746 -0.038971 0.40707 0.0040099 -0.0023822 0.068438 -0.055569 0.00046862 -0.050069 0.050792 0.00046862 -0.054908 -0.17145 0.0060983 0.045622 0.20918 -0.242 0.16094 -0.20469 0.01811 -0.18873 0.11018 -0.43394 0.2588 -0.19239 -0.0032319 -0.26731 0.084865 -0.46957 0.32908 -0.08548 0.047784 -0.43583 0.056845 0.13127 -0.42205 -0.1074 0.10486 -0.76408 0.024461 0.21707 -0.74311 -0.088186 0.037077 -0.8257 0.085121 0.22298 -0.81415 0.016897 -0.062566 0.60281
-0.10609 0.0020501 0.30235 0.14359 -0.033851 0.30988 0.012233 -0.040676 0.40692 0.0041496 -0.0029901 0.068406 -0.05554 0.00055056 -0.0501 0.05062 0.00055056 -0.055067 -0.17 0.0056466 0.044374 0.20938 -0.24506 0.16255 -0.20386 0.017951 -0.18987 0.11564 -0.44041 0.25835 -0.18977 -0.0045106 -0.26854 0.090629 -0.4788 0.32714 -0.08544 0.047586 -0.4359 0.055946 0.13279 -0.42171 -0.10804 0.1042 -0.76418 0.022672 0.21877 -0.74263 -0.087693 0.036602 -0.82565 0.08335 0.22523 -0.81361 0.018605 -0.061031 0.60305
-0.10444 0.001438 0.30147 0.14378 -0.034996 0.3089 0.013052 -0.041729 0.40681 0.004331 -0.0034907 0.068372 -0.05557 0.0006405 -0.050066 0.050501 0.0006405 -0.055176 -0.16882 0.0055241 0.043613 0.2097 -0.24815 0.16449 -0.20318 0.01789 -0.19056 0.12101 -0.44775 0.25555 -0.18648 -0.006324 -0.26931 0.096309 -0.48922 0.32251 -0.085356 0.047423 -0.4359 0.055052 0.13412 -0.42138 -0.10857 0.10362 -0.76422 0.020965 0.22031 -0.74216 -0.087168 0.036219 -0.82555 0.081652 0.22729 -0.81308 0.020054 -0.059685 0.6032
-0.10296 0.00091977 0.30095 0.14425 -0.036051 0.30798 0.014129 -0.042271 0.40673 0.0045469 -0.0038969 0.068336 -0.055647 0.00072323 -0.049979 0.050424 0.00072323 -0.055246 -0.1679 0.0056592 0.043246 0.2104 -0.25103 0.1664 -0.20266 0.017896 -0.19087 0.12648 -0.45534 0.25094 -0.18392 -0.0076922 -0.26968 0.10212 -0.50001 0.31587 -0.085245 0.047276 -0.43586 0.054154 0.1353 -0.42106 -0.10902 0.10307 -0.7642 0.019312 0.22172 -0.7417 -0.086625 0.035896 -0.82542 0.080001 0.22919 -0.81257 0.021279 -0.058513 0.60327
-0.10159 0.00045656 0.30068 0.14491 -0.037129 0.3071 0.01539 -0.042458 0.40668 0.0047903 -0.0042232 0.0683 -0.055757 0.00078308 -0.049855 0.050375 0.00078308 -0.055289 -0.16723 0.0059742 0.043172 0.21172 -0.25347 0.16789 -0.20226 0.017939 -0.19092 0.13224 -0.46252 0.24511 -0.18356 -0.0075798 -0.26967 0.1083 -0.51034 0.30798 -0.085124 0.047126 -0.43577 0.053243 0.13636 -0.42074 -0.10944 0.10254 -0.76415 0.017684 0.22301 -0.74124 -0.086077 0.035598 -0.82525 0.078367 0.23097 -0.81206 0.022328 -0.057497 0.60329
-0.1003 9.5109e-06 0.30056 0.14568 -0.038346 0.30624 0.016758 -0.042445 0.40664 0.005054 -0.0044839 0.068263 -0.055887 0.0008044 -0.04971 0.050342 0.0008044 -0.055318 -0.16678 0.0063913 0.04329 0.21394 -0.25523 0.16857 -0.20198 0.017988 -0.1908 0.13851 -0.46862 0.23864 -0.18686 -0.0049513 -0.26933 0.11509 -0.51934 0.29958 -0.085011 0.046953 -0.43567 0.052311 0.13732 -0.42043 -0.10984 0.102 -0.76406 0.01605 0.22421 -0.74078 -0.08554 0.035291 -0.82506 0.076718 0.23267 -0.81155 0.023246 -0.056613 0.60329
-0.099046 -0.00045645 0.30049 0.14648 -0.039796 0.30538 0.018163 -0.042375 0.40659 0.005331 -0.004693 0.068228 -0.056023 0.00077474 -0.049557 0.050313 0.00077474 -0.055344 -0.16654 0.0068373 0.043504 0.21723 -0.25615 0.16816 -0.20179 0.018022 -0.1906 0.14546 -0.47312 0.23209 -0.19499 0.0010137 -0.26867 0.12268 -0.52632 0.29136 -0.08492 0.046742 -0.43556 0.051351 0.1382 -0.42011 -0.11028 0.10142 -0.76397 0.014383 0.22534 -0.74031 -0.085026 0.034947 -0.82483 0.075027 0.23432 -0.81104 0.024073 -0.055846 0.60329
-0.097851 -0.00094969 0.30043 0.14726 -0.041431 0.30454 0.019567 -0.04228 0.40654 0.0056134 -0.004864 0.068193 -0.05616 0.00070451 -0.049402 0.050293 0.00070451 -0.055363 -0.16643 0.0072711 0.043771 0.22117 -0.25654 0.16702 -0.20171 0.01807 -0.19034 0.15294 -0.47635 0.22576 -0.20694 0.009609 -0.26747 0.13093 -0.53173 0.28348 -0.084856 0.046504 -0.43544 0.050358 0.13904 -0.41979 -0.11075 0.10081 -0.76387 0.012675 0.22643 -0.73984 -0.084535 0.034581 -0.82459 0.073287 0.23594 -0.81053 0.024812 -0.055192 0.60329
-0.096736 -0.001467 0.30042 0.14804 -0.043138 0.30374 0.020944 -0.04215 0.40649 0.0058926 -0.0050095 0.068159 -0.056297 0.00061402 -0.049247 0.050288 0.00061402 -0.055368 -0.16636 0.0076658 0.04407 0.22507 -0.2569 0.16581 -0.20173 0.018187 -0.19005 0.16069 -0.47908 0.21983 -0.22077 0.019468 -0.26543 0.13954 -0.53651 0.27585 -0.084814 0.046262 -0.43531 0.049332 0.13984 -0.41946 -0.11123 0.10021 -0.76377 0.010925 0.22749 -0.73935 -0.084063 0.034227 -0.82435 0.071499 0.23753 -0.81 0.025447 -0.054657 0.60329
-0.09573 -0.0020051 0.30045 0.14879 -0.044806 0.303 0.022272 -0.041973 0.40644 0.0061603 -0.0051426 0.068126 -0.056432 0.0005236 -0.049094 0.05031 0.0005236 -0.05535 -0.16625 0.0079944 0.044377 0.22826 -0.25776 0.16518 -0.20188 0.018428 -0.1897 0.16845 -0.48205 0.21448 -0.23453 0.029221 -0.26224 0.14821 -0.54161 0.26841 -0.084793 0.046038 -0.43519 0.048271 0.14062 -0.4191 -0.11173 0.099619 -0.76366 0.0091324 0.22853 -0.73884 -0.083604 0.033921 -0.82411 0.069665 0.2391 -0.80944 0.025964 -0.054245 0.60329
-0.09486 -0.0025607 0.30055 0.1495 -0.046324 0.30235 0.023524 -0.041739 0.4064 0.0064082 -0.005276 0.068093 -0.056562 0.00045353 -0.048944 0.050366 0.00045353 -0.055301 -0.16601 0.0082302 0.044672 0.23006 -0.25964 0.16579 -0.20216 0.018846 -0.18931 0.17596 -0.48601 0.20989 -0.24627 0.037504 -0.25757 0.15664 -0.54795 0.26107 -0.084788 0.045855 -0.43506 0.047174 0.1414 -0.41871 -0.11223 0.099082 -0.76355 0.0072965 0.22956 -0.73828 -0.083154 0.033695 -0.82388 0.067787 0.24065 -0.80884 0.026346 -0.053963 0.60327
-0.094129 -0.0031261 0.3007 0.15018 -0.047642 0.30179 0.024693 -0.041446 0.40636 0.0066317 -0.0054183 0.068061 -0.056686 0.00041634 -0.048801 0.050464 0.00041634 -0.055213 -0.16559 0.0083622 0.044937 0.23021 -0.2627 0.16787 -0.20254 0.019444 -0.18889 0.18304 -0.49124 0.20613 -0.25486 0.043519 -0.25145 0.16467 -0.55592 0.25384 -0.084798 0.045725 -0.43494 0.046047 0.14219 -0.41828 -0.11273 0.098609 -0.76344 0.0054285 0.23059 -0.73769 -0.082712 0.033563 -0.82366 0.065875 0.2422 -0.80821 0.026603 -0.053784 0.60324
-0.093492 -0.0036846 0.30088 0.15082 -0.048827 0.3013 0.025794 -0.041116 0.40633 0.0068333 -0.0055701 0.068028 -0.056802 0.00040945 -0.048666 0.05061 0.00040945 -0.05508 -0.16503 0.0084107 0.04517 0.22928 -0.26651 0.17085 -0.20295 0.020118 -0.18847 0.18969 -0.49722 0.20303 -0.26078 0.047574 -0.24456 0.17239 -0.56476 0.24686 -0.084823 0.045638 -0.43482 0.044911 0.14296 -0.41782 -0.11322 0.098193 -0.76333 0.0035624 0.2316 -0.73707 -0.082289 0.033488 -0.82345 0.063957 0.24372 -0.80754 0.026789 -0.053625 0.60321
-0.0929 -0.0042186 0.30107 0.15141 -0.049959 0.30084 0.02685 -0.04077 0.40631 0.0070165 -0.0057309 0.067996 -0.056907 0.0004286 -0.048544 0.050808 0.0004286 -0.054897 -0.16437 0.0083993 0.045366 0.22794 -0.27052 0.17408 -0.20328 0.020757 -0.18807 0.19596 -0.50327 0.2004 -0.26467 0.050103 -0.23765 0.17992 -0.57362 0.24026 -0.084862 0.045581 -0.43471 0.04379 0.1437 -0.41733 -0.11371 0.097828 -0.76323 0.0017345 0.23257 -0.73642 -0.081894 0.03343 -0.82323 0.062065 0.24519 -0.80686 0.026966 -0.053395 0.60317
-0.092303 -0.0047107 0.30123 0.15195 -0.051119 0.3004 0.027882 -0.040432 0.40627 0.0071848 -0.0059001 0.067964 -0.056998 0.00046948 -0.048436 0.051062 0.00046948 -0.054658 -0.16365 0.0083518 0.045522 0.22685 -0.2742 0.1769 -0.20346 0.021246 -0.18775 0.20187 -0.50876 0.19805 -0.26718 0.051539 -0.23145 0.18736 -0.58163 0.23421 -0.084915 0.045542 -0.43461 0.042705 0.14439 -0.41681 -0.11417 0.097504 -0.76315 -1.8759e-05 0.23346 -0.73576 -0.08154 0.033351 -0.82297 0.060228 0.24661 -0.80618 0.027193 -0.053003 0.60314
-0.09166 -0.0051518 0.30135 0.15245 -0.052378 0.29993 0.028906 -0.040123 0.40623 0.0073414 -0.0060765 0.067931 -0.057073 0.00052676 -0.048347 0.051376 0.00052676 -0.05436 -0.16293 0.0082866 0.045637 0.22664 -0.27707 0.1787 -0.20338 0.021483 -0.18752 0.20749 -0.51307 0.19579 -0.26893 0.052293 -0.22667 0.19488 -0.58797 0.22884 -0.084983 0.045508 -0.43454 0.041666 0.14501 -0.41628 -0.11463 0.097212 -0.76308 -0.0016812 0.23427 -0.7351 -0.081234 0.033215 -0.82268 0.058457 0.24795 -0.80551 0.027523 -0.05237 0.60312
-0.091031 -0.0056255 0.30145 0.1529 -0.053703 0.29948 0.029893 -0.039855 0.40619 0.0074869 -0.0062508 0.0679 -0.057133 0.00058368 -0.048276 0.051733 0.00058368 -0.054018 -0.16223 0.0081663 0.045733 0.22745 -0.27906 0.17957 -0.2032 0.021465 -0.18735 0.21333 -0.51606 0.19349 -0.27023 0.052536 -0.22346 0.20299 -0.59249 0.224 -0.085077 0.045466 -0.43447 0.040535 0.1456 -0.41571 -0.11512 0.096913 -0.76302 -0.0034546 0.23505 -0.73439 -0.080974 0.033035 -0.82235 0.056553 0.24931 -0.80481 0.027924 -0.051531 0.6031
-0.090535 -0.0062717 0.30158 0.15332 -0.054996 0.2991 0.030787 -0.039634 0.40615 0.0076207 -0.0064087 0.06787 -0.057181 0.00061654 -0.04822 0.052103 0.00061654 -0.053661 -0.1616 0.0079195 0.045842 0.22916 -0.28035 0.18 -0.20314 0.021255 -0.18714 0.22017 -0.51786 0.19107 -0.27123 0.052287 -0.22169 0.21244 -0.59541 0.21942 -0.085215 0.045402 -0.43442 0.039081 0.14623 -0.41506 -0.1157 0.096548 -0.76297 -0.0056737 0.23589 -0.73358 -0.080746 0.032854 -0.82204 0.054185 0.2508 -0.80399 0.02831 -0.050591 0.60309
-0.090293 -0.0072313 0.30179 0.15371 -0.056161 0.29884 0.031532 -0.039463 0.40611 0.007742 -0.0065359 0.067844 -0.057218 0.0006015 -0.048176 0.052458 0.0006015 -0.053316 -0.16107 0.0074741 0.046001 0.23162 -0.28114 0.1805 -0.20345 0.020914 -0.18681 0.2288 -0.5186 0.18843 -0.27206 0.051567 -0.22118 0.22399 -0.59697 0.21481 -0.085414 0.045302 -0.43438 0.037073 0.14698 -0.4143 -0.11646 0.09606 -0.76294 -0.0086752 0.23688 -0.7326 -0.08054 0.032717 -0.82179 0.051024 0.25255 -0.80298 0.028596 -0.049658 0.60309
-0.090425 -0.0086449 0.30213 0.15408 -0.057098 0.29877 0.032071 -0.039347 0.40608 0.0078499 -0.006618 0.067824 -0.057247 0.00051479 -0.048141 0.052767 0.00051479 -0.053013 -0.16067 0.0067582 0.046243 0.23469 -0.28162 0.18156 -0.20438 0.020505 -0.18628 0.24 -0.51842 0.18548 -0.27283 0.050396 -0.22178 0.23838 -0.5974 0.20989 -0.085693 0.045153 -0.43433 0.034282 0.14791 -0.41339 -0.11745 0.095392 -0.7629 -0.012795 0.23813 -0.7314 -0.080341 0.032668 -0.82162 0.046738 0.25471 -0.8017 0.028697 -0.048838 0.60309
-0.090995 -0.010577 0.30263 0.15443 -0.057742 0.29892 0.032371 -0.039287 0.40606 0.0079438 -0.0066469 0.067811 -0.05727 0.00034629 -0.048114 0.053013 0.00034629 -0.05277 -0.16044 0.0057518 0.046588 0.23821 -0.28194 0.1835 -0.20606 0.020093 -0.1855 0.25408 -0.51746 0.18221 -0.27365 0.048842 -0.22328 0.25586 -0.59691 0.20452 -0.086055 0.044952 -0.43428 0.03061 0.14906 -0.41233 -0.11871 0.094523 -0.76286 -0.018173 0.23968 -0.72996 -0.08014 0.032737 -0.82157 0.041195 0.25731 -0.80012 0.028562 -0.048205 0.60309
-0.091907 -0.01288 0.30325 0.15478 -0.058116 0.29926 0.032467 -0.03927 0.40605 0.0080234 -0.006632 0.067803 -0.057288 0.0001237 -0.048093 0.053205 0.0001237 -0.052578 -0.16034 0.0045787 0.047012 0.24199 -0.28212 0.18612 -0.2083 0.01975 -0.18453 0.27008 -0.51589 0.17877 -0.27449 0.04711 -0.22542 0.27534 -0.59569 0.19893 -0.086468 0.044727 -0.43423 0.026331 0.15036 -0.41116 -0.12013 0.093538 -0.76282 -0.024397 0.24144 -0.72834 -0.079928 0.032922 -0.82162 0.034812 0.26023 -0.79834 0.02824 -0.047742 0.60309
-0.093035 -0.015372 0.30393 0.15511 -0.058258 0.29974 0.032402 -0.039279 0.40605 0.0080882 -0.0065856 0.067799 -0.057302 -0.00011884 -0.048075 0.053357 -0.00011884 -0.052424 -0.16034 0.0033873 0.047486 0.24581 -0.28216 0.18915 -0.21086 0.019547 -0.18345 0.28678 -0.51387 0.17537 -0.27531 0.045429 -0.22788 0.29546 -0.5939 0.19346 -0.086892 0.044512 -0.43418 0.021785 0.15169 -0.40996 -0.12159 0.092538 -0.76277 -0.030965 0.24332 -0.72666 -0.079699 0.033214 -0.82172 0.028098 0.26326 -0.79646 0.027793 -0.047415 0.6031
-0.094256 -0.01787 0.30461 0.15544 -0.058206 0.30034 0.032223 -0.039299 0.40606 0.008138 -0.00652 0.0678 -0.057315 -0.00034714 -0.048061 0.053482 -0.00034714 -0.052294 -0.16042 0.002326 0.047978 0.24948 -0.28207 0.19231 -0.2135 0.019558 -0.18234 0.30301 -0.51155 0.17221 -0.27608 0.044028 -0.23036 0.31487 -0.5917 0.18841 -0.08729 0.044341 -0.43413 0.017308 0.15297 -0.40881 -0.12296 0.091626 -0.76273 -0.037373 0.24521 -0.72502 -0.079447 0.033604 -0.82186 0.021564 0.26623 -0.79462 0.027288 -0.047192 0.60311
-0.095448 -0.020189 0.30525 0.15577 -0.057997 0.30099 0.031974 -0.039314 0.40607 0.0081725 -0.0064477 0.067802 -0.057326 -0.00052706 -0.048048 0.053596 -0.00052706 -0.052174 -0.16054 0.001543 0.048459 0.25278 -0.28184 0.19533 -0.21598 0.019855 -0.18127 0.31755 -0.5091 0.16949 -0.27675 0.043133 -0.23257 0.33224 -0.58926 0.18411 -0.08762 0.044248 -0.43408 0.013238 0.15408 -0.40777 -0.12414 0.090903 -0.76269 -0.043118 0.247 -0.7235 -0.079163 0.034084 -0.82199 0.015718 0.26896 -0.79292 0.026786 -0.04704 0.60312
-0.096485 -0.022147 0.30579 0.15609 -0.05767 0.30167 0.031702 -0.03931 0.40609 0.0081914 -0.0063809 0.067806 -0.057337 -0.00062443 -0.048035 0.053713 -0.00062443 -0.052051 -0.16068 0.0011867 0.048898 0.2555 -0.28148 0.19793 -0.21806 0.02051 -0.18032 0.32922 -0.50669 0.16741 -0.27728 0.042975 -0.23421 0.34623 -0.58676 0.18087 -0.087845 0.044265 -0.43404 0.0099142 0.15495 -0.40691 -0.12498 0.09047 -0.76264 -0.047697 0.24859 -0.72222 -0.078843 0.034645 -0.8221 0.011072 0.27125 -0.79148 0.026353 -0.046925 0.60314
-0.097244 -0.023562 0.30617 0.15643 -0.057263 0.30232 0.031451 -0.03927 0.40611 0.0081942 -0.0063319 0.067811 -0.05735 -0.00060508 -0.04802 0.053846 -0.00060508 -0.051911 -0.16081 0.0014056 0.049264 0.25745 -0.28098 0.19982 -0.21949 0.021597 -0.17958 0.33681 -0.50448 0.16617 -0.27765 0.043782 -0.23497 0.35547 -0.58436 0.17901 -0.087925 0.044426 -0.434 0.0076731 0.15545 -0.4063 -0.12537 0.090431 -0.7626 -0.050605 0.24987 -0.72126 -0.078478 0.035277 -0.82215 0.0081346 0.27294 -0.79043 0.026053 -0.046815 0.60316
-0.097601 -0.02425 0.30633 0.15676 -0.056813 0.30291 0.031266 -0.039178 0.40613 0.0081808 -0.0063132 0.067814 -0.057365 -0.00043486 -0.048003 0.054011 -0.00043486 -0.051742 -0.16089 0.002348 0.049528 0.25841 -0.28035 0.20074 -0.22004 0.023188 -0.17911 0.33913 -0.50262 0.16597 -0.2778 0.045781 -0.23456 0.35864 -0.58222 0.17885 -0.087822 0.044766 -0.43397 0.0068529 0.15551 -0.40602 -0.12519 0.090885 -0.76256 -0.05134 0.25074 -0.72074 -0.078061 0.035974 -0.8221 0.0074163 0.27383 -0.78987 0.02595 -0.046677 0.60318
-0.097433 -0.024027 0.30623 0.15711 -0.056358 0.30339 0.031194 -0.03902 0.40616 0.0081507 -0.0063369 0.067815 -0.057384 -7.9595e-05 -0.047981 0.05422 -7.9595e-05 -0.051529 -0.16089 0.0041621 0.049658 0.25818 -0.27958 0.2004 -0.21946 0.025355 -0.17901 0.33499 -0.50129 0.16702 -0.2777 0.049201 -0.23267 0.35438 -0.58051 0.1807 -0.087495 0.045318 -0.43396 0.0077915 0.15501 -0.40612 -0.12431 0.091937 -0.76253 -0.049398 0.25109 -0.72074 -0.077587 0.036724 -0.82194 0.0094271 0.27374 -0.78994 0.026108 -0.046478 0.60322
