-0.12596 0.020242 0.29963 0.11353 0.01304 0.29566 -0.0042817 0.017048 0.4089 0.0006567 0.0024529 0.06855 -0.053279 -0.0034224 -0.052389 0.053335 -0.0034224 -0.052333 -0.064756 -0.036946 0.047371 0.16229 -0.0097422 0.035369 0.0098071 -0.10318 -0.16762 0.13794 -0.079079 -0.18995 -0.045335 -0.090618 -0.22796 0.11342 -0.025743 -0.2482 -0.2411 0.0047905 -0.39386 -0.049981 0.031733 -0.42654 -0.24575 0.060144 -0.7231 -0.087193 0.11493 -0.74776 -0.33034 0.096672 -0.73956 -0.091523 0.030892 -0.78875 -0.028669 -0.040944 0.59586
-0.13069 0.020945 0.30103 0.11725 0.010699 0.30382 -0.0075914 0.019329 0.40873 0.00035647 0.0024955 0.068541 -0.051495 -0.0033535 -0.053945 0.053767 -0.0033535 -0.051892 -0.062075 -0.041066 0.052203 0.16465 -0.015381 0.043692 0.0035585 -0.10293 -0.16272 0.13699 -0.11077 -0.17109 -0.010131 -0.11427 -0.24048 0.10527 -0.076899 -0.23861 -0.23716 -0.0033323 -0.39668 -0.056247 0.023635 -0.42483 -0.24528 0.064243 -0.72391 -0.089195 0.12415 -0.74124 -0.33084 0.097777 -0.73925 -0.093487 0.039883 -0.78174 -0.029813 -0.039283 0.59578
-0.13044 0.019449 0.29963 0.10878 0.0082514 0.29539 -0.0086483 0.017702 0.40881 -0.00017768 0.002716 0.068545 -0.053103 -0.0034045 -0.052615 0.05377 -0.0034045 -0.051887 -0.054898 -0.041273 0.052068 0.15551 -0.01871 0.0351 -0.0060598 -0.094702 -0.17448 0.12318 -0.13591 -0.1684 -0.01786 -0.1055 -0.25554 0.086831 -0.11722 -0.2404 -0.23514 -0.0086127 -0.39726 -0.060443 0.019292 -0.42389 -0.25149 0.057993 -0.72398 -0.091915 0.12752 -0.73823 -0.33754 0.091447 -0.73986 -0.096023 0.043209 -0.77868 -0.032196 -0.043098 0.59499
-0.12915 0.016154 0.29803 0.099945 0.0058543 0.28611 -0.0089358 0.013932 0.40896 -0.00048519 0.0026291 0.068556 -0.05444 -0.003402 -0.051481 0.053637 -0.003402 -0.052025 -0.052448 -0.039488 0.049355 0.14593 -0.021167 0.025612 -0.0089808 -0.089881 -0.18299 0.1071 -0.15722 -0.16475 -0.03566 -0.090218 -0.26048 0.067685 -0.15124 -0.23754 -0.23438 -0.011466 -0.39718 -0.063313 0.017894 -0.42326 -0.25481 0.052381 -0.72397 -0.094323 0.12934 -0.73663 -0.34114 0.085784 -0.74054 -0.098521 0.04506 -0.77713 -0.034678 -0.048271 0.59441
-0.13073 0.011474 0.29877 0.10244 0.0036696 0.2916 -0.0099389 0.0097907 0.40902 -0.00011193 0.0017575 0.068568 -0.051878 -0.0031753 -0.053599 0.053661 -0.0031753 -0.052014 -0.06387 -0.037618 0.046439 0.14691 -0.024176 0.031113 0.0047652 -0.099717 -0.16847 0.099234 -0.17741 -0.14318 -0.030886 -0.094138 -0.24278 0.057335 -0.18346 -0.21413 -0.23426 -0.012312 -0.39798 -0.065612 0.018641 -0.42248 -0.24587 0.058244 -0.72448 -0.095413 0.1339 -0.73435 -0.33253 0.088785 -0.74044 -0.10039 0.049592 -0.77469 -0.036141 -0.050703 0.59493
-0.13706 0.0076633 0.30197 0.11613 0.002544 0.31252 -0.013333 0.0077631 0.40887 0.00066787 0.00054023 0.06858 -0.045312 -0.0028912 -0.059071 0.053984 -0.0028912 -0.051696 -0.089765 -0.035906 0.044481 0.15756 -0.027589 0.052013 0.034139 -0.12054 -0.12996 0.099533 -0.1967 -0.10338 0.0050433 -0.11804 -0.20595 0.055267 -0.21514 -0.17057 -0.2369 -0.012074 -0.39841 -0.068954 0.021355 -0.42082 -0.2337 0.069265 -0.72413 -0.096787 0.14184 -0.73071 -0.32098 0.096428 -0.73775 -0.10302 0.05727 -0.77035 -0.037963 -0.048423 0.59633
-0.14607 0.010292 0.30316 0.11894 0.0045766 0.32171 -0.02095 0.011569 0.40855 0.00025094 0.0011075 0.068601 -0.041264 -0.0033347 -0.062456 0.054467 -0.0033347 -0.051158 -0.11454 -0.031526 0.042346 0.15501 -0.02847 0.059982 0.057423 -0.1211 -0.10149 0.088414 -0.21078 -0.076048 0.03541 -0.11657 -0.18318 0.042425 -0.24156 -0.13768 -0.24928 -0.01262 -0.39207 -0.07639 0.027005 -0.41709 -0.26126 0.047229 -0.71781 -0.10469 0.14705 -0.72775 -0.3495 0.082037 -0.72901 -0.11133 0.061787 -0.76577 -0.04598 -0.043514 0.59631
-0.14964 0.017451 0.30135 0.11311 0.0097091 0.31848 -0.025732 0.019549 0.40816 -0.00052203 0.0033321 0.068566 -0.042327 -0.0042843 -0.061619 0.055107 -0.0042843 -0.0504 -0.12584 -0.025931 0.039986 0.14196 -0.032685 0.056752 0.064775 -0.10649 -0.087188 0.069364 -0.22345 -0.063683 0.045005 -0.098797 -0.17183 0.02228 -0.26579 -0.11722 -0.26397 -0.015347 -0.38254 -0.082024 0.034877 -0.41329 -0.31971 -0.014216 -0.70849 -0.11158 0.15379 -0.72472 -0.40746 0.028708 -0.72036 -0.11737 0.067582 -0.76071 -0.053125 -0.038306 0.59476
-0.13302 0.017157 0.3007 0.13527 0.014792 0.34034 -0.0096494 0.022912 0.40787 0.0024635 0.0039123 0.068322 -0.044842 -0.0041466 -0.059676 0.05612 -0.0041466 -0.049269 -0.11869 -0.026469 0.039077 0.15708 -0.057434 0.086876 0.065336 -0.13229 -0.047446 0.07817 -0.24938 -0.027647 0.053647 -0.14974 -0.11927 0.029755 -0.30155 -0.069073 -0.25465 -0.020951 -0.3868 -0.068449 0.042027 -0.41548 -0.32858 -0.074606 -0.70986 -0.092036 0.18003 -0.7172 -0.41009 -0.062665 -0.7301 -0.09685 0.093431 -0.75236 -0.035527 -0.034775 0.5947
-0.10179 0.0090867 0.30166 0.18161 0.017025 0.38486 0.022328 0.020033 0.40758 0.008293 0.0024602 0.06795 -0.046565 -0.0031138 -0.058434 0.057391 -0.0031138 -0.047863 -0.10025 -0.032802 0.039292 0.19808 -0.098726 0.14727 0.063833 -0.19393 0.012715 0.11042 -0.28641 0.03204 0.060836 -0.25365 -0.037395 0.06027 -0.34542 0.0037651 -0.22539 -0.031863 -0.40281 -0.035732 0.050449 -0.42236 -0.28582 -0.11765 -0.72035 -0.052846 0.21783 -0.70966 -0.35072 -0.16628 -0.75295 -0.056904 0.13158 -0.74575 0.0023931 -0.033309 0.59641
-0.079891 0.0042184 0.30092 0.20997 0.014511 0.41116 0.044132 0.016499 0.40688 0.011418 0.0014858 0.067734 -0.047127 -0.0030356 -0.058023 0.058498 -0.0030356 -0.04652 -0.087637 -0.03717 0.038371 0.22363 -0.13263 0.18899 0.059676 -0.22944 0.045732 0.12386 -0.31635 0.077567 0.046258 -0.30057 0.0020444 0.072142 -0.3779 0.05678 -0.20827 -0.050667 -0.41086 -0.0016835 0.065728 -0.42577 -0.26471 -0.15279 -0.72391 -0.029769 0.23552 -0.71385 -0.29922 -0.23641 -0.76195 -0.032987 0.14996 -0.75186 0.029825 -0.032777 0.5974
-0.068776 0.0050006 0.29785 0.2177 0.0098221 0.41406 0.05396 0.015294 0.40548 0.012112 0.0017379 0.067533 -0.047145 -0.0036645 -0.057961 0.059294 -0.0036645 -0.045452 -0.081123 -0.037165 0.035681 0.23083 -0.15222 0.20344 0.055602 -0.2319 0.050314 0.11802 -0.3343 0.1021 0.018246 -0.28815 0.0030489 0.065379 -0.39587 0.084846 -0.20222 -0.05987 -0.41176 0.015283 0.076408 -0.4247 -0.26996 -0.1786 -0.71675 -0.015509 0.23183 -0.72017 -0.27368 -0.26508 -0.75455 -0.019077 0.14636 -0.75832 0.043152 -0.031966 0.59671
-0.055719 0.0078517 0.29381 0.22768 0.007918 0.41243 0.065437 0.017039 0.40333 0.01422 0.0026443 0.066982 -0.047718 -0.0034862 -0.057487 0.05983 -0.0034862 -0.044754 -0.070715 -0.034326 0.031839 0.24175 -0.16257 0.20937 0.056118 -0.23099 0.055135 0.11917 -0.34465 0.1198 0.0032251 -0.28374 0.017415 0.066516 -0.40713 0.10875 -0.18587 -0.034797 -0.41886 0.00051273 0.063204 -0.42286 -0.26174 -0.18736 -0.70461 0.022249 0.22565 -0.70724 -0.25572 -0.27078 -0.74494 0.015304 0.13866 -0.74042 0.056384 -0.029952 0.5947
-0.043237 0.010721 0.29016 0.23905 0.0082057 0.41058 0.076306 0.019436 0.40147 0.01683 0.0034523 0.066401 -0.048785 -0.0028615 -0.056628 0.06015 -0.0028615 -0.044371 -0.059687 -0.030489 0.028091 0.25624 -0.16594 0.21054 0.060171 -0.23179 0.062629 0.12765 -0.34915 0.13264 0.0090368 -0.29485 0.045707 0.074783 -0.4126 0.12894 -0.16576 -0.0055221 -0.42826 -0.030603 0.039957 -0.42076 -0.24107 -0.18755 -0.69772 0.070386 0.22377 -0.67919 -0.23858 -0.27058 -0.74072 0.059674 0.13463 -0.70551 0.067801 -0.028297 0.59268
-0.039374 0.012455 0.28802 0.24165 0.0077669 0.40631 0.078568 0.019457 0.40112 0.017324 0.0035146 0.066305 -0.049773 -0.0028415 -0.055768 0.060293 -0.0028415 -0.044183 -0.055973 -0.02746 0.025756 0.26487 -0.16355 0.2044 0.064457 -0.22854 0.064216 0.13282 -0.3486 0.13755 0.032075 -0.30225 0.066561 0.078236 -0.41086 0.13777 -0.15838 -0.016514 -0.42995 -0.050056 0.031832 -0.41804 -0.22598 -0.19238 -0.70524 0.098249 0.22609 -0.65346 -0.22204 -0.27718 -0.74467 0.087131 0.1359 -0.67655 0.069988 -0.029168 0.59212
-0.040921 0.012386 0.28743 0.23909 0.0059295 0.40152 0.076069 0.017712 0.40163 0.016654 0.0031663 0.066469 -0.050453 -0.003177 -0.055131 0.060323 -0.003177 -0.044114 -0.057019 -0.026313 0.024958 0.26843 -0.15922 0.19533 0.068281 -0.22387 0.062837 0.1348 -0.34622 0.13749 0.056799 -0.30444 0.078123 0.078185 -0.40648 0.13877 -0.15871 -0.044397 -0.42733 -0.040917 0.037027 -0.4183 -0.21609 -0.19754 -0.71848 0.10203 0.22841 -0.65125 -0.20841 -0.28474 -0.75164 0.091732 0.13863 -0.67563 0.067309 -0.03142 0.59248
-0.042666 0.010766 0.28797 0.23743 0.0033403 0.39833 0.074488 0.01596 0.402 0.016388 0.0029516 0.066544 -0.050798 -0.0032913 -0.054801 0.060334 -0.0032913 -0.04408 -0.05825 -0.02704 0.025329 0.27007 -0.15623 0.18828 0.071128 -0.22183 0.063218 0.13614 -0.34467 0.13601 0.066361 -0.30443 0.083478 0.078586 -0.404 0.13768 -0.15702 -0.053996 -0.42662 -0.00043323 0.046606 -0.424 -0.20587 -0.19372 -0.72681 0.090238 0.2286 -0.6821 -0.19939 -0.28237 -0.75662 0.079035 0.14039 -0.71094 0.065703 -0.03307 0.59287
-0.046196 0.010662 0.28895 0.23409 0.0026824 0.39431 0.071371 0.015626 0.40257 0.015874 0.0029529 0.066668 -0.051099 -0.0030375 -0.054545 0.060486 -0.0030375 -0.043906 -0.060815 -0.026534 0.026177 0.26903 -0.15275 0.18154 0.069835 -0.22099 0.062136 0.13483 -0.34154 0.13135 0.053979 -0.29956 0.079292 0.076444 -0.40005 0.13416 -0.15318 -0.051827 -0.42754 0.03573 0.059178 -0.42825 -0.19407 -0.17528 -0.73482 0.083079 0.23746 -0.70759 -0.19117 -0.26372 -0.76515 0.070676 0.15069 -0.7405 0.062103 -0.033191 0.59348
-0.053006 0.014116 0.28995 0.22671 0.0045944 0.38779 0.064545 0.017096 0.40366 0.014489 0.0031054 0.066972 -0.051425 -0.0027988 -0.054276 0.060675 -0.0027988 -0.0437 -0.066076 -0.022651 0.02703 0.26415 -0.1475 0.17296 0.06236 -0.2196 0.057093 0.1286 -0.33509 0.12199 0.022121 -0.28836 0.064097 0.068503 -0.39185 0.12638 -0.14976 -0.049041 -0.42863 0.042164 0.072893 -0.42632 -0.18242 -0.14267 -0.74658 0.09269 0.25886 -0.70057 -0.1824 -0.22957 -0.78024 0.079974 0.17259 -0.73475 0.05383 -0.031685 0.59453
-0.060382 0.018923 0.29118 0.21844 0.003373 0.38167 0.057325 0.018328 0.40475 0.012984 0.0032426 0.06728 -0.05109 -0.0040355 -0.054459 0.060085 -0.0040355 -0.044331 -0.072559 -0.017512 0.028171 0.25582 -0.14349 0.16338 0.051081 -0.21823 0.052104 0.11711 -0.3282 0.11028 -0.0092259 -0.27588 0.044942 0.054993 -0.38264 0.11242 -0.15046 -0.044072 -0.42921 0.042009 0.080338 -0.42427 -0.1775 -0.10944 -0.75587 0.1039 0.27161 -0.69054 -0.18124 -0.19602 -0.79231 0.089739 0.18583 -0.72514 0.044478 -0.029936 0.59556
-0.066744 0.022505 0.29285 0.21164 -0.0025458 0.37874 0.051724 0.017957 0.40552 0.0119 0.0032806 0.067477 -0.04988 -0.00685 -0.055268 0.058429 -0.00685 -0.046124 -0.079068 -0.013708 0.029816 0.24587 -0.14164 0.15503 0.039943 -0.21748 0.050062 0.10344 -0.32238 0.098131 -0.023902 -0.26802 0.028163 0.039858 -0.37481 0.093443 -0.15605 -0.037455 -0.42901 0.050233 0.078818 -0.42607 -0.18076 -0.08488 -0.75905 0.10623 0.26672 -0.69596 -0.1887 -0.17218 -0.7957 0.089103 0.18195 -0.73166 0.036493 -0.029238 0.59637
-0.073688 0.022891 0.29488 0.20575 -0.0057345 0.38023 0.04592 0.0165 0.40629 0.011016 0.0033088 0.067629 -0.048612 -0.0086703 -0.056214 0.056545 -0.0086703 -0.048234 -0.085709 -0.013393 0.031847 0.23834 -0.13781 0.15168 0.03429 -0.21726 0.050002 0.096002 -0.31533 0.085566 -0.017789 -0.27006 0.016289 0.032468 -0.36749 0.075961 -0.16188 -0.036779 -0.42816 0.053979 0.075498 -0.42893 -0.18334 -0.066948 -0.75977 0.10518 0.26355 -0.70015 -0.19087 -0.15068 -0.79526 0.086817 0.1796 -0.73729 0.028569 -0.030194 0.5973
-0.082585 0.021063 0.29687 0.19878 -0.0036038 0.3836 0.038057 0.014805 0.40717 0.0099564 0.0033344 0.067797 -0.047622 -0.0084245 -0.057085 0.054809 -0.0084245 -0.050234 -0.09341 -0.015652 0.033844 0.23317 -0.12798 0.15093 0.033406 -0.21595 0.048747 0.096273 -0.30354 0.069791 8.5161e-05 -0.2766 0.0057278 0.034074 -0.35688 0.058578 -0.1662 -0.041526 -0.42696 0.048007 0.074451 -0.43114 -0.18151 -0.050517 -0.76018 0.10504 0.27045 -0.69532 -0.18796 -0.13148 -0.79591 0.087826 0.18672 -0.73347 0.020633 -0.029367 0.59889
-0.093885 0.021499 0.29805 0.18763 -0.00070444 0.38224 0.027 0.0139 0.40795 0.0082964 0.0032492 0.068001 -0.046517 -0.0072744 -0.058103 0.052892 -0.0072744 -0.052354 -0.10371 -0.015903 0.03508 0.22531 -0.10936 0.14303 0.029335 -0.21036 0.041513 0.096712 -0.28279 0.045235 0.0071225 -0.27003 -0.013069 0.035489 -0.3364 0.029922 -0.17139 -0.040587 -0.42581 0.040158 0.074564 -0.43316 -0.17915 -0.02846 -0.7596 0.10655 0.27844 -0.68925 -0.1979 -0.12402 -0.80069 0.089835 0.19444 -0.72695 0.014654 -0.018829 0.60169
-0.10375 0.025628 0.29841 0.17668 0.0012371 0.3784 0.016744 0.014939 0.40848 0.0065534 0.0031575 0.068197 -0.045119 -0.0061962 -0.059321 0.050937 -0.0061962 -0.054401 -0.11316 -0.012509 0.035525 0.21725 -0.087089 0.13129 0.025666 -0.20257 0.036901 0.097624 -0.2567 0.016899 0.0091764 -0.25689 -0.024796 0.03766 -0.30833 -0.0076011 -0.17668 -0.033771 -0.42518 0.035004 0.074818 -0.43525 -0.17528 -0.0013344 -0.75764 0.11069 0.28417 -0.68425 -0.19879 -0.099793 -0.79955 0.093177 0.19947 -0.71993 0.012493 -0.0007763 0.60481
-0.10591 0.031649 0.29861 0.17528 0.003373 0.381 0.014463 0.018857 0.40868 0.0058877 0.0033145 0.068295 -0.043551 -0.0057396 -0.060586 0.049578 -0.0057396 -0.055762 -0.11515 -0.007008 0.035798 0.21708 -0.072305 0.12926 0.033903 -0.19852 0.05108 0.10569 -0.23496 -0.0024247 0.033712 -0.26231 0.0013291 0.049801 -0.28216 -0.040233 -0.17879 -0.030573 -0.42537 0.032682 0.074196 -0.43726 -0.16498 0.023656 -0.75426 0.11789 0.2898 -0.67715 -0.14033 -0.0060952 -0.77406 0.099815 0.20397 -0.71013 0.014934 0.013885 0.6062
-0.11044 0.03464 0.29936 0.17134 0.0058034 0.38074 0.010819 0.022828 0.40854 0.0049813 0.0034169 0.068348 -0.042604 -0.004963 -0.061311 0.049604 -0.004963 -0.055787 -0.11931 -0.0044021 0.036595 0.21498 -0.062545 0.12748 0.031225 -0.19289 0.046395 0.11318 -0.21532 -0.022483 0.051048 -0.26554 0.01058 0.063588 -0.25683 -0.073848 -0.18179 -0.031112 -0.42448 0.0251 0.067229 -0.43826 -0.15429 0.044264 -0.74847 0.11728 0.29041 -0.66862 -0.0737 0.085255 -0.7442 0.098121 0.20466 -0.70111 0.012788 0.022501 0.60588
-0.13429 0.028679 0.30096 0.14322 0.0077414 0.36019 -0.010879 0.022052 0.40801 0.0013591 0.002858 0.068463 -0.043152 -0.0022627 -0.060904 0.051712 -0.0022627 -0.053931 -0.14213 -0.010877 0.038241 0.1929 -0.048417 0.10554 -0.019083 -0.1754 -0.035014 0.10558 -0.1896 -0.063359 0.0054197 -0.22512 -0.086164 0.062155 -0.22603 -0.12368 -0.1934 -0.03107 -0.41944 0.0015253 0.046949 -0.43673 -0.15582 0.059688 -0.73906 0.0932 0.27687 -0.66213 -0.097039 0.048986 -0.74627 0.071053 0.19411 -0.69907 -0.0068566 0.02736 0.60502
-0.1665 0.014921 0.30072 0.10209 0.0073473 0.33021 -0.041923 0.015104 0.40671 -0.0040107 0.0014856 0.068456 -0.043498 0.0017772 -0.060791 0.055158 0.0017772 -0.050484 -0.17265 -0.025236 0.038043 0.15879 -0.035358 0.0741 -0.090218 -0.15378 -0.14036 0.088971 -0.16426 -0.1121 -0.073919 -0.16969 -0.21888 0.050985 -0.19651 -0.17805 -0.21262 -0.039987 -0.40947 -0.029445 0.016688 -0.43065 -0.17776 0.054812 -0.72783 0.049009 0.2439 -0.66266 -0.16433 -0.033519 -0.75173 0.027058 0.16142 -0.70095 -0.036669 0.026345 0.60358
-0.18644 -0.00089708 0.29617 0.07083 0.0037957 0.31024 -0.064002 0.0039136 0.40452 -0.0085545 -0.00036092 0.068129 -0.04209 0.0053714 -0.062129 0.058434 0.0053714 -0.046505 -0.19069 -0.041552 0.033526 0.13018 -0.032792 0.053509 -0.13495 -0.13952 -0.18627 0.076933 -0.14918 -0.14596 -0.12919 -0.14617 -0.27253 0.044209 -0.17683 -0.21756 -0.23287 -0.064488 -0.39633 -0.052611 -0.015641 -0.41951 -0.21857 0.019642 -0.71834 -0.001678 0.19333 -0.67288 -0.18251 -0.022857 -0.71834 -0.014545 0.10307 -0.69858 -0.060737 0.017746 0.60133
-0.18943 -0.0062229 0.29285 0.055613 0.0037611 0.29776 -0.06898 -0.00053291 0.40336 -0.0095512 -0.00091608 0.067912 -0.044028 0.0057264 -0.060111 0.059463 0.0057264 -0.044991 -0.19313 -0.047049 0.030227 0.11292 -0.035937 0.041287 -0.14937 -0.1216 -0.18992 0.073718 -0.13765 -0.16918 -0.15498 -0.13196 -0.27161 0.04795 -0.15449 -0.24582 -0.23969 -0.064536 -0.38946 -0.06396 -0.04274 -0.41157 -0.23816 0.0029435 -0.71651 -0.0372 0.15383 -0.68024 -0.15398 0.036505 -0.68448 -0.038349 0.060498 -0.67937 -0.066484 0.012243 0.60019
-0.17803 0.0070666 0.29567 0.0551 0.012381 0.28596 -0.0562 0.0096768 0.40475 -0.0059152 0.0010262 0.06819 -0.052956 0.0015222 -0.051443 0.057155 0.0015222 -0.047873 -0.18356 -0.033503 0.033058 0.10787 -0.036751 0.030231 -0.14442 -0.089845 -0.19056 0.080167 -0.11874 -0.19096 -0.16242 -0.09639 -0.27012 0.063996 -0.1155 -0.27051 -0.22394 -0.0098961 -0.39579 -0.06512 -0.061245 -0.41306 -0.2057 0.047784 -0.72452 -0.043023 0.1459 -0.6744 -0.1097 0.068663 -0.69262 -0.036943 0.062677 -0.64201 -0.048821 0.019407 0.60161
-0.16247 0.024581 0.29878 0.060221 0.021444 0.27709 -0.039584 0.022156 0.40671 -0.0023142 0.0032196 0.068516 -0.060359 -0.0024346 -0.04446 0.054421 -0.0024346 -0.05134 -0.1701 -0.015657 0.036144 0.11112 -0.031378 0.021636 -0.135 -0.061315 -0.19447 0.095574 -0.084872 -0.20845 -0.16271 -0.056498 -0.27229 0.087962 -0.063471 -0.28834 -0.20319 0.045748 -0.40532 -0.064954 -0.080551 -0.41392 -0.16343 0.1143 -0.72943 -0.037656 0.13319 -0.66882 -0.075231 0.088684 -0.71228 -0.026061 0.047502 -0.62836 -0.024662 0.031661 0.60317
-0.15075 0.034393 0.29765 0.064208 0.024589 0.27339 -0.029756 0.026961 0.40744 -0.0019799 0.0039149 0.068518 -0.060424 -0.0028321 -0.044594 0.053425 -0.0028321 -0.052432 -0.1592 -0.0056844 0.035005 0.11839 -0.019555 0.017133 -0.13611 -0.047192 -0.19933 0.11704 -0.037368 -0.21829 -0.16868 -0.029021 -0.27289 0.11433 -0.0079479 -0.29629 -0.19108 0.061265 -0.40895 -0.069587 -0.10472 -0.40742 -0.1456 0.16042 -0.72353 -0.039004 0.090344 -0.67573 -0.062945 0.11443 -0.71597 -0.025697 -0.014161 -0.66246 -0.0083679 0.041144 0.60298
-0.14179 0.04176 0.29649 0.069581 0.026544 0.27236 -0.022184 0.030147 0.40748 -0.0018604 0.0042769 0.068417 -0.05982 -0.0029667 -0.044592 0.052556 -0.0029667 -0.053087 -0.15101 0.0018928 0.033882 0.12672 -0.0073349 0.014844 -0.16067 -0.03115 -0.19929 0.13734 0.0033865 -0.22206 -0.19675 -0.0060055 -0.26963 0.13803 0.036585 -0.29758 -0.1784 0.067454 -0.40825 -0.075059 -0.11894 -0.40293 -0.13056 0.18102 -0.71904 -0.046831 0.046527 -0.69227 -0.056924 0.12461 -0.72009 -0.053938 -0.028514 -0.70454 0.0028635 0.048001 0.60236
-0.13454 0.04987 0.29772 0.076625 0.029187 0.2718 -0.014212 0.034565 0.40747 -0.00023195 0.0049685 0.068391 -0.062207 -0.0045294 -0.040998 0.051064 -0.0045294 -0.054408 -0.14495 0.010343 0.035159 0.13429 0.0025682 0.013389 -0.20689 -0.0076629 -0.19083 0.15243 0.027262 -0.22205 -0.24604 0.012987 -0.26136 0.15575 0.064144 -0.29582 -0.16172 0.083145 -0.40652 -0.080192 -0.12014 -0.40316 -0.10487 0.18766 -0.71948 -0.061454 0.008282 -0.71178 -0.046547 0.11674 -0.72963 -0.1101 0.024893 -0.72662 0.011692 0.051174 0.60235
-0.13027 0.054482 0.29893 0.079875 0.02717 0.27115 -0.0098232 0.034099 0.4077 0.00095984 0.005144 0.068406 -0.063341 -0.005019 -0.039569 0.050503 -0.005019 -0.054969 -0.14085 0.015174 0.036133 0.14082 0.014342 0.013082 -0.24955 0.0048367 -0.17523 0.16462 0.045478 -0.22048 -0.28677 0.010674 -0.24816 0.16709 0.08387 -0.29371 -0.15246 0.090547 -0.40725 -0.09055 -0.12858 -0.39636 -0.081757 0.20999 -0.70953 -0.088037 -0.065858 -0.72492 -0.036643 0.12802 -0.72072 -0.16312 0.019125 -0.73543 0.016446 0.045917 0.60284
-0.12959 0.055167 0.30004 0.080051 0.020153 0.27171 -0.0097919 0.028268 0.40812 0.00098414 0.0046244 0.068435 -0.06168 -0.0036427 -0.042159 0.051341 -0.0036427 -0.05428 -0.14065 0.016216 0.037098 0.14789 0.027172 0.015148 -0.27799 0.0052623 -0.15618 0.17658 0.061758 -0.21746 -0.30931 -0.0091245 -0.23073 0.17647 0.099507 -0.29101 -0.1543 0.086601 -0.4101 -0.10248 -0.14207 -0.38458 -0.065017 0.25234 -0.68426 -0.11831 -0.13672 -0.72317 -0.028386 0.16586 -0.68832 -0.1921 -0.053975 -0.73353 0.01598 0.034292 0.60362
-0.13211 0.056466 0.30404 0.085319 0.014175 0.27656 -0.01054 0.023865 0.40843 0.00089837 0.0041274 0.068476 -0.059653 -0.0020637 -0.045115 0.052515 -0.0020637 -0.053231 -0.14805 0.018794 0.041995 0.15883 0.034013 0.021569 -0.30114 0.014333 -0.13921 0.19047 0.069148 -0.21072 -0.3304 -0.017344 -0.21018 0.19291 0.10705 -0.28434 -0.16025 0.088868 -0.41042 -0.10187 -0.13133 -0.38644 -0.044906 0.2883 -0.65306 -0.12907 -0.074399 -0.70022 -0.017189 0.19933 -0.65228 -0.19249 -0.05376 -0.71541 0.010377 0.026278 0.60453
-0.13623 0.056547 0.30885 0.095172 0.0093486 0.28537 -0.011515 0.021099 0.40855 0.00078322 0.0033431 0.068523 -0.057999 -0.0014288 -0.04724 0.053112 -0.0014288 -0.05266 -0.15495 0.019935 0.046914 0.17199 0.035529 0.032095 -0.32216 0.029156 -0.12131 0.20535 0.070502 -0.19994 -0.35409 -0.013878 -0.18441 0.21121 0.10803 -0.27368 -0.16434 0.099796 -0.40828 -0.094963 -0.10324 -0.39825 -0.02201 0.31054 -0.62466 -0.1223 0.079239 -0.66589 -0.0033042 0.21913 -0.62283 -0.17737 0.02215 -0.68751 0.0019052 0.022404 0.60532
-0.13958 0.049114 0.30868 0.10193 0.0010403 0.29489 -0.014694 0.014934 0.40863 -9.0193e-05 0.0012503 0.068555 -0.055948 -0.0021705 -0.049552 0.052534 -0.0021705 -0.053179 -0.14718 0.011155 0.04295 0.18187 0.038445 0.044434 -0.33951 0.027762 -0.094161 0.2176 0.076155 -0.18681 -0.37383 -0.022313 -0.15028 0.2157 0.10853 -0.26205 -0.16263 0.10879 -0.40765 -0.10327 -0.092932 -0.39876 -0.0058284 0.32832 -0.60594 -0.12017 0.14932 -0.64165 0.0086035 0.2352 -0.60096 -0.17158 0.062016 -0.6656 -0.0056809 0.015614 0.60573
-0.14193 0.040203 0.30527 0.10357 -0.0091764 0.30235 -0.01944 0.0076211 0.40866 -0.0013447 -0.0010252 0.068568 -0.053948 -0.003056 -0.051714 0.051392 -0.003056 -0.054257 -0.15288 0.0027883 0.040614 0.18687 0.041354 0.055104 -0.36285 0.0090374 -0.070609 0.22292 0.082209 -0.17557 -0.39842 -0.044573 -0.12257 0.20865 0.10961 -0.25209 -0.15881 0.11318 -0.40865 -0.12152 -0.097383 -0.3905 -0.00062509 0.33965 -0.59738 -0.12489 0.13893 -0.62868 0.013529 0.24702 -0.58925 -0.17511 0.061707 -0.65358 -0.011779 0.0073346 0.60579
-0.14393 0.041325 0.30416 0.10215 -0.016274 0.30602 -0.023384 0.0051596 0.40858 -0.0020371 -0.0014419 0.068566 -0.053023 -0.0022845 -0.052716 0.050776 -0.0022845 -0.054892 -0.21357 0.012392 0.057866 0.18843 0.039163 0.060798 -0.40432 -0.015727 -0.071006 0.21848 0.078519 -0.17082 -0.44141 -0.069891 -0.1213 0.20238 0.10968 -0.24574 -0.1588 0.11725 -0.40867 -0.13038 -0.093261 -0.38858 -0.003483 0.34072 -0.59413 -0.12651 0.14747 -0.61672 0.010405 0.25138 -0.58775 -0.17371 0.076401 -0.64758 -0.017111 0.0035691 0.60572
-0.14316 0.049796 0.3051 0.10354 -0.017835 0.30884 -0.02336 0.0084014 0.40848 -0.0020283 -0.00067358 0.068564 -0.052903 -0.00097777 -0.05287 0.050076 -0.00097777 -0.055558 -0.28565 0.028266 0.082543 0.19214 0.036 0.064109 -0.4452 -0.038915 -0.078674 0.21417 0.072113 -0.16907 -0.48367 -0.093153 -0.12785 0.20243 0.11031 -0.24146 -0.15286 0.13878 -0.40275 -0.12653 -0.079805 -0.39411 0.015216 0.36448 -0.58088 -0.11692 0.18108 -0.60222 0.026285 0.27258 -0.5713 -0.16013 0.10774 -0.64083 -0.018188 0.0055992 0.60566
-0.13705 0.058666 0.30565 0.11227 -0.014259 0.31392 -0.017457 0.015384 0.40846 -0.0015107 -0.00010073 0.068576 -0.053022 -0.001053 -0.052767 0.048402 -0.001053 -0.056991 -0.30667 0.034415 0.094884 0.20217 0.035713 0.068328 -0.45835 -0.052918 -0.07007 0.22002 0.070906 -0.16562 -0.49748 -0.10879 -0.11688 0.20886 0.11005 -0.23779 -0.13204 0.18459 -0.38923 -0.11763 -0.0667 -0.40125 0.06982 0.42693 -0.55251 -0.092894 0.20878 -0.58559 0.075603 0.32292 -0.52786 -0.13356 0.13516 -0.62817 -0.01177 0.0123 0.60565
-0.12813 0.069272 0.30473 0.11906 -0.01386 0.31606 -0.011134 0.021288 0.40852 -0.00062122 0.00099169 0.068588 -0.05402 -0.0023482 -0.051684 0.046946 -0.0023482 -0.05819 -0.29496 0.052825 0.09941 0.20795 0.022509 0.068331 -0.43813 -0.042551 -0.06303 0.22177 0.052881 -0.16626 -0.47986 -0.097615 -0.10846 0.20994 0.087159 -0.24057 -0.12201 0.18385 -0.38611 -0.13033 -0.067232 -0.39989 0.050864 0.39254 -0.57197 -0.070066 0.21335 -0.57181 0.058472 0.30429 -0.55653 -0.10933 0.14182 -0.61764 -0.0041055 0.02078 0.60566
-0.12056 0.079419 0.30232 0.11626 -0.020336 0.31122 -0.0093346 0.02174 0.40864 0.00043641 0.0028391 0.068579 -0.055948 -0.0038766 -0.049541 0.046935 -0.0038766 -0.05814 -0.28622 0.088893 0.10292 0.20099 -0.010378 0.060341 -0.39299 -0.013289 -0.078479 0.20758 0.0072188 -0.17554 -0.43975 -0.062517 -0.12587 0.19755 0.03371 -0.25314 -0.14118 0.088743 -0.4066 -0.16509 -0.08173 -0.38826 -0.10869 0.16752 -0.67682 -0.062 0.1923 -0.57078 -0.087519 0.14722 -0.71806 -0.099052 0.12221 -0.62141 -0.0015365 0.027593 0.60563
-0.11886 0.068087 0.30054 0.11404 -0.015461 0.30652 -0.008526 0.016425 0.40877 0.0011952 0.002221 0.068515 -0.055888 -0.0039675 -0.049497 0.047783 -0.0039675 -0.057396 -0.2962 0.060486 0.097012 0.19306 -0.022944 0.052638 -0.35601 -0.042919 -0.10872 0.19578 -0.013723 -0.18427 -0.40097 -0.088901 -0.16042 0.18606 0.0042678 -0.2644 -0.15291 -0.0039247 -0.43025 -0.12179 -0.066153 -0.39501 -0.22676 -0.068834 -0.76114 -0.058226 0.17702 -0.60344 -0.20011 -0.02455 -0.84889 -0.087653 0.10327 -0.65227 -0.0018987 0.029187 0.60552
-0.12275 0.030687 0.30064 0.12016 0.008238 0.30696 -0.004926 0.0077606 0.40893 0.0016668 -0.001701 0.068436 -0.052739 -0.0020917 -0.0528 0.048808 -0.0020917 -0.056579 -0.30917 -0.039082 0.086473 0.19317 0.0030983 0.051058 -0.33353 -0.14048 -0.1291 0.19816 0.013758 -0.18594 -0.36686 -0.18977 -0.18566 0.18463 0.024516 -0.26671 -0.1309 -0.028017 -0.43939 0.02443 0.0066247 -0.42719 -0.18577 -0.1691 -0.7562 -0.05398 0.19084 -0.66793 -0.1732 -0.10835 -0.84245 -0.069779 0.10805 -0.70608 -0.0012791 0.025112 0.60541
-0.12142 0.0064689 0.30091 0.12931 0.025256 0.30793 0.0020513 0.0022716 0.4092 0.0030003 -0.0031147 0.068543 -0.050651 -0.00049238 -0.055137 0.049914 -0.00049238 -0.055767 -0.25025 -0.015249 0.11109 0.19541 0.018393 0.050828 -0.2635 -0.13471 -0.091127 0.19914 0.023482 -0.18582 -0.29017 -0.18545 -0.15097 0.18121 0.029984 -0.2664 -0.095602 -0.047312 -0.43714 0.091257 0.10691 -0.43176 -0.11762 -0.17504 -0.73688 -0.067295 0.22438 -0.70801 -0.1213 -0.13211 -0.81437 -0.072725 0.13678 -0.74149 0.004272 0.021676 0.60549
-0.11275 0.0075103 0.3002 0.13535 0.021646 0.30626 0.0096194 -0.00031645 0.40931 0.0046033 -0.0014528 0.068648 -0.051173 0.0005336 -0.05469 0.051217 0.0005336 -0.05464 -0.123 0.16932 0.17379 0.19416 -0.0010059 0.048468 -0.14184 0.011143 0.001165 0.18999 -0.015581 -0.18755 -0.17236 -0.035737 -0.059785 0.16923 -0.011738 -0.26772 -0.067347 -0.093419 -0.42991 0.004667 0.18606 -0.39288 -0.1063 -0.14844 -0.74785 -0.10405 0.25506 -0.7017 -0.11706 -0.13271 -0.83401 -0.10579 0.17062 -0.74227 0.012891 0.019404 0.60556
-0.10992 -0.0040806 0.29882 0.13382 0.0080309 0.30311 0.010676 -0.011249 0.40852 0.0030898 -0.0053154 0.067965 -0.050821 0.0041311 -0.054588 0.05303 0.0041311 -0.052425 -0.060865 0.27335 0.21477 0.1875 -0.026429 0.044737 -0.065752 0.093698 0.059767 0.17812 -0.06248 -0.18976 -0.098427 0.049401 -0.0019322 0.15469 -0.065605 -0.26879 -0.056068 -0.1226 -0.42472 -0.10107 0.18074 -0.36344 -0.11075 -0.14138 -0.75791 -0.1468 0.24758 -0.69026 -0.12347 -0.13359 -0.85398 -0.14417 0.16703 -0.73801 0.014041 0.0088249 0.60473
-0.11598 -0.034459 0.29741 0.12658 -0.0085607 0.30008 0.0049862 -0.030435 0.40701 -0.0011081 -0.014272 0.066759 -0.04829 0.0094295 -0.056234 0.055088 0.0094295 -0.04957 -0.089696 0.23191 0.21838 0.17738 -0.048228 0.041916 -0.058771 0.056848 0.062378 0.16584 -0.10329 -0.18874 -0.088626 0.012113 -0.00040406 0.13905 -0.11816 -0.26534 -0.056489 -0.12592 -0.42258 -0.15151 0.11108 -0.36234 -0.10661 -0.1597 -0.7531 -0.18358 0.1917 -0.68986 -0.1198 -0.147 -0.84895 -0.17592 0.11141 -0.73772 0.0065074 -0.009607 0.60317
-0.12184 -0.051595 0.29673 0.12181 -0.027241 0.29876 -0.00012084 -0.044823 0.40602 -0.0033444 -0.017652 0.066432 -0.045149 0.01112 -0.058645 0.056525 0.01112 -0.047816 -0.1089 0.19465 0.22192 0.16918 -0.081615 0.043317 -0.056468 0.024417 0.064609 0.14846 -0.15904 -0.17912 -0.086297 -0.019459 0.0011344 0.11763 -0.18448 -0.25172 -0.049185 -0.13769 -0.41825 -0.15891 0.084496 -0.36529 -0.10036 -0.16173 -0.74539 -0.21107 0.10735 -0.68389 -0.11411 -0.17344 -0.82939 -0.20627 0.023668 -0.72473 -0.00032045 -0.024011 0.60218
-0.12611 -0.049113 0.29679 0.119 -0.044494 0.2986 -0.0041182 -0.050927 0.40576 -0.0032154 -0.014367 0.067044 -0.042734 0.0090075 -0.060732 0.057257 0.0090075 -0.047306 -0.09265 0.20443 0.23436 0.15987 -0.12365 0.048379 -0.042079 0.031488 0.08005 0.12269 -0.22325 -0.16317 -0.075275 -0.0096807 0.016423 0.088144 -0.25286 -0.23237 -0.040911 -0.1551 -0.41427 -0.14774 0.10971 -0.36307 -0.10608 -0.14843 -0.74116 -0.23122 0.032966 -0.67167 -0.12068 -0.2031 -0.81103 -0.23519 -0.054291 -0.70503 -0.005293 -0.030258 0.60193
-0.13318 -0.041329 0.2971 0.11177 -0.054401 0.29786 -0.01135 -0.052742 0.40569 -0.0035323 -0.010799 0.067631 -0.041949 0.0068241 -0.061547 0.057807 0.0068241 -0.046951 -0.076771 0.21499 0.24156 0.14145 -0.15697 0.054133 -0.037774 0.039094 0.088016 0.088019 -0.26842 -0.14826 -0.072903 3.263e-05 0.024463 0.051525 -0.29259 -0.21814 -0.055503 -0.14779 -0.41849 -0.14532 0.11974 -0.36019 -0.13791 -0.15217 -0.74136 -0.24786 0.01326 -0.66575 -0.15259 -0.22019 -0.80986 -0.25657 -0.072549 -0.70137 -0.013351 -0.030767 0.60179
-0.13959 -0.031238 0.29773 0.10579 -0.050362 0.29944 -0.018185 -0.048304 0.40605 -0.0040633 -0.0082373 0.067982 -0.042363 0.0054125 -0.061403 0.05831 0.0054125 -0.046529 -0.071505 0.22017 0.24295 0.12282 -0.17347 0.064392 -0.042603 0.042591 0.088743 0.057111 -0.28798 -0.13236 -0.080173 0.0047874 0.025718 0.019678 -0.30598 -0.20388 -0.075942 -0.1205 -0.42862 -0.14714 0.10526 -0.36242 -0.16425 -0.16442 -0.74727 -0.24543 0.023713 -0.67177 -0.17496 -0.22533 -0.81852 -0.25209 -0.058603 -0.7154 -0.021068 -0.027469 0.60222
-0.13923 -0.016242 0.29897 0.1103 -0.028713 0.30683 -0.01824 -0.03414 0.40728 -0.0031688 -0.0053214 0.06829 -0.042993 0.0038952 -0.06114 0.058655 0.0038952 -0.046307 -0.071214 0.23413 0.24419 0.11861 -0.17166 0.083207 -0.044237 0.054659 0.091705 0.044839 -0.28854 -0.11018 -0.087888 0.017829 0.029871 0.0054653 -0.31229 -0.17844 -0.069547 -0.095051 -0.43738 -0.13401 0.087556 -0.37459 -0.14235 -0.15723 -0.75873 -0.20421 0.011713 -0.69029 -0.14312 -0.22604 -0.81845 -0.20525 -0.071104 -0.73697 -0.021853 -0.022547 0.60397
-0.13802 -0.00076445 0.30043 0.11341 -0.0067588 0.31028 -0.016651 -0.019329 0.40847 -0.0014673 -0.0028301 0.068522 -0.044056 0.0011797 -0.060441 0.058613 0.0011797 -0.046459 -0.066918 0.24795 0.23942 0.11875 -0.1576 0.0915 -0.044544 0.068024 0.086808 0.033175 -0.2835 -0.090198 -0.083841 0.029467 0.024932 -0.011194 -0.31847 -0.15056 -0.052094 -0.074086 -0.44282 -0.10747 0.068736 -0.39258 -0.12257 -0.12899 -0.76464 -0.14776 -0.0053386 -0.71562 -0.12191 -0.21402 -0.80359 -0.15403 -0.088703 -0.75796 -0.019583 -0.022158 0.60569
-0.14305 0.010253 0.30154 0.1006 -0.0030955 0.29967 -0.020601 -0.014086 0.40855 -0.00028924 -0.0019378 0.068591 -0.046013 -0.0031784 -0.058788 0.057963 -0.0031784 -0.047111 -0.051128 0.24768 0.22201 0.10702 -0.14078 0.071754 -0.048998 0.071395 0.062706 -0.00081954 -0.28401 -0.082615 -0.060177 0.026648 -0.0015824 -0.054088 -0.32417 -0.13279 -0.050226 -0.053823 -0.44522 -0.076747 0.04613 -0.40949 -0.16566 -0.087744 -0.75419 -0.10741 0.0064392 -0.73968 -0.18605 -0.17736 -0.77663 -0.14087 -0.071277 -0.77248 -0.021571 -0.031325 0.6055
-0.14579 0.021673 0.30191 0.081748 -0.0062634 0.28579 -0.026477 -0.012168 0.40807 -0.00017274 -0.0018434 0.068568 -0.04831 -0.0064898 -0.056749 0.056716 -0.0064898 -0.048332 -0.0282 0.23737 0.20179 0.082768 -0.13295 0.052528 -0.05426 0.070414 0.036101 -0.045278 -0.28 -0.081583 -0.032786 0.021134 -0.027269 -0.10698 -0.31872 -0.12017 -0.054814 -0.035862 -0.44539 -0.048661 0.029503 -0.42185 -0.21883 -0.03807 -0.73629 -0.074265 0.032504 -0.75459 -0.26657 -0.11548 -0.75677 -0.13467 -0.034253 -0.78084 -0.032115 -0.043414 0.60264
-0.14239 0.035272 0.30142 0.06936 -0.0024369 0.27975 -0.030266 -0.0074338 0.4078 -0.0011503 -0.0017417 0.068541 -0.050289 -0.0064343 -0.055023 0.055307 -0.0064343 -0.049844 -0.010258 0.22864 0.18895 0.055951 -0.14247 0.058964 -0.059393 0.071909 0.023522 -0.079475 -0.27094 -0.079104 -0.018762 0.025308 -0.031717 -0.14598 -0.30594 -0.1064 -0.053207 -0.023041 -0.44438 -0.0283 0.025271 -0.42862 -0.23098 0.0099185 -0.72216 -0.037557 0.05469 -0.7581 -0.29507 -0.043325 -0.75727 -0.10513 -0.0012779 -0.78611 -0.051238 -0.05317 0.59749
-0.15502 0.036051 0.30056 0.06408 0.005225 0.27701 -0.035339 -0.0070975 0.40771 -0.0023969 -0.0023795 0.06853 -0.051776 -0.0042756 -0.053824 0.055222 -0.0042756 -0.05038 -0.022614 0.24082 0.1817 0.055007 -0.16585 0.069498 -0.077377 0.072741 0.018644 -0.084512 -0.30083 -0.073629 -0.019772 0.033608 -0.02815 -0.15675 -0.34009 -0.095205 -0.050827 -0.017518 -0.4435 -0.017539 0.020167 -0.4332 -0.24621 0.027276 -0.71424 -0.012982 0.082589 -0.76433 -0.31905 -0.012186 -0.76085 -0.082606 0.024031 -0.79461 -0.068772 -0.068551 0.59281
-0.17404 0.027321 0.29972 0.060602 0.0081054 0.27326 -0.040184 -0.010824 0.40763 -0.0031422 -0.0032821 0.06852 -0.052076 -0.002221 -0.05372 0.055645 -0.002221 -0.050434 -0.049031 0.2588 0.17554 0.071378 -0.18291 0.067928 -0.097567 0.071296 0.012688 -0.07452 -0.34681 -0.065777 -0.025998 0.038209 -0.030343 -0.15168 -0.39262 -0.088786 -0.049372 -0.015681 -0.44371 -0.011732 0.015466 -0.43689 -0.27048 0.021752 -0.71055 -0.0030335 0.10585 -0.77335 -0.34829 -0.018977 -0.75449 -0.077014 0.038062 -0.80319 -0.07534 -0.08137 0.59101
-0.11667 0.055205 0.29892 0.046104 -0.0068387 0.27055 -0.030798 0.0017959 0.40741 -0.0030566 -0.00096365 0.06844 -0.049323 -0.0029967 -0.056111 0.050797 -0.0029967 -0.054358 0.014578 0.19589 0.16505 0.015594 -0.14479 0.066415 -0.057033 0.072713 0.00055807 -0.12884 -0.23578 -0.058187 -0.01044 0.033542 -0.040478 -0.19302 -0.25079 -0.082613 -0.036364 -0.0026897 -0.44525 0.0056487 0.048836 -0.4349 -0.19806 0.081498 -0.70361 0.026052 0.064183 -0.75092 -0.27391 0.061887 -0.7452 -0.034694 0.029927 -0.78847 -0.067163 -0.046427 0.5927
0.019483 0.11923 0.29806 0.018961 -0.034306 0.26963 -0.0066957 0.032332 0.40698 -0.0021689 0.004567 0.068295 -0.045455 -0.0060335 -0.059217 0.041886 -0.0060335 -0.06128 0.1673 0.048985 0.15015 -0.11586 -0.050331 0.070733 0.043841 0.076219 -0.016628 -0.24245 0.040773 -0.053628 0.027478 0.021726 -0.055757 -0.27448 0.092489 -0.075956 -0.01089 0.019847 -0.44609 0.038443 0.12108 -0.42501 -0.021835 0.20837 -0.6896 0.07412 -0.039252 -0.6879 -0.088733 0.23886 -0.73527 0.046568 0.00013709 -0.74398 -0.048691 0.032307 0.5965
0.11125 0.14646 0.29696 -0.0052543 -0.042946 0.26841 0.011441 0.052356 0.40632 -0.00094215 0.0078792 0.068207 -0.047806 -0.0061194 -0.05678 0.040652 -0.0061194 -0.062423 0.24615 -0.054992 0.13843 -0.19194 0.029011 0.072717 0.10682 0.071738 -0.029627 -0.28153 0.23364 -0.054484 0.048337 0.015199 -0.068362 -0.28608 0.3232 -0.074515 0.0092591 0.025419 -0.44127 0.070415 0.17478 -0.40986 0.1071 0.26954 -0.67109 0.08764 -0.10371 -0.6171 0.050542 0.33489 -0.71699 0.086081 -0.033329 -0.69117 -0.034712 0.075616 0.59853
0.12447 0.12537 0.29661 -0.018763 -0.032474 0.26845 0.017675 0.053146 0.40568 0.00030959 0.0076311 0.068202 -0.055955 -0.0033106 -0.049042 0.047675 -0.0033106 -0.057295 0.21884 -0.076971 0.13373 -0.18235 0.060592 0.072046 0.10692 0.059861 -0.034353 -0.22931 0.26397 -0.057899 0.043647 0.016741 -0.073809 -0.22141 0.34817 -0.07753 0.019407 0.0092068 -0.43126 0.094671 0.19063 -0.39407 0.14066 0.24002 -0.65137 0.064707 -0.10359 -0.56196 0.091264 0.31142 -0.69154 0.071355 -0.060121 -0.64743 -0.026008 0.063971 0.59847
0.12416 0.11085 0.29898 -0.02336 -0.034622 0.27469 0.022429 0.048342 0.40552 0.0014546 0.0069908 0.068203 -0.061508 -0.0030691 -0.042975 0.051823 -0.0030691 -0.054109 0.1956 -0.07673 0.13526 -0.16784 0.058048 0.076902 0.10023 0.052415 -0.032802 -0.19438 0.24533 -0.056467 0.038853 0.018869 -0.071803 -0.18345 0.32181 -0.07796 0.029409 -0.009741 -0.42203 0.11521 0.19295 -0.38332 0.14722 0.21238 -0.63413 0.057829 -0.095845 -0.53163 0.099001 0.28238 -0.66987 0.063738 -0.079093 -0.6227 -0.0091852 0.043775 0.59963
0.13187 0.11582 0.30269 -0.022498 -0.049959 0.28371 0.027737 0.045326 0.4057 0.0022698 0.0069168 0.068203 -0.0628 -0.0049837 -0.040489 0.051575 -0.0049837 -0.054021 0.2057 -0.078332 0.13981 -0.17307 0.039208 0.085017 0.10597 0.053473 -0.028163 -0.19997 0.22703 -0.054576 0.041329 0.021981 -0.066841 -0.18935 0.30387 -0.081646 0.041517 -0.020479 -0.41577 0.13056 0.19927 -0.37572 0.15411 0.21171 -0.62554 0.073236 -0.095013 -0.51914 0.10239 0.28147 -0.65942 0.076812 -0.087715 -0.61221 0.013086 0.035047 0.60196
0.13501 0.12126 0.30429 -0.019807 -0.057619 0.28706 0.029446 0.045518 0.40574 0.0025127 0.006625 0.068241 -0.063107 -0.0046264 -0.03969 0.052307 -0.0046264 -0.053136 0.21655 -0.077064 0.14333 -0.17845 0.021385 0.08739 0.11358 0.060079 -0.023324 -0.20492 0.20412 -0.063832 0.044679 0.031515 -0.065449 -0.19272 0.27671 -0.10203 0.052259 -0.019488 -0.41174 0.135 0.21728 -0.36537 0.15526 0.21115 -0.63249 0.083769 -0.083938 -0.50963 0.099262 0.27994 -0.66394 0.087984 -0.083082 -0.60375 0.027212 0.035613 0.60306
0.13293 0.11985 0.30395 -0.012414 -0.060855 0.28785 0.028519 0.045238 0.40573 0.0024205 0.005735 0.068316 -0.063005 -0.0021261 -0.040225 0.054005 -0.0021261 -0.051682 0.22126 -0.077194 0.14822 -0.17379 0.0037216 0.086503 0.11422 0.061217 -0.012445 -0.195 0.17035 -0.081074 0.049251 0.04272 -0.061945 -0.18036 0.23251 -0.13354 0.061683 -0.0087779 -0.40949 0.12445 0.22526 -0.36144 0.15271 0.20149 -0.6527 0.086259 -0.067761 -0.51977 0.092197 0.26719 -0.68103 0.089533 -0.070814 -0.61354 0.03249 0.039436 0.60294
0.13172 0.11086 0.30382 0.0059718 -0.075857 0.2953 0.028684 0.038206 0.40615 0.0024829 0.0041004 0.068411 -0.061588 -5.5143e-05 -0.042593 0.053737 -5.5143e-05 -0.052111 0.22722 -0.088064 0.16033 -0.15438 -0.024178 0.090952 0.10036 0.041724 0.014897 -0.17096 0.11943 -0.095291 0.059107 0.045438 -0.04421 -0.15727 0.16951 -0.16049 0.071751 0.0068336 -0.40879 0.095772 0.18617 -0.38106 0.15317 0.18343 -0.67903 0.090549 -0.063728 -0.58288 0.086663 0.24291 -0.70506 0.081999 -0.061019 -0.6728 0.035126 0.038723 0.60294
0.13752 0.093596 0.30605 0.041669 -0.11893 0.3187 0.033693 0.018113 0.40743 0.0031916 0.0015765 0.068504 -0.057936 -0.0010073 -0.047301 0.048545 -0.0010073 -0.056898 0.24195 -0.11906 0.18554 -0.11553 -0.072794 0.10939 0.064458 -0.0136 0.069161 -0.13364 0.045112 -0.095403 0.07834 0.029459 -6.6515e-05 -0.1286 0.086013 -0.1671 0.084443 0.022502 -0.40941 0.045833 0.062788 -0.44143 0.16343 0.15776 -0.70429 0.1066 -0.089195 -0.73246 0.08815 0.2069 -0.73035 0.065994 -0.063843 -0.81289 0.041384 0.025664 0.6044
