-0.13802 -0.0038674 0.358 0.16662 -0.027033 0.34567 0.017427 -0.005517 0.40888 0.0031387 -0.00029551 0.068524 -0.053399 6.0212e-05 -0.05238 0.050882 6.0212e-05 -0.054827 -0.36375 -0.12031 0.43634 0.42129 -0.099646 0.36843 -0.51183 -0.24146 0.57621 0.58373 -0.23332 0.47757 -0.55528 -0.27015 0.64046 0.65023 -0.26868 0.51173 -0.051937 0.084054 -0.43302 0.075291 0.10369 -0.42981 -0.032444 0.14384 -0.76095 0.048744 0.16659 -0.75665 -0.045725 0.11865 -0.85011 0.095642 0.16954 -0.8376 0.022248 -0.04219 0.60265
-0.13872 -0.0036639 0.35873 0.16694 -0.027294 0.34785 0.016928 -0.005979 0.40887 0.0031591 -0.00036835 0.06852 -0.053122 0.00024392 -0.052655 0.050737 0.00024392 -0.054961 -0.37606 -0.10299 0.42251 0.42524 -0.078398 0.35174 -0.53424 -0.22537 0.55063 0.57865 -0.21243 0.46694 -0.5781 -0.25335 0.61331 0.65969 -0.2436 0.49095 -0.052212 0.084547 -0.43323 0.075053 0.10399 -0.42991 -0.032466 0.14387 -0.76122 0.048771 0.16657 -0.75684 -0.0445 0.11963 -0.85082 0.095173 0.16882 -0.83809 0.022776 -0.041799 0.60277
-0.13956 -0.002757 0.35931 0.16733 -0.027358 0.35052 0.016247 -0.0061308 0.4089 0.0030896 -0.00043243 0.068523 -0.052894 0.00038085 -0.052885 0.050663 0.00038085 -0.055028 -0.38137 -0.096497 0.41696 0.42834 -0.069559 0.34632 -0.53789 -0.22078 0.54569 0.58045 -0.20636 0.46122 -0.58398 -0.24659 0.60794 0.66065 -0.237 0.48631 -0.052506 0.084951 -0.4334 0.074723 0.10421 -0.42997 -0.032512 0.14385 -0.76146 0.04869 0.16653 -0.75697 -0.043501 0.12047 -0.85141 0.094684 0.16822 -0.83847 0.023014 -0.0419 0.60278
-0.14044 -0.0015555 0.35976 0.16771 -0.027287 0.35331 0.015484 -0.0061878 0.40895 0.0029587 -0.00050366 0.068531 -0.05271 0.00048885 -0.05307 0.05064 0.00048885 -0.055049 -0.38113 -0.098373 0.41765 0.42987 -0.070762 0.35001 -0.52639 -0.22532 0.55538 0.58386 -0.21215 0.46145 -0.57483 -0.24853 0.6182 0.65227 -0.24489 0.49517 -0.052802 0.085278 -0.43354 0.074337 0.10435 -0.43001 -0.032571 0.1438 -0.76164 0.048542 0.16645 -0.75707 -0.042685 0.12118 -0.85191 0.094204 0.16773 -0.83876 0.023042 -0.042468 0.6027
-0.14127 -0.0004678 0.36011 0.16802 -0.027145 0.35585 0.014742 -0.0063655 0.409 0.0027945 -0.00059797 0.06854 -0.052568 0.00058576 -0.053213 0.050645 0.00058576 -0.055044 -0.3768 -0.10615 0.42256 0.42912 -0.079639 0.36066 -0.50329 -0.23667 0.57369 0.58359 -0.22684 0.46865 -0.55254 -0.25784 0.63794 0.63372 -0.26328 0.51487 -0.053086 0.08554 -0.43364 0.073934 0.10441 -0.43004 -0.032633 0.14375 -0.76179 0.048369 0.16637 -0.75714 -0.042006 0.12178 -0.8523 0.093761 0.16731 -0.839 0.022942 -0.043479 0.60257
-0.14194 9.7503e-05 0.36039 0.16818 -0.026995 0.35779 0.014122 -0.0068794 0.40902 0.0026256 -0.00073128 0.068546 -0.052463 0.0006894 -0.053316 0.050658 0.0006894 -0.055031 -0.36984 -0.11735 0.42966 0.42535 -0.093823 0.37612 -0.47219 -0.25246 0.59462 0.57437 -0.24746 0.48385 -0.51903 -0.27316 0.66102 0.60418 -0.28819 0.54278 -0.053343 0.085752 -0.43372 0.073554 0.10442 -0.43008 -0.03269 0.1437 -0.7619 0.048211 0.16627 -0.75722 -0.041421 0.12229 -0.85261 0.093382 0.16695 -0.8392 0.022796 -0.04491 0.60239
-0.14235 -0.00026816 0.36062 0.16813 -0.0269 0.35876 0.013725 -0.007945 0.40899 0.0024802 -0.00091949 0.068546 -0.052391 0.00081762 -0.053381 0.050657 0.00081762 -0.05503 -0.3617 -0.12951 0.43692 0.41786 -0.11095 0.39422 -0.43668 -0.27036 0.61216 0.55092 -0.27107 0.50807 -0.47618 -0.29317 0.68128 0.56282 -0.31563 0.57625 -0.053555 0.085926 -0.43377 0.073233 0.10437 -0.43014 -0.032731 0.14369 -0.76198 0.04811 0.16618 -0.75731 -0.040886 0.12273 -0.85284 0.093096 0.16662 -0.83939 0.022686 -0.046737 0.6022
-0.14246 -0.0016632 0.36078 0.16786 -0.026889 0.35869 0.013583 -0.0096122 0.4089 0.002373 -0.0011619 0.068539 -0.052347 0.00097392 -0.053415 0.050632 0.00097392 -0.055049 -0.35364 -0.14046 0.44271 0.40633 -0.12877 0.41308 -0.39975 -0.28792 0.62175 0.50979 -0.29486 0.54124 -0.42591 -0.31579 0.69388 0.50968 -0.34191 0.61239 -0.053721 0.08607 -0.43381 0.072989 0.10428 -0.43024 -0.032755 0.14372 -0.76203 0.048078 0.16608 -0.75742 -0.040371 0.12312 -0.853 0.092902 0.1663 -0.83959 0.02265 -0.048864 0.60201
-0.14257 -0.0025917 0.36067 0.16769 -0.026816 0.35887 0.013358 -0.011079 0.40884 0.0022475 -0.001372 0.068536 -0.05231 0.0010882 -0.053445 0.050639 0.0010882 -0.05504 -0.34575 -0.14956 0.44739 0.39254 -0.14569 0.43215 -0.3615 -0.30225 0.62632 0.4569 -0.31678 0.57754 -0.37002 -0.33524 0.70067 0.44933 -0.36488 0.64705 -0.053905 0.08617 -0.43384 0.07273 0.10417 -0.43031 -0.032805 0.14371 -0.76207 0.047975 0.16598 -0.7575 -0.039926 0.12346 -0.85315 0.092654 0.16601 -0.83975 0.022513 -0.050824 0.60184
-0.14311 -0.0010466 0.35999 0.16803 -0.026478 0.36108 0.012598 -0.011272 0.40892 0.0020247 -0.0014361 0.06855 -0.052258 0.0010667 -0.053504 0.050753 0.0010667 -0.054937 -0.33779 -0.15665 0.45196 0.37897 -0.16033 0.45131 -0.32108 -0.3103 0.63117 0.40119 -0.33504 0.60929 -0.31032 -0.34454 0.70564 0.38781 -0.38289 0.67568 -0.05419 0.086203 -0.43389 0.072331 0.10409 -0.43025 -0.032938 0.14358 -0.76213 0.047617 0.16585 -0.75746 -0.039623 0.12376 -0.85336 0.09216 0.16579 -0.83978 0.022029 -0.05203 0.6017
-0.1443 0.0038634 0.35856 0.16905 -0.025805 0.36616 0.011033 -0.0096748 0.40921 0.0016569 -0.0013127 0.068587 -0.052195 0.00086498 -0.053594 0.051017 0.00086498 -0.054699 -0.32892 -0.16223 0.45753 0.36716 -0.17181 0.46988 -0.27713 -0.31015 0.63998 0.34991 -0.34825 0.62972 -0.24823 -0.33885 0.71161 0.32986 -0.39469 0.6941 -0.054636 0.086144 -0.43395 0.071715 0.10402 -0.43004 -0.033191 0.14327 -0.76222 0.046911 0.16566 -0.75727 -0.039508 0.12401 -0.85365 0.091323 0.16563 -0.83966 0.021094 -0.052152 0.60162
-0.14535 0.0065128 0.35679 0.16924 -0.025495 0.36964 0.0094614 -0.0090316 0.40939 0.0012818 -0.001383 0.06861 -0.05229 0.00072597 -0.053519 0.051295 0.00072597 -0.054446 -0.31466 -0.17069 0.4659 0.3534 -0.18222 0.4839 -0.22549 -0.30639 0.64673 0.30055 -0.35727 0.63703 -0.18292 -0.3258 0.7146 0.27285 -0.40138 0.70041 -0.055148 0.085966 -0.43388 0.07109 0.10366 -0.4299 -0.033486 0.1429 -0.76218 0.046326 0.16528 -0.75714 -0.039457 0.12415 -0.85376 0.090624 0.16529 -0.83959 0.020419 -0.052354 0.6016
-0.14512 -0.0010827 0.35526 0.16653 -0.02653 0.36515 0.0090694 -0.013268 0.40906 0.0011035 -0.0021813 0.068563 -0.052769 0.00099672 -0.053014 0.051382 0.00099672 -0.054353 -0.28926 -0.18779 0.4791 0.33205 -0.19472 0.48821 -0.16099 -0.306 0.64189 0.24705 -0.36379 0.63125 -0.11279 -0.31753 0.70815 0.2115 -0.40486 0.69351 -0.055574 0.085637 -0.4335 0.070765 0.10262 -0.43018 -0.033704 0.14268 -0.76177 0.046533 0.16458 -0.75738 -0.039285 0.12411 -0.85336 0.09075 0.16444 -0.83988 0.021014 -0.054345 0.60165
-0.14271 -0.024893 0.35451 0.15932 -0.029601 0.34781 0.010777 -0.025338 0.40789 0.0012872 -0.0041094 0.068405 -0.053807 0.001947 -0.051871 0.051102 0.001947 -0.054573 -0.24842 -0.21755 0.49832 0.29876 -0.21162 0.47908 -0.080461 -0.31447 0.61783 0.18475 -0.36912 0.6132 -0.037072 -0.32383 0.68697 0.14192 -0.40674 0.67332 -0.05578 0.085135 -0.43268 0.07096 0.10062 -0.43113 -0.033743 0.14277 -0.76083 0.048012 0.16345 -0.75825 -0.038867 0.1239 -0.85221 0.092197 0.16286 -0.84076 0.02375 -0.059616 0.60172
-0.13913 -0.057472 0.35439 0.14915 -0.033494 0.32292 0.013732 -0.041736 0.40627 0.0017355 -0.0066878 0.068174 -0.055217 0.0033321 -0.050278 0.05046 0.0033321 -0.055095 -0.19758 -0.25232 0.51919 0.25778 -0.22962 0.46211 0.0056585 -0.32737 0.57928 0.11834 -0.37192 0.58885 0.039138 -0.33882 0.65345 0.069633 -0.40627 0.64633 -0.055737 0.084514 -0.43152 0.071269 0.098218 -0.43257 -0.033612 0.14306 -0.7595 0.049992 0.16222 -0.75957 -0.03848 0.12403 -0.85074 0.094185 0.16102 -0.84207 0.028577 -0.068219 0.60138
-0.13612 -0.085904 0.35451 0.13887 -0.036217 0.29993 0.016362 -0.056322 0.40492 0.0022437 -0.0090775 0.067941 -0.056669 0.0046974 -0.048581 0.049537 0.0046974 -0.055845 -0.14617 -0.27968 0.53503 0.21684 -0.24313 0.44678 0.081414 -0.33625 0.53609 0.056314 -0.36978 0.56624 0.10838 -0.35021 0.6131 0.0040136 -0.40176 0.62179 -0.055459 0.083854 -0.43026 0.071037 0.096291 -0.43411 -0.033366 0.14335 -0.75807 0.051185 0.16133 -0.76101 -0.038561 0.12523 -0.84965 0.095415 0.15967 -0.84349 0.035071 -0.079621 0.60002
-0.13507 -0.098858 0.35458 0.13107 -0.035861 0.28708 0.017404 -0.063541 0.40442 0.0026325 -0.01054 0.067772 -0.057862 0.0056334 -0.047103 0.048427 0.0056334 -0.056735 -0.10282 -0.28889 0.5403 0.18307 -0.24717 0.44125 0.13276 -0.33383 0.49744 0.0065258 -0.36073 0.55252 0.16375 -0.34737 0.57157 -0.046378 -0.39185 0.6078 -0.054985 0.08323 -0.42909 0.069724 0.095603 -0.43543 -0.033078 0.14344 -0.75679 0.050507 0.1612 -0.76226 -0.039381 0.12791 -0.84947 0.09479 0.15946 -0.8447 0.042787 -0.09296 0.59719
-0.1347 -0.09717 0.35514 0.12662 -0.031181 0.28345 0.017996 -0.062365 0.4047 0.0029139 -0.011107 0.067671 -0.058724 0.0060778 -0.045965 0.047327 0.0060778 -0.057611 -0.070073 -0.28191 0.53793 0.15874 -0.24164 0.4441 0.16032 -0.32167 0.46758 -0.028178 -0.34608 0.54763 0.20254 -0.33234 0.53532 -0.079239 -0.37781 0.60413 -0.054541 0.082658 -0.42815 0.067697 0.095951 -0.43637 -0.032943 0.14335 -0.75577 0.048413 0.16166 -0.76318 -0.039918 0.12977 -0.84931 0.092757 0.16018 -0.8456 0.051135 -0.1049 0.59344
-0.13247 -0.087257 0.35706 0.12557 -0.021234 0.28391 0.020373 -0.053838 0.40534 0.003188 -0.011164 0.067616 -0.059291 0.0061277 -0.045195 0.046483 0.0061277 -0.058285 -0.047688 -0.26659 0.53474 0.14388 -0.22863 0.44945 0.17144 -0.3054 0.44853 -0.047245 -0.32867 0.54823 0.22399 -0.313 0.51121 -0.095132 -0.36206 0.60669 -0.05444 0.082129 -0.42748 0.06574 0.096687 -0.43693 -0.033212 0.14317 -0.75507 0.046061 0.1623 -0.76373 -0.038558 0.12735 -0.84764 0.090469 0.16123 -0.84612 0.059464 -0.11096 0.58979
-0.12632 -0.075443 0.36103 0.12774 -0.0056734 0.28371 0.026321 -0.039467 0.40596 0.0035334 -0.011085 0.067585 -0.059613 0.0058939 -0.044791 0.046099 0.0058939 -0.058599 -0.03496 -0.25048 0.53677 0.13816 -0.21067 0.4519 0.17366 -0.29036 0.44162 -0.050914 -0.31143 0.55104 0.22859 -0.29665 0.50468 -0.095462 -0.34708 0.61141 -0.054917 0.081633 -0.42714 0.064525 0.097222 -0.4371 -0.034064 0.143 -0.75469 0.044473 0.16275 -0.76389 -0.03393 0.11769 -0.84307 0.088944 0.16208 -0.84625 0.067008 -0.10772 0.58711
-0.11839 -0.066956 0.36583 0.13092 0.010673 0.28166 0.033679 -0.024689 0.40636 0.0038353 -0.011114 0.067558 -0.059877 0.0056016 -0.044484 0.046014 0.0056016 -0.058683 -0.027284 -0.23877 0.54316 0.13792 -0.19373 0.45035 0.17592 -0.27913 0.44264 -0.04619 -0.29815 0.55334 0.22752 -0.28555 0.509 -0.088781 -0.33551 0.61461 -0.055512 0.081136 -0.42688 0.063763 0.097511 -0.43707 -0.035046 0.14284 -0.75439 0.043436 0.16304 -0.76385 -0.026824 0.10273 -0.83566 0.087969 0.1627 -0.84618 0.072053 -0.10085 0.58489
-0.11295 -0.066464 0.36929 0.13185 0.020316 0.27836 0.03825 -0.016962 0.40644 0.0038794 -0.011431 0.067518 -0.060335 0.0055342 -0.043868 0.045878 0.0055342 -0.058807 -0.018044 -0.23538 0.5495 0.1378 -0.1856 0.44586 0.18787 -0.27287 0.44447 -0.04356 -0.29306 0.55271 0.23748 -0.27937 0.51113 -0.087329 -0.33007 0.61277 -0.055411 0.080597 -0.42635 0.062667 0.097785 -0.43716 -0.035384 0.14264 -0.75382 0.042103 0.16336 -0.76391 -0.019142 0.086883 -0.82622 0.086697 0.16336 -0.84621 0.072394 -0.1007 0.5819
-0.11383 -0.077602 0.36944 0.12781 0.016672 0.27467 0.036305 -0.022649 0.40613 0.0034812 -0.012152 0.067451 -0.061191 0.0059183 -0.042614 0.045404 0.0059183 -0.059195 -0.0022431 -0.24337 0.55161 0.1334 -0.19299 0.43963 0.21643 -0.27275 0.44129 -0.051554 -0.29988 0.54729 0.27161 -0.27798 0.50017 -0.10101 -0.33331 0.6032 -0.053925 0.079973 -0.42523 0.060594 0.098252 -0.4376 -0.034417 0.14235 -0.75267 0.039763 0.16388 -0.76432 -0.012732 0.074387 -0.81572 0.084422 0.16428 -0.84658 0.066152 -0.11607 0.57717
-0.12015 -0.09368 0.3663 0.12153 0.0024953 0.27336 0.028964 -0.036975 0.4057 0.0027614 -0.012762 0.067409 -0.062145 0.0064018 -0.041181 0.044947 0.0064018 -0.059555 0.0087223 -0.2574 0.54794 0.1303 -0.21181 0.43382 0.24102 -0.28015 0.4404 -0.058739 -0.31737 0.54102 0.30667 -0.28376 0.48681 -0.11603 -0.34606 0.59135 -0.051638 0.079239 -0.42395 0.058408 0.098839 -0.438 -0.032698 0.14199 -0.75136 0.037159 0.16449 -0.7647 -0.0088308 0.067422 -0.807 0.081895 0.16536 -0.84691 0.054745 -0.13969 0.57237
-0.12827 -0.10206 0.36108 0.11887 -0.014075 0.27837 0.02015 -0.048734 0.40559 0.0020164 -0.012383 0.067475 -0.062608 0.0062993 -0.040484 0.045227 0.0062993 -0.059302 -0.0060022 -0.26723 0.53845 0.13981 -0.23176 0.43112 0.22518 -0.29656 0.45667 -0.042172 -0.34142 0.54115 0.29848 -0.30054 0.49422 -0.10492 -0.36813 0.5874 -0.049874 0.07838 -0.42335 0.057838 0.099317 -0.43764 -0.031474 0.1416 -0.75069 0.035874 0.16493 -0.76429 -0.0083215 0.066978 -0.80396 0.080709 0.16631 -0.84644 0.041499 -0.15498 0.57071
-0.13478 -0.091295 0.35497 0.12513 -0.025388 0.29308 0.013564 -0.047649 0.40622 0.0015238 -0.010241 0.067723 -0.062046 0.0050008 -0.041347 0.046884 0.0050008 -0.057917 -0.064744 -0.26345 0.52327 0.17196 -0.24316 0.43388 0.13654 -0.32279 0.503 0.018643 -0.36782 0.55414 0.20748 -0.3312 0.54289 -0.042926 -0.39885 0.60045 -0.049841 0.077389 -0.42416 0.060423 0.099474 -0.43584 -0.031885 0.14121 -0.75142 0.037322 0.16494 -0.76244 -0.011908 0.07376 -0.81002 0.082286 0.16688 -0.84451 0.029596 -0.14691 0.57504
-0.13872 -0.064785 0.34894 0.13838 -0.030228 0.31447 0.0099726 -0.03509 0.40741 0.0013159 -0.006847 0.068094 -0.060612 0.0028198 -0.043511 0.049528 0.0028198 -0.055719 -0.15512 -0.24662 0.50412 0.22116 -0.24443 0.44054 -0.0077068 -0.35153 0.56847 0.11413 -0.39189 0.57625 0.051147 -0.36757 0.62025 0.061186 -0.43193 0.62633 -0.051322 0.076394 -0.42617 0.065355 0.099348 -0.43302 -0.0337 0.14089 -0.75331 0.040869 0.16461 -0.75956 -0.018264 0.085328 -0.82285 0.085981 0.1671 -0.84153 0.020324 -0.11924 0.58392
-0.14075 -0.035483 0.34386 0.15205 -0.031531 0.33542 0.0082461 -0.019943 0.4086 0.0012667 -0.0035393 0.068442 -0.058901 0.00066601 -0.046018 0.052103 0.00066601 -0.053567 -0.24496 -0.22379 0.48377 0.27174 -0.23917 0.44698 -0.15836 -0.37025 0.62681 0.21531 -0.40861 0.59723 -0.11631 -0.39436 0.69242 0.17705 -0.45751 0.65235 -0.053181 0.075603 -0.42849 0.070311 0.099142 -0.43027 -0.035801 0.14069 -0.75553 0.04456 0.16421 -0.75676 -0.024751 0.097213 -0.83639 0.089808 0.16718 -0.83864 0.013749 -0.087881 0.59314
-0.14156 -0.015743 0.34048 0.15991 -0.032167 0.34917 0.0072684 -0.010696 0.40926 0.0012534 -0.0015829 0.068629 -0.057488 -0.00059939 -0.04795 0.053612 -0.00059939 -0.052276 -0.30376 -0.20173 0.46488 0.30883 -0.23094 0.44925 -0.26865 -0.36731 0.65322 0.29468 -0.41329 0.60724 -0.24321 -0.39728 0.72735 0.27558 -0.46628 0.66631 -0.054334 0.07521 -0.43031 0.073094 0.099048 -0.42863 -0.037124 0.14068 -0.75727 0.046541 0.16403 -0.75507 -0.028889 0.10518 -0.84491 0.091887 0.16735 -0.83689 0.0098695 -0.067978 0.5987
-0.14167 -0.007529 0.33877 0.16135 -0.033187 0.35516 0.0065251 -0.0086817 0.40935 0.0012294 -0.0010682 0.06865 -0.056518 -0.00090986 -0.049107 0.053984 -0.00090986 -0.051908 -0.32859 -0.18259 0.44846 0.33088 -0.22074 0.44602 -0.33205 -0.34432 0.64682 0.34914 -0.40544 0.60354 -0.321 -0.37725 0.72315 0.3502 -0.45781 0.66477 -0.054605 0.075181 -0.43142 0.073517 0.099098 -0.42817 -0.037507 0.14082 -0.75836 0.046633 0.16408 -0.75458 -0.030632 0.1086 -0.84765 0.092042 0.16767 -0.83635 0.0080554 -0.061769 0.60017
-0.1415 -0.0053196 0.3381 0.1598 -0.034331 0.35731 0.0059353 -0.010081 0.40918 0.001204 -0.0012386 0.068596 -0.055833 -0.00077142 -0.049805 0.053813 -0.00077142 -0.051989 -0.33635 -0.16509 0.43433 0.34593 -0.20781 0.43783 -0.37099 -0.31245 0.62393 0.3932 -0.38764 0.58849 -0.37214 -0.34619 0.69957 0.41055 -0.43801 0.6506 -0.054474 0.075312 -0.43211 0.072842 0.099208 -0.42827 -0.037436 0.14102 -0.75904 0.045862 0.16425 -0.75466 -0.031685 0.10945 -0.84747 0.091326 0.16806 -0.83639 0.0072257 -0.062175 0.59969
-0.14147 -0.0036509 0.33783 0.15864 -0.035321 0.35947 0.0054308 -0.011123 0.40906 0.0011871 -0.0013512 0.068556 -0.055275 -0.00068142 -0.050362 0.053686 -0.00068142 -0.052048 -0.34367 -0.14802 0.42227 0.36183 -0.19141 0.42535 -0.40759 -0.28261 0.60062 0.44096 -0.36253 0.56465 -0.41892 -0.31576 0.67601 0.46621 -0.41273 0.6268 -0.054414 0.075406 -0.43266 0.07231 0.099295 -0.42835 -0.037391 0.14119 -0.75957 0.04524 0.1644 -0.75472 -0.033701 0.1097 -0.84719 0.090774 0.16846 -0.83639 0.0063384 -0.06222 0.59937
-0.14165 -0.00062506 0.3377 0.15893 -0.036044 0.36283 0.0049964 -0.010674 0.40906 0.0011836 -0.0011762 0.068556 -0.054776 -0.00079671 -0.050897 0.053791 -0.00079671 -0.051931 -0.35568 -0.13168 0.41194 0.3801 -0.17211 0.41004 -0.44852 -0.25856 0.58228 0.49394 -0.33244 0.53529 -0.46914 -0.28985 0.65767 0.52015 -0.38421 0.5967 -0.054569 0.075406 -0.43317 0.072312 0.099334 -0.42819 -0.037526 0.1413 -0.76006 0.045085 0.16447 -0.75454 -0.03683 0.11019 -0.84779 0.090701 0.16881 -0.83616 0.0051426 -0.05987 0.59984
-0.14192 0.0027879 0.33774 0.1599 -0.036519 0.36644 0.0046593 -0.0097172 0.40913 0.0011949 -0.00089653 0.068574 -0.054347 -0.0010003 -0.051374 0.054 -0.0010003 -0.051737 -0.36821 -0.1176 0.40291 0.39717 -0.15152 0.39401 -0.48806 -0.23831 0.56575 0.54351 -0.29949 0.50429 -0.51898 -0.2661 0.63842 0.57004 -0.35186 0.56381 -0.054813 0.075365 -0.43362 0.072557 0.099346 -0.42794 -0.037728 0.14139 -0.76048 0.045155 0.16452 -0.75427 -0.040022 0.11089 -0.84876 0.090841 0.16903 -0.83584 0.004023 -0.057061 0.60054
-0.14211 0.0055686 0.33797 0.16073 -0.036772 0.36935 0.0044458 -0.0092575 0.40917 0.0012218 -0.00069985 0.068587 -0.053998 -0.0011714 -0.051756 0.054181 -0.0011714 -0.051565 -0.37704 -0.10728 0.39477 0.40948 -0.13129 0.37933 -0.5203 -0.21979 0.54781 0.58107 -0.26585 0.47549 -0.56432 -0.24214 0.61218 0.61337 -0.31519 0.5317 -0.055023 0.075337 -0.43397 0.072742 0.099352 -0.42772 -0.037885 0.14146 -0.76081 0.045204 0.16457 -0.75403 -0.042236 0.11173 -0.84959 0.090921 0.16905 -0.83558 0.003366 -0.055769 0.60093
-0.14223 0.0073093 0.33844 0.16117 -0.036839 0.37129 0.0043445 -0.0095892 0.40916 0.0012585 -0.0006418 0.068588 -0.053719 -0.0012688 -0.052046 0.054288 -0.0012688 -0.051452 -0.38128 -0.10087 0.38755 0.4164 -0.11273 0.36684 -0.54295 -0.20315 0.52907 0.60368 -0.23468 0.45203 -0.60147 -0.21894 0.58099 0.64689 -0.27786 0.50432 -0.055155 0.075342 -0.43424 0.072765 0.099363 -0.42759 -0.037962 0.14155 -0.76106 0.045142 0.16465 -0.75387 -0.043309 0.11261 -0.85009 0.090851 0.1689 -0.83544 0.0032375 -0.056526 0.60083
-0.14241 0.0081506 0.3392 0.16147 -0.036763 0.37262 0.00431 -0.010368 0.40913 0.0012934 -0.00065945 0.068583 -0.053478 -0.0013219 -0.052284 0.054353 -0.0013219 -0.051375 -0.38303 -0.097346 0.38168 0.41994 -0.09685 0.3563 -0.55692 -0.19053 0.51355 0.61346 -0.21007 0.43633 -0.6271 -0.20043 0.5541 0.66676 -0.24722 0.48603 -0.055246 0.075373 -0.43446 0.072697 0.099379 -0.4275 -0.038 0.14164 -0.76126 0.045023 0.16473 -0.75377 -0.043868 0.11344 -0.85038 0.090702 0.1687 -0.83537 0.0034164 -0.058569 0.60044
-0.14279 0.00825 0.34027 0.16188 -0.036586 0.37374 0.0042972 -0.011237 0.4091 0.0013151 -0.00068814 0.06858 -0.053249 -0.0013617 -0.052513 0.054411 -0.0013617 -0.051308 -0.38444 -0.095662 0.37764 0.42215 -0.084677 0.34748 -0.56327 -0.18403 0.50529 0.61276 -0.19599 0.43073 -0.6381 -0.1905 0.54074 0.66937 -0.23048 0.48098 -0.055332 0.075417 -0.43467 0.072614 0.099403 -0.42742 -0.03804 0.14175 -0.76146 0.044903 0.16482 -0.75367 -0.044546 0.11412 -0.85062 0.090552 0.16854 -0.8353 0.0036797 -0.061111 0.59995
-0.14338 0.0077045 0.34162 0.16239 -0.036241 0.37461 0.0042986 -0.012086 0.40907 0.0013225 -0.00071954 0.068581 -0.05303 -0.001391 -0.052734 0.054458 -0.001391 -0.05126 -0.38587 -0.09567 0.37633 0.42374 -0.077166 0.34159 -0.56295 -0.1842 0.50591 0.60517 -0.19314 0.43477 -0.63572 -0.19005 0.5435 0.65712 -0.22892 0.48873 -0.055421 0.075474 -0.43487 0.072539 0.099436 -0.42736 -0.038089 0.14187 -0.76165 0.044798 0.16492 -0.7536 -0.04553 0.11465 -0.85084 0.090421 0.16847 -0.83525 0.0039926 -0.063792 0.59944
-0.14406 0.0065504 0.34313 0.16271 -0.035559 0.37477 0.0043439 -0.013046 0.40904 0.0013243 -0.00080166 0.068581 -0.052855 -0.0013849 -0.052912 0.054448 -0.0013849 -0.051271 -0.38594 -0.098108 0.37908 0.42407 -0.075224 0.34127 -0.55688 -0.19 0.51461 0.59546 -0.199 0.4453 -0.62554 -0.19695 0.5583 0.63844 -0.23781 0.50428 -0.055496 0.07555 -0.43503 0.072441 0.099487 -0.42736 -0.038118 0.142 -0.76179 0.044677 0.16503 -0.75359 -0.046562 0.11511 -0.85103 0.090279 0.16843 -0.83526 0.0045091 -0.066682 0.59888
-0.14472 0.0048276 0.34467 0.16259 -0.034379 0.37382 0.004459 -0.014253 0.40899 0.0013292 -0.00098196 0.068575 -0.052752 -0.0013186 -0.053011 0.05434 -0.0013186 -0.051381 -0.38325 -0.10371 0.38717 0.42248 -0.079701 0.34914 -0.54591 -0.20032 0.53048 0.58827 -0.21091 0.45914 -0.61308 -0.20901 0.58081 0.62176 -0.25228 0.52254 -0.055536 0.07565 -0.43513 0.072287 0.099561 -0.42747 -0.038099 0.14215 -0.76187 0.044514 0.16516 -0.75369 -0.047373 0.11561 -0.85116 0.090094 0.16838 -0.83537 0.0053769 -0.069857 0.59825
-0.14546 0.0027446 0.34625 0.16219 -0.032969 0.37241 0.0045211 -0.015587 0.40894 0.0013295 -0.0012234 0.068566 -0.052674 -0.0012113 -0.053082 0.054165 -0.0012113 -0.051558 -0.37806 -0.11206 0.39982 0.41929 -0.090049 0.3652 -0.52908 -0.21466 0.552 0.58223 -0.22756 0.47612 -0.59628 -0.22538 0.6078 0.60757 -0.27029 0.54239 -0.055549 0.075775 -0.43519 0.072078 0.099651 -0.42766 -0.038043 0.14231 -0.76193 0.044305 0.16531 -0.75386 -0.047919 0.11613 -0.85126 0.089862 0.16829 -0.83557 0.0063394 -0.072954 0.59764
-0.14658 0.00069821 0.34799 0.16222 -0.032075 0.37241 0.0042409 -0.016646 0.4089 0.0012988 -0.0013948 0.068564 -0.052487 -0.0011308 -0.05327 0.054037 -0.0011308 -0.051696 -0.37247 -0.12142 0.41397 0.41591 -0.10416 0.38659 -0.50344 -0.23312 0.57699 0.56925 -0.24906 0.49942 -0.56464 -0.24679 0.63723 0.58757 -0.2929 0.56714 -0.05557 0.07592 -0.43536 0.071856 0.099732 -0.4278 -0.038008 0.14249 -0.76209 0.04408 0.16544 -0.75399 -0.048411 0.11654 -0.85143 0.089617 0.16819 -0.83572 0.0066896 -0.07513 0.59726
-0.14841 -0.00091937 0.35005 0.16337 -0.032428 0.37563 0.0033387 -0.017035 0.40892 0.0012116 -0.0013673 0.06858 -0.052058 -0.0011439 -0.053716 0.054068 -0.0011439 -0.05169 -0.36859 -0.13006 0.42648 0.4137 -0.11985 0.41027 -0.46594 -0.25578 0.60315 0.541 -0.27554 0.53219 -0.50751 -0.2739 0.66704 0.55309 -0.32123 0.60011 -0.055637 0.07608 -0.43578 0.071662 0.099779 -0.42779 -0.03805 0.14269 -0.76249 0.043871 0.16551 -0.75397 -0.049068 0.11672 -0.85173 0.089388 0.16809 -0.83572 0.0057356 -0.075561 0.59732
-0.15047 -0.0022321 0.35212 0.16491 -0.033292 0.38011 0.0021694 -0.017076 0.40896 0.0010921 -0.0012735 0.068601 -0.051546 -0.0011879 -0.054253 0.054153 -0.0011879 -0.051636 -0.36508 -0.13845 0.43601 0.40967 -0.13549 0.43298 -0.41403 -0.27987 0.62503 0.49247 -0.30408 0.5707 -0.42469 -0.30323 0.69223 0.49843 -0.35222 0.63796 -0.055708 0.076246 -0.43627 0.071482 0.099787 -0.42773 -0.038091 0.1429 -0.76297 0.043691 0.16555 -0.75391 -0.049876 0.11662 -0.85202 0.089193 0.168 -0.83567 0.0041639 -0.075055 0.59761
-0.15133 -0.0040055 0.35336 0.16437 -0.032108 0.3792 0.0018776 -0.017989 0.40892 0.0010266 -0.001571 0.068593 -0.051468 -0.0010385 -0.054326 0.053915 -0.0010385 -0.051881 -0.35629 -0.14979 0.44351 0.3955 -0.15014 0.45115 -0.34583 -0.29907 0.63328 0.42278 -0.32797 0.60265 -0.32898 -0.32612 0.70419 0.42163 -0.37764 0.66902 -0.05565 0.076409 -0.43634 0.071234 0.099777 -0.42802 -0.037888 0.14306 -0.76304 0.043538 0.16561 -0.75419 -0.05053 0.11635 -0.85184 0.08903 0.16788 -0.83596 0.0043744 -0.076448 0.5974
-0.14951 -0.0070262 0.35293 0.15922 -0.026274 0.36609 0.0036281 -0.021022 0.40868 0.0011027 -0.0027276 0.068516 -0.052349 -0.00046649 -0.053373 0.052968 -0.00046649 -0.052778 -0.33643 -0.16738 0.45002 0.36275 -0.16292 0.4613 -0.25964 -0.307 0.61857 0.33155 -0.34041 0.61544 -0.23388 -0.33379 0.69426 0.32121 -0.38907 0.68131 -0.055325 0.076559 -0.43547 0.070836 0.099766 -0.42904 -0.03719 0.14311 -0.76217 0.043408 0.16575 -0.75521 -0.050716 0.116 -0.85073 0.088899 0.16771 -0.83699 0.0088225 -0.082645 0.59593
-0.14507 -0.011222 0.35063 0.14985 -0.016417 0.34159 0.0072737 -0.026231 0.40826 0.0012916 -0.0047548 0.068367 -0.054143 0.00053941 -0.051446 0.051372 0.00053941 -0.05427 -0.30514 -0.19059 0.45649 0.31365 -0.17428 0.46305 -0.1625 -0.30322 0.5833 0.22803 -0.34051 0.60674 -0.14819 -0.32563 0.66402 0.20647 -0.38522 0.67244 -0.054669 0.076703 -0.43371 0.070383 0.099655 -0.43077 -0.035896 0.14305 -0.76042 0.043442 0.16588 -0.75693 -0.05029 0.11566 -0.84876 0.088939 0.16735 -0.83871 0.017623 -0.09395 0.59302
-0.14018 -0.01533 0.34722 0.14072 -0.0076479 0.31703 0.010847 -0.032016 0.40778 0.0014025 -0.007031 0.068187 -0.056005 0.0016874 -0.049453 0.049804 0.0016874 -0.055729 -0.2696 -0.21336 0.46363 0.26524 -0.18652 0.46037 -0.073473 -0.29555 0.54615 0.13485 -0.33557 0.58856 -0.074178 -0.31238 0.62914 0.10166 -0.37465 0.65332 -0.053717 0.07687 -0.43191 0.070223 0.099171 -0.43258 -0.034114 0.14293 -0.75863 0.043976 0.16569 -0.75874 -0.049358 0.11535 -0.84677 0.089482 0.16655 -0.84052 0.027645 -0.10705 0.58931
-0.13713 -0.018025 0.34351 0.1365 -0.0053552 0.30435 0.012271 -0.036681 0.40743 0.0012359 -0.0088955 0.068022 -0.057042 0.0026673 -0.048354 0.048975 0.0026673 -0.056494 -0.23753 -0.22935 0.47212 0.23538 -0.20204 0.4575 -0.012315 -0.29234 0.52676 0.075304 -0.33342 0.5738 -0.013612 -0.30553 0.60616 0.031801 -0.36657 0.63569 -0.052516 0.077089 -0.43096 0.070707 0.098039 -0.43383 -0.031965 0.14281 -0.75768 0.045349 0.16486 -0.75999 -0.048041 0.11513 -0.84564 0.090861 0.16507 -0.84178 0.035542 -0.11841 0.5855
-0.13675 -0.019645 0.34009 0.13868 -0.011821 0.30719 0.011011 -0.040112 0.40717 0.00078029 -0.010135 0.067875 -0.056985 0.0033926 -0.04842 0.049075 0.0033926 -0.056383 -0.21475 -0.23723 0.47916 0.22683 -0.22145 0.45666 0.013911 -0.29698 0.52944 0.051344 -0.33701 0.56733 0.032487 -0.30952 0.59919 -0.00047682 -0.36477 0.62433 -0.051156 0.077305 -0.43112 0.071515 0.096271 -0.43431 -0.029671 0.14268 -0.75785 0.04718 0.16336 -0.7605 -0.046534 0.11494 -0.84564 0.092696 0.16294 -0.84228 0.039573 -0.12701 0.58199
-0.13758 -0.023105 0.33719 0.14371 -0.024515 0.31629 0.0089175 -0.044652 0.40668 0.00031485 -0.011232 0.06769 -0.05653 0.0041235 -0.048857 0.049484 0.0041235 -0.055954 -0.20414 -0.24353 0.47659 0.21892 -0.24257 0.45695 0.017818 -0.3051 0.53475 0.031879 -0.34176 0.56155 0.064255 -0.31789 0.5931 -0.027161 -0.36467 0.61318 -0.049807 0.077338 -0.43167 0.071285 0.094336 -0.43457 -0.027608 0.14236 -0.75843 0.047972 0.16167 -0.76078 -0.045141 0.11455 -0.84606 0.093496 0.16074 -0.84255 0.040478 -0.13571 0.57879
-0.13797 -0.031494 0.33502 0.14766 -0.040483 0.32134 0.0080322 -0.052812 0.40563 0.00014147 -0.01272 0.067403 -0.056451 0.0051462 -0.048785 0.049517 0.0051462 -0.055826 -0.20831 -0.25535 0.45592 0.1892 -0.26298 0.45717 0.013593 -0.31173 0.52142 -0.01663 -0.34248 0.5479 0.081884 -0.32331 0.57129 -0.082803 -0.36103 0.59532 -0.04864 0.076994 -0.43182 0.068583 0.092736 -0.43516 -0.026159 0.14169 -0.75862 0.046153 0.16026 -0.7614 -0.044178 0.11375 -0.84612 0.091696 0.15905 -0.84316 0.039208 -0.14764 0.57583
-0.13739 -0.044234 0.33388 0.14863 -0.056231 0.31838 0.0090305 -0.063835 0.40411 0.00035211 -0.014564 0.067044 -0.057051 0.0064212 -0.047894 0.048999 0.0064212 -0.056172 -0.22621 -0.27315 0.4189 0.13587 -0.27963 0.45686 0.0061049 -0.315 0.48624 -0.095043 -0.33866 0.52626 0.082207 -0.32375 0.53317 -0.1671 -0.35412 0.57174 -0.047849 0.07626 -0.43127 0.063473 0.091712 -0.4362 -0.025544 0.14066 -0.75814 0.041697 0.15937 -0.76245 -0.043845 0.11253 -0.84552 0.087273 0.15811 -0.8442 0.036447 -0.16155 0.57361
-0.13722 -0.054385 0.33419 0.14829 -0.06732 0.31447 0.010222 -0.071294 0.40298 0.00067493 -0.015742 0.0668 -0.057816 0.0073447 -0.046867 0.048631 0.0073447 -0.0564 -0.25042 -0.2858 0.38503 0.092889 -0.28833 0.45681 -0.015942 -0.31846 0.45736 -0.14757 -0.33785 0.51115 0.056223 -0.32638 0.50585 -0.21935 -0.35376 0.55711 -0.04766 0.075428 -0.43054 0.058614 0.091052 -0.43695 -0.025696 0.13956 -0.75748 0.037261 0.15876 -0.76321 -0.044151 0.11122 -0.84476 0.082876 0.15759 -0.84494 0.032415 -0.1686 0.57353
-0.139 -0.054418 0.33641 0.14863 -0.069249 0.31772 0.0096896 -0.068238 0.40315 0.00080317 -0.01514 0.066873 -0.058151 0.0072601 -0.046479 0.049199 0.0072601 -0.055843 -0.27294 -0.28111 0.37549 0.097574 -0.28481 0.45792 -0.065366 -0.32615 0.46583 -0.11311 -0.34835 0.51842 -0.005564 -0.33922 0.51906 -0.17318 -0.37065 0.56734 -0.0483 0.074818 -0.43025 0.056911 0.090502 -0.43658 -0.026516 0.13872 -0.75725 0.035755 0.15816 -0.76287 -0.045082 0.11019 -0.84445 0.081407 0.15708 -0.84457 0.027289 -0.15922 0.57708
-0.14317 -0.042087 0.34034 0.15059 -0.061041 0.33104 0.006714 -0.052914 0.40489 0.00059683 -0.012461 0.067316 -0.057768 0.0059717 -0.047089 0.050902 0.0059717 -0.054339 -0.28911 -0.2555 0.39774 0.16225 -0.2686 0.45997 -0.14423 -0.33866 0.52141 0.026229 -0.37172 0.55192 -0.10195 -0.36353 0.581 -0.010033 -0.40613 0.60574 -0.049733 0.074596 -0.4307 0.059459 0.089937 -0.4349 -0.027804 0.1383 -0.75774 0.038305 0.15744 -0.76122 -0.046498 0.10963 -0.84485 0.083989 0.15638 -0.8429 0.021591 -0.13153 0.58429
-0.14796 -0.025412 0.34454 0.15302 -0.048569 0.3472 0.0028999 -0.03366 0.40718 0.0002398 -0.0089933 0.067895 -0.056967 0.0041786 -0.048244 0.052802 0.0041786 -0.052709 -0.30075 -0.22219 0.43257 0.25067 -0.24658 0.4605 -0.2337 -0.34979 0.59236 0.20449 -0.39639 0.59207 -0.21096 -0.38745 0.65817 0.19587 -0.4434 0.65113 -0.051417 0.07462 -0.43157 0.063846 0.089492 -0.43289 -0.029167 0.13816 -0.75862 0.042572 0.1568 -0.75925 -0.048006 0.10934 -0.84565 0.088285 0.15571 -0.84092 0.01652 -0.098497 0.59233
-0.15134 -0.01357 0.34743 0.15453 -0.038478 0.35784 0.00011471 -0.019949 0.40888 -4.7348e-05 -0.0062049 0.068343 -0.056116 0.0026808 -0.049398 0.053834 0.0026808 -0.051884 -0.31044 -0.19629 0.45777 0.32114 -0.22648 0.45682 -0.31259 -0.35258 0.6423 0.34625 -0.40932 0.61666 -0.30829 -0.39764 0.71233 0.35986 -0.46362 0.67955 -0.052753 0.074717 -0.43247 0.067259 0.089331 -0.4317 -0.030186 0.13812 -0.75952 0.045824 0.15644 -0.75808 -0.049187 0.10911 -0.84646 0.091569 0.15533 -0.83973 0.013347 -0.074756 0.59807
-0.15232 -0.011379 0.34824 0.15443 -0.034501 0.3588 -0.0006623 -0.016719 0.40933 -0.0001406 -0.0049075 0.068511 -0.055454 0.0019338 -0.050207 0.053493 0.0019338 -0.052293 -0.31998 -0.18579 0.46114 0.35009 -0.21258 0.44804 -0.36822 -0.34343 0.65145 0.40974 -0.40329 0.61362 -0.37908 -0.38722 0.72283 0.43503 -0.45685 0.67782 -0.053419 0.074774 -0.43315 0.06812 0.089514 -0.43185 -0.030657 0.13808 -0.7602 0.046533 0.15645 -0.75826 -0.049826 0.10879 -0.84701 0.092315 0.15537 -0.83989 0.012573 -0.0679 0.59988
-0.15206 -0.014155 0.34799 0.1535 -0.034033 0.35508 -0.00038734 -0.019023 0.40907 -0.00012645 -0.0044836 0.068505 -0.054939 0.0016415 -0.050764 0.052496 0.0016415 -0.053273 -0.3295 -0.18315 0.45229 0.35356 -0.20174 0.43718 -0.40641 -0.32603 0.63628 0.42657 -0.3838 0.593 -0.42909 -0.36339 0.70728 0.4569 -0.43252 0.65621 -0.053698 0.074821 -0.43364 0.067528 0.089883 -0.43266 -0.030833 0.13805 -0.7607 0.045793 0.15668 -0.75909 -0.050157 0.10846 -0.84737 0.091617 0.15565 -0.8407 0.013019 -0.070141 0.59941
-0.15203 -0.015971 0.3479 0.15272 -0.033634 0.35286 -0.00027021 -0.020618 0.40873 -0.00011903 -0.0041284 0.068464 -0.054489 0.0014091 -0.05122 0.051722 0.0014091 -0.054016 -0.33891 -0.17882 0.44369 0.35279 -0.1898 0.42777 -0.43543 -0.30501 0.61801 0.43796 -0.358 0.56773 -0.46682 -0.33519 0.68832 0.4718 -0.40263 0.62805 -0.053952 0.074907 -0.43403 0.066938 0.090248 -0.43325 -0.031028 0.13808 -0.76109 0.045042 0.15692 -0.75969 -0.050474 0.10819 -0.84763 0.090911 0.15594 -0.84128 0.013286 -0.071675 0.59875
-0.15313 -0.01321 0.34871 0.15271 -0.031125 0.35584 -0.0010516 -0.017666 0.40875 -0.00018987 -0.0033357 0.068481 -0.054054 0.00098478 -0.051676 0.051703 0.00098478 -0.054036 -0.34813 -0.16691 0.44303 0.3618 -0.17405 0.42157 -0.46152 -0.28383 0.61021 0.47003 -0.33133 0.54683 -0.49914 -0.30898 0.68009 0.50931 -0.37545 0.60276 -0.054409 0.075057 -0.43437 0.067271 0.090489 -0.4331 -0.031434 0.1382 -0.76144 0.045194 0.15704 -0.75955 -0.050958 0.10804 -0.84787 0.091109 0.15612 -0.84111 0.012518 -0.066432 0.59923
-0.15481 -0.0079199 0.34998 0.1531 -0.02742 0.36154 -0.0023225 -0.012218 0.40899 -0.00030614 -0.0023311 0.068534 -0.053651 0.00046596 -0.052107 0.05213 0.00046596 -0.053632 -0.3572 -0.15059 0.44634 0.37693 -0.15518 0.41598 -0.48599 -0.26311 0.60772 0.5119 -0.30497 0.52964 -0.52908 -0.28449 0.67594 0.55811 -0.35014 0.58008 -0.05496 0.075245 -0.43466 0.068145 0.090658 -0.43251 -0.031943 0.13835 -0.76173 0.045883 0.15709 -0.75898 -0.051518 0.10796 -0.84807 0.091842 0.15623 -0.84052 0.011185 -0.057488 0.6004
-0.15633 -0.0030019 0.35109 0.15343 -0.023894 0.36657 -0.0035009 -0.0072093 0.40923 -0.00041934 -0.0014502 0.068583 -0.05331 2.7365e-06 -0.052471 0.052563 2.7365e-06 -0.053219 -0.36616 -0.13437 0.44786 0.39188 -0.13442 0.40773 -0.5094 -0.24299 0.60255 0.54713 -0.27949 0.5141 -0.55906 -0.26047 0.66609 0.60069 -0.32448 0.55831 -0.05545 0.075436 -0.4349 0.068985 0.090835 -0.43193 -0.032401 0.13852 -0.76197 0.046545 0.15715 -0.75841 -0.052018 0.10791 -0.84822 0.092548 0.15635 -0.83992 0.0099583 -0.049295 0.6015
-0.1572 -0.00040717 0.35163 0.15338 -0.021486 0.36867 -0.0041939 -0.0046079 0.40931 -0.00049585 -0.00091482 0.068602 -0.053046 -0.00030514 -0.052742 0.052705 -0.00030514 -0.053084 -0.37487 -0.1215 0.44402 0.40211 -0.11339 0.39529 -0.5317 -0.22399 0.5899 0.56502 -0.25578 0.49901 -0.58984 -0.2367 0.64517 0.62539 -0.29774 0.53684 -0.055773 0.075606 -0.43507 0.069397 0.091068 -0.43166 -0.032707 0.13866 -0.76215 0.0468 0.15728 -0.75814 -0.052366 0.10785 -0.84832 0.092841 0.15653 -0.83963 0.0092918 -0.044853 0.60203
-0.1576 0.00053339 0.35178 0.15307 -0.019932 0.36874 -0.0045302 -0.0037083 0.4093 -0.00054316 -0.00063236 0.0686 -0.052846 -0.00049685 -0.052939 0.052636 -0.00049685 -0.053148 -0.38267 -0.11179 0.43715 0.40804 -0.094855 0.38192 -0.55112 -0.20757 0.57379 0.57062 -0.23567 0.48565 -0.61764 -0.2158 0.62008 0.63662 -0.2732 0.51797 -0.055972 0.075755 -0.4352 0.069496 0.09133 -0.4316 -0.032898 0.13878 -0.76228 0.04676 0.15745 -0.7581 -0.052574 0.1078 -0.84838 0.092835 0.15675 -0.83957 0.0090419 -0.043155 0.60215
-0.15784 0.00093737 0.35187 0.15273 -0.01876 0.36821 -0.0047277 -0.0033471 0.40925 -0.00057578 -0.00045644 0.068592 -0.052689 -0.00063535 -0.053089 0.052505 -0.00063535 -0.053272 -0.38882 -0.10444 0.43064 0.41093 -0.081739 0.3717 -0.56559 -0.19536 0.55972 0.57173 -0.22116 0.47572 -0.63786 -0.20088 0.59976 0.64157 -0.25486 0.50455 -0.056113 0.07589 -0.43529 0.069484 0.091582 -0.43163 -0.033036 0.13889 -0.76238 0.046623 0.15762 -0.75813 -0.052673 0.10776 -0.84844 0.092723 0.15695 -0.83959 0.0089626 -0.04251 0.6021
-0.15815 0.001641 0.35209 0.15251 -0.017613 0.36817 -0.0049485 -0.002663 0.40923 -0.00060496 -0.00027566 0.068589 -0.052558 -0.00076904 -0.053215 0.052423 -0.00076904 -0.053348 -0.39277 -0.098884 0.42702 0.4119 -0.075857 0.36744 -0.57352 -0.18854 0.5519 0.57391 -0.21353 0.47049 -0.6472 -0.19409 0.59083 0.64531 -0.24548 0.49867 -0.056248 0.076014 -0.43536 0.069512 0.091793 -0.43161 -0.033169 0.13899 -0.76245 0.04654 0.15776 -0.75812 -0.052692 0.10775 -0.8485 0.092656 0.1571 -0.83957 0.0088714 -0.041654 0.60209
-0.1585 0.0026026 0.35242 0.1524 -0.0165 0.36856 -0.0051796 -0.0017378 0.40924 -0.00063164 -8.7676e-05 0.06859 -0.052447 -0.00090085 -0.053323 0.052392 -0.00090085 -0.053377 -0.39457 -0.095352 0.42619 0.41162 -0.075507 0.36788 -0.57484 -0.18695 0.55045 0.57581 -0.21189 0.46999 -0.64627 -0.19457 0.59247 0.64634 -0.24399 0.50018 -0.05638 0.076127 -0.43542 0.069585 0.091966 -0.43156 -0.033299 0.13908 -0.76251 0.046512 0.15787 -0.75808 -0.052646 0.10775 -0.84857 0.092637 0.1572 -0.83952 0.008783 -0.040667 0.6021
-0.15881 0.0036098 0.35276 0.1524 -0.015498 0.36914 -0.0053742 -0.00083672 0.40926 -0.00065475 8.8592e-05 0.068594 -0.052352 -0.0010249 -0.053416 0.052391 -0.0010249 -0.053378 -0.39435 -0.094208 0.42756 0.41067 -0.078301 0.37103 -0.56978 -0.19016 0.55474 0.57474 -0.21489 0.47395 -0.63645 -0.20086 0.60246 0.64188 -0.24855 0.5085 -0.056501 0.076228 -0.43546 0.069673 0.09211 -0.43149 -0.03342 0.13916 -0.76256 0.046511 0.15795 -0.75802 -0.052548 0.10777 -0.84864 0.092641 0.15728 -0.83946 0.0087503 -0.039888 0.6021
-0.15901 0.0044501 0.35302 0.15246 -0.014685 0.36963 -0.0054854 -0.00022483 0.40928 -0.00067324 0.00023424 0.068597 -0.052268 -0.0011352 -0.053498 0.052397 -0.0011352 -0.053371 -0.39228 -0.095817 0.43053 0.40962 -0.081855 0.37485 -0.55858 -0.19775 0.56408 0.568 -0.22122 0.48214 -0.61912 -0.21153 0.61857 0.62917 -0.25735 0.52304 -0.056606 0.076315 -0.4355 0.069752 0.092234 -0.43143 -0.033527 0.13923 -0.76261 0.046509 0.15801 -0.75796 -0.052412 0.10777 -0.84871 0.092646 0.15733 -0.83939 0.0088264 -0.039657 0.60205
-0.15901 0.004911 0.35312 0.15257 -0.014139 0.36978 -0.0054663 -0.0001673 0.40928 -0.00068606 0.00033038 0.068597 -0.052191 -0.0012259 -0.053571 0.052391 -0.0012259 -0.053376 -0.38851 -0.10055 0.4345 0.40908 -0.083782 0.37734 -0.54144 -0.20927 0.57784 0.55289 -0.22952 0.49429 -0.59566 -0.22512 0.63855 0.60541 -0.26857 0.54321 -0.056688 0.076386 -0.43554 0.069793 0.092348 -0.43138 -0.033612 0.13929 -0.76265 0.046479 0.15806 -0.75792 -0.05225 0.10775 -0.84878 0.092626 0.15737 -0.83935 0.0090644 -0.040314 0.60189
-0.15875 0.00478 0.35297 0.15269 -0.013937 0.36932 -0.00527 -0.00092931 0.40925 -0.00069214 0.00035808 0.068592 -0.052117 -0.001291 -0.053639 0.05235 -0.001291 -0.053412 -0.3832 -0.10876 0.43888 0.40961 -0.081696 0.37648 -0.51861 -0.2243 0.59535 0.52671 -0.23848 0.51018 -0.56745 -0.24019 0.66017 0.56785 -0.28038 0.56842 -0.05674 0.07644 -0.43558 0.069769 0.09246 -0.43137 -0.033669 0.13934 -0.76269 0.046393 0.1581 -0.75792 -0.052076 0.10769 -0.84884 0.092557 0.15743 -0.83934 0.0095174 -0.042197 0.60159
