-0.16102 0.002859 0.30699 0.11129 0.0009519 0.33828 -0.034673 -0.025225 0.40701 -0.006396 -0.0059175 0.068041 -0.050157 0.0011749 -0.05548 0.055625 0.0011749 -0.049995 -0.20463 0.0074245 0.044836 0.17689 0.033188 0.082722 -0.19133 -0.026354 -0.18937 0.15728 -0.18329 0.17717 -0.17146 -0.020849 -0.26946 0.15221 -0.2291 0.24584 -0.05109 0.089095 -0.43523 0.080385 -0.043932 -0.43638 -0.0067759 0.14315 -0.76174 0.10669 0.12452 -0.72347 -0.070722 0.13747 -0.82985 0.16971 0.12624 -0.79266 -0.025062 -0.089182 0.59338
-0.16141 0.003481 0.30636 0.11157 -0.0011824 0.33898 -0.03564 -0.025167 0.40696 -0.0066222 -0.0059489 0.068023 -0.050358 0.0020763 -0.055313 0.055817 0.0020763 -0.049799 -0.20558 0.0093365 0.044315 0.18717 0.05097 0.075435 -0.19319 -0.023423 -0.19008 0.17491 -0.15671 0.18729 -0.17519 -0.015125 -0.27033 0.17296 -0.20459 0.25665 -0.04907 0.090717 -0.43493 0.079178 -0.051461 -0.43553 -0.0026191 0.14323 -0.76137 0.11072 0.11795 -0.72164 -0.066805 0.13908 -0.82952 0.17263 0.11894 -0.79366 -0.024668 -0.090282 0.59328
-0.16158 0.0037241 0.30595 0.11176 -0.003742 0.33907 -0.036183 -0.025295 0.40692 -0.0067516 -0.0060024 0.068011 -0.05049 0.0026796 -0.055204 0.055921 0.0026796 -0.049696 -0.20606 0.010479 0.04396 0.1966 0.060027 0.071199 -0.19429 -0.021446 -0.19058 0.18856 -0.13952 0.19772 -0.17783 -0.011114 -0.27099 0.18858 -0.18814 0.26784 -0.047731 0.091937 -0.4347 0.078885 -0.056822 -0.43491 0.00033477 0.14335 -0.76109 0.11462 0.11272 -0.72058 -0.064001 0.14015 -0.82927 0.17486 0.11226 -0.79499 -0.024795 -0.09104 0.59327
-0.16155 0.0036234 0.30573 0.11187 -0.0066603 0.33862 -0.036343 -0.025585 0.40689 -0.0067925 -0.0060748 0.068002 -0.05056 0.0030117 -0.055147 0.055947 0.0030117 -0.049674 -0.20609 0.010919 0.043754 0.20521 0.061258 0.069754 -0.19468 -0.020347 -0.1909 0.19861 -0.1308 0.20841 -0.17948 -0.0086662 -0.27144 0.19954 -0.17901 0.27935 -0.047013 0.092784 -0.43453 0.079404 -0.060192 -0.4345 0.0021833 0.14351 -0.76088 0.11836 0.10875 -0.7202 -0.062219 0.14074 -0.82908 0.17646 0.10618 -0.7966 -0.025389 -0.091486 0.59334
-0.16133 0.0032138 0.30568 0.11192 -0.0098707 0.3377 -0.036156 -0.026013 0.40688 -0.0067534 -0.0061624 0.067999 -0.050574 0.0031 -0.055136 0.055906 0.0031 -0.04972 -0.20572 0.010721 0.043681 0.21304 0.055565 0.070843 -0.19443 -0.020047 -0.19105 0.20541 -0.12963 0.21932 -0.1802 -0.0076364 -0.27172 0.20635 -0.17642 0.29111 -0.046858 0.093288 -0.43443 0.080636 -0.061749 -0.43427 0.0030242 0.1437 -0.76073 0.12193 0.10592 -0.72042 -0.061364 0.14089 -0.82896 0.17748 0.10066 -0.79844 -0.026397 -0.091654 0.59347
-0.16095 0.0025306 0.30578 0.11192 -0.013307 0.33636 -0.03566 -0.026555 0.40688 -0.0066426 -0.0062619 0.067999 -0.050537 0.0029715 -0.055165 0.05581 0.0029715 -0.049822 -0.20498 0.0099509 0.043722 0.22014 0.043847 0.074207 -0.19359 -0.020469 -0.19105 0.20936 -0.13509 0.23042 -0.1801 -0.0078769 -0.27184 0.20948 -0.17962 0.30307 -0.047205 0.09348 -0.43438 0.08248 -0.061667 -0.4342 0.0029551 0.14391 -0.76064 0.12532 0.10413 -0.72119 -0.061346 0.14064 -0.82889 0.17797 0.095696 -0.80044 -0.027769 -0.091573 0.59366
-0.16042 0.0016088 0.30601 0.11188 -0.016902 0.33467 -0.034894 -0.027186 0.40689 -0.0064684 -0.0063697 0.068002 -0.050458 0.0026535 -0.055229 0.055671 0.0026535 -0.049968 -0.20391 0.0086745 0.043863 0.22655 0.027004 0.079585 -0.19223 -0.021535 -0.19092 0.21081 -0.14626 0.24165 -0.17925 -0.0092406 -0.27182 0.20944 -0.18784 0.31515 -0.047995 0.09339 -0.43437 0.084838 -0.060123 -0.43426 0.0020736 0.14414 -0.7606 0.12851 0.10329 -0.72241 -0.06207 0.14002 -0.82888 0.17799 0.091249 -0.80255 -0.029451 -0.091277 0.59388
-0.15976 0.00048341 0.30635 0.11182 -0.02059 0.3327 -0.033895 -0.027884 0.40692 -0.0062393 -0.0064825 0.068009 -0.050341 0.0021731 -0.055323 0.055498 0.0021731 -0.050146 -0.20255 0.0069573 0.044086 0.23231 0.0059351 0.086721 -0.19041 -0.023168 -0.19068 0.21015 -0.16221 0.25297 -0.17773 -0.01158 -0.27167 0.20671 -0.20034 0.3273 -0.04917 0.093046 -0.43441 0.087609 -0.057294 -0.43443 0.00047734 0.14437 -0.7606 0.1315 0.10329 -0.72401 -0.063445 0.1391 -0.8289 0.1776 0.087298 -0.80471 -0.03139 -0.090796 0.59413
-0.15899 -0.00081039 0.30678 0.11174 -0.024303 0.33052 -0.032701 -0.028624 0.40695 -0.0059636 -0.0065967 0.068018 -0.050195 0.0015575 -0.05544 0.055304 0.0015575 -0.050343 -0.20094 0.0048651 0.044375 0.23746 -0.018458 0.095354 -0.18818 -0.025289 -0.19035 0.20774 -0.18202 0.26435 -0.17563 -0.014749 -0.27142 0.20177 -0.21635 0.33944 -0.05067 0.092481 -0.43449 0.090692 -0.053356 -0.43467 -0.0017361 0.14461 -0.76065 0.13426 0.10403 -0.72592 -0.065378 0.1379 -0.82896 0.17684 0.083819 -0.80687 -0.033536 -0.090162 0.5944
-0.15813 -0.0022375 0.30728 0.11167 -0.027976 0.32819 -0.03135 -0.029382 0.40699 -0.0056497 -0.0067089 0.068031 -0.050024 0.00083372 -0.055575 0.0551 0.00083372 -0.050548 -0.19911 0.0024636 0.044712 0.24204 -0.045277 0.10523 -0.18562 -0.027822 -0.18995 0.20397 -0.20477 0.27574 -0.17304 -0.018599 -0.27109 0.19513 -0.23511 0.35153 -0.052436 0.091722 -0.4346 0.093989 -0.048486 -0.43496 -0.004469 0.14484 -0.76072 0.13678 0.10541 -0.72806 -0.067777 0.13647 -0.82906 0.17577 0.080785 -0.80896 -0.035835 -0.089406 0.59467
-0.1572 -0.0037629 0.30782 0.1116 -0.031542 0.32578 -0.02988 -0.030135 0.40704 -0.0053059 -0.0068157 0.068045 -0.049835 2.9084e-05 -0.055722 0.054897 2.9084e-05 -0.050749 -0.1971 -0.00018171 0.045082 0.2461 -0.073621 0.11608 -0.18277 -0.030688 -0.1895 0.19919 -0.22953 0.2871 -0.17004 -0.022984 -0.27069 0.18727 -0.25586 0.36349 -0.054408 0.090801 -0.43473 0.097398 -0.04286 -0.43528 -0.0076237 0.14507 -0.76083 0.13906 0.10734 -0.73035 -0.070549 0.13485 -0.82917 0.17445 0.078173 -0.81092 -0.038234 -0.088561 0.59492
-0.15621 -0.0053515 0.30839 0.11157 -0.034935 0.32335 -0.028328 -0.030857 0.40709 -0.0049406 -0.0069136 0.06806 -0.049636 -0.0008293 -0.055876 0.054706 -0.0008293 -0.050932 -0.19495 -0.003005 0.045468 0.24968 -0.10259 0.12765 -0.17971 -0.033809 -0.18901 0.19379 -0.25538 0.29839 -0.16671 -0.027757 -0.27025 0.17869 -0.27784 0.37527 -0.056527 0.089748 -0.43488 0.10082 -0.036654 -0.4356 -0.011103 0.14527 -0.76095 0.14106 0.1097 -0.73272 -0.073601 0.13309 -0.82931 0.17291 0.075958 -0.81271 -0.040682 -0.087658 0.59516
-0.15519 -0.0069682 0.30896 0.11157 -0.038087 0.32097 -0.026734 -0.031526 0.40715 -0.0045623 -0.006999 0.068078 -0.049432 -0.0017143 -0.056031 0.054539 -0.0017143 -0.051086 -0.1927 -0.0059408 0.045852 0.25282 -0.13128 0.13969 -0.1765 -0.037109 -0.18851 0.18814 -0.28141 0.30956 -0.16314 -0.032769 -0.26978 0.16986 -0.30029 0.38679 -0.058734 0.088591 -0.43504 0.10416 -0.030044 -0.43588 -0.014808 0.14545 -0.76108 0.14279 0.1124 -0.73509 -0.076841 0.13122 -0.82946 0.17123 0.074114 -0.81426 -0.043127 -0.086727 0.59536
-0.15416 -0.0085779 0.30951 0.11162 -0.040932 0.3187 -0.025134 -0.032118 0.40721 -0.0041791 -0.0070687 0.068096 -0.04923 -0.0025987 -0.056182 0.054406 -0.0025987 -0.051199 -0.19038 -0.0089232 0.046219 0.25556 -0.1588 0.15193 -0.17319 -0.040509 -0.18802 0.18262 -0.30668 0.32058 -0.15941 -0.037875 -0.26931 0.16129 -0.32245 0.398 -0.06097 0.087362 -0.43522 0.1073 -0.023208 -0.43612 -0.018643 0.1456 -0.76122 0.14423 0.11534 -0.73739 -0.080176 0.1293 -0.82961 0.16946 0.072617 -0.81552 -0.045516 -0.085802 0.59552
-0.15313 -0.010146 0.31002 0.11173 -0.043404 0.31661 -0.023567 -0.032608 0.40727 -0.0037996 -0.0071191 0.068115 -0.049036 -0.0034553 -0.056323 0.05432 -0.0034553 -0.051259 -0.18803 -0.011887 0.046552 0.25795 -0.18425 0.16412 -0.16984 -0.043932 -0.18755 0.17758 -0.33028 0.33139 -0.1556 -0.042927 -0.26885 0.15346 -0.34357 0.40884 -0.063175 0.086091 -0.43539 0.11017 -0.016321 -0.43627 -0.022509 0.14571 -0.76136 0.14535 0.11841 -0.73953 -0.083514 0.12736 -0.82976 0.16764 0.071441 -0.81643 -0.047796 -0.084914 0.59562
-0.15213 -0.011636 0.31048 0.11192 -0.045437 0.31477 -0.02207 -0.032973 0.40733 -0.0034321 -0.0071467 0.068134 -0.048857 -0.0042571 -0.056447 0.05429 -0.0042571 -0.051252 -0.18568 -0.014766 0.046834 0.26003 -0.20672 0.17599 -0.16652 -0.047299 -0.18713 0.17341 -0.35127 0.34197 -0.1518 -0.047777 -0.26841 0.14687 -0.36288 0.41923 -0.065291 0.084807 -0.43555 0.11264 -0.00956 -0.43631 -0.026309 0.14578 -0.7615 0.14616 0.12152 -0.74145 -0.086762 0.12544 -0.8299 0.16583 0.070562 -0.81693 -0.049915 -0.084094 0.59564
-0.15117 -0.013014 0.31085 0.11219 -0.046963 0.31325 -0.020681 -0.033188 0.4074 -0.003085 -0.0071481 0.068153 -0.0487 -0.0049767 -0.056551 0.054329 -0.0049767 -0.051168 -0.18338 -0.017494 0.047048 0.26183 -0.22531 0.18729 -0.16329 -0.050534 -0.18677 0.17049 -0.36875 0.35226 -0.1481 -0.05228 -0.26803 0.142 -0.37963 0.42912 -0.067257 0.08354 -0.43571 0.11463 -0.0031011 -0.43622 -0.029944 0.1458 -0.76162 0.14663 0.12456 -0.74307 -0.089828 0.1236 -0.83003 0.16408 0.069955 -0.81697 -0.051821 -0.083374 0.59558
-0.15026 -0.014248 0.31112 0.11257 -0.047928 0.31209 -0.019433 -0.033235 0.40746 -0.0027658 -0.0071206 0.068172 -0.048569 -0.0055902 -0.056628 0.054446 -0.0055902 -0.050996 -0.18116 -0.020013 0.047182 0.2634 -0.23926 0.19778 -0.16021 -0.053564 -0.1865 0.16913 -0.38192 0.36222 -0.14457 -0.056303 -0.26772 0.13928 -0.39315 0.43845 -0.069021 0.082318 -0.43585 0.11604 0.0028967 -0.43597 -0.033327 0.14576 -0.76173 0.14676 0.12744 -0.74431 -0.092628 0.12186 -0.83014 0.16245 0.069594 -0.81649 -0.053468 -0.082781 0.59543
-0.14941 -0.015326 0.31131 0.11304 -0.048374 0.31126 -0.018314 -0.033136 0.40752 -0.0024758 -0.0070666 0.06819 -0.048465 -0.0060979 -0.056679 0.054631 -0.0060979 -0.050747 -0.17903 -0.022311 0.04725 0.26475 -0.24881 0.20738 -0.15728 -0.056363 -0.18629 0.16933 -0.39108 0.37174 -0.14123 -0.059845 -0.26745 0.13866 -0.40358 0.44717 -0.070577 0.081152 -0.43597 0.11691 0.0084131 -0.43558 -0.036442 0.14567 -0.76181 0.14658 0.13014 -0.7452 -0.095151 0.12024 -0.83023 0.16095 0.069454 -0.81556 -0.054861 -0.082318 0.5952
-0.1486 -0.016247 0.31145 0.11358 -0.048389 0.31069 -0.017292 -0.032933 0.40757 -0.0022134 -0.0069916 0.068207 -0.048387 -0.0065116 -0.056708 0.05487 -0.0065116 -0.050439 -0.17699 -0.024402 0.047283 0.26588 -0.25471 0.21609 -0.1545 -0.058923 -0.18612 0.17088 -0.39704 0.38065 -0.13808 -0.062966 -0.26722 0.13985 -0.41143 0.45525 -0.071944 0.080043 -0.43608 0.11729 0.013494 -0.43507 -0.039305 0.14553 -0.76188 0.14615 0.13266 -0.7458 -0.097419 0.11873 -0.83031 0.15958 0.069505 -0.81426 -0.056026 -0.081971 0.59489
-0.14781 -0.017012 0.31156 0.11419 -0.048059 0.3103 -0.016333 -0.032667 0.40763 -0.0019767 -0.0069005 0.068224 -0.04833 -0.0068432 -0.056718 0.055143 -0.0068432 -0.050092 -0.17503 -0.026296 0.047308 0.26677 -0.25769 0.22391 -0.15185 -0.061241 -0.18596 0.17361 -0.40063 0.38883 -0.13512 -0.065725 -0.26699 0.14256 -0.41723 0.46266 -0.073138 0.078994 -0.43617 0.11728 0.018185 -0.43448 -0.041934 0.14536 -0.76194 0.14552 0.13501 -0.74616 -0.099457 0.11733 -0.83037 0.15833 0.069721 -0.8127 -0.056992 -0.08173 0.59453
-0.14704 -0.017618 0.31168 0.11485 -0.047473 0.31001 -0.015406 -0.03238 0.40768 -0.0017641 -0.0067988 0.068239 -0.048294 -0.0071049 -0.056711 0.055436 -0.0071049 -0.049726 -0.17316 -0.028008 0.047356 0.26744 -0.25849 0.23083 -0.14934 -0.06331 -0.1858 0.17731 -0.40265 0.39612 -0.13234 -0.068183 -0.26673 0.14651 -0.42149 0.46935 -0.074179 0.078005 -0.43625 0.11694 0.022532 -0.43384 -0.044349 0.14517 -0.76198 0.14476 0.13721 -0.74633 -0.10129 0.11602 -0.83042 0.15722 0.070074 -0.81097 -0.057787 -0.081582 0.59413
-0.14625 -0.018066 0.31182 0.11555 -0.046719 0.30974 -0.014477 -0.032115 0.40774 -0.0015737 -0.0066915 0.068254 -0.048276 -0.0073086 -0.056692 0.055732 -0.0073086 -0.04936 -0.17138 -0.02955 0.047454 0.26788 -0.25786 0.23686 -0.14696 -0.065125 -0.18559 0.18182 -0.40394 0.40238 -0.12974 -0.0704 -0.26643 0.1514 -0.42472 0.47529 -0.075084 0.07708 -0.43632 0.11635 0.026583 -0.43317 -0.046566 0.14496 -0.76202 0.14392 0.13926 -0.74638 -0.10293 0.11481 -0.83047 0.15623 0.070535 -0.80918 -0.058439 -0.081515 0.59371
-0.14545 -0.018355 0.31203 0.11627 -0.045884 0.30943 -0.013513 -0.031912 0.40779 -0.0014039 -0.0065839 0.068267 -0.048272 -0.0074663 -0.056663 0.056012 -0.0074663 -0.049012 -0.16968 -0.030935 0.047633 0.26808 -0.25653 0.24199 -0.14468 -0.06668 -0.18532 0.18693 -0.40529 0.40746 -0.12731 -0.072435 -0.26605 0.15696 -0.42745 0.48045 -0.075871 0.076219 -0.43638 0.11558 0.030382 -0.43251 -0.048604 0.14474 -0.76204 0.14305 0.14116 -0.74635 -0.10441 0.11369 -0.83051 0.15537 0.071077 -0.80742 -0.058977 -0.081517 0.59329
-0.14461 -0.018484 0.31233 0.117 -0.045056 0.30899 -0.012483 -0.031814 0.40784 -0.001253 -0.0064813 0.068279 -0.048282 -0.0075899 -0.056628 0.056262 -0.0075899 -0.048703 -0.16807 -0.032174 0.047921 0.26804 -0.25524 0.24622 -0.14252 -0.06797 -0.18496 0.19245 -0.40754 0.41122 -0.12505 -0.07435 -0.26557 0.16288 -0.43018 0.4848 -0.076558 0.075426 -0.43644 0.11471 0.033976 -0.43188 -0.050481 0.14453 -0.76207 0.14222 0.14293 -0.74632 -0.10576 0.11265 -0.83055 0.15465 0.071674 -0.80578 -0.059428 -0.081577 0.59288
-0.14372 -0.018453 0.31275 0.11773 -0.044319 0.30835 -0.011359 -0.031856 0.40789 -0.001119 -0.0063884 0.068289 -0.048301 -0.007691 -0.056589 0.056466 -0.007691 -0.048451 -0.16653 -0.03328 0.048343 0.26775 -0.2547 0.24957 -0.14045 -0.068991 -0.18449 0.19821 -0.41144 0.41352 -0.12297 -0.076199 -0.26496 0.1689 -0.43343 0.48829 -0.077162 0.0747 -0.43648 0.11381 0.037409 -0.43131 -0.052215 0.14433 -0.76209 0.14148 0.14457 -0.74632 -0.10699 0.11169 -0.8306 0.15404 0.072296 -0.80436 -0.059819 -0.081681 0.59249
-0.14283 -0.018261 0.31325 0.11842 -0.043712 0.30757 -0.010191 -0.032003 0.40794 -0.00099987 -0.006306 0.068298 -0.04833 -0.0077759 -0.056548 0.056622 -0.0077759 -0.048256 -0.16511 -0.034251 0.048875 0.26715 -0.25512 0.25222 -0.13852 -0.069764 -0.18393 0.20404 -0.41713 0.41439 -0.12108 -0.077994 -0.26426 0.17491 -0.43747 0.4908 -0.077689 0.07404 -0.43653 0.11291 0.040701 -0.43081 -0.053816 0.14414 -0.76211 0.14083 0.14609 -0.74637 -0.10811 0.11079 -0.83065 0.15355 0.072932 -0.80318 -0.060161 -0.081813 0.59214
-0.14199 -0.017912 0.3138 0.11904 -0.043245 0.30675 -0.0090752 -0.032171 0.40798 -0.00089289 -0.0062322 0.068307 -0.048367 -0.0078475 -0.056505 0.056739 -0.0078475 -0.048107 -0.16385 -0.035073 0.049459 0.26612 -0.2564 0.25448 -0.13679 -0.070325 -0.18333 0.20981 -0.42431 0.41396 -0.11943 -0.079715 -0.26352 0.18088 -0.44248 0.49218 -0.078141 0.073437 -0.43656 0.11201 0.043855 -0.43037 -0.055291 0.14397 -0.76212 0.14026 0.1475 -0.74646 -0.10913 0.10996 -0.8307 0.15314 0.073574 -0.80221 -0.060455 -0.081954 0.59183
-0.1413 -0.017407 0.31433 0.11955 -0.042928 0.30603 -0.0081091 -0.032278 0.40802 -0.00079549 -0.006165 0.068314 -0.048411 -0.0079085 -0.056459 0.056827 -0.0079085 -0.047994 -0.16277 -0.035738 0.050038 0.26454 -0.25843 0.25667 -0.13532 -0.070711 -0.18274 0.21539 -0.4327 0.41236 -0.11807 -0.081341 -0.26279 0.18681 -0.44862 0.49225 -0.078516 0.072886 -0.4366 0.11112 0.046875 -0.42997 -0.05665 0.14381 -0.76214 0.13975 0.14881 -0.74658 -0.11004 0.10917 -0.83075 0.15277 0.074217 -0.80141 -0.060702 -0.082086 0.59155
-0.14081 -0.016746 0.31479 0.11992 -0.042771 0.30552 -0.0073903 -0.03224 0.40805 -0.00070505 -0.0061025 0.068321 -0.048461 -0.007962 -0.05641 0.056894 -0.007962 -0.047905 -0.16194 -0.036231 0.050554 0.2623 -0.26111 0.25908 -0.13418 -0.070958 -0.18223 0.22062 -0.44201 0.40972 -0.11705 -0.082855 -0.26212 0.19269 -0.45603 0.49087 -0.078816 0.072379 -0.43662 0.11023 0.049763 -0.4296 -0.057898 0.14366 -0.76215 0.13928 0.15003 -0.74671 -0.11086 0.10843 -0.83079 0.15243 0.074855 -0.80075 -0.060902 -0.082188 0.59131
-0.1406 -0.015933 0.31513 0.12011 -0.042782 0.30535 -0.0070167 -0.031975 0.40808 -0.000619 -0.0060428 0.068327 -0.048516 -0.0080106 -0.056358 0.05695 -0.0080106 -0.04783 -0.16139 -0.036543 0.05095 0.25929 -0.26434 0.26202 -0.13342 -0.071103 -0.18183 0.22539 -0.45195 0.40618 -0.11641 -0.084235 -0.26159 0.1985 -0.46488 0.48785 -0.079041 0.071911 -0.43665 0.10934 0.052523 -0.42924 -0.059043 0.14352 -0.76216 0.13883 0.15115 -0.74684 -0.11158 0.10772 -0.83084 0.15208 0.075481 -0.80019 -0.061056 -0.082242 0.59111
-0.14074 -0.014969 0.31529 0.12008 -0.042972 0.30562 -0.0070858 -0.0314 0.4081 -0.00053472 -0.0059838 0.068333 -0.048575 -0.0080573 -0.056304 0.057003 -0.0080573 -0.047759 -0.16116 -0.036661 0.051169 0.25539 -0.26801 0.26581 -0.13311 -0.071181 -0.18161 0.22955 -0.46223 0.40187 -0.1162 -0.085462 -0.26123 0.20424 -0.47533 0.48304 -0.07919 0.071473 -0.43667 0.10847 0.055159 -0.42889 -0.060092 0.1434 -0.76217 0.13837 0.1522 -0.74696 -0.1122 0.10703 -0.83088 0.15169 0.076091 -0.79971 -0.061165 -0.082229 0.59095
-0.1413 -0.013855 0.31522 0.1198 -0.04335 0.30647 -0.0076953 -0.03043 0.40811 -0.00044962 -0.0059235 0.068339 -0.048638 -0.0081049 -0.056246 0.057061 -0.0081049 -0.04768 -0.1613 -0.036574 0.051153 0.2505 -0.27201 0.27075 -0.13331 -0.071231 -0.18162 0.23297 -0.47256 0.39692 -0.11647 -0.086516 -0.26111 0.20989 -0.48754 0.47627 -0.079264 0.071061 -0.43669 0.1076 0.057674 -0.42854 -0.061053 0.14329 -0.76217 0.1379 0.15318 -0.74704 -0.11273 0.10636 -0.83092 0.15124 0.076677 -0.79928 -0.061229 -0.082129 0.59083
-0.14235 -0.012593 0.31487 0.11923 -0.043924 0.30801 -0.008937 -0.028989 0.4081 -0.00036128 -0.0058601 0.068345 -0.048703 -0.0081561 -0.056184 0.057134 -0.0081561 -0.047583 -0.16184 -0.036271 0.050849 0.2445 -0.27624 0.27712 -0.13408 -0.071286 -0.1819 0.23551 -0.48266 0.39147 -0.11726 -0.087379 -0.26128 0.21544 -0.50163 0.46741 -0.079264 0.070666 -0.43671 0.10675 0.060072 -0.42816 -0.061934 0.14319 -0.76218 0.13738 0.15409 -0.74709 -0.11317 0.10568 -0.83095 0.15069 0.077236 -0.79886 -0.061248 -0.081924 0.59075
-0.14391 -0.011193 0.31429 0.11838 -0.044659 0.31023 -0.010799 -0.027104 0.40809 -0.00027061 -0.0057904 0.068352 -0.04877 -0.0082119 -0.056119 0.05722 -0.0082119 -0.047471 -0.16281 -0.035746 0.050301 0.23755 -0.28057 0.2849 -0.13544 -0.071362 -0.18242 0.23725 -0.49229 0.38572 -0.11857 -0.088057 -0.26169 0.22087 -0.5173 0.45673 -0.079201 0.070279 -0.43672 0.10589 0.062372 -0.42777 -0.062759 0.14309 -0.76218 0.1368 0.15497 -0.74709 -0.11354 0.10501 -0.83098 0.15002 0.077789 -0.79843 -0.061229 -0.081601 0.59072
-0.14594 -0.0096694 0.31359 0.11731 -0.045483 0.313 -0.013181 -0.024891 0.40806 -0.00018143 -0.0057105 0.06836 -0.048838 -0.0082716 -0.056052 0.057309 -0.0082716 -0.047353 -0.16421 -0.035 0.049633 0.23002 -0.28482 0.29378 -0.13734 -0.071455 -0.18302 0.23838 -0.50128 0.37994 -0.1204 -0.088577 -0.2622 0.22615 -0.53383 0.44489 -0.0791 0.06989 -0.43674 0.10501 0.064605 -0.42736 -0.063566 0.14299 -0.76218 0.13609 0.15585 -0.74706 -0.11387 0.10431 -0.831 0.14924 0.078379 -0.79801 -0.061178 -0.081155 0.59074
-0.14841 -0.0080372 0.31291 0.11606 -0.046325 0.3162 -0.015977 -0.02247 0.40801 -9.7623e-05 -0.0056164 0.068368 -0.048907 -0.0083345 -0.055983 0.057392 -0.0083345 -0.047244 -0.16602 -0.034034 0.048971 0.22227 -0.28885 0.30341 -0.13977 -0.071562 -0.18359 0.23913 -0.50944 0.37442 -0.12271 -0.088969 -0.26268 0.23125 -0.55051 0.43257 -0.078983 0.069487 -0.43675 0.10408 0.066803 -0.42695 -0.064393 0.14287 -0.76217 0.13522 0.15678 -0.747 -0.1142 0.10358 -0.83102 0.14832 0.079052 -0.79759 -0.061102 -0.08058 0.59081
-0.15128 -0.0063114 0.31237 0.11469 -0.047111 0.3197 -0.019084 -0.019961 0.40795 -2.3082e-05 -0.0055042 0.068378 -0.048976 -0.0084 -0.055912 0.057456 -0.0084 -0.047155 -0.16824 -0.032846 0.048443 0.2147 -0.29247 0.31349 -0.14268 -0.071677 -0.18398 0.23972 -0.5166 0.36942 -0.12549 -0.08926 -0.263 0.23614 -0.56662 0.42041 -0.078873 0.069058 -0.43677 0.10307 0.068998 -0.42653 -0.065279 0.14271 -0.76217 0.13414 0.1578 -0.74693 -0.11456 0.1028 -0.83103 0.14727 0.079852 -0.79717 -0.06101 -0.079868 0.59093
-0.15453 -0.0045072 0.3121 0.11324 -0.04777 0.32338 -0.022398 -0.017482 0.40788 3.8296e-05 -0.0053698 0.068388 -0.049046 -0.0084673 -0.05584 0.057494 -0.0084673 -0.047098 -0.17088 -0.031439 0.048175 0.20766 -0.29554 0.32368 -0.14605 -0.071798 -0.18407 0.24036 -0.52258 0.36521 -0.12871 -0.08948 -0.26302 0.24079 -0.58144 0.40909 -0.078794 0.068593 -0.43679 0.10195 0.071222 -0.42613 -0.066263 0.14252 -0.76217 0.1328 0.15894 -0.74683 -0.11499 0.10197 -0.83105 0.14606 0.080824 -0.79676 -0.06091 -0.079015 0.59111
-0.15812 -0.0026397 0.31223 0.11179 -0.048228 0.32711 -0.025814 -0.015155 0.40779 8.2617e-05 -0.0052095 0.0684 -0.049115 -0.0085358 -0.055767 0.057494 -0.0085358 -0.047085 -0.17393 -0.029811 0.048295 0.20153 -0.29789 0.33367 -0.14984 -0.07192 -0.18371 0.24128 -0.52721 0.36207 -0.13236 -0.089655 -0.2626 0.24518 -0.59425 0.39928 -0.078768 0.068081 -0.43681 0.10071 0.073506 -0.42574 -0.067382 0.14228 -0.76217 0.13117 0.16026 -0.74674 -0.11552 0.10106 -0.83107 0.1447 0.082012 -0.79636 -0.060808 -0.078014 0.59134
-0.16202 -0.00072381 0.31288 0.11036 -0.048414 0.33077 -0.029228 -0.013098 0.40768 0.00010599 -0.005019 0.068413 -0.049185 -0.0086048 -0.055695 0.057446 -0.0086048 -0.047128 -0.17738 -0.027964 0.048929 0.19668 -0.29935 0.34312 -0.15403 -0.072039 -0.18277 0.24269 -0.53029 0.36028 -0.13641 -0.089815 -0.2616 0.24926 -0.60433 0.39164 -0.078819 0.067509 -0.43684 0.099321 0.075882 -0.42537 -0.068676 0.14197 -0.76218 0.12919 0.16179 -0.74664 -0.11619 0.10008 -0.8311 0.14318 0.083461 -0.79596 -0.060713 -0.07686 0.59164
-0.16618 0.0012252 0.31419 0.10903 -0.048256 0.33423 -0.032535 -0.011428 0.40755 0.00010466 -0.0047948 0.068429 -0.049253 -0.0086734 -0.055623 0.057341 -0.0086734 -0.04724 -0.18122 -0.025898 0.0502 0.19349 -0.29977 0.35172 -0.15856 -0.072152 -0.18113 0.24481 -0.53167 0.36009 -0.14083 -0.089988 -0.2599 0.25302 -0.61099 0.38682 -0.078969 0.066868 -0.43688 0.09775 0.078381 -0.42503 -0.070181 0.14158 -0.76219 0.12683 0.16358 -0.74656 -0.11702 0.098996 -0.83113 0.14148 0.085215 -0.79558 -0.060631 -0.075546 0.592
-0.17046 0.0031888 0.3161 0.10783 -0.047734 0.33737 -0.035606 -0.010167 0.40741 7.9571e-05 -0.0045368 0.068445 -0.04932 -0.0087399 -0.055553 0.057178 -0.0087399 -0.047421 -0.18531 -0.023641 0.052076 0.19204 -0.29914 0.35925 -0.16328 -0.072262 -0.17881 0.24769 -0.53138 0.36142 -0.14546 -0.090195 -0.25754 0.25647 -0.61411 0.38485 -0.079221 0.066158 -0.43692 0.096004 0.081002 -0.42472 -0.071899 0.14113 -0.7622 0.12408 0.16562 -0.74649 -0.11803 0.097821 -0.83116 0.13962 0.08727 -0.7952 -0.060526 -0.074089 0.59242
-0.17458 0.0051447 0.31842 0.10682 -0.046884 0.34005 -0.038288 -0.0092243 0.40727 3.7019e-05 -0.0042501 0.068463 -0.049388 -0.0088008 -0.055483 0.056968 -0.0088008 -0.047658 -0.1893 -0.021249 0.054344 0.1921 -0.29763 0.36559 -0.16783 -0.072381 -0.17603 0.25123 -0.52969 0.36377 -0.14996 -0.090446 -0.25471 0.25969 -0.61424 0.38507 -0.079553 0.065393 -0.43696 0.094116 0.083705 -0.42444 -0.073786 0.1406 -0.76222 0.12101 0.16785 -0.74642 -0.11917 0.096572 -0.8312 0.13761 0.08957 -0.79485 -0.060312 -0.072527 0.59287
-0.17823 0.0070702 0.32093 0.10605 -0.045746 0.34217 -0.040424 -0.0085061 0.40714 -1.6381e-05 -0.0039397 0.068481 -0.049458 -0.0088526 -0.055413 0.056722 -0.0088526 -0.047938 -0.19286 -0.018781 0.056786 0.19342 -0.29541 0.37067 -0.17187 -0.072523 -0.17303 0.2553 -0.5269 0.36664 -0.15398 -0.090755 -0.25167 0.26277 -0.61198 0.38679 -0.079942 0.064588 -0.43701 0.09212 0.086451 -0.42418 -0.075799 0.14002 -0.76224 0.11769 0.17023 -0.74637 -0.12042 0.095268 -0.83125 0.13547 0.092058 -0.79452 -0.059901 -0.070901 0.59334
-0.18113 0.0089428 0.32339 0.10558 -0.04436 0.34358 -0.041858 -0.0079169 0.40703 -7.4017e-05 -0.0036107 0.068499 -0.049529 -0.008892 -0.055343 0.05645 -0.008892 -0.04825 -0.19565 -0.016296 0.059179 0.19576 -0.29266 0.37437 -0.17506 -0.0727 -0.17003 0.25977 -0.52329 0.36951 -0.15718 -0.091132 -0.24863 0.26578 -0.60794 0.3893 -0.080365 0.06376 -0.43706 0.09005 0.089197 -0.42394 -0.077893 0.1394 -0.76226 0.11417 0.1727 -0.74631 -0.12174 0.09393 -0.8313 0.13323 0.094674 -0.79422 -0.059206 -0.069251 0.59379
-0.18298 0.01074 0.32558 0.10546 -0.042765 0.34416 -0.042433 -0.0073617 0.40697 -0.00012928 -0.0032682 0.068517 -0.049603 -0.0089155 -0.055273 0.056165 -0.0089155 -0.048579 -0.19733 -0.013851 0.061304 0.19886 -0.28957 0.37659 -0.17703 -0.072924 -0.16727 0.26453 -0.51916 0.37186 -0.15921 -0.091588 -0.24583 0.26881 -0.6027 0.39191 -0.0808 0.062922 -0.43712 0.087942 0.091903 -0.42371 -0.080024 0.13875 -0.76228 0.11054 0.1752 -0.74625 -0.1231 0.092576 -0.83135 0.1309 0.097361 -0.79395 -0.058136 -0.067619 0.5942
-0.18349 0.012439 0.32729 0.10573 -0.041002 0.34378 -0.041995 -0.0067453 0.40695 -0.00017555 -0.0029175 0.068533 -0.049681 -0.0089196 -0.055202 0.055878 -0.0089196 -0.048912 -0.19757 -0.011506 0.062939 0.20249 -0.2863 0.37725 -0.17745 -0.07321 -0.16497 0.26944 -0.5148 0.37319 -0.15973 -0.092136 -0.2435 0.27194 -0.59687 0.39391 -0.081224 0.06209 -0.43718 0.08583 0.094529 -0.4235 -0.082147 0.13807 -0.76231 0.10684 0.17767 -0.74619 -0.12446 0.091228 -0.8314 0.12851 0.10006 -0.79372 -0.056606 -0.066044 0.59457
-0.18237 0.014017 0.32829 0.10645 -0.03911 0.34232 -0.040385 -0.0059727 0.407 -0.00020622 -0.0025635 0.068548 -0.049765 -0.0089009 -0.05513 0.055599 -0.0089009 -0.049237 -0.19602 -0.0093182 0.063865 0.2064 -0.28305 0.37625 -0.17597 -0.073569 -0.16336 0.27438 -0.5105 0.37298 -0.15839 -0.092786 -0.24186 0.27526 -0.59104 0.39459 -0.081614 0.06128 -0.43723 0.083747 0.097033 -0.42329 -0.084219 0.13739 -0.76233 0.10315 0.18006 -0.74612 -0.12579 0.089904 -0.83145 0.12609 0.10271 -0.79353 -0.054525 -0.064567 0.59485
-0.17933 0.015453 0.32836 0.10767 -0.037128 0.33966 -0.037452 -0.0049497 0.40712 -0.00021475 -0.0022114 0.068561 -0.049854 -0.0088561 -0.055057 0.055339 -0.0088561 -0.049541 -0.19235 -0.0073467 0.063862 0.21033 -0.27997 0.37348 -0.17224 -0.074014 -0.16268 0.27924 -0.50654 0.37072 -0.15486 -0.093551 -0.24114 0.27883 -0.58581 0.39328 -0.081948 0.060506 -0.43729 0.081729 0.099375 -0.42309 -0.086194 0.13671 -0.76235 0.099532 0.18232 -0.74603 -0.12705 0.088623 -0.83149 0.12364 0.10525 -0.79338 -0.051808 -0.063227 0.59503
-0.17436 0.016733 0.32745 0.10938 -0.035094 0.33582 -0.033212 -0.0036479 0.40732 -0.00019871 -0.0018648 0.068572 -0.049949 -0.0087842 -0.054981 0.055107 -0.0087842 -0.049816 -0.18653 -0.0056233 0.062875 0.21416 -0.27717 0.36904 -0.16623 -0.074546 -0.16299 0.28394 -0.50307 0.36629 -0.14909 -0.094426 -0.24141 0.28271 -0.58148 0.3897 -0.082215 0.059776 -0.43735 0.079795 0.10154 -0.42289 -0.08805 0.13603 -0.76238 0.096024 0.18441 -0.74594 -0.12823 0.087399 -0.83154 0.12119 0.10766 -0.79329 -0.04845 -0.062025 0.59511
-0.16786 0.017861 0.32573 0.11147 -0.03304 0.33106 -0.027949 -0.0021401 0.40758 -0.00016204 -0.0015251 0.06858 -0.050052 -0.0086887 -0.054903 0.0549 -0.0086887 -0.050062 -0.17901 -0.0041403 0.061094 0.21789 -0.27458 0.36331 -0.15841 -0.075151 -0.1641 0.28851 -0.50001 0.36013 -0.14156 -0.095387 -0.24249 0.28688 -0.57793 0.38425 -0.082423 0.05909 -0.4374 0.077939 0.10353 -0.42268 -0.089793 0.13536 -0.76239 0.092623 0.18635 -0.74582 -0.12933 0.086228 -0.83157 0.11875 0.10994 -0.79322 -0.044573 -0.060894 0.59513
-0.16028 0.018843 0.32344 0.1138 -0.030995 0.32564 -0.021969 -0.00050795 0.40788 -0.00010924 -0.0011937 0.068586 -0.050163 -0.008573 -0.05482 0.054719 -0.008573 -0.05028 -0.17028 -0.0028864 0.058736 0.22158 -0.27215 0.35671 -0.14929 -0.075811 -0.16581 0.29298 -0.49726 0.35275 -0.13274 -0.096408 -0.24417 0.29132 -0.57501 0.37739 -0.08258 0.058446 -0.43745 0.076154 0.10537 -0.42248 -0.091435 0.13471 -0.76241 0.089325 0.18815 -0.74569 -0.13036 0.085108 -0.83161 0.11634 0.11209 -0.7932 -0.040309 -0.059764 0.59511
-0.15207 0.019684 0.32077 0.11627 -0.028993 0.31986 -0.015577 0.0011669 0.40819 -4.48e-05 -0.00087164 0.068591 -0.050282 -0.0084408 -0.054731 0.054562 -0.0084408 -0.050472 -0.16082 -0.0018503 0.056012 0.22524 -0.2698 0.34962 -0.13937 -0.076508 -0.16791 0.2974 -0.49473 0.34464 -0.12313 -0.097461 -0.24624 0.29602 -0.57256 0.36958 -0.082698 0.057841 -0.43749 0.074435 0.10708 -0.42227 -0.092985 0.13406 -0.76241 0.086125 0.18981 -0.74555 -0.13132 0.084038 -0.83163 0.11395 0.11414 -0.79319 -0.035793 -0.058564 0.5951
-0.14366 0.020388 0.31795 0.11875 -0.027064 0.31398 -0.0090794 0.0028029 0.4085 2.6783e-05 -0.0005602 0.068594 -0.050411 -0.0082956 -0.054635 0.054429 -0.0082956 -0.050638 -0.15112 -0.0010208 0.053138 0.22892 -0.26748 0.34246 -0.12916 -0.077228 -0.17021 0.30178 -0.49231 0.3363 -0.11322 -0.09852 -0.24851 0.30095 -0.57041 0.36128 -0.082784 0.057273 -0.43752 0.072773 0.10867 -0.42206 -0.094454 0.13344 -0.76241 0.083016 0.19136 -0.7454 -0.13224 0.083014 -0.83164 0.1116 0.11609 -0.7932 -0.031157 -0.057224 0.59513
-0.13551 0.02096 0.31518 0.12111 -0.025239 0.30828 -0.0027816 0.0043184 0.40879 0.00010102 -0.00026061 0.068596 -0.050548 -0.0081411 -0.054531 0.054318 -0.0081411 -0.05078 -0.14166 -0.00038663 0.050327 0.23265 -0.26512 0.33563 -0.11917 -0.077951 -0.1725 0.30618 -0.48991 0.32824 -0.10351 -0.099558 -0.25077 0.3061 -0.56841 0.35294 -0.082848 0.05674 -0.43753 0.071162 0.11016 -0.42183 -0.095852 0.13282 -0.76239 0.079994 0.1928 -0.74523 -0.1331 0.082034 -0.83164 0.1093 0.11795 -0.79322 -0.026534 -0.055674 0.59524
-0.12805 0.021406 0.31268 0.12324 -0.023551 0.30305 0.0030106 0.0056317 0.40903 0.0001734 2.5899e-05 0.068596 -0.050696 -0.0079808 -0.054417 0.054229 -0.0079808 -0.050898 -0.13294 6.3408e-05 0.047793 0.23647 -0.26265 0.32954 -0.1099 -0.078661 -0.17456 0.31061 -0.48743 0.32096 -0.094497 -0.10055 -0.25281 0.31144 -0.5664 0.34503 -0.0829 0.05624 -0.43754 0.069595 0.11156 -0.42161 -0.097189 0.13223 -0.76237 0.077053 0.19415 -0.74505 -0.13393 0.081096 -0.83163 0.10707 0.11973 -0.79324 -0.022057 -0.053842 0.59547
-0.12174 0.021731 0.31066 0.12502 -0.022029 0.29854 0.0079921 0.0066615 0.4092 0.00023946 0.00029812 0.068596 -0.050855 -0.0078184 -0.054292 0.054161 -0.0078184 -0.050994 -0.12543 0.00034061 0.04575 0.24041 -0.26002 0.3246 -0.10185 -0.079342 -0.1762 0.31512 -0.48477 0.31496 -0.086662 -0.10146 -0.25443 0.31696 -0.56421 0.33799 -0.08295 0.055771 -0.43753 0.068065 0.11289 -0.42137 -0.098476 0.13165 -0.76232 0.074187 0.19542 -0.74485 -0.13473 0.080196 -0.8316 0.1049 0.12144 -0.79326 -0.01786 -0.051659 0.59585
-0.11683 0.021945 0.30925 0.12638 -0.020684 0.29493 0.011984 0.0073654 0.4093 0.00029686 0.00055565 0.068595 -0.051025 -0.0076563 -0.054156 0.054113 -0.0076563 -0.051069 -0.11943 0.00045986 0.044322 0.24448 -0.25719 0.32102 -0.095329 -0.079979 -0.1773 0.3197 -0.48188 0.3105 -0.080301 -0.10229 -0.25551 0.32261 -0.56176 0.33211 -0.083004 0.055332 -0.4375 0.066567 0.11417 -0.42112 -0.099722 0.13109 -0.76226 0.071392 0.19663 -0.74465 -0.13551 0.079334 -0.83155 0.10282 0.12309 -0.79326 -0.014034 -0.049095 0.5964
-0.1132 0.022067 0.30838 0.12736 -0.019481 0.29215 0.01507 0.0077827 0.40932 0.00034774 0.00079984 0.068593 -0.051205 -0.0074946 -0.054008 0.054082 -0.0074946 -0.051126 -0.11481 0.0004436 0.043449 0.24861 -0.2542 0.31865 -0.090198 -0.080563 -0.17792 0.32431 -0.47879 0.3074 -0.075281 -0.10301 -0.25611 0.32832 -0.55907 0.32726 -0.083065 0.05492 -0.43746 0.065099 0.11539 -0.42087 -0.10093 0.13055 -0.76219 0.068666 0.19777 -0.74443 -0.13627 0.078508 -0.83149 0.1008 0.12468 -0.79326 -0.010581 -0.046207 0.59709
-0.11067 0.022118 0.30796 0.12802 -0.01838 0.29009 0.017368 0.0079632 0.40929 0.00039482 0.0010322 0.06859 -0.051394 -0.0073329 -0.05385 0.054064 -0.0073329 -0.051168 -0.11137 0.00031524 0.043044 0.25272 -0.25109 0.31731 -0.086268 -0.081087 -0.17813 0.32887 -0.47555 0.3054 -0.071417 -0.10364 -0.2563 0.33401 -0.55618 0.3233 -0.083138 0.054536 -0.4374 0.06366 0.11656 -0.42062 -0.10211 0.13003 -0.7621 0.066006 0.19884 -0.74421 -0.13702 0.077718 -0.83142 0.098854 0.12622 -0.79325 -0.0074956 -0.043061 0.59788
-0.10906 0.022119 0.30793 0.12842 -0.017339 0.28866 0.018997 0.0079565 0.40921 0.00044081 0.0012544 0.068586 -0.051592 -0.0071711 -0.053683 0.054058 -0.0071711 -0.051198 -0.10894 9.8181e-05 0.043025 0.25674 -0.24792 0.31677 -0.083349 -0.081542 -0.178 0.33331 -0.4722 0.30425 -0.068523 -0.10417 -0.25616 0.33958 -0.55314 0.32007 -0.083225 0.054179 -0.43732 0.062248 0.11767 -0.42036 -0.10327 0.12953 -0.76199 0.06341 0.19985 -0.74399 -0.13776 0.076964 -0.83133 0.096967 0.12771 -0.79324 -0.0047693 -0.039726 0.59874
-0.1082 0.022092 0.30818 0.12862 -0.016317 0.28774 0.020073 0.0078123 0.40909 0.00048844 0.0014679 0.068581 -0.051797 -0.0070088 -0.053507 0.054059 -0.0070088 -0.051219 -0.10732 -0.00018417 0.043305 0.26059 -0.24474 0.31686 -0.081254 -0.081921 -0.17763 0.33758 -0.4688 0.30368 -0.066415 -0.1046 -0.25577 0.34494 -0.54999 0.3174 -0.08333 0.053847 -0.43723 0.060862 0.11873 -0.42011 -0.10441 0.12905 -0.76187 0.060875 0.2008 -0.74376 -0.13851 0.076245 -0.83123 0.095134 0.12914 -0.79323 -0.0023948 -0.036269 0.59965
-0.10792 0.022056 0.30865 0.12868 -0.015275 0.28725 0.020715 0.0075802 0.40894 0.0005404 0.0016743 0.068576 -0.052008 -0.006846 -0.053322 0.054067 -0.006846 -0.051234 -0.10635 -0.00050842 0.043801 0.26419 -0.24159 0.31736 -0.079791 -0.082217 -0.17708 0.3416 -0.46538 0.30344 -0.064906 -0.10492 -0.25521 0.35002 -0.54678 0.31514 -0.083454 0.053541 -0.43713 0.059501 0.11974 -0.41986 -0.10554 0.12859 -0.76174 0.058398 0.2017 -0.74354 -0.13925 0.07556 -0.83111 0.09335 0.13052 -0.79324 -0.00036496 -0.032756 0.60055
-0.10804 0.022034 0.30924 0.12866 -0.014171 0.28708 0.021039 0.0073099 0.40876 0.00059943 0.0018752 0.068569 -0.052226 -0.0066822 -0.05313 0.054077 -0.0066822 -0.051245 -0.10582 -0.00085115 0.044428 0.26748 -0.23852 0.31808 -0.078773 -0.08242 -0.17645 0.34532 -0.462 0.30329 -0.063811 -0.10515 -0.25454 0.35473 -0.54355 0.31312 -0.083601 0.053259 -0.43701 0.058163 0.12069 -0.41962 -0.10666 0.12815 -0.76159 0.055978 0.20254 -0.74333 -0.14002 0.07491 -0.83097 0.091608 0.13184 -0.79325 0.0013278 -0.029255 0.60143
-0.10838 0.022046 0.30987 0.12861 -0.012966 0.28712 0.021165 0.0070511 0.40858 0.00066823 0.002072 0.068562 -0.052448 -0.0065172 -0.052932 0.054087 -0.0065172 -0.051256 -0.10556 -0.001189 0.045101 0.27037 -0.23559 0.31882 -0.078009 -0.082524 -0.17579 0.34866 -0.45871 0.30295 -0.062946 -0.10527 -0.25386 0.35898 -0.54035 0.3112 -0.083774 0.053001 -0.43689 0.056846 0.12158 -0.4194 -0.10778 0.12772 -0.76143 0.053612 0.20333 -0.74312 -0.1408 0.074293 -0.83083 0.089903 0.13312 -0.79328 0.0026908 -0.025833 0.60224
-0.10877 0.022114 0.31046 0.12861 -0.011617 0.28729 0.021209 0.0068535 0.4084 0.00074953 0.0022664 0.068554 -0.052674 -0.0063509 -0.052727 0.054094 -0.0063509 -0.05127 -0.10539 -0.0014985 0.045736 0.2728 -0.23283 0.31938 -0.077311 -0.08252 -0.1752 0.35156 -0.45554 0.30218 -0.062125 -0.10529 -0.25324 0.36269 -0.53721 0.30921 -0.083976 0.052766 -0.43674 0.05555 0.12243 -0.41919 -0.10891 0.12732 -0.76126 0.051297 0.20406 -0.74292 -0.1416 0.07371 -0.83067 0.088228 0.13436 -0.79332 0.0037314 -0.022558 0.60295
-0.10904 0.022257 0.31092 0.1287 -0.010085 0.28746 0.021289 0.0067667 0.40823 0.00084603 0.0024599 0.068545 -0.052904 -0.0061829 -0.052518 0.054095 -0.0061829 -0.05129 -0.10511 -0.0017563 0.046247 0.27468 -0.23029 0.31955 -0.076489 -0.0824 -0.17476 0.35395 -0.45255 0.30072 -0.061162 -0.1052 -0.25275 0.36577 -0.53419 0.307 -0.08421 0.052553 -0.43659 0.054273 0.12322 -0.41899 -0.11005 0.12694 -0.76107 0.049031 0.20475 -0.74274 -0.14243 0.073159 -0.8305 0.086578 0.13555 -0.79339 0.0044571 -0.019498 0.60353
-0.109 0.022498 0.31117 0.12894 -0.0083282 0.28756 0.021523 0.0068403 0.40808 0.00096045 0.0026541 0.068535 -0.053135 -0.0060129 -0.052304 0.054087 -0.0060129 -0.051318 -0.10454 -0.0019389 0.04655 0.27594 -0.22803 0.31915 -0.075354 -0.082158 -0.17453 0.35577 -0.44978 0.29832 -0.059873 -0.105 -0.25248 0.36813 -0.53133 0.3044 -0.08448 0.052361 -0.43643 0.053014 0.12396 -0.41882 -0.1112 0.12658 -0.76088 0.046812 0.20539 -0.74258 -0.1433 0.072641 -0.83032 0.084946 0.13669 -0.79349 0.0048752 -0.016718 0.60395
-0.10849 0.022857 0.31112 0.12939 -0.0063069 0.28747 0.022029 0.0071242 0.40796 0.0010955 0.0028506 0.068524 -0.053368 -0.0058409 -0.052086 0.054068 -0.0058409 -0.051358 -0.10351 -0.002023 0.046561 0.27651 -0.22609 0.31797 -0.073717 -0.081784 -0.1746 0.35695 -0.44729 0.29472 -0.058071 -0.1047 -0.2525 0.36969 -0.52868 0.30125 -0.084787 0.052189 -0.43626 0.051771 0.12465 -0.41867 -0.11238 0.12624 -0.76067 0.044637 0.20599 -0.74244 -0.1442 0.072154 -0.83012 0.083327 0.13779 -0.79361 0.0049931 -0.014287 0.60417
-0.10733 0.023355 0.3107 0.13012 -0.00398 0.28709 0.022924 0.0076678 0.40789 0.0012539 0.0030509 0.068512 -0.053602 -0.0056664 -0.051865 0.054034 -0.0056664 -0.051413 -0.10182 -0.0019852 0.046195 0.27631 -0.22452 0.31581 -0.071388 -0.081271 -0.17505 0.35742 -0.44511 0.28966 -0.055571 -0.10429 -0.25288 0.37036 -0.52627 0.2974 -0.085135 0.052038 -0.43608 0.050542 0.12529 -0.41855 -0.11359 0.12592 -0.76045 0.042503 0.20654 -0.74232 -0.14515 0.071699 -0.82991 0.081714 0.13886 -0.79377 0.0048182 -0.012272 0.60415
-0.10535 0.024013 0.30982 0.13118 -0.0013068 0.28632 0.024326 0.008521 0.40786 0.0014384 0.0032565 0.0685 -0.053835 -0.0054892 -0.051642 0.053984 -0.0054892 -0.051485 -0.099292 -0.0018021 0.045366 0.27526 -0.22337 0.31247 -0.068178 -0.080611 -0.17596 0.35712 -0.4433 0.28289 -0.052189 -0.10377 -0.25371 0.37005 -0.52416 0.2927 -0.085527 0.051905 -0.43589 0.049328 0.12588 -0.41847 -0.11483 0.12562 -0.76023 0.040409 0.20706 -0.74222 -0.14616 0.071275 -0.8297 0.080101 0.13988 -0.79396 0.004358 -0.01074 0.60387
-0.10236 0.024852 0.30839 0.13263 0.0017533 0.28506 0.026353 0.0097334 0.40789 0.0016516 0.003469 0.068486 -0.054066 -0.0053092 -0.051418 0.053913 -0.0053092 -0.051577 -0.09574 -0.0014502 0.043992 0.27329 -0.22269 0.30776 -0.063898 -0.079796 -0.1774 0.35599 -0.44189 0.27416 -0.047739 -0.10313 -0.25507 0.36869 -0.52238 0.28697 -0.085967 0.051791 -0.43569 0.048125 0.12641 -0.41841 -0.11611 0.12534 -0.75999 0.038352 0.20754 -0.74216 -0.14722 0.070882 -0.82947 0.078483 0.14086 -0.7942 0.0036198 -0.009758 0.60328
-0.098193 0.025894 0.30633 0.13453 0.005241 0.28322 0.029123 0.011355 0.40799 0.0018964 0.00369 0.068471 -0.054296 -0.005126 -0.051193 0.05382 -0.005126 -0.051693 -0.09098 -0.00090622 0.041986 0.27032 -0.22253 0.30147 -0.058359 -0.078819 -0.17945 0.35396 -0.44095 0.2632 -0.042036 -0.10239 -0.25702 0.36619 -0.52098 0.28007 -0.086456 0.051694 -0.43549 0.046933 0.1269 -0.41839 -0.11743 0.12509 -0.75974 0.036329 0.20798 -0.74212 -0.14834 0.070518 -0.82923 0.076854 0.14181 -0.79447 0.002611 -0.0093941 0.60236
