-0.18931 0.024915 0.29262 0.086519 0.01575 0.35236 -0.068871 0.017318 0.40304 -0.013332 0.0014404 0.067273 -0.047604 -0.003106 -0.057613 0.057127 -0.003106 -0.048186 -0.24226 0.025593 0.032148 0.13624 0.051379 0.093696 -0.21566 -0.0049076 -0.20137 0.1334 -0.014452 0.32135 -0.19664 -0.010505 -0.28166 0.12901 -0.036336 0.40098 -0.029729 0.09612 -0.43415 0.086353 0.10008 -0.42294 -0.0059571 0.19106 -0.75338 0.12322 0.15298 -0.75056 -0.0022884 0.1118 -0.80302 0.14643 0.11415 -0.8325 -0.053753 -0.025306 0.59505
-0.19101 0.025397 0.29456 0.086889 0.016472 0.35356 -0.06891 0.017662 0.40302 -0.01332 0.0014152 0.067276 -0.0477 -0.0030934 -0.057534 0.057143 -0.0030934 -0.048167 -0.24401 0.026108 0.034104 0.14207 0.050916 0.095876 -0.21744 -0.004518 -0.1994 0.13639 -0.012805 0.32405 -0.19834 -0.010266 -0.27967 0.13175 -0.035497 0.40341 -0.030067 0.096247 -0.43405 0.086853 0.10052 -0.42277 -0.0063579 0.1913 -0.75325 0.12386 0.15329 -0.75039 -0.0026899 0.11203 -0.80288 0.14739 0.11522 -0.83258 -0.054319 -0.024209 0.59523
-0.19245 0.025816 0.29624 0.08721 0.017156 0.35453 -0.068921 0.017925 0.403 -0.013306 0.001393 0.067279 -0.047795 -0.0030817 -0.057455 0.057159 -0.0030817 -0.048149 -0.24551 0.026542 0.03579 0.14715 0.050984 0.0978 -0.21895 -0.0041747 -0.19771 0.13922 -0.01126 0.32635 -0.19979 -0.010019 -0.27797 0.13448 -0.034693 0.40548 -0.030398 0.096368 -0.43395 0.087344 0.10095 -0.42259 -0.0067562 0.19153 -0.75313 0.12448 0.15361 -0.75022 -0.0030771 0.11225 -0.80275 0.14831 0.11626 -0.83264 -0.05479 -0.023225 0.5954
-0.19363 0.026176 0.29765 0.087486 0.017803 0.35531 -0.068904 0.018111 0.403 -0.013291 0.0013735 0.067283 -0.047889 -0.0030708 -0.057378 0.057172 -0.0030708 -0.048133 -0.24675 0.026901 0.037218 0.15153 0.051526 0.099484 -0.22022 -0.0038742 -0.19627 0.14188 -0.0098424 0.32828 -0.20101 -0.0097665 -0.27652 0.13722 -0.033951 0.4072 -0.030722 0.096483 -0.43386 0.087828 0.10136 -0.42243 -0.0071518 0.19175 -0.75301 0.12507 0.15392 -0.75005 -0.0034507 0.11246 -0.80261 0.1492 0.11725 -0.8327 -0.055172 -0.02235 0.59557
-0.19457 0.02648 0.29882 0.087718 0.018414 0.35588 -0.068861 0.018224 0.403 -0.013274 0.0013567 0.067286 -0.047981 -0.0030608 -0.057301 0.057185 -0.0030608 -0.048119 -0.24776 0.027189 0.038404 0.15529 0.052487 0.10094 -0.22125 -0.0036131 -0.19508 0.14441 -0.0085799 0.32985 -0.20202 -0.0095076 -0.27534 0.13996 -0.033297 0.40858 -0.031039 0.096592 -0.43377 0.088302 0.10176 -0.42227 -0.0075444 0.19196 -0.75289 0.12563 0.15424 -0.7499 -0.003811 0.11267 -0.80248 0.15005 0.11822 -0.83273 -0.05547 -0.021577 0.59573
-0.19529 0.026732 0.29976 0.087908 0.018991 0.35628 -0.068795 0.018269 0.40301 -0.013256 0.0013422 0.06729 -0.048072 -0.0030517 -0.057225 0.057195 -0.0030517 -0.048107 -0.24855 0.027412 0.039361 0.15847 0.053809 0.10219 -0.22207 -0.003388 -0.19413 0.14682 -0.0074995 0.33105 -0.20282 -0.0092431 -0.27438 0.1427 -0.032759 0.40962 -0.031348 0.096696 -0.43367 0.088768 0.10215 -0.42211 -0.0079337 0.19217 -0.75278 0.12617 0.15457 -0.74974 -0.0041587 0.11287 -0.80236 0.15086 0.11915 -0.83276 -0.055688 -0.020903 0.59589
-0.1958 0.026933 0.30049 0.08806 0.019535 0.3565 -0.068705 0.01825 0.40303 -0.013237 0.00133 0.067294 -0.048161 -0.0030435 -0.057151 0.057204 -0.0030435 -0.048097 -0.24913 0.027575 0.040105 0.16115 0.055437 0.10324 -0.22267 -0.0031953 -0.19339 0.14913 -0.0066281 0.33192 -0.20344 -0.0089734 -0.27365 0.14545 -0.032364 0.41035 -0.031651 0.096794 -0.43359 0.089225 0.10252 -0.42196 -0.0083196 0.19236 -0.75266 0.12669 0.15489 -0.74959 -0.0044944 0.11306 -0.80223 0.15164 0.12004 -0.83278 -0.055831 -0.020321 0.59604
-0.19611 0.027089 0.30102 0.088174 0.020047 0.35656 -0.068595 0.018171 0.40305 -0.013216 0.0013198 0.067299 -0.048248 -0.0030362 -0.057078 0.057212 -0.0030362 -0.048088 -0.24951 0.027684 0.040649 0.16337 0.057312 0.1041 -0.22309 -0.0030316 -0.19286 0.15135 -0.0059928 0.33246 -0.20387 -0.0086989 -0.27313 0.14821 -0.032137 0.41078 -0.031947 0.096886 -0.4335 0.089674 0.10288 -0.42181 -0.0087018 0.19255 -0.75256 0.12718 0.15522 -0.74945 -0.0048186 0.11324 -0.80211 0.15238 0.12091 -0.83278 -0.055905 -0.019828 0.59619
-0.19624 0.027201 0.30137 0.088254 0.020529 0.35648 -0.068466 0.018037 0.40308 -0.013194 0.0013114 0.067303 -0.048334 -0.0030298 -0.057006 0.057218 -0.0030298 -0.048082 -0.24971 0.027742 0.041007 0.16521 0.05938 0.10479 -0.22333 -0.0028936 -0.19252 0.15352 -0.0056206 0.33268 -0.20414 -0.0084202 -0.2728 0.15097 -0.032105 0.41091 -0.032235 0.096973 -0.43341 0.090114 0.10323 -0.42167 -0.00908 0.19273 -0.75245 0.12765 0.15554 -0.74931 -0.0051318 0.11342 -0.802 0.1531 0.12174 -0.83278 -0.055914 -0.019418 0.59634
-0.1962 0.027274 0.30154 0.088302 0.020982 0.35626 -0.068318 0.017852 0.40311 -0.013172 0.0013047 0.067308 -0.048417 -0.0030244 -0.056935 0.057223 -0.0030244 -0.048077 -0.24974 0.027756 0.041194 0.16671 0.061583 0.10533 -0.2234 -0.0027776 -0.19235 0.15564 -0.0055384 0.33259 -0.20427 -0.0081375 -0.27265 0.15375 -0.032297 0.41076 -0.032517 0.097055 -0.43333 0.090545 0.10356 -0.42154 -0.0094539 0.1929 -0.75235 0.1281 0.15587 -0.74917 -0.0054346 0.11359 -0.80188 0.15378 0.12255 -0.83277 -0.055863 -0.019086 0.59648
-0.196 0.027309 0.30156 0.08832 0.021406 0.35591 -0.068154 0.01762 0.40315 -0.013148 0.0012995 0.067313 -0.048498 -0.0030199 -0.056867 0.057225 -0.0030199 -0.048074 -0.24962 0.027731 0.041225 0.16794 0.063865 0.10573 -0.22332 -0.0026803 -0.19234 0.15773 -0.0057733 0.33221 -0.20425 -0.0078513 -0.27266 0.15654 -0.032737 0.41033 -0.032793 0.097132 -0.43325 0.090968 0.10388 -0.42141 -0.0098234 0.19307 -0.75225 0.12853 0.1562 -0.74904 -0.0057276 0.11375 -0.80177 0.15444 0.12333 -0.83275 -0.055757 -0.018827 0.59662
-0.19567 0.02731 0.30143 0.08831 0.021804 0.35545 -0.067976 0.017345 0.40319 -0.013123 0.0012955 0.067317 -0.048577 -0.0030164 -0.0568 0.057227 -0.0030164 -0.048073 -0.24935 0.027671 0.041113 0.16896 0.066169 0.10601 -0.22311 -0.0025982 -0.19248 0.15982 -0.0063523 0.33155 -0.20411 -0.007562 -0.27282 0.15934 -0.033453 0.40965 -0.033061 0.097204 -0.43318 0.091382 0.10419 -0.42128 -0.010188 0.19323 -0.75215 0.12893 0.15652 -0.74891 -0.0060112 0.11391 -0.80166 0.15506 0.12408 -0.83272 -0.055601 -0.018637 0.59675
-0.19521 0.027281 0.30118 0.088275 0.022177 0.35489 -0.067784 0.017033 0.40323 -0.013097 0.0012927 0.067323 -0.048653 -0.0030138 -0.056735 0.057226 -0.0030138 -0.048074 -0.24895 0.027582 0.040873 0.16983 0.068438 0.10617 -0.22277 -0.0025279 -0.19274 0.16191 -0.0073025 0.33061 -0.20386 -0.0072701 -0.27311 0.16217 -0.034472 0.40872 -0.033323 0.097271 -0.4331 0.091787 0.10448 -0.42116 -0.010548 0.19338 -0.75206 0.12932 0.15685 -0.74879 -0.0062862 0.11405 -0.80156 0.15566 0.1248 -0.83269 -0.0554 -0.01851 0.59688
-0.19463 0.027225 0.30082 0.088217 0.022526 0.35425 -0.067581 0.016686 0.40328 -0.01307 0.0012907 0.067328 -0.048727 -0.0030122 -0.056671 0.057224 -0.0030122 -0.048076 -0.24844 0.02747 0.040519 0.17061 0.070617 0.10623 -0.22233 -0.002466 -0.19313 0.16404 -0.0086507 0.32942 -0.20351 -0.0069759 -0.27353 0.16501 -0.03582 0.40755 -0.033579 0.097334 -0.43303 0.092183 0.10477 -0.42105 -0.010902 0.19352 -0.75197 0.1297 0.15717 -0.74867 -0.006553 0.1142 -0.80146 0.15624 0.12551 -0.83266 -0.055158 -0.018441 0.597
-0.19396 0.027144 0.30035 0.088138 0.022852 0.35352 -0.067368 0.016311 0.40333 -0.013042 0.0012895 0.067333 -0.048798 -0.0030116 -0.05661 0.057221 -0.0030116 -0.048081 -0.24782 0.027338 0.040065 0.17136 0.072647 0.10621 -0.2218 -0.0024088 -0.19362 0.16621 -0.010424 0.32799 -0.20308 -0.00668 -0.27404 0.16787 -0.037525 0.40615 -0.033828 0.097392 -0.43296 0.09257 0.10504 -0.42093 -0.011251 0.19366 -0.75188 0.13005 0.15749 -0.74855 -0.0068121 0.11433 -0.80136 0.15678 0.12619 -0.83262 -0.05488 -0.018426 0.59712
-0.1932 0.027043 0.2998 0.088041 0.023157 0.35273 -0.067146 0.01591 0.40338 -0.013013 0.0012888 0.067339 -0.048867 -0.003012 -0.056551 0.057216 -0.003012 -0.048087 -0.24712 0.027193 0.039527 0.17214 0.074474 0.10612 -0.22118 -0.0023531 -0.19419 0.16845 -0.01265 0.32632 -0.20257 -0.0063826 -0.27465 0.17076 -0.039613 0.40454 -0.03407 0.097446 -0.43289 0.092949 0.1053 -0.42083 -0.011594 0.19379 -0.7518 0.13039 0.15781 -0.74844 -0.0070642 0.11447 -0.80127 0.15731 0.12684 -0.83257 -0.054572 -0.018459 0.59723
-0.19237 0.026923 0.29919 0.087927 0.023442 0.35189 -0.066917 0.015488 0.40344 -0.012984 0.0012885 0.067345 -0.048933 -0.0030134 -0.056494 0.057209 -0.0030134 -0.048095 -0.24633 0.027039 0.038917 0.173 0.07604 0.10598 -0.2205 -0.0022954 -0.19484 0.17078 -0.015354 0.32443 -0.20201 -0.0060843 -0.27534 0.17366 -0.04211 0.40273 -0.034306 0.097496 -0.43283 0.093318 0.10555 -0.42073 -0.011932 0.19392 -0.75172 0.13071 0.15812 -0.74834 -0.0073097 0.11459 -0.80118 0.15781 0.12748 -0.83253 -0.054238 -0.018536 0.59734
-0.19149 0.026789 0.29851 0.087799 0.023708 0.351 -0.066684 0.01505 0.4035 -0.012954 0.0012884 0.06735 -0.048995 -0.0030159 -0.05644 0.057201 -0.0030159 -0.048105 -0.24549 0.026882 0.03825 0.17402 0.077289 0.1058 -0.21977 -0.0022321 -0.19554 0.17321 -0.018565 0.32233 -0.20141 -0.0057854 -0.27608 0.1766 -0.045044 0.40073 -0.034536 0.097541 -0.43277 0.093678 0.10579 -0.42063 -0.012263 0.19404 -0.75165 0.13101 0.15843 -0.74824 -0.0075493 0.11471 -0.8011 0.15829 0.1281 -0.83248 -0.053883 -0.018651 0.59744
-0.19056 0.026643 0.2978 0.08766 0.023956 0.35009 -0.066446 0.014601 0.40355 -0.012923 0.0012882 0.067356 -0.049055 -0.0030194 -0.056388 0.05719 -0.0030194 -0.048117 -0.24459 0.026727 0.037541 0.17524 0.078163 0.10558 -0.219 -0.0021599 -0.1963 0.17576 -0.022309 0.32003 -0.20077 -0.0054864 -0.27687 0.17956 -0.048441 0.39854 -0.034759 0.097583 -0.43271 0.09403 0.10602 -0.42054 -0.012587 0.19415 -0.75157 0.13131 0.15873 -0.74814 -0.0077835 0.11482 -0.80102 0.15875 0.1287 -0.83244 -0.053512 -0.018799 0.59754
-0.18961 0.026488 0.29706 0.087512 0.024188 0.34915 -0.066207 0.014143 0.40361 -0.012891 0.0012878 0.067362 -0.049111 -0.0030239 -0.056339 0.057179 -0.0030239 -0.048131 -0.24366 0.026578 0.036805 0.17673 0.078608 0.10536 -0.21821 -0.0020753 -0.19708 0.17846 -0.026613 0.31755 -0.20012 -0.0051877 -0.27769 0.18256 -0.052328 0.39619 -0.034976 0.09762 -0.43266 0.094372 0.10624 -0.42045 -0.012905 0.19426 -0.7515 0.13159 0.15903 -0.74805 -0.0080129 0.11493 -0.80094 0.15919 0.12929 -0.83239 -0.053129 -0.018976 0.59764
-0.18864 0.026329 0.2963 0.087356 0.024405 0.34821 -0.065967 0.013682 0.40367 -0.012859 0.0012871 0.067369 -0.049164 -0.0030296 -0.056292 0.057165 -0.0030296 -0.048147 -0.24271 0.026442 0.036054 0.17855 0.078565 0.10514 -0.2174 -0.0019748 -0.19787 0.18131 -0.031505 0.3149 -0.19946 -0.0048897 -0.27853 0.18558 -0.056731 0.39368 -0.035188 0.097655 -0.43261 0.094706 0.10645 -0.42037 -0.013215 0.19436 -0.75144 0.13185 0.15933 -0.74796 -0.0082379 0.11503 -0.80086 0.15962 0.12986 -0.83235 -0.052741 -0.019177 0.59773
-0.18767 0.026167 0.29555 0.087196 0.024609 0.34727 -0.065728 0.013221 0.40372 -0.012827 0.0012857 0.067375 -0.049213 -0.0030362 -0.056249 0.05715 -0.0030362 -0.048164 -0.24174 0.026323 0.035304 0.18075 0.077978 0.10494 -0.21661 -0.0018551 -0.19867 0.18434 -0.03701 0.31208 -0.19881 -0.0045928 -0.27937 0.18864 -0.061679 0.39102 -0.035393 0.097685 -0.43256 0.09503 0.10665 -0.42029 -0.013519 0.19446 -0.75138 0.13211 0.15961 -0.74787 -0.0084592 0.11513 -0.80079 0.16002 0.13042 -0.8323 -0.05235 -0.019397 0.59782
-0.18671 0.026006 0.29482 0.087033 0.0248 0.34635 -0.065491 0.012767 0.40378 -0.012794 0.0012836 0.067381 -0.049259 -0.003044 -0.056208 0.057133 -0.003044 -0.048183 -0.24078 0.026226 0.034569 0.18341 0.076792 0.10477 -0.21583 -0.0017126 -0.19945 0.18757 -0.043157 0.30911 -0.19819 -0.0042975 -0.28019 0.19173 -0.067196 0.38823 -0.035591 0.097712 -0.43251 0.095345 0.10684 -0.42022 -0.013815 0.19455 -0.75132 0.13235 0.1599 -0.74779 -0.0086773 0.11522 -0.80073 0.16041 0.13096 -0.83227 -0.051964 -0.01963 0.5979
-0.18578 0.02585 0.29411 0.08687 0.02498 0.34546 -0.065259 0.012321 0.40383 -0.01276 0.0012805 0.067388 -0.049302 -0.0030529 -0.05617 0.057115 -0.0030529 -0.048204 -0.23983 0.026157 0.033862 0.18657 0.074948 0.10464 -0.21508 -0.0015438 -0.20021 0.19101 -0.049972 0.30601 -0.1976 -0.0040042 -0.28099 0.19487 -0.073311 0.38531 -0.035784 0.097736 -0.43247 0.095651 0.10703 -0.42015 -0.014103 0.19464 -0.75127 0.13258 0.16017 -0.74772 -0.0088927 0.11531 -0.80067 0.16079 0.1315 -0.83223 -0.051585 -0.019871 0.59797
-0.1849 0.0257 0.29345 0.08671 0.025151 0.34461 -0.065032 0.01189 0.40388 -0.012726 0.0012763 0.067394 -0.04934 -0.0030629 -0.056136 0.057095 -0.0030629 -0.048227 -0.23892 0.02612 0.0332 0.1903 0.072392 0.10457 -0.21438 -0.0013454 -0.20092 0.19468 -0.057482 0.30278 -0.19706 -0.0037133 -0.28175 0.19804 -0.080049 0.38229 -0.035971 0.097757 -0.43243 0.095948 0.1072 -0.42008 -0.014383 0.19472 -0.75122 0.13281 0.16044 -0.74764 -0.0091061 0.11539 -0.80061 0.16115 0.13202 -0.8322 -0.05122 -0.020117 0.59805
-0.18407 0.025562 0.29285 0.086553 0.025312 0.3438 -0.064813 0.011476 0.40393 -0.012692 0.0012708 0.067401 -0.049375 -0.003074 -0.056104 0.057073 -0.003074 -0.048252 -0.23805 0.026121 0.032594 0.19465 0.069068 0.10458 -0.21374 -0.0011143 -0.20158 0.1986 -0.065713 0.29945 -0.19658 -0.0034247 -0.28245 0.20125 -0.087438 0.37917 -0.036153 0.097775 -0.4324 0.096235 0.10737 -0.42002 -0.014655 0.1948 -0.75117 0.13302 0.16069 -0.74758 -0.0093179 0.11547 -0.80055 0.1615 0.13253 -0.83218 -0.050873 -0.020361 0.59811
-0.18329 0.025433 0.29231 0.086403 0.025462 0.34306 -0.064601 0.011081 0.40398 -0.012657 0.0012639 0.067407 -0.049406 -0.0030858 -0.056076 0.057049 -0.0030858 -0.048278 -0.23722 0.026158 0.032048 0.19956 0.064954 0.10473 -0.21316 -0.00085115 -0.20218 0.20274 -0.07467 0.29607 -0.19616 -0.003134 -0.28309 0.20449 -0.095508 0.37601 -0.036328 0.097791 -0.43237 0.096513 0.10753 -0.41996 -0.014919 0.19487 -0.75113 0.13323 0.16094 -0.74751 -0.0095287 0.11554 -0.8005 0.16184 0.13304 -0.83216 -0.050544 -0.020603 0.59818
-0.18257 0.025311 0.29183 0.086262 0.025593 0.34236 -0.064395 0.010703 0.40402 -0.012623 0.0012557 0.067414 -0.049434 -0.0030978 -0.05605 0.057025 -0.0030978 -0.048306 -0.23644 0.026229 0.031556 0.20491 0.06005 0.10512 -0.21264 -0.00055942 -0.20272 0.20703 -0.084348 0.29278 -0.1958 -0.0028335 -0.28368 0.20773 -0.10429 0.37294 -0.036498 0.097805 -0.43234 0.096782 0.10768 -0.41991 -0.015176 0.19494 -0.75109 0.13343 0.16118 -0.74745 -0.0097385 0.11561 -0.80046 0.16217 0.13354 -0.83215 -0.050234 -0.020844 0.59824
-0.1819 0.025194 0.2914 0.086131 0.025701 0.34171 -0.064194 0.010341 0.40406 -0.012588 0.0012461 0.06742 -0.049459 -0.0031094 -0.056027 0.056999 -0.0031094 -0.048335 -0.2357 0.026329 0.031116 0.21057 0.054354 0.10583 -0.21218 -0.00024249 -0.20321 0.2114 -0.094738 0.28967 -0.19551 -0.0025156 -0.28422 0.21096 -0.11382 0.37003 -0.036663 0.097818 -0.43231 0.09704 0.10783 -0.41986 -0.015428 0.19501 -0.75105 0.13361 0.16142 -0.7474 -0.0099479 0.11567 -0.80041 0.16247 0.13402 -0.83213 -0.049942 -0.021084 0.59829
-0.18127 0.02508 0.29102 0.086013 0.025778 0.34111 -0.063998 0.0099912 0.4041 -0.012554 0.0012352 0.067427 -0.049484 -0.0031201 -0.056004 0.056973 -0.0031201 -0.048365 -0.23499 0.026454 0.030721 0.21642 0.047865 0.10696 -0.21176 9.6235e-05 -0.20366 0.2158 -0.10584 0.28685 -0.19526 -0.0021727 -0.28471 0.21415 -0.12413 0.36739 -0.036823 0.097832 -0.43229 0.097288 0.10798 -0.41981 -0.015675 0.19507 -0.75102 0.13379 0.16165 -0.74734 -0.010157 0.11573 -0.80037 0.16277 0.1345 -0.83213 -0.049667 -0.021324 0.59834
-0.18068 0.024965 0.29068 0.08591 0.025819 0.34056 -0.063805 0.0096538 0.40414 -0.01252 0.001223 0.067433 -0.049507 -0.0031292 -0.055983 0.056947 -0.0031292 -0.048395 -0.23433 0.0266 0.030368 0.22233 0.040581 0.1086 -0.21139 0.00045337 -0.20406 0.22016 -0.11763 0.28444 -0.19507 -0.001797 -0.28515 0.21728 -0.13525 0.36512 -0.036977 0.097847 -0.43227 0.097525 0.10812 -0.41977 -0.015918 0.19513 -0.75098 0.13395 0.16188 -0.74729 -0.010366 0.11579 -0.80033 0.16304 0.13496 -0.83212 -0.049408 -0.021564 0.59839
-0.18013 0.024847 0.29038 0.085822 0.025818 0.34004 -0.063615 0.0093265 0.40418 -0.012486 0.0012096 0.06744 -0.049529 -0.0031362 -0.055963 0.056921 -0.0031362 -0.048425 -0.2337 0.026764 0.030053 0.22817 0.032502 0.11084 -0.21106 0.00082551 -0.20443 0.2244 -0.13012 0.28254 -0.19493 -0.001381 -0.28556 0.22034 -0.14721 0.36333 -0.037128 0.097864 -0.43224 0.097752 0.10826 -0.41973 -0.016159 0.19518 -0.75096 0.13411 0.16211 -0.74725 -0.010576 0.11584 -0.80029 0.16329 0.1354 -0.83211 -0.049164 -0.021807 0.59844
-0.17961 0.024724 0.29011 0.085754 0.025769 0.33957 -0.063427 0.0090078 0.40422 -0.012454 0.0011949 0.067446 -0.049552 -0.0031406 -0.055942 0.056895 -0.0031406 -0.048455 -0.2331 0.026941 0.02977 0.23382 0.023626 0.11378 -0.21076 0.0012093 -0.20476 0.22848 -0.1433 0.28127 -0.19482 -0.00091706 -0.28594 0.22329 -0.16005 0.36211 -0.037274 0.097883 -0.43222 0.097967 0.10839 -0.41969 -0.016398 0.19524 -0.75093 0.13425 0.16234 -0.7472 -0.010786 0.11589 -0.80026 0.16352 0.13584 -0.8321 -0.048935 -0.022052 0.59849
-0.17911 0.024592 0.28987 0.085706 0.025665 0.33913 -0.063239 0.0086958 0.40425 -0.012422 0.0011789 0.067452 -0.049576 -0.0031417 -0.055921 0.05687 -0.0031417 -0.048484 -0.23253 0.027128 0.029516 0.23916 0.013951 0.11751 -0.21049 0.0016012 -0.20507 0.23232 -0.15716 0.28073 -0.19476 -0.00039747 -0.28628 0.22612 -0.1738 0.36156 -0.037415 0.097907 -0.4322 0.098171 0.10853 -0.41965 -0.016636 0.19529 -0.7509 0.13437 0.16256 -0.74716 -0.010998 0.11593 -0.80022 0.16373 0.13625 -0.83208 -0.04872 -0.0223 0.59853
-0.17864 0.02445 0.28965 0.085681 0.025501 0.33872 -0.063051 0.008389 0.40429 -0.012391 0.0011617 0.067458 -0.049601 -0.003139 -0.055899 0.056846 -0.003139 -0.048513 -0.23198 0.027321 0.029286 0.24406 0.0034773 0.12212 -0.21026 0.001998 -0.20535 0.23586 -0.17169 0.28104 -0.19474 0.00018538 -0.2866 0.2288 -0.18848 0.36179 -0.037553 0.097935 -0.43217 0.098363 0.10867 -0.41962 -0.016874 0.19533 -0.75088 0.13449 0.16279 -0.74712 -0.011211 0.11598 -0.80018 0.16392 0.13665 -0.83207 -0.048518 -0.022552 0.59857
-0.17819 0.024295 0.28945 0.08568 0.025271 0.33834 -0.062862 0.0080856 0.40432 -0.012361 0.0011433 0.067464 -0.049628 -0.0031319 -0.055876 0.056823 -0.0031319 -0.048541 -0.23146 0.027515 0.029075 0.24839 -0.0077971 0.12771 -0.21004 0.0023962 -0.20561 0.23904 -0.18689 0.28231 -0.19475 0.00083913 -0.2869 0.23132 -0.20414 0.36289 -0.037687 0.097969 -0.43215 0.098543 0.10881 -0.41958 -0.017114 0.19538 -0.75086 0.13459 0.16302 -0.74707 -0.011425 0.11601 -0.80015 0.16407 0.13704 -0.83205 -0.048329 -0.022809 0.59862
-0.17775 0.024125 0.28927 0.085706 0.024968 0.338 -0.062671 0.007784 0.40436 -0.012333 0.0011238 0.06747 -0.049658 -0.0031199 -0.055851 0.056802 -0.0031199 -0.048567 -0.23097 0.027708 0.028879 0.25203 -0.019873 0.13436 -0.20984 0.0027924 -0.20586 0.24179 -0.20274 0.28464 -0.1948 0.0015714 -0.28718 0.23365 -0.22081 0.36497 -0.037818 0.098009 -0.43212 0.09871 0.10895 -0.41955 -0.017356 0.19542 -0.75083 0.13467 0.16325 -0.74704 -0.011642 0.11605 -0.80011 0.16421 0.1374 -0.83202 -0.048151 -0.023071 0.59866
-0.17732 0.023936 0.2891 0.08576 0.024587 0.33768 -0.062477 0.0074825 0.4044 -0.012306 0.001103 0.067475 -0.049691 -0.0031024 -0.055824 0.056783 -0.0031024 -0.048592 -0.23049 0.027895 0.028694 0.25485 -0.032749 0.14217 -0.20965 0.0031833 -0.20609 0.24405 -0.21925 0.28815 -0.19487 0.0023894 -0.28744 0.23577 -0.2385 0.36811 -0.037945 0.098056 -0.43209 0.098865 0.10909 -0.41952 -0.017601 0.19547 -0.75081 0.13474 0.16349 -0.747 -0.011861 0.11608 -0.80007 0.16431 0.13775 -0.83198 -0.047984 -0.02334 0.5987
-0.1769 0.023725 0.28893 0.085844 0.024121 0.33738 -0.062278 0.0071784 0.40443 -0.01228 0.0010808 0.06748 -0.049727 -0.0030782 -0.055794 0.056766 -0.0030782 -0.048615 -0.23003 0.028076 0.028519 0.25683 -0.04634 0.15109 -0.20948 0.003569 -0.20631 0.24582 -0.23632 0.29278 -0.19496 0.00329 -0.2877 0.2377 -0.25714 0.37228 -0.038072 0.098109 -0.43205 0.099004 0.10925 -0.41949 -0.017855 0.19551 -0.75079 0.13479 0.16373 -0.74696 -0.012088 0.11611 -0.80003 0.16438 0.13808 -0.83194 -0.047826 -0.023618 0.59875
-0.17648 0.023489 0.28877 0.085959 0.023562 0.33712 -0.062074 0.0068684 0.40447 -0.012256 0.0010562 0.067485 -0.049768 -0.0030461 -0.055761 0.056751 -0.0030461 -0.048637 -0.22959 0.028256 0.028355 0.25806 -0.060481 0.16097 -0.20931 0.0039523 -0.20653 0.24718 -0.25379 0.29838 -0.19507 0.0042596 -0.28794 0.2395 -0.27651 0.37729 -0.038203 0.098165 -0.43202 0.099124 0.10941 -0.41945 -0.018126 0.19554 -0.75078 0.13481 0.16399 -0.74692 -0.012334 0.11614 -0.79999 0.16443 0.13841 -0.83189 -0.047673 -0.023906 0.59879
-0.17608 0.023222 0.28863 0.086106 0.022902 0.33689 -0.061863 0.0065489 0.40451 -0.012232 0.0010286 0.06749 -0.049812 -0.0030044 -0.055726 0.056737 -0.0030044 -0.048657 -0.22915 0.028438 0.028203 0.2586 -0.075002 0.17163 -0.20916 0.0043366 -0.20672 0.24821 -0.27148 0.30475 -0.19521 0.0052841 -0.28816 0.24122 -0.29637 0.38297 -0.038344 0.098221 -0.43198 0.099218 0.10958 -0.41942 -0.018424 0.19557 -0.75076 0.1348 0.16426 -0.74689 -0.01261 0.11616 -0.79996 0.16444 0.13876 -0.83184 -0.04752 -0.02421 0.59883
-0.17568 0.02292 0.28849 0.086284 0.022135 0.33669 -0.061643 0.0062166 0.40455 -0.012209 0.00099729 0.067495 -0.049859 -0.0029517 -0.055687 0.056724 -0.0029517 -0.048676 -0.22871 0.028627 0.028067 0.25855 -0.089736 0.1829 -0.20901 0.004725 -0.20691 0.24896 -0.28923 0.31171 -0.19536 0.0063497 -0.28837 0.24291 -0.31653 0.38912 -0.0385 0.098274 -0.43195 0.099283 0.10977 -0.41939 -0.018758 0.19559 -0.75075 0.13475 0.16456 -0.74685 -0.012926 0.11617 -0.79993 0.16442 0.13913 -0.8318 -0.047365 -0.024532 0.59888
-0.17529 0.02258 0.28837 0.086495 0.021252 0.33654 -0.061413 0.005868 0.40459 -0.012186 0.00096144 0.0675 -0.049911 -0.0028865 -0.055646 0.056713 -0.0028865 -0.048694 -0.22828 0.028827 0.027947 0.25798 -0.10451 0.19462 -0.20888 0.0051208 -0.20707 0.24953 -0.30687 0.31908 -0.19553 0.0074422 -0.28856 0.24463 -0.33676 0.39556 -0.038676 0.09832 -0.43192 0.099313 0.10998 -0.41936 -0.019136 0.1956 -0.75074 0.13465 0.16487 -0.74682 -0.013294 0.11617 -0.79991 0.16436 0.13955 -0.83176 -0.047203 -0.024874 0.59893
-0.1749 0.022197 0.28827 0.08674 0.020245 0.33643 -0.061172 0.0054995 0.40463 -0.012162 0.00092034 0.067505 -0.049966 -0.0028074 -0.055601 0.056703 -0.0028074 -0.048711 -0.22783 0.029043 0.027845 0.25697 -0.11916 0.20661 -0.20875 0.0055272 -0.20722 0.24998 -0.32424 0.32668 -0.19571 0.0085478 -0.28874 0.24644 -0.35684 0.40211 -0.038878 0.098356 -0.43189 0.099304 0.11022 -0.41933 -0.019569 0.1956 -0.75074 0.1345 0.16522 -0.74679 -0.013725 0.11616 -0.79989 0.16427 0.14003 -0.83173 -0.04703 -0.02524 0.59897
-0.17452 0.021766 0.28819 0.087019 0.019108 0.33636 -0.060917 0.0051079 0.40467 -0.012138 0.00087324 0.06751 -0.050025 -0.0027127 -0.055552 0.056693 -0.0027127 -0.048728 -0.22738 0.029278 0.027764 0.25561 -0.13352 0.21871 -0.20864 0.0059473 -0.20734 0.25038 -0.34115 0.33432 -0.1959 0.0096524 -0.28889 0.2484 -0.37654 0.40857 -0.03911 0.098379 -0.43187 0.099251 0.11048 -0.4193 -0.020064 0.19558 -0.75074 0.13428 0.1656 -0.74675 -0.01423 0.11614 -0.79989 0.16415 0.14057 -0.83171 -0.046843 -0.025634 0.59902
-0.17416 0.021283 0.28812 0.087333 0.017833 0.33635 -0.060648 0.0046895 0.40472 -0.012114 0.00081939 0.067515 -0.050088 -0.0026011 -0.0555 0.056683 -0.0026011 -0.048745 -0.22692 0.029537 0.027705 0.25396 -0.14741 0.23074 -0.20853 0.0063844 -0.20745 0.25082 -0.35745 0.34183 -0.19609 0.010742 -0.28902 0.25056 -0.39566 0.41477 -0.039378 0.098387 -0.43185 0.099149 0.11077 -0.41927 -0.020632 0.19555 -0.75075 0.134 0.16601 -0.74672 -0.014819 0.1161 -0.7999 0.16399 0.1412 -0.8317 -0.046637 -0.026058 0.59907
-0.17379 0.020744 0.28808 0.087683 0.016411 0.33639 -0.060364 0.0042409 0.40476 -0.012088 0.00075804 0.06752 -0.050155 -0.002471 -0.055445 0.056674 -0.002471 -0.048761 -0.22643 0.029823 0.027671 0.25213 -0.16066 0.24254 -0.20844 0.0068418 -0.20753 0.25137 -0.37297 0.34901 -0.19629 0.011803 -0.28913 0.25297 -0.41398 0.42051 -0.039688 0.098375 -0.43184 0.098993 0.1111 -0.41925 -0.02128 0.1955 -0.75077 0.13365 0.16647 -0.74669 -0.015503 0.11605 -0.79992 0.16379 0.14192 -0.83171 -0.046409 -0.026515 0.59912
-0.17344 0.020144 0.28806 0.088069 0.014836 0.33648 -0.060062 0.0037587 0.40481 -0.01206 0.00068846 0.067525 -0.050226 -0.002321 -0.055385 0.056665 -0.002321 -0.048777 -0.22593 0.030142 0.027662 0.25018 -0.17312 0.25393 -0.20835 0.0073225 -0.20758 0.2521 -0.38753 0.3557 -0.19649 0.01282 -0.28921 0.25569 -0.43126 0.42562 -0.040043 0.09834 -0.43183 0.098778 0.11147 -0.41922 -0.02202 0.19543 -0.7508 0.13321 0.16698 -0.74666 -0.016295 0.11598 -0.79996 0.16355 0.14276 -0.83174 -0.046154 -0.027009 0.59917
-0.1731 0.01948 0.28806 0.088492 0.0131 0.33664 -0.059741 0.0032393 0.40486 -0.012031 0.00060989 0.067531 -0.0503 -0.0021496 -0.055322 0.056655 -0.0021496 -0.048794 -0.22539 0.030497 0.027681 0.24819 -0.1846 0.26475 -0.20827 0.0078298 -0.20761 0.25308 -0.40097 0.3617 -0.1967 0.013781 -0.28927 0.25878 -0.4473 0.4299 -0.040449 0.098281 -0.43184 0.0985 0.11188 -0.41919 -0.022859 0.19534 -0.75084 0.13269 0.16753 -0.74664 -0.017203 0.1159 -0.80002 0.16327 0.14372 -0.83179 -0.04587 -0.027543 0.59922
-0.17276 0.018747 0.28809 0.088953 0.011195 0.33686 -0.0594 0.0026795 0.40491 -0.012 0.00052159 0.067537 -0.050379 -0.0019552 -0.055255 0.056645 -0.0019552 -0.048811 -0.22483 0.030893 0.027729 0.24625 -0.19494 0.27483 -0.2082 0.0083669 -0.20761 0.25439 -0.41312 0.36683 -0.1969 0.01467 -0.2893 0.26229 -0.46188 0.43317 -0.040912 0.098192 -0.43185 0.098153 0.11233 -0.41916 -0.023806 0.19522 -0.75088 0.13207 0.16814 -0.74661 -0.01824 0.11579 -0.80009 0.16295 0.14482 -0.83186 -0.045552 -0.028119 0.59927
-0.17243 0.017946 0.28815 0.089451 0.0091239 0.33714 -0.059038 0.0020783 0.40497 -0.011967 0.00042343 0.067543 -0.050461 -0.0017381 -0.055184 0.056634 -0.0017381 -0.048828 -0.22423 0.031331 0.027808 0.24441 -0.20407 0.28408 -0.20813 0.0089351 -0.20758 0.25607 -0.4239 0.37101 -0.19709 0.015483 -0.2893 0.26625 -0.4749 0.43536 -0.041433 0.098074 -0.43188 0.097738 0.11283 -0.41913 -0.024865 0.19508 -0.75094 0.13135 0.16881 -0.74659 -0.019407 0.11567 -0.80019 0.16259 0.14606 -0.83196 -0.045198 -0.028739 0.59932
-0.1721 0.017086 0.28823 0.089983 0.0069036 0.33748 -0.058655 0.0014392 0.40502 -0.011931 0.00031613 0.06755 -0.050546 -0.0015004 -0.055109 0.056622 -0.0015004 -0.048846 -0.2236 0.031815 0.027917 0.24267 -0.21206 0.29253 -0.20808 0.0095329 -0.20752 0.25809 -0.4334 0.37429 -0.19728 0.016223 -0.28927 0.27062 -0.48643 0.43652 -0.042007 0.097929 -0.43191 0.097259 0.11338 -0.4191 -0.026025 0.19491 -0.75101 0.13054 0.16953 -0.74656 -0.020698 0.11552 -0.80031 0.16216 0.14739 -0.83208 -0.044808 -0.029398 0.59937
-0.17178 0.016177 0.28834 0.090545 0.0045528 0.33787 -0.058252 0.00076571 0.40508 -0.011893 0.00020054 0.067557 -0.050634 -0.001245 -0.055031 0.05661 -0.001245 -0.048863 -0.22294 0.032342 0.028055 0.24102 -0.219 0.30023 -0.20803 0.010159 -0.20743 0.26044 -0.44168 0.37674 -0.19748 0.016896 -0.28922 0.27536 -0.49656 0.43674 -0.042629 0.097759 -0.43195 0.096724 0.11395 -0.41908 -0.027278 0.19472 -0.75109 0.12965 0.17029 -0.74654 -0.0221 0.11536 -0.80044 0.16166 0.14879 -0.83219 -0.044383 -0.030094 0.59942
-0.17146 0.015227 0.28846 0.091136 0.0020902 0.33831 -0.057829 6.1535e-05 0.40514 -0.011852 7.7478e-05 0.067564 -0.050724 -0.00097434 -0.054951 0.056598 -0.00097434 -0.048881 -0.22225 0.032915 0.028222 0.23948 -0.22498 0.30722 -0.20799 0.01081 -0.20731 0.26309 -0.44883 0.37843 -0.19767 0.017508 -0.28914 0.28043 -0.50538 0.4361 -0.043294 0.097568 -0.432 0.096139 0.11456 -0.41905 -0.028614 0.19451 -0.75117 0.12868 0.17109 -0.74651 -0.023605 0.11518 -0.80059 0.16107 0.15021 -0.8323 -0.043922 -0.030821 0.59948
-0.17114 0.014248 0.28862 0.09175 -0.00046575 0.33878 -0.057386 -0.00066967 0.4052 -0.011809 -5.2231e-05 0.067571 -0.050816 -0.00069106 -0.054868 0.056585 -0.00069106 -0.048899 -0.22153 0.033534 0.028417 0.23803 -0.23008 0.31356 -0.20795 0.011486 -0.20716 0.26601 -0.45495 0.37942 -0.19786 0.018066 -0.28903 0.2858 -0.51299 0.43469 -0.043996 0.097358 -0.43206 0.095509 0.11519 -0.41902 -0.030024 0.19428 -0.75126 0.12764 0.17193 -0.74649 -0.025202 0.11498 -0.80075 0.16038 0.15162 -0.8324 -0.043427 -0.031577 0.59953
-0.17083 0.013247 0.28879 0.092386 -0.0030963 0.33928 -0.056924 -0.0014242 0.40526 -0.011763 -0.00018776 0.067579 -0.050909 -0.00039776 -0.054784 0.056572 -0.00039776 -0.048917 -0.22079 0.034199 0.028639 0.23667 -0.23439 0.31927 -0.20792 0.012184 -0.20698 0.26918 -0.4601 0.3798 -0.19805 0.018574 -0.28889 0.29142 -0.51947 0.43259 -0.044731 0.097133 -0.43212 0.094841 0.11584 -0.41899 -0.031498 0.19403 -0.75136 0.12654 0.1728 -0.74647 -0.026881 0.11476 -0.80092 0.15957 0.15298 -0.83246 -0.042899 -0.032356 0.59958
-0.17051 0.012236 0.28898 0.093039 -0.0057829 0.33981 -0.056444 -0.0021986 0.40532 -0.011714 -0.00032828 0.067587 -0.051002 -9.7049e-05 -0.054699 0.056558 -9.7049e-05 -0.048934 -0.22003 0.034912 0.028888 0.23542 -0.238 0.32441 -0.2079 0.012903 -0.20677 0.27259 -0.46438 0.37961 -0.19824 0.01904 -0.28872 0.29727 -0.52491 0.42988 -0.045493 0.096894 -0.43218 0.094143 0.11651 -0.41897 -0.033027 0.19377 -0.75147 0.12539 0.17369 -0.74645 -0.028632 0.11453 -0.80111 0.15863 0.15426 -0.83249 -0.042336 -0.033156 0.59963
-0.17018 0.011224 0.28918 0.093707 -0.008507 0.34035 -0.055945 -0.0029889 0.40539 -0.011662 -0.00047296 0.067595 -0.051095 0.00020846 -0.054613 0.056545 0.00020846 -0.04895 -0.21925 0.035671 0.029163 0.23426 -0.24099 0.32902 -0.20788 0.01364 -0.20653 0.27619 -0.46786 0.37894 -0.19844 0.019468 -0.28852 0.3033 -0.52941 0.42664 -0.046277 0.096644 -0.43225 0.093419 0.11718 -0.41894 -0.034601 0.19348 -0.75157 0.12418 0.1746 -0.74642 -0.030446 0.11429 -0.8013 0.15755 0.15541 -0.83247 -0.041741 -0.033973 0.59969
-0.16985 0.010219 0.2894 0.094387 -0.01125 0.34091 -0.055428 -0.0037917 0.40545 -0.011608 -0.00062098 0.067603 -0.051188 0.00051618 -0.054526 0.056532 0.00051618 -0.048966 -0.21844 0.036479 0.029463 0.23319 -0.24346 0.33315 -0.20786 0.014395 -0.20627 0.27998 -0.47063 0.37785 -0.19864 0.019864 -0.28829 0.30947 -0.53306 0.42296 -0.047077 0.096388 -0.43232 0.092676 0.11786 -0.41891 -0.036211 0.19318 -0.75169 0.12293 0.17552 -0.7464 -0.032312 0.11403 -0.80149 0.1563 0.1564 -0.83238 -0.041113 -0.034802 0.59974
-0.16951 0.0092328 0.28964 0.095075 -0.013993 0.34147 -0.054894 -0.0046032 0.40551 -0.01155 -0.00077152 0.067612 -0.051279 0.00082348 -0.05444 0.056518 0.00082348 -0.048981 -0.21762 0.037336 0.029788 0.23221 -0.24548 0.33684 -0.20785 0.015164 -0.20597 0.28392 -0.47278 0.37641 -0.19885 0.020236 -0.28804 0.31574 -0.53595 0.41892 -0.04789 0.096126 -0.43239 0.091921 0.11854 -0.41888 -0.037847 0.19287 -0.7518 0.12165 0.17645 -0.74638 -0.03422 0.11376 -0.80169 0.15488 0.15719 -0.83223 -0.040452 -0.03564 0.59979
-0.16917 0.0082738 0.28989 0.095767 -0.016718 0.34204 -0.054343 -0.0054199 0.40558 -0.011489 -0.00092373 0.067621 -0.051369 0.0011278 -0.054355 0.056505 0.0011278 -0.048995 -0.21679 0.038242 0.030137 0.23133 -0.24715 0.34013 -0.20784 0.015948 -0.20564 0.28799 -0.47438 0.37469 -0.19907 0.020587 -0.28775 0.32208 -0.53816 0.41461 -0.048708 0.095862 -0.43245 0.091159 0.1192 -0.41886 -0.0395 0.19254 -0.75191 0.12034 0.17739 -0.74635 -0.03616 0.11348 -0.8019 0.15327 0.15776 -0.832 -0.03976 -0.036482 0.59984
-0.16881 0.0073519 0.29016 0.096462 -0.019406 0.34259 -0.053775 -0.0062379 0.40564 -0.011425 -0.0010768 0.06763 -0.051457 0.0014265 -0.054271 0.056492 0.0014265 -0.049008 -0.21594 0.039198 0.03051 0.23054 -0.24854 0.34307 -0.20783 0.016742 -0.20528 0.29217 -0.47552 0.37276 -0.1993 0.020925 -0.28744 0.32846 -0.5398 0.4101 -0.049529 0.095599 -0.43252 0.090398 0.11986 -0.41883 -0.04116 0.19221 -0.75203 0.11901 0.17832 -0.74632 -0.038122 0.11318 -0.8021 0.15146 0.15804 -0.83168 -0.039037 -0.037326 0.59989
-0.16844 0.0064767 0.29043 0.097155 -0.022039 0.34313 -0.05319 -0.0070538 0.40571 -0.011358 -0.0012299 0.06764 -0.051541 0.0017169 -0.054188 0.056479 0.0017169 -0.04902 -0.21509 0.040204 0.030905 0.22984 -0.24976 0.34571 -0.20782 0.017547 -0.2049 0.29643 -0.47628 0.37068 -0.19953 0.021254 -0.28709 0.33482 -0.54094 0.40548 -0.050345 0.09534 -0.43258 0.089644 0.1205 -0.4188 -0.042819 0.19186 -0.75215 0.11767 0.17925 -0.7463 -0.040097 0.11288 -0.8023 0.14943 0.15803 -0.83126 -0.038283 -0.038166 0.59994
-0.16806 0.0056579 0.29071 0.097843 -0.024597 0.34365 -0.05259 -0.0078638 0.40578 -0.011287 -0.0013822 0.067649 -0.051622 0.0019965 -0.054108 0.056466 0.0019965 -0.04903 -0.21422 0.041262 0.031323 0.22923 -0.25089 0.34809 -0.20782 0.018359 -0.20448 0.30076 -0.47675 0.36852 -0.19978 0.021582 -0.28672 0.34113 -0.54168 0.40083 -0.051152 0.095087 -0.43264 0.088902 0.12111 -0.41878 -0.044465 0.1915 -0.75226 0.11632 0.18017 -0.74627 -0.042073 0.11257 -0.80251 0.14718 0.15766 -0.83073 -0.037498 -0.039 0.59998
-0.16766 0.004905 0.291 0.098524 -0.027063 0.34414 -0.051974 -0.0086643 0.40584 -0.011213 -0.0015329 0.067659 -0.0517 0.0022627 -0.05403 0.056454 0.0022627 -0.049039 -0.21335 0.042371 0.031762 0.22871 -0.252 0.35025 -0.20782 0.019178 -0.20404 0.30512 -0.47701 0.36636 -0.20003 0.021913 -0.28631 0.34737 -0.54212 0.39624 -0.051945 0.094843 -0.4327 0.088179 0.12169 -0.41875 -0.04609 0.19113 -0.75237 0.11497 0.18106 -0.74624 -0.044042 0.11224 -0.8027 0.14467 0.15692 -0.83008 -0.036684 -0.039823 0.60003
-0.16724 0.0042276 0.2913 0.099193 -0.029417 0.3446 -0.051343 -0.0094516 0.4059 -0.011136 -0.0016811 0.067669 -0.051772 0.0025129 -0.053955 0.056443 0.0025129 -0.049046 -0.21247 0.043532 0.032221 0.22828 -0.2532 0.35223 -0.20782 0.020002 -0.20357 0.30949 -0.47714 0.36426 -0.2003 0.022255 -0.28588 0.35347 -0.54233 0.39178 -0.052718 0.094611 -0.43275 0.087483 0.12224 -0.41873 -0.047685 0.19076 -0.75248 0.11363 0.18193 -0.7462 -0.045993 0.11191 -0.80289 0.14191 0.15575 -0.8293 -0.03584 -0.040631 0.60007
-0.16681 0.0036355 0.2916 0.099848 -0.031641 0.34502 -0.050697 -0.010222 0.40597 -0.011054 -0.0018261 0.067679 -0.05184 0.0027444 -0.053884 0.056432 0.0027444 -0.049051 -0.21158 0.044746 0.032701 0.22793 -0.25457 0.35409 -0.20782 0.020827 -0.20306 0.31386 -0.47723 0.36228 -0.20059 0.022611 -0.28541 0.35942 -0.54242 0.38754 -0.053467 0.094394 -0.43279 0.086817 0.12275 -0.4187 -0.049239 0.19038 -0.75258 0.1123 0.18278 -0.74617 -0.047915 0.11158 -0.80307 0.13887 0.15413 -0.82838 -0.034967 -0.041421 0.60012
-0.16635 0.0031381 0.29191 0.10049 -0.033717 0.3454 -0.050037 -0.010972 0.40603 -0.010969 -0.0019669 0.067689 -0.051903 0.0029547 -0.053816 0.056422 0.0029547 -0.049054 -0.2107 0.046013 0.033201 0.22767 -0.25618 0.35587 -0.20781 0.021654 -0.20253 0.31818 -0.47735 0.36051 -0.20088 0.022989 -0.28491 0.36517 -0.54248 0.38361 -0.054185 0.094194 -0.43282 0.086191 0.12322 -0.41867 -0.050744 0.19 -0.75268 0.11099 0.18359 -0.74613 -0.0498 0.11124 -0.80324 0.13555 0.15202 -0.8273 -0.034065 -0.042188 0.60016
-0.16588 0.0027452 0.29222 0.1011 -0.035626 0.34572 -0.049363 -0.011698 0.40609 -0.010881 -0.0021028 0.0677 -0.051959 0.0031411 -0.053753 0.056412 0.0031411 -0.049055 -0.20981 0.047335 0.033719 0.2275 -0.25814 0.35761 -0.20781 0.02248 -0.20197 0.32245 -0.4776 0.359 -0.2012 0.023395 -0.28439 0.37068 -0.54258 0.38006 -0.054869 0.094015 -0.43284 0.085608 0.12364 -0.41865 -0.05219 0.18962 -0.75278 0.10971 0.18436 -0.74609 -0.051637 0.11089 -0.8034 0.13192 0.14937 -0.82606 -0.033136 -0.042929 0.60019
-0.16538 0.0024663 0.29253 0.10169 -0.037349 0.34598 -0.048675 -0.012396 0.40616 -0.010788 -0.002233 0.06771 -0.052008 0.003301 -0.053695 0.056404 0.003301 -0.049054 -0.20893 0.048711 0.034256 0.22741 -0.26053 0.35936 -0.20781 0.023303 -0.20138 0.32663 -0.47805 0.35782 -0.20153 0.023833 -0.28383 0.37591 -0.54284 0.37698 -0.055513 0.093859 -0.43285 0.085077 0.12399 -0.41862 -0.053568 0.18923 -0.75286 0.10847 0.18509 -0.74605 -0.053416 0.11054 -0.80355 0.12798 0.14616 -0.82465 -0.032179 -0.04364 0.60023
-0.16485 0.0023111 0.29284 0.10226 -0.038868 0.34617 -0.047974 -0.013063 0.40622 -0.010692 -0.0023566 0.067721 -0.05205 0.0034319 -0.053643 0.056396 0.0034319 -0.04905 -0.20805 0.050141 0.03481 0.22741 -0.26343 0.36116 -0.2078 0.024122 -0.20076 0.33071 -0.4788 0.35705 -0.20188 0.024311 -0.28324 0.38083 -0.54333 0.37445 -0.056111 0.093728 -0.43285 0.084602 0.12429 -0.4186 -0.054867 0.18884 -0.75294 0.10726 0.18577 -0.746 -0.055127 0.11018 -0.80368 0.1237 0.14235 -0.82305 -0.031194 -0.044317 0.60027
-0.1643 0.0022891 0.29315 0.1028 -0.040164 0.34629 -0.047261 -0.013694 0.40627 -0.010591 -0.0024727 0.067732 -0.052085 0.0035312 -0.053596 0.05639 0.0035312 -0.049044 -0.20718 0.051628 0.035381 0.22749 -0.26694 0.36305 -0.20779 0.024934 -0.20011 0.33465 -0.47991 0.35675 -0.20225 0.024833 -0.28262 0.3854 -0.54414 0.37256 -0.056659 0.093627 -0.43284 0.084192 0.12452 -0.41857 -0.056079 0.18845 -0.75301 0.10611 0.18639 -0.74596 -0.05676 0.10982 -0.80379 0.11908 0.13789 -0.82126 -0.030183 -0.044956 0.6003
-0.16372 0.00241 0.29345 0.1033 -0.041218 0.34634 -0.046535 -0.014287 0.40633 -0.010487 -0.0025806 0.067743 -0.052111 0.0035961 -0.053555 0.056384 0.0035961 -0.049035 -0.20632 0.053171 0.035968 0.22766 -0.27113 0.36509 -0.20778 0.025738 -0.19944 0.33844 -0.48148 0.35698 -0.20264 0.025406 -0.28197 0.38958 -0.54538 0.37138 -0.057151 0.093556 -0.43282 0.083851 0.12469 -0.41855 -0.057194 0.18806 -0.75307 0.10501 0.18696 -0.7459 -0.058306 0.10946 -0.80388 0.11411 0.13276 -0.81927 -0.029146 -0.045553 0.60033
-0.16311 0.0026834 0.29375 0.10376 -0.042012 0.3463 -0.045796 -0.014837 0.40639 -0.010378 -0.0026795 0.067754 -0.052128 0.0036242 -0.053521 0.05638 0.0036242 -0.049023 -0.20546 0.05477 0.036571 0.2279 -0.2761 0.36731 -0.20777 0.026532 -0.19873 0.34205 -0.48359 0.35783 -0.20305 0.026036 -0.28129 0.39333 -0.54712 0.371 -0.057582 0.09352 -0.43277 0.083586 0.12477 -0.41852 -0.058202 0.18768 -0.75312 0.10398 0.18745 -0.74585 -0.059753 0.1091 -0.80396 0.10876 0.12691 -0.81707 -0.028083 -0.046105 0.60035
