-0.11996 0.068711 0.30706 0.15838 0.063328 0.29773 0.022387 0.080262 0.38681 0.0033204 0.04879 0.048104 -0.057228 -0.013037 -0.046368 0.05011 -0.013037 -0.053982 -0.20199 0.019544 0.059061 0.19867 -0.00042301 0.042855 -0.22234 -0.17545 -0.074108 0.17344 -0.19141 -0.095185 -0.27428 -0.22323 -0.11721 0.22584 -0.21719 -0.15374 -0.21142 -0.29702 -0.26437 0.10667 -0.33363 -0.26838 -0.18123 -0.25998 -0.59483 0.14381 -0.29852 -0.59834 -0.23137 -0.2605 -0.67386 0.20407 -0.27206 -0.6649 0.032725 0.015926 0.573
-0.12032 0.06948 0.30704 0.15787 0.06092 0.2977 0.022304 0.081292 0.38715 0.003356 0.049441 0.047595 -0.057212 -0.013343 -0.046328 0.050056 -0.013343 -0.053981 -0.20153 0.020425 0.058688 0.19815 0.00089755 0.04159 -0.22359 -0.17534 -0.073437 0.17234 -0.19052 -0.095789 -0.27064 -0.226 -0.11871 0.19519 -0.23771 -0.15475 -0.21176 -0.29718 -0.26427 0.10621 -0.33401 -0.26838 -0.18128 -0.26034 -0.59473 0.14317 -0.29877 -0.59837 -0.23135 -0.26058 -0.67381 0.20648 -0.26592 -0.6608 0.032094 0.012127 0.5715
-0.12132 0.062903 0.30876 0.15781 0.050937 0.29864 0.021884 0.068601 0.38779 0.0033678 0.048954 0.047974 -0.057229 -0.013102 -0.046356 0.050111 -0.013102 -0.053972 -0.20317 0.017301 0.060004 0.20011 -0.0011463 0.041384 -0.22403 -0.17812 -0.072538 0.17277 -0.19238 -0.095934 -0.27257 -0.22836 -0.11684 0.17708 -0.25086 -0.15343 -0.21166 -0.29703 -0.26425 0.10655 -0.33371 -0.26838 -0.18119 -0.26025 -0.59472 0.14147 -0.29783 -0.59851 -0.2312 -0.26028 -0.67384 0.20441 -0.27039 -0.66258 0.031095 -0.00051844 0.57229
-0.12264 0.052553 0.31128 0.15794 0.037654 0.29996 0.021264 0.049484 0.38854 0.0033533 0.04798 0.04879 -0.057264 -0.012566 -0.046432 0.050236 -0.012566 -0.053958 -0.20564 0.012935 0.061948 0.2035 -0.0054541 0.041823 -0.22412 -0.18193 -0.071393 0.17389 -0.19596 -0.095976 -0.27819 -0.22897 -0.1125 0.16764 -0.25878 -0.15101 -0.21132 -0.29673 -0.26429 0.10735 -0.33307 -0.26834 -0.18103 -0.25991 -0.59477 0.13893 -0.29605 -0.59866 -0.23099 -0.25978 -0.67392 0.19955 -0.28096 -0.66723 0.029653 -0.018088 0.57377
-0.124 0.042001 0.31368 0.15798 0.025347 0.30105 0.020581 0.031233 0.3892 0.0033099 0.047174 0.049592 -0.057306 -0.011988 -0.046537 0.050395 -0.011988 -0.053944 -0.20767 0.010093 0.063459 0.2073 -0.010925 0.04249 -0.22429 -0.1849 -0.069985 0.17483 -0.20027 -0.09627 -0.28563 -0.22651 -0.10659 0.163 -0.26364 -0.14874 -0.21091 -0.29641 -0.26436 0.10827 -0.33244 -0.2682 -0.18086 -0.25953 -0.59486 0.13577 -0.29377 -0.59869 -0.23082 -0.25928 -0.67401 0.19358 -0.29314 -0.67174 0.027691 -0.036658 0.57436
-0.12509 0.034432 0.31511 0.15772 0.01788 0.30141 0.019969 0.020481 0.3896 0.0032322 0.047076 0.049999 -0.057342 -0.011576 -0.046653 0.050556 -0.011576 -0.053933 -0.20818 0.01118 0.063627 0.21057 -0.016511 0.043042 -0.2249 -0.18533 -0.068354 0.17482 -0.20431 -0.097113 -0.29293 -0.21995 -0.1001 0.15946 -0.26749 -0.14778 -0.21059 -0.29622 -0.26446 0.10903 -0.33211 -0.26792 -0.18074 -0.25928 -0.59496 0.13222 -0.29124 -0.59852 -0.23072 -0.25895 -0.6741 0.18811 -0.30255 -0.67324 0.025168 -0.052613 0.57262
-0.12596 0.026657 0.31621 0.15753 0.012307 0.30187 0.019553 0.012895 0.38982 0.0030665 0.046413 0.050756 -0.057402 -0.010817 -0.046782 0.050766 -0.010817 -0.053912 -0.20925 0.012689 0.06405 0.21448 -0.022 0.044289 -0.22469 -0.18449 -0.067469 0.17448 -0.20748 -0.097839 -0.29698 -0.21333 -0.095433 0.15603 -0.2707 -0.1476 -0.2099 -0.29587 -0.26458 0.11041 -0.33138 -0.26755 -0.18029 -0.25885 -0.5951 0.12863 -0.2876 -0.5981 -0.23034 -0.25846 -0.67419 0.18349 -0.30723 -0.67172 0.022591 -0.067429 0.56987
-0.12688 0.010435 0.31878 0.15826 0.00026307 0.30431 0.019445 -0.004592 0.39019 0.0027226 0.042473 0.053499 -0.057547 -0.0086286 -0.046945 0.051136 -0.0086286 -0.053856 -0.21541 0.0064158 0.068317 0.22177 -0.027861 0.04795 -0.22113 -0.18603 -0.06903 0.17554 -0.20948 -0.097012 -0.29379 -0.2147 -0.09612 0.15391 -0.27233 -0.1463 -0.20793 -0.29478 -0.26475 0.11399 -0.32874 -0.2672 -0.17881 -0.25752 -0.59529 0.12545 -0.28111 -0.59746 -0.22899 -0.25712 -0.6743 0.17905 -0.30721 -0.66947 0.020909 -0.08663 0.56959
-0.12781 -0.01381 0.32299 0.16002 -0.018662 0.30887 0.019686 -0.032691 0.39092 0.0022489 0.035358 0.05815 -0.057764 -0.0051155 -0.047132 0.051634 -0.0051155 -0.053776 -0.22692 -0.0086199 0.076696 0.23231 -0.034122 0.05395 -0.21427 -0.19054 -0.072983 0.17786 -0.2105 -0.094432 -0.28296 -0.22534 -0.10286 0.15304 -0.27236 -0.14343 -0.20471 -0.29302 -0.26497 0.1197 -0.32428 -0.26691 -0.17633 -0.25536 -0.59552 0.12311 -0.27233 -0.59666 -0.22667 -0.25498 -0.67443 0.17475 -0.30385 -0.6679 0.020383 -0.10985 0.57244
-0.12824 -0.033063 0.32669 0.16184 -0.033284 0.31309 0.02021 -0.054088 0.3921 0.001893 0.029241 0.06215 -0.057939 -0.0020989 -0.047288 0.052015 -0.0020989 -0.053736 -0.23773 -0.022868 0.084636 0.24175 -0.040156 0.059611 -0.20782 -0.19416 -0.076739 0.17861 -0.21137 -0.091697 -0.26922 -0.23669 -0.11228 0.15143 -0.27225 -0.14063 -0.2016 -0.29165 -0.26516 0.12507 -0.3204 -0.26656 -0.17394 -0.25358 -0.59573 0.12198 -0.26516 -0.59586 -0.2244 -0.25318 -0.67456 0.17152 -0.30034 -0.66709 0.020276 -0.12813 0.57494
-0.12794 -0.040637 0.32843 0.16312 -0.037848 0.3154 0.020958 -0.059637 0.39344 0.0018157 0.026226 0.063921 -0.058003 -0.0005393 -0.047344 0.052141 -0.0005393 -0.053733 -0.24419 -0.030608 0.089332 0.24779 -0.046133 0.063371 -0.20416 -0.1944 -0.07855 0.17647 -0.21245 -0.090157 -0.2559 -0.24247 -0.12158 0.1481 -0.27266 -0.13929 -0.19946 -0.29115 -0.26526 0.12851 -0.31829 -0.26626 -0.17227 -0.25273 -0.59583 0.12216 -0.26168 -0.5953 -0.22276 -0.25235 -0.67465 0.16986 -0.29816 -0.66721 0.02006 -0.1372 0.57475
-0.1275 -0.048515 0.32914 0.16456 -0.042785 0.31694 0.021915 -0.064652 0.39372 0.0019147 0.022318 0.064889 -0.058034 0.0011459 -0.047189 0.052182 0.0011459 -0.05359 -0.24988 -0.037991 0.093398 0.25439 -0.054409 0.067031 -0.20151 -0.19303 -0.079311 0.17461 -0.21286 -0.090184 -0.24163 -0.24433 -0.13028 0.14499 -0.272 -0.13983 -0.19741 -0.29037 -0.26522 0.13123 -0.31557 -0.26663 -0.17071 -0.25145 -0.59577 0.12318 -0.25851 -0.59552 -0.22105 -0.25154 -0.67468 0.16909 -0.29406 -0.66894 0.019932 -0.14649 0.5732
-0.12748 -0.067763 0.32984 0.16677 -0.058019 0.31887 0.023008 -0.083704 0.39191 0.0020746 0.013958 0.066524 -0.058102 0.0044209 -0.046764 0.05231 0.0044209 -0.053163 -0.25839 -0.051082 0.099437 0.265 -0.066513 0.072214 -0.19803 -0.19209 -0.080147 0.17596 -0.21169 -0.091868 -0.22495 -0.24455 -0.13823 0.14397 -0.26873 -0.1424 -0.19463 -0.28825 -0.26502 0.13445 -0.31013 -0.26819 -0.16862 -0.24854 -0.59553 0.12434 -0.25235 -0.59689 -0.21859 -0.24988 -0.67465 0.16849 -0.28528 -0.67252 0.020067 -0.16489 0.57168
-0.1279 -0.090913 0.33034 0.16914 -0.078782 0.32032 0.023848 -0.10927 0.38858 0.0023148 0.0043077 0.068213 -0.058145 0.0082574 -0.046271 0.052458 0.0082574 -0.052631 -0.26796 -0.066515 0.10588 0.27628 -0.078377 0.077136 -0.19489 -0.19161 -0.081299 0.17904 -0.20912 -0.094681 -0.20773 -0.24266 -0.14516 0.14418 -0.26334 -0.14646 -0.19169 -0.28558 -0.26482 0.13749 -0.30363 -0.27042 -0.16645 -0.24494 -0.59528 0.12448 -0.24444 -0.59877 -0.21591 -0.24796 -0.67469 0.16808 -0.275 -0.67576 0.019982 -0.18832 0.56927
-0.12857 -0.10632 0.33015 0.17082 -0.096758 0.31994 0.024037 -0.12852 0.38465 0.0026889 -0.0019872 0.068849 -0.058061 0.011096 -0.045952 0.052489 0.011096 -0.052226 -0.27554 -0.078692 0.11022 0.28347 -0.084945 0.079362 -0.19387 -0.19088 -0.08269 0.1813 -0.20545 -0.09794 -0.1926 -0.23737 -0.15077 0.14418 -0.25663 -0.15132 -0.1895 -0.28347 -0.26482 0.13922 -0.29855 -0.27258 -0.16492 -0.24197 -0.59522 0.1225 -0.23705 -0.60034 -0.21378 -0.24658 -0.67492 0.16804 -0.26756 -0.67614 0.019043 -0.20953 0.56446
-0.12928 -0.11531 0.32927 0.17215 -0.11168 0.31795 0.02394 -0.14112 0.38035 0.0031957 -0.0052747 0.068496 -0.057776 0.01341 -0.045663 0.052326 0.01341 -0.05182 -0.28142 -0.087537 0.113 0.28814 -0.087618 0.079921 -0.19416 -0.18779 -0.083788 0.18293 -0.19922 -0.10124 -0.18056 -0.22761 -0.15474 0.14413 -0.24697 -0.15656 -0.18823 -0.2812 -0.26507 0.13976 -0.29407 -0.2749 -0.16421 -0.23872 -0.59538 0.11933 -0.22976 -0.60191 -0.21246 -0.2447 -0.67536 0.16815 -0.26158 -0.67508 0.01706 -0.22837 0.55715
-0.12984 -0.12602 0.32799 0.17406 -0.12751 0.31539 0.024277 -0.15338 0.37548 0.0037965 -0.0085464 0.067842 -0.057237 0.016711 -0.045067 0.051923 0.016711 -0.051099 -0.28767 -0.095855 0.11631 0.29508 -0.091176 0.081646 -0.19364 -0.17968 -0.083837 0.1855 -0.18813 -0.1043 -0.17166 -0.21263 -0.15671 0.14507 -0.23153 -0.16185 -0.18764 -0.27708 -0.26556 0.13988 -0.28771 -0.27808 -0.16419 -0.23309 -0.59572 0.11693 -0.22075 -0.6044 -0.21187 -0.24033 -0.67594 0.168 -0.25272 -0.67607 0.014101 -0.24835 0.54805
-0.13097 -0.14063 0.3263 0.17581 -0.1448 0.31289 0.024334 -0.16789 0.36981 0.0043004 -0.012846 0.067147 -0.05647 0.020946 -0.044242 0.051382 0.020946 -0.050062 -0.29502 -0.1034 0.12051 0.30435 -0.09691 0.085358 -0.19284 -0.16785 -0.082695 0.18868 -0.17313 -0.10636 -0.16613 -0.19624 -0.15602 0.14686 -0.21146 -0.16644 -0.18771 -0.27124 -0.26636 0.13985 -0.27942 -0.28217 -0.16487 -0.22532 -0.59629 0.11568 -0.20994 -0.60788 -0.21202 -0.23374 -0.67671 0.16739 -0.24039 -0.67974 0.010483 -0.26918 0.53849
-0.13424 -0.15549 0.32385 0.17513 -0.16074 0.31066 0.022038 -0.18354 0.36315 0.0043732 -0.017322 0.066259 -0.055586 0.024553 -0.04366 0.05094 0.024553 -0.049001 -0.30291 -0.10701 0.12426 0.31151 -0.10274 0.089935 -0.19478 -0.15737 -0.08082 0.19025 -0.15824 -0.10621 -0.16436 -0.18654 -0.15175 0.1482 -0.19168 -0.16914 -0.18861 -0.26549 -0.26756 0.1394 -0.2715 -0.28667 -0.16633 -0.21777 -0.59729 0.11442 -0.19886 -0.61161 -0.213 -0.22732 -0.67786 0.16633 -0.22761 -0.68399 0.0067628 -0.28692 0.53046
-0.13978 -0.16846 0.32024 0.17137 -0.17426 0.30827 0.016938 -0.19953 0.35527 0.00393 -0.021417 0.065095 -0.054672 0.026738 -0.043555 0.050731 0.026738 -0.048089 -0.31049 -0.10611 0.1264 0.31512 -0.10784 0.094574 -0.20009 -0.15008 -0.079171 0.19081 -0.1461 -0.10395 -0.16559 -0.18472 -0.14538 0.14923 -0.17521 -0.1694 -0.19046 -0.26038 -0.26959 0.13861 -0.26479 -0.29154 -0.16854 -0.211 -0.5991 0.1127 -0.18796 -0.61544 -0.21476 -0.22161 -0.6798 0.16507 -0.21567 -0.68789 0.002976 -0.30059 0.52407
-0.14523 -0.18032 0.31495 0.16684 -0.18737 0.30417 0.011398 -0.21581 0.34597 0.0033146 -0.025188 0.063714 -0.053784 0.02809 -0.043736 0.050703 0.02809 -0.047273 -0.31652 -0.10474 0.12626 0.31907 -0.11371 0.099143 -0.20512 -0.14207 -0.07951 0.19575 -0.13682 -0.10187 -0.16716 -0.18004 -0.14245 0.15248 -0.16171 -0.16778 -0.19334 -0.25428 -0.27337 0.13813 -0.25757 -0.29765 -0.17118 -0.2023 -0.60246 0.11133 -0.17575 -0.62026 -0.21702 -0.21385 -0.68324 0.16421 -0.20267 -0.69264 -0.0017268 -0.31438 0.51634
-0.14882 -0.19167 0.30804 0.16349 -0.20154 0.2977 0.0073273 -0.23176 0.33562 0.0028172 -0.028639 0.062239 -0.052974 0.029165 -0.044001 0.050791 0.029165 -0.046504 -0.32027 -0.10593 0.12382 0.326 -0.12124 0.10357 -0.20734 -0.13057 -0.08272 0.20796 -0.13014 -0.10148 -0.16726 -0.1655 -0.14613 0.15931 -0.15083 -0.16481 -0.19712 -0.24614 -0.27924 0.13833 -0.24876 -0.30534 -0.17395 -0.19004 -0.60757 0.1109 -0.16157 -0.62647 -0.21944 -0.20237 -0.68843 0.16412 -0.18754 -0.69897 -0.0077735 -0.33099 0.50546
-0.15131 -0.20158 0.30145 0.16132 -0.21555 0.29114 0.004432 -0.24489 0.32642 0.0024378 -0.031423 0.060923 -0.052307 0.030014 -0.044249 0.050944 0.030014 -0.045812 -0.32262 -0.10837 0.12085 0.333 -0.12881 0.10774 -0.2088 -0.11789 -0.086762 0.22141 -0.12559 -0.10129 -0.16726 -0.14903 -0.15115 0.16672 -0.14339 -0.16069 -0.20106 -0.23752 -0.28557 0.13866 -0.23991 -0.31299 -0.17647 -0.17677 -0.61298 0.11092 -0.14792 -0.63277 -0.22167 -0.18977 -0.6939 0.16438 -0.17271 -0.70549 -0.014045 -0.34703 0.49418
-0.15373 -0.20907 0.29706 0.15999 -0.22775 0.28683 0.0021036 -0.25299 0.32042 0.0021308 -0.03322 0.059997 -0.051831 0.030608 -0.044413 0.051115 0.030608 -0.045234 -0.32467 -0.11026 0.11914 0.3369 -0.13461 0.11154 -0.21189 -0.10715 -0.089419 0.22965 -0.12259 -0.099603 -0.16873 -0.13954 -0.15195 0.17158 -0.13986 -0.15579 -0.2044 -0.23024 -0.29061 0.13854 -0.23279 -0.31896 -0.17843 -0.16543 -0.61714 0.11078 -0.13736 -0.63773 -0.22336 -0.17904 -0.69811 0.16453 -0.1608 -0.71069 -0.019265 -0.35868 0.48559
-0.15582 -0.21426 0.29441 0.15922 -0.23707 0.28446 0.00034983 -0.25741 0.31687 0.0019048 -0.034267 0.0594 -0.051496 0.031012 -0.044516 0.051291 0.031012 -0.044752 -0.32671 -0.11175 0.11852 0.3387 -0.13872 0.1148 -0.2158 -0.10029 -0.090648 0.23377 -0.12041 -0.096945 -0.17096 -0.13553 -0.15048 0.17475 -0.1375 -0.15209 -0.20685 -0.22494 -0.29407 0.13833 -0.22743 -0.32325 -0.17975 -0.15679 -0.61982 0.11063 -0.12969 -0.64132 -0.22443 -0.17095 -0.70085 0.16468 -0.15157 -0.71454 -0.022956 -0.36626 0.47973
-0.15692 -0.21771 0.29227 0.15882 -0.24274 0.28277 -0.00061769 -0.26067 0.31416 0.0017836 -0.034985 0.058974 -0.051226 0.031322 -0.044606 0.05147 0.031322 -0.044326 -0.32869 -0.11359 0.11817 0.34077 -0.14193 0.11732 -0.21868 -0.098684 -0.09121 0.23736 -0.11828 -0.094616 -0.17246 -0.13201 -0.15114 0.1784 -0.13302 -0.15165 -0.20835 -0.22157 -0.29635 0.13868 -0.22312 -0.32657 -0.18047 -0.1506 -0.62143 0.11088 -0.12357 -0.64407 -0.22491 -0.16528 -0.70249 0.16517 -0.14371 -0.7176 -0.024982 -0.3715 0.47553
-0.15707 -0.22019 0.29054 0.15877 -0.24558 0.28111 -0.0007821 -0.26352 0.31182 0.0017464 -0.035629 0.058591 -0.051081 0.031565 -0.044603 0.051704 0.031565 -0.043881 -0.32961 -0.1157 0.11743 0.34335 -0.1452 0.1183 -0.2198 -0.10136 -0.092112 0.2419 -0.1159 -0.093904 -0.17276 -0.12748 -0.15486 0.18271 -0.12981 -0.15145 -0.20923 -0.21766 -0.2994 0.13971 -0.21756 -0.33062 -0.1809 -0.14419 -0.62388 0.11168 -0.11643 -0.6476 -0.22506 -0.15943 -0.70499 0.16612 -0.13464 -0.72152 -0.025874 -0.37541 0.47235
-0.15674 -0.22258 0.28983 0.15919 -0.2474 0.27918 -0.00024837 -0.26564 0.31014 0.0017457 -0.036342 0.058153 -0.051199 0.031722 -0.044354 0.052074 0.031722 -0.043323 -0.32788 -0.11745 0.11578 0.3454 -0.14958 0.11669 -0.21917 -0.10586 -0.094476 0.24749 -0.11331 -0.096018 -0.17209 -0.12265 -0.16039 0.18666 -0.13525 -0.14543 -0.21012 -0.20927 -0.30604 0.14119 -0.20761 -0.33763 -0.18156 -0.13356 -0.62999 0.11303 -0.10502 -0.65413 -0.22528 -0.14947 -0.71122 0.16751 -0.12108 -0.72854 -0.02656 -0.37854 0.46974
-0.15601 -0.22526 0.29007 0.16022 -0.24887 0.27708 0.00098829 -0.26699 0.30913 0.0017871 -0.037127 0.057652 -0.051525 0.031821 -0.043902 0.052563 0.031821 -0.042652 -0.32395 -0.11918 0.11351 0.34682 -0.15446 0.11307 -0.21763 -0.11066 -0.098102 0.25329 -0.11123 -0.1003 -0.17161 -0.11796 -0.16645 0.1898 -0.14722 -0.13573 -0.21096 -0.19725 -0.31562 0.14292 -0.19387 -0.34708 -0.18239 -0.1195 -0.63909 0.11468 -0.08996 -0.66314 -0.22562 -0.13589 -0.72048 0.1691 -0.10353 -0.7381 -0.026977 -0.38131 0.46743
-0.15455 -0.22798 0.29048 0.16205 -0.24938 0.27537 0.0030563 -0.26789 0.30847 0.0019364 -0.037832 0.057189 -0.051787 0.031939 -0.043511 0.053037 0.031939 -0.041979 -0.32053 -0.12233 0.11174 0.34862 -0.15736 0.10988 -0.21693 -0.11524 -0.10131 0.25749 -0.11119 -0.10399 -0.17357 -0.11352 -0.17171 0.19242 -0.15292 -0.13367 -0.21102 -0.18777 -0.32353 0.14471 -0.18115 -0.35534 -0.18271 -0.10824 -0.64659 0.11605 -0.076246 -0.67103 -0.22575 -0.1242 -0.72815 0.17041 -0.086635 -0.7465 -0.025954 -0.384 0.4653
-0.15231 -0.23029 0.29051 0.16444 -0.2486 0.27409 0.0057777 -0.26843 0.30809 0.002197 -0.038393 0.056806 -0.051868 0.032135 -0.043273 0.053306 0.032135 -0.041495 -0.31846 -0.12696 0.11052 0.35043 -0.15692 0.10764 -0.2177 -0.11858 -0.10388 0.25878 -0.11315 -0.10649 -0.17784 -0.10992 -0.17593 0.1945 -0.14606 -0.14496 -0.20984 -0.1826 -0.32819 0.14611 -0.17159 -0.36086 -0.18206 -0.10153 -0.6509 0.11676 -0.066 -0.67626 -0.22533 -0.11592 -0.73264 0.17112 -0.072747 -0.75209 -0.023258 -0.38651 0.46342
-0.14995 -0.23128 0.29013 0.16633 -0.24687 0.27224 0.0083537 -0.26816 0.3084 0.0024419 -0.038941 0.05642 -0.051986 0.03243 -0.042904 0.053072 0.03243 -0.041553 -0.31466 -0.13028 0.1076 0.34903 -0.15419 0.1029 -0.21826 -0.11851 -0.10859 0.25685 -0.11381 -0.11167 -0.17948 -0.10875 -0.18096 0.19544 -0.13438 -0.16317 -0.20771 -0.17417 -0.33444 0.14614 -0.16153 -0.3666 -0.18057 -0.091689 -0.65685 0.11671 -0.055221 -0.68175 -0.22412 -0.10424 -0.73875 0.17128 -0.059152 -0.7577 -0.020638 -0.38806 0.46235
-0.14793 -0.23032 0.28937 0.16695 -0.24451 0.26912 0.010221 -0.2668 0.3097 0.0025782 -0.039565 0.055975 -0.052311 0.032815 -0.042204 0.052205 0.032815 -0.042321 -0.30681 -0.13017 0.10143 0.34232 -0.15036 0.09323 -0.21709 -0.11421 -0.11732 0.25206 -0.11077 -0.1223 -0.175 -0.11118 -0.18811 0.1949 -0.12504 -0.18167 -0.20498 -0.15719 -0.34572 0.1443 -0.14825 -0.37477 -0.17846 -0.073347 -0.66784 0.11595 -0.041021 -0.6897 -0.22208 -0.084512 -0.7499 0.17084 -0.043679 -0.76559 -0.019477 -0.38802 0.46248
-0.14571 -0.22788 0.28825 0.16701 -0.24141 0.26547 0.011947 -0.2647 0.31161 0.0026936 -0.040134 0.055565 -0.052709 0.033183 -0.04142 0.051223 0.033183 -0.04324 -0.29713 -0.12799 0.094012 0.33365 -0.14614 0.08168 -0.21428 -0.11029 -0.12734 0.24655 -0.10624 -0.13509 -0.16822 -0.1163 -0.19575 0.1939 -0.11691 -0.19822 -0.2021 -0.13874 -0.3576 0.14189 -0.13493 -0.38298 -0.17623 -0.053594 -0.67943 0.11487 -0.027215 -0.69787 -0.21981 -0.063664 -0.76165 0.16916 -0.028305 -0.77415 -0.018976 -0.38661 0.46359
-0.14272 -0.2247 0.28686 0.1674 -0.23755 0.26235 0.014191 -0.26231 0.31363 0.0028931 -0.040488 0.0553 -0.052986 0.033423 -0.040876 0.050693 0.033423 -0.043696 -0.28854 -0.12572 0.087852 0.32686 -0.14221 0.072029 -0.21035 -0.11148 -0.13531 0.24247 -0.10316 -0.14597 -0.16363 -0.1226 -0.20194 0.19347 -0.10763 -0.21183 -0.19947 -0.1272 -0.36483 0.14032 -0.12532 -0.38838 -0.17436 -0.040813 -0.68638 0.11382 -0.018201 -0.70352 -0.21792 -0.049749 -0.76873 0.16567 -0.015485 -0.78122 -0.018053 -0.38429 0.46528
-0.13972 -0.22167 0.2857 0.1683 -0.23418 0.26077 0.016477 -0.25991 0.31559 0.0031157 -0.040662 0.055159 -0.053044 0.033534 -0.040706 0.050466 0.033534 -0.043865 -0.28146 -0.12402 0.083172 0.32067 -0.13977 0.064377 -0.20621 -0.11504 -0.14127 0.23896 -0.10222 -0.1549 -0.15906 -0.12737 -0.20709 0.19268 -0.099421 -0.22311 -0.19699 -0.12007 -0.36895 0.1388 -0.11784 -0.3921 -0.17265 -0.032491 -0.69024 0.11239 -0.011774 -0.7076 -0.21624 -0.040224 -0.7727 0.16102 -0.0044359 -0.78715 -0.017157 -0.38165 0.46712
-0.13794 -0.21966 0.2854 0.16952 -0.23287 0.26164 0.017915 -0.25759 0.31746 0.0032395 -0.040766 0.055074 -0.052839 0.033558 -0.040947 0.050127 0.033558 -0.044223 -0.27516 -0.12296 0.079214 0.3118 -0.1401 0.05732 -0.20296 -0.1154 -0.14668 0.23401 -0.10309 -0.16348 -0.15044 -0.12766 -0.21265 0.18991 -0.096121 -0.23334 -0.19432 -0.1106 -0.37418 0.13574 -0.1088 -0.39682 -0.17068 -0.021851 -0.69521 0.1099 -0.0031531 -0.71251 -0.21425 -0.028395 -0.77779 0.15634 0.0069586 -0.79325 -0.017277 -0.3793 0.46867
-0.13721 -0.21833 0.28594 0.17078 -0.2325 0.26427 0.01861 -0.25511 0.31946 0.0032843 -0.040815 0.055035 -0.052567 0.033451 -0.041383 0.04972 0.033451 -0.044762 -0.26743 -0.1222 0.074922 0.29976 -0.14188 0.050349 -0.20199 -0.11271 -0.15306 0.2277 -0.10463 -0.17235 -0.14812 -0.12453 -0.22036 0.18586 -0.096606 -0.24341 -0.19095 -0.097617 -0.38131 0.13116 -0.096992 -0.40295 -0.1683 -0.0075586 -0.70204 0.10648 0.0089578 -0.71863 -0.21185 -0.012866 -0.78473 0.15207 0.020061 -0.79969 -0.017881 -0.37684 0.47035
-0.13635 -0.21645 0.28677 0.1717 -0.22998 0.26681 0.019405 -0.25191 0.32195 0.0033744 -0.040755 0.055075 -0.052601 0.033109 -0.041616 0.049637 0.033109 -0.045112 -0.25506 -0.12114 0.069061 0.28613 -0.14189 0.043657 -0.20483 -0.11141 -0.16196 0.22163 -0.10515 -0.1814 -0.17277 -0.12202 -0.23207 0.18296 -0.096079 -0.25386 -0.18621 -0.084178 -0.38853 0.12633 -0.083122 -0.40915 -0.16559 0.0075932 -0.7089 0.10284 0.023187 -0.72481 -0.20924 0.0037371 -0.7916 0.14808 0.035604 -0.80576 -0.017319 -0.37311 0.4732
-0.13515 -0.21359 0.28741 0.17201 -0.2248 0.2687 0.020295 -0.24812 0.32485 0.0035059 -0.040579 0.055197 -0.052997 0.032563 -0.041543 0.049952 0.032563 -0.045161 -0.23917 -0.11938 0.061997 0.2728 -0.13939 0.038089 -0.21086 -0.11285 -0.17251 0.21721 -0.10434 -0.18959 -0.22325 -0.12112 -0.24432 0.18292 -0.092921 -0.26389 -0.1806 -0.072615 -0.39452 0.12215 -0.069152 -0.41439 -0.16295 0.021104 -0.71451 0.099604 0.037241 -0.73008 -0.20686 0.018832 -0.79713 0.14456 0.051945 -0.8108 -0.015374 -0.36823 0.4772
-0.13471 -0.21045 0.28743 0.17158 -0.21996 0.27114 0.020138 -0.24474 0.32743 0.0035027 -0.040355 0.055359 -0.053391 0.032025 -0.041459 0.050306 0.032025 -0.045153 -0.22663 -0.11677 0.056218 0.26195 -0.137 0.035328 -0.21662 -0.11419 -0.18072 0.21549 -0.10373 -0.19468 -0.26928 -0.11875 -0.24671 0.18645 -0.08983 -0.27087 -0.17609 -0.06418 -0.39872 0.11899 -0.058649 -0.418 -0.16125 0.030999 -0.71843 0.097217 0.047707 -0.73376 -0.20544 0.030035 -0.80094 0.14206 0.064341 -0.81423 -0.013764 -0.36395 0.48091
-0.13559 -0.20759 0.28687 0.17041 -0.21727 0.27443 0.018487 -0.2424 0.32926 0.0032856 -0.040141 0.055526 -0.053538 0.031642 -0.041561 0.05045 0.031642 -0.045261 -0.22125 -0.11346 0.053318 0.2547 -0.13627 0.03567 -0.21939 -0.11416 -0.18414 0.21654 -0.1041 -0.19601 -0.2897 -0.11367 -0.23604 0.19316 -0.088472 -0.27379 -0.17383 -0.059206 -0.40105 0.11697 -0.053367 -0.41986 -0.16087 0.036561 -0.72066 0.09586 0.052991 -0.73566 -0.20528 0.036406 -0.80306 0.14088 0.070329 -0.8159 -0.013383 -0.36112 0.48357
-0.13681 -0.20509 0.28686 0.16885 -0.21532 0.27648 0.016719 -0.24069 0.33062 0.0030315 -0.039963 0.055671 -0.053535 0.031382 -0.041763 0.050456 0.031382 -0.045436 -0.21872 -0.11021 0.052457 0.24956 -0.13586 0.036022 -0.21865 -0.11585 -0.18449 0.21825 -0.10425 -0.19676 -0.28941 -0.1096 -0.22712 0.20029 -0.087392 -0.27571 -0.17267 -0.056026 -0.40247 0.11563 -0.050539 -0.42092 -0.16102 0.039945 -0.72207 0.095127 0.055949 -0.73672 -0.20562 0.040366 -0.80436 0.14056 0.073304 -0.81669 -0.012883 -0.35827 0.48623
-0.13743 -0.20274 0.28825 0.16715 -0.21238 0.27577 0.016023 -0.23886 0.33202 0.0028996 -0.039786 0.055812 -0.053496 0.031146 -0.042002 0.050431 0.031146 -0.045632 -0.21467 -0.10752 0.052495 0.24474 -0.13419 0.033862 -0.21477 -0.12142 -0.18387 0.21851 -0.10311 -0.19966 -0.27691 -0.10952 -0.23289 0.20514 -0.085224 -0.27929 -0.1714 -0.052659 -0.40403 0.11434 -0.04703 -0.42219 -0.16099 0.043584 -0.7236 0.094397 0.059712 -0.73794 -0.20581 0.044643 -0.80576 0.14036 0.077075 -0.81758 -0.01109 -0.35377 0.49002
-0.13766 -0.19936 0.29009 0.16522 -0.20758 0.27486 0.015614 -0.23536 0.33451 0.0028112 -0.039344 0.056125 -0.053376 0.030663 -0.042501 0.050435 0.030663 -0.045951 -0.20954 -0.10434 0.052503 0.2388 -0.13067 0.031291 -0.21064 -0.12622 -0.18343 0.21674 -0.10138 -0.20287 -0.26002 -0.1101 -0.24677 0.207 -0.082929 -0.2829 -0.1698 -0.047002 -0.40635 0.11194 -0.040925 -0.42419 -0.16118 0.049337 -0.72593 0.092491 0.065819 -0.73997 -0.20625 0.051178 -0.80795 0.13871 0.083578 -0.81939 -0.0090022 -0.3469 0.49534
-0.13804 -0.19381 0.29113 0.1629 -0.20053 0.27697 0.014314 -0.2288 0.33898 0.0026254 -0.038374 0.056788 -0.053105 0.029679 -0.043501 0.0505 0.029679 -0.046505 -0.20497 -0.099557 0.051766 0.23069 -0.1252 0.031279 -0.20939 -0.12472 -0.18392 0.21288 -0.10023 -0.20368 -0.24556 -0.10708 -0.25781 0.2058 -0.081999 -0.28403 -0.16792 -0.037406 -0.40979 0.1074 -0.031069 -0.42718 -0.16219 0.058469 -0.72956 0.088331 0.075088 -0.74319 -0.20757 0.061255 -0.81138 0.13424 0.09377 -0.82265 -0.0079848 -0.33738 0.50219
-0.13907 -0.18777 0.2918 0.16054 -0.1933 0.28137 0.012183 -0.22136 0.344 0.0022263 -0.03721 0.057577 -0.05274 0.028491 -0.044728 0.050566 0.028491 -0.047176 -0.20194 -0.094743 0.050874 0.22172 -0.11963 0.033446 -0.21067 -0.11964 -0.18467 0.20787 -0.10049 -0.20234 -0.2332 -0.10314 -0.26336 0.20272 -0.082994 -0.283 -0.16587 -0.026382 -0.4136 0.10192 -0.019937 -0.43044 -0.16372 0.068583 -0.73369 0.083013 0.085904 -0.74656 -0.20944 0.072362 -0.81527 0.12896 0.10466 -0.82598 -0.0074825 -0.32705 0.5094
-0.14125 -0.18416 0.2934 0.15874 -0.18903 0.28551 0.0098883 -0.21679 0.34708 0.0015253 -0.036454 0.058095 -0.052404 0.027644 -0.045671 0.050527 0.027644 -0.047736 -0.2011 -0.092695 0.051113 0.21437 -0.11665 0.035857 -0.21248 -0.11756 -0.1843 0.20309 -0.1027 -0.2005 -0.2193 -0.10414 -0.26484 0.19953 -0.085959 -0.28141 -0.16375 -0.018288 -0.4165 0.097711 -0.011613 -0.43277 -0.16505 0.075643 -0.73694 0.078629 0.095546 -0.74843 -0.2111 0.080291 -0.8183 0.12644 0.11151 -0.82718 -0.0060268 -0.31859 0.51531
-0.14463 -0.18303 0.29774 0.15794 -0.18774 0.28967 0.0077819 -0.21497 0.34826 0.00070356 -0.036062 0.058356 -0.052186 0.027121 -0.046232 0.050385 0.027121 -0.048185 -0.20295 -0.093279 0.054434 0.21002 -0.11586 0.03912 -0.21429 -0.11915 -0.18088 0.19959 -0.10604 -0.19748 -0.20492 -0.10906 -0.26169 0.19702 -0.09011 -0.2786 -0.16114 -0.012848 -0.41848 0.094989 -0.0059713 -0.43411 -0.16622 0.079601 -0.73932 0.075421 0.10348 -0.74895 -0.21254 0.084905 -0.82048 0.12663 0.11423 -0.82641 -0.0032009 -0.31114 0.5202
-0.14886 -0.18181 0.30707 0.15838 -0.18674 0.29669 0.0059342 -0.21236 0.3498 0.00017746 -0.035421 0.058739 -0.052137 0.02641 -0.046677 0.05023 0.02641 -0.048723 -0.20787 -0.093777 0.063322 0.20906 -0.11413 0.046077 -0.21694 -0.11985 -0.17206 0.19808 -0.10847 -0.19058 -0.19525 -0.11089 -0.25165 0.19515 -0.093942 -0.27194 -0.15714 -0.0057062 -0.42062 0.092235 0.00081811 -0.43535 -0.16785 0.083924 -0.74206 0.071997 0.11111 -0.74986 -0.21444 0.089658 -0.82304 0.12631 0.11683 -0.82594 0.00046813 -0.3007 0.52604
-0.15328 -0.17925 0.32068 0.15989 -0.1847 0.30772 0.0043791 -0.20746 0.35271 0.00010378 -0.034326 0.059379 -0.052237 0.025343 -0.047148 0.050122 0.025343 -0.04939 -0.2149 -0.092774 0.077037 0.21033 -0.11052 0.057509 -0.22039 -0.11746 -0.15859 0.19782 -0.10924 -0.17913 -0.19211 -0.10681 -0.23596 0.19364 -0.096708 -0.26076 -0.15188 0.004548 -0.42328 0.088874 0.010052 -0.43685 -0.17004 0.090057 -0.74548 0.067943 0.11884 -0.75183 -0.21685 0.09605 -0.82631 0.12418 0.12101 -0.82673 0.0042197 -0.28667 0.53325
-0.15684 -0.17618 0.33329 0.16162 -0.18258 0.3212 0.0031097 -0.2021 0.35591 0.0002243 -0.033229 0.060013 -0.05235 0.02432 -0.047573 0.050072 0.02432 -0.049966 -0.22102 -0.091015 0.089812 0.21026 -0.10762 0.070877 -0.22317 -0.11385 -0.14608 0.19588 -0.10966 -0.16568 -0.19178 -0.1009 -0.22145 0.19189 -0.098876 -0.24758 -0.14704 0.014543 -0.42559 0.085898 0.018899 -0.4381 -0.17189 0.096123 -0.74843 0.064447 0.12542 -0.75382 -0.21889 0.10236 -0.82913 0.12208 0.12466 -0.82756 0.0069827 -0.27381 0.53967
-0.15842 -0.17298 0.34134 0.16329 -0.18053 0.33496 0.0025512 -0.19721 0.35876 0.00037348 -0.032419 0.060465 -0.0524 0.023589 -0.047895 0.050065 0.023589 -0.050332 -0.22424 -0.088771 0.097914 0.20761 -0.1065 0.083574 -0.22409 -0.11016 -0.13815 0.19137 -0.10998 -0.15286 -0.1913 -0.096135 -0.2127 0.18991 -0.10013 -0.23496 -0.14374 0.021817 -0.42693 0.083855 0.025493 -0.43875 -0.17288 0.10074 -0.7501 0.062159 0.13019 -0.75507 -0.22003 0.10725 -0.83069 0.12118 0.12646 -0.82757 0.0084587 -0.26491 0.54404
-0.15702 -0.16823 0.34718 0.1663 -0.17589 0.34579 0.0043444 -0.19039 0.36231 0.00074444 -0.031567 0.0609 -0.05249 0.022838 -0.048149 0.050032 0.022838 -0.050699 -0.22583 -0.084462 0.10448 0.20815 -0.10312 0.093593 -0.22317 -0.10464 -0.13165 0.18962 -0.10691 -0.14265 -0.19106 -0.090686 -0.20657 0.18966 -0.097641 -0.22484 -0.14107 0.027601 -0.42773 0.081678 0.031656 -0.43912 -0.17364 0.10473 -0.75097 0.059831 0.13445 -0.75606 -0.22098 0.11117 -0.83146 0.11999 0.12821 -0.82748 0.010582 -0.25588 0.54829
-0.15215 -0.16077 0.35348 0.17179 -0.16649 0.35113 0.0096656 -0.17958 0.36749 0.0015068 -0.030343 0.061488 -0.052725 0.021758 -0.04838 0.049915 0.021758 -0.051273 -0.22734 -0.076861 0.11284 0.21697 -0.093927 0.099504 -0.22073 -0.095798 -0.12328 0.19549 -0.097763 -0.13648 -0.19176 -0.082607 -0.19954 0.1928 -0.089247 -0.2186 -0.13806 0.0334 -0.4285 0.078349 0.03926 -0.43957 -0.17483 0.10901 -0.75162 0.056262 0.1395 -0.75729 -0.22247 0.11468 -0.832 0.11706 0.13172 -0.82807 0.015037 -0.24275 0.55425
-0.14614 -0.15249 0.35916 0.17785 -0.15526 0.3527 0.016139 -0.16744 0.37304 0.0023799 -0.028997 0.062116 -0.053021 0.020563 -0.048585 0.049777 0.020563 -0.051904 -0.22861 -0.068282 0.12097 0.22909 -0.082269 0.10234 -0.21779 -0.086126 -0.1151 0.20542 -0.086107 -0.13344 -0.19263 -0.073643 -0.19286 0.19786 -0.078416 -0.21539 -0.13506 0.038775 -0.4292 0.074583 0.047068 -0.43998 -0.17617 0.11321 -0.75209 0.052222 0.14464 -0.75852 -0.22408 0.1172 -0.83241 0.11333 0.13598 -0.8289 0.020147 -0.22851 0.56056
-0.14193 -0.14592 0.36219 0.18187 -0.14642 0.35339 0.02053 -0.15783 0.37716 0.0029723 -0.027924 0.062594 -0.053249 0.019594 -0.048748 0.049712 0.019594 -0.052352 -0.22902 -0.061883 0.12548 0.23692 -0.073286 0.10381 -0.21551 -0.079059 -0.11053 0.21359 -0.077078 -0.13201 -0.19261 -0.066495 -0.18905 0.20249 -0.070017 -0.21371 -0.13279 0.042752 -0.42966 0.07155 0.053036 -0.44014 -0.17715 0.11656 -0.75227 0.049009 0.14867 -0.75926 -0.22514 0.11799 -0.8326 0.11042 0.13923 -0.82925 0.02341 -0.2179 0.56506
-0.13959 -0.14046 0.36315 0.18381 -0.13978 0.35373 0.022808 -0.15042 0.38 0.0032785 -0.027084 0.062943 -0.053437 0.018748 -0.048873 0.049762 0.018748 -0.052611 -0.22883 -0.05753 0.12687 0.24014 -0.066971 0.10436 -0.2142 -0.074315 -0.10909 0.2187 -0.070856 -0.13163 -0.19225 -0.061266 -0.18778 0.20583 -0.064194 -0.21308 -0.13113 0.045396 -0.42993 0.069249 0.057291 -0.44003 -0.17776 0.1191 -0.75223 0.046632 0.15175 -0.7595 -0.22575 0.11823 -0.83257 0.10827 0.14145 -0.82917 0.025182 -0.20995 0.56807
-0.13747 -0.13365 0.36417 0.18516 -0.13265 0.3529 0.024795 -0.1425 0.38278 0.0035174 -0.026184 0.063303 -0.053702 0.017668 -0.048975 0.049931 0.017668 -0.052814 -0.22883 -0.053175 0.12791 0.24269 -0.060329 0.10369 -0.21368 -0.069464 -0.10804 0.22221 -0.064739 -0.13238 -0.19303 -0.056547 -0.18705 0.20793 -0.058345 -0.21359 -0.1295 0.047323 -0.43019 0.066991 0.061222 -0.43979 -0.17825 0.12127 -0.75214 0.044356 0.1548 -0.7595 -0.22649 0.12016 -0.83235 0.10589 0.14366 -0.82915 0.027459 -0.20042 0.57132
-0.13497 -0.12479 0.366 0.18655 -0.12406 0.35103 0.027163 -0.13322 0.38593 0.0037842 -0.025095 0.063728 -0.054069 0.016275 -0.049054 0.050153 0.016275 -0.053052 -0.22926 -0.047854 0.12973 0.24633 -0.052215 0.10221 -0.21391 -0.063557 -0.10625 0.22545 -0.057567 -0.13381 -0.19528 -0.051782 -0.18594 0.20911 -0.051513 -0.21468 -0.12754 0.047558 -0.43061 0.064415 0.065552 -0.43945 -0.17878 0.123 -0.75186 0.041854 0.15821 -0.75944 -0.2273 0.1221 -0.83189 0.10292 0.14628 -0.82938 0.030713 -0.18829 0.5753
-0.13264 -0.11498 0.36804 0.18767 -0.11486 0.34922 0.029356 -0.1237 0.38895 0.004043 -0.023861 0.064186 -0.054469 0.014779 -0.049089 0.050284 0.014779 -0.053368 -0.22979 -0.041756 0.13171 0.25051 -0.043451 0.10102 -0.21497 -0.057214 -0.10432 0.22958 -0.049821 -0.13497 -0.19806 -0.047328 -0.18467 0.21 -0.044487 -0.21511 -0.12515 0.043487 -0.43133 0.061511 0.070285 -0.43903 -0.17933 0.12357 -0.7509 0.039233 0.16185 -0.75936 -0.22743 0.11842 -0.83109 0.099647 0.1491 -0.8297 0.033816 -0.1759 0.57914
-0.13085 -0.10538 0.36982 0.18837 -0.106 0.34816 0.030996 -0.11501 0.39147 0.0042623 -0.022584 0.06463 -0.054837 0.013378 -0.04908 0.050261 0.013378 -0.053756 -0.23024 -0.03537 0.13344 0.25458 -0.03498 0.10073 -0.21678 -0.051116 -0.10265 0.23482 -0.042203 -0.13533 -0.20077 -0.043537 -0.18343 0.21097 -0.037994 -0.21434 -0.12251 0.034821 -0.4323 0.058438 0.075155 -0.43853 -0.17945 0.12211 -0.74946 0.036669 0.16542 -0.75926 -0.2267 0.109 -0.82985 0.096397 0.15187 -0.83004 0.036065 -0.16506 0.58222
-0.1296 -0.097152 0.37136 0.18878 -0.098379 0.34772 0.032126 -0.10791 0.39338 0.0044306 -0.021456 0.065004 -0.055127 0.012211 -0.049061 0.050174 0.012211 -0.054116 -0.23071 -0.029635 0.13499 0.25783 -0.027801 0.10094 -0.2189 -0.045911 -0.10115 0.23963 -0.035679 -0.13523 -0.20349 -0.040669 -0.18224 0.21193 -0.032497 -0.21309 -0.12021 0.025661 -0.43316 0.055633 0.079449 -0.43804 -0.17797 0.11741 -0.74897 0.034426 0.1685 -0.75914 -0.22598 0.10415 -0.82807 0.093418 0.15431 -0.83042 0.03767 -0.15629 0.58454
-0.1288 -0.090944 0.37269 0.18905 -0.092506 0.3477 0.032846 -0.10278 0.39471 0.0045427 -0.020585 0.065281 -0.055318 0.011329 -0.049062 0.050101 0.011329 -0.054379 -0.2313 -0.025119 0.13645 0.25982 -0.022461 0.10125 -0.22106 -0.041874 -0.099742 0.24283 -0.030803 -0.13499 -0.20655 -0.03867 -0.18112 0.21282 -0.028138 -0.21205 -0.11866 0.019266 -0.43364 0.053389 0.082733 -0.43758 -0.17419 0.10907 -0.75039 0.032655 0.17084 -0.75898 -0.22559 0.10986 -0.82627 0.090862 0.15625 -0.83081 0.038897 -0.14963 0.58623
-0.1283 -0.085704 0.37394 0.18923 -0.087453 0.34801 0.033296 -0.098639 0.39572 0.0046079 -0.019758 0.065529 -0.055469 0.010507 -0.04907 0.05002 0.010507 -0.054615 -0.23183 -0.021008 0.13784 0.26098 -0.017967 0.10169 -0.22368 -0.038019 -0.098415 0.24502 -0.026666 -0.13462 -0.21091 -0.036443 -0.18011 0.21386 -0.024079 -0.21118 -0.11746 0.014542 -0.4339 0.051414 0.085642 -0.43711 -0.16926 0.09948 -0.75262 0.031096 0.173 -0.75873 -0.22369 0.11402 -0.82689 0.088562 0.15786 -0.83105 0.039864 -0.1439 0.58762
-0.1279 -0.080242 0.37516 0.18932 -0.082186 0.34854 0.033616 -0.094406 0.39674 0.0046405 -0.018744 0.06582 -0.055644 0.0095107 -0.04907 0.049893 0.0095107 -0.054908 -0.23213 -0.016372 0.13914 0.26183 -0.013201 0.1023 -0.22719 -0.033315 -0.097196 0.24704 -0.022229 -0.13406 -0.21732 -0.032922 -0.17927 0.21528 -0.019437 -0.21036 -0.11612 0.0097768 -0.43413 0.049364 0.088899 -0.43653 -0.16454 0.091153 -0.75436 0.029464 0.17553 -0.75838 -0.21819 0.10297 -0.83178 0.086327 0.15941 -0.83095 0.040658 -0.13793 0.58902
-0.12753 -0.074713 0.37627 0.18939 -0.076844 0.34912 0.033897 -0.090094 0.39774 0.0046708 -0.017609 0.066132 -0.055831 0.0084228 -0.04906 0.049718 0.0084228 -0.055245 -0.23213 -0.011393 0.14026 0.26253 -0.0082694 0.10296 -0.23125 -0.028066 -0.096145 0.24897 -0.017555 -0.13347 -0.22447 -0.028575 -0.17855 0.21704 -0.014336 -0.20969 -0.11473 0.0051201 -0.43436 0.047325 0.092371 -0.43589 -0.16027 0.083649 -0.7557 0.027853 0.17834 -0.75794 -0.20845 0.077364 -0.83652 0.084241 0.16096 -0.8306 0.041327 -0.13188 0.59039
-0.12712 -0.069763 0.37708 0.18948 -0.071994 0.34956 0.034203 -0.086114 0.39862 0.0047318 -0.016528 0.066408 -0.055988 0.0074398 -0.049042 0.049504 0.0074398 -0.05558 -0.23188 -0.0066606 0.14109 0.26309 -0.0037272 0.10345 -0.23527 -0.023051 -0.095327 0.25059 -0.013115 -0.13304 -0.23038 -0.024414 -0.17789 0.21898 -0.0092706 -0.20936 -0.11357 0.0013907 -0.43452 0.045539 0.095611 -0.43526 -0.15628 0.075468 -0.75727 0.026488 0.18107 -0.75748 -0.19444 0.043632 -0.83485 0.082484 0.1625 -0.83015 0.041904 -0.12642 0.59157
-0.12674 -0.065519 0.37766 0.18956 -0.067779 0.34987 0.034484 -0.082575 0.39935 0.0048175 -0.015557 0.066636 -0.056104 0.006624 -0.049026 0.049274 0.006624 -0.055886 -0.23148 -0.002391 0.14167 0.26344 0.00026574 0.10378 -0.23917 -0.018393 -0.094673 0.25184 -0.0090794 -0.13275 -0.23482 -0.020702 -0.17724 0.22094 -0.0044219 -0.20932 -0.11271 -0.0013031 -0.43462 0.044055 0.098461 -0.43468 -0.15272 0.066333 -0.75912 0.025368 0.18359 -0.757 -0.17703 0.010543 -0.8286 0.081033 0.16398 -0.82965 0.042352 -0.12172 0.59254
-0.12654 -0.061744 0.37822 0.18954 -0.064044 0.35022 0.034608 -0.079371 0.40001 0.0048953 -0.014665 0.066833 -0.056187 0.0059427 -0.049019 0.049055 0.0059427 -0.056155 -0.23112 0.0014677 0.14217 0.26349 0.0038276 0.1041 -0.2432 -0.013756 -0.094026 0.25273 -0.0054095 -0.13248 -0.23872 -0.017173 -0.17653 0.22273 0.00024997 -0.20934 -0.11209 -0.0033402 -0.43468 0.042786 0.10097 -0.43414 -0.14996 0.056822 -0.76094 0.024337 0.18597 -0.75652 -0.15776 -0.011736 -0.82504 0.079731 0.16529 -0.82908 0.04259 -0.11758 0.59337
-0.12655 -0.058047 0.37887 0.18938 -0.060534 0.3507 0.034538 -0.076233 0.40063 0.0049535 -0.013781 0.067018 -0.05624 0.0053298 -0.049029 0.048846 0.0053298 -0.0564 -0.23083 0.005238 0.14271 0.26323 0.0071495 0.1045 -0.24737 -0.0087459 -0.093295 0.25335 -0.001932 -0.13212 -0.24265 -0.013325 -0.17573 0.2244 0.004907 -0.20929 -0.11161 -0.0047365 -0.43475 0.041666 0.10344 -0.43359 -0.14796 0.047307 -0.76258 0.02341 0.18842 -0.75598 -0.1391 -0.021266 -0.82643 0.078577 0.16655 -0.82836 0.042565 -0.11366 0.59415
-0.12668 -0.053855 0.37963 0.18918 -0.056881 0.35139 0.034347 -0.072701 0.40131 0.0050064 -0.012778 0.067209 -0.056265 0.0046807 -0.049064 0.048607 0.0046807 -0.056661 -0.23043 0.0095658 0.14328 0.26269 0.010505 0.105 -0.25136 -0.0029073 -0.092472 0.25383 0.0016818 -0.13167 -0.2467 -0.0083848 -0.17486 0.22631 0.0098547 -0.20922 -0.11114 -0.005052 -0.43486 0.040658 0.10641 -0.43286 -0.14623 0.037884 -0.76411 0.02281 0.19139 -0.75528 -0.12476 -0.026172 -0.82868 0.07776 0.16811 -0.82738 0.04226 -0.10943 0.59496
-0.12682 -0.048585 0.3805 0.18902 -0.052708 0.35232 0.034116 -0.068303 0.40209 0.0050699 -0.011528 0.067424 -0.056264 0.0038884 -0.049131 0.048297 0.0038884 -0.05698 -0.22977 0.015116 0.14388 0.26196 0.014171 0.10563 -0.25486 0.0042186 -0.091552 0.25431 0.0057702 -0.1311 -0.25092 -0.00156 -0.17396 0.22883 0.015407 -0.20916 -0.11053 -0.0038193 -0.43505 0.039725 0.11047 -0.4318 -0.14424 0.028636 -0.7656 0.022772 0.1953 -0.7543 -0.11847 -0.03519 -0.8273 0.077481 0.17036 -0.82603 0.041663 -0.1044 0.59588
-0.12687 -0.041653 0.38151 0.18899 -0.04764 0.35357 0.033924 -0.062569 0.40305 0.00516 -0.009903 0.067682 -0.056238 0.0028459 -0.049236 0.047875 0.0028459 -0.057401 -0.22865 0.022555 0.14451 0.26107 0.018426 0.1064 -0.25753 0.01309 -0.090533 0.25496 0.010672 -0.13039 -0.25534 0.0079408 -0.17304 0.23233 0.021878 -0.20914 -0.10964 -0.00057106 -0.43535 0.038831 0.11619 -0.43025 -0.14147 0.019644 -0.76711 0.023533 0.2006 -0.75294 -0.12399 -0.057056 -0.81783 0.077941 0.17369 -0.82419 0.040759 -0.098032 0.59698
