-0.20783 -0.024853 0.32535 -0.15101 -0.12292 0.28994 -0.062419 -0.039215 0.39886 0.0098774 -0.0045329 0.067731 -0.048233 -0.0025902 -0.057113 0.049768 -0.0025902 -0.055781 -0.33866 -0.012286 0.094317 -0.058371 0.11994 0.23436 -0.1707 -0.15352 0.0048232 -0.015574 -0.093553 0.14076 -0.14533 -0.23214 0.00091533 -0.041463 -0.16212 0.10246 -0.10906 0.062201 -0.43665 0.13172 0.051297 -0.43304 -0.044027 0.16424 -0.74785 0.11084 0.13153 -0.75648 -0.057497 0.084952 -0.79574 0.031102 0.12358 -0.80485 -0.044368 -0.063809 0.59375
-0.23829 -0.010774 0.34262 -0.16638 -0.13578 0.28853 -0.085957 -0.043641 0.39574 9.6529e-05 -0.0029514 0.068584 -0.045706 -0.00024166 -0.059275 0.046009 -0.00024166 -0.058984 -0.29391 -0.052315 0.089092 0.045168 -0.013632 0.21749 -0.15714 -0.2203 -0.0055488 -0.0079807 -0.18063 0.067018 -0.13484 -0.29753 -0.024571 -0.037995 -0.24962 0.033241 -0.10137 0.077156 -0.43719 0.13575 0.04584 -0.43554 -0.042249 0.16075 -0.75477 0.1186 0.13085 -0.75733 -0.065889 0.084086 -0.80289 0.0069973 0.14062 -0.80227 -0.067135 -0.06963 0.59037
-0.22702 -0.0071098 0.32602 -0.15954 -0.14296 0.27668 -0.087875 -0.054651 0.39533 -0.007582 -0.0062379 0.067846 -0.041492 0.0015409 -0.062185 0.04775 0.0015409 -0.05752 -0.26833 -0.061473 0.068209 0.083484 -0.046364 0.20661 -0.14721 -0.23802 -0.034166 0.0071762 -0.20291 0.042354 -0.11973 -0.31276 -0.05632 -0.024653 -0.27136 0.0081646 -0.098353 0.082522 -0.43923 0.13995 0.02788 -0.43532 -0.037741 0.15861 -0.75883 0.13232 0.12846 -0.75448 -0.059955 0.081957 -0.80768 0.10083 0.11018 -0.81168 -0.070335 -0.081061 0.59004
-0.205 -0.0074969 0.30565 -0.14194 -0.14693 0.26785 -0.081327 -0.065378 0.39576 -0.012431 -0.010756 0.0666 -0.038032 0.0037376 -0.064302 0.050574 0.0037376 -0.054986 -0.24371 -0.063646 0.048742 0.094609 -0.049667 0.19616 -0.12996 -0.24047 -0.060613 0.017146 -0.20495 0.034838 -0.096522 -0.31343 -0.080579 -0.020899 -0.26962 6.9809e-05 -0.09264 0.087689 -0.44102 0.14355 0.0042781 -0.43353 -0.033468 0.16342 -0.76077 0.14688 0.094785 -0.75485 -0.050626 0.086393 -0.81112 0.18666 0.036057 -0.81684 -0.066891 -0.090777 0.59085
-0.19494 -0.007309 0.30195 -0.12761 -0.15304 0.26967 -0.076505 -0.070604 0.3958 -0.014131 -0.0137 0.065734 -0.036872 0.0065773 -0.064738 0.051341 0.0065773 -0.054004 -0.21493 -0.067613 0.042337 0.10786 -0.075504 0.18668 -0.10588 -0.2448 -0.070491 0.017218 -0.21956 0.022949 -0.070196 -0.31759 -0.087156 -0.03511 -0.27473 -0.0095382 -0.08108 0.10051 -0.44055 0.14709 -0.016628 -0.43111 -0.03167 0.17929 -0.76079 0.15908 0.020427 -0.7613 -0.045833 0.10312 -0.81346 0.18782 -0.061117 -0.80849 -0.065674 -0.094122 0.59134
-0.18877 -0.0086442 0.30012 -0.13583 -0.17455 0.26914 -0.072226 -0.071319 0.39645 -0.013854 -0.015348 0.065406 -0.036359 0.0076528 -0.064951 0.051602 0.0076528 -0.053608 -0.22306 -0.029731 0.040951 0.12052 -0.10238 0.19832 -0.11519 -0.20928 -0.07154 0.031097 -0.23499 0.02217 -0.074649 -0.28107 -0.079524 -0.035775 -0.27247 -0.008664 -0.075751 0.12246 -0.43513 0.1554 -0.0216 -0.42821 -0.032824 0.20471 -0.7569 0.17268 -0.030732 -0.7624 -0.043251 0.13009 -0.81214 0.20636 -0.10132 -0.80317 -0.060556 -0.095938 0.59186
-0.17738 -0.019068 0.29622 -0.098721 -0.16718 0.27637 -0.060374 -0.069969 0.3985 -0.012063 -0.01595 0.065616 -0.037308 0.0076559 -0.064372 0.051745 0.0076559 -0.053468 -0.26158 0.0182 0.046586 0.13653 -0.086255 0.18871 -0.1421 -0.1521 -0.066669 0.052727 -0.22153 0.013332 -0.091638 -0.21745 -0.070099 -0.018336 -0.24773 -0.019743 -0.080486 0.14222 -0.42768 0.16281 -0.0092134 -0.42673 -0.056241 0.23731 -0.74666 0.18632 -0.030009 -0.75914 -0.058576 0.16558 -0.80683 0.25069 -0.070074 -0.81449 -0.046888 -0.092497 0.594
-0.16134 -0.041073 0.29989 0.055665 -0.078355 0.31038 -0.036716 -0.067731 0.40157 -0.0089956 -0.015275 0.066251 -0.041829 0.0090239 -0.061283 0.050948 0.0090239 -0.054018 -0.28401 0.0036983 0.06707 0.16614 -0.0099932 0.10465 -0.13564 -0.13471 -0.052718 0.057116 -0.16591 -0.032753 -0.074998 -0.18692 -0.069957 -0.0043238 -0.20424 -0.071004 -0.08815 0.14209 -0.425 0.15742 0.0089334 -0.42895 -0.11775 0.26967 -0.73022 0.18843 0.0034549 -0.76192 -0.10965 0.20697 -0.80086 0.23509 -0.018732 -0.83972 -0.026471 -0.078552 0.59833
-0.15419 -0.04809 0.30599 0.13665 -0.014332 0.33301 -0.023347 -0.061645 0.40384 -0.0073567 -0.013858 0.066787 -0.046276 0.008494 -0.058187 0.051353 0.008494 -0.053695 -0.29347 -0.0064014 0.083917 0.1953 0.03608 0.066404 -0.13183 -0.13162 -0.037565 0.068533 -0.13363 -0.043681 -0.069682 -0.17829 -0.067365 0.0097167 -0.17913 -0.080595 -0.091714 0.11976 -0.42861 0.14269 0.01868 -0.43259 -0.16077 0.27701 -0.71644 0.15561 0.052608 -0.76315 -0.15659 0.24206 -0.80047 0.1836 0.028881 -0.84969 -0.0073806 -0.077209 0.59945
-0.15593 -0.036341 0.31068 0.11645 -0.0046809 0.33826 -0.023353 -0.053339 0.40492 -0.0072971 -0.012342 0.067082 -0.048868 0.0067811 -0.05622 0.052662 0.0067811 -0.052689 -0.29785 0.016052 0.092104 0.20081 0.032018 0.08966 -0.14628 -0.12259 -0.02601 0.069437 -0.13755 -0.010761 -0.08911 -0.17315 -0.057775 0.0052273 -0.1794 -0.041783 -0.08879 0.092218 -0.4345 0.12292 0.025826 -0.43561 -0.16389 0.26794 -0.70819 0.10525 0.09795 -0.76132 -0.17333 0.27094 -0.80167 0.12962 0.06394 -0.84506 0.0039877 -0.088732 0.59711
-0.15534 -0.024714 0.31453 0.11937 0.0022719 0.34882 -0.021716 -0.048828 0.40562 -0.0066931 -0.011404 0.067315 -0.05047 0.0073601 -0.054706 0.052671 0.0073601 -0.052604 -0.29737 0.040787 0.099575 0.17587 0.026254 0.093038 -0.16 -0.11213 -0.018054 0.029547 -0.13996 0.0097487 -0.10509 -0.16627 -0.047653 -0.033222 -0.18411 -0.020447 -0.081255 0.076972 -0.43741 0.10132 0.044815 -0.43739 -0.14855 0.26237 -0.7064 0.07529 0.1255 -0.76102 -0.16222 0.28467 -0.7994 0.090044 0.086191 -0.8454 0.0062752 -0.095259 0.59549
-0.15126 -0.021534 0.31888 0.1306 0.0016773 0.35219 -0.015887 -0.052117 0.40548 -0.0049781 -0.01191 0.067362 -0.05149 0.0076855 -0.053715 0.051896 0.0076855 -0.053316 -0.28641 0.049269 0.10126 0.17506 0.020308 0.089532 -0.15712 -0.11263 -0.014036 0.02531 -0.13948 -0.00039549 -0.104 -0.16867 -0.043912 -0.034308 -0.18852 -0.031744 -0.072198 0.049413 -0.44016 0.085154 0.060363 -0.43824 -0.12863 0.21256 -0.72697 0.047617 0.1483 -0.75759 -0.14139 0.2089 -0.81467 0.072417 0.099637 -0.83172 0.0057505 -0.10318 0.5947
-0.14507 -0.022098 0.32302 0.13577 -0.0079998 0.34631 -0.0081788 -0.058168 0.40495 -0.0027415 -0.012885 0.067321 -0.052198 0.0068351 -0.053138 0.050861 0.0068351 -0.054419 -0.26593 0.04799 0.096895 0.20148 0.012554 0.08964 -0.13924 -0.11906 -0.013597 0.061531 -0.14147 -0.023921 -0.090684 -0.17705 -0.046994 0.0092778 -0.1923 -0.062553 -0.068601 0.017091 -0.44253 0.078421 0.069714 -0.43811 -0.11033 0.11575 -0.75841 0.026742 0.16737 -0.75326 -0.1225 0.067165 -0.83832 0.06432 0.10806 -0.8152 0.0053308 -0.11271 0.59406
-0.13891 -0.017483 0.32527 0.14227 -0.016456 0.34128 -0.0020405 -0.058152 0.40507 -0.0010237 -0.012554 0.067433 -0.052877 0.0059716 -0.052571 0.049738 0.0059716 -0.055546 -0.24353 0.053899 0.091601 0.21647 0.0063975 0.087124 -0.11958 -0.11733 -0.015507 0.082192 -0.14728 -0.033767 -0.078089 -0.17861 -0.052191 0.046364 -0.19668 -0.088554 -0.07509 0.007036 -0.44191 0.079882 0.082542 -0.43654 -0.094928 0.017664 -0.77313 0.031231 0.17824 -0.7528 -0.10751 -0.0471 -0.84198 0.048255 0.11694 -0.82028 0.0042633 -0.1165 0.59341
-0.13605 -0.012879 0.32651 0.14579 -0.017842 0.33824 0.0011298 -0.053699 0.40569 -0.0001288 -0.011493 0.067626 -0.053883 0.0052134 -0.051614 0.049085 0.0052134 -0.056203 -0.22681 0.059537 0.087413 0.21817 0.0023779 0.083274 -0.10448 -0.11393 -0.018105 0.086272 -0.14954 -0.041803 -0.065764 -0.17661 -0.055862 0.058143 -0.20508 -0.096076 -0.080047 0.0017929 -0.44043 0.082779 0.098226 -0.43322 -0.083297 -0.040936 -0.77323 0.035538 0.20357 -0.74651 -0.093109 -0.11303 -0.83041 0.037245 0.13887 -0.81497 0.0030976 -0.11341 0.5937
-0.13608 -0.0093337 0.32709 0.14588 -0.013897 0.33695 0.0017956 -0.047312 0.40649 0.00024593 -0.010336 0.067813 -0.05502 0.0045755 -0.050468 0.049197 0.0045755 -0.056158 -0.21804 0.061918 0.084487 0.21222 0.0028076 0.080109 -0.097868 -0.11171 -0.023107 0.084268 -0.14683 -0.05183 -0.056443 -0.17371 -0.058853 0.050376 -0.21176 -0.090512 -0.079454 -0.0031308 -0.43943 0.082965 0.11244 -0.42922 -0.074049 -0.053147 -0.76933 0.035965 0.24423 -0.73235 -0.079574 -0.13258 -0.81875 0.037525 0.17341 -0.79348 0.0023334 -0.10615 0.59478
-0.13675 -0.0045375 0.32657 0.14543 -0.01075 0.33686 0.00093319 -0.040554 0.40722 0.00044001 -0.0093012 0.067963 -0.055637 0.003998 -0.049842 0.049949 0.003998 -0.055535 -0.21611 0.062761 0.081954 0.20457 0.0091277 0.078485 -0.10066 -0.10992 -0.03209 0.084404 -0.14298 -0.057798 -0.054633 -0.17092 -0.063663 0.03854 -0.20669 -0.085379 -0.077062 8.9312e-05 -0.43903 0.082187 0.11877 -0.4267 -0.065312 -0.038395 -0.77016 0.047997 0.27861 -0.71764 -0.069495 -0.11879 -0.81829 0.04705 0.20473 -0.77505 0.0017913 -0.098592 0.59575
-0.13926 -0.0021266 0.32458 0.14243 -0.011569 0.33555 -0.0023052 -0.034922 0.40775 -0.000116 -0.0083341 0.068088 -0.055113 0.0029984 -0.050475 0.050819 0.0029984 -0.054803 -0.22204 0.056509 0.078928 0.20156 0.015144 0.077832 -0.10752 -0.11448 -0.038654 0.087177 -0.13944 -0.0609 -0.056747 -0.17276 -0.067947 0.02549 -0.19047 -0.07887 -0.07433 0.0054152 -0.43982 0.090054 0.10883 -0.42786 -0.058681 -0.016514 -0.7729 0.07177 0.28493 -0.71115 -0.061736 -0.096814 -0.82069 0.068379 0.20817 -0.76458 9.1195e-05 -0.091753 0.59664
-0.14414 -0.0017541 0.3212 0.13575 -0.012724 0.33327 -0.0085244 -0.030541 0.40801 -0.0014357 -0.0075041 0.06817 -0.053684 0.0019334 -0.052053 0.051602 0.0019334 -0.054116 -0.23512 0.045388 0.075938 0.20067 0.019806 0.077562 -0.11713 -0.12334 -0.041463 0.087205 -0.13921 -0.056539 -0.063347 -0.17896 -0.070732 0.01571 -0.17924 -0.067534 -0.071272 0.014646 -0.44124 0.10384 0.081353 -0.43217 -0.053496 0.010564 -0.77456 0.096709 0.28304 -0.69843 -0.054973 -0.070275 -0.82174 0.092211 0.20314 -0.74701 -0.0038103 -0.084796 0.59761
-0.15038 -0.0013561 0.31696 0.12669 -0.01006 0.33181 -0.016929 -0.02712 0.40798 -0.0030102 -0.0069813 0.068174 -0.052044 0.0015032 -0.053707 0.052328 0.0015032 -0.053428 -0.25231 0.034849 0.074147 0.19416 0.023508 0.076826 -0.12905 -0.13048 -0.04274 0.07758 -0.14551 -0.041251 -0.074008 -0.18537 -0.071316 0.0092839 -0.18888 -0.053201 -0.066298 0.033096 -0.44197 0.11142 0.041132 -0.43681 -0.046388 0.045942 -0.77465 0.1079 0.27858 -0.67645 -0.047171 -0.034608 -0.82235 0.10265 0.19733 -0.72268 -0.0093836 -0.077556 0.59854
-0.15552 -0.0042578 0.31271 0.11942 -0.010195 0.3312 -0.024158 -0.025941 0.4077 -0.0043919 -0.0068443 0.068113 -0.050452 0.0014669 -0.055201 0.052858 0.0014669 -0.052905 -0.2682 0.020934 0.073336 0.17908 0.018356 0.073931 -0.1347 -0.13773 -0.04127 0.057665 -0.1576 -0.028599 -0.074754 -0.18883 -0.065703 -0.0099265 -0.20687 -0.048725 -0.056149 0.054137 -0.4413 0.10428 -0.0047715 -0.43883 -0.032144 0.07209 -0.77492 0.096335 0.16556 -0.71383 -0.032805 -0.0091311 -0.82143 0.093389 0.084932 -0.76117 -0.013092 -0.074238 0.59865
-0.15766 -0.0085935 0.30939 0.11628 -0.011791 0.33202 -0.027965 -0.026824 0.4074 -0.0052244 -0.0070127 0.068037 -0.049364 0.0016115 -0.056176 0.053085 0.0016115 -0.052673 -0.27347 0.006918 0.070645 0.16557 0.012809 0.071948 -0.12715 -0.14376 -0.03919 0.043795 -0.16824 -0.020594 -0.062367 -0.19142 -0.058655 -0.0035058 -0.22431 -0.054548 -0.046835 0.070431 -0.43988 0.089581 -0.036645 -0.43899 -0.00085428 0.10118 -0.76859 0.077719 0.0074919 -0.77239 -9.5311e-05 0.019408 -0.8141 0.077679 -0.072678 -0.82073 -0.013705 -0.075671 0.59799
-0.1567 -0.011203 0.30768 0.117 -0.01081 0.33427 -0.028123 -0.028901 0.40724 -0.0053969 -0.007378 0.067986 -0.049042 0.001918 -0.056448 0.052964 0.001918 -0.052786 -0.26245 -0.0014728 0.063985 0.1659 0.018987 0.074642 -0.10636 -0.14716 -0.038952 0.054719 -0.17046 -0.014643 -0.042328 -0.19664 -0.056278 0.057003 -0.23695 -0.060353 -0.044841 0.080825 -0.43826 0.079729 -0.043256 -0.43925 0.041372 0.15022 -0.75204 0.072427 -0.06942 -0.77528 0.045605 0.06988 -0.79983 0.072386 -0.15045 -0.82224 -0.012173 -0.080485 0.59699
-0.15533 -0.016269 0.30747 0.11899 -0.013489 0.33521 -0.026602 -0.03239 0.40707 -0.0052548 -0.0079727 0.067928 -0.048801 0.0024665 -0.056634 0.052498 0.0024665 -0.053223 -0.24542 -0.0082786 0.057646 0.17506 0.026442 0.078576 -0.084186 -0.154 -0.036728 0.084327 -0.16847 -0.020753 -0.018719 -0.20221 -0.051363 0.076362 -0.23774 -0.055297 -0.04134 0.096409 -0.43468 0.073029 -0.055535 -0.43785 0.043232 0.18913 -0.74465 0.070141 -0.12115 -0.76325 0.048904 0.11001 -0.7944 0.071271 -0.19969 -0.8139 -0.0096994 -0.088689 0.59535
-0.15289 -0.020745 0.30849 0.12227 -0.016024 0.33453 -0.023083 -0.033622 0.40719 -0.0047008 -0.0082179 0.067941 -0.049057 0.0027388 -0.056399 0.051998 0.0027388 -0.053702 -0.23381 -0.014643 0.055322 0.18419 0.033265 0.080761 -0.068079 -0.16034 -0.031257 0.10324 -0.16406 -0.022363 0.0020826 -0.20306 -0.041267 0.053343 -0.22935 -0.041366 -0.040111 0.11307 -0.43023 0.06605 -0.074776 -0.43556 0.0074382 0.20934 -0.74646 0.069142 -0.16544 -0.75725 0.012696 0.13135 -0.79795 0.071702 -0.24103 -0.81245 -0.0049358 -0.093756 0.5942
-0.14688 -0.019609 0.31131 0.12893 -0.013523 0.33265 -0.015223 -0.03057 0.40781 -0.0032793 -0.0077938 0.068077 -0.050538 0.0023609 -0.055091 0.051634 0.0023609 -0.05407 -0.23118 -0.014503 0.059094 0.18919 0.039574 0.079265 -0.061489 -0.15727 -0.025142 0.092322 -0.15842 -0.0070357 0.011158 -0.19686 -0.030471 0.040321 -0.22025 -0.030518 -0.051955 0.11583 -0.42817 0.060057 -0.080294 -0.43518 -0.037006 0.20973 -0.74853 0.075967 -0.1751 -0.75542 -0.032333 0.13372 -0.80295 0.077646 -0.25187 -0.80896 0.003705 -0.092132 0.5943
-0.13667 -0.016858 0.31861 0.14093 -0.016904 0.32741 -0.00051221 -0.031316 0.408 -0.00058723 -0.0079636 0.068125 -0.052679 0.0022626 -0.05306 0.050806 0.0022626 -0.054849 -0.2254 0.0053339 0.06948 0.19903 0.031447 0.07254 -0.067263 -0.14351 -0.023933 0.086671 -0.15819 -0.014779 -0.00015184 -0.19071 -0.028791 0.032935 -0.21593 -0.035472 -0.078535 0.092605 -0.43123 0.065157 -0.060349 -0.43877 -0.095852 0.16262 -0.7567 0.093284 -0.13024 -0.76337 -0.094545 0.087454 -0.81243 0.095061 -0.20742 -0.81629 0.014222 -0.09736 0.59324
-0.12397 -0.015809 0.32954 0.15671 -0.027496 0.32043 0.018474 -0.036922 0.40714 0.0028745 -0.0089038 0.067957 -0.055062 0.0026911 -0.050552 0.049629 0.0026911 -0.055899 -0.21702 0.023076 0.083516 0.21917 0.0080308 0.064569 -0.074891 -0.13178 -0.026554 0.093296 -0.16838 -0.031372 -0.014707 -0.18806 -0.034926 0.028055 -0.21863 -0.041224 -0.1052 0.045535 -0.43463 0.072492 -0.033138 -0.44357 -0.15307 0.07666 -0.7638 0.10525 -0.067068 -0.77431 -0.1563 0.0010199 -0.81885 0.10777 -0.14336 -0.82847 0.025495 -0.10818 0.59097
-0.11126 -0.017115 0.34061 0.1724 -0.038378 0.31423 0.036786 -0.042729 0.40532 0.006256 -0.009891 0.067592 -0.057288 0.0033038 -0.047974 0.048745 0.0033038 -0.056637 -0.21225 0.016321 0.096966 0.24418 -0.020936 0.05895 -0.077643 -0.13723 -0.024571 0.099718 -0.18448 -0.0338 -0.017539 -0.19288 -0.036398 0.028326 -0.22626 -0.039768 -0.11089 -0.0088763 -0.43358 0.070844 -0.016779 -0.44559 -0.17071 -0.014412 -0.76234 0.10204 -0.030593 -0.77794 -0.17691 -0.090835 -0.81605 0.10448 -0.10668 -0.83236 0.036435 -0.11591 0.58851
-0.10023 -0.017627 0.34824 0.18361 -0.042089 0.30743 0.051311 -0.043588 0.40363 0.0091605 -0.010084 0.067226 -0.058514 0.003659 -0.046455 0.048662 0.003659 -0.0567 -0.20833 0.013111 0.10751 0.25394 -0.044447 0.051088 -0.095298 -0.15923 -0.0063039 0.10126 -0.18565 -0.062624 -0.034804 -0.21471 -0.016726 0.032752 -0.23075 -0.071498 -0.087751 -0.042503 -0.43339 0.072 0.0091846 -0.44526 -0.11582 -0.078463 -0.76456 0.11035 -0.0067528 -0.77632 -0.12539 -0.15544 -0.81685 0.11373 -0.082732 -0.83108 0.043359 -0.11982 0.5855
-0.096584 -0.0071718 0.35416 0.18285 -0.039813 0.29976 0.056909 -0.035583 0.40371 0.010583 -0.0086985 0.067221 -0.058279 0.0029398 -0.046809 0.048424 0.0029398 -0.056925 -0.20436 0.02794 0.11359 0.25365 -0.05955 0.044367 -0.12855 -0.16946 0.0047367 0.085559 -0.17397 -0.076134 -0.073168 -0.23012 -0.0043645 0.018036 -0.22068 -0.084857 -0.091447 -0.041878 -0.43168 0.072472 0.027419 -0.44536 -0.11901 -0.081847 -0.76073 0.11804 0.0030743 -0.7753 -0.13516 -0.15916 -0.8111 0.11689 -0.073376 -0.82915 0.036719 -0.11279 0.58403
-0.10454 0.013661 0.35672 0.16563 -0.032299 0.29264 0.048936 -0.017768 0.40599 0.0096616 -0.0053471 0.067718 -0.056236 0.00084406 -0.049349 0.047932 0.00084406 -0.057399 -0.20134 0.044735 0.11074 0.25208 -0.060189 0.042875 -0.14804 -0.15604 -0.0079094 0.053983 -0.16305 -0.034822 -0.10472 -0.22524 -0.020805 -0.020539 -0.19865 -0.03305 -0.14564 -0.024532 -0.42703 0.072055 0.024294 -0.44593 -0.24287 -0.046103 -0.74466 0.11609 0.0063845 -0.7764 -0.26434 -0.12438 -0.79193 0.10459 -0.07204 -0.82625 0.01432 -0.091395 0.58564
-0.11976 0.015437 0.34286 0.13843 -0.011109 0.28863 0.027806 0.0049923 0.408 0.0068075 -0.00066994 0.068212 -0.052018 -0.0013354 -0.053638 0.050521 -0.0013354 -0.055222 -0.19996 0.01669 0.090264 0.23285 -0.029303 0.040991 -0.10171 -0.1707 -0.0028962 0.043616 -0.15822 -0.016312 -0.072071 -0.24631 -0.017602 -0.027032 -0.1972 -0.0018667 -0.13724 -0.046414 -0.43038 0.09571 0.043394 -0.43998 -0.22084 -0.097307 -0.74648 0.14871 0.050409 -0.77031 -0.22946 -0.1789 -0.78947 0.14235 -0.031358 -0.81428 -0.0050651 -0.070236 0.58727
-0.13912 2.1683e-05 0.32848 0.11109 0.00065346 0.28734 0.0032018 0.017794 0.40894 0.0031144 0.0022634 0.068504 -0.048269 -0.0023824 -0.057127 0.056138 -0.0023824 -0.049293 -0.1971 -0.019192 0.069717 0.21086 -0.014259 0.041259 -0.062634 -0.20875 0.016157 0.034423 -0.1619 -0.017758 -0.039902 -0.28727 0.0023605 -0.0296 -0.21068 0.003244 -0.093436 -0.087588 -0.43555 0.10477 0.049942 -0.43141 -0.11916 -0.1825 -0.75628 0.14423 0.072716 -0.76104 -0.11644 -0.26785 -0.79538 0.14807 -0.012361 -0.80073 -0.025405 -0.062885 0.58674
-0.15638 -0.017973 0.32955 0.090085 -0.017924 0.28642 -0.01469 0.0096713 0.40898 -0.00011784 0.0011234 0.068601 -0.047316 -0.0017687 -0.057936 0.061598 -0.0017687 -0.042303 -0.19131 -0.020063 0.066095 0.1962 -0.055149 0.044921 -0.098367 -0.23612 0.02529 -0.0043119 -0.17102 -0.010354 -0.07434 -0.31479 0.012656 -0.071873 -0.2164 0.0083442 -0.080276 -0.10456 -0.43341 0.070223 0.001081 -0.42942 -0.097827 -0.20272 -0.75347 0.058096 0.0038046 -0.76088 -0.10533 -0.28859 -0.7909 0.058513 -0.081934 -0.79995 -0.052605 -0.073046 0.5842
-0.16003 -0.040289 0.32808 0.073344 -0.044437 0.2833 -0.025426 -0.010908 0.40798 -0.0019251 -0.0021793 0.068499 -0.047407 -6.5539e-05 -0.057803 0.062491 -6.5539e-05 -0.041151 -0.19067 -0.031268 0.064751 0.15675 -0.10354 0.041224 -0.12484 -0.24372 0.021287 -0.052288 -0.1776 -0.020186 -0.10538 -0.32077 0.010444 -0.1227 -0.21185 -0.0079628 -0.061425 -0.10435 -0.43043 0.050017 -0.053584 -0.43633 -0.07463 -0.19628 -0.74808 0.020605 -0.087694 -0.77464 -0.090488 -0.27811 -0.78648 0.010567 -0.16942 -0.81401 -0.069152 -0.089572 0.58245
-0.17407 -0.078847 0.32413 0.06545 -0.055649 0.2778 -0.034327 -0.032113 0.40682 -0.0027672 -0.0056715 0.068341 -0.04802 0.0019583 -0.05737 0.060821 0.0019583 -0.043525 -0.21789 -0.065865 0.061278 0.13994 -0.14993 0.036533 -0.15762 -0.30331 0.0052772 -0.0897 -0.21215 -0.026506 -0.15096 -0.38863 -0.0026461 -0.1706 -0.24443 -0.035885 -0.043542 -0.12562 -0.42889 -0.0078798 0.0035639 -0.42057 -0.050682 -0.24012 -0.74604 -0.076492 0.020002 -0.74171 -0.060105 -0.32699 -0.78625 -0.084363 -0.067113 -0.78238 -0.082426 -0.11444 0.58099
-0.18583 -0.088409 0.32442 0.056985 -0.046224 0.27139 -0.039994 -0.034159 0.40642 -0.0035052 -0.006422 0.068274 -0.046783 0.0034705 -0.058337 0.059248 0.0034705 -0.045577 -0.24602 -0.083955 0.063397 0.13247 -0.17613 0.040933 -0.20501 -0.34085 -0.0086832 -0.11569 -0.22218 -0.008898 -0.21891 -0.42903 -0.017438 -0.19677 -0.25855 -0.042444 -0.052336 -0.13928 -0.42845 -0.081 0.15872 -0.37794 -0.067286 -0.26644 -0.74514 -0.20371 0.31301 -0.65255 -0.071763 -0.35712 -0.78641 -0.2033 0.22248 -0.69607 -0.091515 -0.1163 0.58151
-0.095788 0.061329 0.32555 0.013258 -0.038672 0.26611 -0.026672 0.0084375 0.40659 -0.0041844 -0.00043148 0.068278 -0.03833 0.0034837 -0.064317 0.055446 0.0034837 -0.049996 -0.16396 -0.0084521 0.084667 -0.044147 -0.11132 0.051534 -0.15724 -0.0024986 0.011325 -0.15211 -0.002978 -0.00056503 -0.20406 -0.023923 -0.013634 -0.15018 -0.0071657 0.0021486 -0.086574 0.0059546 -0.42942 0.073961 0.1287 -0.38076 -0.11736 0.023494 -0.73743 0.10865 0.26032 -0.64529 -0.16377 -0.011398 -0.77994 0.067581 0.23069 -0.69124 -0.058762 -0.0074078 0.59173
-0.00038587 0.20274 0.32642 -0.013845 -0.036644 0.26277 -0.0088278 0.045937 0.4071 -0.0036735 0.0052857 0.068365 -0.038088 0.00023588 -0.063758 0.05273 0.00023588 -0.053041 -0.088476 0.065024 0.11471 -0.20284 -0.031865 0.060779 -0.087944 0.32845 0.049872 -0.16167 0.21566 -0.0017776 -0.15259 0.37817 0.011435 -0.088735 0.24919 0.050199 -0.10271 0.15022 -0.42545 0.25545 0.027774 -0.40075 -0.13965 0.29921 -0.73014 0.44656 0.065423 -0.68697 -0.22711 0.31649 -0.77508 0.36143 0.091357 -0.73401 -0.021855 0.091441 0.60154
0.002848 0.18698 0.32776 0.017511 -0.035561 0.26286 -0.0033362 0.038849 0.40761 -0.00079144 0.0048082 0.068456 -0.053531 -0.005215 -0.051165 0.054057 -0.005215 -0.051403 -0.12395 0.050209 0.13788 -0.16759 -0.016886 0.066898 -0.083042 0.28922 0.079307 -0.12366 0.2149 -0.00081524 -0.13496 0.34758 0.043953 -0.072418 0.25272 0.058815 -0.077691 0.1359 -0.41625 0.24891 0.040889 -0.39171 -0.098868 0.2484 -0.73211 0.39682 0.072107 -0.69384 -0.18137 0.2543 -0.78018 0.31394 0.083443 -0.74069 -0.01934 0.076682 0.60157
0.0002538 0.1732 0.32986 0.051341 -0.036083 0.26964 -0.0019339 0.033228 0.40755 0.0044532 0.0042708 0.06828 -0.06051 -0.0068524 -0.044608 0.056078 -0.0068524 -0.049065 -0.14201 0.036283 0.15173 -0.12854 -0.011019 0.081089 -0.072984 0.24528 0.096375 -0.10021 0.20257 0.00087237 -0.11552 0.3027 0.060317 -0.063244 0.23027 0.06471 -0.058376 0.10375 -0.41679 0.23858 0.080616 -0.37825 -0.051063 0.18107 -0.74026 0.37809 0.13587 -0.67268 -0.12868 0.17236 -0.78928 0.29842 0.1302 -0.71906 -0.019096 0.066365 0.60044
0.0049335 0.17753 0.32945 0.075274 -0.034928 0.28 -0.0011479 0.033826 0.407 0.0099929 0.0057941 0.067618 -0.059372 -0.0063437 -0.044774 0.057379 -0.0063437 -0.047559 -0.13401 0.037843 0.1517 -0.12763 -0.0041997 0.10895 -0.055415 0.25779 0.099318 -0.10291 0.21423 0.016089 -0.097327 0.31746 0.058863 -0.062127 0.23322 0.086739 -0.052347 0.084346 -0.42407 0.2278 0.084111 -0.38614 -0.032575 0.15108 -0.75073 0.37452 0.15268 -0.67841 -0.1115 0.13579 -0.79904 0.29622 0.13967 -0.72766 -0.014006 0.068787 0.60088
-0.0023119 0.17239 0.32996 0.094935 -0.029514 0.28853 -0.0017358 0.029584 0.40625 0.014134 0.0083564 0.066585 -0.059023 -0.0066639 -0.045363 0.057582 -0.0066639 -0.047276 -0.13508 0.033567 0.14744 -0.1232 -0.0052969 0.13613 -0.057115 0.25251 0.096698 -0.10799 0.21218 0.04179 -0.10149 0.30883 0.054852 -0.071587 0.23155 0.114 -0.052511 0.062927 -0.42891 0.16924 0.057383 -0.41472 -0.046981 0.10909 -0.7594 0.26224 0.12815 -0.72711 -0.12369 0.084207 -0.80675 0.19069 0.1057 -0.78211 -0.011952 0.056539 0.60143
-0.019196 0.18758 0.34247 0.10285 -0.023017 0.29214 -0.0051333 0.02423 0.40551 0.016887 0.010413 0.065786 -0.059338 -0.0062422 -0.045268 0.056322 -0.0062422 -0.048836 -0.13772 0.020287 0.16387 -0.098433 -0.0070555 0.12954 -0.081901 0.24271 0.1073 -0.092334 0.21268 0.042341 -0.13415 0.28996 0.065017 -0.065723 0.24152 0.11432 -0.06352 0.063326 -0.4287 0.11557 0.069005 -0.42715 -0.067675 0.09749 -0.76152 0.16487 0.16097 -0.74482 -0.14171 0.06198 -0.80798 0.091258 0.13082 -0.80009 -0.017622 0.050061 0.60064
-0.052076 0.13395 0.32589 0.10245 -0.023719 0.29462 -0.010382 0.017639 0.40538 0.01399 0.013717 0.065618 -0.057878 -0.0045441 -0.047066 0.056418 -0.0045441 -0.048864 -0.16318 0.0056577 0.13265 -0.11895 -0.014359 0.13114 -0.1149 0.2323 0.084791 -0.11986 0.20631 0.04441 -0.17284 0.27377 0.042487 -0.097739 0.24146 0.11615 -0.072436 0.085241 -0.42617 0.10615 0.10102 -0.42057 -0.082456 0.13835 -0.75505 0.13815 0.20943 -0.73447 -0.14304 0.086978 -0.8032 0.082592 0.16039 -0.78528 -0.023322 0.045255 0.60029
-0.09366 -0.001745 0.27402 0.10052 -0.033586 0.29936 -0.015731 0.0087517 0.40616 0.0054098 0.01678 0.066242 -0.054418 -0.0023315 -0.051214 0.058885 -0.0023315 -0.046038 -0.20986 -0.004554 0.040946 -0.13778 -0.02215 0.15149 -0.13738 0.21976 0.020947 -0.14245 0.19544 0.057545 -0.19466 0.26245 -0.020822 -0.1167 0.22889 0.12873 -0.068687 0.11804 -0.42175 0.13197 0.1129 -0.41107 -0.082958 0.20736 -0.74295 0.15951 0.21596 -0.72711 -0.11558 0.13717 -0.79501 0.14912 0.13847 -0.77443 -0.023721 0.032366 0.60185
-0.11154 -0.043915 0.26472 0.099439 -0.041808 0.30393 -0.020155 -0.00046191 0.40738 5.7005e-05 0.012182 0.067486 -0.052713 -0.0011459 -0.053142 0.059922 -0.0011459 -0.0448 -0.22211 -0.012488 0.017412 0.07201 -0.0045694 0.11228 -0.13917 0.2099 0.0058659 0.071977 0.21706 0.028956 -0.19779 0.25102 -0.03534 0.097356 0.25428 0.098113 -0.059644 0.15486 -0.41003 0.13193 0.099745 -0.41429 -0.058731 0.23933 -0.73281 0.15801 0.2028 -0.73294 -0.065758 0.16213 -0.78446 0.16558 0.12046 -0.78254 -0.025557 0.015549 0.60391
-0.11317 -0.036922 0.27882 0.097161 -0.045296 0.30605 -0.023838 -0.0046106 0.40814 -0.0031572 0.006276 0.06826 -0.051402 -0.00093914 -0.054295 0.059818 -0.00093914 -0.044888 -0.20695 -0.0064799 0.03457 0.27088 0.021566 0.083782 -0.12781 0.21647 0.024852 0.286 0.24804 0.015333 -0.18897 0.25485 -0.015534 0.3087 0.29009 0.082915 -0.050978 0.18562 -0.39673 0.11629 0.074316 -0.42325 -0.0328 0.26181 -0.72147 0.13619 0.14104 -0.7474 -0.023286 0.17714 -0.76448 0.14512 0.064431 -0.79907 -0.028784 0.0053986 0.60511
-0.1144 -0.054801 0.28108 0.093404 -0.044393 0.30548 -0.026917 -0.0030027 0.40809 -0.0067546 0.0049194 0.06809 -0.049116 -0.001069 -0.056391 0.059732 -0.001069 -0.045009 -0.1907 0.013294 0.036662 0.26781 0.033189 0.11197 -0.11661 0.23833 0.037215 0.30501 0.25854 0.048641 -0.17888 0.27608 -0.0020042 0.32714 0.30097 0.11612 -0.046931 0.19845 -0.39138 0.10919 0.049416 -0.4284 -0.022628 0.30146 -0.70809 0.11864 0.038953 -0.76073 -0.0055501 0.21605 -0.74851 0.13521 -0.0391 -0.80926 -0.031556 0.0056908 0.60512
-0.11553 -0.062506 0.28114 0.092659 -0.039368 0.30477 -0.028818 -0.0033994 0.40797 -0.0085364 0.0039268 0.067951 -0.047834 -0.0011201 -0.057517 0.059219 -0.0011201 -0.045683 -0.18235 0.022022 0.03694 0.2517 0.030165 0.11285 -0.11513 0.24941 0.040197 0.30779 0.25327 0.056017 -0.17851 0.28622 0.0019015 0.32983 0.29685 0.12272 -0.051257 0.18612 -0.39889 0.10523 0.029025 -0.43136 -0.016157 0.3211 -0.70236 0.11067 -0.014859 -0.76481 0.00033845 0.28671 -0.77523 0.1353 -0.094172 -0.80881 -0.034547 0.0070295 0.60486
-0.116 -0.063121 0.28113 0.094877 -0.034387 0.30592 -0.029871 -0.0066753 0.40792 -0.0088961 0.0022043 0.06798 -0.047175 -0.00087099 -0.058034 0.058546 -0.00087099 -0.046547 -0.18019 0.019935 0.037154 0.25202 0.02805 0.098313 -0.12435 0.25017 0.038987 0.31344 0.25066 0.045036 -0.18917 0.28507 0.001305 0.33465 0.29598 0.11089 -0.063827 0.17469 -0.40609 0.1019 0.02264 -0.43354 -0.01478 0.30439 -0.70957 0.11183 -0.048045 -0.75845 -0.016249 0.3403 -0.80349 0.13948 -0.12648 -0.80056 -0.038174 0.0065771 0.60458
-0.11686 -0.062225 0.2797 0.095538 -0.033048 0.3069 -0.030658 -0.0084922 0.40791 -0.0087641 0.0006122 0.068031 -0.046603 -0.00051735 -0.058503 0.058299 -0.00051735 -0.046862 -0.18177 0.014779 0.033673 0.24564 0.034157 0.097568 -0.14078 0.24817 0.034732 0.29819 0.25853 0.042298 -0.20706 0.28067 -0.0025556 0.31764 0.30477 0.10805 -0.066458 0.17488 -0.40639 0.097609 0.040969 -0.43269 -0.02179 0.26153 -0.7258 0.1195 -0.08279 -0.74166 -0.048443 0.31556 -0.80363 0.14609 -0.16144 -0.78412 -0.043236 0.005641 0.60428
-0.12064 -0.045415 0.27746 0.088956 -0.03457 0.30234 -0.031653 -0.0034688 0.40795 -0.0081557 0.00016806 0.06811 -0.046734 -0.00071201 -0.058404 0.058765 -0.00071201 -0.046277 -0.1886 0.0090865 0.026739 0.24525 0.037623 0.10064 -0.16043 0.24447 0.022658 0.2862 0.26481 0.046632 -0.22791 0.27464 -0.01445 0.30373 0.31182 0.11238 -0.028948 0.16058 -0.41134 0.090567 0.086136 -0.42396 -0.033303 0.22144 -0.73848 0.1292 -0.07095 -0.71601 -0.055392 0.19575 -0.80868 0.15529 -0.15382 -0.75732 -0.05053 0.0065204 0.60401
-0.12672 -0.030721 0.27693 0.084512 -0.031142 0.29994 -0.033863 0.0011978 0.40786 -0.0077842 -0.00011314 0.068156 -0.046721 -0.0017397 -0.058384 0.058667 -0.0017397 -0.046361 -0.19889 0.0062778 0.023609 0.24422 0.042119 0.10028 -0.18597 0.24271 0.015506 0.26952 0.27169 0.047439 -0.25475 0.26983 -0.021519 0.28472 0.31947 0.1132 0.0027485 0.14156 -0.41821 0.090421 0.12052 -0.41559 -0.043903 0.18453 -0.7467 0.12973 -0.04176 -0.70607 -0.044979 0.14416 -0.82586 0.13594 -0.11506 -0.75819 -0.055671 0.0086131 0.6038
-0.13142 -0.029887 0.27882 0.087148 -0.022367 0.30294 -0.03588 0.0021406 0.40769 -0.0077562 -0.00021755 0.068159 -0.046427 -0.0029027 -0.058575 0.057499 -0.0029027 -0.047752 -0.20885 0.0077342 0.027313 0.23521 0.051953 0.09506 -0.21509 0.24448 0.018897 0.24052 0.28248 0.040399 -0.28541 0.26743 -0.018089 0.25278 0.331 0.10624 -0.0038944 0.12944 -0.42288 0.09846 0.12636 -0.41329 -0.048181 0.14718 -0.75351 0.12257 -0.0020142 -0.72153 -0.035745 0.18226 -0.83937 0.086971 -0.054497 -0.7887 -0.05556 0.012627 0.60369
-0.13012 -0.028996 0.28053 0.088708 -0.01952 0.30266 -0.033721 0.0064499 0.40779 -0.0071079 0.0017964 0.068192 -0.047226 -0.0027729 -0.057936 0.056467 -0.0027729 -0.048982 -0.21464 0.011088 0.031778 0.22208 0.062557 0.087961 -0.23671 0.24683 0.020658 0.2115 0.2927 0.032345 -0.3082 0.26566 -0.016411 0.22094 0.34181 0.098204 -0.022585 0.11793 -0.4275 0.1016 0.13032 -0.41248 -0.043851 0.11581 -0.76028 0.1274 0.097818 -0.73932 -0.032537 0.094766 -0.82684 0.063335 0.04536 -0.79271 -0.051417 0.021319 0.60373
-0.12689 -0.024073 0.28104 0.089126 -0.020043 0.3002 -0.029826 0.01076 0.40801 -0.0060472 0.0045697 0.068183 -0.048543 -0.0024051 -0.056862 0.055643 -0.0024051 -0.049932 -0.21736 0.0131 0.033895 0.20938 0.063465 0.078348 -0.25008 0.24742 0.020235 0.19394 0.29301 0.021148 -0.32187 0.26481 -0.016942 0.2024 0.3424 0.086935 -0.0389 0.10483 -0.43161 0.1073 0.13192 -0.41217 -0.043415 0.09307 -0.76554 0.14518 0.19014 -0.74108 -0.036089 0.0033105 -0.81703 0.098587 0.14383 -0.7974 -0.04275 0.029292 0.60395
-0.12415 -0.018892 0.28208 0.093267 -0.019633 0.29896 -0.024386 0.010993 0.40822 -0.0047862 0.0066292 0.068109 -0.04973 -0.0025193 -0.055819 0.054654 -0.0025193 -0.051007 -0.21679 0.011794 0.034855 0.20122 0.053066 0.067211 -0.25483 0.24533 0.021516 0.18444 0.28174 0.0070618 -0.32626 0.264 -0.015746 0.19374 0.33107 0.072782 -0.052934 0.091545 -0.43411 0.11706 0.12864 -0.41272 -0.05372 0.071672 -0.76749 0.16755 0.22227 -0.7296 -0.046353 -0.0058348 -0.8216 0.168 0.19448 -0.81713 -0.030579 0.030398 0.60443
-0.11874 -0.019887 0.28665 0.10564 -0.018942 0.29969 -0.013309 0.0077055 0.40857 -0.0030325 0.0079201 0.068071 -0.050918 -0.0023339 -0.054737 0.053275 -0.0023339 -0.052449 -0.21093 0.0080068 0.03883 0.19955 0.042203 0.05867 -0.24781 0.2419 0.027081 0.16699 0.26833 -0.0034565 -0.31899 0.26129 -0.010335 0.17685 0.31745 0.062352 -0.073319 0.080709 -0.43484 0.11738 0.12801 -0.41421 -0.069338 0.038271 -0.76578 0.18308 0.21863 -0.72823 -0.063247 -0.040222 -0.81358 0.1954 0.18191 -0.81652 -0.018231 0.022954 0.60519
-0.11222 -0.023124 0.28976 0.11726 -0.019346 0.30008 -0.0028667 0.0021247 0.4088 -0.0010332 0.007865 0.068133 -0.051581 -0.0020271 -0.05414 0.051938 -0.0020271 -0.053791 -0.21025 0.0069534 0.04465 0.19709 0.031421 0.051676 -0.23654 0.24218 0.034409 0.15872 0.2561 -0.013303 -0.3071 0.26329 -0.0031635 0.16984 0.30466 0.052702 -0.092949 0.06938 -0.43513 0.11347 0.12627 -0.41665 -0.097211 0.0065114 -0.76301 0.17911 0.19416 -0.73695 -0.083975 -0.068298 -0.81576 0.18065 0.14212 -0.81409 -0.005201 0.013036 0.60573
-0.10729 -0.023805 0.29039 0.1241 -0.020305 0.29981 0.003583 -0.0025072 0.40876 0.00062822 0.0071937 0.068215 -0.052032 -0.001724 -0.053713 0.051076 -0.001724 -0.054619 -0.21635 0.011108 0.050547 0.19105 0.020755 0.045872 -0.2252 0.24772 0.040719 0.16669 0.24621 -0.022945 -0.29475 0.27185 0.0030454 0.17992 0.29395 0.04327 -0.10662 0.057444 -0.43511 0.11134 0.11988 -0.42001 -0.1329 -0.012168 -0.76059 0.15564 0.16605 -0.74771 -0.10284 -0.062955 -0.83277 0.1524 0.1093 -0.82203 0.0081515 0.0074238 0.60572
-0.10484 -0.02121 0.29418 0.13213 -0.019896 0.30077 0.010421 -0.0018132 0.40853 0.0014806 0.0081275 0.068103 -0.053441 -0.0012423 -0.052305 0.050639 -0.0012423 -0.055047 -0.21688 0.01757 0.056239 0.18831 0.013891 0.043131 -0.21189 0.25435 0.045303 0.17323 0.2398 -0.027333 -0.28094 0.27984 0.0075633 0.18739 0.28707 0.039042 -0.11808 0.050332 -0.43324 0.10718 0.11093 -0.42429 -0.15464 -0.020925 -0.75755 0.12689 0.15473 -0.75466 -0.11343 -0.061294 -0.83277 0.1352 0.092944 -0.82468 0.01898 0.0091225 0.60534
-0.10029 -0.017635 0.29765 0.13655 -0.022158 0.29723 0.018972 0.0021732 0.4079 0.0024947 0.010663 0.067714 -0.054452 -0.0014996 -0.051269 0.049581 -0.0014996 -0.055974 -0.21339 0.023158 0.060588 0.1957 0.011614 0.040409 -0.20889 0.25971 0.048631 0.17483 0.23668 -0.030506 -0.27816 0.28443 0.010857 0.1885 0.284 0.035917 -0.12806 0.05087 -0.43046 0.086422 0.10199 -0.42965 -0.1553 -0.022121 -0.75504 0.095382 0.14984 -0.76007 -0.1182 -0.060984 -0.83098 0.12289 0.096737 -0.8317 0.026188 0.013878 0.60467
-0.093998 -0.015259 0.29866 0.13577 -0.0257 0.28973 0.026618 0.0071518 0.40686 0.004069 0.014226 0.066982 -0.054372 -0.0025385 -0.051306 0.04808 -0.0025385 -0.057242 -0.20887 0.028991 0.063068 0.21064 0.010682 0.037318 -0.21747 0.2655 0.05099 0.17312 0.23353 -0.034052 -0.28747 0.28813 0.01321 0.18533 0.28118 0.03243 -0.13129 0.057931 -0.42863 0.059864 0.096615 -0.434 -0.13835 -0.0096529 -0.75554 0.066999 0.1436 -0.76452 -0.11669 -0.05104 -0.83661 0.10032 0.10784 -0.84445 0.029974 0.018803 0.60375
-0.09226 -0.014036 0.29926 0.13509 -0.022299 0.28676 0.028811 0.013224 0.4057 0.0054549 0.018394 0.065857 -0.05413 -0.0032934 -0.051515 0.047708 -0.0032934 -0.05752 -0.20327 0.039559 0.063932 0.22118 0.006281 0.03697 -0.22422 0.27556 0.051923 0.16891 0.22604 -0.034654 -0.29508 0.29561 0.014139 0.17924 0.27389 0.032015 -0.12073 0.067229 -0.429 0.061029 0.096623 -0.43417 -0.1143 0.027393 -0.76049 0.051924 0.14072 -0.76485 -0.10485 -0.028428 -0.83462 0.061095 0.1016 -0.84763 0.031279 0.025311 0.60259
-0.091549 -0.0090272 0.29676 0.13357 -0.013645 0.28461 0.027808 0.021504 0.40455 0.006378 0.022447 0.064503 -0.053793 -0.0045025 -0.051789 0.047908 -0.0045025 -0.057274 -0.20132 0.051026 0.062048 0.22355 0.0029838 0.034889 -0.23504 0.28493 0.050489 0.15939 0.21974 -0.036902 -0.30672 0.30086 0.012708 0.16731 0.26869 0.029262 -0.10864 0.076648 -0.4291 0.068482 0.090141 -0.43477 -0.095578 0.077386 -0.76255 0.038606 0.1337 -0.7646 -0.094453 0.0031114 -0.82092 0.034597 0.083957 -0.84453 0.030665 0.034546 0.60136
-0.093393 0.004701 0.29501 0.13043 -0.0077272 0.28472 0.025763 0.033956 0.40323 0.006945 0.02589 0.063142 -0.053302 -0.0070865 -0.051999 0.04771 -0.0070865 -0.057173 -0.20588 0.062003 0.061056 0.22002 -0.0056318 0.034449 -0.25141 0.29424 0.050075 0.14386 0.20677 -0.038189 -0.32405 0.30571 0.012307 0.14858 0.25582 0.028221 -0.10262 0.085303 -0.42746 0.067212 0.074775 -0.43777 -0.091343 0.12172 -0.75915 0.0208 0.12057 -0.76526 -0.097546 0.043793 -0.81106 0.027126 0.065678 -0.84082 0.028373 0.049551 0.59986
-0.1054 0.02608 0.30198 0.12644 -0.010395 0.29391 0.021336 0.051532 0.40136 0.0066911 0.029009 0.061809 -0.052685 -0.01056 -0.052026 0.046941 -0.01056 -0.057271 -0.21723 0.07568 0.066949 0.21588 -0.030715 0.044944 -0.27206 0.30775 0.05582 0.12506 0.1736 -0.030376 -0.3458 0.31582 0.018073 0.12583 0.22006 0.038253 -0.1007 0.090992 -0.42546 0.065125 0.06307 -0.43975 -0.10557 0.14123 -0.75596 0.0055418 0.1105 -0.76463 -0.11868 0.088651 -0.82787 0.013705 0.051913 -0.83719 0.02228 0.072072 0.59761
-0.12063 0.035594 0.30343 0.11786 -0.0030196 0.2974 0.0094997 0.067565 0.39879 0.001919 0.03388 0.059753 -0.051485 -0.010285 -0.053268 0.047564 -0.010285 -0.056771 -0.23998 0.089737 0.069858 0.21239 -0.035966 0.050432 -0.33363 0.30468 0.058152 0.10564 0.16301 -0.029146 -0.40621 0.29894 0.020428 0.10319 0.21946 0.031278 -0.11155 0.083826 -0.42648 0.053173 0.064359 -0.43917 -0.13746 0.11641 -0.75718 -0.0014229 0.11351 -0.76534 -0.15238 0.082232 -0.84595 0.0022255 0.046135 -0.83047 0.0019028 0.087816 0.5948
-0.12477 0.041249 0.29966 0.10807 0.0010157 0.29091 0.0043774 0.072401 0.39527 0.00030902 0.039385 0.056196 -0.048912 -0.0061701 -0.056254 0.048845 -0.0061701 -0.056311 -0.23678 0.093276 0.064031 0.20253 -0.043716 0.046455 -0.37076 0.2884 0.052581 0.11003 0.1617 -0.027929 -0.44143 0.26788 0.014876 0.11664 0.23392 0.011943 -0.12359 0.077051 -0.42967 0.038813 0.069467 -0.43857 -0.1669 0.080041 -0.76071 0.018188 0.12048 -0.76794 -0.18594 0.039417 -0.843 0.01037 0.044008 -0.8214 -0.010808 0.08948 0.59121
-0.10566 0.07389 0.30782 0.10463 -0.038021 0.28591 0.030047 0.058822 0.39086 0.01644 0.040903 0.051169 -0.044864 -0.003254 -0.059757 0.047551 -0.003254 -0.057658 -0.15242 0.076675 0.054075 0.17263 -0.12482 0.046044 -0.25154 0.28928 0.044114 0.16664 0.099903 0.00062764 -0.32396 0.2797 0.0064231 0.20782 0.16541 0.01963 -0.10872 0.10046 -0.42973 0.04374 0.058052 -0.44239 -0.16462 0.10007 -0.75932 0.0824 0.10728 -0.76927 -0.20544 0.045414 -0.81895 0.046787 0.035092 -0.81442 0.025309 0.0809 0.58658
-0.074801 0.111 0.32038 0.09416 -0.092552 0.28355 0.060204 0.033768 0.38757 0.03766 0.035892 0.047255 -0.043056 -0.0021079 -0.061077 0.045008 -0.0021079 -0.059715 -0.054327 0.067645 0.048684 0.11376 -0.2239 0.050128 -0.080127 0.30834 0.035286 0.21988 0.00020912 0.038132 -0.15394 0.32249 -0.002396 0.29737 0.040848 0.041186 -0.076549 0.13774 -0.42425 0.050292 0.04211 -0.44725 -0.14566 0.15321 -0.75018 0.1478 0.073938 -0.76653 -0.21244 0.094841 -0.78967 0.082176 0.017134 -0.80698 0.073077 0.060143 0.58309
-0.049974 0.11541 0.32297 0.057634 -0.11654 0.28205 0.054864 0.0079549 0.38792 0.043901 0.022409 0.047708 -0.048221 -0.0020323 -0.057146 0.043802 -0.0020323 -0.060599 -0.043205 0.10392 0.057507 0.018351 -0.25099 0.056149 -0.025116 0.33835 0.027841 0.19152 -0.089206 0.053608 -0.093658 0.36522 -0.0098369 0.27335 -0.078198 0.048865 -0.047048 0.15996 -0.41169 0.03003 0.042487 -0.4476 -0.13709 0.19115 -0.7317 0.15446 0.027241 -0.75708 -0.21271 0.157 -0.77502 0.077155 -0.0098365 -0.79462 0.073989 0.023572 0.58364
