-0.12823 0.020938 0.32162 0.13949 0.011277 0.31818 0.0057923 -0.013103 0.40899 0.0025274 -0.0039485 0.068436 -0.052816 -0.0017039 -0.052939 0.050941 -0.0017039 -0.054746 -0.30033 0.09265 0.13218 0.33172 0.047016 0.13812 -0.49905 0.12635 0.0075038 0.55131 0.046001 0.048991 -0.57037 0.13866 -0.032512 0.62637 0.033169 0.016726 -0.077624 0.086975 -0.43171 0.073598 0.10544 -0.42885 -0.10196 0.15812 -0.75703 0.071401 0.15896 -0.75842 -0.15526 0.11789 -0.82261 0.088834 0.08872 -0.81778 0.0003148 -0.063632 0.5996
-0.12826 0.021825 0.32138 0.13976 0.013399 0.31941 0.0055277 -0.012443 0.40902 0.0022568 -0.003831 0.068453 -0.052573 -0.0013732 -0.053191 0.051186 -0.0013732 -0.054527 -0.32625 0.086509 0.156 0.35428 0.043557 0.16527 -0.537 0.11538 0.051002 0.57727 0.04059 0.083975 -0.6088 0.1241 0.010747 0.65398 0.02663 0.056318 -0.0775 0.086918 -0.43204 0.07303 0.10526 -0.42882 -0.10159 0.15865 -0.75725 0.070721 0.15938 -0.7583 -0.15504 0.11866 -0.82286 0.088132 0.089214 -0.81775 -0.0005183 -0.063122 0.59957
-0.12883 0.022706 0.32168 0.13984 0.015321 0.32072 0.0050418 -0.011927 0.40905 0.001897 -0.0037834 0.068466 -0.052161 -0.00095383 -0.053603 0.051412 -0.00095383 -0.054322 -0.35038 0.078671 0.18639 0.36855 0.038777 0.18772 -0.57138 0.10397 0.10565 0.59798 0.022421 0.13308 -0.6482 0.11079 0.076102 0.67656 0.014982 0.1084 -0.077216 0.087014 -0.43252 0.072021 0.10511 -0.42885 -0.10113 0.15919 -0.75765 0.069598 0.15982 -0.75823 -0.15454 0.11913 -0.82324 0.086994 0.089728 -0.81777 -0.0015138 -0.062631 0.59958
-0.12972 0.023677 0.32246 0.13992 0.016851 0.32207 0.004497 -0.011575 0.40907 0.0015359 -0.0038287 0.068473 -0.051603 -0.00051671 -0.054147 0.051482 -0.00051671 -0.054262 -0.36957 0.070226 0.21674 0.37897 0.03258 0.20563 -0.59766 0.091231 0.15316 0.61378 0.0065 0.17683 -0.67861 0.093906 0.13597 0.69114 0.0021934 0.14815 -0.076651 0.087101 -0.43315 0.070883 0.10489 -0.42904 -0.10037 0.15982 -0.75817 0.068409 0.16016 -0.75832 -0.15392 0.12009 -0.82386 0.085742 0.090108 -0.81793 -0.0025894 -0.062272 0.59958
-0.13195 0.023453 0.32527 0.14052 0.017464 0.32396 0.0040462 -0.011702 0.40906 0.0012157 -0.0041435 0.068461 -0.050812 -0.00014137 -0.054891 0.051178 -0.00014137 -0.05455 -0.38693 0.055875 0.25938 0.39228 0.014152 0.24113 -0.62123 0.063561 0.2309 0.62484 -0.021725 0.25447 -0.70375 0.062969 0.22704 0.70089 -0.027546 0.22215 -0.075452 0.086889 -0.43405 0.069303 0.10433 -0.42965 -0.098967 0.16016 -0.75896 0.066804 0.16021 -0.75883 -0.15271 0.12084 -0.82474 0.083904 0.090118 -0.81846 -0.0036576 -0.062269 0.59958
-0.13536 0.021632 0.33006 0.14179 0.016938 0.32652 0.003781 -0.012421 0.40903 0.00096468 -0.0047079 0.068428 -0.049956 0.00011039 -0.055673 0.05059 0.00011039 -0.055097 -0.40048 0.034639 0.31325 0.40405 -0.014633 0.29468 -0.63566 0.021994 0.34172 0.62867 -0.06839 0.35054 -0.71793 0.021194 0.34988 0.70587 -0.077482 0.32286 -0.073791 0.086197 -0.4351 0.067258 0.10338 -0.4306 -0.097186 0.1599 -0.75992 0.064681 0.15993 -0.75966 -0.15095 0.12056 -0.82567 0.081433 0.089753 -0.81929 -0.0044952 -0.062743 0.59959
-0.1379 0.019586 0.33408 0.14317 0.015863 0.32891 0.0037162 -0.013422 0.40898 0.00081534 -0.0052576 0.06839 -0.049416 0.00025825 -0.056152 0.050085 0.00025825 -0.055556 -0.40261 0.012608 0.35716 0.40365 -0.036569 0.33608 -0.62854 -0.014862 0.42329 0.61904 -0.11113 0.40088 -0.71027 -0.015599 0.43603 0.69913 -0.1212 0.3827 -0.072339 0.08516 -0.4359 0.065357 0.10238 -0.43143 -0.095756 0.15917 -0.76065 0.062618 0.15953 -0.76039 -0.14945 0.11968 -0.82636 0.079188 0.089335 -0.82005 -0.0048968 -0.063539 0.59958
-0.13993 0.017186 0.3376 0.14456 0.014652 0.33106 0.0038326 -0.014548 0.40892 0.00074965 -0.0057487 0.068351 -0.049183 0.0003739 -0.056355 0.049668 0.0003739 -0.055928 -0.39622 -0.014173 0.40162 0.39684 -0.058121 0.37415 -0.6133 -0.057052 0.48778 0.59096 -0.14988 0.47355 -0.69435 -0.059234 0.50631 0.67459 -0.15423 0.47204 -0.071099 0.083808 -0.43649 0.06353 0.1014 -0.43215 -0.094703 0.15801 -0.76119 0.060533 0.1591 -0.76102 -0.14828 0.11834 -0.82689 0.077203 0.08896 -0.82072 -0.0049591 -0.064524 0.59955
-0.1438 0.013807 0.3454 0.14752 0.012257 0.33572 0.0040275 -0.015413 0.40889 0.00072565 -0.0059089 0.068338 -0.04937 0.00036401 -0.056192 0.049429 0.00036401 -0.056139 -0.37492 -0.05055 0.45846 0.37534 -0.088621 0.42602 -0.56739 -0.1168 0.57732 0.54819 -0.19156 0.55191 -0.63752 -0.13617 0.61388 0.61537 -0.20889 0.59152 -0.070442 0.081582 -0.43685 0.061686 0.099902 -0.43282 -0.094171 0.15609 -0.76147 0.058389 0.15838 -0.76154 -0.14758 0.11616 -0.82715 0.075339 0.088344 -0.82127 -0.0045881 -0.065853 0.5994
-0.14706 0.010761 0.3523 0.15129 0.0090154 0.34227 0.004095 -0.016182 0.40886 0.00072411 -0.0059216 0.068337 -0.049812 0.00034967 -0.0558 0.049412 0.00034967 -0.056159 -0.34537 -0.081106 0.50439 0.34845 -0.11513 0.47217 -0.52361 -0.16392 0.64017 0.49547 -0.2301 0.61855 -0.58494 -0.19687 0.68712 0.54066 -0.25487 0.68564 -0.070251 0.079536 -0.43693 0.06029 0.098332 -0.43329 -0.09395 0.15428 -0.76149 0.056774 0.1577 -0.76185 -0.14724 0.1141 -0.82711 0.073971 0.087749 -0.82162 -0.0042209 -0.067208 0.59923
-0.15032 0.0094905 0.36044 0.15496 0.0058883 0.34957 0.0041065 -0.013742 0.40898 0.000644 -0.0053141 0.068388 -0.050454 5.8385e-05 -0.055223 0.049861 5.8385e-05 -0.05575 -0.31311 -0.10742 0.53482 0.30961 -0.13646 0.51089 -0.45832 -0.20913 0.68842 0.41212 -0.27165 0.67555 -0.50479 -0.25113 0.74064 0.44074 -0.3003 0.74659 -0.071385 0.076618 -0.43685 0.059424 0.096457 -0.43332 -0.094663 0.15256 -0.76116 0.055757 0.15708 -0.76165 -0.14774 0.11223 -0.82687 0.073195 0.087218 -0.82145 -0.0025706 -0.067085 0.59879
-0.15471 0.0098995 0.37237 0.15683 0.005709 0.35217 0.0038519 -0.0062137 0.4091 0.00081351 -0.0043578 0.06845 -0.051651 -0.00048673 -0.0541 0.05044 -0.00048673 -0.055245 -0.27653 -0.13275 0.56051 0.26262 -0.15004 0.54019 -0.37041 -0.25616 0.74122 0.313 -0.30307 0.7143 -0.39948 -0.30364 0.80292 0.3307 -0.34366 0.78481 -0.072963 0.073472 -0.43623 0.059721 0.094853 -0.4331 -0.095621 0.1513 -0.76015 0.055925 0.15699 -0.76114 -0.14844 0.11078 -0.82595 0.073593 0.087216 -0.82099 0.00077058 -0.064721 0.59745
-0.15708 0.010231 0.38143 0.15876 0.0052707 0.35729 0.0038912 0.001626 0.40922 0.00070789 -0.0024874 0.068552 -0.052794 -0.0014404 -0.052969 0.051232 -0.0014404 -0.054477 -0.24109 -0.15052 0.57579 0.23418 -0.15305 0.55705 -0.31584 -0.27939 0.76 0.25086 -0.31074 0.73321 -0.34294 -0.32048 0.82641 0.25621 -0.35709 0.80135 -0.075052 0.070533 -0.43542 0.060042 0.092452 -0.4327 -0.097696 0.14922 -0.75912 0.055775 0.15662 -0.76034 -0.15012 0.10838 -0.82503 0.073894 0.086988 -0.82021 0.0040536 -0.062208 0.59588
-0.16363 0.0096972 0.38794 0.15988 -0.0031306 0.38845 -0.0014422 0.0080484 0.40922 -0.0023996 0.0047024 0.068444 -0.052304 -0.0038765 -0.053327 0.053689 -0.0038765 -0.0519 -0.22162 -0.16831 0.57723 0.20607 -0.16686 0.59321 -0.26595 -0.3051 0.76529 0.19542 -0.33058 0.76471 -0.28028 -0.34952 0.83324 0.17316 -0.37764 0.82832 -0.08132 0.063251 -0.43619 0.056729 0.084464 -0.43153 -0.10405 0.14235 -0.75978 0.051546 0.15249 -0.75838 -0.15582 0.10109 -0.8259 0.070446 0.083107 -0.81826 0.0022299 -0.059348 0.59465
-0.19602 0.011536 0.40034 0.13 0.0096611 0.39914 -0.032781 0.028946 0.40568 -0.007547 0.01576 0.066201 -0.053371 -0.0058433 -0.052082 0.055662 -0.0058433 -0.049757 -0.20143 -0.17242 0.59061 0.12143 -0.16053 0.60189 -0.20522 -0.32251 0.77482 0.059334 -0.31358 0.77066 -0.20363 -0.37259 0.84168 0.035323 -0.35748 0.83716 -0.082786 0.059591 -0.43528 0.056118 0.07809 -0.43044 -0.10386 0.13839 -0.7591 0.051364 0.14868 -0.75679 -0.15694 0.095844 -0.82374 0.069563 0.078973 -0.81671 -0.01386 -0.04442 0.58767
-0.1685 0.0041995 0.3674 0.14629 0.033929 0.38179 -0.014997 0.036527 0.40502 -0.0068328 0.019531 0.065474 -0.055214 -0.0089442 -0.049703 0.059805 -0.0089442 -0.043791 -0.14184 -0.18086 0.55762 0.12585 -0.13909 0.58301 -0.087746 -0.32592 0.73551 0.026062 -0.28937 0.73748 -0.05805 -0.36973 0.79751 -0.006391 -0.33389 0.79813 -0.091962 0.04704 -0.4336 0.052385 0.077691 -0.42372 -0.12222 0.12247 -0.75738 0.039426 0.14952 -0.74949 -0.16494 0.08284 -0.82993 0.065812 0.082955 -0.80943 0.014903 -0.032289 0.58752
-0.13117 0.0045144 0.32215 0.16059 0.07094 0.35834 0.0073666 0.038491 0.40501 -0.0047014 0.022267 0.064644 -0.052835 -0.010425 -0.051796 0.062182 -0.010425 -0.040343 -0.080784 -0.17574 0.50998 0.1559 -0.10919 0.55361 0.019349 -0.30512 0.68249 0.050738 -0.26563 0.69677 0.056985 -0.34538 0.74405 0.01304 -0.31192 0.75397 -0.097771 0.035243 -0.43636 0.045937 0.079958 -0.41921 -0.1388 0.10696 -0.75993 0.023605 0.15209 -0.74449 -0.16938 0.071319 -0.84127 0.059097 0.089316 -0.80439 0.045804 -0.021354 0.58899
-0.14161 0.013023 0.30511 0.12742 0.10564 0.34645 -0.013934 0.044866 0.40163 -0.0077114 0.029702 0.061384 -0.04749 -0.0089153 -0.057154 0.061072 -0.0089153 -0.042246 -0.052669 -0.15423 0.49193 0.12119 -0.086893 0.52967 0.066453 -0.2723 0.65906 0.025339 -0.24667 0.67683 0.090921 -0.31675 0.72454 0.0023306 -0.29301 0.74183 -0.09166 0.031806 -0.44227 0.03948 0.081713 -0.42073 -0.13671 0.1006 -0.76587 0.012955 0.15286 -0.74587 -0.16295 0.066063 -0.84871 0.051777 0.092349 -0.80573 0.036717 -0.008495 0.58465
-0.15459 0.0096735 0.29091 0.098152 0.11937 0.34208 -0.035437 0.043284 0.39787 -0.013025 0.034233 0.057995 -0.045371 -0.0081671 -0.0589 0.061539 -0.0081671 -0.041732 -0.039971 -0.14352 0.47537 0.092331 -0.0807 0.51696 0.093658 -0.25049 0.63932 0.022115 -0.24719 0.67006 0.12282 -0.29318 0.70387 -0.0011596 -0.29494 0.73323 -0.088077 0.025785 -0.44487 0.032404 0.083071 -0.41958 -0.13847 0.090459 -0.76855 0.00019601 0.15268 -0.74456 -0.15974 0.056725 -0.85324 0.043773 0.09545 -0.80445 0.023762 -0.00062561 0.58086
-0.17124 0.0086403 0.28327 0.071723 0.1284 0.33707 -0.055885 0.041765 0.39451 -0.016978 0.036281 0.055679 -0.045141 -0.0079088 -0.05911 0.062143 -0.0079088 -0.0409 -0.042925 -0.13508 0.46623 0.070847 -0.075217 0.50786 0.097899 -0.23626 0.62776 0.050881 -0.25056 0.6655 0.12641 -0.27981 0.69212 0.0062035 -0.29709 0.71671 -0.086187 0.023396 -0.44548 0.029957 0.083171 -0.41854 -0.13863 0.086277 -0.76919 -0.0046109 0.15217 -0.7434 -0.15777 0.053315 -0.85469 0.040781 0.096393 -0.80332 0.0060206 0.0027262 0.5778
-0.13466 -0.019037 0.28682 0.13791 0.044796 0.36879 -0.014377 0.0043637 0.39497 -0.013564 0.035704 0.057005 -0.046228 -0.0051558 -0.058608 0.060323 -0.0051558 -0.043859 -0.017408 -0.17199 0.47051 0.12279 -0.1552 0.5439 0.1292 -0.27608 0.62533 0.096251 -0.33904 0.691 0.16414 -0.31132 0.69125 0.055661 -0.38298 0.74823 -0.083381 0.024926 -0.44546 0.031225 0.084156 -0.42217 -0.13467 0.088088 -0.7693 -0.001731 0.15239 -0.74736 -0.15344 0.056782 -0.85545 0.042779 0.095956 -0.80734 0.02597 -0.032399 0.58426
-0.10973 -0.030975 0.29583 0.18241 -0.0067331 0.38752 0.016581 -0.014211 0.39861 -0.0085643 0.030082 0.060971 -0.050456 -0.004019 -0.054993 0.059272 -0.004019 -0.045489 -0.029283 -0.2072 0.47633 0.19742 -0.20355 0.56344 0.10224 -0.32891 0.63027 0.15675 -0.38998 0.70427 0.13854 -0.36468 0.69536 0.11057 -0.42689 0.76161 -0.086097 0.027416 -0.44188 0.035744 0.082199 -0.42489 -0.1339 0.092981 -0.76576 0.0067911 0.14993 -0.75056 -0.15375 0.065854 -0.8533 0.048104 0.091234 -0.81056 0.031077 -0.056073 0.59105
-0.10234 -0.033732 0.30591 0.189 -0.026093 0.40724 0.028065 -0.0071677 0.40093 -0.0047553 0.02543 0.063583 -0.054069 -0.0042699 -0.051564 0.058889 -0.0042699 -0.045913 -0.045505 -0.22805 0.48015 0.23638 -0.22435 0.57919 0.068435 -0.36572 0.63746 0.20433 -0.41377 0.71795 0.10651 -0.40392 0.70031 0.15732 -0.45037 0.77468 -0.090795 0.026175 -0.43847 0.036265 0.079312 -0.426 -0.13695 0.091257 -0.76271 0.00881 0.14648 -0.75194 -0.15805 0.0557 -0.84633 0.048844 0.086682 -0.81193 0.022551 -0.06034 0.59067
-0.10754 -0.039226 0.32567 0.18997 -0.031825 0.40965 0.031456 -0.00046912 0.40243 -0.0017817 0.023755 0.064307 -0.054819 -0.0037003 -0.050743 0.057321 -0.0037003 -0.047913 -0.083167 -0.24367 0.49169 0.24631 -0.2302 0.57665 0.00020224 -0.39621 0.65124 0.23311 -0.42215 0.71489 0.036795 -0.43746 0.71251 0.20293 -0.46808 0.7772 -0.091843 0.032211 -0.43706 0.039882 0.078697 -0.42846 -0.1339 0.097588 -0.76176 0.016514 0.14529 -0.75479 -0.16137 0.044395 -0.8338 0.052368 0.083186 -0.81477 0.014571 -0.061527 0.58931
-0.14235 -0.026621 0.35723 0.16859 0.0027732 0.36449 0.010092 0.007928 0.40555 -0.00060939 0.021173 0.065248 -0.055503 -0.0032429 -0.050041 0.055121 -0.0032429 -0.05046 -0.20048 -0.23581 0.51103 0.25481 -0.19298 0.52242 -0.18878 -0.40896 0.67272 0.25985 -0.38217 0.66509 -0.17352 -0.46375 0.73281 0.23599 -0.43539 0.7236 -0.089288 0.05393 -0.43415 0.057132 0.078165 -0.43167 -0.11918 0.12672 -0.75866 0.046278 0.14413 -0.75881 -0.16105 0.068754 -0.81906 0.068865 0.075904 -0.81881 -0.0062372 -0.053838 0.59218
-0.15325 -0.012407 0.37766 0.16138 -0.015088 0.36775 0.0053768 0.016055 0.40573 -0.00018182 0.021621 0.065102 -0.056065 -0.0032587 -0.049409 0.053073 -0.0032587 -0.052608 -0.27408 -0.20199 0.51974 0.26345 -0.21493 0.51029 -0.32559 -0.3697 0.67909 0.27443 -0.4089 0.64598 -0.33251 -0.42599 0.73908 0.2607 -0.46878 0.70084 -0.082046 0.068386 -0.43169 0.069832 0.076124 -0.43388 -0.1028 0.14517 -0.75599 0.066926 0.13964 -0.76167 -0.15474 0.089659 -0.81061 0.079583 0.068928 -0.8217 -0.011518 -0.04722 0.59181
-0.15639 -0.00010496 0.38381 0.15495 -0.0055409 0.34903 0.004475 0.020352 0.40545 0.00027426 0.022483 0.064806 -0.055908 -0.003362 -0.049578 0.051753 -0.003362 -0.053902 -0.32707 -0.15784 0.51365 0.28694 -0.20451 0.46646 -0.4361 -0.30948 0.66104 0.32967 -0.39929 0.59521 -0.45889 -0.3664 0.7179 0.3335 -0.46548 0.64748 -0.076836 0.075246 -0.4308 0.075348 0.074495 -0.43512 -0.092739 0.15337 -0.75504 0.076148 0.13593 -0.76331 -0.15014 0.099868 -0.80607 0.083758 0.06454 -0.82335 -0.013163 -0.043941 0.59111
-0.15817 0.012881 0.38137 0.15031 0.0046369 0.33499 0.0032941 0.021679 0.40545 0.0008184 0.022616 0.064759 -0.056009 -0.0032938 -0.049469 0.051211 -0.0032938 -0.054421 -0.377 -0.099173 0.47946 0.32351 -0.18039 0.41178 -0.5459 -0.20949 0.59951 0.42268 -0.36172 0.52554 -0.5946 -0.254 0.64614 0.46486 -0.42118 0.55832 -0.073731 0.07911 -0.43005 0.078459 0.0732 -0.43567 -0.086649 0.1577 -0.75431 0.081203 0.13323 -0.76412 -0.14757 0.1057 -0.80274 0.085829 0.061573 -0.82415 -0.014762 -0.043161 0.59087
-0.15848 0.023615 0.37666 0.14829 0.0049207 0.33339 0.0026773 0.022482 0.40525 0.0014147 0.023187 0.064541 -0.055752 -0.0032362 -0.049763 0.050884 -0.0032362 -0.05473 -0.40983 -0.041734 0.43791 0.35125 -0.16356 0.37533 -0.61642 -0.1122 0.53629 0.5013 -0.32959 0.45836 -0.6844 -0.14638 0.57282 0.55187 -0.38889 0.48664 -0.071132 0.081752 -0.42987 0.080452 0.072532 -0.43595 -0.082018 0.16044 -0.75419 0.08451 0.13146 -0.76458 -0.14517 0.11048 -0.8019 0.087186 0.059708 -0.82462 -0.014626 -0.042159 0.59082
-0.15858 0.029081 0.37003 0.14522 0.0083088 0.32903 0.00075217 0.017999 0.40487 0.0018201 0.023967 0.06425 -0.054375 -0.0032393 -0.051261 0.050481 -0.0032393 -0.055102 -0.4216 0.0036797 0.392 0.36839 -0.13369 0.33672 -0.64284 -0.027583 0.46465 0.5593 -0.26408 0.37883 -0.71728 -0.050247 0.48812 0.60179 -0.32601 0.41071 -0.06883 0.083323 -0.43105 0.080574 0.073199 -0.43615 -0.078909 0.16191 -0.75542 0.085431 0.13136 -0.76491 -0.14273 0.11376 -0.8041 0.087497 0.059573 -0.82494 -0.013661 -0.04727 0.59046
-0.15826 0.030423 0.3611 0.14152 0.0082001 0.32749 -0.0025603 0.0054271 0.40463 0.0017564 0.023463 0.064435 -0.05264 -0.003095 -0.053052 0.050251 -0.003095 -0.05532 -0.42231 0.045615 0.33312 0.3856 -0.089473 0.28589 -0.65724 0.064896 0.36243 0.61334 -0.15748 0.2911 -0.73992 0.068946 0.36901 0.68346 -0.2012 0.29979 -0.067232 0.084102 -0.43269 0.079429 0.075107 -0.43608 -0.077597 0.16239 -0.75712 0.084468 0.13288 -0.7649 -0.14087 0.11545 -0.80766 0.087097 0.061088 -0.82491 -0.0128 -0.061673 0.58986
-0.15642 0.028682 0.35579 0.13976 0.0060654 0.32787 -0.0040964 -0.0055991 0.4046 0.0014244 0.021742 0.065043 -0.051404 -0.0027852 -0.054267 0.050268 -0.0027852 -0.055321 -0.40906 0.08354 0.29349 0.38808 -0.051746 0.25129 -0.64381 0.11858 0.30205 0.62258 -0.083142 0.22474 -0.72586 0.13007 0.30602 0.69868 -0.11535 0.22648 -0.066691 0.084562 -0.43385 0.077932 0.077596 -0.43574 -0.077748 0.16211 -0.75843 0.082863 0.13519 -0.7646 -0.13995 0.11689 -0.81178 0.08661 0.063428 -0.82457 -0.010862 -0.072408 0.59009
-0.1524 0.025561 0.3525 0.13934 0.0018145 0.32804 -0.0035987 -0.017624 0.4049 0.0010338 0.018232 0.066135 -0.050818 -0.0022502 -0.054841 0.050376 -0.0022502 -0.055247 -0.38021 0.11992 0.25342 0.37495 0.0092253 0.20632 -0.60018 0.20073 0.22231 0.58957 0.049671 0.12054 -0.68111 0.21163 0.21114 0.66729 0.015406 0.1266 -0.066579 0.085412 -0.43433 0.076696 0.080002 -0.43536 -0.078102 0.16212 -0.75909 0.081591 0.13751 -0.76423 -0.13933 0.11852 -0.81488 0.086296 0.065787 -0.82419 -0.0089897 -0.08798 0.58911
-0.14618 0.02249 0.35001 0.13987 -0.0017418 0.32817 -0.0014075 -0.029618 0.40547 0.00093934 0.012558 0.067401 -0.050493 -0.0014375 -0.055167 0.050512 -0.0014375 -0.05515 -0.33452 0.15543 0.21812 0.33312 0.07086 0.1614 -0.51622 0.28179 0.13486 0.50443 0.17332 0.031522 -0.5913 0.30452 0.10893 0.57768 0.17677 0.010183 -0.066819 0.087189 -0.43441 0.075685 0.082659 -0.43494 -0.078705 0.16278 -0.75942 0.080654 0.14015 -0.76381 -0.13883 0.12049 -0.81736 0.086142 0.068486 -0.82377 -0.0073801 -0.10131 0.58916
-0.14082 0.020275 0.34829 0.14061 -0.0031542 0.32849 0.00086444 -0.037728 0.40592 0.0011096 0.0073605 0.068219 -0.0503 -0.00041499 -0.055361 0.050684 -0.00041499 -0.055009 -0.28817 0.17995 0.19499 0.28773 0.10992 0.13745 -0.43925 0.32721 0.085362 0.4227 0.23684 -0.010192 -0.50433 0.36432 0.049781 0.48139 0.27883 -0.057188 -0.067278 0.089274 -0.43432 0.074817 0.085387 -0.43448 -0.079589 0.1637 -0.75959 0.079811 0.14291 -0.76335 -0.13849 0.12224 -0.81936 0.086028 0.071334 -0.82335 -0.0056067 -0.10932 0.58962
-0.13616 0.021211 0.34599 0.14114 -0.00097142 0.32862 0.0028567 -0.040233 0.40641 0.0015017 0.0031412 0.068491 -0.050475 0.00064275 -0.055198 0.05082 0.00064275 -0.054881 -0.25502 0.19517 0.18378 0.25919 0.12942 0.12959 -0.40937 0.34268 0.082051 0.3882 0.25435 -0.02502 -0.47325 0.38143 0.047489 0.43345 0.30162 -0.074031 -0.068614 0.09161 -0.4338 0.073888 0.088942 -0.43385 -0.081383 0.16529 -0.75922 0.078655 0.14655 -0.7627 -0.13924 0.1244 -0.82039 0.085788 0.075115 -0.82277 -0.0030997 -0.11299 0.58967
-0.13047 0.025489 0.34262 0.14161 0.0041643 0.32841 0.0051271 -0.039443 0.40707 0.002031 -0.0010239 0.068563 -0.050981 0.0014787 -0.054716 0.05085 0.0014787 -0.054837 -0.24658 0.20523 0.18513 0.24706 0.1375 0.12403 -0.41844 0.3442 0.099024 0.39169 0.24504 -0.029905 -0.49023 0.37731 0.0745 0.43767 0.29101 -0.081343 -0.070934 0.094322 -0.43277 0.07286 0.093375 -0.43301 -0.08406 0.16773 -0.75824 0.077241 0.15113 -0.76185 -0.14115 0.12743 -0.82052 0.085447 0.079878 -0.82199 -0.00012119 -0.11293 0.59007
-0.12666 0.028605 0.34085 0.1421 0.0076467 0.32813 0.0068106 -0.038682 0.40729 0.0022924 -0.0029692 0.068496 -0.051319 0.0018861 -0.054386 0.050839 0.0018861 -0.054835 -0.2713 0.19883 0.197 0.25964 0.13293 0.1252 -0.45181 0.33274 0.12089 0.42404 0.22054 -0.021426 -0.52051 0.367 0.090206 0.48444 0.25583 -0.065982 -0.072466 0.096232 -0.432 0.072153 0.096173 -0.43246 -0.085704 0.16949 -0.7575 0.07638 0.15409 -0.76127 -0.14223 0.12965 -0.82058 0.085258 0.08298 -0.82148 0.002444 -0.1124 0.59021
-0.12383 0.031354 0.33997 0.14289 0.011173 0.32789 0.0085151 -0.037063 0.40746 0.0024219 -0.0040211 0.068434 -0.051561 0.0020278 -0.054152 0.050795 0.0020278 -0.05487 -0.28648 0.19313 0.20577 0.27602 0.12399 0.12823 -0.48651 0.30398 0.14802 0.4565 0.19722 -0.0054757 -0.55205 0.34493 0.11774 0.53343 0.20911 -0.033863 -0.073559 0.097581 -0.43142 0.071631 0.09801 -0.43209 -0.086759 0.17078 -0.75693 0.075825 0.15609 -0.76088 -0.14289 0.13135 -0.82061 0.085145 0.085092 -0.82116 0.0059597 -0.10982 0.5908
-0.1217 0.034051 0.33959 0.14411 0.014561 0.32759 0.010324 -0.034455 0.40774 0.0023936 -0.0049288 0.068379 -0.051747 0.0020635 -0.053973 0.050783 0.0020635 -0.054881 -0.30783 0.1834 0.2207 0.29491 0.11525 0.13015 -0.51445 0.29174 0.16607 0.49751 0.16709 0.012441 -0.58881 0.32087 0.1475 0.56454 0.18629 -0.026459 -0.074325 0.098645 -0.43094 0.071359 0.099262 -0.43181 -0.087385 0.17184 -0.75646 0.075598 0.15748 -0.76056 -0.14324 0.1325 -0.82045 0.085242 0.086619 -0.82095 0.0098776 -0.10603 0.59157
-0.12013 0.038942 0.33934 0.14866 0.020141 0.32652 0.014186 -0.023836 0.40829 0.0026357 -0.0047547 0.068379 -0.051897 0.0019144 -0.053833 0.050626 0.0019144 -0.05503 -0.34667 0.14901 0.25945 0.34555 0.069961 0.16101 -0.5682 0.21642 0.24032 0.57098 0.061302 0.10666 -0.65005 0.2293 0.2376 0.62905 0.094347 0.051386 -0.074753 0.099241 -0.43059 0.071006 0.099754 -0.4318 -0.087586 0.17246 -0.75611 0.075386 0.1581 -0.76053 -0.14327 0.13312 -0.82024 0.085131 0.087319 -0.821 0.015309 -0.092861 0.59308
-0.11987 0.043283 0.33934 0.15418 0.025888 0.32512 0.018396 -0.0099864 0.40878 0.0031657 -0.0030551 0.068461 -0.052069 0.0012147 -0.053689 0.049974 0.0012147 -0.055645 -0.382 0.090413 0.31611 0.40042 -0.0019158 0.22202 -0.61649 0.080897 0.36263 0.6237 -0.083655 0.24789 -0.69885 0.086181 0.37212 0.69316 -0.074393 0.21333 -0.075323 0.098153 -0.43053 0.06958 0.099372 -0.43238 -0.088277 0.17139 -0.75605 0.073831 0.15783 -0.76109 -0.14372 0.13189 -0.82029 0.083915 0.087141 -0.82162 0.020696 -0.07508 0.59498
-0.12248 0.04113 0.34128 0.15684 0.028024 0.32499 0.019895 -0.0026359 0.40879 0.003496 -5.078e-05 0.068503 -0.052391 -0.00035877 -0.053384 0.048643 -0.00035877 -0.05682 -0.38303 0.014786 0.3813 0.40484 -0.060386 0.29654 -0.59768 -0.03772 0.46616 0.60152 -0.17889 0.35488 -0.6769 -0.047337 0.48651 0.68032 -0.20654 0.36457 -0.076619 0.092638 -0.43115 0.065404 0.097338 -0.4338 -0.090805 0.16576 -0.75663 0.068604 0.15594 -0.76251 -0.14546 0.12532 -0.82097 0.080184 0.085552 -0.82311 0.024101 -0.063884 0.59626
-0.12744 0.034482 0.34651 0.16009 0.028232 0.32698 0.020663 0.0036501 0.40866 0.0035895 0.0038245 0.068392 -0.052911 -0.0022155 -0.052825 0.047213 -0.0022155 -0.057973 -0.34315 -0.072752 0.45752 0.37531 -0.11398 0.38874 -0.53411 -0.15909 0.56823 0.54889 -0.252 0.47326 -0.59741 -0.19618 0.60589 0.62118 -0.28054 0.50297 -0.07829 0.082924 -0.43236 0.059024 0.093329 -0.4357 -0.094598 0.15584 -0.75779 0.060449 0.1521 -0.76438 -0.1478 0.11358 -0.82217 0.074399 0.082196 -0.82503 0.027733 -0.054663 0.59698
-0.13097 0.03118 0.35159 0.16329 0.024593 0.33047 0.020659 0.0079304 0.40853 0.0035946 0.0059991 0.068252 -0.053256 -0.002692 -0.052457 0.047044 -0.002692 -0.058094 -0.29771 -0.11168 0.50264 0.33898 -0.14046 0.44439 -0.45106 -0.22737 0.64106 0.46391 -0.29351 0.57263 -0.49805 -0.27765 0.68739 0.51716 -0.33275 0.62088 -0.079126 0.078139 -0.43291 0.056667 0.091054 -0.43633 -0.096479 0.151 -0.7583 0.057222 0.14989 -0.76501 -0.14838 0.10687 -0.82251 0.072246 0.080197 -0.82567 0.029142 -0.05131 0.5965
-0.13521 0.028535 0.35581 0.16381 0.022212 0.33422 0.018611 0.011159 0.40833 0.0033489 0.007774 0.068043 -0.05337 -0.0028019 -0.052336 0.047197 -0.0028019 -0.057961 -0.27378 -0.12511 0.52282 0.3068 -0.15359 0.47263 -0.38952 -0.2608 0.67899 0.4115 -0.30724 0.62223 -0.43409 -0.31343 0.72484 0.44211 -0.35309 0.68427 -0.079684 0.075158 -0.43335 0.055355 0.08934 -0.43662 -0.097741 0.14783 -0.75874 0.055339 0.14823 -0.76529 -0.14838 0.10199 -0.82268 0.071011 0.078677 -0.82593 0.028087 -0.049341 0.59585
-0.13493 0.023737 0.36636 0.17127 0.010263 0.33848 0.023081 0.012241 0.40832 0.0038435 0.008735 0.068009 -0.05417 -0.0028002 -0.051499 0.047899 -0.0028002 -0.057386 -0.2395 -0.14463 0.54286 0.28388 -0.16663 0.502 -0.31855 -0.29348 0.71028 0.35124 -0.32529 0.66233 -0.35361 -0.34723 0.76168 0.36482 -0.37414 0.7279 -0.0808 0.071991 -0.43314 0.055579 0.087921 -0.43642 -0.099679 0.14487 -0.75845 0.054807 0.14675 -0.7651 -0.14972 0.097923 -0.82227 0.071277 0.077351 -0.82573 0.033352 -0.049379 0.59544
-0.15302 0.011299 0.38906 0.1643 0.0022254 0.3608 0.009063 0.016542 0.40755 0.0021554 0.012768 0.067241 -0.054808 -0.0032497 -0.0508 0.049424 -0.0032497 -0.056047 -0.20741 -0.17431 0.57177 0.23775 -0.1682 0.55077 -0.23315 -0.32898 0.74818 0.23462 -0.33385 0.72073 -0.24688 -0.3852 0.80756 0.23337 -0.38601 0.78427 -0.083928 0.065331 -0.43339 0.053262 0.084844 -0.43572 -0.10554 0.13625 -0.75895 0.050044 0.14442 -0.76424 -0.15275 0.086559 -0.82237 0.068902 0.075655 -0.82486 0.022936 -0.044896 0.5945
-0.17777 -0.00174 0.39747 0.14524 0.010816 0.38391 -0.016389 0.022308 0.40604 -0.0020588 0.01999 0.065634 -0.054745 -0.0045785 -0.050764 0.051097 -0.0045785 -0.054438 -0.18208 -0.19154 0.58331 0.17397 -0.15672 0.58845 -0.15322 -0.34369 0.7633 0.12875 -0.31713 0.75725 -0.15164 -0.40073 0.82314 0.11836 -0.37122 0.81958 -0.088991 0.055729 -0.43435 0.045849 0.080391 -0.43484 -0.11494 0.122 -0.76059 0.038131 0.14158 -0.763 -0.16047 0.07032 -0.82433 0.060867 0.073965 -0.8236 -0.0018222 -0.038436 0.59313
-0.14741 -0.0034108 0.36961 0.1667 0.0074326 0.35559 0.011241 0.01246 0.40564 -0.0014324 0.020902 0.065331 -0.055924 -0.0050688 -0.049416 0.051738 -0.0050688 -0.053786 -0.10581 -0.18406 0.56001 0.15714 -0.15611 0.56502 -0.05511 -0.33107 0.73912 0.095229 -0.31195 0.73292 -0.041417 -0.38425 0.80099 0.083486 -0.36848 0.79303 -0.090756 0.052815 -0.43332 0.044328 0.078248 -0.43452 -0.11772 0.11736 -0.75981 0.034475 0.14002 -0.76251 -0.16254 0.064962 -0.82359 0.058248 0.072742 -0.82309 0.01074 -0.049891 0.59279
-0.12111 -0.022516 0.38156 0.18404 -0.0025858 0.3267 0.03978 -0.0039839 0.40376 0.0029578 0.019466 0.065695 -0.057049 -0.003569 -0.048243 0.049626 -0.003569 -0.055835 -0.053368 -0.19905 0.56864 0.12984 -0.15314 0.53856 0.034901 -0.33718 0.73894 0.015865 -0.28929 0.69362 0.062391 -0.38646 0.79941 -0.03935 -0.32288 0.73994 -0.083171 0.055617 -0.43262 0.053196 0.072052 -0.43817 -0.10799 0.12032 -0.75925 0.047464 0.13433 -0.76616 -0.11946 0.046786 -0.8133 0.068112 0.066044 -0.82673 0.024873 -0.061348 0.59193
-0.089318 -0.021699 0.3964 0.20761 0.011299 0.30766 0.07223 0.0047626 0.39895 0.0074148 0.020097 0.065146 -0.057288 -0.0024243 -0.048036 0.047594 -0.0024243 -0.057666 -0.00061841 -0.19608 0.57605 0.12344 -0.12847 0.51781 0.1009 -0.33403 0.74042 -0.0069551 -0.25949 0.66738 0.12204 -0.38496 0.80165 -0.082958 -0.28216 0.69744 -0.075565 0.057498 -0.43278 0.060984 0.066903 -0.44104 -0.099429 0.12198 -0.75952 0.058245 0.12972 -0.76898 -0.085012 0.040749 -0.80614 0.076938 0.060835 -0.82954 0.047926 -0.054265 0.58558
-0.065323 -0.0097419 0.39946 0.22727 0.030114 0.29868 0.095227 0.020916 0.39464 0.0092553 0.020866 0.064761 -0.057441 -0.0024443 -0.047854 0.046575 -0.0024443 -0.05848 0.033004 -0.18437 0.57424 0.13613 -0.10945 0.50556 0.135 -0.3236 0.7365 0.0050233 -0.23933 0.65382 0.15075 -0.3758 0.79887 -0.069963 -0.26278 0.67722 -0.072859 0.057828 -0.43266 0.063453 0.06534 -0.44196 -0.096857 0.12193 -0.75946 0.061248 0.12843 -0.76984 -0.075406 0.042941 -0.80407 0.079678 0.059485 -0.8304 0.067869 -0.042735 0.57937
-0.057683 0.000773 0.39861 0.23402 0.046228 0.29458 0.10247 0.033112 0.39066 0.0091026 0.024845 0.063175 -0.057757 -0.0038991 -0.047363 0.04588 -0.0038991 -0.058942 0.034884 -0.17918 0.57084 0.15005 -0.099117 0.50086 0.13551 -0.31865 0.73387 0.023465 -0.23164 0.65122 0.15203 -0.37041 0.79611 -0.052581 -0.25416 0.67534 -0.072355 0.058643 -0.43183 0.063565 0.066151 -0.44199 -0.097042 0.1225 -0.75864 0.061134 0.12956 -0.7698 -0.074266 0.043662 -0.80383 0.079995 0.060735 -0.83037 0.078482 -0.032761 0.57503
-0.055324 0.012991 0.39484 0.23543 0.064766 0.29025 0.10468 0.045935 0.38651 0.0086096 0.032351 0.059919 -0.05779 -0.0060233 -0.04711 0.045418 -0.0060233 -0.05913 0.029112 -0.17315 0.56481 0.16447 -0.092732 0.49209 0.11834 -0.31641 0.73122 0.04344 -0.2298 0.64229 0.12937 -0.36939 0.7938 -0.031879 -0.25256 0.66762 -0.071767 0.059704 -0.43108 0.063295 0.067694 -0.44148 -0.09779 0.12311 -0.75787 0.060198 0.1316 -0.76919 -0.074614 0.045642 -0.80502 0.080065 0.063069 -0.82977 0.086053 -0.021782 0.57086
-0.058271 0.015528 0.39323 0.23272 0.068604 0.29011 0.10187 0.048019 0.38588 0.0077473 0.034607 0.058726 -0.057781 -0.0067639 -0.047018 0.045376 -0.0067639 -0.059079 0.021412 -0.17312 0.5627 0.17538 -0.11341 0.47506 0.10766 -0.31702 0.73011 0.0077831 -0.22503 0.59973 0.11829 -0.37008 0.79264 -0.065913 -0.24961 0.62804 -0.071988 0.059906 -0.43081 0.06263 0.068536 -0.44115 -0.098404 0.12317 -0.7576 0.059245 0.13257 -0.76883 -0.076881 0.04625 -0.80642 0.079522 0.064171 -0.82942 0.085785 -0.019902 0.57039
-0.061508 0.01494 0.39331 0.22991 0.070112 0.29109 0.098644 0.047274 0.38587 0.0070095 0.036157 0.057859 -0.057886 -0.0072599 -0.046815 0.045325 -0.0072599 -0.059058 0.01011 -0.1776 0.56175 0.18294 -0.1262 0.46448 0.097531 -0.32012 0.72971 -0.021443 -0.21076 0.54895 0.10668 -0.37314 0.79262 -0.093878 -0.23652 0.57966 -0.072083 0.060157 -0.43048 0.062404 0.069154 -0.44091 -0.09843 0.12416 -0.75713 0.058943 0.13332 -0.76857 -0.079654 0.047625 -0.80728 0.079215 0.064935 -0.82918 0.084959 -0.020258 0.57073
-0.074178 0.010735 0.3929 0.22103 0.055953 0.2969 0.087615 0.035858 0.38873 0.0065279 0.036103 0.057959 -0.057805 -0.0071787 -0.046919 0.045591 -0.0071787 -0.058864 -0.0019765 -0.18499 0.55854 0.20782 -0.13824 0.4772 0.073729 -0.32795 0.73194 -0.030907 -0.19163 0.49335 0.089824 -0.3825 0.79168 -0.10305 -0.21684 0.524 -0.072357 0.060762 -0.43048 0.062283 0.070077 -0.44057 -0.098728 0.12574 -0.75693 0.058759 0.1343 -0.76821 -0.078313 0.047891 -0.80643 0.078828 0.065884 -0.82885 0.080273 -0.026739 0.5756
-0.078248 -0.0098626 0.40213 0.20961 0.045175 0.29107 0.080419 0.025886 0.39089 0.0057336 0.035426 0.058485 -0.058342 -0.0072023 -0.046283 0.046154 -0.0072023 -0.058422 -0.028343 -0.20264 0.57613 0.23387 -0.13591 0.48454 0.043893 -0.32739 0.76379 0.055021 -0.21778 0.56879 0.060318 -0.3841 0.82213 -0.014531 -0.24743 0.60495 -0.073129 0.060676 -0.42985 0.062901 0.070672 -0.44 -0.0986 0.1263 -0.75624 0.059193 0.13494 -0.76763 -0.099528 0.053834 -0.81262 0.079462 0.0666 -0.82829 0.0774 -0.033631 0.57902
-0.08437 -0.034459 0.40334 0.20759 0.017159 0.30615 0.071642 0.014331 0.39335 0.0040479 0.032814 0.060069 -0.057266 -0.0061233 -0.047681 0.046744 -0.0061233 -0.058074 -0.052971 -0.21852 0.59517 0.2347 -0.15353 0.50773 0.012216 -0.3313 0.79317 0.1233 -0.27993 0.68765 0.032306 -0.38255 0.85408 0.079812 -0.3296 0.73563 -0.075166 0.061469 -0.43115 0.061397 0.072236 -0.43963 -0.099696 0.12749 -0.75754 0.057189 0.1364 -0.76728 -0.13064 0.06412 -0.82053 0.077254 0.068026 -0.82797 0.070211 -0.041045 0.58258
-0.10051 -0.055432 0.40867 0.20995 -0.035069 0.35881 0.053856 -0.0027417 0.39837 0.0021184 0.027266 0.062922 -0.056123 -0.0037058 -0.049304 0.048227 -0.0037058 -0.057051 -0.092321 -0.24086 0.5961 0.21606 -0.20481 0.56341 -0.035466 -0.35889 0.79342 0.088804 -0.32855 0.71827 0.0013611 -0.39822 0.85656 0.10143 -0.39193 0.76916 -0.080075 0.063309 -0.43256 0.059202 0.075037 -0.43866 -0.10493 0.12961 -0.75886 0.054351 0.13891 -0.76636 -0.14523 0.071311 -0.81969 0.073672 0.07037 -0.82711 0.059474 -0.051446 0.58956
-0.10207 -0.074155 0.43592 0.19911 -0.057835 0.39187 0.043751 -0.0077297 0.40153 0.0015274 0.02242 0.064813 -0.058681 -0.0026306 -0.046314 0.051041 -0.0026306 -0.054615 -0.1724 -0.27497 0.59475 0.20235 -0.22803 0.59602 -0.095456 -0.37925 0.7932 0.10732 -0.3637 0.76533 -0.058723 -0.41584 0.8577 0.16235 -0.4086 0.80752 -0.086208 0.064146 -0.42937 0.06123 0.07681 -0.4361 -0.11127 0.13081 -0.75558 0.05607 0.14051 -0.76383 -0.15701 0.076986 -0.81697 0.075258 0.071985 -0.82464 0.053061 -0.052536 0.59349
-0.1192 -0.040119 0.37384 0.18631 -0.070837 0.40527 0.034845 -0.0097255 0.40389 0.0023039 0.018858 0.065907 -0.054888 -0.0016454 -0.050708 0.051978 -0.0016454 -0.053767 -0.17461 -0.22937 0.55227 0.18821 -0.24122 0.60919 -0.12799 -0.35026 0.75002 0.13684 -0.39398 0.78335 -0.10681 -0.39194 0.81784 0.17479 -0.44274 0.83793 -0.08653 0.068286 -0.43287 0.057612 0.079185 -0.43505 -0.11095 0.1364 -0.75884 0.052246 0.14265 -0.76282 -0.16042 0.08346 -0.81814 0.06996 0.07377 -0.82367 0.016265 -0.035517 0.59804
-0.14044 -0.024935 0.3481 0.16853 -0.06078 0.40344 0.014317 -0.0066761 0.40583 0.002654 0.017411 0.066306 -0.052891 -0.0012448 -0.052939 0.052292 -0.0012448 -0.05348 -0.20714 -0.20742 0.52867 0.17004 -0.23424 0.60505 -0.18474 -0.3419 0.72329 0.15626 -0.40093 0.77282 -0.17458 -0.38846 0.79136 0.16306 -0.44774 0.84081 -0.087255 0.07055 -0.43453 0.05453 0.08056 -0.4346 -0.11145 0.13956 -0.76033 0.048841 0.14387 -0.76239 -0.16261 0.085706 -0.81727 0.065629 0.074803 -0.82329 -0.011886 -0.024978 0.60084
-0.15338 -0.020549 0.35003 0.15586 -0.041938 0.39268 -0.0021635 -0.0026071 0.4069 0.0017761 0.016058 0.066658 -0.052813 -0.0011573 -0.052934 0.053935 -0.0011573 -0.051793 -0.24321 -0.20178 0.52308 0.1781 -0.21806 0.59013 -0.24285 -0.34283 0.71309 0.19639 -0.39074 0.75134 -0.24641 -0.39285 0.77835 0.18899 -0.43942 0.81757 -0.089391 0.072649 -0.43393 0.055272 0.083471 -0.43229 -0.11408 0.14219 -0.75957 0.048818 0.14643 -0.76014 -0.16568 0.090063 -0.81768 0.065914 0.077492 -0.8211 -0.024765 -0.020761 0.60191
-0.1589 -0.012374 0.34523 0.15093 -0.027543 0.37804 -0.0076595 -0.00058768 0.40724 0.00061901 0.014679 0.06701 -0.052485 -0.0011425 -0.05329 0.055535 -0.0011425 -0.05011 -0.24953 -0.19111 0.51969 0.20667 -0.20411 0.56896 -0.28372 -0.33612 0.70416 0.24469 -0.37557 0.72827 -0.30018 -0.39019 0.76477 0.23656 -0.43227 0.78816 -0.09075 0.07495 -0.43367 0.057386 0.087226 -0.42976 -0.1162 0.14496 -0.75916 0.049985 0.14969 -0.75768 -0.16745 0.095096 -0.81958 0.067816 0.080994 -0.8187 -0.030624 -0.017413 0.60248
-0.16103 -0.010481 0.34627 0.14567 -0.015728 0.35987 -0.0097884 0.00073627 0.40739 0.00013988 0.014218 0.067106 -0.05243 -0.0013115 -0.053332 0.055171 -0.0013115 -0.050487 -0.26119 -0.18685 0.51811 0.22964 -0.19214 0.54005 -0.3281 -0.33108 0.69379 0.27936 -0.36237 0.69714 -0.3488 -0.38836 0.7497 0.27043 -0.41788 0.75767 -0.09028 0.076408 -0.43342 0.05936 0.089499 -0.42954 -0.11593 0.14666 -0.75884 0.051896 0.15147 -0.75755 -0.16657 0.097035 -0.81994 0.06993 0.08286 -0.81861 -0.029591 -0.016615 0.60289
-0.16094 -0.0058572 0.34508 0.13883 -0.0075703 0.34052 -0.0099552 0.00163 0.40754 8.6311e-05 0.013736 0.067207 -0.052058 -0.0014743 -0.053692 0.053833 -0.0014743 -0.051912 -0.28795 -0.1749 0.50617 0.25048 -0.18414 0.50486 -0.37721 -0.32003 0.6709 0.31962 -0.35726 0.65121 -0.4044 -0.37775 0.72351 0.30675 -0.40895 0.71445 -0.088003 0.079112 -0.43337 0.061823 0.091515 -0.43037 -0.11284 0.14977 -0.75877 0.055545 0.15277 -0.75855 -0.16333 0.10095 -0.82065 0.072997 0.084035 -0.81963 -0.025381 -0.017117 0.60331
-0.16017 -0.0026684 0.34304 0.13397 -0.0026777 0.33025 -0.0099686 0.0022465 0.40762 0.00013863 0.013469 0.067262 -0.051771 -0.0016232 -0.053964 0.052866 -0.0016232 -0.052893 -0.31633 -0.1642 0.48461 0.26929 -0.18116 0.47315 -0.41334 -0.3087 0.64557 0.35064 -0.35492 0.61231 -0.44779 -0.36763 0.69222 0.34406 -0.40651 0.67692 -0.08606 0.080992 -0.43336 0.063488 0.092741 -0.43095 -0.11039 0.15201 -0.75871 0.05804 0.15349 -0.75923 -0.16046 0.1032 -0.82094 0.075023 0.084649 -0.82033 -0.021252 -0.01884 0.60343
-0.15948 -0.00060269 0.34191 0.13131 -6.8368e-05 0.32515 -0.0097317 0.0029145 0.40768 0.00022529 0.013324 0.06729 -0.051626 -0.0017803 -0.054098 0.052227 -0.0017803 -0.053518 -0.32838 -0.15707 0.47585 0.28633 -0.18085 0.44412 -0.44184 -0.30511 0.62203 0.37047 -0.35429 0.58213 -0.47969 -0.36246 0.66803 0.3831 -0.40703 0.64392 -0.084541 0.082343 -0.43329 0.064685 0.093447 -0.4313 -0.10847 0.15358 -0.75862 0.059977 0.15386 -0.75966 -0.15838 0.10541 -0.82146 0.076565 0.084922 -0.82076 -0.017544 -0.020628 0.60339
-0.15614 0.0046065 0.33707 0.12988 0.0034217 0.32093 -0.0086463 0.0046279 0.40768 0.00032596 0.013638 0.067226 -0.051484 -0.002086 -0.054223 0.051642 -0.002086 -0.054072 -0.34671 -0.1492 0.43855 0.30594 -0.18051 0.39527 -0.48413 -0.30098 0.55745 0.40008 -0.35788 0.5208 -0.52467 -0.3589 0.60058 0.41935 -0.40914 0.58322 -0.08272 0.083883 -0.43314 0.065897 0.093998 -0.43158 -0.10596 0.15542 -0.75846 0.062278 0.15407 -0.76001 -0.15598 0.10824 -0.82196 0.078361 0.085035 -0.82114 -0.013376 -0.022938 0.60295
-0.15167 0.010971 0.33123 0.12941 0.0073074 0.31764 -0.007048 0.0071691 0.40762 0.00039252 0.014328 0.067083 -0.051351 -0.002451 -0.054333 0.051172 -0.002451 -0.054502 -0.36931 -0.13726 0.36921 0.32143 -0.17628 0.33233 -0.52703 -0.28945 0.4605 0.43345 -0.36074 0.43085 -0.57546 -0.34792 0.49268 0.45731 -0.41151 0.49106 -0.080881 0.085333 -0.43297 0.067027 0.094403 -0.43174 -0.10339 0.15721 -0.75827 0.064462 0.15419 -0.76024 -0.15342 0.1104 -0.82204 0.080077 0.085089 -0.82141 -0.0090885 -0.025857 0.6021
-0.14895 0.015098 0.32911 0.12983 0.0099508 0.31587 -0.0055078 0.0099318 0.40751 0.0003923 0.015122 0.066908 -0.051301 -0.002721 -0.054368 0.05092 -0.002721 -0.054724 -0.37534 -0.1213 0.30131 0.32477 -0.16613 0.27615 -0.54827 -0.27099 0.36161 0.4531 -0.35538 0.33763 -0.60762 -0.3261 0.3794 0.49636 -0.4107 0.38215 -0.079592 0.086289 -0.43281 0.067893 0.094591 -0.4318 -0.1016 0.1584 -0.75809 0.065972 0.15423 -0.76032 -0.15142 0.11133 -0.82185 0.081301 0.085106 -0.82154 -0.0055441 -0.028618 0.60098
-0.14639 0.019546 0.32716 0.13047 0.013166 0.31429 -0.0039364 0.013408 0.40731 0.00033551 0.016228 0.066649 -0.051306 -0.002963 -0.054351 0.050764 -0.002963 -0.054857 -0.36634 -0.10288 0.24181 0.32005 -0.15198 0.22805 -0.55519 -0.24608 0.24207 0.46447 -0.33981 0.23355 -0.61677 -0.30082 0.24921 0.51577 -0.40173 0.25287 -0.078627 0.087046 -0.43263 0.068637 0.094659 -0.43181 -0.10007 0.15936 -0.7579 0.067259 0.15417 -0.76036 -0.14974 0.11215 -0.82166 0.082356 0.085039 -0.82163 -0.0027541 -0.030721 0.59957
