-0.067464 -0.095314 0.36325 0.22715 -0.079899 0.29753 0.092592 -0.12546 0.37836 0.016104 -0.023358 0.062455 -0.058176 0.017144 -0.04378 0.039676 0.017144 -0.061049 -0.12647 -0.038526 0.11038 0.29175 0.0015079 0.052889 -0.099558 -0.14786 -0.098168 0.26412 -0.012779 -0.18206 -0.083547 -0.1655 -0.17736 0.22962 -0.024363 -0.25632 -0.12603 -0.056409 -0.42052 0.03933 0.15876 -0.42421 -0.18452 -0.13499 -0.73972 0.0034574 0.28715 -0.73035 -0.17164 -0.17256 -0.82448 0.045981 0.25594 -0.80766 0.066365 -0.27792 0.50077
-0.057715 -0.11217 0.36098 0.23674 -0.09174 0.29282 0.10227 -0.14587 0.36824 0.017953 -0.026643 0.060569 -0.059234 0.019067 -0.041505 0.038739 0.019067 -0.061096 -0.11383 -0.04048 0.11103 0.29845 -0.00057525 0.051005 -0.082666 -0.14278 -0.10049 0.26928 0.0032819 -0.18406 -0.078415 -0.18393 -0.17119 0.23568 -0.0055616 -0.25887 -0.14819 -0.061475 -0.41235 0.034023 0.14333 -0.43042 -0.2319 -0.14932 -0.72298 -0.0010724 0.2653 -0.73929 -0.2562 -0.18524 -0.80551 0.046949 0.23028 -0.81156 0.072114 -0.29975 0.48833
-0.051387 -0.11935 0.36092 0.24417 -0.10651 0.28997 0.10708 -0.15968 0.36137 0.018358 -0.028775 0.059523 -0.059568 0.021094 -0.040021 0.039065 0.021094 -0.060187 -0.096775 -0.032615 0.11393 0.30885 -0.0085381 0.051432 -0.070006 -0.13279 -0.099155 0.28077 0.0072299 -0.18342 -0.074137 -0.18341 -0.16482 0.24577 0.00024018 -0.25821 -0.16693 -0.051513 -0.40763 0.037145 0.13239 -0.43382 -0.26927 -0.13424 -0.71475 0.008399 0.25045 -0.7448 -0.31412 -0.17805 -0.78447 0.057752 0.21049 -0.81357 0.064739 -0.31202 0.4791
-0.049724 -0.1262 0.36051 0.24748 -0.12283 0.28839 0.10695 -0.17284 0.35523 0.0179 -0.03088 0.058584 -0.059576 0.022986 -0.038953 0.039824 0.022986 -0.058993 -0.085513 -0.026389 0.1168 0.31673 -0.016616 0.054756 -0.065007 -0.12628 -0.097132 0.29007 0.0081649 -0.17944 -0.074952 -0.17918 -0.15997 0.25608 0.0053654 -0.25485 -0.18561 -0.037372 -0.40284 0.040674 0.12096 -0.4363 -0.30747 -0.10633 -0.70603 0.018567 0.23564 -0.7491 -0.35649 -0.16141 -0.76376 0.067276 0.19053 -0.81509 0.052625 -0.32356 0.47028
-0.053662 -0.13919 0.35781 0.24491 -0.13933 0.28763 0.10169 -0.18974 0.34801 0.017021 -0.033782 0.05721 -0.059545 0.024628 -0.037998 0.040431 0.024628 -0.057941 -0.087622 -0.029761 0.1179 0.31697 -0.021012 0.060904 -0.070066 -0.12898 -0.096636 0.29046 0.012445 -0.17219 -0.084195 -0.18269 -0.15783 0.26269 0.017646 -0.24959 -0.20643 -0.026966 -0.39538 0.038628 0.10565 -0.43914 -0.35359 -0.078605 -0.69027 0.01949 0.21601 -0.75371 -0.39291 -0.14257 -0.74569 0.06731 0.16632 -0.817 0.041975 -0.34081 0.46004
-0.062381 -0.14929 0.35447 0.23586 -0.15467 0.288 0.090293 -0.20634 0.34166 0.015389 -0.036634 0.055918 -0.05916 0.026555 -0.037269 0.041657 0.026555 -0.056138 -0.096172 -0.03163 0.11857 0.31075 -0.028695 0.066204 -0.081837 -0.13185 -0.095708 0.28507 0.011446 -0.16597 -0.10018 -0.18474 -0.1566 0.26138 0.020463 -0.24481 -0.22484 -0.012205 -0.38793 0.036197 0.091813 -0.44043 -0.39401 -0.044475 -0.67423 0.019598 0.19829 -0.75645 -0.42471 -0.1115 -0.73201 0.065529 0.14426 -0.81755 0.027115 -0.35727 0.45183
-0.072038 -0.1524 0.35254 0.22557 -0.17014 0.28881 0.077025 -0.21798 0.33766 0.013132 -0.038584 0.055173 -0.05853 0.028426 -0.036888 0.043618 0.028426 -0.053691 -0.10245 -0.026474 0.12046 0.30521 -0.044496 0.06853 -0.093362 -0.12689 -0.094031 0.28175 -0.00055456 -0.16318 -0.11613 -0.17823 -0.15474 0.2573 0.0067715 -0.24191 -0.23857 0.0094704 -0.38207 0.03709 0.082986 -0.43961 -0.41978 0.0011256 -0.66255 0.024403 0.18578 -0.75702 -0.44852 -0.065568 -0.72149 0.066996 0.12739 -0.8165 0.0074492 -0.36715 0.4464
-0.076136 -0.15869 0.35236 0.22522 -0.18888 0.28783 0.07277 -0.22411 0.33464 0.011404 -0.039712 0.054769 -0.058529 0.028656 -0.036738 0.044875 0.028656 -0.052566 -0.10368 -0.025679 0.12383 0.31051 -0.062901 0.069847 -0.096959 -0.11545 -0.095386 0.28792 -0.016159 -0.16141 -0.12212 -0.1694 -0.15273 0.26606 -0.004713 -0.24016 -0.25139 0.025722 -0.3755 0.037284 0.076375 -0.43936 -0.438 0.050847 -0.65092 0.026125 0.17179 -0.75922 -0.45994 -0.019355 -0.7102 0.065282 0.10939 -0.81694 -0.004916 -0.37276 0.43845
-0.07594 -0.16862 0.35139 0.22861 -0.1982 0.28509 0.074791 -0.22872 0.33094 0.010813 -0.040668 0.054166 -0.05863 0.028932 -0.036323 0.045051 0.028932 -0.052222 -0.10556 -0.029631 0.12681 0.31588 -0.066714 0.071245 -0.098506 -0.1003 -0.099269 0.29196 -0.020726 -0.16 -0.12297 -0.1593 -0.15183 0.27351 -0.0061916 -0.23932 -0.26147 0.03781 -0.36908 0.035164 0.07634 -0.43899 -0.44238 0.097871 -0.64329 0.022069 0.15774 -0.76249 -0.46886 0.034523 -0.70554 0.059333 0.092725 -0.81858 -0.0066425 -0.37932 0.4289
-0.07556 -0.178 0.34853 0.22767 -0.1928 0.28259 0.076082 -0.23497 0.32621 0.010988 -0.041845 0.053218 -0.058215 0.030698 -0.035521 0.044576 0.030698 -0.051613 -0.11185 -0.033597 0.12841 0.31226 -0.052375 0.073436 -0.1042 -0.085736 -0.1026 0.286 -0.011166 -0.15845 -0.12627 -0.14799 -0.15241 0.2675 -0.0017858 -0.23847 -0.2661 0.051819 -0.3646 0.031898 0.084315 -0.43748 -0.42761 0.1391 -0.64352 0.015128 0.14729 -0.76487 -0.47863 0.10273 -0.71137 0.052023 0.081213 -0.81997 -0.002824 -0.38886 0.42096
-0.076525 -0.18442 0.34796 0.22769 -0.19505 0.28384 0.075255 -0.24044 0.32255 0.010506 -0.042695 0.0527 -0.057852 0.031933 -0.035106 0.044259 0.031933 -0.051177 -0.11544 -0.035256 0.13129 0.31309 -0.050564 0.077633 -0.10813 -0.078651 -0.1017 0.28597 -0.010756 -0.15445 -0.13053 -0.13986 -0.15245 0.26696 -0.0052251 -0.23481 -0.26653 0.068388 -0.36233 0.030868 0.089497 -0.43649 -0.40385 0.17641 -0.64688 0.01261 0.13984 -0.76618 -0.46809 0.16815 -0.71488 0.047671 0.072318 -0.8207 -0.0037585 -0.39557 0.41588
-0.071969 -0.19485 0.35126 0.23552 -0.20079 0.29102 0.080391 -0.24414 0.31833 0.011529 -0.043279 0.051933 -0.058044 0.032887 -0.033806 0.043505 0.032887 -0.051185 -0.11613 -0.043506 0.13732 0.32021 -0.054094 0.086227 -0.10526 -0.086439 -0.095482 0.29088 -0.012904 -0.14531 -0.12916 -0.1444 -0.14947 0.27058 -0.0074463 -0.22528 -0.26268 0.075434 -0.36279 0.029772 0.091046 -0.43637 -0.37659 0.20019 -0.65079 0.010947 0.13251 -0.76713 -0.44138 0.21064 -0.71816 0.045244 0.064343 -0.82132 0.0078546 -0.40153 0.41229
-0.057021 -0.21522 0.35734 0.25178 -0.1969 0.30307 0.096603 -0.24673 0.31163 0.015844 -0.043826 0.050255 -0.058853 0.034515 -0.030586 0.041727 0.034515 -0.051576 -0.11724 -0.065581 0.14629 0.32725 -0.043703 0.099522 -0.098094 -0.10813 -0.086087 0.29108 -0.0021706 -0.13097 -0.11987 -0.16439 -0.1429 0.26752 0.0040334 -0.20996 -0.25507 0.064733 -0.36584 0.025276 0.093399 -0.43653 -0.34979 0.2009 -0.65558 0.0042128 0.12342 -0.76835 -0.41257 0.21256 -0.7283 0.041955 0.057029 -0.8224 0.047307 -0.41077 0.40854
-0.045181 -0.23352 0.36339 0.26139 -0.19582 0.31257 0.10712 -0.24975 0.30618 0.018255 -0.043874 0.049534 -0.059542 0.035222 -0.028512 0.040649 0.035222 -0.052009 -0.11755 -0.086063 0.15424 0.33028 -0.037612 0.1103 -0.1043 -0.1206 -0.079725 0.28732 0.0055305 -0.11877 -0.11823 -0.17741 -0.13771 0.26206 0.011179 -0.19734 -0.24845 0.058258 -0.36894 0.021459 0.095832 -0.43664 -0.3331 0.19035 -0.6638 -0.00056252 0.11602 -0.76926 -0.3755 0.16725 -0.73761 0.03976 0.051033 -0.82329 0.078055 -0.41807 0.40574
-0.03733 -0.24352 0.36343 0.26585 -0.19879 0.31225 0.11286 -0.25495 0.29959 0.019016 -0.044044 0.04903 -0.059883 0.035294 -0.027627 0.039666 0.035294 -0.052686 -0.11468 -0.096361 0.15605 0.33291 -0.037681 0.11176 -0.12086 -0.11517 -0.080126 0.28707 0.0059078 -0.11664 -0.12565 -0.1752 -0.13685 0.26143 0.0096204 -0.19518 -0.23909 0.065797 -0.37243 0.024413 0.096187 -0.43739 -0.31352 0.19133 -0.67273 0.0037981 0.10798 -0.77045 -0.33518 0.13674 -0.74567 0.043331 0.042625 -0.82454 0.088469 -0.42398 0.39829
-0.026508 -0.25081 0.35567 0.27448 -0.20227 0.30213 0.12309 -0.26393 0.28739 0.021197 -0.045461 0.046834 -0.060018 0.036179 -0.02614 0.03746 0.036179 -0.053679 -0.10855 -0.10181 0.1515 0.33828 -0.036688 0.1043 -0.13052 -0.10378 -0.084454 0.29384 0.0010161 -0.1254 -0.1314 -0.16663 -0.1396 0.26625 0.002775 -0.20328 -0.22029 0.081754 -0.37828 0.037763 0.092626 -0.43927 -0.27231 0.21855 -0.67802 0.019638 0.094166 -0.77261 -0.3053 0.1918 -0.75775 0.056243 0.027275 -0.82685 0.09206 -0.43401 0.38147
-0.025093 -0.27631 0.36178 0.2667 -0.2315 0.30461 0.11299 -0.27742 0.27902 0.018165 -0.047445 0.045937 -0.059481 0.036556 -0.026814 0.038304 0.036556 -0.052824 -0.10931 -0.12539 0.15976 0.3261 -0.061954 0.10865 -0.13515 -0.11726 -0.075724 0.28193 -0.033994 -0.12253 -0.13312 -0.16661 -0.14059 0.25194 -0.03338 -0.19972 -0.20218 0.096692 -0.3847 0.053767 0.086219 -0.43919 -0.24123 0.23497 -0.68618 0.037856 0.079176 -0.77271 -0.28679 0.23289 -0.7704 0.072275 0.011246 -0.82715 0.092198 -0.44939 0.37506
-0.050043 -0.30513 0.38452 0.23097 -0.26968 0.31293 0.072623 -0.291 0.27849 0.0097584 -0.049319 0.046637 -0.058251 0.035971 -0.030121 0.043067 0.035971 -0.049459 -0.13691 -0.15341 0.18429 0.28339 -0.097263 0.11753 -0.1564 -0.1401 -0.051536 0.23953 -0.07943 -0.1147 -0.14781 -0.15862 -0.13152 0.21045 -0.081168 -0.19214 -0.18766 0.10602 -0.3911 0.067522 0.080366 -0.43595 -0.228 0.23051 -0.69828 0.054273 0.064588 -0.76924 -0.27249 0.21962 -0.78012 0.088382 -0.0033639 -0.82382 0.090725 -0.46424 0.37182
-0.10933 -0.29071 0.3955 0.17619 -0.26363 0.29402 0.017931 -0.29624 0.28105 0.003872 -0.050868 0.045892 -0.056726 0.035603 -0.033371 0.047823 0.035603 -0.045141 -0.20586 -0.13849 0.20021 0.21758 -0.087809 0.098997 -0.21674 -0.11565 -0.03548 0.18091 -0.078089 -0.13488 -0.19779 -0.10374 -0.11499 0.15965 -0.086424 -0.21408 -0.1693 0.11197 -0.39859 0.079894 0.078037 -0.43134 -0.20684 0.23198 -0.70797 0.071483 0.046794 -0.76354 -0.25227 0.21026 -0.78643 0.10566 -0.021218 -0.81808 0.087712 -0.46828 0.33967
-0.16534 -0.24366 0.3442 0.1262 -0.24545 0.27124 -0.030778 -0.29161 0.28541 0.00073688 -0.051836 0.045038 -0.054169 0.036439 -0.036465 0.050508 0.036439 -0.041466 -0.26241 -0.088247 0.15174 0.16883 -0.069199 0.077071 -0.25891 -0.058741 -0.083286 0.13818 -0.064205 -0.15792 -0.23688 -0.030955 -0.15813 0.12523 -0.076634 -0.23874 -0.14925 0.12001 -0.40515 0.090613 0.070932 -0.42759 -0.18039 0.23736 -0.71615 0.084622 0.025387 -0.75838 -0.22875 0.21408 -0.79285 0.11599 -0.04413 -0.81256 0.068551 -0.46259 0.30157
-0.19754 -0.19934 0.25389 0.092207 -0.24792 0.26491 -0.066016 -0.28428 0.28619 -0.003552 -0.051948 0.044795 -0.050741 0.038022 -0.039664 0.051675 0.038022 -0.03849 -0.28074 -0.038212 0.059651 0.15124 -0.074605 0.072354 -0.25865 -0.009067 -0.17445 0.12027 -0.071609 -0.1626 -0.24349 0.01942 -0.25058 0.10908 -0.082489 -0.24379 -0.13196 0.12894 -0.40991 0.09952 0.056401 -0.42486 -0.15776 0.23847 -0.72425 0.092514 0.0033527 -0.75447 -0.20742 0.21856 -0.80097 0.11777 -0.068884 -0.80831 0.031494 -0.45596 0.27974
-0.2273 -0.19203 0.24012 0.063158 -0.26314 0.26458 -0.097712 -0.28729 0.27366 -0.013487 -0.051027 0.043332 -0.048203 0.038292 -0.0425 0.054123 0.038292 -0.034516 -0.30057 -0.027525 0.044461 0.13249 -0.090665 0.074346 -0.26806 0.0015838 -0.18857 0.10027 -0.089636 -0.16046 -0.25652 0.030391 -0.26537 0.081707 -0.098978 -0.24089 -0.1197 0.12896 -0.41482 0.10704 0.04369 -0.42075 -0.14221 0.23377 -0.73107 0.10168 -0.014356 -0.74948 -0.19161 0.21014 -0.80771 0.12112 -0.088331 -0.8036 -0.0024495 -0.46004 0.26909
-0.25067 -0.19033 0.25434 0.043877 -0.27523 0.26382 -0.11892 -0.29092 0.26211 -0.022286 -0.049535 0.042048 -0.046627 0.037658 -0.044766 0.056873 0.037658 -0.030762 -0.31679 -0.023696 0.05815 0.12022 -0.10365 0.07582 -0.28122 0.0072565 -0.17412 0.087277 -0.10428 -0.15886 -0.26582 0.037553 -0.2494 0.054375 -0.1109 -0.23395 -0.10925 0.12769 -0.41881 0.11193 0.031873 -0.41659 -0.1288 0.22963 -0.73617 0.1099 -0.031811 -0.74438 -0.18274 0.21077 -0.80948 0.1217 -0.10797 -0.79745 -0.029791 -0.46633 0.26391
-0.26361 -0.18606 0.24748 0.033111 -0.28081 0.2618 -0.12989 -0.29031 0.25687 -0.024502 -0.048842 0.041488 -0.044799 0.037878 -0.046434 0.058021 0.037878 -0.028255 -0.32241 -0.016688 0.051253 0.11874 -0.11177 0.075487 -0.28669 0.019232 -0.18033 0.08471 -0.11283 -0.159 -0.26372 0.048646 -0.25396 0.037146 -0.11434 -0.22569 -0.099723 0.13113 -0.42092 0.11483 0.02185 -0.41357 -0.1172 0.2274 -0.74018 0.11644 -0.043735 -0.74102 -0.18176 0.22779 -0.80699 0.1201 -0.12182 -0.79269 -0.051769 -0.47007 0.25846
-0.28001 -0.25543 0.29797 0.010558 -0.29947 0.26214 -0.15216 -0.30486 0.2324 -0.025771 -0.050901 0.038581 -0.041135 0.040533 -0.047523 0.057469 0.040533 -0.025376 -0.34137 -0.084539 0.10396 0.098364 -0.12916 0.077839 -0.30842 -0.035511 -0.1254 0.061329 -0.12931 -0.15649 -0.28304 -0.010236 -0.20036 0.0098776 -0.12887 -0.22401 -0.098378 0.12798 -0.42299 0.12085 0.025494 -0.4096 -0.12063 0.21408 -0.74475 0.12972 -0.022826 -0.73976 -0.18971 0.216 -0.8084 0.13614 -0.095871 -0.79712 -0.062248 -0.4863 0.24648
-0.25403 -0.32385 0.32969 0.030252 -0.30352 0.2587 -0.12888 -0.30842 0.23194 -0.021931 -0.051525 0.039231 -0.039814 0.041378 -0.047891 0.057738 0.041378 -0.023422 -0.32304 -0.15285 0.1382 0.12027 -0.12865 0.079922 -0.29249 -0.090221 -0.088357 0.074381 -0.1202 -0.15232 -0.26228 -0.070921 -0.16266 0.03679 -0.13137 -0.22384 -0.10474 0.11652 -0.42485 0.12953 0.036297 -0.40658 -0.13449 0.19153 -0.74887 0.14276 0.023006 -0.73997 -0.20251 0.18244 -0.81254 0.1589 -0.044269 -0.80326 -0.053285 -0.4864 0.22963
-0.16568 -0.29745 0.25759 0.12115 -0.27089 0.24455 -0.028847 -0.27691 0.29069 -0.0098282 -0.047028 0.048068 -0.043994 0.03716 -0.047578 0.059982 0.03716 -0.02481 -0.23457 -0.12586 0.066383 0.22473 -0.094208 0.075069 -0.20262 -0.058575 -0.1586 0.16372 -0.066695 -0.15195 -0.15758 -0.045496 -0.22606 0.15294 -0.10303 -0.22179 -0.11128 0.10385 -0.42572 0.13739 0.037024 -0.40715 -0.14357 0.17153 -0.75112 0.14735 0.065589 -0.7397 -0.21129 0.15988 -0.81476 0.17065 -0.00099409 -0.80197 -0.035114 -0.44648 0.21431
-0.14471 -0.27017 0.22089 0.14206 -0.26513 0.22643 0.0017586 -0.26082 0.31995 -0.0045781 -0.043965 0.053048 -0.045933 0.035425 -0.047328 0.058673 0.035425 -0.029776 -0.19798 -0.093916 0.029638 0.26488 -0.098131 0.060391 -0.16275 -0.02574 -0.19478 0.19374 -0.055882 -0.16199 -0.11003 -0.019957 -0.25868 0.19649 -0.10121 -0.23601 -0.10668 0.10128 -0.4267 0.14254 0.014778 -0.4093 -0.13628 0.16502 -0.75311 0.156 0.083731 -0.73553 -0.20414 0.1575 -0.81704 0.18488 0.027258 -0.80316 -0.060783 -0.42041 0.20671
-0.1801 -0.26514 0.24286 0.092276 -0.28539 0.2178 -0.034725 -0.25725 0.31626 -0.0065002 -0.042886 0.053115 -0.044951 0.036228 -0.047556 0.054995 0.036228 -0.035485 -0.21142 -0.082746 0.052037 0.22964 -0.13285 0.048921 -0.17023 -0.021495 -0.17314 0.15519 -0.082357 -0.17033 -0.11905 -0.022713 -0.23807 0.15742 -0.13336 -0.23473 -0.097884 0.10199 -0.42809 0.14427 -0.010566 -0.41206 -0.12407 0.16317 -0.75529 0.16672 0.085245 -0.73115 -0.19169 0.16016 -0.81995 0.19936 0.043492 -0.80839 -0.10589 -0.40738 0.21063
-0.17193 -0.24339 0.25085 0.070704 -0.28876 0.22533 -0.034375 -0.2328 0.33372 -0.0055681 -0.040048 0.055256 -0.045455 0.034578 -0.048266 0.054166 0.034578 -0.038342 -0.1897 -0.058498 0.060636 0.21202 -0.14269 0.053991 -0.13895 -0.018359 -0.16696 0.13569 -0.082808 -0.16217 -0.088544 -0.024234 -0.2322 0.13922 -0.16101 -0.18517 -0.098516 0.093774 -0.42955 0.14381 -0.0096503 -0.4152 -0.12523 0.15195 -0.75725 0.16973 0.090192 -0.73285 -0.19215 0.14972 -0.82264 0.20241 0.051613 -0.812 -0.11099 -0.37413 0.22376
-0.15802 -0.22419 0.25087 0.066791 -0.2969 0.22103 -0.02089 -0.22439 0.34197 -0.0039207 -0.037553 0.057357 -0.045684 0.032957 -0.049233 0.054292 0.032957 -0.039498 -0.16182 -0.036735 0.062082 0.21564 -0.15832 0.049457 -0.10589 -0.015292 -0.16752 0.1391 -0.088487 -0.16373 -0.05556 -0.025894 -0.23238 0.14103 -0.15579 -0.19208 -0.095023 0.095334 -0.43162 0.14591 -0.0066368 -0.41634 -0.12191 0.1512 -0.75973 0.17557 0.086369 -0.73574 -0.18834 0.15148 -0.82582 0.20532 0.045177 -0.81426 -0.12173 -0.35638 0.22913
-0.16257 -0.22835 0.24136 0.066867 -0.30655 0.20804 -0.024579 -0.24281 0.32835 -0.0037983 -0.037551 0.057289 -0.04548 0.032783 -0.049519 0.053731 0.032783 -0.040413 -0.16453 -0.040426 0.053224 0.21845 -0.16882 0.03841 -0.1053 -0.025313 -0.1758 0.14032 -0.095952 -0.17315 -0.055558 -0.037233 -0.24082 0.13535 -0.11855 -0.25089 -0.097524 0.089925 -0.43184 0.14468 -0.008097 -0.41727 -0.12527 0.14415 -0.76014 0.17229 0.08275 -0.73743 -0.19086 0.14475 -0.82697 0.20197 0.040703 -0.81563 -0.12752 -0.3731 0.21969
-0.16208 -0.25796 0.20782 0.080792 -0.28564 0.21787 -0.041582 -0.2586 0.31583 -0.0041785 -0.040153 0.055443 -0.047102 0.032904 -0.047886 0.052788 0.032904 -0.041541 -0.2014 -0.079406 0.016738 0.20502 -0.12207 0.05149 -0.12978 -0.060976 -0.20818 0.11781 -0.062505 -0.16073 -0.08128 -0.06375 -0.27472 0.10552 -0.076795 -0.24656 -0.13207 0.034711 -0.42583 0.12795 0.0038311 -0.42261 -0.16742 0.086252 -0.75378 0.13232 0.10617 -0.73994 -0.23022 0.073803 -0.82142 0.17183 0.068652 -0.81582 -0.061564 -0.40646 0.20482
-0.12568 -0.28372 0.19843 0.12336 -0.25906 0.22714 -0.015329 -0.25617 0.31649 -0.0015856 -0.04203 0.054157 -0.049588 0.033404 -0.044939 0.051951 0.033404 -0.042194 -0.20697 -0.11989 0.0046489 0.21682 -0.069882 0.06421 -0.12401 -0.094024 -0.21597 0.11508 -0.033169 -0.14645 -0.07775 -0.086835 -0.28436 0.10032 -0.054139 -0.22361 -0.15482 -0.02949 -0.41609 0.10936 0.018513 -0.42768 -0.19895 0.017619 -0.74375 0.086783 0.12905 -0.74215 -0.25711 -0.010298 -0.81194 0.13624 0.10156 -0.81677 0.019332 -0.42223 0.20747
-0.076059 -0.29145 0.2214 0.17161 -0.25187 0.22327 0.042597 -0.24519 0.32401 0.0025331 -0.04214 0.054061 -0.051188 0.034528 -0.042216 0.051324 0.034528 -0.042054 -0.17534 -0.13919 0.027232 0.2539 -0.05695 0.062002 -0.089247 -0.10946 -0.19161 0.13941 -0.03976 -0.14464 -0.044393 -0.097443 -0.26013 0.12397 -0.060528 -0.22293 -0.14655 -0.067948 -0.40625 0.10305 0.020084 -0.42825 -0.19481 -0.02084 -0.73331 0.065303 0.12743 -0.7422 -0.2493 -0.053778 -0.8021 0.11762 0.10878 -0.81758 0.058435 -0.41801 0.22836
-0.091613 -0.298 0.21577 0.16376 -0.26173 0.22784 0.02883 -0.25538 0.31759 0.0006466 -0.043325 0.053131 -0.050909 0.036125 -0.04123 0.050636 0.036125 -0.041563 -0.19151 -0.14779 0.020796 0.24969 -0.071221 0.06417 -0.10517 -0.12538 -0.19866 0.1326 -0.060284 -0.14222 -0.057479 -0.10905 -0.2641 0.10824 -0.08793 -0.21657 -0.14438 -0.090239 -0.39788 0.11168 0.0011247 -0.42462 -0.19162 -0.026657 -0.7221 0.068134 0.10712 -0.73833 -0.24798 -0.050085 -0.7925 0.11954 0.084786 -0.81307 0.056406 -0.4318 0.23847
-0.12381 -0.30632 0.1956 0.1313 -0.26304 0.23754 -0.015111 -0.26594 0.3115 -0.0044943 -0.044426 0.052099 -0.050768 0.037595 -0.040034 0.050875 0.037595 -0.039897 -0.22336 -0.15822 -0.0013815 0.22333 -0.077515 0.070773 -0.13631 -0.14805 -0.22162 0.10634 -0.080004 -0.13483 -0.088014 -0.13284 -0.28698 0.083513 -0.11785 -0.20415 -0.1447 -0.11245 -0.38718 0.12943 -0.023762 -0.41684 -0.18994 -0.024334 -0.70609 0.076768 0.087284 -0.72719 -0.25016 -0.033496 -0.77736 0.12712 0.05904 -0.80095 0.048383 -0.44223 0.24693
-0.12581 -0.31047 0.18754 0.11855 -0.2466 0.2403 -0.027922 -0.26446 0.31186 -0.0080445 -0.04445 0.05164 -0.052063 0.03858 -0.037341 0.052235 0.03858 -0.0371 -0.23239 -0.17145 -0.01231 0.21233 -0.062523 0.07298 -0.14445 -0.17045 -0.23241 0.092351 -0.093615 -0.12857 -0.10439 -0.16335 -0.30439 0.087559 -0.1367 -0.19839 -0.13726 -0.1395 -0.37328 0.14776 -0.040573 -0.40668 -0.18251 -0.031587 -0.686 0.07781 0.079304 -0.71024 -0.2444 -0.031169 -0.75632 0.1286 0.052469 -0.78417 0.061233 -0.4351 0.26519
-0.14543 -0.30165 0.18273 0.11987 -0.24494 0.23019 -0.025956 -0.28734 0.28773 -0.0095542 -0.045646 0.050289 -0.052808 0.039426 -0.03541 0.052732 0.039426 -0.035521 -0.25625 -0.17032 -0.020178 0.21738 -0.06253 0.063313 -0.1713 -0.17471 -0.24137 0.099428 -0.10437 -0.13828 -0.14627 -0.17205 -0.32017 0.094733 -0.14737 -0.20919 -0.13218 -0.15573 -0.36362 0.15997 -0.052322 -0.39886 -0.17733 -0.037028 -0.67245 0.078817 0.073049 -0.69765 -0.23962 -0.030598 -0.74196 0.13001 0.04746 -0.7717 0.083783 -0.44942 0.28038
-0.1738 -0.28193 0.18758 0.11793 -0.25514 0.21513 -0.027236 -0.3221 0.25034 -0.010079 -0.047865 0.048096 -0.052822 0.04018 -0.034499 0.052404 0.04018 -0.035133 -0.28807 -0.15865 -0.018279 0.21817 -0.076987 0.04524 -0.20928 -0.16655 -0.24167 0.10561 -0.11484 -0.1599 -0.18986 -0.16603 -0.32189 0.086807 -0.16067 -0.22603 -0.12959 -0.16357 -0.35777 0.168 -0.061692 -0.3932 -0.17439 -0.039976 -0.6647 0.081227 0.06628 -0.68911 -0.23659 -0.029167 -0.73382 0.13246 0.040677 -0.76314 0.099721 -0.46745 0.29288
-0.17629 -0.26492 0.20934 0.11112 -0.2577 0.20796 -0.029993 -0.33811 0.22857 -0.010405 -0.04985 0.045966 -0.052765 0.040825 -0.033822 0.051968 0.040825 -0.035043 -0.29887 -0.1548 0.00083948 0.20878 -0.087275 0.028897 -0.22622 -0.16731 -0.22443 0.10233 -0.12732 -0.17933 -0.193 -0.17154 -0.29946 0.075841 -0.18163 -0.23599 -0.1263 -0.17169 -0.35216 0.17585 -0.070743 -0.38742 -0.17073 -0.044261 -0.65757 0.083383 0.060417 -0.68019 -0.23257 -0.029159 -0.72622 0.13457 0.035377 -0.75446 0.10189 -0.46048 0.31177
-0.14764 -0.27417 0.23228 0.13998 -0.24765 0.21468 0.0024786 -0.33453 0.23034 -0.0093733 -0.05136 0.044478 -0.052457 0.041669 -0.033272 0.050806 0.041669 -0.035728 -0.27895 -0.17852 0.021891 0.2361 -0.088493 0.024778 -0.21021 -0.19966 -0.20387 0.14552 -0.14501 -0.18616 -0.16564 -0.20695 -0.27371 0.12136 -0.19421 -0.24691 -0.12695 -0.17682 -0.34741 0.18134 -0.08244 -0.38135 -0.16897 -0.046454 -0.65191 0.087153 0.052417 -0.67193 -0.22988 -0.026298 -0.72002 0.13782 0.026614 -0.74627 0.10578 -0.45515 0.34409
-0.10929 -0.29616 0.24609 0.18628 -0.23385 0.22607 0.051638 -0.32562 0.23884 -0.0072987 -0.052538 0.043502 -0.052009 0.042653 -0.032723 0.049235 0.042653 -0.036767 -0.2473 -0.21177 0.035187 0.28202 -0.086983 0.026282 -0.18008 -0.24251 -0.19 0.21078 -0.1647 -0.18605 -0.13274 -0.25021 -0.25733 0.19196 -0.19809 -0.25947 -0.12892 -0.17981 -0.34343 0.18485 -0.093782 -0.3758 -0.16804 -0.047929 -0.64768 0.091715 0.044147 -0.66527 -0.22779 -0.023325 -0.7154 0.14168 0.016764 -0.73953 0.11439 -0.45376 0.37536
-0.088694 -0.30038 0.25095 0.20378 -0.22794 0.23015 0.072634 -0.32521 0.23413 -0.0050206 -0.053468 0.042726 -0.051838 0.043346 -0.032077 0.048158 0.043346 -0.037381 -0.23175 -0.22224 0.040978 0.2969 -0.091552 0.021839 -0.16462 -0.25914 -0.18336 0.23509 -0.18041 -0.1893 -0.11564 -0.26683 -0.24945 0.21607 -0.20333 -0.2669 -0.1275 -0.18426 -0.33935 0.18786 -0.10107 -0.3715 -0.16572 -0.05249 -0.64377 0.094674 0.0386 -0.66013 -0.22456 -0.025387 -0.71133 0.14422 0.010539 -0.73443 0.11956 -0.44111 0.38757
-0.079266 -0.29382 0.25946 0.21156 -0.22271 0.23974 0.080469 -0.3205 0.23779 -0.00094197 -0.053554 0.042791 -0.05231 0.043124 -0.031612 0.04767 0.043124 -0.03825 -0.2265 -0.22257 0.049941 0.30384 -0.096856 0.024618 -0.15843 -0.26771 -0.17249 0.24602 -0.1926 -0.18418 -0.10642 -0.27601 -0.23629 0.22681 -0.20828 -0.26296 -0.13111 -0.18861 -0.33495 0.18706 -0.11267 -0.36712 -0.16671 -0.057705 -0.64004 0.096305 0.029245 -0.6554 -0.22428 -0.026401 -0.70698 0.14499 -2.2167e-05 -0.72977 0.11536 -0.42366 0.40186
-0.074934 -0.2818 0.27525 0.22134 -0.21278 0.25782 0.086108 -0.3046 0.25797 0.004165 -0.052705 0.043703 -0.053268 0.041978 -0.031552 0.047526 0.041978 -0.039677 -0.2252 -0.22089 0.064633 0.3158 -0.096239 0.038396 -0.15566 -0.2773 -0.1548 0.25995 -0.19832 -0.16807 -0.10202 -0.28723 -0.21696 0.24334 -0.21213 -0.24791 -0.14001 -0.19241 -0.33068 0.1835 -0.1287 -0.36265 -0.17101 -0.062683 -0.63678 0.09755 0.016027 -0.65101 -0.22622 -0.026367 -0.70311 0.14491 -0.015325 -0.72541 0.10407 -0.40409 0.42733
-0.077014 -0.26334 0.29099 0.22523 -0.20041 0.27384 0.084984 -0.28378 0.2813 0.0073042 -0.051584 0.044643 -0.054128 0.040551 -0.031917 0.047391 0.040551 -0.041262 -0.2282 -0.21349 0.078194 0.32251 -0.088282 0.05333 -0.15742 -0.27975 -0.13808 0.26586 -0.19435 -0.15094 -0.10765 -0.29218 -0.20283 0.25194 -0.21746 -0.22879 -0.14646 -0.19677 -0.32712 0.1813 -0.14163 -0.35901 -0.17421 -0.068867 -0.63432 0.098872 0.0047208 -0.64762 -0.22608 -0.029663 -0.70053 0.1451 -0.028384 -0.72202 0.092844 -0.3806 0.45315
-0.0865 -0.25091 0.30039 0.2196 -0.197 0.28245 0.075459 -0.27329 0.29457 0.0081214 -0.051327 0.044794 -0.054637 0.039539 -0.032407 0.047225 0.039539 -0.042487 -0.23718 -0.20446 0.086346 0.32051 -0.087582 0.062238 -0.16615 -0.27935 -0.12702 0.26169 -0.19733 -0.13939 -0.11812 -0.29393 -0.19276 0.2484 -0.22795 -0.21524 -0.15435 -0.20024 -0.32302 0.17543 -0.15635 -0.3539 -0.17891 -0.075753 -0.63184 0.098185 -0.0095876 -0.64365 -0.2301 -0.024301 -0.69408 0.14338 -0.043563 -0.71815 0.077172 -0.36752 0.46783
-0.10049 -0.24368 0.30461 0.20724 -0.1982 0.28675 0.06097 -0.26982 0.30103 0.0078926 -0.050977 0.045236 -0.054971 0.037989 -0.033652 0.047445 0.037989 -0.043626 -0.25039 -0.19672 0.090153 0.31283 -0.094056 0.066178 -0.1784 -0.28092 -0.11937 0.25342 -0.20885 -0.13246 -0.12631 -0.29766 -0.18136 0.23935 -0.23925 -0.20811 -0.16229 -0.20621 -0.31783 0.16905 -0.17257 -0.34816 -0.18418 -0.085378 -0.62831 0.097013 -0.026061 -0.6394 -0.23263 -0.029622 -0.68905 0.14102 -0.061495 -0.71394 0.059934 -0.36175 0.47557
-0.11247 -0.2237 0.31205 0.19601 -0.18211 0.29616 0.048816 -0.24889 0.32001 0.0084709 -0.047474 0.048712 -0.055483 0.03356 -0.037171 0.048689 0.03356 -0.0457 -0.26205 -0.18955 0.095218 0.30672 -0.088372 0.07342 -0.18533 -0.28554 -0.10741 0.251 -0.2098 -0.12244 -0.12951 -0.30678 -0.16493 0.23802 -0.24085 -0.19788 -0.16073 -0.22344 -0.31111 0.17443 -0.18262 -0.34541 -0.184 -0.10396 -0.62215 0.10051 -0.037366 -0.63697 -0.21467 -0.09676 -0.69901 0.14357 -0.076213 -0.71121 0.053661 -0.33832 0.49574
-0.12308 -0.20326 0.31956 0.18608 -0.16315 0.3049 0.037972 -0.2217 0.34167 0.008536 -0.04233 0.053305 -0.055024 0.028495 -0.041924 0.050014 0.028495 -0.047811 -0.2715 -0.18749 0.099535 0.30149 -0.084657 0.078731 -0.19435 -0.29718 -0.095834 0.24886 -0.21681 -0.11073 -0.14294 -0.324 -0.15445 0.23759 -0.24986 -0.18577 -0.15947 -0.2496 -0.29385 0.17414 -0.20382 -0.33445 -0.18522 -0.13862 -0.6076 0.10184 -0.066495 -0.62995 -0.19328 -0.18656 -0.6921 0.14796 -0.097033 -0.70463 0.045037 -0.31209 0.51685
-0.13294 -0.19118 0.32438 0.17643 -0.15332 0.30787 0.027379 -0.20064 0.35541 0.0073856 -0.038015 0.056594 -0.053506 0.024879 -0.045972 0.050606 0.024879 -0.049166 -0.27848 -0.18992 0.10194 0.29613 -0.092741 0.078476 -0.20905 -0.31255 -0.088549 0.24305 -0.23865 -0.10048 -0.17057 -0.34505 -0.15385 0.2321 -0.2733 -0.17488 -0.16583 -0.27562 -0.26692 0.15875 -0.24046 -0.31276 -0.19213 -0.18201 -0.58625 0.096876 -0.11693 -0.61661 -0.1858 -0.24809 -0.65486 0.14995 -0.12531 -0.69251 0.026099 -0.29459 0.52883
-0.13836 -0.17091 0.33168 0.16891 -0.13662 0.31128 0.020943 -0.17583 0.36861 0.0071558 -0.035082 0.058641 -0.053263 0.021526 -0.047924 0.050878 0.021526 -0.050414 -0.28003 -0.18486 0.10716 0.29357 -0.093742 0.080263 -0.21687 -0.31574 -0.080201 0.24104 -0.24847 -0.09153 -0.18775 -0.3551 -0.14725 0.2293 -0.28499 -0.1643 -0.17059 -0.29017 -0.25113 0.1501 -0.26159 -0.30017 -0.19671 -0.20556 -0.57319 0.09339 -0.14437 -0.60779 -0.18528 -0.27536 -0.63052 0.1495 -0.14129 -0.68351 0.013619 -0.26642 0.54366
-0.14137 -0.1382 0.34103 0.16273 -0.1054 0.31885 0.016675 -0.14091 0.38305 0.0069934 -0.030445 0.060994 -0.05316 0.018086 -0.049401 0.05078 0.018086 -0.051857 -0.27487 -0.16908 0.11334 0.28727 -0.083039 0.085221 -0.21754 -0.30639 -0.07108 0.23438 -0.24098 -0.083358 -0.18803 -0.34848 -0.1357 0.22441 -0.28027 -0.15591 -0.17253 -0.29661 -0.24589 0.14856 -0.26917 -0.29638 -0.19828 -0.21412 -0.56839 0.092113 -0.15447 -0.6048 -0.182 -0.29359 -0.61839 0.1479 -0.15017 -0.67969 0.0076039 -0.22772 0.55999
-0.14534 -0.10169 0.34849 0.15653 -0.066679 0.32915 0.011253 -0.10097 0.39567 0.005562 -0.022721 0.064349 -0.051628 0.014949 -0.05199 0.050273 0.014949 -0.053322 -0.26563 -0.14777 0.11613 0.27268 -0.068029 0.090311 -0.21717 -0.29284 -0.064811 0.21507 -0.22645 -0.076263 -0.17993 -0.33064 -0.12797 0.21579 -0.26593 -0.15043 -0.17475 -0.30201 -0.24246 0.14561 -0.27706 -0.29315 -0.19986 -0.22275 -0.56583 0.090504 -0.16876 -0.60411 -0.1789 -0.31081 -0.60885 0.1463 -0.16354 -0.67896 0.0012973 -0.18918 0.57195
-0.1493 -0.07959 0.35016 0.1511 -0.045221 0.33405 0.005898 -0.077964 0.40189 0.004235 -0.017981 0.066199 -0.050435 0.012709 -0.053794 0.049985 0.012709 -0.054196 -0.26058 -0.13249 0.11445 0.26072 -0.061751 0.092243 -0.21934 -0.28264 -0.064326 0.19578 -0.21937 -0.072407 -0.17951 -0.31868 -0.12739 0.22279 -0.24581 -0.14293 -0.17839 -0.30414 -0.24143 0.14189 -0.28299 -0.29105 -0.20256 -0.2277 -0.56557 0.088447 -0.18001 -0.60418 -0.20425 -0.27115 -0.62779 0.1445 -0.17564 -0.67907 -0.0044336 -0.15761 0.58179
-0.1521 -0.064452 0.34755 0.14587 -0.037019 0.33223 0.0014174 -0.063234 0.40399 0.0032252 -0.015573 0.06671 -0.050071 0.010607 -0.054542 0.049914 0.010607 -0.054687 -0.25752 -0.1219 0.11045 0.25237 -0.061036 0.089915 -0.22264 -0.2753 -0.066798 0.18242 -0.21788 -0.073409 -0.18503 -0.31178 -0.13077 0.23195 -0.23176 -0.1385 -0.18253 -0.30351 -0.24356 0.13849 -0.28672 -0.29067 -0.20541 -0.22886 -0.5682 0.086513 -0.18768 -0.60528 -0.23761 -0.21263 -0.65688 0.14275 -0.18593 -0.68008 -0.0078457 -0.128 0.59014
-0.15332 -0.040872 0.34487 0.14032 -0.024759 0.32811 -0.0020107 -0.038372 0.40689 0.0019813 -0.011689 0.067505 -0.0499 0.0077621 -0.055157 0.049793 0.0077621 -0.055256 -0.25048 -0.10952 0.10732 0.24263 -0.05725 0.085012 -0.22457 -0.26742 -0.067439 0.17403 -0.21411 -0.078772 -0.18643 -0.30097 -0.13265 0.22014 -0.23447 -0.14436 -0.1861 -0.30239 -0.24801 0.13531 -0.29044 -0.29127 -0.20727 -0.22923 -0.5731 0.084999 -0.19698 -0.60784 -0.24279 -0.20311 -0.66033 0.14129 -0.19816 -0.6826 -0.00829 -0.094433 0.59607
-0.15378 -0.026151 0.34284 0.13747 -0.016983 0.32662 -0.0039447 -0.024695 0.40846 0.0008966 -0.0093195 0.067994 -0.049594 0.0057724 -0.055715 0.050074 0.0057724 -0.055282 -0.24599 -0.10223 0.10534 0.23395 -0.060506 0.082687 -0.22915 -0.26352 -0.067542 0.16943 -0.21724 -0.083246 -0.18861 -0.29391 -0.13294 0.21025 -0.24313 -0.15108 -0.19138 -0.30003 -0.25149 0.13066 -0.29426 -0.29075 -0.21036 -0.22801 -0.57698 0.082636 -0.20777 -0.60966 -0.24619 -0.18535 -0.65401 0.13888 -0.21275 -0.68433 -0.0080222 -0.071888 0.59984
-0.15424 -0.022141 0.34131 0.13685 -0.015856 0.32765 -0.0050521 -0.024111 0.40836 0.00011539 -0.0086396 0.068052 -0.049173 0.0045974 -0.056178 0.050762 0.0045974 -0.054747 -0.24605 -0.099019 0.10402 0.22614 -0.062442 0.081657 -0.23765 -0.26199 -0.067856 0.16824 -0.22383 -0.08199 -0.19577 -0.29146 -0.1328 0.20518 -0.25186 -0.15054 -0.19901 -0.2967 -0.25293 0.12317 -0.2987 -0.28865 -0.21543 -0.22558 -0.57876 0.07823 -0.21985 -0.60998 -0.25144 -0.17752 -0.6512 0.13407 -0.22983 -0.68444 -0.0085526 -0.061362 0.60204
-0.15499 -0.014592 0.34002 0.13518 -0.014411 0.32742 -0.0065465 -0.01822 0.40865 -0.00054893 -0.0069042 0.068226 -0.04887 0.0028013 -0.056547 0.051391 0.0028013 -0.054266 -0.24673 -0.091514 0.10273 0.21675 -0.043687 0.076517 -0.24735 -0.25639 -0.067503 0.17004 -0.22055 -0.073461 -0.20739 -0.28712 -0.13301 0.18836 -0.26127 -0.14122 -0.2072 -0.29395 -0.25355 0.11319 -0.30429 -0.28621 -0.22111 -0.22373 -0.57968 0.071777 -0.23294 -0.60975 -0.24078 -0.2457 -0.6532 0.12663 -0.24847 -0.68394 -0.0098218 -0.050355 0.6033
-0.15535 -0.0062545 0.33925 0.1337 -0.011755 0.32661 -0.0074426 -0.0086975 0.40904 -0.00098844 -0.005192 0.068407 -0.048727 0.0013055 -0.056743 0.051792 0.0013055 -0.05396 -0.24632 -0.081638 0.10115 0.20982 -0.024357 0.072044 -0.25459 -0.24986 -0.065582 0.1713 -0.21429 -0.064819 -0.21728 -0.28213 -0.13201 0.17369 -0.26426 -0.13173 -0.21313 -0.29208 -0.25384 0.10558 -0.30853 -0.28432 -0.22521 -0.22275 -0.58024 0.066769 -0.24258 -0.60934 -0.24167 -0.27193 -0.65989 0.12085 -0.26189 -0.6833 -0.010256 -0.039525 0.60384
-0.15511 0.00065749 0.33859 0.13285 -0.0081333 0.32582 -0.0075164 0.00091678 0.40909 -0.0012036 -0.0038545 0.068483 -0.048708 0.00052318 -0.056766 0.051982 0.00052318 -0.053784 -0.24487 -0.072088 0.099212 0.20684 -0.016798 0.070632 -0.25814 -0.24343 -0.063989 0.17027 -0.21035 -0.061249 -0.22289 -0.27761 -0.13055 0.16795 -0.26007 -0.12749 -0.21621 -0.29104 -0.25394 0.10206 -0.31062 -0.28319 -0.22717 -0.22273 -0.5806 0.064613 -0.24764 -0.60895 -0.26025 -0.22175 -0.66684 0.11789 -0.26987 -0.68264 -0.0094245 -0.030671 0.6038
-0.15476 0.009294 0.33684 0.13106 -0.0033803 0.32422 -0.0079499 0.011145 0.40893 -0.0013931 -0.0014575 0.068543 -0.048741 -0.00037973 -0.056735 0.052098 -0.00037973 -0.053668 -0.24365 -0.063167 0.097053 0.20452 -0.012172 0.068992 -0.25987 -0.23373 -0.066691 0.16857 -0.20609 -0.062281 -0.22723 -0.27233 -0.13204 0.16107 -0.25681 -0.12682 -0.21852 -0.29068 -0.25383 0.099452 -0.31247 -0.28236 -0.22842 -0.22382 -0.58082 0.063298 -0.25183 -0.6087 -0.26741 -0.20261 -0.66661 0.11416 -0.28054 -0.68185 -0.0086268 -0.022331 0.60336
-0.15421 0.016915 0.33439 0.12905 0.00097379 0.32247 -0.0085192 0.019839 0.40871 -0.0015606 0.0012355 0.068589 -0.048745 -0.0013348 -0.056722 0.052199 -0.0013348 -0.05356 -0.24308 -0.055698 0.094644 0.20255 -0.0088783 0.067196 -0.26067 -0.2253 -0.069957 0.16852 -0.20282 -0.064756 -0.23013 -0.26734 -0.13434 0.15421 -0.25451 -0.1278 -0.22064 -0.29057 -0.25355 0.097159 -0.3142 -0.28169 -0.22953 -0.22527 -0.58088 0.062197 -0.25553 -0.60853 -0.26724 -0.20528 -0.66325 0.10852 -0.29345 -0.68043 -0.0084077 -0.012017 0.60337
-0.15339 0.023184 0.332 0.12764 0.0050102 0.32087 -0.0087735 0.02629 0.40837 -0.0016817 0.0040814 0.068476 -0.048783 -0.0021825 -0.056663 0.052287 -0.0021825 -0.053446 -0.2429 -0.048928 0.092338 0.20122 -0.0076895 0.065759 -0.26031 -0.2201 -0.070649 0.16812 -0.20148 -0.066656 -0.23102 -0.26288 -0.13512 0.14894 -0.25208 -0.12923 -0.22197 -0.29076 -0.25332 0.095457 -0.3156 -0.28116 -0.23003 -0.22682 -0.58094 0.061606 -0.25859 -0.60841 -0.26872 -0.20044 -0.66161 0.10236 -0.30537 -0.67845 -0.0085189 0.00025282 0.6039
-0.15273 0.034036 0.33007 0.12648 0.011722 0.31851 -0.0087789 0.033329 0.40768 -0.001797 0.0088768 0.06794 -0.049102 -0.0031466 -0.056337 0.052333 -0.0031466 -0.05335 -0.24244 -0.039773 0.091007 0.19998 -0.0081567 0.063888 -0.25775 -0.21222 -0.070843 0.15991 -0.20017 -0.068966 -0.23072 -0.25675 -0.13501 0.14117 -0.25148 -0.13099 -0.22135 -0.29197 -0.25345 0.094316 -0.31699 -0.28069 -0.22875 -0.22944 -0.58136 0.062176 -0.26202 -0.60846 -0.26835 -0.19907 -0.66092 0.098985 -0.31428 -0.67692 -0.0080902 0.010277 0.60362
-0.15217 0.045144 0.32855 0.12564 0.018479 0.31603 -0.0086085 0.039894 0.40679 -0.001852 0.014018 0.067144 -0.049545 -0.0040609 -0.055892 0.052361 -0.0040609 -0.053263 -0.24193 -0.02992 0.0899 0.19897 -0.0097359 0.0621 -0.25474 -0.20461 -0.069765 0.15028 -0.19976 -0.070959 -0.22963 -0.25023 -0.13403 0.13335 -0.25248 -0.1324 -0.21995 -0.29351 -0.25369 0.093271 -0.31829 -0.28027 -0.22677 -0.2324 -0.58188 0.063088 -0.2655 -0.60858 -0.26665 -0.20122 -0.66054 0.097567 -0.32056 -0.67594 -0.007416 0.016585 0.60267
-0.15155 0.051326 0.32711 0.12521 0.022425 0.31423 -0.0083176 0.044731 0.40583 -0.0018043 0.017722 0.066269 -0.049884 -0.0047166 -0.055538 0.052404 -0.0047166 -0.053166 -0.24149 -0.021649 0.087885 0.19853 -0.011406 0.060986 -0.25215 -0.19914 -0.068875 0.14609 -0.20078 -0.07159 -0.2274 -0.24398 -0.13386 0.12842 -0.25344 -0.13286 -0.21935 -0.29443 -0.25376 0.091914 -0.31932 -0.2799 -0.2254 -0.23471 -0.58222 0.063379 -0.26838 -0.60865 -0.26569 -0.20235 -0.66022 0.096173 -0.32541 -0.67522 -0.0071825 0.020882 0.60165
-0.15095 0.056752 0.32533 0.12495 0.026252 0.31249 -0.0079636 0.050367 0.4045 -0.0017385 0.021483 0.065094 -0.05019 -0.0052573 -0.055211 0.052448 -0.0052573 -0.053071 -0.24014 -0.013119 0.084822 0.19844 -0.011335 0.059834 -0.24648 -0.18625 -0.076697 0.14051 -0.20001 -0.071274 -0.22294 -0.23384 -0.13998 0.12306 -0.25261 -0.13265 -0.21935 -0.29484 -0.25388 0.090381 -0.32018 -0.27962 -0.22412 -0.23667 -0.58264 0.063363 -0.27082 -0.60875 -0.26532 -0.20353 -0.6599 0.09505 -0.32912 -0.67477 -0.0075704 0.027817 0.60047
-0.15039 0.062018 0.32349 0.12485 0.030229 0.31076 -0.0075822 0.056047 0.40302 -0.0016728 0.025227 0.063773 -0.050482 -0.005736 -0.054897 0.052479 -0.005736 -0.052992 -0.23857 -0.0012244 0.080875 0.19856 -0.010364 0.058627 -0.23981 -0.16849 -0.087054 0.13359 -0.19803 -0.070736 -0.21794 -0.21978 -0.14815 0.11725 -0.25086 -0.13223 -0.21954 -0.29503 -0.25408 0.088796 -0.32092 -0.27946 -0.22281 -0.23841 -0.58313 0.063141 -0.27304 -0.60891 -0.26517 -0.20502 -0.65963 0.094332 -0.33183 -0.67473 -0.0081882 0.035588 0.59922
-0.14991 0.065336 0.3221 0.12499 0.033073 0.30937 -0.0071942 0.05954 0.40181 -0.0015847 0.027995 0.06262 -0.050737 -0.0061333 -0.054619 0.052491 -0.0061333 -0.052935 -0.23802 0.014913 0.076572 0.19887 -0.010181 0.057739 -0.23637 -0.15473 -0.088935 0.1295 -0.19708 -0.070465 -0.21478 -0.20508 -0.15092 0.113 -0.24989 -0.13194 -0.2196 -0.29521 -0.25428 0.087289 -0.3215 -0.27937 -0.22164 -0.23988 -0.58356 0.062702 -0.27521 -0.60913 -0.26496 -0.20628 -0.65942 0.09396 -0.33365 -0.67522 -0.0085091 0.039851 0.59809
-0.1495 0.067212 0.32101 0.12527 0.035025 0.30826 -0.0068198 0.061595 0.40079 -0.0014946 0.030097 0.061601 -0.050981 -0.0064834 -0.05435 0.052495 -0.0064834 -0.052889 -0.23782 0.028249 0.073161 0.19969 -0.0095884 0.057027 -0.23459 -0.14616 -0.087315 0.12771 -0.19621 -0.070026 -0.21227 -0.19347 -0.15138 0.11033 -0.24887 -0.13138 -0.21936 -0.29554 -0.25445 0.086169 -0.32196 -0.27935 -0.22041 -0.24132 -0.58391 0.062425 -0.27721 -0.60939 -0.26449 -0.20755 -0.65927 0.094062 -0.33482 -0.67603 -0.0085872 0.042035 0.59708
-0.14914 0.068578 0.31997 0.12553 0.036614 0.30727 -0.0064791 0.063506 0.39982 -0.0014307 0.032077 0.060618 -0.051247 -0.0068301 -0.054057 0.052499 -0.0068301 -0.052842 -0.23692 0.030304 0.07202 0.20137 -0.006859 0.056256 -0.23189 -0.1425 -0.090103 0.1268 -0.19385 -0.068818 -0.20858 -0.18878 -0.15455 0.10891 -0.24647 -0.13006 -0.21867 -0.29615 -0.25457 0.085776 -0.3223 -0.27937 -0.21889 -0.24298 -0.58421 0.062764 -0.27891 -0.60963 -0.2636 -0.2092 -0.65919 0.094804 -0.33561 -0.67686 -0.0085829 0.044626 0.59617
