-0.13126 0.017894 0.30666 0.14398 0.029786 0.32917 -0.00027626 0.015014 0.40458 -0.0015118 0.024587 0.064021 -0.049753 -0.0036656 -0.055733 0.050547 -0.0036656 -0.055015 -0.22852 -0.032175 0.064408 0.23494 -0.022504 0.084947 -0.044896 -0.18152 0.052315 0.057055 -0.17206 0.038475 0.033463 -0.20733 0.058082 -0.010381 -0.21929 0.030656 -0.08899 0.074524 -0.43559 0.086285 0.10347 -0.4281 -0.099381 0.14279 -0.76227 0.069928 0.16716 -0.75546 -0.11448 0.075796 -0.82588 0.1241 0.13985 -0.82673 0.0052886 -0.039508 0.59408
-0.13126 0.017851 0.30675 0.14414 0.030058 0.32923 -0.00016796 0.01518 0.40454 -0.0014735 0.024705 0.063977 -0.049662 -0.0036785 -0.055814 0.050378 -0.0036785 -0.055169 -0.22899 -0.034433 0.064884 0.24129 -0.025402 0.086503 -0.048659 -0.18685 0.057527 0.058386 -0.17293 0.041847 0.026161 -0.21331 0.075021 -0.008453 -0.21967 0.04338 -0.089369 0.074448 -0.43563 0.085914 0.10402 -0.4281 -0.10057 0.14254 -0.76232 0.069254 0.16753 -0.75549 -0.11564 0.075521 -0.8259 0.12331 0.1405 -0.82695 0.0051547 -0.039699 0.59395
-0.13114 0.017934 0.30676 0.14432 0.03029 0.32925 -8.1503e-06 0.015286 0.4045 -0.001433 0.024823 0.063932 -0.049581 -0.0036892 -0.055885 0.050212 -0.0036892 -0.055319 -0.22933 -0.03711 0.065617 0.24248 -0.030091 0.08764 -0.051334 -0.1921 0.063277 0.056788 -0.1767 0.049661 0.020161 -0.21916 0.090419 -0.0097428 -0.22286 0.058522 -0.089721 0.074373 -0.43567 0.085573 0.10453 -0.42812 -0.10168 0.14229 -0.76237 0.06862 0.16787 -0.75552 -0.11673 0.075277 -0.82597 0.12256 0.14099 -0.82714 0.0052107 -0.039829 0.59384
-0.13093 0.018105 0.3067 0.14451 0.030488 0.32922 0.00018751 0.015345 0.40445 -0.0013918 0.02494 0.063888 -0.04951 -0.0036983 -0.055947 0.050052 -0.0036983 -0.055463 -0.22955 -0.0401 0.06654 0.2396 -0.036152 0.088457 -0.053306 -0.19733 0.06949 0.052993 -0.1828 0.060745 0.015065 -0.2249 0.10445 -0.013415 -0.22836 0.075186 -0.090049 0.074297 -0.43571 0.085259 0.105 -0.42814 -0.10271 0.14202 -0.76242 0.068021 0.16818 -0.75555 -0.11776 0.075058 -0.82606 0.12182 0.14136 -0.8273 0.0054318 -0.039907 0.59375
-0.13066 0.018326 0.30658 0.14471 0.03066 0.32916 0.00040338 0.015372 0.4044 -0.0013518 0.025055 0.063843 -0.049448 -0.0037063 -0.056002 0.049901 -0.0037063 -0.055599 -0.22968 -0.043301 0.067587 0.23372 -0.04317 0.089056 -0.054957 -0.20261 0.076086 0.04773 -0.19064 0.07393 0.010476 -0.23057 0.11728 -0.018635 -0.23568 0.092475 -0.090355 0.074221 -0.43574 0.084967 0.10544 -0.42816 -0.10368 0.14175 -0.76246 0.067451 0.16846 -0.75559 -0.11873 0.074857 -0.82618 0.12111 0.14162 -0.82743 0.0057933 -0.039943 0.59368
-0.13035 0.01856 0.30641 0.14489 0.030812 0.32908 0.0006238 0.015379 0.40435 -0.0013145 0.025166 0.0638 -0.049395 -0.0037137 -0.056048 0.04976 -0.0037137 -0.055724 -0.22975 -0.046606 0.06869 0.22594 -0.050727 0.089538 -0.056673 -0.20797 0.082991 0.041729 -0.19967 0.088043 0.0059988 -0.2362 0.12908 -0.024567 -0.24431 0.10949 -0.090641 0.074143 -0.43576 0.084692 0.10584 -0.42818 -0.10458 0.14148 -0.7625 0.066906 0.16873 -0.75562 -0.11965 0.074668 -0.8263 0.12041 0.14179 -0.82754 0.0062705 -0.039948 0.59362
-0.13002 0.01877 0.30621 0.14506 0.030951 0.32898 0.00083314 0.015381 0.4043 -0.0012816 0.025273 0.063759 -0.049349 -0.003721 -0.056088 0.049632 -0.003721 -0.055837 -0.22979 -0.049914 0.069782 0.21733 -0.058406 0.090002 -0.058835 -0.21347 0.090125 0.035721 -0.20931 0.10191 0.0012351 -0.24181 0.14003 -0.030375 -0.25376 0.12534 -0.090909 0.074064 -0.43578 0.084431 0.10622 -0.42819 -0.10544 0.1412 -0.76254 0.06638 0.16898 -0.75564 -0.12052 0.074486 -0.82643 0.11973 0.14189 -0.82762 0.0068388 -0.03993 0.59356
-0.1297 0.018919 0.30599 0.14519 0.031084 0.32888 0.0010158 0.015391 0.40426 -0.0012548 0.025375 0.063719 -0.049312 -0.0037288 -0.05612 0.04952 -0.0037288 -0.055936 -0.22981 -0.05312 0.070796 0.20898 -0.06579 0.090551 -0.061828 -0.21917 0.097411 0.030437 -0.21899 0.11437 -0.0042117 -0.24744 0.1503 -0.035225 -0.26354 0.13913 -0.091162 0.073981 -0.4358 0.084177 0.10658 -0.42819 -0.10626 0.14093 -0.76257 0.06587 0.16923 -0.75565 -0.12135 0.074303 -0.82656 0.11905 0.14194 -0.82768 0.0074733 -0.0399 0.5935
-0.12943 0.018969 0.30577 0.14529 0.031218 0.32878 0.001156 0.015423 0.40422 -0.0012358 0.02547 0.063681 -0.049281 -0.0037377 -0.056146 0.049426 -0.0037377 -0.056019 -0.22985 -0.056119 0.071665 0.20196 -0.072461 0.091284 -0.066034 -0.22511 0.10477 0.026605 -0.22814 0.12424 -0.010739 -0.25311 0.16005 -0.038282 -0.27315 0.14996 -0.091402 0.073894 -0.43581 0.083928 0.10693 -0.42818 -0.10705 0.14065 -0.76259 0.065369 0.16948 -0.75565 -0.12214 0.074114 -0.82667 0.11837 0.14195 -0.82772 0.0081493 -0.039867 0.59344
-0.12921 0.018883 0.30556 0.14534 0.03136 0.32869 0.0012382 0.015491 0.40418 -0.0012262 0.025557 0.063646 -0.049258 -0.003748 -0.056166 0.049352 -0.003748 -0.056083 -0.22992 -0.058808 0.072323 0.19737 -0.078003 0.092302 -0.071839 -0.23135 0.11213 0.024957 -0.23618 0.13036 -0.018742 -0.25885 0.16947 -0.03871 -0.28208 0.15693 -0.091632 0.073803 -0.43582 0.083679 0.10728 -0.42816 -0.10781 0.14039 -0.76261 0.064873 0.16974 -0.75562 -0.12291 0.073913 -0.82675 0.11769 0.14195 -0.82773 0.0088422 -0.039842 0.59337
-0.12909 0.018624 0.30537 0.14533 0.031516 0.32863 0.0012471 0.015607 0.40415 -0.0012277 0.025636 0.063615 -0.04924 -0.0037604 -0.056181 0.049301 -0.0037604 -0.056127 -0.23006 -0.061085 0.072702 0.19627 -0.082001 0.093706 -0.07962 -0.23794 0.11941 0.026216 -0.24255 0.13156 -0.028615 -0.2647 0.17871 -0.035681 -0.28985 0.15916 -0.091854 0.073708 -0.43582 0.083425 0.10762 -0.42811 -0.10856 0.14013 -0.76262 0.064377 0.17001 -0.75558 -0.12364 0.073693 -0.82681 0.117 0.14194 -0.82772 0.0095272 -0.039833 0.59329
-0.12903 0.018224 0.3052 0.14527 0.031683 0.32857 0.0012027 0.015741 0.40413 -0.0012386 0.025704 0.063587 -0.049229 -0.0037745 -0.05619 0.049273 -0.0037745 -0.056152 -0.23018 -0.063067 0.072858 0.19899 -0.084326 0.095494 -0.089283 -0.24496 0.12662 0.030542 -0.24704 0.12764 -0.040213 -0.27066 0.1879 -0.029053 -0.29624 0.15651 -0.092069 0.073607 -0.43582 0.083163 0.10797 -0.42805 -0.10931 0.13988 -0.76262 0.063878 0.17031 -0.75551 -0.12436 0.073453 -0.82683 0.1163 0.14196 -0.82769 0.010177 -0.039847 0.59321
-0.12894 0.01784 0.30505 0.14522 0.031838 0.32849 0.0011909 0.015781 0.40412 -0.0012506 0.02576 0.063564 -0.049224 -0.0037883 -0.056194 0.049262 -0.0037883 -0.05616 -0.22995 -0.06528 0.073068 0.20444 -0.085375 0.097479 -0.099857 -0.25251 0.13391 0.037039 -0.25008 0.12019 -0.0524 -0.27671 0.19708 -0.019964 -0.30153 0.15026 -0.092278 0.073505 -0.43582 0.082895 0.10832 -0.42797 -0.11003 0.13964 -0.76262 0.06338 0.17061 -0.75543 -0.12505 0.073202 -0.82682 0.11561 0.14198 -0.82764 0.010757 -0.039876 0.59315
-0.12872 0.017642 0.30488 0.14523 0.031957 0.32832 0.0013045 0.015606 0.40409 -0.001255 0.0258 0.063548 -0.049225 -0.0037997 -0.056192 0.049262 -0.0037997 -0.056159 -0.22906 -0.068292 0.073631 0.21137 -0.085604 0.099455 -0.11027 -0.26072 0.14146 0.0447 -0.25218 0.11101 -0.063933 -0.2828 0.20627 -0.0096881 -0.30607 0.14185 -0.092479 0.073405 -0.43581 0.082621 0.10866 -0.42789 -0.11074 0.13941 -0.76261 0.062885 0.17091 -0.75534 -0.12572 0.07295 -0.8268 0.11492 0.14202 -0.82758 0.011236 -0.039917 0.59315
-0.12825 0.017801 0.30469 0.14535 0.032015 0.32803 0.0016366 0.015094 0.40406 -0.0012429 0.025822 0.063539 -0.049232 -0.0038064 -0.056185 0.049268 -0.0038064 -0.056154 -0.22717 -0.072673 0.07485 0.21856 -0.085469 0.10121 -0.11947 -0.26969 0.14943 0.052516 -0.25385 0.10187 -0.073566 -0.2889 0.21549 0.00050058 -0.31021 0.1327 -0.092673 0.073311 -0.4358 0.082342 0.10899 -0.42781 -0.11141 0.13919 -0.7626 0.062397 0.17122 -0.75525 -0.12635 0.072705 -0.82677 0.11425 0.14206 -0.82751 0.011578 -0.039961 0.59324
-0.12743 0.018479 0.30444 0.14563 0.031988 0.32757 0.0022776 0.014127 0.40401 -0.0012058 0.025824 0.063539 -0.049246 -0.0038064 -0.056173 0.049274 -0.0038064 -0.056148 -0.22395 -0.078974 0.077015 0.22477 -0.085419 0.10255 -0.12639 -0.27952 0.15801 0.059495 -0.2556 0.094519 -0.080082 -0.29497 0.22476 0.0093483 -0.31427 0.12423 -0.09286 0.073224 -0.43579 0.082061 0.1093 -0.42773 -0.11204 0.13897 -0.76259 0.061919 0.17151 -0.75517 -0.12694 0.072477 -0.82676 0.11362 0.1421 -0.82744 0.011752 -0.040004 0.59346
-0.12629 0.019484 0.30418 0.14609 0.031873 0.32692 0.0032254 0.012708 0.40395 -0.0011444 0.025801 0.063549 -0.049267 -0.0037989 -0.056155 0.049276 -0.0037989 -0.056147 -0.21956 -0.087103 0.080052 0.22944 -0.085653 0.10339 -0.13069 -0.28977 0.16721 0.065267 -0.25758 0.089373 -0.083255 -0.30087 0.23412 0.016429 -0.31834 0.1169 -0.093039 0.073151 -0.43577 0.08178 0.1096 -0.42767 -0.11264 0.13877 -0.76257 0.061457 0.17179 -0.7551 -0.12749 0.072275 -0.82675 0.11302 0.14213 -0.82737 0.011785 -0.040044 0.59381
-0.12501 0.020169 0.304 0.14662 0.031688 0.32616 0.0043574 0.010996 0.40389 -0.001072 0.025746 0.063573 -0.049294 -0.0037847 -0.056132 0.049274 -0.0037847 -0.056149 -0.21471 -0.096124 0.083407 0.23286 -0.086045 0.10381 -0.13292 -0.29926 0.17689 0.070266 -0.25951 0.085098 -0.084149 -0.30628 0.24361 0.02239 -0.32211 0.10993 -0.093211 0.073098 -0.43574 0.081508 0.10987 -0.42761 -0.11319 0.13859 -0.76255 0.061021 0.17206 -0.75503 -0.12802 0.072105 -0.82674 0.11245 0.14217 -0.8273 0.011783 -0.040088 0.59424
-0.12378 0.019855 0.30398 0.14714 0.031459 0.32532 0.0055429 0.0091591 0.40383 -0.0010025 0.025651 0.063612 -0.049329 -0.0037649 -0.056102 0.049268 -0.0037649 -0.056156 -0.21019 -0.10505 0.086498 0.23536 -0.08645 0.10391 -0.13369 -0.30675 0.1869 0.074985 -0.26108 0.080245 -0.083914 -0.31089 0.25329 0.027952 -0.32529 0.10248 -0.093376 0.073072 -0.43571 0.081253 0.11014 -0.42757 -0.1137 0.13843 -0.76252 0.060622 0.17233 -0.75498 -0.12852 0.071974 -0.82674 0.11193 0.14219 -0.82723 0.011857 -0.040142 0.5947
-0.12281 0.017862 0.30422 0.14756 0.031206 0.32447 0.0066515 0.0073676 0.40379 -0.00094979 0.025509 0.06367 -0.049371 -0.0037403 -0.056067 0.049257 -0.0037403 -0.056167 -0.20677 -0.11289 0.088741 0.23729 -0.08672 0.10377 -0.13364 -0.31103 0.19707 0.079913 -0.26198 0.073364 -0.083699 -0.31439 0.26319 0.033836 -0.32755 0.093691 -0.093535 0.073079 -0.43566 0.081023 0.11039 -0.42753 -0.11418 0.13832 -0.76248 0.060271 0.17259 -0.75493 -0.12901 0.071889 -0.82673 0.11146 0.14221 -0.82716 0.012116 -0.040214 0.59515
-0.12228 0.013549 0.30482 0.1478 0.030953 0.32367 0.0075565 0.0057849 0.40378 -0.00092727 0.025313 0.063749 -0.049421 -0.0037122 -0.056025 0.049241 -0.0037122 -0.056184 -0.20519 -0.11869 0.089581 0.23898 -0.086711 0.1035 -0.13335 -0.31093 0.20725 0.085522 -0.26191 0.063084 -0.084606 -0.31648 0.27337 0.040729 -0.32861 0.082766 -0.093688 0.073126 -0.4356 0.080827 0.11063 -0.42749 -0.11462 0.13824 -0.76242 0.059977 0.17286 -0.75488 -0.12949 0.071856 -0.82671 0.11103 0.14221 -0.82711 0.012667 -0.04031 0.59553
-0.12222 0.0070164 0.30579 0.14783 0.030696 0.32294 0.0082147 0.0044679 0.40381 -0.00093724 0.02506 0.06385 -0.049481 -0.0036834 -0.055974 0.049218 -0.0036834 -0.056205 -0.2055 -0.12241 0.089079 0.24063 -0.086353 0.10314 -0.13311 -0.30671 0.21727 0.091897 -0.26081 0.049533 -0.086779 -0.31717 0.28363 0.048693 -0.32843 0.069749 -0.093828 0.073224 -0.43553 0.080675 0.11086 -0.42746 -0.11501 0.13823 -0.76235 0.059758 0.17312 -0.75484 -0.12995 0.071891 -0.82667 0.11065 0.14221 -0.82706 0.013512 -0.040429 0.59585
-0.12251 -0.00095512 0.30711 0.14771 0.030416 0.32229 0.0086587 0.0033751 0.40387 -0.0009718 0.024752 0.06397 -0.049559 -0.0036586 -0.055907 0.049189 -0.0036586 -0.056233 -0.20716 -0.12479 0.087855 0.24228 -0.085639 0.10271 -0.13291 -0.29993 0.22697 0.098772 -0.25886 0.034215 -0.089483 -0.31677 0.29363 0.057218 -0.32722 0.055474 -0.093942 0.073384 -0.43543 0.08058 0.11107 -0.42744 -0.11535 0.1383 -0.76226 0.059632 0.17338 -0.75481 -0.13038 0.072014 -0.82661 0.11036 0.14217 -0.82701 0.014561 -0.040566 0.59611
-0.12301 -0.0095597 0.30872 0.14747 0.030087 0.32173 0.008924 0.0024614 0.40396 -0.0010227 0.024391 0.064107 -0.049661 -0.0036426 -0.055817 0.049152 -0.0036426 -0.056266 -0.20955 -0.12661 0.086547 0.24399 -0.084566 0.10224 -0.13273 -0.29218 0.23618 0.10587 -0.25622 0.018687 -0.091953 -0.31558 0.30299 0.065771 -0.3252 0.040801 -0.094017 0.073622 -0.4353 0.080554 0.11126 -0.42742 -0.1156 0.13848 -0.76213 0.059619 0.17363 -0.75478 -0.13078 0.072246 -0.8265 0.11016 0.14211 -0.82698 0.015719 -0.040715 0.59634
-0.12359 -0.017992 0.3106 0.14715 0.029689 0.32125 0.009046 0.0016818 0.40408 -0.0010816 0.023978 0.064261 -0.049793 -0.00364 -0.0557 0.049106 -0.00364 -0.056306 -0.21211 -0.12867 0.085799 0.24581 -0.083129 0.10174 -0.13255 -0.28507 0.24472 0.1129 -0.25308 0.0045026 -0.09342 -0.31392 0.31133 0.073818 -0.32258 0.026593 -0.094039 0.073948 -0.43513 0.080612 0.11141 -0.42741 -0.11575 0.13877 -0.76196 0.05974 0.17385 -0.75475 -0.13113 0.072608 -0.82635 0.11007 0.14201 -0.82696 0.016892 -0.040868 0.59654
-0.12414 -0.025503 0.3127 0.1468 0.0292 0.32087 0.0090592 0.00099465 0.40422 -0.0011412 0.023518 0.064428 -0.04996 -0.0036552 -0.055549 0.04905 -0.0036552 -0.056354 -0.21426 -0.13169 0.086203 0.24778 -0.081326 0.10123 -0.13235 -0.28008 0.25246 0.1196 -0.24962 -0.0068903 -0.093188 -0.3121 0.31832 0.080858 -0.3196 0.013665 -0.093998 0.074376 -0.43491 0.080764 0.11152 -0.4274 -0.11579 0.13921 -0.76173 0.060013 0.17406 -0.75473 -0.13141 0.073121 -0.82615 0.11012 0.14186 -0.82694 0.017991 -0.041021 0.59675
-0.1246 -0.032015 0.31507 0.14644 0.028622 0.32057 0.0089858 0.00039973 0.40439 -0.0012047 0.023021 0.064605 -0.050163 -0.0036889 -0.055363 0.048986 -0.0036889 -0.056408 -0.21586 -0.13574 0.087822 0.24977 -0.07916 0.10065 -0.13201 -0.27727 0.25949 0.1258 -0.24599 -0.015311 -0.091365 -0.31035 0.3241 0.086736 -0.31639 0.0022964 -0.093883 0.074904 -0.43465 0.081013 0.11158 -0.42739 -0.1157 0.13979 -0.76146 0.060443 0.17423 -0.75472 -0.13163 0.073785 -0.82589 0.1103 0.14166 -0.82693 0.018981 -0.041169 0.59696
-0.125 -0.037884 0.3178 0.14608 0.027975 0.32035 0.0088401 -7.6776e-05 0.40458 -0.0012822 0.022508 0.064783 -0.050398 -0.0037392 -0.055147 0.048913 -0.0037392 -0.056467 -0.217 -0.14046 0.090371 0.25157 -0.076638 0.099907 -0.1314 -0.27582 0.26606 0.13136 -0.24235 -0.021396 -0.088582 -0.30886 0.32912 0.091523 -0.31308 -0.0075792 -0.093689 0.075523 -0.43434 0.081357 0.1116 -0.4274 -0.11547 0.14049 -0.76113 0.061025 0.17437 -0.75471 -0.13176 0.074591 -0.82558 0.11062 0.1414 -0.82693 0.019863 -0.041309 0.59717
-0.12534 -0.043471 0.32098 0.14574 0.027277 0.32019 0.0086364 -0.00040818 0.40477 -0.0013837 0.021996 0.064957 -0.050659 -0.0038043 -0.054902 0.048834 -0.0038043 -0.056531 -0.21776 -0.1455 0.093561 0.25293 -0.073765 0.098912 -0.13036 -0.27488 0.27242 0.13617 -0.23886 -0.025793 -0.085476 -0.30783 0.33382 0.095296 -0.30978 -0.016034 -0.093413 0.076225 -0.434 0.081791 0.11159 -0.4274 -0.11509 0.14132 -0.76077 0.061755 0.17448 -0.75471 -0.1318 0.07553 -0.82522 0.11106 0.14108 -0.82692 0.020639 -0.041437 0.59734
-0.12563 -0.049138 0.32469 0.14543 0.026547 0.32009 0.0083887 -0.00056782 0.40496 -0.0015195 0.021505 0.065121 -0.050943 -0.0038823 -0.054633 0.048749 -0.0038823 -0.056599 -0.21826 -0.1505 0.097102 0.25364 -0.07055 0.097568 -0.12874 -0.27361 0.27884 0.14013 -0.23567 -0.029153 -0.082685 -0.30745 0.33864 0.098129 -0.30661 -0.023141 -0.093048 0.077 -0.43362 0.082313 0.11153 -0.42741 -0.11456 0.14225 -0.76037 0.062628 0.17456 -0.75471 -0.13173 0.076589 -0.82483 0.11163 0.14069 -0.82691 0.02131 -0.041551 0.59749
-0.1259 -0.055137 0.32895 0.14514 0.025802 0.32003 0.008112 -0.00054212 0.40514 -0.0016966 0.02105 0.065267 -0.051244 -0.00397 -0.054344 0.04866 -0.00397 -0.05667 -0.21858 -0.15512 0.10071 0.25349 -0.06701 0.095799 -0.12642 -0.27132 0.28545 0.14312 -0.23292 -0.032076 -0.080787 -0.30786 0.34395 0.1001 -0.30366 -0.028989 -0.092592 0.07784 -0.43321 0.082915 0.11143 -0.42742 -0.11387 0.14327 -0.75995 0.063633 0.1746 -0.75472 -0.13156 0.077759 -0.82441 0.11231 0.14022 -0.82689 0.021885 -0.041651 0.59758
-0.12612 -0.060894 0.33324 0.14488 0.02506 0.31998 0.0078254 -0.00041442 0.40531 -0.001899 0.020617 0.065402 -0.051551 -0.0040533 -0.054046 0.048571 -0.0040533 -0.056741 -0.21884 -0.15926 0.10417 0.25256 -0.063261 0.093672 -0.12353 -0.2686 0.29164 0.14523 -0.23056 -0.034799 -0.07991 -0.30887 0.34946 0.1013 -0.30092 -0.033782 -0.092065 0.078738 -0.43279 0.083572 0.11133 -0.42742 -0.11305 0.14438 -0.7595 0.064728 0.17463 -0.75472 -0.13129 0.079015 -0.82396 0.11307 0.13973 -0.82687 0.022414 -0.041763 0.59765
-0.12629 -0.065468 0.33681 0.14463 0.024336 0.31993 0.0075502 -0.00031149 0.40547 -0.0021008 0.020182 0.065532 -0.05185 -0.0041136 -0.053754 0.048485 -0.0041136 -0.05681 -0.21915 -0.1629 0.10728 0.25101 -0.059459 0.091318 -0.12035 -0.26658 0.29645 0.1466 -0.22848 -0.037397 -0.079982 -0.31014 0.35461 0.10182 -0.2983 -0.03778 -0.091498 0.079687 -0.43237 0.084248 0.11125 -0.42743 -0.11216 0.14557 -0.75905 0.065853 0.17468 -0.75473 -0.13096 0.080328 -0.82347 0.11386 0.13929 -0.82686 0.022972 -0.041923 0.59769
-0.1264 -0.067917 0.33889 0.14436 0.023644 0.31986 0.0073079 -0.00036029 0.40563 -0.0022756 0.019718 0.065665 -0.052126 -0.0041321 -0.053486 0.048407 -0.0041321 -0.056875 -0.21962 -0.16602 0.10983 0.24902 -0.055759 0.08887 -0.11711 -0.26642 0.29892 0.14739 -0.22658 -0.039943 -0.080929 -0.31132 0.35882 0.10176 -0.29571 -0.041241 -0.09092 0.080681 -0.43196 0.084907 0.11123 -0.42742 -0.11125 0.14684 -0.75861 0.066949 0.17478 -0.75472 -0.13059 0.081668 -0.82295 0.11464 0.13895 -0.82685 0.023629 -0.04217 0.59773
-0.12642 -0.067297 0.33872 0.14405 0.023 0.31974 0.0071195 -0.00068779 0.40579 -0.0023973 0.0192 0.065812 -0.052366 -0.0040902 -0.053255 0.048342 -0.0040902 -0.056933 -0.22037 -0.16861 0.11163 0.24678 -0.052318 0.086459 -0.11409 -0.26926 0.29807 0.14775 -0.22472 -0.042513 -0.082676 -0.31206 0.36153 0.10122 -0.29308 -0.044424 -0.090363 0.081715 -0.43159 0.085515 0.11131 -0.4274 -0.11038 0.14817 -0.7582 0.067958 0.17497 -0.7547 -0.13021 0.083006 -0.8224 0.11537 0.1388 -0.82685 0.024457 -0.042539 0.59779
-0.12636 -0.062981 0.33579 0.14369 0.022423 0.31956 0.0069986 -0.0013832 0.40595 -0.0024466 0.01861 0.065976 -0.052559 -0.0039751 -0.053074 0.048293 -0.0039751 -0.056982 -0.22142 -0.17071 0.11256 0.24446 -0.049235 0.084201 -0.11151 -0.27595 0.29332 0.14783 -0.22282 -0.045143 -0.085112 -0.31233 0.36224 0.10029 -0.29031 -0.047514 -0.089852 0.082778 -0.43126 0.086042 0.11151 -0.42736 -0.10959 0.14955 -0.75782 0.068829 0.17525 -0.75467 -0.12985 0.084313 -0.82181 0.11599 0.13887 -0.82687 0.025498 -0.04305 0.59787
-0.12624 -0.055889 0.33079 0.14326 0.021936 0.3193 0.0069202 -0.0023508 0.40611 -0.0024384 0.017966 0.066152 -0.052712 -0.0038037 -0.052934 0.048262 -0.0038037 -0.05702 -0.22236 -0.17262 0.11292 0.24224 -0.04633 0.082132 -0.10945 -0.286 0.28582 0.1478 -0.22077 -0.047688 -0.087927 -0.31352 0.36085 0.099128 -0.28734 -0.050331 -0.089395 0.08384 -0.43098 0.086491 0.11181 -0.42731 -0.10889 0.15095 -0.75748 0.069572 0.17562 -0.75462 -0.12951 0.085569 -0.82121 0.11653 0.13915 -0.82691 0.02663 -0.04363 0.59799
-0.12608 -0.047411 0.3248 0.14274 0.021571 0.31896 0.0068476 -0.0034388 0.40627 -0.0023976 0.017295 0.066333 -0.052839 -0.0036016 -0.052822 0.048247 -0.0036016 -0.057045 -0.22267 -0.17471 0.11314 0.2403 -0.043336 0.080264 -0.10797 -0.29849 0.27728 0.14784 -0.21851 -0.049947 -0.090757 -0.31751 0.35738 0.097877 -0.28409 -0.052586 -0.088994 0.084863 -0.43073 0.086876 0.11219 -0.42724 -0.10827 0.15232 -0.75717 0.070208 0.17605 -0.75455 -0.1292 0.086754 -0.82061 0.11701 0.13959 -0.82695 0.027685 -0.044178 0.59815
-0.12592 -0.038938 0.31887 0.14212 0.021354 0.31855 0.0067442 -0.0044951 0.40643 -0.0023494 0.016626 0.066507 -0.052952 -0.0033947 -0.052722 0.04825 -0.0033947 -0.057056 -0.22183 -0.17735 0.11364 0.23881 -0.039989 0.078608 -0.1071 -0.31249 0.2694 0.14813 -0.21596 -0.051718 -0.093234 -0.32615 0.35182 0.096693 -0.28048 -0.053987 -0.088651 0.085811 -0.4305 0.087207 0.11259 -0.42716 -0.10773 0.1536 -0.75688 0.07076 0.1765 -0.75447 -0.12894 0.087849 -0.82004 0.11744 0.14016 -0.827 0.028495 -0.044594 0.59834
-0.12578 -0.03186 0.31408 0.14137 0.021315 0.31807 0.0065734 -0.0053677 0.40658 -0.0023189 0.015987 0.066668 -0.053063 -0.0032088 -0.052622 0.048269 -0.0032088 -0.057052 -0.21928 -0.18093 0.11484 0.23796 -0.036022 0.077176 -0.10691 -0.32709 0.26389 0.14885 -0.21304 -0.052802 -0.094992 -0.3413 0.34421 0.095728 -0.27643 -0.054246 -0.088367 0.086648 -0.43028 0.087499 0.113 -0.42705 -0.10727 0.15475 -0.75661 0.071253 0.17694 -0.75437 -0.12871 0.088835 -0.81951 0.11786 0.1408 -0.82705 0.028891 -0.044776 0.59858
-0.1257 -0.027155 0.31116 0.14052 0.021471 0.31754 0.0063114 -0.0059496 0.40672 -0.0023243 0.015402 0.066807 -0.053182 -0.0030625 -0.052511 0.048303 -0.0030625 -0.057031 -0.2148 -0.18562 0.11702 0.23784 -0.031305 0.075988 -0.10731 -0.3415 0.26168 0.15002 -0.20973 -0.053022 -0.095735 -0.36378 0.33456 0.095077 -0.27195 -0.053243 -0.088144 0.087348 -0.43007 0.087759 0.11337 -0.42694 -0.10688 0.15574 -0.75635 0.071703 0.17735 -0.75426 -0.12854 0.089699 -0.81904 0.11828 0.14147 -0.82708 0.028766 -0.044673 0.59885
-0.12565 -0.024436 0.3098 0.13964 0.021798 0.31706 0.0059773 -0.0062807 0.40686 -0.002361 0.014873 0.066926 -0.053304 -0.0029517 -0.052393 0.048347 -0.0029517 -0.057 -0.20906 -0.19102 0.11999 0.23826 -0.026149 0.075081 -0.10788 -0.35542 0.26112 0.15125 -0.20622 -0.05228 -0.095395 -0.39103 0.32289 0.094651 -0.26736 -0.051425 -0.087975 0.087924 -0.42986 0.087987 0.11372 -0.42681 -0.10656 0.15659 -0.7561 0.072108 0.17774 -0.75413 -0.12842 0.090449 -0.81862 0.11867 0.14212 -0.8271 0.028214 -0.044393 0.59913
-0.12562 -0.023043 0.30946 0.13884 0.022263 0.31675 0.0055989 -0.0064307 0.40699 -0.0024198 0.014399 0.067027 -0.053422 -0.0028673 -0.052277 0.048394 -0.0028673 -0.056964 -0.20294 -0.19658 0.12344 0.23898 -0.020959 0.074499 -0.10812 -0.36863 0.26005 0.15204 -0.20275 -0.050496 -0.093951 -0.41979 0.30927 0.094318 -0.26301 -0.049351 -0.087857 0.0884 -0.42967 0.088177 0.11406 -0.42668 -0.1063 0.1573 -0.75587 0.072461 0.17809 -0.754 -0.12833 0.091095 -0.81825 0.119 0.14269 -0.82709 0.027372 -0.044077 0.59941
-0.12559 -0.022312 0.30961 0.13823 0.022836 0.31675 0.0052039 -0.0064697 0.40711 -0.0024915 0.01398 0.067112 -0.05353 -0.0028002 -0.05217 0.048439 -0.0028002 -0.056929 -0.19731 -0.20177 0.12708 0.23976 -0.016136 0.074286 -0.10753 -0.38091 0.25631 0.15188 -0.19954 -0.04759 -0.091384 -0.4468 0.29371 0.093951 -0.25929 -0.047582 -0.087782 0.088794 -0.4295 0.088325 0.11438 -0.42655 -0.10609 0.15793 -0.75566 0.072757 0.17844 -0.75388 -0.12828 0.091651 -0.81792 0.11923 0.14311 -0.82705 0.026375 -0.043866 0.59964
-0.12556 -0.021582 0.3097 0.13791 0.023483 0.31717 0.00482 -0.0064675 0.40721 -0.0025669 0.013614 0.067183 -0.053621 -0.0027414 -0.05208 0.048474 -0.0027414 -0.056902 -0.19304 -0.20604 0.13062 0.24035 -0.012082 0.074485 -0.10559 -0.39205 0.24772 0.15028 -0.19681 -0.043481 -0.087672 -0.46881 0.27627 0.093419 -0.25654 -0.046678 -0.087746 0.089129 -0.42936 0.088428 0.11469 -0.42644 -0.10594 0.15847 -0.75547 0.072988 0.17878 -0.75377 -0.12827 0.092127 -0.81761 0.11933 0.14334 -0.82696 0.025359 -0.0439 0.5998
-0.1255 -0.020419 0.30941 0.13792 0.024169 0.31806 0.0044662 -0.0064683 0.40729 -0.0026384 0.013299 0.067243 -0.053691 -0.0026852 -0.052011 0.048496 -0.0026852 -0.056885 -0.19063 -0.20903 0.13378 0.24063 -0.0090207 0.075088 -0.10225 -0.40182 0.23352 0.14709 -0.1947 -0.038277 -0.083096 -0.48384 0.25749 0.092642 -0.25492 -0.046891 -0.087738 0.089426 -0.42924 0.088489 0.115 -0.42634 -0.10582 0.15898 -0.75531 0.073163 0.17911 -0.75367 -0.12827 0.092543 -0.81731 0.11931 0.14335 -0.82682 0.024411 -0.044254 0.59987
-0.12544 -0.018899 0.30882 0.13818 0.024848 0.31926 0.0041418 -0.0064596 0.40736 -0.002702 0.013032 0.067293 -0.053742 -0.0026327 -0.051961 0.048509 -0.0026327 -0.056876 -0.18972 -0.2107 0.13633 0.24067 -0.0067735 0.075979 -0.098413 -0.41 0.21594 0.14293 -0.19309 -0.032508 -0.078597 -0.49274 0.23904 0.091649 -0.2541 -0.047797 -0.087741 0.089705 -0.42914 0.088536 0.11531 -0.42624 -0.10571 0.15947 -0.75517 0.07332 0.17944 -0.75357 -0.12827 0.092933 -0.81702 0.11922 0.14321 -0.82665 0.023511 -0.04485 0.59988
-0.12538 -0.017167 0.30809 0.13858 0.025476 0.32061 0.0038436 -0.006421 0.40742 -0.0027545 0.012807 0.067334 -0.053778 -0.0025862 -0.051926 0.048516 -0.0025862 -0.056873 -0.18984 -0.21109 0.13803 0.24061 -0.0051084 0.077022 -0.095116 -0.41635 0.19766 0.13855 -0.19183 -0.026757 -0.075207 -0.49674 0.22275 0.090481 -0.25365 -0.048877 -0.087737 0.089986 -0.42905 0.088597 0.1156 -0.42615 -0.10557 0.16 -0.75504 0.073503 0.17975 -0.75349 -0.12823 0.093336 -0.81672 0.11913 0.14301 -0.82647 0.022625 -0.045593 0.59985
-0.12536 -0.015367 0.30736 0.13903 0.026005 0.32194 0.0035683 -0.0063323 0.40748 -0.0027922 0.01262 0.067368 -0.053803 -0.002548 -0.051901 0.048521 -0.002548 -0.056871 -0.19053 -0.21021 0.13868 0.24057 -0.0037933 0.078086 -0.093398 -0.42063 0.18136 0.13466 -0.19077 -0.02161 -0.073958 -0.4971 0.21044 0.089182 -0.25318 -0.049615 -0.087707 0.090288 -0.42896 0.088703 0.11587 -0.42607 -0.10536 0.16059 -0.7549 0.073754 0.18006 -0.7534 -0.12814 0.093789 -0.81638 0.11913 0.14282 -0.82629 0.021716 -0.046386 0.59978
-0.12539 -0.013643 0.30679 0.13942 0.02639 0.32307 0.0033128 -0.0061734 0.40753 -0.002812 0.012467 0.067396 -0.05382 -0.0025201 -0.051885 0.048527 -0.0025201 -0.056866 -0.19131 -0.2081 0.13804 0.24067 -0.0025975 0.079037 -0.094285 -0.42262 0.16966 0.13201 -0.18978 -0.017647 -0.075867 -0.49505 0.20389 0.087795 -0.25228 -0.049497 -0.087631 0.090633 -0.42888 0.088881 0.11612 -0.42597 -0.10505 0.16128 -0.75475 0.074115 0.18036 -0.7533 -0.12797 0.094328 -0.81601 0.11929 0.14272 -0.82613 0.020752 -0.047135 0.59971
-0.12546 -0.012076 0.30645 0.13969 0.02662 0.32393 0.0030757 -0.005939 0.40757 -0.0028134 0.012343 0.067419 -0.053832 -0.002503 -0.051874 0.048537 -0.002503 -0.056859 -0.19192 -0.20489 0.13612 0.24097 -0.0013764 0.079811 -0.098084 -0.42236 0.1637 0.13088 -0.18875 -0.0151 -0.081114 -0.49161 0.20335 0.086375 -0.25078 -0.048325 -0.087506 0.091022 -0.42879 0.089141 0.11633 -0.42588 -0.10462 0.16208 -0.75459 0.074597 0.18064 -0.7532 -0.12771 0.094961 -0.81559 0.11962 0.14276 -0.826 0.019721 -0.047802 0.59963
-0.12557 -0.010652 0.3063 0.13989 0.026735 0.32457 0.0028591 -0.0056469 0.40762 -0.002801 0.012244 0.067437 -0.053839 -0.0024944 -0.051867 0.048549 -0.0024944 -0.056849 -0.19242 -0.20088 0.13329 0.24145 -0.00011863 0.08045 -0.10398 -0.42034 0.16227 0.13088 -0.18762 -0.013666 -0.088572 -0.48748 0.20656 0.084997 -0.24883 -0.046387 -0.087349 0.091436 -0.42869 0.089456 0.11652 -0.42577 -0.10412 0.16296 -0.75441 0.075158 0.18091 -0.75309 -0.1274 0.095653 -0.81515 0.12008 0.1429 -0.82589 0.018652 -0.048447 0.59954
-0.1257 -0.0093485 0.30626 0.14003 0.02678 0.32506 0.0026649 -0.0053168 0.40766 -0.0027796 0.012166 0.067452 -0.053841 -0.0024916 -0.051865 0.048561 -0.0024916 -0.056839 -0.19288 -0.19641 0.12993 0.24208 0.0011756 0.081005 -0.11107 -0.41709 0.16395 0.13155 -0.18635 -0.012997 -0.097007 -0.48334 0.21109 0.083737 -0.24665 -0.044013 -0.08718 0.091852 -0.4286 0.089799 0.1167 -0.42567 -0.10358 0.16386 -0.75423 0.075755 0.18117 -0.75299 -0.12704 0.096364 -0.81468 0.12061 0.1431 -0.82579 0.017573 -0.049135 0.59942
-0.12584 -0.0081443 0.30629 0.14015 0.0268 0.32548 0.0024954 -0.0049684 0.40769 -0.0027542 0.012103 0.067465 -0.05384 -0.0024921 -0.051866 0.048574 -0.0024921 -0.056828 -0.19338 -0.19178 0.12645 0.24281 0.002506 0.081526 -0.11845 -0.41311 0.1673 0.13245 -0.18489 -0.012742 -0.10518 -0.47986 0.2145 0.082673 -0.24441 -0.041534 -0.087018 0.092245 -0.42852 0.090143 0.11687 -0.42557 -0.10305 0.16475 -0.75406 0.076342 0.18141 -0.75288 -0.12669 0.097055 -0.81421 0.12115 0.14333 -0.8257 0.016516 -0.04993 0.59926
-0.12597 -0.007017 0.30634 0.1403 0.026839 0.32589 0.0023526 -0.0046208 0.40772 -0.0027295 0.012053 0.067474 -0.053836 -0.0024934 -0.05187 0.048583 -0.0024934 -0.05682 -0.194 -0.18732 0.12323 0.24362 0.0038687 0.082062 -0.12522 -0.40892 0.17095 0.13313 -0.18321 -0.012562 -0.11189 -0.47769 0.21443 0.081875 -0.24233 -0.039271 -0.086882 0.092595 -0.42845 0.09046 0.11705 -0.42547 -0.10256 0.16559 -0.75389 0.076875 0.18165 -0.75278 -0.12636 0.097687 -0.81376 0.12164 0.14355 -0.82562 0.01551 -0.050896 0.59903
-0.12608 -0.0059485 0.30637 0.14048 0.026917 0.32632 0.0022341 -0.0042814 0.40775 -0.0027072 0.012014 0.067482 -0.053829 -0.0024946 -0.051878 0.04859 -0.0024946 -0.056814 -0.19478 -0.18315 0.12043 0.24439 0.0051523 0.082608 -0.13102 -0.40481 0.17404 0.13334 -0.1814 -0.012354 -0.11683 -0.47674 0.21056 0.081265 -0.24056 -0.037364 -0.086778 0.092896 -0.42839 0.090738 0.11722 -0.42537 -0.10213 0.16635 -0.75375 0.077342 0.18188 -0.75268 -0.12607 0.098253 -0.81333 0.12206 0.14375 -0.82553 0.014569 -0.052036 0.59875
-0.12619 -0.0049254 0.30638 0.14068 0.027025 0.32677 0.0021334 -0.0039443 0.40778 -0.0026857 0.01199 0.067488 -0.053817 -0.0024967 -0.051889 0.04859 -0.0024967 -0.056814 -0.19574 -0.17916 0.11797 0.24491 0.0061292 0.083099 -0.13605 -0.40078 0.17635 0.13301 -0.17971 -0.012278 -0.12067 -0.47614 0.20479 0.080607 -0.23924 -0.035752 -0.086694 0.093163 -0.42834 0.090978 0.11739 -0.42529 -0.10174 0.16706 -0.75361 0.077765 0.18211 -0.75259 -0.12579 0.09878 -0.81294 0.12243 0.14393 -0.82545 0.013687 -0.053288 0.59842
-0.12629 -0.0039345 0.3064 0.1409 0.027153 0.32724 0.0020434 -0.0036027 0.4078 -0.0026629 0.011983 0.06749 -0.053801 -0.0025007 -0.051906 0.048582 -0.0025007 -0.056821 -0.19689 -0.17526 0.11575 0.24496 0.0065655 0.083469 -0.14055 -0.39687 0.17769 0.1321 -0.1784 -0.012503 -0.12413 -0.47497 0.19916 0.079653 -0.23853 -0.03436 -0.086619 0.093413 -0.42829 0.091185 0.11755 -0.42522 -0.10136 0.16773 -0.75349 0.078168 0.18236 -0.75251 -0.12553 0.099297 -0.8126 0.12279 0.14413 -0.82536 0.012858 -0.054585 0.59805
-0.1264 -0.0029626 0.30643 0.14112 0.02729 0.3277 0.0019571 -0.0032503 0.40781 -0.002637 0.011997 0.067488 -0.053778 -0.0025077 -0.05193 0.048563 -0.0025077 -0.056836 -0.19826 -0.17132 0.11369 0.24435 0.0062274 0.083651 -0.14475 -0.39308 0.17786 0.13056 -0.17773 -0.013202 -0.12793 -0.47231 0.19568 0.078157 -0.23854 -0.033117 -0.086543 0.09366 -0.42826 0.09136 0.1177 -0.42516 -0.10097 0.16837 -0.75337 0.078574 0.18262 -0.75244 -0.12525 0.099831 -0.81232 0.12316 0.14434 -0.82529 0.012076 -0.055862 0.59766
-0.12652 -0.0019974 0.30648 0.14134 0.027427 0.32816 0.0018682 -0.0028808 0.40782 -0.0026062 0.012034 0.067483 -0.053748 -0.0025188 -0.05196 0.048533 -0.0025188 -0.056862 -0.19985 -0.16727 0.11169 0.24286 0.0049005 0.083583 -0.14886 -0.38943 0.17669 0.12837 -0.17794 -0.014536 -0.13274 -0.46732 0.19625 0.075891 -0.23942 -0.031952 -0.086454 0.093919 -0.42822 0.091508 0.11783 -0.42512 -0.10056 0.169 -0.75327 0.079006 0.18292 -0.75238 -0.12496 0.10041 -0.8121 0.12356 0.14458 -0.82522 0.011336 -0.057056 0.59727
-0.12666 -0.0010401 0.30654 0.14156 0.027568 0.32861 0.0017791 -0.002495 0.40783 -0.0025694 0.012095 0.067473 -0.053712 -0.0025343 -0.051996 0.048491 -0.0025343 -0.056897 -0.20161 -0.16313 0.10975 0.24057 0.0026565 0.083288 -0.15298 -0.38593 0.17444 0.12565 -0.17899 -0.016494 -0.13857 -0.46024 0.20077 0.072914 -0.24101 -0.030828 -0.086353 0.09419 -0.42819 0.091628 0.11794 -0.42509 -0.10012 0.16961 -0.75317 0.079459 0.18324 -0.75232 -0.12464 0.10103 -0.81196 0.12399 0.14486 -0.82516 0.01064 -0.058141 0.59688
-0.12679 -0.00010245 0.30662 0.14177 0.027724 0.32905 0.0016992 -0.002099 0.40783 -0.0025264 0.012177 0.06746 -0.053673 -0.0025542 -0.052036 0.04844 -0.0025542 -0.056939 -0.20343 -0.15906 0.10794 0.23772 -0.0002121 0.082852 -0.15705 -0.38261 0.17168 0.1227 -0.18066 -0.018938 -0.14492 -0.45215 0.20762 0.069506 -0.24301 -0.029728 -0.086251 0.094457 -0.42816 0.091719 0.11804 -0.42508 -0.099667 0.1702 -0.75308 0.079912 0.18359 -0.75227 -0.12432 0.10166 -0.81187 0.12443 0.14518 -0.8251 0.0099988 -0.059122 0.5965
-0.12692 0.0008037 0.30672 0.142 0.027909 0.32948 0.0016382 -0.0016988 0.40783 -0.0024768 0.012276 0.067444 -0.053633 -0.0025783 -0.052076 0.048384 -0.0025783 -0.056985 -0.20521 -0.1552 0.10633 0.23456 -0.0034072 0.082364 -0.16105 -0.37949 0.16899 0.11979 -0.1827 -0.021725 -0.15127 -0.44414 0.21515 0.065953 -0.24506 -0.028641 -0.086156 0.094707 -0.42814 0.091779 0.11815 -0.42507 -0.099229 0.17075 -0.753 0.08034 0.18395 -0.75222 -0.12401 0.10228 -0.81181 0.12487 0.14554 -0.82504 0.0094233 -0.060006 0.59612
-0.12703 0.0016664 0.30683 0.14223 0.028134 0.32989 0.0016056 -0.0013007 0.40782 -0.0024204 0.012389 0.067425 -0.053594 -0.0026065 -0.052114 0.048326 -0.0026065 -0.057033 -0.20686 -0.15171 0.10497 0.23135 -0.0066307 0.081913 -0.16491 -0.37659 0.16694 0.11721 -0.18486 -0.024713 -0.1571 -0.4373 0.2217 0.062541 -0.24685 -0.027553 -0.086079 0.094925 -0.42812 0.091808 0.11826 -0.42506 -0.098821 0.17125 -0.75293 0.080721 0.18434 -0.75217 -0.12371 0.10286 -0.81178 0.12528 0.14595 -0.82498 0.0089238 -0.060798 0.59576
-0.12711 0.0024748 0.30695 0.14248 0.02841 0.33028 0.0016098 -0.00091019 0.40781 -0.0023567 0.012514 0.067405 -0.05356 -0.0026387 -0.052148 0.048269 -0.0026387 -0.05708 -0.20826 -0.14872 0.10393 0.22832 -0.0096034 0.081578 -0.16861 -0.37395 0.16608 0.11519 -0.18692 -0.027745 -0.16193 -0.43262 0.22576 0.059523 -0.24806 -0.026448 -0.086028 0.095098 -0.4281 0.091804 0.11839 -0.42505 -0.09846 0.17167 -0.75286 0.081032 0.18474 -0.75211 -0.12345 0.10336 -0.81176 0.12565 0.14639 -0.82491 0.0085097 -0.061502 0.59542
-0.12718 0.0032299 0.30708 0.14274 0.028713 0.33063 0.0016488 -0.00052838 0.4078 -0.0022863 0.012649 0.067382 -0.053529 -0.0026738 -0.052178 0.048214 -0.0026738 -0.057125 -0.20941 -0.14623 0.10319 0.2256 -0.012221 0.081362 -0.17209 -0.37153 0.1664 0.11364 -0.18879 -0.030532 -0.16573 -0.43004 0.22731 0.056863 -0.2487 -0.025301 -0.086004 0.095226 -0.42808 0.091769 0.11854 -0.42503 -0.098147 0.17203 -0.7528 0.081276 0.18515 -0.75205 -0.12322 0.10379 -0.81176 0.12598 0.14688 -0.82484 0.0081807 -0.062123 0.59509
-0.12723 0.0039385 0.30723 0.14299 0.029005 0.33092 0.0017148 -0.00015368 0.40778 -0.0022098 0.012794 0.067357 -0.0535 -0.0027104 -0.052205 0.048163 -0.0027104 -0.057166 -0.21035 -0.14416 0.1027 0.22323 -0.014472 0.081225 -0.17527 -0.36932 0.16763 0.11227 -0.19044 -0.032712 -0.16868 -0.42893 0.22713 0.05437 -0.24894 -0.024077 -0.086003 0.095318 -0.42808 0.091709 0.11871 -0.425 -0.097876 0.17234 -0.75275 0.081462 0.18557 -0.75198 -0.12301 0.10417 -0.81176 0.12628 0.14741 -0.82475 0.0079319 -0.062661 0.59478
-0.12727 0.0046075 0.30739 0.14322 0.029245 0.33112 0.0018001 0.00021547 0.40777 -0.0021278 0.012947 0.06733 -0.053473 -0.0027472 -0.052231 0.048117 -0.0027472 -0.057204 -0.2111 -0.14242 0.10239 0.22127 -0.016346 0.081128 -0.17811 -0.36726 0.1695 0.11077 -0.19186 -0.033924 -0.17096 -0.42865 0.22598 0.051849 -0.24893 -0.022743 -0.086019 0.09538 -0.42807 0.091628 0.11889 -0.42497 -0.097643 0.1726 -0.75271 0.081604 0.18602 -0.7519 -0.12282 0.1045 -0.81178 0.12655 0.14798 -0.82466 0.0077581 -0.063119 0.5945
-0.12731 0.005244 0.30755 0.14342 0.029393 0.33121 0.0018969 0.00058064 0.40774 -0.0020412 0.01311 0.067302 -0.053446 -0.0027826 -0.052258 0.048077 -0.0027826 -0.057236 -0.21171 -0.14093 0.10222 0.21978 -0.017835 0.08103 -0.18054 -0.36535 0.17173 0.10886 -0.19303 -0.033807 -0.17277 -0.42858 0.22464 0.049106 -0.24885 -0.021266 -0.086049 0.095421 -0.42807 0.091531 0.11909 -0.42494 -0.097439 0.17283 -0.75268 0.081713 0.18647 -0.75182 -0.12264 0.10479 -0.81181 0.1268 0.14858 -0.82456 0.007654 -0.063497 0.59423
-0.12736 0.0058549 0.30773 0.14357 0.02941 0.33117 0.0019973 0.0009434 0.40772 -0.0019505 0.013281 0.067271 -0.053416 -0.0028152 -0.052286 0.048044 -0.0028152 -0.057261 -0.2122 -0.13962 0.10212 0.21879 -0.018927 0.080892 -0.18249 -0.36353 0.17405 0.10623 -0.19392 -0.031997 -0.17429 -0.42808 0.2239 0.045948 -0.24885 -0.019612 -0.086087 0.095447 -0.42808 0.091424 0.11929 -0.42489 -0.097259 0.17303 -0.75265 0.081801 0.18695 -0.75172 -0.12246 0.10507 -0.81187 0.12704 0.14922 -0.82446 0.0076144 -0.063799 0.59398
-0.12742 0.0064473 0.30792 0.14367 0.029256 0.33095 0.0020937 0.0013053 0.40769 -0.0018564 0.013459 0.067238 -0.053383 -0.0028437 -0.052318 0.04802 -0.0028437 -0.05728 -0.21261 -0.1384 0.10205 0.21836 -0.019614 0.080673 -0.1839 -0.36177 0.17617 0.1026 -0.19452 -0.028135 -0.17571 -0.42652 0.22453 0.042181 -0.2491 -0.017748 -0.08613 0.095467 -0.42809 0.091311 0.1195 -0.42484 -0.097098 0.17322 -0.75263 0.081879 0.18745 -0.75162 -0.12228 0.10534 -0.81195 0.12728 0.1499 -0.82435 0.0076342 -0.064024 0.59375
-0.1275 0.007028 0.30811 0.14369 0.028892 0.33055 0.0021783 0.0016679 0.40767 -0.0017597 0.013644 0.067203 -0.053346 -0.0028665 -0.052355 0.048005 -0.0028665 -0.057292 -0.21298 -0.13718 0.10194 0.21855 -0.019885 0.080334 -0.18471 -0.36005 0.17783 0.097673 -0.1948 -0.021857 -0.17722 -0.42327 0.22731 0.03761 -0.24976 -0.015639 -0.086173 0.095489 -0.42811 0.091196 0.1197 -0.42479 -0.096947 0.17341 -0.75261 0.081961 0.18797 -0.75151 -0.12209 0.10562 -0.81206 0.12753 0.1506 -0.82423 0.0077083 -0.064176 0.59354
-0.12761 0.0076042 0.30832 0.14362 0.028277 0.32994 0.0022433 0.0020329 0.40764 -0.0016609 0.013836 0.067167 -0.053302 -0.0028823 -0.052399 0.048002 -0.0028823 -0.057294 -0.21334 -0.1359 0.10174 0.21941 -0.019731 0.079835 -0.18486 -0.35833 0.17874 0.09115 -0.19475 -0.012803 -0.17901 -0.4177 0.233 0.032043 -0.25101 -0.013253 -0.086212 0.095519 -0.42814 0.091086 0.11991 -0.42473 -0.096803 0.1736 -0.75261 0.082057 0.18851 -0.75138 -0.12189 0.10592 -0.8122 0.12778 0.15134 -0.82411 0.0078313 -0.064255 0.59335
-0.12775 0.0081827 0.30853 0.14345 0.027371 0.32908 0.0022808 0.0024016 0.4076 -0.0015609 0.014034 0.067128 -0.053251 -0.0028896 -0.052451 0.04801 -0.0028896 -0.057287 -0.21373 -0.13447 0.10139 0.22098 -0.019141 0.079137 -0.18428 -0.35658 0.17864 0.082738 -0.19435 -0.00061019 -0.18126 -0.40916 0.2424 0.025286 -0.253 -0.010557 -0.086242 0.095566 -0.42817 0.090984 0.12012 -0.42467 -0.096657 0.1738 -0.7526 0.08218 0.18908 -0.75125 -0.12166 0.10625 -0.81237 0.12806 0.15211 -0.82398 0.0079981 -0.064264 0.59318
