-0.10861 -0.01018 0.35907 0.17097 -0.0039102 0.32563 0.039261 -0.068384 0.39782 0.0071572 0.0091146 0.067611 -0.057894 0.0019284 -0.047324 0.051031 0.0019284 -0.054655 -0.30091 0.088903 0.20462 0.29168 0.20995 0.22392 -0.19739 -0.075341 0.068698 0.29385 0.042306 0.056401 -0.19282 -0.1573 0.078745 0.2862 -0.013331 -0.0043059 -0.095923 -0.33605 -0.23776 0.15307 -0.28736 -0.29517 -0.10727 -0.47163 -0.54269 0.11412 -0.35089 -0.62064 -0.13031 -0.55111 -0.58643 0.1226 -0.42541 -0.67663 0.033208 -0.16073 0.57203
-0.10832 -0.011769 0.36037 0.17136 -0.0071888 0.32682 0.039031 -0.072231 0.39738 0.0073064 0.0082748 0.067794 -0.058225 0.0024715 -0.046882 0.050634 0.0024715 -0.054987 -0.29578 0.084988 0.19854 0.28965 0.21017 0.22957 -0.1959 -0.079883 0.060073 0.29027 0.038789 0.065342 -0.19418 -0.16107 0.071314 0.28309 -0.015201 0.0028951 -0.093539 -0.3339 -0.24083 0.1503 -0.28637 -0.29723 -0.10874 -0.47683 -0.54229 0.1125 -0.35054 -0.62269 -0.12995 -0.5559 -0.58721 0.11826 -0.42314 -0.68134 0.03482 -0.16499 0.57147
-0.10793 -0.015187 0.36092 0.1719 -0.011696 0.32739 0.039096 -0.077251 0.39659 0.0073926 0.0069866 0.067931 -0.058477 0.0030228 -0.046535 0.050317 0.0030228 -0.055249 -0.28991 0.082335 0.19339 0.28935 0.20701 0.23199 -0.19449 -0.082415 0.051677 0.2884 0.035324 0.067958 -0.1931 -0.16367 0.062738 0.28186 -0.019368 0.006103 -0.091807 -0.33143 -0.24412 0.14685 -0.28547 -0.29918 -0.10914 -0.47713 -0.54424 0.11039 -0.35012 -0.62469 -0.12935 -0.55626 -0.5895 0.11415 -0.42116 -0.68541 0.035687 -0.17049 0.57045
-0.10743 -0.019954 0.36088 0.17259 -0.017097 0.32748 0.039411 -0.083102 0.3955 0.0074309 0.0053816 0.068027 -0.058666 0.003588 -0.04626 0.050062 0.003588 -0.055454 -0.28385 0.080699 0.18937 0.29042 0.20123 0.23183 -0.19324 -0.083284 0.043943 0.2879 0.032029 0.065533 -0.19002 -0.16502 0.05357 0.28208 -0.02491 0.0058244 -0.090544 -0.32877 -0.24751 0.14298 -0.28469 -0.30093 -0.10864 -0.4736 -0.54795 0.108 -0.34957 -0.62657 -0.12863 -0.55302 -0.59301 0.11039 -0.41934 -0.68887 0.036011 -0.17687 0.56906
-0.10683 -0.02559 0.36041 0.1734 -0.023055 0.32718 0.039927 -0.08944 0.39422 0.0074364 0.0035918 0.06809 -0.058809 0.0041724 -0.046034 0.049848 0.0041724 -0.055614 -0.27814 0.079835 0.18668 0.29253 0.19363 0.22974 -0.19222 -0.082836 0.037307 0.28843 0.029019 0.059352 -0.18538 -0.16501 0.044361 0.28336 -0.030907 0.0025659 -0.089568 -0.32603 -0.25087 0.13892 -0.28407 -0.30242 -0.10737 -0.46729 -0.55287 0.10552 -0.34882 -0.62828 -0.12787 -0.547 -0.59749 0.10708 -0.41757 -0.69178 0.035994 -0.18378 0.56742
-0.10613 -0.031613 0.35967 0.17433 -0.029235 0.32664 0.040597 -0.09592 0.39281 0.0074241 0.0017489 0.068127 -0.058922 0.0047816 -0.045834 0.049658 0.0047816 -0.055743 -0.27333 0.079499 0.1855 0.29533 0.18499 0.22636 -0.19153 -0.081418 0.032201 0.28969 0.026411 0.050699 -0.17961 -0.16357 0.035663 0.28527 -0.036438 -0.0031658 -0.088696 -0.32332 -0.25406 0.13493 -0.28364 -0.30359 -0.10548 -0.45924 -0.55842 0.10317 -0.34781 -0.62974 -0.12718 -0.53899 -0.60264 0.10435 -0.41571 -0.69416 0.035839 -0.19083 0.56564
-0.10534 -0.037542 0.35882 0.17537 -0.035301 0.32595 0.041375 -0.1022 0.39135 0.0074092 -1.5362e-05 0.068145 -0.059022 0.0054211 -0.045634 0.049472 0.0054211 -0.055853 -0.26998 0.079447 0.18604 0.29847 0.17608 0.22233 -0.19123 -0.079378 0.029061 0.29132 0.024321 0.040859 -0.17316 -0.1606 0.028027 0.28739 -0.040583 -0.010864 -0.087747 -0.32076 -0.25696 0.13124 -0.28341 -0.30436 -0.10313 -0.45052 -0.56404 0.10115 -0.34648 -0.63089 -0.12665 -0.52983 -0.60821 0.10231 -0.41364 -0.69608 0.035746 -0.19768 0.56383
-0.10446 -0.042898 0.35801 0.17651 -0.040917 0.32524 0.042214 -0.10794 0.38993 0.0074069 -0.0015691 0.06815 -0.059126 0.0060964 -0.045413 0.04927 0.0060964 -0.055958 -0.26861 0.079433 0.1885 0.30162 0.16769 0.21831 -0.19141 -0.07706 0.028319 0.29302 0.022864 0.031116 -0.16646 -0.15602 0.022005 0.28932 -0.042421 -0.020023 -0.086537 -0.31846 -0.25945 0.12811 -0.28343 -0.30466 -0.10045 -0.44217 -0.56917 0.099659 -0.34477 -0.63166 -0.12639 -0.52032 -0.6139 0.10108 -0.41121 -0.69756 0.035918 -0.20395 0.56211
-0.10348 -0.047204 0.35742 0.17772 -0.045754 0.32463 0.043064 -0.11279 0.38862 0.0074318 -0.0027829 0.06815 -0.059248 0.0068123 -0.045146 0.049034 0.0068123 -0.056069 -0.26978 0.07922 0.19305 0.30443 0.1606 0.21493 -0.19214 -0.074803 0.030398 0.29445 0.022153 0.022745 -0.15995 -0.14974 0.018139 0.29064 -0.041051 -0.030132 -0.084893 -0.31654 -0.26138 0.12576 -0.28372 -0.30443 -0.097604 -0.43524 -0.57325 0.098903 -0.34263 -0.63198 -0.12649 -0.51128 -0.61945 0.10075 -0.40832 -0.69865 0.036549 -0.20928 0.56058
-0.10256 -0.05037 0.35701 0.1789 -0.049918 0.32413 0.043766 -0.11672 0.38747 0.0074846 -0.0036872 0.068139 -0.059365 0.0075287 -0.044875 0.048785 0.0075287 -0.056178 -0.27324 0.078997 0.19951 0.30685 0.15478 0.21252 -0.19358 -0.072285 0.034876 0.29543 0.021897 0.016364 -0.15437 -0.14171 0.016361 0.29117 -0.03686 -0.04051 -0.083209 -0.31495 -0.26285 0.12389 -0.28435 -0.30368 -0.095258 -0.43009 -0.57616 0.098408 -0.34017 -0.63185 -0.12754 -0.50305 -0.62473 0.10067 -0.40509 -0.69932 0.037344 -0.21362 0.55928
-0.10203 -0.052925 0.35651 0.17978 -0.054224 0.32361 0.043979 -0.12017 0.38646 0.0075422 -0.0045719 0.068086 -0.059387 0.0081326 -0.044742 0.048607 0.0081326 -0.056241 -0.27749 0.079653 0.20704 0.3093 0.14891 0.21093 -0.19598 -0.068115 0.039959 0.29603 0.021161 0.011525 -0.15091 -0.13196 0.01561 0.29108 -0.032336 -0.050194 -0.082801 -0.3134 -0.26428 0.12129 -0.28545 -0.30253 -0.094912 -0.42596 -0.57852 0.096619 -0.33777 -0.63133 -0.13083 -0.49522 -0.62985 0.098974 -0.40208 -0.69944 0.037215 -0.21736 0.55812
-0.10225 -0.055457 0.35561 0.18008 -0.05955 0.32292 0.043345 -0.12364 0.38558 0.0075794 -0.0057509 0.067961 -0.059217 0.008504 -0.044899 0.048591 0.008504 -0.056212 -0.28092 0.082139 0.21475 0.31225 0.14159 0.20994 -0.1996 -0.060804 0.043728 0.29633 0.018949 0.0076807 -0.15083 -0.12054 0.014732 0.29058 -0.030156 -0.058194 -0.085068 -0.31156 -0.26611 0.11669 -0.28716 -0.30115 -0.098146 -0.42201 -0.58099 0.091881 -0.33584 -0.63052 -0.13774 -0.48734 -0.63494 0.093653 -0.39988 -0.69884 0.034998 -0.22099 0.55702
-0.10356 -0.058543 0.35399 0.17952 -0.066755 0.3219 0.041523 -0.12762 0.38479 0.0075715 -0.0075281 0.067735 -0.058763 0.0085327 -0.045492 0.048819 0.0085327 -0.056048 -0.28194 0.087363 0.22178 0.31616 0.13141 0.20934 -0.20468 -0.048926 0.044327 0.29643 0.014298 0.0042934 -0.1553 -0.1075 0.012619 0.28987 -0.032905 -0.063564 -0.091355 -0.30913 -0.26878 0.10884 -0.28959 -0.29966 -0.10647 -0.4174 -0.58424 0.082612 -0.33478 -0.62949 -0.1496 -0.47893 -0.64012 0.082797 -0.39906 -0.6974 0.029575 -0.22495 0.55588
-0.10582 -0.062469 0.3516 0.17814 -0.076178 0.32052 0.038559 -0.1326 0.38386 0.0075043 -0.0099492 0.067391 -0.058047 0.0083538 -0.046454 0.049192 0.0083538 -0.055801 -0.27981 0.095116 0.22772 0.32106 0.11795 0.209 -0.21067 -0.032726 0.041492 0.29651 0.0070988 0.0010442 -0.16383 -0.093297 0.0092914 0.28915 -0.040761 -0.06647 -0.10151 -0.30592 -0.27224 0.097903 -0.29254 -0.29813 -0.11969 -0.41168 -0.58833 0.069021 -0.3342 -0.62828 -0.16591 -0.46986 -0.64537 0.0666 -0.39925 -0.69517 0.020971 -0.22971 0.55444
-0.10831 -0.067213 0.34859 0.17635 -0.087603 0.31881 0.034921 -0.13905 0.38233 0.0073747 -0.012783 0.066929 -0.057213 0.0083657 -0.047496 0.049417 0.0083657 -0.055624 -0.27472 0.10399 0.23266 0.3266 0.10183 0.20885 -0.21617 -0.014234 0.036673 0.29688 -0.0018433 -0.002151 -0.17413 -0.078805 0.0059832 0.28857 -0.051323 -0.068268 -0.1138 -0.30189 -0.27593 0.085496 -0.29545 -0.29653 -0.13574 -0.40482 -0.5927 0.053243 -0.33294 -0.62688 -0.18426 -0.4603 -0.65048 0.047511 -0.39911 -0.69237 0.010438 -0.23573 0.55229
-0.11033 -0.072736 0.34515 0.17453 -0.10078 0.31685 0.031092 -0.14747 0.37973 0.0071803 -0.015785 0.06635 -0.056412 0.0089795 -0.048316 0.049187 0.0089795 -0.055677 -0.26689 0.11252 0.23673 0.33239 0.083698 0.20883 -0.21974 0.0044309 0.031401 0.29785 -0.011678 -0.0053646 -0.18385 -0.064926 0.0039866 0.28831 -0.062064 -0.070372 -0.1264 -0.297 -0.27925 0.073314 -0.29774 -0.29482 -0.15249 -0.39682 -0.59677 0.037509 -0.32977 -0.62531 -0.20214 -0.45046 -0.65524 0.028092 -0.39724 -0.68929 -0.00071334 -0.24344 0.54903
-0.11122 -0.078984 0.34148 0.17305 -0.11547 0.31467 0.027522 -0.15826 0.37563 0.0069169 -0.018722 0.065655 -0.055784 0.010569 -0.048637 0.048235 0.010569 -0.056096 -0.25656 0.11932 0.24006 0.33802 0.064211 0.20888 -0.22007 0.02125 0.027134 0.29969 -0.021595 -0.0086616 -0.19073 -0.052511 0.0044832 0.28853 -0.070636 -0.074085 -0.13759 -0.29124 -0.28165 0.062945 -0.29887 -0.29297 -0.1679 -0.38763 -0.59997 0.02392 -0.32361 -0.62353 -0.21719 -0.44048 -0.65947 0.010757 -0.39233 -0.68617 -0.011265 -0.25326 0.54426
-0.11121 -0.085715 0.33761 0.17175 -0.13119 0.31216 0.024161 -0.17082 0.37026 0.0065581 -0.021504 0.064852 -0.055343 0.013013 -0.048463 0.046757 0.013013 -0.056735 -0.24455 0.12411 0.24285 0.34318 0.043931 0.20892 -0.21729 0.035527 0.024362 0.30232 -0.031294 -0.012005 -0.19445 -0.041748 0.0071883 0.28932 -0.077109 -0.079218 -0.14703 -0.28479 -0.28312 0.054521 -0.29894 -0.29083 -0.18127 -0.37706 -0.60237 0.0129 -0.31498 -0.62146 -0.22897 -0.42975 -0.66335 -0.0039962 -0.38427 -0.68329 -0.021221 -0.26464 0.53805
-0.11117 -0.09255 0.33354 0.17008 -0.14737 0.30904 0.020603 -0.18385 0.36428 0.0060614 -0.024145 0.063957 -0.055012 0.015837 -0.048005 0.045284 0.015837 -0.057247 -0.23206 0.12738 0.24537 0.34758 0.023357 0.20885 -0.2126 0.047506 0.022888 0.30535 -0.040842 -0.015287 -0.19598 -0.032357 0.010778 0.29075 -0.083259 -0.084526 -0.15536 -0.27798 -0.284 0.047148 -0.29844 -0.2882 -0.19286 -0.36474 -0.60444 0.0036843 -0.30557 -0.61891 -0.2384 -0.41711 -0.66735 -0.017033 -0.37375 -0.68093 -0.03145 -0.27643 0.53079
-0.11198 -0.099106 0.32922 0.16749 -0.16341 0.30507 0.016439 -0.19602 0.35834 0.0053842 -0.026661 0.062982 -0.054715 0.018562 -0.047476 0.044351 0.018562 -0.05728 -0.2203 0.12963 0.24787 0.35095 0.0029861 0.20858 -0.20721 0.057449 0.0225 0.30842 -0.050312 -0.018397 -0.19635 -0.024051 0.013907 0.29287 -0.090897 -0.088745 -0.16322 -0.27116 -0.28466 0.03991 -0.29791 -0.28487 -0.20292 -0.35032 -0.60665 -0.0045178 -0.29711 -0.61574 -0.24645 -0.40141 -0.67192 -0.029244 -0.36149 -0.67935 -0.042842 -0.28744 0.52286
-0.11434 -0.10507 0.32469 0.1636 -0.17862 0.30009 0.01142 -0.20613 0.35308 0.004509 -0.029056 0.061947 -0.054387 0.020765 -0.047059 0.044409 0.020765 -0.05654 -0.21039 0.13128 0.25059 0.35306 -0.016491 0.20807 -0.20229 0.065595 0.022973 0.31121 -0.059533 -0.021193 -0.19652 -0.016597 0.015428 0.29574 -0.10133 -0.090746 -0.17109 -0.26467 -0.2854 0.032144 -0.29779 -0.28072 -0.21161 -0.33359 -0.6094 -0.012281 -0.29099 -0.61182 -0.25387 -0.38177 -0.67742 -0.041255 -0.34813 -0.67879 -0.055968 -0.29661 0.51467
-0.11761 -0.11063 0.32035 0.15934 -0.19158 0.29469 0.0065549 -0.21393 0.34872 0.0036104 -0.031253 0.060914 -0.054061 0.022474 -0.046694 0.045261 0.022474 -0.055182 -0.2028 0.13191 0.25342 0.35415 -0.032912 0.20776 -0.19853 0.072019 0.02399 0.31374 -0.066471 -0.023281 -0.19699 -0.010219 0.015715 0.29938 -0.11196 -0.090469 -0.17797 -0.25902 -0.28618 0.025105 -0.29794 -0.27622 -0.21809 -0.31544 -0.61246 -0.018537 -0.28617 -0.60748 -0.25988 -0.35943 -0.68337 -0.051643 -0.3335 -0.67904 -0.068977 -0.30388 0.50683
-0.12055 -0.11622 0.31679 0.15624 -0.20056 0.28985 0.0034286 -0.21959 0.34529 0.0029514 -0.033134 0.059963 -0.053818 0.023921 -0.046215 0.04641 0.023921 -0.053569 -0.19771 0.13073 0.25612 0.35467 -0.043432 0.20829 -0.19644 0.076716 0.025186 0.31623 -0.068235 -0.024155 -0.19808 -0.0053437 0.015842 0.30381 -0.11842 -0.088346 -0.18217 -0.25477 -0.28676 0.020938 -0.29795 -0.27211 -0.22108 -0.29725 -0.61534 -0.021457 -0.28051 -0.60322 -0.263 -0.33667 -0.68889 -0.05804 -0.31711 -0.6797 -0.078901 -0.30965 0.50006
-0.12188 -0.12226 0.31459 0.15586 -0.2038 0.28653 0.0036307 -0.2233 0.34284 0.0027957 -0.034583 0.059174 -0.053736 0.02534 -0.045452 0.047355 0.02534 -0.052061 -0.19528 0.12697 0.25845 0.35509 -0.045205 0.2103 -0.19651 0.079682 0.0262 0.31888 -0.061927 -0.023306 -0.20007 -0.0024036 0.016889 0.30905 -0.11631 -0.084809 -0.18203 -0.25248 -0.28692 0.021792 -0.29742 -0.26915 -0.21931 -0.28044 -0.61753 -0.019209 -0.27185 -0.59956 -0.26176 -0.31572 -0.69311 -0.058074 -0.29846 -0.68037 -0.082765 -0.31432 0.49503
-0.12076 -0.12906 0.31414 0.1592 -0.20033 0.2854 0.0081694 -0.22535 0.34131 0.0033144 -0.035535 0.0586 -0.053868 0.026917 -0.044289 0.047712 0.026917 -0.050941 -0.19549 0.12015 0.2602 0.35575 -0.036601 0.21423 -0.19895 0.081068 0.026735 0.32185 -0.045746 -0.020395 -0.20318 -0.0015268 0.019502 0.31502 -0.10262 -0.080282 -0.1765 -0.25246 -0.28653 0.029034 -0.29601 -0.26791 -0.21208 -0.26589 -0.61862 -0.010665 -0.25868 -0.59691 -0.25529 -0.29819 -0.69533 -0.050195 -0.27747 -0.68072 -0.078599 -0.3183 0.4922
-0.11811 -0.13645 0.31479 0.16488 -0.19275 0.28585 0.01533 -0.22657 0.34023 0.0042438 -0.036169 0.058155 -0.054133 0.028599 -0.042863 0.047627 0.028599 -0.050102 -0.1974 0.11135 0.26144 0.35658 -0.021695 0.21944 -0.20262 0.08174 0.026815 0.32506 -0.02303 -0.015886 -0.20708 -0.0014271 0.022306 0.32133 -0.080868 -0.075126 -0.16763 -0.25372 -0.28592 0.040372 -0.29386 -0.26807 -0.20137 -0.25224 -0.61869 0.0019896 -0.24242 -0.59513 -0.24565 -0.28254 -0.69567 -0.036715 -0.25623 -0.68065 -0.069146 -0.32213 0.49073
-0.11545 -0.14407 0.31561 0.17079 -0.18474 0.28687 0.022601 -0.22796 0.33902 0.0051935 -0.036736 0.057715 -0.05441 0.030267 -0.041386 0.047401 0.030267 -0.049328 -0.19984 0.10208 0.2623 0.35735 -0.0062307 0.22498 -0.20602 0.082777 0.026556 0.32838 0.0013802 -0.010473 -0.21132 -0.00040376 0.023331 0.32743 -0.056457 -0.069691 -0.15837 -0.25491 -0.28558 0.052442 -0.29122 -0.26908 -0.18994 -0.23743 -0.61796 0.015604 -0.22538 -0.59395 -0.23575 -0.2663 -0.69449 -0.021075 -0.23739 -0.68014 -0.058528 -0.32642 0.48946
-0.11425 -0.15159 0.31566 0.17484 -0.17996 0.28745 0.02747 -0.23049 0.33708 0.0057729 -0.037485 0.057155 -0.054581 0.0318 -0.040067 0.047338 0.0318 -0.048402 -0.20159 0.093868 0.26291 0.35786 0.0040487 0.22991 -0.20762 0.085258 0.026074 0.33166 0.022645 -0.0048509 -0.21546 0.0032434 0.020611 0.33282 -0.034802 -0.064322 -0.15164 -0.25469 -0.28596 0.061881 -0.28834 -0.27038 -0.18056 -0.21943 -0.61666 0.027027 -0.20986 -0.59309 -0.22852 -0.24702 -0.69213 -0.0067142 -0.22363 -0.67919 -0.050865 -0.33173 0.48718
-0.11541 -0.15871 0.31436 0.17566 -0.18071 0.28689 0.02835 -0.23477 0.33406 0.0057377 -0.038568 0.056404 -0.054569 0.033107 -0.039054 0.047629 0.033107 -0.0472 -0.20183 0.087663 0.26304 0.35793 0.005517 0.23354 -0.20656 0.090046 0.025313 0.33476 0.037446 0.0003951 -0.21918 0.01075 0.013005 0.33713 -0.019652 -0.059336 -0.14934 -0.25225 -0.28735 0.06648 -0.28543 -0.27156 -0.17508 -0.1973 -0.615 0.034139 -0.19748 -0.59235 -0.22581 -0.22349 -0.68899 0.0039209 -0.21644 -0.67785 -0.048828 -0.33836 0.48317
-0.11817 -0.16521 0.31206 0.17405 -0.18529 0.28546 0.026346 -0.24019 0.3303 0.0052706 -0.039844 0.055544 -0.054433 0.034179 -0.038313 0.048151 0.034179 -0.045877 -0.20074 0.082785 0.26145 0.35756 0.00073895 0.23589 -0.20388 0.097379 0.023723 0.33751 0.046925 0.0050051 -0.22265 0.021995 0.00179 0.34042 -0.0099036 -0.054963 -0.15024 -0.24832 -0.28941 0.067403 -0.28261 -0.27266 -0.17259 -0.17349 -0.61317 0.037836 -0.18781 -0.59178 -0.22635 -0.19813 -0.6855 0.011293 -0.21382 -0.67642 -0.050847 -0.34578 0.478
-0.12141 -0.1709 0.30933 0.17124 -0.19128 0.28354 0.023057 -0.24595 0.32629 0.0046324 -0.041118 0.054685 -0.054251 0.035024 -0.037775 0.048721 0.035024 -0.044638 -0.19869 0.078253 0.25669 0.35677 -0.0065942 0.23714 -0.20098 0.10738 0.020659 0.33973 0.053031 0.0087779 -0.22611 0.036608 -0.011316 0.34287 -0.0035673 -0.051418 -0.15257 -0.24395 -0.29172 0.066426 -0.27995 -0.27381 -0.17171 -0.15099 -0.61136 0.039562 -0.1801 -0.59144 -0.2283 -0.17402 -0.68216 0.016393 -0.21313 -0.67522 -0.054581 -0.35328 0.47247
-0.12407 -0.17561 0.30672 0.1684 -0.19626 0.28157 0.020072 -0.25126 0.32248 0.0040826 -0.042199 0.053936 -0.054104 0.035649 -0.037371 0.049157 0.035649 -0.043687 -0.19605 0.073094 0.24735 0.35559 -0.012807 0.23744 -0.19923 0.12017 0.015486 0.34125 0.057707 0.011515 -0.22978 0.054214 -0.024599 0.34464 0.0013377 -0.048911 -0.15456 -0.24014 -0.29385 0.065322 -0.27756 -0.27511 -0.17106 -0.13282 -0.60977 0.040757 -0.17356 -0.59141 -0.22984 -0.15424 -0.67942 0.02021 -0.21174 -0.67458 -0.0577 -0.36018 0.4674
-0.12553 -0.17922 0.30458 0.16626 -0.1989 0.27978 0.018287 -0.25561 0.31919 0.0037624 -0.042983 0.053358 -0.054045 0.036066 -0.037049 0.049376 0.036066 -0.043114 -0.19316 0.066923 0.23331 0.35411 -0.015872 0.23708 -0.19927 0.13523 0.0082382 0.34206 0.062107 0.013235 -0.2337 0.073823 -0.036724 0.3459 0.0060195 -0.047452 -0.15528 -0.23752 -0.29551 0.065134 -0.27551 -0.27658 -0.16987 -0.12043 -0.60842 0.042329 -0.1677 -0.59167 -0.22999 -0.14033 -0.67745 0.023468 -0.20831 -0.67454 -0.058907 -0.36598 0.46333
-0.12615 -0.18178 0.30282 0.16461 -0.19996 0.27811 0.017291 -0.2591 0.31642 0.0035912 -0.043537 0.052916 -0.054076 0.036296 -0.036781 0.049479 0.036296 -0.042799 -0.19023 0.06046 0.21693 0.35261 -0.016852 0.23651 -0.20035 0.1509 0.00021279 0.34246 0.06591 0.014371 -0.23746 0.093296 -0.047067 0.34686 0.010238 -0.046672 -0.15529 -0.23591 -0.29666 0.065544 -0.27392 -0.27801 -0.16848 -0.1124 -0.60712 0.044187 -0.16254 -0.59198 -0.22934 -0.131 -0.67585 0.02639 -0.2039 -0.67466 -0.058844 -0.37056 0.46029
-0.12635 -0.18332 0.30137 0.16315 -0.20038 0.27646 0.016532 -0.26188 0.31412 0.0034639 -0.043948 0.052567 -0.054196 0.036363 -0.036544 0.049589 0.036363 -0.042598 -0.18748 0.054549 0.20086 0.35137 -0.017151 0.23624 -0.20156 0.16538 -0.0071556 0.34277 0.068629 0.015398 -0.24062 0.11036 -0.055081 0.34774 0.013594 -0.046159 -0.15537 -0.23507 -0.29729 0.066088 -0.27287 -0.27919 -0.16739 -0.10696 -0.60561 0.046132 -0.15815 -0.59211 -0.22867 -0.12467 -0.67415 0.029145 -0.19984 -0.67441 -0.058367 -0.37384 0.45825
-0.12658 -0.18393 0.3001 0.16158 -0.20112 0.27474 0.015469 -0.26412 0.31227 0.0032783 -0.044297 0.052268 -0.054401 0.036289 -0.036314 0.049825 0.036289 -0.04237 -0.18513 0.050014 0.18768 0.35067 -0.018138 0.23674 -0.20199 0.17689 -0.01246 0.34334 0.069808 0.016775 -0.24275 0.12283 -0.060245 0.34874 0.015714 -0.045517 -0.15623 -0.23473 -0.29741 0.066306 -0.27244 -0.27991 -0.16706 -0.1024 -0.60366 0.047967 -0.1546 -0.5918 -0.22871 -0.11974 -0.67191 0.031896 -0.19741 -0.67332 -0.058314 -0.37576 0.45719
-0.12693 -0.18373 0.29897 0.15993 -0.20249 0.273 0.014022 -0.26585 0.31085 0.0030185 -0.044619 0.052004 -0.054659 0.036106 -0.036106 0.050187 0.036106 -0.042093 -0.18303 0.047067 0.17826 0.35034 -0.020072 0.23769 -0.20122 0.18494 -0.015234 0.34429 0.069973 0.018392 -0.24353 0.13083 -0.062969 0.35 0.01712 -0.04486 -0.15802 -0.23428 -0.29752 0.066053 -0.27217 -0.28061 -0.16758 -0.097442 -0.60171 0.049574 -0.15138 -0.59148 -0.22968 -0.115 -0.66948 0.034606 -0.19636 -0.67185 -0.058938 -0.37647 0.45695
-0.12713 -0.183 0.29798 0.15855 -0.20403 0.27144 0.012676 -0.26704 0.3099 0.0027753 -0.044879 0.051796 -0.054905 0.035861 -0.035976 0.050536 0.035861 -0.041891 -0.18061 0.045164 0.1714 0.34964 -0.021849 0.23778 -0.19941 0.1906 -0.016171 0.34553 0.070856 0.019437 -0.24277 0.13742 -0.064802 0.35158 0.019439 -0.044929 -0.16007 -0.23263 -0.29871 0.06557 -0.2709 -0.28251 -0.16854 -0.091456 -0.60099 0.050935 -0.1473 -0.59236 -0.23107 -0.10974 -0.66819 0.036986 -0.1946 -0.67164 -0.059768 -0.37637 0.4572
-0.12686 -0.18199 0.29714 0.15787 -0.20522 0.27029 0.011949 -0.26762 0.30943 0.0026463 -0.045043 0.051666 -0.055072 0.035598 -0.035984 0.050723 0.035598 -0.041895 -0.17725 0.043717 0.16577 0.34781 -0.02228 0.23564 -0.19673 0.19503 -0.016034 0.34696 0.074264 0.019055 -0.24029 0.14578 -0.067364 0.35352 0.024362 -0.046504 -0.16172 -0.22869 -0.30213 0.065118 -0.26746 -0.28689 -0.16952 -0.083824 -0.60281 0.052038 -0.14112 -0.59569 -0.23235 -0.10326 -0.66941 0.038737 -0.18988 -0.67439 -0.060291 -0.37592 0.45763
-0.12584 -0.18096 0.29646 0.15825 -0.20559 0.26973 0.012328 -0.26755 0.30949 0.0027227 -0.045078 0.051636 -0.055095 0.03536 -0.036186 0.050606 0.03536 -0.042228 -0.17243 0.042166 0.16009 0.34416 -0.020255 0.23002 -0.19341 0.19936 -0.015561 0.34846 0.081859 0.016451 -0.23596 0.15896 -0.07214 0.35585 0.033451 -0.050309 -0.16231 -0.22144 -0.3088 0.064949 -0.26075 -0.29491 -0.17012 -0.074008 -0.60835 0.052876 -0.1317 -0.60262 -0.23301 -0.094924 -0.67443 0.039573 -0.18013 -0.68168 -0.060008 -0.37554 0.45791
-0.12412 -0.18001 0.29587 0.15961 -0.20509 0.2697 0.013771 -0.26689 0.30999 0.0029965 -0.04499 0.051698 -0.054984 0.035155 -0.036558 0.050207 0.035155 -0.042859 -0.16651 0.040451 0.15415 0.33893 -0.015952 0.22138 -0.18983 0.2039 -0.015049 0.34983 0.092954 0.01179 -0.2306 0.17691 -0.078468 0.35838 0.046135 -0.056153 -0.16178 -0.21143 -0.31821 0.065131 -0.25121 -0.30601 -0.17027 -0.062678 -0.61713 0.053533 -0.1196 -0.61265 -0.23301 -0.085218 -0.68281 0.039527 -0.16568 -0.693 -0.058668 -0.37539 0.45804
-0.12203 -0.1791 0.29527 0.1615 -0.2041 0.26985 0.015807 -0.26584 0.3108 0.0033786 -0.044821 0.051821 -0.054806 0.034957 -0.037015 0.049678 0.034957 -0.04363 -0.16065 0.038911 0.1486 0.33315 -0.010596 0.21161 -0.18654 0.20835 -0.014441 0.35077 0.10495 0.0060216 -0.22575 0.19715 -0.083934 0.36073 0.060107 -0.063101 -0.16057 -0.20045 -0.32854 0.065583 -0.24051 -0.3182 -0.1702 -0.051481 -0.62729 0.054161 -0.10669 -0.62389 -0.23265 -0.075527 -0.69272 0.038881 -0.14882 -0.70611 -0.056219 -0.37546 0.45823
-0.11989 -0.1782 0.29452 0.16343 -0.20295 0.26987 0.017953 -0.26456 0.31177 0.0037778 -0.044612 0.051972 -0.054629 0.034743 -0.037469 0.049174 0.034743 -0.044379 -0.156 0.037901 0.14411 0.32789 -0.005444 0.20266 -0.18411 0.21239 -0.013668 0.351 0.11519 0.00011826 -0.22299 0.2171 -0.086074 0.3625 0.07301 -0.070197 -0.15914 -0.19032 -0.33795 0.066218 -0.23037 -0.32946 -0.17015 -0.042095 -0.63696 0.054918 -0.094919 -0.63444 -0.23227 -0.067263 -0.7023 0.037929 -0.13191 -0.71873 -0.052616 -0.3757 0.45871
-0.11803 -0.17727 0.29355 0.16497 -0.20196 0.26945 0.019765 -0.26324 0.31276 0.0041106 -0.044402 0.052123 -0.054516 0.034493 -0.037839 0.048833 0.034493 -0.04496 -0.15356 0.037746 0.14129 0.32404 -0.0016192 0.19618 -0.183 0.21571 -0.012676 0.35028 0.12138 -0.0050569 -0.22363 0.23441 -0.08276 0.36336 0.082761 -0.076592 -0.15791 -0.18267 -0.34481 0.066943 -0.22231 -0.33799 -0.17033 -0.035965 -0.64445 0.055927 -0.086 -0.6426 -0.23215 -0.061642 -0.70987 0.036951 -0.11715 -0.7288 -0.047869 -0.37608 0.45967
-0.11648 -0.17628 0.29249 0.16591 -0.20094 0.26845 0.021184 -0.26196 0.31373 0.0043652 -0.044208 0.052264 -0.054478 0.034226 -0.038107 0.04863 0.034226 -0.045385 -0.15282 0.038517 0.14016 0.32129 0.00095798 0.19141 -0.18277 0.21836 -0.011542 0.34876 0.12443 -0.0096269 -0.22657 0.24865 -0.074935 0.36333 0.089753 -0.082412 -0.15701 -0.17711 -0.3494 0.067576 -0.21612 -0.34401 -0.17073 -0.032436 -0.64993 0.057021 -0.079626 -0.64854 -0.23232 -0.058097 -0.71557 0.036117 -0.10532 -0.7362 -0.042496 -0.37643 0.46105
-0.11513 -0.17522 0.29161 0.16613 -0.19944 0.26685 0.022351 -0.26073 0.31466 0.004568 -0.044033 0.052393 -0.054497 0.033986 -0.038289 0.048457 0.033986 -0.045745 -0.15244 0.040146 0.14041 0.31864 0.0030098 0.1863 -0.1825 0.22057 -0.010416 0.3468 0.12698 -0.014242 -0.22944 0.26046 -0.065178 0.36264 0.095704 -0.088304 -0.15646 -0.17216 -0.35304 0.067895 -0.21069 -0.34881 -0.17125 -0.029728 -0.65459 0.057876 -0.074413 -0.65345 -0.23264 -0.055112 -0.72052 0.035544 -0.096495 -0.74186 -0.037285 -0.37653 0.46267
-0.11387 -0.17407 0.29116 0.16556 -0.19702 0.26462 0.023408 -0.25958 0.31557 0.004746 -0.043879 0.052512 -0.054554 0.033816 -0.038402 0.048202 0.033816 -0.046132 -0.15109 0.042568 0.14174 0.31509 0.0052644 0.17878 -0.18127 0.22257 -0.0094473 0.34477 0.13166 -0.019556 -0.22985 0.27048 -0.056085 0.36155 0.10234 -0.09492 -0.15626 -0.16635 -0.35702 0.067673 -0.20489 -0.35369 -0.17177 -0.026054 -0.65961 0.058167 -0.068964 -0.65852 -0.23298 -0.05116 -0.72582 0.035345 -0.090707 -0.7467 -0.033027 -0.37617 0.46433
-0.11267 -0.17274 0.29137 0.16413 -0.19342 0.26181 0.024416 -0.25847 0.31648 0.0049111 -0.04374 0.052627 -0.054615 0.033736 -0.03849 0.047791 0.033736 -0.046615 -0.14783 0.045648 0.14372 0.30979 0.0080879 0.16718 -0.17833 0.22454 -0.0088497 0.34295 0.14023 -0.026229 -0.22582 0.2792 -0.049959 0.36024 0.1109 -0.10288 -0.15638 -0.15831 -0.36249 0.066756 -0.19769 -0.35976 -0.17218 -0.019854 -0.66604 0.057668 -0.062085 -0.66478 -0.23322 -0.044882 -0.73245 0.035592 -0.087813 -0.75156 -0.030398 -0.37509 0.46594
-0.11176 -0.1708 0.29214 0.162 -0.18954 0.25893 0.024965 -0.25705 0.31765 0.0049948 -0.043549 0.05279 -0.054537 0.033654 -0.03876 0.047346 0.033654 -0.047135 -0.14381 0.048885 0.14535 0.30263 0.0098539 0.15197 -0.17396 0.22633 -0.0091919 0.34107 0.14943 -0.03494 -0.21761 0.28651 -0.047496 0.35865 0.1199 -0.11262 -0.1567 -0.14711 -0.36954 0.065374 -0.18867 -0.36704 -0.17237 -0.010839 -0.67417 0.056693 -0.053677 -0.67238 -0.23327 -0.035846 -0.74073 0.036126 -0.086614 -0.75669 -0.029435 -0.37293 0.46789
-0.11151 -0.16769 0.29326 0.1594 -0.18663 0.25663 0.02449 -0.25487 0.31943 0.0049008 -0.04322 0.053066 -0.054144 0.033435 -0.039473 0.047053 0.033435 -0.047585 -0.14092 0.051652 0.14538 0.29378 0.0082556 0.13439 -0.16876 0.22772 -0.011164 0.3387 0.15431 -0.046377 -0.20622 0.29202 -0.048844 0.35663 0.1269 -0.12454 -0.15707 -0.13201 -0.37789 0.063887 -0.17759 -0.37515 -0.17227 0.00084482 -0.68402 0.055743 -0.044018 -0.68112 -0.23311 -0.023933 -0.75072 0.03671 -0.085551 -0.76218 -0.029958 -0.36926 0.47074
-0.11225 -0.16284 0.29453 0.15655 -0.18597 0.25558 0.022422 -0.25145 0.32214 0.0045326 -0.042668 0.053518 -0.05326 0.032946 -0.04089 0.047102 0.032946 -0.047863 -0.14105 0.053323 0.14261 0.28337 0.00098561 0.11564 -0.16337 0.22847 -0.015455 0.33539 0.14992 -0.061228 -0.19267 0.29537 -0.05415 0.35404 0.12949 -0.13899 -0.15732 -0.11225 -0.38728 0.062657 -0.16423 -0.38373 -0.17176 0.015054 -0.69561 0.055319 -0.033383 -0.69084 -0.23266 -0.0090261 -0.76249 0.037108 -0.083067 -0.76808 -0.031788 -0.36367 0.47505
-0.11411 -0.15607 0.29575 0.1537 -0.18823 0.25611 0.018586 -0.24661 0.32593 0.0038602 -0.041855 0.054174 -0.051824 0.032122 -0.043106 0.047592 0.032122 -0.047907 -0.14531 0.053498 0.1364 0.2718 -0.013013 0.096914 -0.15841 0.22833 -0.022444 0.33089 0.13354 -0.079598 -0.1782 0.29633 -0.063221 0.35075 0.12632 -0.15593 -0.15732 -0.087986 -0.39729 0.061994 -0.14878 -0.39237 -0.17083 0.031211 -0.70864 0.055769 -0.022205 -0.7012 -0.23193 0.008423 -0.77575 0.03719 -0.078172 -0.77434 -0.034571 -0.35611 0.48104
-0.11638 -0.14856 0.29673 0.15116 -0.19207 0.25747 0.014139 -0.24097 0.33029 0.0030786 -0.040913 0.054927 -0.050172 0.031135 -0.045644 0.048326 0.031135 -0.04781 -0.1522 0.052554 0.1282 0.26013 -0.030527 0.07923 -0.15464 0.22695 -0.031438 0.32551 0.11006 -0.099599 -0.16487 0.29513 -0.074708 0.34679 0.11967 -0.17379 -0.15702 -0.062456 -0.40691 0.062035 -0.13289 -0.40044 -0.16969 0.04726 -0.72168 0.056919 -0.011439 -0.71132 -0.23104 0.026019 -0.78905 0.0372 -0.07182 -0.78054 -0.037361 -0.34781 0.48775
-0.11817 -0.14172 0.29727 0.14924 -0.1957 0.25866 0.010524 -0.23537 0.33453 0.0024315 -0.040009 0.055641 -0.048724 0.030206 -0.047906 0.049042 0.030206 -0.047694 -0.15964 0.051034 0.11992 0.24961 -0.047429 0.063594 -0.15283 0.22399 -0.041519 0.3197 0.086035 -0.11892 -0.15489 0.29207 -0.087014 0.34218 0.1126 -0.19067 -0.15637 -0.039554 -0.41502 0.062881 -0.11853 -0.40732 -0.1686 0.06083 -0.73305 0.058487 -0.0021536 -0.72018 -0.23016 0.040952 -0.80066 0.037458 -0.065379 -0.78615 -0.039084 -0.34026 0.49397
-0.1186 -0.13699 0.29719 0.14827 -0.19735 0.25868 0.0091806 -0.23064 0.33802 0.0021615 -0.039308 0.056182 -0.047899 0.029557 -0.049297 0.04948 0.029557 -0.047685 -0.16558 0.049477 0.11345 0.24148 -0.059603 0.051002 -0.15375 0.21909 -0.051771 0.31392 0.067976 -0.13526 -0.15046 0.28748 -0.098546 0.33694 0.10818 -0.20469 -0.15534 -0.023166 -0.42051 0.064631 -0.10764 -0.41234 -0.16782 0.06956 -0.74108 0.060189 0.004586 -0.7268 -0.22945 0.05042 -0.80889 0.038286 -0.060213 -0.79065 -0.038669 -0.33495 0.4985
-0.11726 -0.13516 0.29663 0.14862 -0.19614 0.25728 0.010896 -0.2272 0.34038 0.0024074 -0.038885 0.056486 -0.047914 0.029277 -0.049522 0.049491 0.029277 -0.047871 -0.1689 0.047854 0.10983 0.23648 -0.065003 0.042047 -0.15777 0.2116 -0.061592 0.30851 0.059018 -0.14733 -0.15273 0.28083 -0.10857 0.33109 0.1072 -0.21498 -0.15391 -0.015088 -0.42291 0.067248 -0.10095 -0.41534 -0.16749 0.07248 -0.74502 0.061783 0.0085197 -0.7308 -0.22896 0.053208 -0.81295 0.039839 -0.056963 -0.79383 -0.035404 -0.33246 0.50083
-0.11471 -0.13565 0.29644 0.15081 -0.19313 0.2558 0.015045 -0.22462 0.34192 0.0030817 -0.038609 0.056642 -0.048548 0.029169 -0.048942 0.049166 0.029169 -0.048272 -0.17051 0.044894 0.10827 0.23432 -0.066055 0.036439 -0.16442 0.20023 -0.071068 0.3036 0.05496 -0.15609 -0.16053 0.26973 -0.11823 0.3246 0.10557 -0.22288 -0.15211 -0.01259 -0.42325 0.070402 -0.096564 -0.41716 -0.16741 0.071642 -0.74616 0.063118 0.011129 -0.73319 -0.22855 0.051535 -0.81415 0.041911 -0.054701 -0.79611 -0.029353 -0.33137 0.50199
-0.11167 -0.13767 0.29757 0.15536 -0.18962 0.2558 0.020822 -0.22236 0.34302 0.0040676 -0.038324 0.056759 -0.049525 0.028998 -0.048002 0.04863 0.028998 -0.048896 -0.17162 0.039166 0.10775 0.23457 -0.065775 0.033774 -0.17311 0.18362 -0.080374 0.29928 0.050641 -0.16275 -0.17238 0.25155 -0.1289 0.31741 0.098553 -0.23001 -0.14998 -0.01235 -0.4227 0.073723 -0.092225 -0.41878 -0.16739 0.069495 -0.74601 0.064056 0.014122 -0.73517 -0.22803 0.048073 -0.81404 0.044251 -0.052292 -0.79799 -0.020684 -0.33002 0.50318
-0.10883 -0.14046 0.30096 0.16277 -0.18692 0.25881 0.02742 -0.21987 0.34408 0.0052486 -0.037877 0.056943 -0.050567 0.028535 -0.047143 0.048007 0.028535 -0.049751 -0.17339 0.029269 0.10726 0.2368 -0.067143 0.033648 -0.18324 0.16044 -0.089678 0.29566 0.040968 -0.16855 -0.18681 0.22375 -0.14193 0.30951 0.081514 -0.23799 -0.14756 -0.011082 -0.42244 0.076844 -0.085714 -0.42116 -0.16721 0.068459 -0.7461 0.06446 0.019183 -0.7379 -0.22721 0.045462 -0.81416 0.046606 -0.048612 -0.79999 -0.0095713 -0.32674 0.5056
-0.1065 -0.14347 0.30689 0.17282 -0.18557 0.26527 0.034255 -0.21688 0.3453 0.0065318 -0.037194 0.057248 -0.05151 0.027715 -0.046588 0.047355 0.027715 -0.050809 -0.17618 0.015105 0.10646 0.24055 -0.071544 0.035617 -0.19398 0.13112 -0.098708 0.29274 0.023905 -0.17396 -0.20222 0.18652 -0.15715 0.30119 0.053727 -0.24709 -0.14494 -0.0072244 -0.42304 0.079524 -0.076253 -0.42466 -0.16678 0.069676 -0.74715 0.064311 0.026856 -0.74184 -0.22605 0.045022 -0.81525 0.048655 -0.042958 -0.80256 0.0034284 -0.32089 0.50969
-0.10443 -0.14642 0.31472 0.18422 -0.18508 0.27409 0.041048 -0.21342 0.3467 0.0078577 -0.036314 0.057644 -0.052342 0.026706 -0.04625 0.046647 0.026706 -0.051991 -0.17924 -0.0015755 0.10597 0.24537 -0.078115 0.039188 -0.20411 0.098578 -0.10658 0.29036 0.0017396 -0.17838 -0.21684 0.14402 -0.17226 0.29323 0.020011 -0.25575 -0.14229 -0.0016459 -0.42414 0.081707 -0.065104 -0.42875 -0.16617 0.072482 -0.74877 0.06376 0.03607 -0.74641 -0.22467 0.046199 -0.81692 0.049984 -0.035221 -0.8061 0.017221 -0.31324 0.51478
-0.10234 -0.14908 0.32375 0.19564 -0.18487 0.28405 0.047544 -0.20959 0.34826 0.009169 -0.035287 0.058098 -0.053064 0.025696 -0.046019 0.045847 0.025696 -0.053215 -0.1817 -0.018885 0.10647 0.25079 -0.085821 0.04386 -0.2124 0.06592 -0.11235 0.28839 -0.022914 -0.18116 -0.2289 0.10068 -0.1848 0.28643 -0.014393 -0.26229 -0.13977 0.0045997 -0.42535 0.083349 -0.053684 -0.43283 -0.16547 0.076077 -0.75048 0.062967 0.045632 -0.75095 -0.22323 0.048302 -0.81868 0.050172 -0.025337 -0.811 0.030671 -0.30468 0.52013
-0.099963 -0.1512 0.33326 0.20573 -0.18436 0.29399 0.053494 -0.20545 0.34997 0.010409 -0.03416 0.058576 -0.053677 0.024865 -0.04579 0.044925 0.024865 -0.054399 -0.18274 -0.034987 0.10861 0.25634 -0.093643 0.049137 -0.21766 0.036142 -0.11516 0.28667 -0.047504 -0.18166 -0.23669 0.06079 -0.19239 0.28158 -0.044432 -0.26508 -0.13757 0.010494 -0.42628 0.084403 -0.043356 -0.43632 -0.16475 0.079684 -0.75182 0.062085 0.054395 -0.75482 -0.22186 0.050658 -0.82007 0.048815 -0.013256 -0.8176 0.042679 -0.29604 0.52501
-0.097289 -0.15244 0.34265 0.21396 -0.18293 0.30321 0.058766 -0.20077 0.35194 0.011532 -0.032942 0.059072 -0.054189 0.024222 -0.045545 0.043938 0.024222 -0.055488 -0.18223 -0.049103 0.1122 0.26157 -0.10088 0.054551 -0.21974 0.0098681 -0.11518 0.28493 -0.07077 -0.17996 -0.23984 0.025607 -0.19492 0.27846 -0.068826 -0.26399 -0.13578 0.015743 -0.42681 0.08481 -0.034389 -0.43904 -0.16415 0.083041 -0.75265 0.061066 0.062139 -0.75782 -0.2207 0.053 -0.82094 0.045874 0.00076684 -0.82554 0.052857 -0.28742 0.5293
-0.094582 -0.15236 0.35135 0.22047 -0.17987 0.31152 0.06334 -0.19501 0.35437 0.0125 -0.031607 0.059602 -0.054616 0.023619 -0.045349 0.043027 0.023619 -0.056451 -0.18072 -0.061445 0.1163 0.26604 -0.10711 0.059666 -0.21943 -0.014482 -0.11362 0.28282 -0.092651 -0.17677 -0.23924 -0.0064355 -0.19429 0.27599 -0.089818 -0.26034 -0.13444 0.020727 -0.42703 0.084499 -0.026035 -0.44116 -0.16379 0.086363 -0.75312 0.059673 0.069508 -0.76015 -0.21982 0.055441 -0.82144 0.041651 0.016195 -0.83376 0.061482 -0.2782 0.53342
-0.092108 -0.15053 0.35883 0.22546 -0.17447 0.31871 0.067196 -0.18765 0.35748 0.013276 -0.030129 0.060185 -0.054972 0.022902 -0.045268 0.042334 0.022902 -0.057259 -0.17874 -0.072261 0.1199 0.26933 -0.11195 0.064044 -0.21754 -0.038576 -0.11172 0.27996 -0.11313 -0.17283 -0.23583 -0.037013 -0.19254 0.27301 -0.10979 -0.25547 -0.1336 0.025851 -0.42708 0.083395 -0.017504 -0.44287 -0.16383 0.089884 -0.75339 0.057663 0.07718 -0.76203 -0.21933 0.058109 -0.82174 0.036462 0.032481 -0.84118 0.068858 -0.26773 0.53781
-0.090116 -0.14656 0.36458 0.22909 -0.16615 0.32461 0.070321 -0.17823 0.36146 0.013829 -0.028487 0.060836 -0.055274 0.021926 -0.045364 0.041991 0.021926 -0.057885 -0.17684 -0.081799 0.12208 0.27102 -0.11507 0.067285 -0.21488 -0.063953 -0.11063 0.27603 -0.13224 -0.16884 -0.2305 -0.067692 -0.19151 0.26848 -0.13097 -0.25063 -0.13329 0.03148 -0.42708 0.081446 -0.0080829 -0.44434 -0.16438 0.093823 -0.75363 0.054831 0.085768 -0.76367 -0.21931 0.061131 -0.822 0.030628 0.049074 -0.8468 0.075263 -0.25544 0.54286
-0.088655 -0.1406 0.3685 0.23151 -0.15535 0.32916 0.072727 -0.16702 0.36614 0.014165 -0.026734 0.061534 -0.055549 0.02067 -0.045608 0.041993 0.02067 -0.05834 -0.17523 -0.090275 0.12272 0.27111 -0.11693 0.069368 -0.21189 -0.090755 -0.11041 0.27098 -0.15043 -0.16492 -0.22403 -0.098831 -0.19146 0.26218 -0.15408 -0.24605 -0.13332 0.037524 -0.42706 0.078821 0.0021329 -0.44562 -0.16535 0.098273 -0.75383 0.051374 0.095207 -0.7651 -0.21969 0.064645 -0.82221 0.024554 0.065393 -0.85046 0.080725 -0.24157 0.54852
-0.08765 -0.13313 0.37071 0.23281 -0.14323 0.33238 0.074445 -0.15481 0.37116 0.014319 -0.024969 0.062239 -0.055826 0.019182 -0.045921 0.042249 0.019182 -0.058661 -0.17392 -0.09789 0.12213 0.26982 -0.1185 0.070508 -0.20883 -0.11827 -0.11048 0.26498 -0.1684 -0.16086 -0.21707 -0.13005 -0.19167 0.25445 -0.17891 -0.24128 -0.13343 0.043612 -0.42702 0.075827 0.012548 -0.44666 -0.16653 0.10324 -0.7539 0.04774 0.10501 -0.76627 -0.22035 0.068794 -0.82228 0.018695 0.080842 -0.85252 0.085116 -0.22684 0.55444
-0.087024 -0.12462 0.37137 0.23308 -0.1309 0.33427 0.075504 -0.14235 0.37616 0.014322 -0.023288 0.062908 -0.056139 0.017516 -0.04622 0.04267 0.017516 -0.058884 -0.17295 -0.10485 0.12068 0.2674 -0.12074 0.070923 -0.20593 -0.14576 -0.11025 0.25819 -0.18687 -0.15643 -0.21026 -0.16094 -0.19139 0.24561 -0.20521 -0.23591 -0.13333 0.049371 -0.42695 0.072773 0.022559 -0.44744 -0.16768 0.10874 -0.75373 0.044379 0.11468 -0.76712 -0.22113 0.073723 -0.82213 0.013506 0.09482 -0.85332 0.088303 -0.21199 0.56027
-0.086701 -0.11556 0.37062 0.23244 -0.11952 0.33486 0.075935 -0.13042 0.38075 0.01421 -0.021791 0.063501 -0.056519 0.01572 -0.046426 0.043165 0.01572 -0.059044 -0.17234 -0.11134 0.11871 0.26406 -0.12462 0.070833 -0.20342 -0.17251 -0.10913 0.25079 -0.20654 -0.15142 -0.20427 -0.19113 -0.18988 0.236 -0.23277 -0.2295 -0.13274 0.054426 -0.42684 0.069968 0.031565 -0.44789 -0.16858 0.11477 -0.75325 0.041742 0.12372 -0.76758 -0.22189 0.079573 -0.82166 0.0094424 0.10673 -0.85324 0.090158 -0.19775 0.56567
-0.086605 -0.10643 0.3686 0.23096 -0.11022 0.33415 0.075768 -0.11978 0.38459 0.014014 -0.020577 0.063974 -0.056997 0.013848 -0.046457 0.043643 0.013848 -0.059177 -0.17211 -0.11758 0.11655 0.26005 -0.13109 0.070454 -0.20155 -0.19777 -0.10653 0.24292 -0.22815 -0.14559 -0.19974 -0.22021 -0.18639 0.22594 -0.26134 -0.2216 -0.13136 0.058404 -0.42669 0.06772 0.038961 -0.448 -0.16901 0.12135 -0.75235 0.040279 0.13164 -0.76759 -0.2225 0.086489 -0.82079 0.0069604 0.11597 -0.85263 0.090547 -0.18487 0.57029
-0.086657 -0.097711 0.36545 0.22876 -0.10414 0.33216 0.075033 -0.11121 0.38729 0.013769 -0.019744 0.064287 -0.057606 0.011951 -0.046232 0.044014 0.011951 -0.059319 -0.17228 -0.12375 0.11456 0.2556 -0.14114 0.070005 -0.20056 -0.22084 -0.10186 0.23477 -0.25238 -0.13874 -0.19732 -0.24778 -0.18018 0.21576 -0.29069 -0.21179 -0.12893 0.060929 -0.42649 0.066339 0.044146 -0.4477 -0.16874 0.12847 -0.75095 0.040442 0.13795 -0.76709 -0.2228 0.094614 -0.81941 0.0065154 0.12195 -0.85186 0.089341 -0.17407 0.57377
-0.086782 -0.089884 0.36132 0.22594 -0.10241 0.3289 0.073761 -0.10548 0.38848 0.013508 -0.019391 0.064398 -0.058376 0.010079 -0.045669 0.044187 0.010079 -0.059506 -0.17287 -0.13007 0.11308 0.25093 -0.15572 0.069705 -0.20069 -0.24097 -0.094518 0.22649 -0.27997 -0.13063 -0.19767 -0.27347 -0.17051 0.20579 -0.32059 -0.19963 -0.12515 0.061628 -0.42623 0.066133 0.046518 -0.44698 -0.16755 0.13617 -0.74893 0.04268 0.14216 -0.76603 -0.22266 0.10409 -0.81745 0.0085627 0.12406 -0.85129 0.086409 -0.16609 0.57578
