-0.13043 -0.04428 0.3138 0.14213 -0.018995 0.32338 0.0028236 -0.032119 0.40787 0.00015789 -0.0094614 0.067941 -0.052177 0.0024925 -0.053539 0.051399 0.0024925 -0.054286 -0.3647 -0.15965 0.26423 0.39714 -0.08285 0.28411 -0.53623 -0.31802 0.30506 0.60342 -0.19808 0.3025 -0.61473 -0.31221 0.2797 0.66555 -0.23975 0.33776 -0.040153 0.091435 -0.43287 0.03141 0.09093 -0.43339 -0.045006 0.11883 -0.7656 -0.0087498 0.13444 -0.762 -0.099278 0.095323 -0.83815 0.015968 0.095611 -0.8435 0.009098 -0.05543 0.60366
-0.13774 -0.056301 0.32484 0.14817 -0.032051 0.33667 0.0014272 -0.036004 0.40758 0.00014416 -0.0098214 0.067892 -0.05086 0.0026445 -0.054813 0.050287 0.0026445 -0.055316 -0.3459 -0.19857 0.4049 0.39245 -0.1201 0.40774 -0.48915 -0.36012 0.5104 0.57161 -0.25468 0.50089 -0.53461 -0.40581 0.55196 0.59452 -0.30517 0.56014 -0.040077 0.088169 -0.43496 0.028331 0.087505 -0.43514 -0.043747 0.11563 -0.76771 -0.01175 0.1305 -0.76382 -0.10328 0.099703 -0.83811 0.03243 0.15648 -0.83415 0.0079328 -0.056905 0.60367
-0.14461 -0.060924 0.33883 0.15154 -0.042623 0.33977 0.0023955 -0.037025 0.40751 0.00056172 -0.0093748 0.067949 -0.052971 0.0017579 -0.052776 0.050611 0.0017579 -0.055043 -0.29757 -0.21032 0.49785 0.33199 -0.15694 0.4929 -0.36066 -0.36791 0.65929 0.42954 -0.3073 0.63781 -0.38438 -0.4153 0.72639 0.4499 -0.36012 0.69865 -0.041215 0.08641 -0.43309 0.031368 0.085025 -0.43535 -0.043464 0.11407 -0.76583 -0.0078047 0.12867 -0.76406 -0.10154 0.096162 -0.83699 0.040787 0.17128 -0.83927 0.0073216 -0.051153 0.60417
-0.15181 -0.06565 0.36186 0.15551 -0.050363 0.35478 0.0018789 -0.035256 0.40772 0.00078627 -0.0084581 0.068071 -0.053236 0.0013958 -0.052498 0.050564 0.0013958 -0.055108 -0.24287 -0.21781 0.55971 0.28113 -0.18423 0.5487 -0.22162 -0.35058 0.7557 0.29729 -0.34489 0.72873 -0.23246 -0.3841 0.82991 0.31484 -0.39701 0.79081 -0.040846 0.086475 -0.4327 0.034074 0.084488 -0.43559 -0.041634 0.11443 -0.76543 -0.0046417 0.12836 -0.76433 -0.096264 0.091404 -0.83789 0.034115 0.13819 -0.84543 0.0064403 -0.043116 0.60479
-0.15466 -0.07138 0.38844 0.16217 -0.057023 0.38786 0.0022626 -0.030301 0.40812 0.0011292 -0.0073943 0.06819 -0.050588 0.0018033 -0.055051 0.048988 0.0018033 -0.056502 -0.19524 -0.2271 0.59993 0.26432 -0.19883 0.58882 -0.11686 -0.31497 0.80572 0.20881 -0.34752 0.7705 -0.12186 -0.34129 0.88383 0.19835 -0.39315 0.83901 -0.040712 0.086875 -0.43533 0.033794 0.085852 -0.43683 -0.040284 0.11649 -0.76792 -0.0052286 0.1294 -0.76557 -0.092131 0.088833 -0.84078 0.014229 0.079266 -0.84044 0.0065583 -0.034421 0.60531
-0.14415 -0.069219 0.39599 0.16902 -0.066882 0.41701 0.012332 -0.022226 0.40842 0.0029535 -0.0064894 0.068218 -0.050564 0.001185 -0.055162 0.046202 0.001185 -0.058795 -0.15193 -0.21783 0.61639 0.23748 -0.208 0.63015 -0.042074 -0.2669 0.82068 0.068224 -0.29432 0.74327 -0.046685 -0.29129 0.8998 0.014949 -0.32046 0.80397 -0.04814 0.083937 -0.43605 0.034484 0.08735 -0.43877 -0.047093 0.11917 -0.76807 -0.0043198 0.13224 -0.76735 -0.095565 0.086015 -0.84094 -0.0015282 0.053106 -0.82134 0.010934 -0.021779 0.60572
-0.14643 -0.067367 0.39338 0.16088 -0.075028 0.43521 0.0088531 -0.018864 0.40856 0.0033075 -0.0060876 0.068245 -0.049934 0.00067548 -0.055572 0.043831 0.00067548 -0.060619 -0.12498 -0.20453 0.62014 0.21777 -0.21102 0.65704 0.0017512 -0.23118 0.81844 -0.010068 -0.25725 0.73764 -0.0020524 -0.25568 0.89703 -0.043247 -0.28671 0.79618 -0.053003 0.081575 -0.43688 0.035873 0.088871 -0.44023 -0.05169 0.12208 -0.76832 -0.0024595 0.13565 -0.76861 -0.095816 0.08356 -0.84132 -0.0038885 0.061539 -0.82341 0.011116 -0.010537 0.60549
-0.16098 -0.072279 0.39032 0.14703 -0.070613 0.43018 -0.0067084 -0.020792 0.40859 0.0019131 -0.0061091 0.068299 -0.046739 0.0010972 -0.058469 0.042846 0.0010972 -0.061302 -0.1139 -0.19193 0.62276 0.22721 -0.19858 0.64882 0.026063 -0.20715 0.81364 0.035666 -0.26283 0.7696 0.018969 -0.23231 0.89233 0.04841 -0.31017 0.8377 -0.052772 0.081504 -0.43985 0.036099 0.090474 -0.44066 -0.05181 0.12405 -0.77102 -0.0023992 0.13808 -0.7689 -0.093159 0.081602 -0.84347 0.0081149 0.085476 -0.84585 0.0066468 -0.0044335 0.60477
-0.16153 -0.075401 0.39051 0.15108 -0.052333 0.39978 -0.0081089 -0.020303 0.40858 0.0017952 -0.0060193 0.068311 -0.045932 0.0011644 -0.059413 0.042528 0.0011644 -0.061525 -0.099115 -0.16789 0.63083 0.25135 -0.17241 0.61457 0.044782 -0.18039 0.81997 0.1143 -0.27244 0.77506 0.032519 -0.20499 0.89936 0.088379 -0.30887 0.84282 -0.054237 0.081016 -0.44091 0.035589 0.091101 -0.44075 -0.053661 0.12424 -0.77201 -0.0031781 0.1389 -0.76893 -0.096471 0.080042 -0.84253 0.029861 0.11131 -0.85212 0.0060655 -0.0013467 0.60447
-0.16241 -0.055584 0.41007 0.15577 -0.047589 0.39697 -0.0048633 -0.016242 0.40878 0.0027225 -0.0053553 0.068331 -0.055378 -0.0013628 -0.049227 0.041185 -0.0013628 -0.062455 -0.071219 -0.14385 0.64834 0.24513 -0.17154 0.61493 0.027467 -0.18708 0.85688 0.12732 -0.2914 0.79375 0.050796 -0.20552 0.93268 0.058793 -0.31823 0.84216 -0.050048 0.080279 -0.43019 0.039476 0.088976 -0.44162 -0.045946 0.12555 -0.76097 0.0037393 0.13926 -0.76977 -0.090524 0.082651 -0.83124 0.053254 0.13456 -0.84918 0.0077839 0.0021655 0.60476
-0.15801 -0.034789 0.42491 0.16416 -0.039897 0.39905 0.0038316 -0.012996 0.40888 0.00407 -0.0044192 0.068333 -0.060633 -0.0029986 -0.043895 0.042999 -0.0029986 -0.061046 -0.10791 -0.14436 0.65429 0.26001 -0.15767 0.61586 -0.086721 -0.22195 0.87775 0.21183 -0.28468 0.79775 -0.061762 -0.24303 0.94828 0.1629 -0.3186 0.84362 -0.043153 0.083595 -0.42362 0.044701 0.090542 -0.43945 -0.037462 0.12846 -0.75443 0.0098644 0.14172 -0.76755 -0.080455 0.08509 -0.82531 0.0619 0.14769 -0.84465 0.014765 0.0045948 0.60506
-0.14488 -0.029887 0.42037 0.17787 -0.017678 0.37834 0.017365 -0.012612 0.40866 0.0052936 -0.0036177 0.068297 -0.055445 -0.0018021 -0.050172 0.04768 -0.0018021 -0.057601 -0.21068 -0.16007 0.64212 0.31712 -0.11171 0.5842 -0.255 -0.24793 0.85771 0.38916 -0.24404 0.76654 -0.28814 -0.28044 0.92575 0.40308 -0.28657 0.83564 -0.039179 0.090085 -0.42864 0.046652 0.097097 -0.43464 -0.036427 0.13127 -0.75998 0.0085388 0.14595 -0.76274 -0.075522 0.084366 -0.83091 0.058192 0.1581 -0.84106 0.025714 0.0047567 0.60498
-0.13955 -0.021233 0.41945 0.18017 -0.0071494 0.36145 0.023365 -0.01171 0.40844 0.0058606 -0.0030332 0.06828 -0.056978 -0.0014725 -0.048412 0.047081 -0.0014725 -0.058126 -0.25085 -0.14412 0.63254 0.34019 -0.088989 0.55863 -0.32724 -0.23548 0.83786 0.4233 -0.21949 0.74331 -0.37206 -0.2624 0.90524 0.46205 -0.24992 0.81372 -0.037481 0.091868 -0.42635 0.045682 0.099189 -0.43471 -0.034558 0.13223 -0.7578 0.0076896 0.14798 -0.76284 -0.072378 0.084739 -0.82906 0.063319 0.1762 -0.8388 0.030706 0.0050055 0.60486
-0.13919 -0.014337 0.40921 0.1774 -0.0034261 0.3525 0.024174 -0.012099 0.40835 0.0055716 -0.0031406 0.068297 -0.057331 -0.00092176 -0.048 0.046497 -0.00092176 -0.058572 -0.28649 -0.12388 0.59688 0.35719 -0.068594 0.53579 -0.39156 -0.21243 0.79036 0.45543 -0.18815 0.71158 -0.44113 -0.23217 0.85255 0.49007 -0.22157 0.77681 -0.037205 0.094187 -0.42548 0.042794 0.10025 -0.43499 -0.033912 0.13227 -0.75718 0.0055543 0.14949 -0.76313 -0.070973 0.084276 -0.82848 0.043738 0.1308 -0.8361 0.030519 0.0039378 0.60487
-0.13873 -0.012147 0.39378 0.17574 -0.00073853 0.34813 0.024272 -0.013264 0.40833 0.0050707 -0.0035983 0.068314 -0.054754 -6.2259e-05 -0.050986 0.047468 -6.2259e-05 -0.057813 -0.319 -0.11725 0.55961 0.36953 -0.055363 0.52183 -0.42822 -0.21125 0.74641 0.49196 -0.17485 0.68595 -0.47731 -0.23102 0.80898 0.52558 -0.21174 0.75166 -0.037717 0.097367 -0.42803 0.039638 0.10165 -0.43403 -0.035223 0.13203 -0.76012 0.0024835 0.15069 -0.76221 -0.070805 0.084027 -0.83216 0.030517 0.10134 -0.83395 0.029301 0.0021121 0.60493
-0.13669 -0.010471 0.38701 0.17573 0.0011945 0.34539 0.025511 -0.012828 0.40827 0.0051163 -0.0035998 0.06831 -0.054313 0.00015193 -0.051439 0.0477 0.00015193 -0.057618 -0.30892 -0.11913 0.55785 0.3586 -0.066591 0.52582 -0.37945 -0.23385 0.75138 0.4496 -0.20758 0.69223 -0.40645 -0.25654 0.82551 0.49248 -0.22635 0.76029 -0.038214 0.098365 -0.42832 0.037748 0.10208 -0.43372 -0.036157 0.13183 -0.76053 0.0011755 0.15097 -0.76199 -0.071017 0.086234 -0.83447 0.055952 0.16111 -0.83468 0.029777 0.0018884 0.60493
-0.13411 -0.0080246 0.38163 0.17652 0.0033668 0.34311 0.027245 -0.011329 0.40821 0.0053626 -0.0031982 0.068323 -0.054187 0.00031238 -0.051555 0.048315 0.00031238 -0.057111 -0.29436 -0.12697 0.55847 0.34794 -0.076478 0.53073 -0.34948 -0.2435 0.76357 0.41696 -0.22631 0.70536 -0.38618 -0.26913 0.83552 0.44599 -0.25772 0.77521 -0.03798 0.099717 -0.42812 0.037058 0.10302 -0.43297 -0.035968 0.13224 -0.76043 0.00088323 0.15186 -0.76129 -0.072665 0.088003 -0.8343 0.044247 0.13517 -0.83625 0.030944 0.0032698 0.60496
-0.13506 -0.013387 0.38334 0.17589 0.0002537 0.3436 0.026556 -0.0134 0.40816 0.0045248 -0.0045532 0.068275 -0.053622 0.00036307 -0.052153 0.047053 0.00036307 -0.058131 -0.24722 -0.14961 0.58167 0.32564 -0.09868 0.53856 -0.23934 -0.24804 0.78829 0.33723 -0.25012 0.71438 -0.25984 -0.271 0.85954 0.33443 -0.29086 0.78653 -0.040318 0.097755 -0.42935 0.034666 0.10077 -0.43457 -0.039215 0.1298 -0.7617 -0.0012902 0.14947 -0.76294 -0.077505 0.086283 -0.8352 0.0098827 0.067718 -0.8253 0.029654 -0.0010616 0.60487
-0.13921 -0.025677 0.39111 0.17518 -0.0084511 0.34804 0.023315 -0.018076 0.40805 0.0025813 -0.0072576 0.068169 -0.053451 -7.5292e-06 -0.052325 0.045846 -7.5292e-06 -0.059097 -0.18065 -0.17296 0.6069 0.29704 -0.12791 0.55205 -0.08592 -0.25706 0.80903 0.22405 -0.27757 0.72202 -0.063333 -0.27454 0.88767 0.20972 -0.31008 0.79645 -0.04678 0.091703 -0.43113 0.030128 0.09591 -0.43658 -0.047955 0.12409 -0.76345 -0.0066788 0.14378 -0.76498 -0.085762 0.08097 -0.83742 0.0002734 0.070127 -0.81444 0.025695 -0.0041629 0.60491
-0.14001 -0.036134 0.39486 0.17502 -0.014893 0.34799 0.022121 -0.019053 0.40797 0.0018144 -0.0079518 0.06813 -0.054752 -0.00072258 -0.050958 0.048576 -0.00072258 -0.056857 -0.14112 -0.1811 0.60272 0.28276 -0.13585 0.55924 -0.042712 -0.26553 0.80511 0.17718 -0.27132 0.72503 -0.019976 -0.28237 0.88407 0.18798 -0.30938 0.79807 -0.054143 0.085768 -0.43104 0.026728 0.093687 -0.43442 -0.057914 0.11909 -0.76325 -0.012745 0.1399 -0.76273 -0.094099 0.074881 -0.83739 0.02846 0.15586 -0.82986 0.023581 -0.00082875 0.60511
-0.13245 -0.055054 0.39804 0.16133 -0.013521 0.31964 0.026743 -0.017522 0.40828 0.0051047 -0.0056948 0.06818 -0.05671 -0.00090366 -0.048764 0.047672 -0.00090366 -0.057603 -0.070075 -0.22462 0.66972 0.2461 -0.14146 0.53586 0.065821 -0.27668 0.84972 0.12031 -0.26415 0.69072 0.093233 -0.29087 0.9255 0.10758 -0.30492 0.75668 -0.056503 0.080961 -0.42987 0.027152 0.092975 -0.43536 -0.061479 0.11653 -0.76183 -0.013459 0.13858 -0.76364 -0.095314 0.070727 -0.83614 0.038125 0.17036 -0.84366 0.028976 -0.037199 0.60288
-0.13749 -0.094547 0.39694 0.12373 -0.012986 0.29076 0.0082986 -0.021775 0.40814 0.0039059 -0.0040093 0.06826 -0.058506 -0.00059231 -0.046604 0.04479 -0.00059231 -0.059928 -0.13097 -0.21007 0.4907 0.18919 -0.14826 0.51042 0.023824 -0.24621 0.66832 0.024285 -0.26123 0.64613 0.055879 -0.25956 0.74324 -0.012707 -0.29754 0.71156 -0.05586 0.077994 -0.42839 0.029386 0.092873 -0.43805 -0.060589 0.11579 -0.76011 -0.010932 0.13862 -0.76633 -0.094265 0.071189 -0.83516 0.031555 0.14564 -0.84816 0.03436 -0.080934 0.59489
-0.15684 -0.12355 0.39691 0.094737 -0.016874 0.29626 -0.024679 -0.027559 0.4076 -0.0040391 -0.0048468 0.068292 -0.059749 -0.00030946 -0.045 0.044 -0.00030946 -0.060491 -0.27945 -0.13919 0.16266 0.16525 -0.14621 0.51755 -0.15163 -0.18913 0.35642 0.00069942 -0.25273 0.65318 -0.12696 -0.20394 0.43388 -0.014006 -0.28427 0.72811 -0.056017 0.07682 -0.42707 0.030986 0.092837 -0.43877 -0.060009 0.11556 -0.7587 -0.0089794 0.13862 -0.7671 -0.096085 0.074862 -0.83487 0.031447 0.15397 -0.85005 0.029381 -0.088169 0.58746
-0.15389 -0.081436 0.41424 0.13378 -0.013369 0.32738 -0.0065072 -0.015771 0.4084 -0.0053669 -0.005027 0.068264 -0.060354 -0.00032 -0.044186 0.043516 -0.00032 -0.060829 -0.13183 -0.20754 0.45205 0.22692 -0.1298 0.54707 0.051144 -0.21504 0.59637 0.20277 -0.24108 0.73507 0.081636 -0.2256 0.6748 0.19265 -0.27128 0.81233 -0.055289 0.076218 -0.42638 0.032773 0.092064 -0.43937 -0.058799 0.11532 -0.75797 -0.006652 0.13806 -0.76773 -0.095083 0.075856 -0.83471 0.031649 0.15403 -0.85126 0.017323 -0.072296 0.59488
-0.1471 -0.052989 0.4181 0.16224 -0.0086297 0.34515 0.010721 -0.006042 0.40906 -0.0034265 -0.0043784 0.068349 -0.060094 -0.00058606 -0.044536 0.043159 -0.00058606 -0.061105 -0.089021 -0.24415 0.66952 0.27927 -0.10941 0.56189 0.076338 -0.2688 0.828 0.35498 -0.22568 0.76754 0.083201 -0.29474 0.90092 0.35772 -0.25642 0.84277 -0.048228 0.076261 -0.42647 0.03546 0.091729 -0.43974 -0.051174 0.11567 -0.75803 -0.0039005 0.13768 -0.76811 -0.085453 0.075777 -0.83547 0.034164 0.15984 -0.85296 0.026896 -0.041572 0.60212
-0.14365 -0.054604 0.4074 0.1659 -0.011422 0.35127 0.013206 -0.009484 0.40871 -0.0014187 -0.0041676 0.068457 -0.059108 -0.00036518 -0.045836 0.04408 -0.00036518 -0.060419 -0.19855 -0.20494 0.61035 0.307 -0.094911 0.56025 -0.14719 -0.29441 0.82689 0.4018 -0.21309 0.73957 -0.18251 -0.33619 0.89093 0.42584 -0.24631 0.81203 -0.039484 0.077686 -0.42725 0.038756 0.090665 -0.4394 -0.041254 0.11602 -0.75893 -0.00025545 0.13641 -0.76784 -0.07612 0.076814 -0.83641 0.033929 0.14534 -0.85205 0.042958 -0.020145 0.60356
-0.13655 -0.042575 0.40198 0.1829 -0.021884 0.36642 0.025 -0.019165 0.40791 0.00093498 -0.0050006 0.068406 -0.057822 0.00078717 -0.047442 0.046473 0.00078717 -0.058596 -0.2112 -0.18436 0.6115 0.35156 -0.088809 0.56047 -0.25225 -0.28739 0.82188 0.47321 -0.21073 0.72203 -0.30335 -0.31546 0.88123 0.50555 -0.24653 0.78967 -0.036585 0.08036 -0.42845 0.041431 0.087654 -0.43856 -0.036577 0.11557 -0.76048 0.0039151 0.13344 -0.76717 -0.077446 0.079121 -0.83635 0.024097 0.087186 -0.84363 0.036476 -0.02301 0.60476
-0.13496 -0.033312 0.39345 0.1878 -0.028268 0.37218 0.02804 -0.025306 0.40754 0.0024542 -0.005474 0.068338 -0.056516 0.0017147 -0.048976 0.047696 0.0017147 -0.057609 -0.2359 -0.16801 0.60053 0.37331 -0.086401 0.55354 -0.31035 -0.27018 0.80051 0.51148 -0.21509 0.69846 -0.36132 -0.29101 0.86153 0.55893 -0.246 0.75795 -0.034819 0.082137 -0.42977 0.042129 0.08589 -0.43817 -0.033329 0.11543 -0.762 0.0056395 0.13165 -0.76691 -0.078979 0.08124 -0.83637 0.011576 0.057971 -0.82815 0.032705 -0.01856 0.60464
-0.13592 -0.029791 0.38667 0.18582 -0.029964 0.37245 0.026248 -0.027834 0.40747 0.0034198 -0.0055305 0.068286 -0.055052 0.0020785 -0.05059 0.0483 0.0020785 -0.057073 -0.26939 -0.15449 0.58003 0.3815 -0.083616 0.54462 -0.35568 -0.26571 0.77177 0.50809 -0.2337 0.67662 -0.40623 -0.28943 0.83342 0.55759 -0.26752 0.73306 -0.033831 0.082994 -0.43131 0.041802 0.085109 -0.43787 -0.031569 0.11544 -0.76362 0.0057386 0.13068 -0.76667 -0.0784 0.081131 -0.83675 0.0038985 0.053138 -0.81785 0.032047 -0.011786 0.60403
-0.13532 -0.027425 0.38348 0.18652 -0.030537 0.37412 0.026487 -0.029347 0.40738 0.0041505 -0.005595 0.068242 -0.05376 0.0021029 -0.051968 0.049148 0.0021029 -0.056348 -0.26892 -0.15251 0.57603 0.38087 -0.09368 0.54384 -0.34563 -0.27834 0.76106 0.46788 -0.26621 0.681 -0.39118 -0.30566 0.82424 0.50086 -0.31017 0.74297 -0.034063 0.083364 -0.43269 0.041574 0.084317 -0.4373 -0.03155 0.11513 -0.76507 0.0057273 0.1296 -0.76617 -0.080223 0.08208 -0.83803 0.0012692 0.048477 -0.81269 0.029551 -0.010823 0.60374
-0.1346 -0.025626 0.38001 0.18694 -0.031357 0.3751 0.026681 -0.030481 0.40728 0.0044532 -0.0057867 0.068207 -0.053272 0.0021438 -0.052468 0.049685 0.0021438 -0.055868 -0.23938 -0.16502 0.57975 0.35576 -0.13107 0.55352 -0.24923 -0.29558 0.77445 0.38905 -0.29815 0.71774 -0.27097 -0.32126 0.84923 0.40846 -0.34035 0.78678 -0.034275 0.083305 -0.43325 0.041533 0.083691 -0.43695 -0.031571 0.11458 -0.76567 0.0057928 0.12868 -0.76587 -0.083217 0.084213 -0.83913 -0.0010905 0.044695 -0.80648 0.02821 -0.0097796 0.60345
-0.13509 -0.03019 0.38813 0.18749 -0.031249 0.3754 0.027163 -0.031151 0.4072 0.0047478 -0.0059943 0.068173 -0.052979 0.0024435 -0.052746 0.049391 0.0024435 -0.056149 -0.22848 -0.18287 0.58601 0.32968 -0.15861 0.56128 -0.18477 -0.31183 0.78398 0.3108 -0.31842 0.73516 -0.18562 -0.32417 0.86697 0.30985 -0.35987 0.80562 -0.034479 0.083339 -0.43363 0.04129 0.083524 -0.43734 -0.03162 0.11427 -0.76608 0.0055031 0.12838 -0.76628 -0.06498 0.063013 -0.83288 0.0010289 0.056668 -0.82825 0.027113 -0.010758 0.60341
-0.13743 -0.039243 0.39735 0.18618 -0.031975 0.376 0.025739 -0.031582 0.40724 0.0042065 -0.0065666 0.068148 -0.052796 0.002638 -0.052922 0.050596 0.002638 -0.054989 -0.21039 -0.19997 0.59483 0.30711 -0.1729 0.56595 -0.12467 -0.30438 0.78681 0.24781 -0.33098 0.7331 -0.13267 -0.31755 0.8668 0.23228 -0.37525 0.80179 -0.039035 0.081277 -0.43444 0.039877 0.082662 -0.43633 -0.036638 0.1121 -0.7669 0.0031005 0.12675 -0.76525 -0.052576 0.041329 -0.82779 0.017032 0.096465 -0.8495 0.024381 -0.012917 0.60362
-0.14058 -0.047725 0.39667 0.18238 -0.034831 0.37634 0.021922 -0.032434 0.40737 0.0026994 -0.0075733 0.068123 -0.052726 0.0025047 -0.052997 0.05374 0.0025047 -0.051962 -0.16038 -0.21212 0.60438 0.28126 -0.18685 0.57066 -0.026497 -0.27386 0.78948 0.18469 -0.3348 0.72889 -0.051627 -0.30378 0.86255 0.16612 -0.38 0.79571 -0.047755 0.076867 -0.4356 0.037405 0.0809 -0.43345 -0.046532 0.10776 -0.76807 -0.0012927 0.12335 -0.76237 -0.064812 0.040533 -0.83065 0.038198 0.14314 -0.84429 0.020314 -0.014509 0.60381
-0.14229 -0.054055 0.39618 0.17942 -0.036865 0.37339 0.019605 -0.03344 0.40739 0.0020403 -0.0081919 0.068079 -0.052485 0.0023898 -0.053247 0.054702 0.0023898 -0.05099 -0.12375 -0.21482 0.60775 0.25573 -0.19667 0.5716 0.030395 -0.26136 0.78374 0.11095 -0.3175 0.71491 0.033807 -0.27534 0.86167 0.075657 -0.36008 0.77559 -0.051953 0.074379 -0.43636 0.03563 0.080371 -0.43244 -0.051644 0.10519 -0.76883 -0.0043705 0.12157 -0.76137 -0.068189 0.037697 -0.83209 0.033831 0.14592 -0.84489 0.017969 -0.016171 0.60391
-0.14382 -0.057002 0.39443 0.17493 -0.034533 0.36634 0.016775 -0.029202 0.4078 0.0018185 -0.0077904 0.068126 -0.053097 0.0017118 -0.052644 0.05461 0.0017118 -0.051069 -0.10131 -0.21206 0.60576 0.24443 -0.19727 0.56444 0.068592 -0.24259 0.76627 0.10873 -0.31232 0.71655 0.080548 -0.24568 0.84996 0.052987 -0.34871 0.7672 -0.054906 0.072352 -0.43597 0.033889 0.080551 -0.43225 -0.055273 0.10324 -0.76844 -0.007228 0.12065 -0.76117 -0.08324 0.045498 -0.83496 0.019411 0.13468 -0.84898 0.01664 -0.015601 0.60458
-0.14582 -0.058266 0.39437 0.17083 -0.033543 0.36794 0.013056 -0.02198 0.40841 0.0013552 -0.0067773 0.068249 -0.053997 0.00073182 -0.051765 0.05481 0.00073182 -0.050904 -0.08072 -0.20277 0.60796 0.24341 -0.19498 0.56656 0.093758 -0.22126 0.76789 0.14644 -0.32479 0.74241 0.10532 -0.22282 0.84904 0.092119 -0.35943 0.79286 -0.058582 0.070373 -0.43527 0.031965 0.080661 -0.43174 -0.059512 0.10139 -0.76773 -0.010163 0.11984 -0.76064 -0.10706 0.06139 -0.83829 0.0081454 0.13206 -0.85213 0.015082 -0.013474 0.60549
-0.14692 -0.059517 0.40057 0.1712 -0.039857 0.38436 0.011166 -0.018339 0.40865 0.0010681 -0.0060307 0.068325 -0.054346 0.0003036 -0.051405 0.05467 0.0003036 -0.051062 -0.071175 -0.18866 0.62083 0.24871 -0.19204 0.58869 0.066168 -0.23268 0.80963 0.16977 -0.32726 0.77103 0.10472 -0.21952 0.88314 0.14783 -0.36938 0.83757 -0.059755 0.069759 -0.43494 0.030969 0.0807 -0.43175 -0.060993 0.10068 -0.7674 -0.011559 0.1195 -0.76065 -0.11483 0.069252 -0.83751 0.00054736 0.12552 -0.85423 0.014205 -0.012489 0.60581
-0.14512 -0.057515 0.40567 0.17332 -0.043615 0.38708 0.013339 -0.017032 0.40864 0.002605 -0.005632 0.06831 -0.056001 0.00040831 -0.049555 0.052409 0.00040831 -0.053335 -0.11377 -0.18749 0.63297 0.28656 -0.16647 0.5917 -0.041982 -0.28016 0.83641 0.3058 -0.30311 0.77177 -0.049797 -0.26727 0.90727 0.31399 -0.34685 0.84269 -0.054631 0.070174 -0.43303 0.032295 0.081159 -0.43414 -0.05569 0.10101 -0.7655 -0.010125 0.11997 -0.76305 -0.11125 0.073595 -0.83544 -0.0013857 0.090217 -0.84699 0.017351 -0.012851 0.60585
-0.14242 -0.054242 0.40693 0.17549 -0.044821 0.38109 0.016826 -0.016867 0.4085 0.0049388 -0.0054794 0.068201 -0.057362 0.0007776 -0.048018 0.049559 0.0007776 -0.056038 -0.16237 -0.18396 0.63983 0.31958 -0.14217 0.58341 -0.13977 -0.29706 0.84803 0.41554 -0.27869 0.75919 -0.19659 -0.29354 0.91519 0.44209 -0.31773 0.82676 -0.048689 0.070918 -0.43137 0.034539 0.081732 -0.43705 -0.049369 0.10178 -0.76384 -0.0075173 0.12069 -0.76599 -0.10362 0.074514 -0.83512 -0.0082359 0.041498 -0.82867 0.019638 -0.017726 0.60571
-0.14022 -0.051163 0.40468 0.17751 -0.044363 0.37579 0.01969 -0.016947 0.40831 0.0066934 -0.0053931 0.068056 -0.057439 0.0010925 -0.047901 0.04778 0.0010925 -0.057539 -0.19248 -0.16857 0.63711 0.32837 -0.1309 0.57666 -0.18647 -0.27036 0.85106 0.43482 -0.26424 0.74053 -0.24084 -0.26794 0.91288 0.47242 -0.29828 0.80587 -0.045779 0.07184 -0.43105 0.036501 0.082252 -0.43863 -0.046169 0.10255 -0.76353 -0.0050837 0.12128 -0.76762 -0.097229 0.073733 -0.83649 -0.0035566 0.046302 -0.81898 0.019169 -0.024702 0.60543
-0.13796 -0.047885 0.40046 0.17933 -0.040023 0.36789 0.022541 -0.017369 0.4081 0.0076694 -0.0053565 0.067955 -0.057427 0.0013345 -0.047901 0.046837 0.0013345 -0.0583 -0.23487 -0.15517 0.62229 0.34114 -0.11286 0.56518 -0.22828 -0.26282 0.83406 0.47525 -0.24491 0.70848 -0.27629 -0.25275 0.90012 0.52073 -0.27752 0.76938 -0.043399 0.073339 -0.43073 0.03832 0.083099 -0.43933 -0.04366 0.10318 -0.7633 -0.0028092 0.12193 -0.76841 -0.094511 0.076083 -0.83706 0.036778 0.13662 -0.83869 0.020125 -0.02714 0.60512
-0.13758 -0.048811 0.39802 0.17927 -0.036415 0.36131 0.023346 -0.021166 0.40793 0.0080163 -0.00588 0.067878 -0.056913 0.002178 -0.048528 0.045909 0.002178 -0.05904 -0.26011 -0.15086 0.61262 0.35366 -0.09792 0.55393 -0.20584 -0.26426 0.81179 0.44046 -0.25302 0.70987 -0.2327 -0.26252 0.89019 0.49025 -0.28826 0.76583 -0.040977 0.075127 -0.43111 0.039171 0.084276 -0.44004 -0.041385 0.10337 -0.76382 -0.0019116 0.12253 -0.76919 -0.09385 0.077961 -0.83703 0.041519 0.1207 -0.84522 0.020452 -0.030722 0.60496
-0.13471 -0.04342 0.39691 0.18122 -0.033954 0.358 0.026426 -0.01757 0.40783 0.0079788 -0.0053189 0.067914 -0.05756 0.001139 -0.047697 0.046437 0.001139 -0.058589 -0.24178 -0.16074 0.60847 0.34098 -0.10908 0.55477 -0.12129 -0.25808 0.78815 0.32709 -0.27178 0.72061 -0.11138 -0.25541 0.86902 0.37889 -0.30335 0.77665 -0.042144 0.075197 -0.43008 0.041578 0.083706 -0.43951 -0.04192 0.1039 -0.76274 0.0014483 0.12236 -0.76873 -0.096755 0.081076 -0.83514 0.021642 0.051719 -0.83461 0.019756 -0.027025 0.60473
-0.12793 -0.026434 0.3935 0.18483 -0.031315 0.35283 0.033392 -0.0035936 0.4078 0.0079314 -0.0029341 0.06807 -0.06009 -0.0025409 -0.044454 0.048665 -0.0025409 -0.056736 -0.1979 -0.17781 0.60008 0.30476 -0.14154 0.56239 -0.040252 -0.2457 0.76341 0.21074 -0.28643 0.71947 0.0069409 -0.21767 0.8248 0.25043 -0.314 0.78628 -0.047742 0.073218 -0.42662 0.046531 0.0811 -0.43745 -0.045886 0.10501 -0.759 0.0085279 0.12141 -0.76672 -0.10146 0.083342 -0.83118 0.016214 0.047194 -0.82423 0.018911 -0.012732 0.60431
-0.12569 -0.015725 0.38814 0.17989 -0.030054 0.33721 0.036074 0.0011856 0.40771 0.0080755 -0.0010577 0.068137 -0.061423 -0.0042352 -0.042556 0.049096 -0.0042352 -0.056307 -0.18354 -0.18191 0.5888 0.28915 -0.15145 0.54856 -0.018409 -0.24308 0.74856 0.14871 -0.31369 0.72891 0.052158 -0.21284 0.78174 0.13993 -0.36031 0.80684 -0.050753 0.072527 -0.42458 0.049519 0.079956 -0.43691 -0.04802 0.10547 -0.75684 0.012533 0.12104 -0.76621 -0.099038 0.074572 -0.82867 0.010497 0.041761 -0.81598 0.017682 -0.0056648 0.60402
-0.12505 -0.016864 0.40083 0.17343 -0.030658 0.32474 0.03642 0.0043679 0.40757 0.0069856 0.0019022 0.068175 -0.06036 -0.0041539 -0.0439 0.048006 -0.0041539 -0.05719 -0.15871 -0.18518 0.60242 0.26294 -0.1629 0.53556 0.016138 -0.24164 0.74913 0.17719 -0.21184 0.55134 0.093026 -0.22096 0.76386 0.13078 -0.22799 0.56901 -0.048001 0.072643 -0.42585 0.050081 0.077571 -0.43831 -0.043737 0.10697 -0.75795 0.015775 0.12039 -0.76766 -0.092897 0.072085 -0.82969 0.024791 0.054768 -0.82987 0.015945 0.00097132 0.60373
-0.12214 -0.025107 0.42474 0.17537 -0.033205 0.33179 0.037066 0.0090198 0.4074 0.0053717 0.0053131 0.068196 -0.058947 -0.0040381 -0.045902 0.046842 -0.0040381 -0.058185 -0.11766 -0.18906 0.63423 0.23893 -0.18028 0.54436 0.090342 -0.22615 0.74637 0.21369 -0.057502 0.30144 0.17186 -0.20635 0.75809 0.18315 -0.01631 0.22479 -0.044659 0.072137 -0.42792 0.049737 0.07439 -0.44001 -0.038583 0.10875 -0.75975 0.018825 0.11948 -0.7694 -0.089098 0.076788 -0.83176 0.053436 0.088674 -0.85203 0.014541 0.009232 0.60338
-0.11826 -0.03419 0.43555 0.18571 -0.037263 0.35616 0.03744 0.0075875 0.40734 0.0048993 0.005826 0.068197 -0.05878 -0.0039233 -0.046152 0.046592 -0.0039233 -0.0584 -0.099066 -0.18577 0.65322 0.25951 -0.18041 0.56798 0.12619 -0.21061 0.74411 0.19161 -0.070651 0.31763 0.20814 -0.18818 0.76798 0.21296 -0.038286 0.23062 -0.045032 0.071733 -0.4283 0.049391 0.074179 -0.44029 -0.038876 0.10876 -0.76008 0.018704 0.11939 -0.76969 -0.088251 0.075419 -0.83226 0.06848 0.11695 -0.85025 0.01404 0.011106 0.60318
-0.11958 -0.044986 0.43646 0.189 -0.041111 0.36547 0.035658 -0.0020533 0.40758 0.0041435 0.0019683 0.068386 -0.056011 -0.0009306 -0.049413 0.047328 -0.0009306 -0.057874 -0.10685 -0.18772 0.66026 0.2923 -0.16551 0.57581 0.011757 -0.25783 0.822 0.28308 -0.21997 0.60748 0.032278 -0.26159 0.88178 0.30545 -0.24769 0.61332 -0.039125 0.075387 -0.43129 0.047789 0.07711 -0.43978 -0.034303 0.10875 -0.76347 0.014896 0.12007 -0.76926 -0.082796 0.073903 -0.83557 0.071585 0.14639 -0.83539 0.01277 0.0040622 0.60342
-0.12551 -0.049327 0.42656 0.18672 -0.042896 0.36369 0.032458 -0.011987 0.40783 0.0034456 -0.0017867 0.068518 -0.054087 0.0020146 -0.051701 0.048311 0.0020146 -0.057093 -0.13078 -0.18621 0.65427 0.31653 -0.14547 0.57203 -0.096299 -0.29827 0.87307 0.38057 -0.31033 0.79368 -0.11563 -0.32236 0.95804 0.39152 -0.37512 0.86496 -0.034394 0.078984 -0.43332 0.04677 0.080163 -0.43898 -0.030579 0.10825 -0.76592 0.011364 0.1205 -0.76854 -0.077653 0.071781 -0.83811 0.06902 0.16458 -0.83273 0.01125 -0.003516 0.60379
-0.13073 -0.04507 0.41071 0.18539 -0.04311 0.36268 0.030436 -0.017187 0.40777 0.003311 -0.0029067 0.068453 -0.054577 0.002865 -0.051066 0.048987 0.002865 -0.056453 -0.15181 -0.17793 0.63997 0.32598 -0.13691 0.5678 -0.085878 -0.28337 0.84116 0.36349 -0.28773 0.7438 -0.096567 -0.3032 0.92022 0.37993 -0.3416 0.80345 -0.03581 0.079661 -0.43277 0.046774 0.08145 -0.43824 -0.031933 0.1071 -0.76551 0.0099698 0.12035 -0.76782 -0.076709 0.068322 -0.83799 0.058571 0.14472 -0.84326 0.010731 -0.007102 0.60378
-0.13252 -0.042279 0.40163 0.18472 -0.042974 0.36209 0.029582 -0.020591 0.40764 0.003106 -0.003743 0.068415 -0.053468 0.003488 -0.052156 0.049564 0.003488 -0.055912 -0.15513 -0.17659 0.6299 0.32077 -0.15162 0.56265 -0.051174 -0.26406 0.82228 0.29 -0.29748 0.73588 -0.091128 -0.28543 0.88776 0.28938 -0.34172 0.80233 -0.036395 0.080027 -0.43399 0.045051 0.082288 -0.43764 -0.032463 0.10631 -0.76683 0.0075743 0.12035 -0.76725 -0.075602 0.065704 -0.83932 0.034291 0.080794 -0.8412 0.010045 -0.0097316 0.60352
-0.14018 -0.045759 0.39694 0.17896 -0.036955 0.36463 0.021175 -0.021845 0.40831 0.0023071 -0.003923 0.068466 -0.052011 0.0030978 -0.053761 0.050567 0.0030978 -0.055031 -0.15797 -0.1823 0.6243 0.30624 -0.16395 0.56081 -0.052861 -0.26281 0.82159 0.25238 -0.31541 0.7426 -0.10027 -0.28188 0.88808 0.24277 -0.35811 0.8148 -0.037985 0.079099 -0.43582 0.040958 0.084592 -0.43608 -0.034779 0.10427 -0.76876 0.0016036 0.1202 -0.76573 -0.074087 0.059685 -0.8411 0.013147 0.046436 -0.82889 0.003285 -0.0061995 0.60465
-0.13122 -0.045216 0.39163 0.17951 -0.02897 0.3461 0.029548 -0.01967 0.4075 0.0036987 -0.0036396 0.068379 -0.053738 0.0018909 -0.051891 0.050761 0.0018909 -0.054903 -0.13744 -0.18847 0.61551 0.28992 -0.16821 0.54343 -0.043301 -0.26718 0.81816 0.22306 -0.31247 0.71548 -0.080626 -0.28284 0.89014 0.21356 -0.35349 0.78608 -0.04417 0.076321 -0.4344 0.037552 0.086044 -0.43529 -0.041717 0.10369 -0.76716 -0.002785 0.12105 -0.76489 -0.081508 0.059294 -0.83918 0.00029376 0.041788 -0.81293 0.0056532 -0.019039 0.60279
-0.10435 -0.035691 0.38359 0.18879 -0.02532 0.3105 0.056302 -0.013894 0.40512 0.0079981 -0.0027115 0.068069 -0.058148 0.0008519 -0.047009 0.049341 0.0008519 -0.05621 -0.088164 -0.18392 0.60375 0.2767 -0.17164 0.51415 0.017945 -0.25535 0.80322 0.15518 -0.29123 0.67715 -0.022409 -0.27238 0.87338 0.13828 -0.32671 0.74976 -0.055089 0.071931 -0.43026 0.035571 0.084492 -0.43668 -0.053473 0.10556 -0.76246 -0.0036811 0.12287 -0.76604 -0.1013 0.068963 -0.83405 -0.0061753 0.038569 -0.80707 0.027519 -0.058825 0.59497
-0.11655 -0.032841 0.37767 0.18162 -0.024509 0.32291 0.042687 -0.0069663 0.40669 0.0099205 0.00018703 0.067882 -0.058487 0.00034349 -0.046684 0.04793 0.00034349 -0.057437 -0.073746 -0.15972 0.60648 0.268 -0.17154 0.52701 0.053903 -0.22632 0.79572 0.11857 -0.26809 0.69396 0.024136 -0.23955 0.87195 0.095382 -0.30213 0.76654 -0.064098 0.067272 -0.43068 0.030642 0.083049 -0.43798 -0.06527 0.10446 -0.7625 -0.0095932 0.12296 -0.76703 -0.11683 0.072429 -0.83389 -0.0022572 0.057737 -0.83074 0.04743 -0.082895 0.58864
-0.12657 -0.028229 0.39274 0.18128 -0.028972 0.34095 0.033724 -0.0042498 0.40764 0.011494 0.0014596 0.067604 -0.058369 0.00021248 -0.046747 0.045884 0.00021248 -0.059062 -0.071316 -0.1395 0.62838 0.27729 -0.16739 0.54642 0.035834 -0.20916 0.82563 0.20208 -0.26265 0.73681 0.00096374 -0.22496 0.89731 0.19221 -0.30062 0.80825 -0.058969 0.069714 -0.43021 0.031807 0.084363 -0.43938 -0.060278 0.10728 -0.76199 -0.0085802 0.12526 -0.7683 -0.11332 0.076759 -0.83276 0.0080932 0.0844 -0.8527 0.05701 -0.062942 0.59339
-0.1165 -0.020463 0.41711 0.19311 -0.03661 0.34147 0.046316 -0.005974 0.40635 0.013093 0.00030251 0.067337 -0.059809 0.00018817 -0.044928 0.043223 0.00018817 -0.061049 -0.072179 -0.13185 0.65415 0.29688 -0.16265 0.55123 -0.0051655 -0.20843 0.86879 0.31739 -0.2697 0.76469 -0.055626 -0.22993 0.93125 0.32877 -0.30921 0.83679 -0.044147 0.076798 -0.42683 0.038814 0.086838 -0.44108 -0.042701 0.11365 -0.75869 0.00011633 0.12939 -0.76999 -0.096151 0.083021 -0.82916 0.021714 0.11088 -0.85888 0.062716 -0.025165 0.6024
-0.11183 -0.018413 0.42342 0.19844 -0.040967 0.34465 0.050635 -0.0077598 0.40591 0.012737 -0.00067183 0.067399 -0.060444 0.00025106 -0.044068 0.041343 0.00025106 -0.062337 -0.088385 -0.12819 0.66417 0.30825 -0.15961 0.55553 -0.02095 -0.20608 0.87797 0.31541 -0.27176 0.76592 -0.059492 -0.22381 0.94937 0.32854 -0.30452 0.84093 -0.035066 0.079939 -0.42481 0.04237 0.087759 -0.44219 -0.032183 0.11629 -0.75671 0.0046562 0.13135 -0.77108 -0.082976 0.083511 -0.82816 0.033679 0.13143 -0.86068 0.072237 -0.012997 0.60223
-0.11051 -0.019619 0.42557 0.20014 -0.039467 0.34577 0.051328 -0.0081317 0.40586 0.012252 -0.00094834 0.067499 -0.059503 0.00070898 -0.045323 0.04129 0.00070898 -0.062369 -0.084223 -0.13669 0.66292 0.31984 -0.1534 0.55485 -0.015246 -0.20724 0.87815 0.30232 -0.27952 0.75313 -0.025084 -0.2258 0.95732 0.30681 -0.30909 0.83001 -0.031864 0.082124 -0.42552 0.042985 0.089816 -0.44185 -0.028775 0.1174 -0.75754 0.004826 0.13289 -0.77075 -0.077778 0.082185 -0.8291 0.028614 0.1052 -0.85356 0.07553 -0.0037259 0.60133
-0.11385 -0.022149 0.42737 0.19849 -0.033496 0.3482 0.047833 -0.0086662 0.40634 0.010258 -0.0013628 0.067798 -0.057374 0.00011397 -0.047977 0.042135 0.00011397 -0.061797 -0.081444 -0.15932 0.65247 0.30118 -0.1588 0.55743 -0.010525 -0.22163 0.86983 0.28585 -0.29958 0.74888 0.0036075 -0.23885 0.94977 0.28005 -0.32645 0.82708 -0.03441 0.08072 -0.42864 0.03972 0.0885 -0.44142 -0.031778 0.11639 -0.76062 0.0015749 0.13249 -0.7702 -0.080336 0.079472 -0.83161 0.012407 0.066811 -0.83873 0.070421 0.0057921 0.60187
-0.12384 -0.023004 0.42771 0.19034 -0.027554 0.35138 0.037884 -0.0092759 0.40743 0.005999 -0.0021563 0.068301 -0.055039 -0.001694 -0.050626 0.042943 -0.001694 -0.061222 -0.099757 -0.18403 0.63782 0.25155 -0.17819 0.56172 -0.021229 -0.24212 0.85377 0.22772 -0.32016 0.74986 0.0016872 -0.25258 0.93255 0.22385 -0.34247 0.82938 -0.040338 0.075817 -0.43236 0.034429 0.082645 -0.44169 -0.038133 0.11383 -0.76408 -0.0023062 0.12983 -0.7702 -0.085918 0.075661 -0.83494 0.0052681 0.058709 -0.83044 0.059509 0.010822 0.60247
-0.13515 -0.020431 0.42788 0.17734 -0.024571 0.34691 0.026808 -0.0073947 0.40832 0.0026064 -0.0023255 0.068534 -0.053707 -0.0026054 -0.05201 0.044151 -0.0026054 -0.060335 -0.11407 -0.19429 0.62809 0.22797 -0.18753 0.55173 -0.03481 -0.24982 0.84492 0.15016 -0.32048 0.73021 -0.0094276 -0.25861 0.92366 0.16577 -0.34428 0.80876 -0.04367 0.073381 -0.43421 0.032546 0.079193 -0.44129 -0.041531 0.11284 -0.76577 -0.0033279 0.1281 -0.76963 -0.086859 0.072635 -0.83713 0.020764 0.077417 -0.84294 0.047531 0.015271 0.60315
-0.13269 -0.026721 0.42213 0.17888 -0.015761 0.34479 0.028687 -0.0053916 0.40819 0.0047701 -0.0015801 0.068352 -0.054509 -0.002627 -0.051144 0.046616 -0.002627 -0.058421 -0.10202 -0.2025 0.61878 0.25151 -0.17616 0.54249 -0.008138 -0.26388 0.82598 0.17811 -0.31419 0.71868 0.03068 -0.26268 0.89805 0.17245 -0.34527 0.79192 -0.041481 0.070613 -0.43377 0.032278 0.07956 -0.43919 -0.040942 0.11048 -0.76528 -0.005479 0.12742 -0.76747 -0.082089 0.066593 -0.83694 0.034422 0.10352 -0.84947 0.047704 0.020563 0.60292
-0.12274 -0.035478 0.412 0.1896 -0.009405 0.34602 0.038142 -0.0058478 0.40747 0.0077582 -0.00087964 0.06817 -0.056715 -0.0020725 -0.04873 0.049527 -0.0020725 -0.056022 -0.098001 -0.21021 0.61117 0.29542 -0.16034 0.53873 0.022176 -0.28688 0.80274 0.2654 -0.30775 0.7242 0.062757 -0.27694 0.87396 0.24293 -0.34569 0.79365 -0.034902 0.069462 -0.43128 0.036081 0.081545 -0.4365 -0.036109 0.10832 -0.76291 -0.0040747 0.12739 -0.7648 -0.07367 0.06153 -0.83477 0.041444 0.12069 -0.84621 0.051339 0.016855 0.60287
-0.1203 -0.035822 0.40143 0.19237 -0.015106 0.34571 0.04101 -0.009202 0.40712 0.0060596 -0.0011134 0.068321 -0.058022 -0.0011161 -0.0472 0.051399 -0.0011161 -0.054332 -0.14423 -0.20876 0.60223 0.33357 -0.15293 0.5247 -0.030339 -0.30628 0.78788 0.33209 -0.29835 0.71343 -0.018643 -0.30791 0.8697 0.34668 -0.33954 0.78291 -0.028324 0.072857 -0.42876 0.044173 0.082851 -0.43491 -0.029467 0.1091 -0.76068 0.003949 0.12786 -0.76331 -0.065761 0.061994 -0.83297 0.049555 0.12585 -0.845 0.044915 0.00061768 0.60406
-0.12496 -0.035489 0.38778 0.18679 -0.020938 0.3452 0.03587 -0.013171 0.40747 0.0044281 -0.0017109 0.068433 -0.056389 -2.0641e-05 -0.04911 0.051985 -2.0641e-05 -0.053783 -0.22115 -0.19508 0.57485 0.38231 -0.135 0.47931 -0.19658 -0.31612 0.76804 0.45578 -0.28516 0.63898 -0.20774 -0.34523 0.84355 0.48151 -0.33203 0.70244 -0.026715 0.076949 -0.43008 0.046995 0.083762 -0.43445 -0.027641 0.11029 -0.76231 0.007429 0.12855 -0.76295 -0.063298 0.062842 -0.83469 0.053619 0.13014 -0.8445 0.035951 -0.0099141 0.60481
-0.12917 -0.034514 0.37173 0.17943 -0.023507 0.34421 0.029135 -0.015249 0.40796 0.0032625 -0.002271 0.06848 -0.054219 0.00076423 -0.051548 0.052253 0.00076423 -0.053518 -0.28247 -0.17372 0.54155 0.41723 -0.11121 0.43241 -0.31283 -0.31795 0.73453 0.55048 -0.26255 0.56702 -0.33033 -0.36476 0.80205 0.56692 -0.31581 0.63129 -0.028108 0.079848 -0.43235 0.046703 0.084579 -0.43416 -0.028991 0.11124 -0.76477 0.007493 0.12911 -0.76274 -0.064658 0.064779 -0.83777 0.053629 0.1322 -0.84367 0.027917 -0.015457 0.60518
-0.13014 -0.03264 0.35717 0.17368 -0.024781 0.3418 0.024506 -0.017104 0.40817 0.0023223 -0.002901 0.068496 -0.053144 0.0013642 -0.052616 0.052449 0.0013642 -0.053313 -0.3231 -0.14956 0.49633 0.42772 -0.088748 0.38144 -0.37038 -0.30977 0.66167 0.59068 -0.22363 0.48385 -0.39433 -0.36008 0.72207 0.61805 -0.27365 0.541 -0.029854 0.081698 -0.43334 0.046088 0.08541 -0.43389 -0.03065 0.11212 -0.76585 0.0069432 0.12961 -0.76253 -0.06649 0.067575 -0.83996 0.054572 0.13696 -0.84322 0.021825 -0.021925 0.60537
-0.13048 -0.031838 0.34751 0.16863 -0.026859 0.33789 0.021132 -0.02191 0.40814 0.0021891 -0.0038205 0.068455 -0.052624 0.0021919 -0.05311 0.052145 0.0021919 -0.053582 -0.36664 -0.1236 0.42377 0.42723 -0.068996 0.30269 -0.48745 -0.28726 0.53799 0.63448 -0.17308 0.32917 -0.53403 -0.34202 0.57682 0.70308 -0.20775 0.34641 -0.031256 0.083324 -0.43377 0.044725 0.0862 -0.43415 -0.031861 0.11296 -0.76636 0.0057916 0.13031 -0.76283 -0.067358 0.068839 -0.84089 0.055688 0.14257 -0.84327 0.018175 -0.03107 0.60518
-0.12981 -0.031716 0.34024 0.16466 -0.028442 0.33391 0.018966 -0.026378 0.408 0.0022533 -0.0045872 0.068407 -0.052442 0.0028147 -0.053266 0.051942 0.0028147 -0.053752 -0.38974 -0.093073 0.35645 0.41507 -0.055148 0.2422 -0.55395 -0.25573 0.431 0.64093 -0.14056 0.21757 -0.61606 -0.31037 0.4465 0.71889 -0.17538 0.20097 -0.032211 0.084624 -0.43385 0.043706 0.086747 -0.43432 -0.03265 0.11365 -0.76648 0.0049683 0.13086 -0.76302 -0.06898 0.069259 -0.84044 0.038187 0.10836 -0.84037 0.016559 -0.040047 0.60477
-0.12826 -0.031812 0.33385 0.16115 -0.028787 0.32968 0.017609 -0.029792 0.40782 0.0023122 -0.0051915 0.06836 -0.052418 0.0032043 -0.053262 0.051908 0.0032043 -0.053761 -0.38774 -0.062513 0.29555 0.39015 -0.04094 0.19971 -0.55318 -0.22101 0.32239 0.59745 -0.11857 0.13482 -0.62015 -0.26647 0.31549 0.65896 -0.15371 0.10012 -0.033242 0.085777 -0.43373 0.042803 0.087269 -0.43428 -0.03341 0.11406 -0.76643 0.0042045 0.13128 -0.76301 -0.070831 0.069236 -0.8396 0.018572 0.068105 -0.83823 0.016389 -0.047959 0.60425
-0.12645 -0.031849 0.32791 0.15677 -0.027737 0.32406 0.016391 -0.033346 0.4076 0.0024823 -0.0059074 0.068297 -0.052349 0.003618 -0.053306 0.051735 0.003618 -0.053902 -0.36994 -0.040575 0.22168 0.35256 -0.015026 0.14474 -0.53741 -0.18838 0.14247 0.51516 -0.078189 -0.015696 -0.60876 -0.2135 0.10904 0.58219 -0.073548 -0.063909 -0.03516 0.087189 -0.43365 0.040965 0.08821 -0.43426 -0.034662 0.11407 -0.76647 0.0025186 0.1318 -0.76306 -0.070956 0.06874 -0.83987 0.033215 0.097555 -0.84459 0.017065 -0.055301 0.60364
