-0.082849 -0.015679 0.34953 0.20038 -0.063685 0.31444 0.071864 -0.014423 0.40261 0.01298 -0.0049397 0.067176 -0.058971 -0.0029209 -0.045923 0.050797 -0.0029209 -0.054829 -0.16994 -0.015128 0.098403 0.38479 -0.24404 0.25029 -0.19934 -0.028549 -0.13638 0.57297 -0.3881 0.2497 -0.21037 -0.020293 -0.21793 0.64141 -0.43449 0.24776 -0.13513 0.069405 -0.42131 0.0055268 0.088172 -0.43112 -0.15438 0.13543 -0.74805 -0.026318 0.12456 -0.7615 -0.18661 0.085199 -0.82015 -0.031805 0.040843 -0.80301 0.087133 -0.041775 0.59738
-0.082358 -0.015438 0.34967 0.20087 -0.06254 0.31413 0.07242 -0.013511 0.40254 0.013099 -0.0047636 0.067166 -0.059113 -0.0028196 -0.045746 0.050696 -0.0028196 -0.054927 -0.17006 -0.015139 0.098759 0.38558 -0.24081 0.24462 -0.19994 -0.028891 -0.13595 0.57374 -0.38452 0.25054 -0.21037 -0.021128 -0.21762 0.64048 -0.43035 0.238 -0.1362 0.068736 -0.42109 0.0043451 0.088372 -0.43106 -0.15646 0.13381 -0.74796 -0.028257 0.12457 -0.76139 -0.1884 0.083369 -0.82004 -0.025627 0.055733 -0.82227 0.087746 -0.041065 0.59727
-0.081903 -0.015204 0.34982 0.20122 -0.061324 0.31361 0.072938 -0.01266 0.40248 0.013211 -0.0046008 0.067155 -0.059245 -0.0027358 -0.04558 0.050598 -0.0027358 -0.055021 -0.17017 -0.015193 0.099101 0.38649 -0.23659 0.2382 -0.20048 -0.029248 -0.13553 0.57535 -0.37926 0.24718 -0.21041 -0.021952 -0.2173 0.64112 -0.4249 0.22859 -0.13717 0.068106 -0.42088 0.003282 0.088536 -0.43102 -0.15842 0.1323 -0.74786 -0.030019 0.12455 -0.7613 -0.19002 0.08165 -0.81996 -0.021549 0.069992 -0.83584 0.08833 -0.040396 0.59718
-0.081486 -0.014976 0.34997 0.20145 -0.060038 0.31294 0.073417 -0.011872 0.40241 0.013315 -0.0044507 0.067145 -0.059366 -0.0026661 -0.045426 0.0505 -0.0026661 -0.055115 -0.17025 -0.015276 0.099429 0.38748 -0.23154 0.23122 -0.20096 -0.02961 -0.13513 0.57755 -0.37265 0.24076 -0.21049 -0.022752 -0.217 0.64294 -0.41837 0.21964 -0.13806 0.067518 -0.42069 0.0023315 0.088669 -0.43099 -0.16026 0.13091 -0.74777 -0.031611 0.12448 -0.76122 -0.19148 0.080047 -0.81988 -0.019177 0.083782 -0.84462 0.088882 -0.039769 0.59709
-0.081107 -0.014753 0.35012 0.2016 -0.058682 0.31214 0.073856 -0.011146 0.40236 0.013411 -0.004313 0.067135 -0.059478 -0.0026071 -0.045283 0.050399 -0.0026071 -0.05521 -0.17032 -0.015376 0.099741 0.38851 -0.22579 0.22387 -0.20141 -0.02997 -0.13476 0.58011 -0.36501 0.23241 -0.21059 -0.023518 -0.21669 0.64555 -0.41093 0.21125 -0.13887 0.066974 -0.42052 0.0014879 0.088774 -0.43098 -0.16197 0.12961 -0.74767 -0.033045 0.12439 -0.76117 -0.1928 0.078564 -0.81981 -0.018114 0.097263 -0.84953 0.089398 -0.039187 0.597
-0.080766 -0.014535 0.35027 0.20168 -0.057257 0.31126 0.074256 -0.01048 0.4023 0.0135 -0.004187 0.067125 -0.059583 -0.0025553 -0.045149 0.050292 -0.0025553 -0.05531 -0.17038 -0.015483 0.10004 0.38953 -0.2195 0.21633 -0.20181 -0.03032 -0.1344 0.58278 -0.35666 0.22327 -0.21071 -0.024236 -0.2164 0.64854 -0.4028 0.20354 -0.1396 0.066478 -0.42035 0.00074526 0.088857 -0.43099 -0.16351 0.12842 -0.74758 -0.03433 0.12428 -0.76115 -0.194 0.077207 -0.81976 -0.017966 0.1106 -0.85146 0.089873 -0.038652 0.59692
-0.080463 -0.014322 0.35042 0.20173 -0.055763 0.31034 0.074614 -0.0098739 0.40225 0.013583 -0.0040724 0.067115 -0.059679 -0.0025072 -0.045024 0.050175 -0.0025072 -0.055418 -0.17043 -0.015583 0.10031 0.39052 -0.2128 0.20877 -0.20219 -0.03065 -0.13407 0.58532 -0.34792 0.21446 -0.21082 -0.024894 -0.21612 0.65153 -0.39418 0.19661 -0.14025 0.066031 -0.4202 9.7769e-05 0.08892 -0.43102 -0.16488 0.12732 -0.7475 -0.035475 0.12415 -0.76115 -0.1951 0.07598 -0.8197 -0.018336 0.12395 -0.85132 0.090303 -0.038165 0.59685
-0.080199 -0.014111 0.35056 0.20177 -0.054201 0.30941 0.07493 -0.0093277 0.4022 0.013658 -0.0039686 0.067106 -0.05977 -0.0024594 -0.044906 0.050046 -0.0024594 -0.055537 -0.17048 -0.015664 0.10057 0.39142 -0.20585 0.20138 -0.20255 -0.030953 -0.13376 0.5875 -0.3391 0.20711 -0.21092 -0.025482 -0.21585 0.65411 -0.38526 0.19059 -0.14084 0.065637 -0.42005 -0.00046043 0.088969 -0.43108 -0.16607 0.1263 -0.74742 -0.03649 0.12402 -0.76118 -0.19611 0.074888 -0.81964 -0.01883 0.13748 -0.85002 0.090685 -0.037728 0.59678
-0.079974 -0.013904 0.35069 0.20183 -0.052571 0.30851 0.075203 -0.0088405 0.40216 0.013726 -0.0038751 0.067098 -0.059855 -0.0024085 -0.044795 0.049901 -0.0024085 -0.05567 -0.17054 -0.015716 0.1008 0.39219 -0.19879 0.19436 -0.2029 -0.03122 -0.13347 0.58906 -0.33052 0.20237 -0.21099 -0.025986 -0.2156 0.65589 -0.37625 0.18557 -0.14137 0.065299 -0.41991 -0.00093518 0.089008 -0.43117 -0.16705 0.12536 -0.74736 -0.037385 0.12388 -0.76124 -0.19706 0.073937 -0.81958 -0.019051 0.15135 -0.84845 0.091015 -0.037343 0.59672
-0.079793 -0.013698 0.35082 0.20191 -0.05086 0.30767 0.075429 -0.0084088 0.40213 0.013788 -0.0037913 0.06709 -0.059936 -0.0023511 -0.04469 0.049736 -0.0023511 -0.055819 -0.1706 -0.015726 0.10102 0.39279 -0.19176 0.18786 -0.20324 -0.031441 -0.1332 0.58985 -0.32246 0.201 -0.21104 -0.026397 -0.21537 0.65654 -0.3674 0.18161 -0.14184 0.065018 -0.41979 -0.0013316 0.08904 -0.4313 -0.16781 0.12451 -0.74732 -0.038168 0.12376 -0.76134 -0.19796 0.073128 -0.81951 -0.018746 0.16521 -0.84734 0.091289 -0.037008 0.59667
-0.079678 -0.013487 0.35093 0.20194 -0.04899 0.30681 0.075584 -0.0080132 0.40211 0.013841 -0.0037158 0.067083 -0.060011 -0.0022851 -0.044592 0.049547 -0.0022851 -0.05599 -0.17071 -0.015695 0.10122 0.39321 -0.18496 0.18205 -0.20362 -0.031598 -0.13295 0.59011 -0.31487 0.2019 -0.21109 -0.026725 -0.21516 0.65599 -0.35923 0.17841 -0.14226 0.064794 -0.41966 -0.0016506 0.08907 -0.43146 -0.16841 0.12374 -0.74728 -0.038838 0.12364 -0.76148 -0.1988 0.072449 -0.81944 -0.01846 0.17582 -0.84646 0.091501 -0.036702 0.59663
-0.07966 -0.013261 0.35105 0.2018 -0.046858 0.30584 0.075635 -0.0076289 0.40211 0.013882 -0.0036469 0.067078 -0.060082 -0.0022086 -0.044501 0.049328 -0.0022086 -0.056187 -0.1709 -0.015624 0.10141 0.39341 -0.17855 0.17707 -0.20406 -0.031672 -0.13271 0.59025 -0.3076 0.20326 -0.2112 -0.026984 -0.21497 0.6543 -0.35236 0.17553 -0.14262 0.064625 -0.41955 -0.0018915 0.089099 -0.43166 -0.16888 0.12307 -0.74725 -0.039392 0.12354 -0.76166 -0.19955 0.071883 -0.81936 -0.019013 0.17895 -0.84521 0.091646 -0.036395 0.59661
-0.07977 -0.013014 0.35117 0.20139 -0.044359 0.30465 0.07555 -0.007231 0.40213 0.013908 -0.0035827 0.067077 -0.060147 -0.0021196 -0.044418 0.049071 -0.0021196 -0.056414 -0.17124 -0.015517 0.10161 0.39336 -0.17274 0.17307 -0.20461 -0.03164 -0.13247 0.59065 -0.3005 0.20328 -0.21141 -0.027189 -0.21477 0.65154 -0.34739 0.17256 -0.14293 0.064511 -0.41945 -0.002054 0.089132 -0.43192 -0.16928 0.12251 -0.74722 -0.039826 0.12345 -0.76189 -0.20019 0.071412 -0.81929 -0.021227 0.17036 -0.84302 0.091719 -0.036059 0.59661
-0.080036 -0.012736 0.35129 0.20062 -0.041413 0.30316 0.075301 -0.0067967 0.40218 0.013917 -0.0035217 0.067078 -0.060205 -0.0020163 -0.044344 0.048773 -0.0020163 -0.056676 -0.17175 -0.015372 0.10183 0.39307 -0.16766 0.17016 -0.2053 -0.03149 -0.13223 0.59164 -0.29348 0.20053 -0.21177 -0.027351 -0.21458 0.64784 -0.34477 0.16918 -0.14319 0.064452 -0.41936 -0.002135 0.08917 -0.43223 -0.16965 0.12208 -0.74719 -0.040135 0.12338 -0.76219 -0.20072 0.071024 -0.81923 -0.02568 0.14714 -0.8395 0.091714 -0.035671 0.59664
-0.080464 -0.012413 0.35141 0.1995 -0.038079 0.30145 0.07488 -0.0063174 0.40227 0.013905 -0.0034626 0.067084 -0.060255 -0.0018954 -0.044281 0.048435 -0.0018954 -0.05697 -0.17243 -0.015165 0.10205 0.39263 -0.16314 0.16827 -0.20614 -0.031248 -0.132 0.59294 -0.28677 0.19584 -0.21226 -0.02747 -0.21439 0.6439 -0.34366 0.16583 -0.14339 0.064462 -0.41929 -0.0021157 0.089207 -0.43259 -0.16998 0.12179 -0.74715 -0.040297 0.12333 -0.76254 -0.20111 0.070743 -0.81917 -0.031343 0.11519 -0.8356 0.091621 -0.035246 0.59669
-0.081054 -0.01203 0.35154 0.1981 -0.034474 0.29966 0.074287 -0.0057903 0.40238 0.013871 -0.0034043 0.067094 -0.060297 -0.0017536 -0.044231 0.04806 -0.0017536 -0.057292 -0.17326 -0.014862 0.10226 0.39217 -0.1589 0.16728 -0.20712 -0.030961 -0.13176 0.59405 -0.28076 0.19101 -0.21283 -0.027537 -0.21419 0.64066 -0.34273 0.16329 -0.14351 0.064562 -0.41923 -0.0019711 0.089234 -0.43301 -0.1702 0.12165 -0.74713 -0.040286 0.1233 -0.76295 -0.20139 0.070606 -0.81913 -0.03653 0.083997 -0.83284 0.091428 -0.034814 0.59675
-0.081805 -0.011569 0.35165 0.1965 -0.030718 0.29793 0.073523 -0.0052126 0.40253 0.013811 -0.0033457 0.067109 -0.060328 -0.0015872 -0.044194 0.047652 -0.0015872 -0.057635 -0.17422 -0.014428 0.10245 0.39186 -0.15464 0.16704 -0.20824 -0.030674 -0.13153 0.59448 -0.27581 0.18781 -0.21342 -0.027544 -0.21401 0.63905 -0.34063 0.1623 -0.14353 0.06477 -0.41918 -0.0016759 0.089243 -0.43348 -0.17028 0.12166 -0.74711 -0.040076 0.12328 -0.76342 -0.20154 0.07065 -0.8191 -0.039555 0.063059 -0.8327 0.091122 -0.034406 0.59683
-0.082715 -0.01102 0.35176 0.19475 -0.026911 0.29638 0.07259 -0.0045823 0.4027 0.013724 -0.0032858 0.067129 -0.060347 -0.0013937 -0.044172 0.047216 -0.0013937 -0.057997 -0.17528 -0.013842 0.10262 0.39177 -0.15013 0.16742 -0.20949 -0.030423 -0.13131 0.5938 -0.27224 0.18778 -0.214 -0.027475 -0.21383 0.63984 -0.33621 0.1635 -0.14344 0.065103 -0.41916 -0.0012095 0.089226 -0.43401 -0.17016 0.12185 -0.74712 -0.039646 0.12328 -0.76394 -0.20157 0.070906 -0.81908 -0.038982 0.0605 -0.83643 0.09069 -0.034046 0.5969
-0.083773 -0.010398 0.35187 0.19287 -0.023021 0.29503 0.0715 -0.0039043 0.40289 0.01361 -0.003224 0.067155 -0.060356 -0.0011788 -0.044165 0.04676 -0.0011788 -0.058368 -0.17642 -0.013186 0.10275 0.39174 -0.14547 0.16824 -0.21084 -0.030172 -0.13112 0.59216 -0.26973 0.1904 -0.21461 -0.027238 -0.21367 0.64253 -0.32985 0.16655 -0.14326 0.065547 -0.41915 -0.00058854 0.089189 -0.43457 -0.16986 0.12219 -0.74714 -0.039024 0.1233 -0.76449 -0.20151 0.071356 -0.81908 -0.03538 0.073484 -0.84306 0.090104 -0.033693 0.59699
-0.084963 -0.009735 0.35198 0.19083 -0.018954 0.29383 0.070272 -0.003187 0.40311 0.013473 -0.00316 0.067186 -0.060355 -0.00095178 -0.044171 0.046296 -0.00095178 -0.05874 -0.17762 -0.012589 0.10287 0.39144 -0.14095 0.16933 -0.21222 -0.029849 -0.13096 0.58998 -0.26769 0.19417 -0.21532 -0.026707 -0.21353 0.646 -0.32264 0.17063 -0.14299 0.066072 -0.41916 0.00015281 0.089142 -0.43516 -0.16943 0.12264 -0.74717 -0.038262 0.12335 -0.76507 -0.20135 0.071958 -0.81909 -0.030271 0.093952 -0.85059 0.089325 -0.033277 0.59712
-0.08627 -0.0090605 0.3521 0.18863 -0.014614 0.29271 0.068924 -0.0024384 0.40334 0.013317 -0.0030937 0.06722 -0.060348 -0.00072206 -0.044187 0.045834 -0.00072206 -0.059107 -0.17886 -0.01218 0.10297 0.39053 -0.13687 0.17051 -0.21357 -0.029383 -0.13085 0.58768 -0.26552 0.19757 -0.2162 -0.025753 -0.21342 0.64914 -0.31567 0.17493 -0.14267 0.066652 -0.41919 0.00098021 0.089095 -0.43575 -0.16891 0.1232 -0.74722 -0.037412 0.12344 -0.76566 -0.20113 0.072669 -0.81911 -0.025187 0.11381 -0.85701 0.088319 -0.032728 0.5973
-0.087689 -0.0083947 0.35223 0.18625 -0.0099153 0.29165 0.067461 -0.0016642 0.4036 0.013144 -0.0030246 0.067259 -0.060335 -0.0004948 -0.044213 0.045386 -0.0004948 -0.059459 -0.18013 -0.012069 0.10305 0.3887 -0.13349 0.1716 -0.21484 -0.028716 -0.1308 0.5856 -0.2627 0.1992 -0.21732 -0.024294 -0.21336 0.65086 -0.30997 0.17864 -0.14231 0.067269 -0.41923 0.0018734 0.089056 -0.43634 -0.16831 0.12383 -0.74727 -0.036504 0.12357 -0.76623 -0.20085 0.073469 -0.81915 -0.021495 0.12572 -0.86053 0.087054 -0.031997 0.59755
-0.089328 -0.0076548 0.35233 0.18366 -0.0048747 0.29078 0.065756 -0.00084596 0.4039 0.012934 -0.0029511 0.067304 -0.060309 -0.00023435 -0.044256 0.044948 -0.00023435 -0.059796 -0.18156 -0.012152 0.10309 0.3857 -0.13079 0.17238 -0.21606 -0.027934 -0.13087 0.58326 -0.25951 0.19847 -0.21864 -0.022663 -0.21339 0.65044 -0.30594 0.18124 -0.1418 0.068038 -0.41929 0.0029464 0.088984 -0.43694 -0.16749 0.12469 -0.74735 -0.035368 0.12373 -0.76681 -0.2004 0.074536 -0.81921 -0.019027 0.12945 -0.86136 0.085548 -0.03121 0.59784
-0.091359 -0.006701 0.35232 0.18082 0.00043589 0.29032 0.06361 4.8303e-05 0.40424 0.012658 -0.0028711 0.067361 -0.060256 0.00011757 -0.044328 0.044513 0.00011757 -0.060121 -0.18334 -0.012213 0.103 0.38132 -0.12859 0.17264 -0.21727 -0.0272 -0.13109 0.57973 -0.25665 0.19529 -0.22007 -0.021425 -0.21359 0.64735 -0.30361 0.18236 -0.141 0.069145 -0.41938 0.0043881 0.088813 -0.43759 -0.16617 0.126 -0.74745 -0.033726 0.12389 -0.76745 -0.1996 0.076161 -0.8193 -0.016757 0.12875 -0.86081 0.083845 -0.030598 0.59809
-0.093951 -0.0053926 0.35211 0.17771 0.0059439 0.29049 0.060823 0.0010507 0.40464 0.012285 -0.0027822 0.067431 -0.060164 0.00061949 -0.044443 0.044073 0.00061949 -0.060436 -0.18567 -0.012031 0.10273 0.37535 -0.12672 0.17215 -0.21854 -0.026682 -0.13153 0.57408 -0.25484 0.18954 -0.22153 -0.021147 -0.21401 0.64108 -0.303 0.18161 -0.13975 0.070775 -0.41953 0.0063878 0.088478 -0.43834 -0.16408 0.12798 -0.74759 -0.031295 0.12403 -0.76819 -0.19826 0.078638 -0.81942 -0.013653 0.12741 -0.86023 0.081992 -0.03039 0.59825
-0.097246 -0.0036038 0.35165 0.17431 0.011563 0.29147 0.057228 0.0021828 0.40512 0.01179 -0.0026831 0.06752 -0.060022 0.0013235 -0.04461 0.043622 0.0013235 -0.060743 -0.18872 -0.011398 0.10221 0.36763 -0.12503 0.17071 -0.21992 -0.02652 -0.13223 0.56546 -0.25474 0.18123 -0.22292 -0.022321 -0.21472 0.63118 -0.30416 0.17871 -0.13791 0.073095 -0.41974 0.0091137 0.087917 -0.43922 -0.161 0.13084 -0.74779 -0.027824 0.12413 -0.76909 -0.19625 0.082227 -0.81959 -0.0087895 0.12885 -0.86083 0.080034 -0.030797 0.59823
-0.10103 -0.0013763 0.35097 0.17078 0.017051 0.29314 0.053062 0.0033437 0.40564 0.011196 -0.0025815 0.067623 -0.059829 0.0022071 -0.044828 0.04318 0.0022071 -0.061027 -0.19224 -0.010249 0.10147 0.35852 -0.1235 0.16834 -0.22134 -0.026589 -0.13313 0.55409 -0.25655 0.17141 -0.22415 -0.02455 -0.21566 0.61815 -0.30716 0.1745 -0.13551 0.076032 -0.42 0.012483 0.087122 -0.44019 -0.15696 0.13447 -0.74804 -0.023397 0.12413 -0.77009 -0.19355 0.086823 -0.81979 -0.0025059 0.1323 -0.86239 0.078023 -0.031817 0.59807
-0.10484 0.0011395 0.35019 0.1674 0.022062 0.29515 0.04882 0.0043537 0.40616 0.010558 -0.0024913 0.067729 -0.059594 0.0031993 -0.045082 0.042781 0.0031993 -0.061264 -0.19576 -0.0086064 0.10062 0.3487 -0.12224 0.16517 -0.22268 -0.026589 -0.13413 0.54087 -0.26014 0.16184 -0.22516 -0.026868 -0.2167 0.60314 -0.31213 0.17054 -0.13265 0.07936 -0.42031 0.016252 0.086115 -0.44119 -0.15218 0.1386 -0.74832 -0.018316 0.12398 -0.77113 -0.19032 0.092087 -0.82002 0.004043 0.1343 -0.86379 0.076017 -0.033305 0.59782
-0.10824 0.0037915 0.34943 0.16447 0.026252 0.29714 0.045 0.0050315 0.40662 0.0099312 -0.0024263 0.067829 -0.059323 0.0042286 -0.045361 0.042464 0.0042286 -0.061429 -0.19878 -0.0064966 0.099735 0.33888 -0.12133 0.16137 -0.2238 -0.026218 -0.1351 0.52673 -0.26536 0.15428 -0.22585 -0.028296 -0.21773 0.58726 -0.31916 0.1684 -0.12948 0.082851 -0.42064 0.020172 0.084921 -0.44212 -0.14691 0.14292 -0.74863 -0.012886 0.12361 -0.77212 -0.18666 0.097673 -0.82027 0.0096888 0.13134 -0.86387 0.074072 -0.035117 0.59754
-0.1108 0.006435 0.34879 0.16225 0.029303 0.29878 0.042068 0.0052093 0.40697 0.0093674 -0.0023994 0.067914 -0.059026 0.0052258 -0.045651 0.042262 0.0052258 -0.061499 -0.20083 -0.0039477 0.098913 0.32973 -0.12085 0.1571 -0.22458 -0.025186 -0.13595 0.51253 -0.27207 0.15041 -0.22616 -0.027914 -0.21861 0.57155 -0.3283 0.1696 -0.1261 0.086285 -0.42099 0.02401 0.083563 -0.44292 -0.14135 0.14715 -0.74895 -0.0073994 0.12296 -0.773 -0.18272 0.10325 -0.82053 0.013359 0.12022 -0.86161 0.072238 -0.037114 0.59729
-0.11253 0.0090283 0.34827 0.16068 0.031321 0.30008 0.04 0.0049081 0.4072 0.0088718 -0.0024101 0.067982 -0.058704 0.0061589 -0.045952 0.042193 0.0061589 -0.061464 -0.20192 -0.0010283 0.098158 0.3214 -0.12064 0.15257 -0.22504 -0.023383 -0.13668 0.49819 -0.27969 0.1509 -0.22609 -0.025585 -0.21937 0.55534 -0.33834 0.17516 -0.12254 0.089571 -0.42135 0.027701 0.082029 -0.44356 -0.13554 0.15119 -0.74927 -0.0019463 0.122 -0.77373 -0.17848 0.10871 -0.8208 0.015353 0.10245 -0.85746 0.070475 -0.039244 0.59708
-0.11376 0.011607 0.34781 0.15951 0.03273 0.30125 0.038407 0.0042905 0.40737 0.0084139 -0.0024476 0.068038 -0.058356 0.0070229 -0.046269 0.042263 0.0070229 -0.061322 -0.20242 0.0021629 0.097418 0.31369 -0.12036 0.14807 -0.22527 -0.020832 -0.13738 0.48296 -0.28733 0.15565 -0.22574 -0.021765 -0.22008 0.53674 -0.34717 0.18566 -0.11873 0.092715 -0.42173 0.031309 0.080282 -0.44404 -0.12936 0.15503 -0.7496 0.0035338 0.12066 -0.77433 -0.17384 0.11407 -0.82107 0.016996 0.082997 -0.85304 0.068674 -0.041525 0.59688
-0.11484 0.01421 0.34734 0.15846 0.03396 0.30253 0.036892 0.0035222 0.40751 0.0079626 -0.0025011 0.068088 -0.057981 0.007814 -0.046609 0.042476 0.007814 -0.061074 -0.20271 0.0055268 0.096639 0.30639 -0.11964 0.14386 -0.22538 -0.017558 -0.13815 0.46606 -0.2941 0.16452 -0.2252 -0.016924 -0.22085 0.51381 -0.35263 0.20171 -0.11462 0.095722 -0.42213 0.034901 0.078284 -0.44438 -0.12269 0.1587 -0.74994 0.009105 0.11892 -0.7748 -0.1687 0.11938 -0.82134 0.019637 0.066949 -0.84999 0.066723 -0.043973 0.59665
-0.11608 0.016869 0.34678 0.15726 0.035417 0.30416 0.035075 0.0027641 0.40766 0.0074884 -0.0025599 0.068138 -0.057578 0.0085273 -0.046977 0.042836 0.0085273 -0.060721 -0.20315 0.0089627 0.09577 0.29931 -0.11816 0.14021 -0.22547 -0.0136 -0.13909 0.4468 -0.29915 0.17734 -0.22456 -0.011524 -0.22176 0.48478 -0.35273 0.22378 -0.11014 0.098597 -0.42256 0.038537 0.076003 -0.4446 -0.11542 0.16221 -0.75029 0.014821 0.11673 -0.77516 -0.16298 0.12468 -0.82162 0.024556 0.059135 -0.84984 0.06452 -0.0466 0.59636
-0.11754 0.019525 0.34614 0.15589 0.037113 0.30613 0.032911 0.0020843 0.40785 0.006994 -0.0026189 0.068186 -0.057163 0.0091469 -0.047364 0.043318 0.0091469 -0.060283 -0.20381 0.012348 0.094827 0.29251 -0.11598 0.13718 -0.22557 -0.0091848 -0.14017 0.4257 -0.30201 0.19324 -0.22385 -0.0059664 -0.22279 0.45106 -0.3478 0.25028 -0.10543 0.10128 -0.423 0.042151 0.073516 -0.44471 -0.10776 0.16549 -0.75065 0.020556 0.11418 -0.77541 -0.15684 0.12983 -0.82189 0.031779 0.060078 -0.85257 0.062104 -0.049327 0.59602
-0.11906 0.022039 0.34548 0.15454 0.038714 0.30823 0.030644 0.0014714 0.40803 0.0065097 -0.0026775 0.068232 -0.056762 0.009647 -0.047746 0.043877 0.009647 -0.0598 -0.20454 0.015541 0.093877 0.28629 -0.11347 0.13464 -0.2256 -0.0047074 -0.1413 0.40438 -0.30261 0.21071 -0.22307 -0.00059018 -0.22386 0.41676 -0.34026 0.27779 -0.10076 0.10365 -0.42345 0.04557 0.070989 -0.44472 -0.10015 0.16841 -0.75099 0.026027 0.11145 -0.77558 -0.15066 0.13462 -0.82215 0.040245 0.066573 -0.85679 0.059642 -0.051994 0.59567
-0.12046 0.024272 0.34487 0.15341 0.039877 0.31024 0.028526 0.0009111 0.4082 0.0060667 -0.0027356 0.068272 -0.056404 0.010002 -0.048098 0.044467 0.010002 -0.059308 -0.20515 0.018398 0.092994 0.28095 -0.11105 0.13246 -0.22553 -0.00056726 -0.14236 0.38448 -0.30085 0.22822 -0.22222 0.0042655 -0.22485 0.3861 -0.33254 0.30288 -0.096416 0.1056 -0.42386 0.048616 0.068594 -0.44465 -0.093037 0.17083 -0.7513 0.030947 0.10871 -0.77566 -0.14482 0.13879 -0.82237 0.048856 0.075291 -0.86107 0.057301 -0.054441 0.59534
-0.12155 0.026087 0.34438 0.15269 0.04027 0.31198 0.026804 0.00038925 0.40833 0.0056952 -0.0027927 0.068304 -0.056116 0.010186 -0.048398 0.04504 0.010186 -0.058847 -0.2055 0.020783 0.092245 0.27681 -0.10909 0.13052 -0.2253 0.0028493 -0.14325 0.36759 -0.29669 0.24429 -0.22129 0.0082727 -0.22567 0.36313 -0.32704 0.32219 -0.092664 0.10701 -0.42422 0.051119 0.066496 -0.44452 -0.086862 0.17263 -0.75156 0.035039 0.10614 -0.77567 -0.1397 0.14212 -0.82255 0.056545 0.082979 -0.86402 0.055246 -0.056512 0.59507
-0.1223 0.027468 0.34403 0.15239 0.039869 0.31338 0.025532 -0.00010695 0.40842 0.0053995 -0.0028497 0.068326 -0.055903 0.010211 -0.048641 0.045576 0.010211 -0.05843 -0.20554 0.022686 0.091645 0.27389 -0.10763 0.12871 -0.2249 0.0054609 -0.14394 0.35399 -0.29038 0.25823 -0.2203 0.011352 -0.22631 0.34838 -0.32406 0.33509 -0.089554 0.10791 -0.42452 0.053067 0.064735 -0.44434 -0.081703 0.17382 -0.75176 0.03828 0.1038 -0.77562 -0.13537 0.1446 -0.82268 0.062886 0.088141 -0.86519 0.053512 -0.058188 0.59487
-0.12282 0.028519 0.34377 0.15238 0.03896 0.31453 0.024577 -0.00058893 0.40848 0.0051582 -0.0029082 0.068342 -0.055745 0.010121 -0.04884 0.046079 0.010121 -0.058049 -0.20537 0.024223 0.091152 0.27197 -0.10639 0.127 -0.22433 0.0074913 -0.1445 0.3427 -0.28256 0.27016 -0.21929 0.013671 -0.22682 0.33883 -0.32187 0.3436 -0.086906 0.10843 -0.42477 0.054605 0.063225 -0.44413 -0.077276 0.17458 -0.75192 0.040895 0.10165 -0.77554 -0.13161 0.14647 -0.82277 0.068098 0.091038 -0.86509 0.052008 -0.059586 0.59472
-0.12322 0.029348 0.34357 0.15249 0.03784 0.31556 0.023796 -0.001068 0.40852 0.0049485 -0.0029698 0.068354 -0.055622 0.0099635 -0.049011 0.046553 0.0099635 -0.057695 -0.20508 0.025515 0.090724 0.27084 -0.10506 0.12533 -0.22363 0.0091776 -0.14499 0.33264 -0.27385 0.28024 -0.21828 0.01541 -0.22728 0.33132 -0.31866 0.34989 -0.084528 0.10874 -0.42498 0.055889 0.061876 -0.44391 -0.073283 0.17508 -0.75204 0.043125 0.099625 -0.77543 -0.12818 0.14797 -0.82284 0.072426 0.092004 -0.86426 0.050638 -0.060829 0.5946
-0.1236 0.030062 0.34339 0.15258 0.036803 0.31656 0.023049 -0.0015555 0.40856 0.0047483 -0.0030363 0.068365 -0.055513 0.0097842 -0.049168 0.047004 0.0097842 -0.057358 -0.20478 0.026684 0.090316 0.27027 -0.10331 0.12365 -0.22282 0.010754 -0.14546 0.32278 -0.26487 0.28863 -0.21733 0.016748 -0.22776 0.32274 -0.31263 0.35607 -0.082233 0.10899 -0.42518 0.057068 0.060598 -0.4437 -0.069432 0.17549 -0.75214 0.045205 0.097665 -0.77532 -0.12484 0.14935 -0.82289 0.076117 0.091385 -0.86325 0.049305 -0.062037 0.59448
-0.12404 0.030719 0.3432 0.15256 0.035985 0.31758 0.022252 -0.0020578 0.40861 0.0045448 -0.003109 0.068375 -0.055409 0.0096099 -0.04932 0.047434 0.0096099 -0.057031 -0.20452 0.027788 0.089898 0.26988 -0.10072 0.12173 -0.22193 0.012366 -0.14596 0.31285 -0.25584 0.29512 -0.21644 0.017858 -0.22829 0.31206 -0.30329 0.36259 -0.079922 0.10924 -0.42537 0.058228 0.059338 -0.44349 -0.06556 0.17591 -0.75223 0.047258 0.095734 -0.77522 -0.12147 0.15073 -0.82294 0.079428 0.089778 -0.86237 0.047944 -0.063264 0.59437
-0.12454 0.031322 0.34299 0.1524 0.035345 0.31858 0.021387 -0.0025758 0.40865 0.0043363 -0.0031889 0.068385 -0.055305 0.0094449 -0.049468 0.047848 0.0094449 -0.056713 -0.20431 0.028817 0.089455 0.26913 -0.096718 0.11913 -0.22099 0.014056 -0.1465 0.30344 -0.24653 0.2991 -0.21563 0.018905 -0.22887 0.30059 -0.29166 0.36798 -0.077595 0.10949 -0.42555 0.059378 0.058091 -0.44329 -0.06166 0.17629 -0.75231 0.049283 0.093809 -0.77512 -0.11805 0.1521 -0.82299 0.082632 0.088077 -0.86173 0.04652 -0.064487 0.59426
-0.1251 0.03187 0.34274 0.15207 0.034833 0.31954 0.020437 -0.0031104 0.4087 0.0041217 -0.0032769 0.068394 -0.055201 0.0092922 -0.049614 0.048249 0.0092922 -0.056398 -0.20415 0.029757 0.088973 0.2675 -0.09073 0.11541 -0.22003 0.015863 -0.14709 0.29516 -0.23665 0.29994 -0.21491 0.020055 -0.22952 0.28977 -0.2788 0.3707 -0.075262 0.10971 -0.42572 0.060522 0.056851 -0.44309 -0.057733 0.17662 -0.75238 0.051271 0.091871 -0.77502 -0.11457 0.15346 -0.82305 0.086 0.087189 -0.8614 0.045 -0.065676 0.59416
-0.12573 0.032364 0.34243 0.15156 0.034397 0.32043 0.019388 -0.0036618 0.40875 0.0039001 -0.0033739 0.068403 -0.055093 0.0091549 -0.049759 0.048638 0.0091549 -0.056086 -0.20405 0.030592 0.088437 0.26445 -0.082194 0.11012 -0.21907 0.017821 -0.14774 0.28866 -0.22595 0.29705 -0.21427 0.021469 -0.23022 0.28105 -0.26581 0.36921 -0.072929 0.10987 -0.4259 0.061665 0.055613 -0.44289 -0.053782 0.17687 -0.75245 0.05321 0.089901 -0.77492 -0.11103 0.15477 -0.82312 0.089791 0.08799 -0.86145 0.043355 -0.066804 0.59409
-0.12644 0.032798 0.34207 0.15086 0.034016 0.32123 0.018241 -0.0042193 0.40879 0.0036725 -0.0034774 0.06841 -0.054984 0.0090304 -0.049902 0.049016 0.0090304 -0.055775 -0.204 0.031305 0.087845 0.25991 -0.071116 0.1034 -0.21817 0.019882 -0.14845 0.28406 -0.21443 0.29069 -0.21373 0.023194 -0.23097 0.27491 -0.25325 0.36339 -0.070623 0.10997 -0.42608 0.062796 0.054387 -0.44268 -0.049847 0.17702 -0.75252 0.055082 0.087908 -0.77481 -0.10748 0.15602 -0.82322 0.093763 0.08996 -0.86172 0.041596 -0.067848 0.59405
-0.12723 0.033164 0.34167 0.15003 0.033711 0.32198 0.017013 -0.0047569 0.40884 0.0034429 -0.0035804 0.068417 -0.054879 0.0089088 -0.050041 0.049379 0.0089088 -0.055474 -0.20403 0.031876 0.087211 0.25444 -0.058261 0.0961 -0.21735 0.021885 -0.1492 0.2808 -0.20239 0.28236 -0.21328 0.025121 -0.23174 0.27058 -0.24107 0.35496 -0.068393 0.11 -0.42626 0.063885 0.053201 -0.44248 -0.046019 0.17709 -0.75258 0.056851 0.085937 -0.77469 -0.10399 0.15717 -0.82331 0.097003 0.090714 -0.86172 0.039788 -0.068792 0.59403
-0.12808 0.033455 0.34124 0.1491 0.033506 0.32271 0.015725 -0.0052478 0.40889 0.0032155 -0.0036756 0.068423 -0.054781 0.0087796 -0.05017 0.049722 0.0087796 -0.055188 -0.20413 0.032281 0.08655 0.24863 -0.044449 0.089154 -0.21666 0.023659 -0.14996 0.2783 -0.1902 0.27359 -0.21292 0.027128 -0.23251 0.26723 -0.22915 0.3458 -0.066293 0.10996 -0.42643 0.0649 0.052083 -0.44228 -0.042395 0.17708 -0.75264 0.058482 0.084038 -0.77458 -0.10069 0.15819 -0.82339 0.098548 0.087737 -0.86094 0.038004 -0.069619 0.59402
-0.12901 0.033662 0.34079 0.14811 0.033422 0.32344 0.014398 -0.0056653 0.40893 0.0029944 -0.0037558 0.068429 -0.054696 0.0086326 -0.050287 0.05004 0.0086326 -0.054923 -0.2043 0.032501 0.085878 0.24308 -0.030499 0.08347 -0.21613 0.025039 -0.15071 0.27597 -0.1782 0.26595 -0.21265 0.029096 -0.23323 0.26399 -0.21738 0.33775 -0.064373 0.10986 -0.42659 0.065811 0.051062 -0.44209 -0.039069 0.17702 -0.75269 0.059941 0.082259 -0.77447 -0.097657 0.15903 -0.82343 0.097454 0.078554 -0.85889 0.036312 -0.070314 0.59401
-0.12999 0.033801 0.34033 0.1471 0.033435 0.32418 0.013049 -0.006006 0.40897 0.0027805 -0.0038194 0.068434 -0.054626 0.0084673 -0.050392 0.050333 0.0084673 -0.054681 -0.20456 0.032552 0.085205 0.23824 -0.017128 0.079511 -0.21577 0.025974 -0.15144 0.27339 -0.1665 0.26049 -0.21245 0.030946 -0.23391 0.26034 -0.20551 0.33212 -0.062637 0.10969 -0.42674 0.066613 0.050133 -0.44191 -0.036052 0.17691 -0.75272 0.061228 0.080604 -0.77437 -0.094912 0.1597 -0.82344 0.093794 0.063228 -0.85564 0.034735 -0.070882 0.594
-0.13099 0.033921 0.33986 0.14609 0.033442 0.32491 0.011687 -0.0063023 0.409 0.0025698 -0.0038737 0.068439 -0.054562 0.0082984 -0.050489 0.050607 0.0082984 -0.054453 -0.20487 0.032513 0.084536 0.2343 -0.0049025 0.077042 -0.21554 0.026602 -0.15215 0.2704 -0.15486 0.25754 -0.21228 0.032661 -0.23455 0.2562 -0.19305 0.32935 -0.061016 0.10947 -0.42688 0.067349 0.049244 -0.44174 -0.033229 0.17676 -0.75275 0.062398 0.079012 -0.77427 -0.092322 0.16028 -0.82345 0.089216 0.045749 -0.85214 0.033214 -0.071359 0.59399
-0.13198 0.034076 0.33939 0.14509 0.033338 0.32562 0.010324 -0.0065899 0.40904 0.0023581 -0.0039265 0.068444 -0.054498 0.0081417 -0.050584 0.05087 0.0081417 -0.054231 -0.20521 0.032466 0.083878 0.23146 0.0056259 0.075767 -0.21538 0.027075 -0.15284 0.26687 -0.14298 0.25734 -0.21209 0.034227 -0.23516 0.25153 -0.17952 0.32983 -0.059434 0.10924 -0.42701 0.06806 0.048337 -0.44157 -0.030473 0.17657 -0.75277 0.063513 0.077416 -0.77417 -0.08975 0.16083 -0.82348 0.085504 0.030443 -0.84944 0.031687 -0.071784 0.59399
-0.13292 0.03432 0.33891 0.14413 0.033015 0.32627 0.0089693 -0.006904 0.40906 0.0021409 -0.0039859 0.068447 -0.054426 0.0080133 -0.050682 0.05113 0.0080133 -0.054005 -0.20558 0.032494 0.083235 0.2299 0.013911 0.075392 -0.21526 0.027545 -0.15351 0.26266 -0.13061 0.26016 -0.21182 0.035634 -0.23575 0.2463 -0.16443 0.3339 -0.057816 0.109 -0.42716 0.06879 0.047354 -0.44141 -0.027657 0.17636 -0.7528 0.06463 0.075748 -0.77408 -0.087054 0.16142 -0.82358 0.084433 0.021612 -0.84857 0.030091 -0.072195 0.59401
-0.1338 0.034678 0.33842 0.14321 0.032416 0.32685 0.0076303 -0.0072631 0.40908 0.0019162 -0.0040567 0.06845 -0.054343 0.0079186 -0.050786 0.05139 0.0079186 -0.053772 -0.20595 0.032648 0.082611 0.22958 0.019921 0.075665 -0.21514 0.028102 -0.15417 0.25783 -0.11783 0.26564 -0.21147 0.036881 -0.23633 0.24047 -0.14774 0.34111 -0.056127 0.10876 -0.42731 0.069557 0.04627 -0.44125 -0.024725 0.17612 -0.75283 0.065776 0.07398 -0.77398 -0.084176 0.1621 -0.82375 0.086726 0.021113 -0.84986 0.028401 -0.072614 0.59405
-0.13462 0.035119 0.33794 0.14234 0.031577 0.3274 0.0063091 -0.0076552 0.4091 0.0016866 -0.0041384 0.068451 -0.054251 0.0078448 -0.050896 0.051649 0.0078448 -0.053534 -0.20633 0.032921 0.082007 0.23005 0.024555 0.076413 -0.21503 0.028728 -0.15479 0.25282 -0.10539 0.2724 -0.21108 0.037991 -0.23689 0.23403 -0.13025 0.34952 -0.054411 0.10852 -0.42747 0.070326 0.045124 -0.4411 -0.021746 0.17585 -0.75287 0.066912 0.07215 -0.77388 -0.081198 0.16281 -0.82397 0.091224 0.026404 -0.85246 0.026657 -0.073029 0.5941
-0.1354 0.035611 0.33747 0.14153 0.030539 0.32794 0.0050074 -0.008065 0.40911 0.001455 -0.0042298 0.068451 -0.054154 0.0077769 -0.051009 0.051907 0.0077769 -0.053294 -0.20672 0.033302 0.081427 0.23081 0.028807 0.077472 -0.21495 0.029393 -0.1554 0.24807 -0.094099 0.27891 -0.21068 0.038987 -0.23743 0.22692 -0.11284 0.35702 -0.052715 0.10826 -0.42763 0.071059 0.043955 -0.44094 -0.018804 0.17556 -0.75292 0.06799 0.070306 -0.77378 -0.078217 0.16351 -0.82423 0.09657 0.03448 -0.85535 0.02491 -0.073426 0.59416
-0.13616 0.03612 0.33701 0.14078 0.029346 0.32848 0.0037267 -0.0084774 0.40911 0.0012243 -0.0043297 0.068449 -0.054055 0.0077001 -0.051125 0.052161 0.0077001 -0.053056 -0.20713 0.033778 0.080871 0.23138 0.033668 0.078677 -0.21491 0.030067 -0.15597 0.24406 -0.084767 0.28368 -0.21032 0.039893 -0.23796 0.21914 -0.096398 0.36152 -0.051089 0.10798 -0.42779 0.071718 0.042808 -0.44078 -0.015979 0.17523 -0.75296 0.068967 0.068493 -0.77368 -0.075332 0.16413 -0.82448 0.10141 0.042345 -0.85754 0.023207 -0.07379 0.59423
-0.13689 0.036617 0.33657 0.1401 0.028045 0.32905 0.0024716 -0.0088818 0.40911 0.00099678 -0.0044365 0.068446 -0.053958 0.007604 -0.051243 0.05241 0.007604 -0.052824 -0.20755 0.034331 0.080341 0.23146 0.039599 0.079907 -0.21491 0.03073 -0.15652 0.24103 -0.077792 0.28594 -0.21002 0.040729 -0.23846 0.21095 -0.081517 0.36205 -0.049566 0.10766 -0.42796 0.07228 0.04171 -0.44062 -0.013328 0.17486 -0.75301 0.069814 0.06675 -0.77357 -0.072608 0.16464 -0.82473 0.10493 0.048105 -0.85847 0.021584 -0.074115 0.5943
-0.13761 0.037092 0.33614 0.13947 0.026692 0.32963 0.0012531 -0.0092773 0.4091 0.00077331 -0.0045468 0.068442 -0.053862 0.0074868 -0.051361 0.052646 0.0074868 -0.052605 -0.20797 0.034928 0.079836 0.23119 0.045938 0.081132 -0.21495 0.031377 -0.15704 0.23881 -0.0727 0.28647 -0.20978 0.041503 -0.23895 0.20325 -0.068216 0.35994 -0.048142 0.10731 -0.42812 0.072755 0.040663 -0.44047 -0.01085 0.17447 -0.75306 0.070536 0.065098 -0.77347 -0.070053 0.16506 -0.82495 0.10747 0.052176 -0.85852 0.020051 -0.074408 0.59436
-0.13829 0.037535 0.33574 0.13889 0.025344 0.33021 8.2944e-05 -0.0096641 0.40909 0.00055469 -0.0046575 0.068436 -0.053768 0.0073481 -0.051478 0.052865 0.0073481 -0.052405 -0.20839 0.035534 0.079357 0.23073 0.051884 0.082333 -0.21501 0.032008 -0.15752 0.23719 -0.068904 0.28627 -0.20959 0.04222 -0.23941 0.197 -0.056438 0.35685 -0.046812 0.10695 -0.42827 0.073158 0.039661 -0.44033 -0.0085401 0.17407 -0.75311 0.071143 0.063559 -0.77337 -0.067661 0.16539 -0.82516 0.1095 0.055265 -0.85819 0.018614 -0.07468 0.59442
-0.13893 0.037936 0.33535 0.13833 0.024057 0.33077 -0.0010271 -0.010043 0.40908 0.00034164 -0.0047652 0.06843 -0.053678 0.0071875 -0.051595 0.05306 0.0071875 -0.05223 -0.20879 0.036116 0.078903 0.23028 0.056639 0.083491 -0.2151 0.032622 -0.15799 0.23593 -0.065821 0.28631 -0.20943 0.042887 -0.23985 0.19318 -0.046128 0.35442 -0.045568 0.10659 -0.42842 0.073503 0.038703 -0.44022 -0.0063898 0.17366 -0.75316 0.071647 0.062151 -0.77329 -0.06543 0.16563 -0.82534 0.1115 0.058077 -0.85798 0.017278 -0.07494 0.59447
-0.13953 0.038291 0.33499 0.1378 0.022865 0.33131 -0.0020718 -0.010414 0.40907 0.00013381 -0.0048681 0.068424 -0.053591 0.0070061 -0.05171 0.053228 0.0070061 -0.052084 -0.20916 0.036654 0.078474 0.23001 0.059681 0.084609 -0.21519 0.033221 -0.15842 0.23484 -0.063037 0.28727 -0.2093 0.043513 -0.24027 0.19222 -0.037273 0.35375 -0.044401 0.10624 -0.42856 0.0738 0.037783 -0.44012 -0.0043858 0.17327 -0.7532 0.072057 0.060877 -0.77322 -0.063349 0.16582 -0.82551 0.11361 0.060725 -0.85813 0.016043 -0.075197 0.59451
-0.1401 0.038607 0.33464 0.13728 0.021746 0.33183 -0.0030616 -0.010779 0.40905 -7.1892e-05 -0.0049673 0.068417 -0.053506 0.0068092 -0.051824 0.053372 0.0068092 -0.051963 -0.20952 0.037166 0.078066 0.2301 0.06117 0.085745 -0.2153 0.033812 -0.15884 0.23383 -0.060551 0.28905 -0.20919 0.044108 -0.24067 0.1932 -0.029969 0.35466 -0.0433 0.10588 -0.42869 0.074049 0.036892 -0.44005 -0.0024981 0.17286 -0.75324 0.072389 0.059698 -0.77317 -0.061388 0.16595 -0.82567 0.11519 0.061871 -0.85829 0.014887 -0.075453 0.59455
-0.14064 0.038891 0.3343 0.13679 0.020668 0.33234 -0.0040094 -0.01114 0.40903 -0.00027898 -0.0050648 0.068409 -0.05342 0.0066026 -0.05194 0.053497 0.0066026 -0.051861 -0.20986 0.037674 0.077676 0.23074 0.061371 0.086964 -0.21541 0.034405 -0.15924 0.2328 -0.058426 0.29146 -0.20909 0.044687 -0.24105 0.19501 -0.024329 0.3568 -0.042251 0.1055 -0.42882 0.074248 0.036022 -0.44 -0.00069401 0.17245 -0.75329 0.072655 0.058569 -0.77313 -0.059515 0.16606 -0.82582 0.11547 0.059957 -0.85804 0.013789 -0.075712 0.59458
-0.14117 0.039153 0.33398 0.13631 0.0196 0.33285 -0.0049279 -0.011499 0.40901 -0.00049096 -0.0051625 0.068401 -0.053331 0.0063922 -0.052058 0.053606 0.0063922 -0.051774 -0.21019 0.038203 0.077303 0.23211 0.060547 0.088332 -0.21554 0.035011 -0.15962 0.23166 -0.056725 0.29428 -0.209 0.045262 -0.24142 0.19653 -0.020464 0.35977 -0.041242 0.10511 -0.42896 0.074395 0.035165 -0.43995 0.0010592 0.17201 -0.75334 0.07287 0.057444 -0.77311 -0.057697 0.16616 -0.82596 0.11368 0.053425 -0.85693 0.012726 -0.075976 0.5946
-0.14168 0.039398 0.33368 0.13586 0.018521 0.33337 -0.0058259 -0.011857 0.40898 -0.00070969 -0.0052612 0.068391 -0.053237 0.0061827 -0.052178 0.053704 0.0061827 -0.051698 -0.21051 0.038764 0.076943 0.23429 0.058933 0.08988 -0.21568 0.035631 -0.15998 0.23037 -0.055509 0.29732 -0.20891 0.045838 -0.24177 0.19693 -0.018408 0.36321 -0.040264 0.10469 -0.4291 0.074491 0.034315 -0.43992 0.0027815 0.17155 -0.7534 0.073044 0.056293 -0.7731 -0.055916 0.16627 -0.82611 0.10942 0.041547 -0.85468 0.011684 -0.076245 0.59462
-0.14218 0.039627 0.33338 0.13543 0.017444 0.33389 -0.0067005 -0.012209 0.40896 -0.00093224 -0.0053589 0.068381 -0.053142 0.0059756 -0.0523 0.053791 0.0059756 -0.051631 -0.21083 0.039343 0.076597 0.23706 0.056684 0.091545 -0.21583 0.036252 -0.16033 0.22893 -0.054831 0.30041 -0.20883 0.046396 -0.24211 0.1962 -0.017963 0.36682 -0.039323 0.10425 -0.42926 0.074544 0.033484 -0.43991 0.0044564 0.17107 -0.75346 0.073182 0.055137 -0.7731 -0.054187 0.16638 -0.82626 0.10329 0.025975 -0.85145 0.010667 -0.076513 0.59464
-0.14268 0.039839 0.3331 0.13501 0.016384 0.33439 -0.0075466 -0.012549 0.40893 -0.0011549 -0.0054534 0.06837 -0.053046 0.0057718 -0.052419 0.053867 0.0057718 -0.051576 -0.21114 0.039921 0.076268 0.24015 0.053938 0.093247 -0.21599 0.036854 -0.16066 0.2274 -0.054743 0.3034 -0.20875 0.046913 -0.24243 0.19446 -0.01889 0.37025 -0.038429 0.10379 -0.42941 0.074562 0.032684 -0.43989 0.0060609 0.17059 -0.75352 0.073287 0.054001 -0.77311 -0.052535 0.16649 -0.82639 0.096072 0.0087862 -0.84746 0.009685 -0.07677 0.59466
-0.14315 0.040032 0.33283 0.1346 0.01536 0.33487 -0.0083592 -0.012873 0.4089 -0.0013738 -0.005542 0.068359 -0.052954 0.0055721 -0.052534 0.053932 0.0055721 -0.05153 -0.21144 0.040477 0.075955 0.24328 0.050834 0.094905 -0.21615 0.037421 -0.16098 0.22583 -0.055298 0.3061 -0.20869 0.047366 -0.24274 0.19184 -0.02095 0.37321 -0.037589 0.10331 -0.42957 0.074554 0.031927 -0.43989 0.007572 0.17013 -0.75358 0.07336 0.052915 -0.77313 -0.050984 0.16658 -0.82652 0.088564 -0.0079411 -0.84296 0.0087458 -0.077009 0.59467
-0.14361 0.040204 0.33258 0.13421 0.014388 0.33533 -0.0091332 -0.013174 0.40888 -0.0015853 -0.0056224 0.068348 -0.052868 0.0053775 -0.052642 0.053984 0.0053775 -0.051496 -0.21174 0.040992 0.075661 0.24618 0.04751 0.096437 -0.21632 0.037933 -0.16128 0.22424 -0.056548 0.30836 -0.20863 0.047734 -0.24303 0.18845 -0.023905 0.37537 -0.036812 0.10282 -0.42972 0.074529 0.031227 -0.4399 0.0089669 0.1697 -0.75364 0.073405 0.051905 -0.77315 -0.049558 0.16665 -0.82663 0.081552 -0.02213 -0.83818 0.0078588 -0.077221 0.59468
-0.14406 0.040354 0.33235 0.13383 0.013484 0.33574 -0.0098637 -0.013447 0.40885 -0.0017856 -0.0056922 0.068337 -0.052789 0.0051887 -0.05274 0.054025 0.0051887 -0.051472 -0.21203 0.041446 0.075386 0.24857 0.044107 0.097763 -0.21649 0.038372 -0.16155 0.22269 -0.058545 0.31002 -0.20857 0.047993 -0.24331 0.18444 -0.027516 0.37642 -0.036106 0.10233 -0.42987 0.074494 0.030596 -0.4399 0.010222 0.16931 -0.75369 0.073424 0.050999 -0.77318 -0.048279 0.16669 -0.82671 0.075826 -0.031702 -0.83335 0.0070328 -0.077398 0.5947
-0.14448 0.040482 0.33213 0.13345 0.012667 0.33611 -0.010545 -0.013686 0.40882 -0.0019709 -0.0057488 0.068328 -0.052722 0.0050068 -0.052825 0.054055 0.0050068 -0.051459 -0.21231 0.041818 0.075132 0.2502 0.040763 0.098803 -0.21666 0.038721 -0.16181 0.22121 -0.061341 0.31091 -0.20853 0.048121 -0.24357 0.17992 -0.031545 0.37603 -0.03548 0.10184 -0.43001 0.074459 0.030047 -0.43992 0.011316 0.16898 -0.75373 0.07342 0.050224 -0.77321 -0.047173 0.16669 -0.82677 0.072174 -0.034579 -0.82871 0.0062769 -0.077531 0.59471
-0.14489 0.040585 0.33193 0.13308 0.011953 0.33642 -0.011174 -0.013888 0.4088 -0.0021375 -0.00579 0.068319 -0.052667 0.0048326 -0.052894 0.054072 0.0048326 -0.051458 -0.21257 0.042089 0.0749 0.25077 0.037617 0.099476 -0.21684 0.038962 -0.16204 0.21986 -0.06499 0.31086 -0.20851 0.048094 -0.24381 0.17502 -0.035752 0.3739 -0.034943 0.10136 -0.43014 0.074433 0.029592 -0.43994 0.012224 0.16873 -0.75375 0.073395 0.049609 -0.77324 -0.046263 0.16665 -0.8268 0.071385 -0.028685 -0.82449 0.0055998 -0.077613 0.59473
