-0.16075 -0.01052 0.31984 0.11985 -0.0085719 0.33789 -0.025166 -0.039952 0.40648 -0.0051895 -0.0095961 0.067724 -0.052631 0.0043461 -0.052973 0.053823 0.0043461 -0.051761 -0.22701 0.0055049 0.062935 0.19765 -0.076201 0.092901 -0.22096 -0.016577 -0.17296 0.11466 -0.26327 0.21242 -0.20521 -0.019241 -0.2541 0.095467 -0.30053 0.28371 -0.051359 0.093102 -0.43253 0.081571 0.088581 -0.43134 -0.019235 0.1506 -0.75987 0.06464 0.14347 -0.76026 -0.059554 0.1087 -0.83322 0.11232 0.12868 -0.83944 0.007122 -0.13276 0.57753
-0.16088 -0.010465 0.31986 0.11973 -0.0084603 0.33776 -0.025308 -0.040023 0.40646 -0.0052097 -0.0095987 0.067722 -0.052623 0.004361 -0.05298 0.05384 0.004361 -0.051742 -0.22723 0.0056311 0.062973 0.19747 -0.079266 0.095438 -0.22119 -0.016431 -0.17292 0.11376 -0.25983 0.22331 -0.20539 -0.019049 -0.25405 0.096949 -0.29985 0.29464 -0.051325 0.093111 -0.43254 0.081586 0.088508 -0.43134 -0.019183 0.15057 -0.75988 0.064689 0.1434 -0.76026 -0.059841 0.10869 -0.83305 0.11239 0.12861 -0.83942 0.0074556 -0.13327 0.57717
-0.16101 -0.010413 0.31987 0.11963 -0.0085487 0.33763 -0.02544 -0.040095 0.40645 -0.0052298 -0.0096013 0.06772 -0.052615 0.0043764 -0.052986 0.053856 0.0043764 -0.051724 -0.22743 0.0057573 0.063014 0.19794 -0.081992 0.097578 -0.22142 -0.016279 -0.17288 0.11322 -0.25631 0.2329 -0.20555 -0.018864 -0.25401 0.098499 -0.29836 0.30435 -0.051289 0.093121 -0.43255 0.081601 0.088434 -0.43134 -0.019128 0.15055 -0.75989 0.064738 0.14334 -0.76026 -0.060083 0.10871 -0.83292 0.11247 0.12855 -0.83941 0.0077679 -0.13375 0.57684
-0.16112 -0.010365 0.31989 0.11954 -0.0088229 0.33749 -0.025564 -0.040168 0.40643 -0.0052497 -0.0096037 0.067718 -0.052608 0.0043922 -0.052992 0.053872 0.0043922 -0.051707 -0.22764 0.0058838 0.063057 0.19901 -0.084424 0.099369 -0.22165 -0.01612 -0.17284 0.113 -0.25275 0.2413 -0.20571 -0.018686 -0.25396 0.1001 -0.29614 0.31293 -0.051251 0.093132 -0.43255 0.081615 0.088359 -0.43134 -0.01907 0.15053 -0.75991 0.064787 0.14327 -0.76027 -0.060284 0.10874 -0.83282 0.11254 0.12848 -0.8394 0.0080598 -0.1342 0.57653
-0.16123 -0.01032 0.3199 0.11948 -0.0092685 0.33734 -0.025679 -0.04024 0.40642 -0.0052693 -0.009606 0.067716 -0.0526 0.0044084 -0.052998 0.053887 0.0044084 -0.05169 -0.22784 0.0060108 0.063102 0.20062 -0.086609 0.10086 -0.22188 -0.015954 -0.1728 0.11309 -0.24918 0.2486 -0.20587 -0.018513 -0.2539 0.10173 -0.29329 0.32048 -0.051211 0.093143 -0.43256 0.081629 0.088284 -0.43135 -0.019011 0.15051 -0.75992 0.064836 0.14321 -0.76027 -0.060445 0.10879 -0.83275 0.11261 0.12841 -0.83939 0.0083324 -0.13463 0.57624
-0.16133 -0.010277 0.31992 0.11942 -0.0098714 0.33718 -0.025787 -0.040314 0.4064 -0.0052887 -0.0096083 0.067714 -0.052593 0.0044249 -0.053004 0.053901 0.0044249 -0.051674 -0.22804 0.0061387 0.063149 0.20271 -0.088594 0.10209 -0.2221 -0.015782 -0.17276 0.11344 -0.24566 0.2549 -0.20602 -0.018345 -0.25384 0.10337 -0.2899 0.32709 -0.05117 0.093154 -0.43257 0.081642 0.088209 -0.43135 -0.018949 0.15049 -0.75993 0.064884 0.14314 -0.76028 -0.06057 0.10886 -0.8327 0.11268 0.12834 -0.83938 0.0085864 -0.13504 0.57597
-0.16143 -0.010237 0.31994 0.11938 -0.010617 0.33703 -0.025887 -0.040388 0.40639 -0.0053079 -0.0096106 0.067713 -0.052586 0.0044415 -0.05301 0.053914 0.0044415 -0.051658 -0.22824 0.0062677 0.063198 0.20522 -0.090426 0.10311 -0.22232 -0.015603 -0.17272 0.11401 -0.24221 0.2603 -0.20616 -0.018181 -0.25378 0.105 -0.28607 0.33285 -0.051127 0.093166 -0.43258 0.081655 0.088134 -0.43136 -0.018887 0.15047 -0.75994 0.064931 0.14307 -0.76028 -0.06066 0.10894 -0.83269 0.11274 0.12828 -0.83938 0.0088228 -0.13543 0.57571
-0.16151 -0.0102 0.31995 0.11935 -0.011492 0.33686 -0.025979 -0.040462 0.40638 -0.0053268 -0.0096128 0.067711 -0.052579 0.0044582 -0.053016 0.053927 0.0044582 -0.051643 -0.22843 0.0063981 0.06325 0.2081 -0.092152 0.10397 -0.22255 -0.015418 -0.17267 0.11479 -0.23889 0.2649 -0.2063 -0.018019 -0.25372 0.10661 -0.28188 0.33785 -0.051084 0.093179 -0.43258 0.081667 0.08806 -0.43136 -0.018824 0.15045 -0.75995 0.064977 0.143 -0.76029 -0.060719 0.10904 -0.83269 0.11281 0.12821 -0.83937 0.0090426 -0.13579 0.57547
-0.1616 -0.010165 0.31997 0.11933 -0.012481 0.3367 -0.026065 -0.040536 0.40636 -0.0053454 -0.0096151 0.067709 -0.052572 0.0044749 -0.053021 0.053939 0.0044749 -0.051629 -0.22863 0.0065302 0.063304 0.21128 -0.093818 0.10472 -0.22277 -0.015226 -0.17262 0.11573 -0.23573 0.26879 -0.20643 -0.017859 -0.25365 0.10817 -0.27743 0.34218 -0.05104 0.093191 -0.43259 0.081678 0.087987 -0.43137 -0.01876 0.15043 -0.75996 0.065023 0.14293 -0.76029 -0.060748 0.10915 -0.83273 0.11288 0.12815 -0.83936 0.0092466 -0.13614 0.57525
-0.16167 -0.010132 0.31999 0.11932 -0.01357 0.33653 -0.026145 -0.040612 0.40635 -0.0053638 -0.0096173 0.067707 -0.052565 0.0044915 -0.053027 0.053951 0.0044915 -0.051616 -0.22882 0.0066642 0.063359 0.21472 -0.09547 0.1054 -0.22299 -0.015028 -0.17257 0.11681 -0.23277 0.27207 -0.20657 -0.017699 -0.25358 0.10966 -0.27282 0.34594 -0.050996 0.093203 -0.43259 0.081689 0.087914 -0.43137 -0.018697 0.15041 -0.75997 0.065067 0.14286 -0.7603 -0.060752 0.10928 -0.83278 0.11294 0.12809 -0.83936 0.0094358 -0.13647 0.57504
-0.16174 -0.010102 0.32001 0.11931 -0.014745 0.33636 -0.026219 -0.040687 0.40634 -0.0053818 -0.0096197 0.067705 -0.052558 0.0045079 -0.053032 0.053962 0.0045079 -0.051603 -0.22901 0.0068006 0.063417 0.21834 -0.097157 0.10605 -0.22322 -0.014824 -0.17252 0.11798 -0.23006 0.27484 -0.2067 -0.01754 -0.25351 0.11107 -0.26813 0.34922 -0.050951 0.093216 -0.4326 0.081699 0.087842 -0.43138 -0.018634 0.15039 -0.75998 0.06511 0.14279 -0.76031 -0.060731 0.10942 -0.83285 0.11301 0.12803 -0.83936 0.0096111 -0.13678 0.57485
-0.16181 -0.010073 0.32003 0.11931 -0.015991 0.33618 -0.026288 -0.040764 0.40633 -0.0053995 -0.0096221 0.067704 -0.052552 0.0045241 -0.053037 0.053973 0.0045241 -0.05159 -0.22919 0.0069394 0.063477 0.2221 -0.098924 0.10673 -0.22344 -0.014614 -0.17247 0.11922 -0.22763 0.27721 -0.20683 -0.017379 -0.25344 0.11237 -0.26345 0.35211 -0.050907 0.093228 -0.43261 0.081708 0.087772 -0.43139 -0.018571 0.15038 -0.75999 0.065152 0.14273 -0.76032 -0.060689 0.10957 -0.83294 0.11307 0.12797 -0.83935 0.0097734 -0.13708 0.57466
-0.16187 -0.010046 0.32005 0.11932 -0.017295 0.33601 -0.026352 -0.04084 0.40632 -0.0054168 -0.0096246 0.067702 -0.052546 0.0045399 -0.053041 0.053982 0.0045399 -0.051578 -0.22938 0.007081 0.06354 0.22594 -0.10082 0.10748 -0.22367 -0.014398 -0.17242 0.12049 -0.22552 0.27925 -0.20697 -0.017215 -0.25336 0.11355 -0.25889 0.3547 -0.050864 0.093241 -0.43261 0.081717 0.087703 -0.43139 -0.018509 0.15036 -0.75999 0.065193 0.14266 -0.76032 -0.060628 0.10973 -0.83305 0.11313 0.12791 -0.83935 0.0099236 -0.13736 0.57449
-0.16193 -0.010021 0.32007 0.11934 -0.018642 0.33583 -0.026412 -0.040917 0.40631 -0.0054338 -0.0096273 0.0677 -0.05254 0.0045553 -0.053046 0.053992 0.0045553 -0.051567 -0.22957 0.0072258 0.063604 0.2298 -0.10289 0.10835 -0.2239 -0.014176 -0.17236 0.12177 -0.22378 0.28109 -0.20711 -0.017049 -0.25329 0.11458 -0.25453 0.35708 -0.050821 0.093253 -0.43262 0.081725 0.087636 -0.4314 -0.018449 0.15034 -0.76 0.065232 0.14259 -0.76033 -0.060551 0.10991 -0.83317 0.11319 0.12785 -0.83935 0.010063 -0.13763 0.57433
-0.16198 -0.0099975 0.3201 0.11935 -0.020018 0.33565 -0.026467 -0.040995 0.4063 -0.0054505 -0.0096301 0.067698 -0.052534 0.0045701 -0.05305 0.054 0.0045701 -0.051557 -0.22975 0.0073739 0.06367 0.23362 -0.10518 0.10938 -0.22413 -0.013948 -0.1723 0.12301 -0.22244 0.28281 -0.20725 -0.016878 -0.25321 0.11545 -0.25046 0.35935 -0.050779 0.093265 -0.43262 0.081732 0.087571 -0.43141 -0.018391 0.15032 -0.76001 0.065269 0.14252 -0.76034 -0.060461 0.11009 -0.8333 0.11324 0.1278 -0.83935 0.010191 -0.13789 0.57418
-0.16203 -0.0099751 0.32012 0.11937 -0.021409 0.33548 -0.026519 -0.041073 0.40628 -0.0054667 -0.009633 0.067697 -0.052529 0.0045844 -0.053054 0.054008 0.0045844 -0.051547 -0.22993 0.0075256 0.063738 0.23734 -0.10773 0.11063 -0.22437 -0.013714 -0.17224 0.12419 -0.22155 0.28451 -0.20739 -0.016703 -0.25313 0.11614 -0.24678 0.3616 -0.050738 0.093276 -0.43263 0.081738 0.087508 -0.43141 -0.018335 0.15031 -0.76002 0.065304 0.14246 -0.76035 -0.060359 0.11028 -0.83345 0.1133 0.12775 -0.83935 0.010311 -0.13813 0.57403
-0.16208 -0.0099539 0.32015 0.11938 -0.0228 0.3353 -0.026568 -0.041152 0.40627 -0.0054825 -0.0096362 0.067695 -0.052524 0.004598 -0.053058 0.054016 0.004598 -0.051538 -0.23012 0.0076813 0.063808 0.24091 -0.1106 0.11213 -0.22461 -0.013474 -0.17218 0.12527 -0.22115 0.28629 -0.20754 -0.016521 -0.25304 0.11663 -0.24358 0.36392 -0.050699 0.093287 -0.43263 0.081744 0.087447 -0.43142 -0.018282 0.15029 -0.76003 0.065337 0.1424 -0.76036 -0.060249 0.11048 -0.8336 0.11335 0.1277 -0.83935 0.010422 -0.13837 0.5739
-0.16213 -0.0099337 0.32017 0.1194 -0.024176 0.33512 -0.026614 -0.041232 0.40626 -0.0054979 -0.0096395 0.067693 -0.05252 0.0046108 -0.053061 0.054023 0.0046108 -0.05153 -0.2303 0.0078412 0.06388 0.24427 -0.11383 0.11394 -0.22485 -0.013229 -0.17212 0.12622 -0.22127 0.28825 -0.2077 -0.016332 -0.25296 0.1169 -0.24095 0.36641 -0.050662 0.093297 -0.43263 0.081748 0.087389 -0.43143 -0.018231 0.15027 -0.76003 0.065369 0.14234 -0.76037 -0.060133 0.11068 -0.83377 0.1134 0.12765 -0.83935 0.010526 -0.1386 0.57377
-0.16217 -0.0099143 0.3202 0.11942 -0.025525 0.33495 -0.026657 -0.041312 0.40625 -0.0055129 -0.0096431 0.067692 -0.052516 0.0046227 -0.053064 0.054029 0.0046227 -0.051522 -0.23048 0.0080055 0.063954 0.24736 -0.11747 0.11611 -0.2251 -0.012978 -0.17205 0.12701 -0.22196 0.29048 -0.20786 -0.016135 -0.25287 0.11693 -0.23898 0.36915 -0.050627 0.093307 -0.43264 0.081752 0.087333 -0.43144 -0.018184 0.15026 -0.76004 0.065397 0.14228 -0.76038 -0.060014 0.11089 -0.83394 0.11345 0.12761 -0.83935 0.010623 -0.13882 0.57364
-0.16222 -0.0098957 0.32023 0.11943 -0.026831 0.33477 -0.0267 -0.041392 0.40624 -0.0055274 -0.0096469 0.06769 -0.052512 0.0046337 -0.053067 0.054035 0.0046337 -0.051515 -0.23067 0.0081747 0.06403 0.25012 -0.12157 0.11867 -0.22535 -0.012722 -0.17199 0.12761 -0.22326 0.29309 -0.20803 -0.015929 -0.25279 0.1167 -0.23778 0.37223 -0.050595 0.093316 -0.43264 0.081755 0.087281 -0.43144 -0.018141 0.15024 -0.76005 0.065424 0.14222 -0.76039 -0.059894 0.11111 -0.83411 0.11349 0.12757 -0.83935 0.010714 -0.13904 0.57352
-0.16226 -0.0098777 0.32026 0.11943 -0.028081 0.3346 -0.02674 -0.041473 0.40623 -0.0055414 -0.0096511 0.067688 -0.052509 0.0046437 -0.053069 0.054041 0.0046437 -0.051508 -0.23085 0.0083488 0.064107 0.25249 -0.12616 0.12168 -0.22561 -0.01246 -0.17192 0.12797 -0.22521 0.29617 -0.20821 -0.015713 -0.2527 0.11619 -0.23742 0.37576 -0.050565 0.093324 -0.43264 0.081757 0.087232 -0.43145 -0.018102 0.15022 -0.76005 0.065448 0.14217 -0.76039 -0.059776 0.11133 -0.83429 0.11353 0.12754 -0.83936 0.010801 -0.13925 0.57341
-0.1623 -0.00986 0.32029 0.11944 -0.029259 0.33443 -0.02678 -0.041555 0.40622 -0.005555 -0.0096555 0.067686 -0.052506 0.0046525 -0.053071 0.054045 0.0046525 -0.051502 -0.23103 0.0085283 0.064187 0.25443 -0.1313 0.12518 -0.22588 -0.012193 -0.17185 0.12807 -0.22784 0.29982 -0.20841 -0.015486 -0.25261 0.11538 -0.238 0.37981 -0.050538 0.093331 -0.43264 0.081757 0.087186 -0.43146 -0.018067 0.1502 -0.76006 0.06547 0.14212 -0.7604 -0.059662 0.11156 -0.83447 0.11357 0.1275 -0.83936 0.010884 -0.13946 0.57329
-0.16234 -0.0098426 0.32032 0.11943 -0.030352 0.33426 -0.026819 -0.041637 0.40621 -0.005568 -0.0096602 0.067685 -0.052503 0.0046601 -0.053073 0.05405 0.0046601 -0.051497 -0.23122 0.0087135 0.064269 0.25586 -0.13704 0.12921 -0.22615 -0.01192 -0.17178 0.12788 -0.23121 0.30414 -0.20861 -0.015248 -0.25253 0.11426 -0.23963 0.38449 -0.050514 0.093337 -0.43265 0.081757 0.087144 -0.43146 -0.018037 0.15018 -0.76007 0.065488 0.14207 -0.76041 -0.059555 0.11179 -0.83465 0.1136 0.12747 -0.83936 0.010964 -0.13967 0.57318
-0.16239 -0.0098253 0.32035 0.11942 -0.031346 0.3341 -0.026859 -0.04172 0.4062 -0.0055806 -0.0096653 0.067683 -0.052501 0.0046664 -0.053074 0.054053 0.0046664 -0.051493 -0.23141 0.0089045 0.064352 0.25673 -0.14342 0.13384 -0.22643 -0.011643 -0.1717 0.12736 -0.23535 0.30923 -0.20882 -0.014996 -0.25244 0.1128 -0.24237 0.38988 -0.050494 0.093343 -0.43265 0.081756 0.087105 -0.43147 -0.018012 0.15016 -0.76007 0.065504 0.14202 -0.76042 -0.059457 0.11202 -0.83482 0.11363 0.12745 -0.83936 0.011042 -0.13987 0.57307
-0.16243 -0.009808 0.32038 0.11939 -0.032225 0.33394 -0.026898 -0.041804 0.40619 -0.0055926 -0.0096708 0.067681 -0.0525 0.0046713 -0.053075 0.054057 0.0046713 -0.051489 -0.23159 0.0091016 0.064437 0.25699 -0.15049 0.1391 -0.22671 -0.01136 -0.17163 0.12649 -0.2403 0.31518 -0.20905 -0.01473 -0.25235 0.11099 -0.24634 0.39608 -0.050477 0.093347 -0.43265 0.081754 0.087071 -0.43147 -0.017993 0.15014 -0.76008 0.065517 0.14198 -0.76043 -0.059372 0.11225 -0.83499 0.11366 0.12742 -0.83936 0.011119 -0.14008 0.57296
-0.16247 -0.0097904 0.32042 0.11936 -0.032979 0.33379 -0.026939 -0.041888 0.40618 -0.005604 -0.0096766 0.067679 -0.052499 0.0046748 -0.053076 0.054059 0.0046748 -0.051486 -0.23178 0.0093054 0.064524 0.25659 -0.15828 0.14503 -0.227 -0.011072 -0.17155 0.12522 -0.2461 0.32209 -0.2093 -0.01445 -0.25226 0.1088 -0.25161 0.40317 -0.050465 0.093349 -0.43265 0.081751 0.087041 -0.43148 -0.01798 0.15012 -0.76008 0.065527 0.14194 -0.76043 -0.059301 0.11249 -0.83516 0.11369 0.1274 -0.83936 0.011195 -0.14028 0.57284
-0.16252 -0.0097725 0.32045 0.11932 -0.033618 0.33364 -0.026979 -0.041972 0.40617 -0.0056149 -0.0096827 0.067678 -0.052499 0.0046772 -0.053076 0.054062 0.0046772 -0.051483 -0.23197 0.0095176 0.064613 0.25553 -0.16674 0.15159 -0.2273 -0.010778 -0.17147 0.12362 -0.25274 0.32986 -0.20955 -0.014154 -0.25217 0.10632 -0.25818 0.41106 -0.050455 0.093351 -0.43265 0.081747 0.087014 -0.43148 -0.017972 0.1501 -0.76008 0.065534 0.14191 -0.76044 -0.059243 0.11272 -0.83532 0.11371 0.12739 -0.83937 0.011272 -0.14049 0.57273
-0.16256 -0.0097539 0.32049 0.11927 -0.03417 0.3335 -0.027019 -0.042055 0.40615 -0.0056254 -0.0096891 0.067676 -0.052499 0.0046788 -0.053075 0.054064 0.0046788 -0.051481 -0.23216 0.0097413 0.064703 0.25391 -0.17574 0.15869 -0.22761 -0.010477 -0.17139 0.12177 -0.26017 0.33833 -0.20982 -0.013842 -0.25208 0.10365 -0.26597 0.41956 -0.050449 0.093352 -0.43265 0.081742 0.086991 -0.43148 -0.017967 0.15008 -0.76009 0.065538 0.14188 -0.76044 -0.059193 0.11296 -0.83548 0.11372 0.12738 -0.83937 0.011348 -0.14069 0.57262
-0.16261 -0.0097344 0.32053 0.11922 -0.034662 0.33337 -0.027055 -0.042135 0.40614 -0.0056353 -0.0096955 0.067674 -0.0525 0.0046803 -0.053075 0.054065 0.0046803 -0.05148 -0.23235 0.0099792 0.064797 0.25178 -0.18516 0.16624 -0.22792 -0.010166 -0.1713 0.11976 -0.26836 0.3473 -0.2101 -0.013512 -0.25199 0.10091 -0.2749 0.42849 -0.050444 0.093353 -0.43265 0.081737 0.086968 -0.43149 -0.017965 0.15006 -0.76009 0.065542 0.14184 -0.76045 -0.059147 0.11319 -0.83564 0.11374 0.12736 -0.83937 0.011423 -0.14089 0.57251
-0.16265 -0.0097138 0.32056 0.11917 -0.035121 0.33325 -0.027089 -0.042213 0.40613 -0.0056449 -0.0097019 0.067672 -0.052501 0.004682 -0.053074 0.054066 0.004682 -0.051479 -0.23254 0.010234 0.064893 0.24922 -0.19486 0.17413 -0.22824 -0.0098452 -0.17122 0.11769 -0.27727 0.35658 -0.2104 -0.013164 -0.2519 0.098224 -0.2849 0.43766 -0.050439 0.093355 -0.43265 0.081731 0.086947 -0.43149 -0.017963 0.15004 -0.7601 0.065545 0.14181 -0.76046 -0.059102 0.11343 -0.83579 0.11375 0.12735 -0.83937 0.011496 -0.14107 0.57241
-0.16268 -0.0096918 0.3206 0.11912 -0.035575 0.33315 -0.027117 -0.042286 0.40613 -0.0056541 -0.0097081 0.067671 -0.052502 0.0046846 -0.053072 0.054066 0.0046846 -0.051478 -0.23273 0.01051 0.064992 0.24629 -0.20473 0.18228 -0.22855 -0.0095118 -0.17112 0.11564 -0.28685 0.36601 -0.2107 -0.012796 -0.25181 0.095707 -0.2959 0.44688 -0.050433 0.093357 -0.43265 0.081724 0.086925 -0.4315 -0.01796 0.15002 -0.7601 0.065548 0.14178 -0.76046 -0.059052 0.11368 -0.83595 0.11377 0.12733 -0.83938 0.011566 -0.14124 0.57231
-0.16271 -0.0096683 0.32064 0.11908 -0.03605 0.33306 -0.027138 -0.042353 0.40612 -0.005663 -0.0097141 0.067669 -0.052503 0.0046884 -0.05307 0.054066 0.0046884 -0.051478 -0.23291 0.010808 0.065094 0.24309 -0.21464 0.19059 -0.22887 -0.0091647 -0.17103 0.11372 -0.29707 0.37539 -0.211 -0.012409 -0.25171 0.093476 -0.30782 0.45596 -0.050426 0.09336 -0.43265 0.081717 0.086902 -0.4315 -0.017954 0.15 -0.7601 0.065551 0.14175 -0.76047 -0.058994 0.11392 -0.83611 0.11378 0.12731 -0.83938 0.011634 -0.1414 0.57223
-0.16273 -0.009643 0.32068 0.11905 -0.036574 0.333 -0.027152 -0.042414 0.40611 -0.0056716 -0.0097196 0.067668 -0.052505 0.0046939 -0.053068 0.054066 0.0046939 -0.051478 -0.2331 0.011132 0.065199 0.23966 -0.22446 0.19896 -0.2292 -0.0088023 -0.17093 0.11201 -0.30788 0.38453 -0.21132 -0.012001 -0.25161 0.091649 -0.32059 0.46472 -0.050417 0.093366 -0.43264 0.08171 0.086877 -0.43151 -0.017944 0.14998 -0.7601 0.065556 0.14172 -0.76048 -0.058924 0.11417 -0.83627 0.11379 0.12728 -0.83939 0.011699 -0.14153 0.57216
-0.16274 -0.0096156 0.32071 0.11903 -0.037175 0.33295 -0.027157 -0.042467 0.4061 -0.0056799 -0.0097247 0.067666 -0.052507 0.0047017 -0.053066 0.054065 0.0047017 -0.051478 -0.23328 0.011485 0.065308 0.23608 -0.23406 0.20731 -0.22952 -0.0084231 -0.17083 0.11061 -0.31924 0.39326 -0.21163 -0.011572 -0.25151 0.090344 -0.33414 0.47296 -0.050404 0.093373 -0.43264 0.081703 0.086848 -0.43152 -0.017928 0.14995 -0.76011 0.065563 0.14169 -0.76049 -0.058838 0.11443 -0.83644 0.1138 0.12725 -0.83939 0.01176 -0.14164 0.57211
-0.16274 -0.0095859 0.32075 0.11902 -0.037878 0.33293 -0.027151 -0.042511 0.4061 -0.005688 -0.009729 0.067665 -0.052509 0.0047123 -0.053063 0.054064 0.0047123 -0.051478 -0.23345 0.01187 0.065421 0.23244 -0.24333 0.21553 -0.22984 -0.0080256 -0.17072 0.10961 -0.33111 0.40138 -0.21196 -0.01112 -0.2514 0.089679 -0.34839 0.48049 -0.050386 0.093382 -0.43264 0.081695 0.086815 -0.43153 -0.017905 0.14993 -0.76011 0.065573 0.14165 -0.7605 -0.05873 0.11469 -0.83662 0.11382 0.12721 -0.8394 0.011817 -0.14173 0.57207
-0.16273 -0.0095537 0.32078 0.11903 -0.038713 0.33293 -0.027134 -0.042545 0.4061 -0.005696 -0.0097327 0.067664 -0.052511 0.0047261 -0.05306 0.054062 0.0047261 -0.051478 -0.23362 0.012289 0.065538 0.22878 -0.25214 0.22354 -0.23016 -0.0076082 -0.1706 0.1091 -0.34346 0.40872 -0.21228 -0.010645 -0.25129 0.089771 -0.36326 0.48713 -0.050362 0.093395 -0.43263 0.081688 0.086776 -0.43154 -0.017874 0.14991 -0.76011 0.065586 0.1416 -0.76052 -0.058598 0.11496 -0.8368 0.11383 0.12716 -0.83941 0.011869 -0.14178 0.57205
-0.16271 -0.0095188 0.32081 0.11907 -0.039706 0.33297 -0.027103 -0.042569 0.4061 -0.0057038 -0.0097354 0.067663 -0.052512 0.0047436 -0.053056 0.05406 0.0047436 -0.051479 -0.23379 0.012746 0.065659 0.2252 -0.26035 0.23123 -0.23047 -0.0071694 -0.17048 0.10918 -0.35624 0.41509 -0.21261 -0.010146 -0.25117 0.09074 -0.37869 0.49269 -0.050332 0.093411 -0.43263 0.081682 0.086732 -0.43156 -0.017832 0.1499 -0.76011 0.065603 0.14156 -0.76053 -0.058436 0.11524 -0.837 0.11385 0.1271 -0.83942 0.011915 -0.1418 0.57206
-0.16267 -0.0094809 0.32084 0.11912 -0.040883 0.33303 -0.027059 -0.04258 0.4061 -0.0057115 -0.0097372 0.067662 -0.052514 0.0047652 -0.053053 0.054058 0.0047652 -0.051479 -0.23395 0.013243 0.065785 0.22175 -0.26785 0.23852 -0.23078 -0.0067079 -0.17035 0.10993 -0.3694 0.42031 -0.21293 -0.0096218 -0.25105 0.092697 -0.39459 0.49698 -0.050294 0.09343 -0.43263 0.081676 0.08668 -0.43157 -0.017778 0.14988 -0.76011 0.065625 0.1415 -0.76055 -0.058241 0.11552 -0.8372 0.11387 0.12703 -0.83944 0.011956 -0.14179 0.57209
-0.16262 -0.0094384 0.32087 0.1192 -0.04225 0.33312 -0.026998 -0.04258 0.4061 -0.0057189 -0.0097381 0.067661 -0.052516 0.0047904 -0.053048 0.054055 0.0047904 -0.051479 -0.2341 0.013776 0.065917 0.21847 -0.27461 0.24538 -0.23109 -0.0062297 -0.17022 0.11138 -0.38288 0.42434 -0.21326 -0.0090793 -0.25092 0.095651 -0.41087 0.49998 -0.050251 0.093452 -0.43262 0.081669 0.086622 -0.43159 -0.017716 0.14986 -0.76011 0.06565 0.14144 -0.76057 -0.058016 0.1158 -0.83742 0.1139 0.12694 -0.83946 0.011993 -0.14173 0.57214
-0.16255 -0.0093887 0.3209 0.1193 -0.043791 0.33323 -0.026921 -0.042569 0.40611 -0.0057256 -0.0097384 0.06766 -0.052519 0.0048173 -0.053043 0.054052 0.0048173 -0.05148 -0.23425 0.014333 0.066058 0.21537 -0.28069 0.25182 -0.23139 -0.0057477 -0.17007 0.11347 -0.39656 0.42729 -0.21358 -0.0085307 -0.25078 0.099508 -0.42738 0.50179 -0.050208 0.093474 -0.43262 0.081661 0.086565 -0.43161 -0.017654 0.14984 -0.76011 0.065674 0.14138 -0.76059 -0.057772 0.11609 -0.83764 0.11392 0.12686 -0.83947 0.012032 -0.14162 0.57223
-0.16247 -0.009329 0.32095 0.11942 -0.045487 0.33337 -0.026826 -0.04255 0.40612 -0.0057309 -0.0097385 0.06766 -0.052523 0.0048442 -0.053036 0.054048 0.0048442 -0.051481 -0.23439 0.014903 0.066211 0.21242 -0.28615 0.25789 -0.23169 -0.0052752 -0.16991 0.11614 -0.41032 0.42926 -0.21391 -0.0079889 -0.25063 0.10417 -0.44399 0.50255 -0.05017 0.093493 -0.43262 0.08165 0.086511 -0.43163 -0.017599 0.14982 -0.76011 0.065692 0.14133 -0.76061 -0.057517 0.11638 -0.83787 0.11393 0.12678 -0.83949 0.012078 -0.14146 0.57234
-0.16238 -0.0092566 0.321 0.11954 -0.047323 0.33354 -0.026712 -0.042524 0.40613 -0.0057345 -0.0097387 0.067659 -0.05253 0.0048694 -0.053028 0.054044 0.0048694 -0.051483 -0.23453 0.015474 0.06638 0.20964 -0.29106 0.26361 -0.23199 -0.0048255 -0.16973 0.11935 -0.42407 0.43037 -0.21424 -0.007467 -0.25046 0.10953 -0.46058 0.50236 -0.050143 0.093505 -0.43261 0.081635 0.086466 -0.43165 -0.017561 0.1498 -0.76011 0.065701 0.14128 -0.76063 -0.057262 0.11665 -0.8381 0.11394 0.12671 -0.83951 0.012135 -0.14124 0.5725
-0.16227 -0.0091687 0.32108 0.11968 -0.049281 0.33372 -0.026577 -0.042492 0.40614 -0.0057359 -0.0097394 0.067659 -0.052538 0.004891 -0.053017 0.054039 0.004891 -0.051485 -0.23466 0.016035 0.066567 0.20702 -0.29548 0.26902 -0.2323 -0.0044119 -0.16954 0.12304 -0.43768 0.43072 -0.21458 -0.0069776 -0.25027 0.11549 -0.47699 0.50135 -0.050131 0.093509 -0.4326 0.081613 0.086435 -0.43166 -0.017547 0.14977 -0.76011 0.065695 0.14124 -0.76065 -0.057017 0.11691 -0.83834 0.11394 0.12665 -0.83952 0.012209 -0.14095 0.57268
-0.16215 -0.0090625 0.32117 0.11981 -0.051345 0.33391 -0.02642 -0.042455 0.40615 -0.0057346 -0.0097408 0.067659 -0.052551 0.0049072 -0.053003 0.054033 0.0049072 -0.05149 -0.23479 0.016573 0.066775 0.20454 -0.29948 0.27413 -0.2326 -0.0040477 -0.16931 0.12716 -0.45104 0.43042 -0.21492 -0.0065338 -0.25006 0.12195 -0.4931 0.49964 -0.050141 0.0935 -0.43259 0.081585 0.086423 -0.43167 -0.017566 0.14974 -0.76011 0.06567 0.14122 -0.76066 -0.056794 0.11715 -0.83857 0.11392 0.12662 -0.83953 0.012305 -0.14058 0.57291
-0.16201 -0.0089354 0.32129 0.11995 -0.053497 0.33412 -0.026241 -0.042417 0.40616 -0.0057301 -0.0097434 0.067659 -0.052567 0.0049163 -0.052986 0.054027 0.0049163 -0.051496 -0.23493 0.017078 0.067007 0.20222 -0.30312 0.27899 -0.2329 -0.0037462 -0.16906 0.13164 -0.46404 0.42958 -0.21526 -0.0061483 -0.24983 0.12881 -0.50878 0.49735 -0.050177 0.093477 -0.43259 0.081547 0.086434 -0.43168 -0.017625 0.1497 -0.7601 0.065623 0.14122 -0.76067 -0.056601 0.11736 -0.8388 0.11388 0.12663 -0.83954 0.012428 -0.14014 0.57317
-0.16186 -0.0087845 0.32144 0.12009 -0.055719 0.33434 -0.026037 -0.042377 0.40618 -0.005722 -0.0097474 0.067659 -0.052587 0.0049165 -0.052966 0.054019 0.0049165 -0.051503 -0.23505 0.017537 0.067267 0.20004 -0.30647 0.28362 -0.23321 -0.0035207 -0.16878 0.13645 -0.47657 0.42831 -0.21562 -0.0058342 -0.24956 0.13597 -0.52388 0.49461 -0.050245 0.093436 -0.43257 0.0815 0.086473 -0.43168 -0.017734 0.14965 -0.7601 0.06555 0.14124 -0.76068 -0.056448 0.11755 -0.83902 0.11381 0.12666 -0.83954 0.012584 -0.13961 0.57348
-0.1617 -0.0086072 0.32162 0.12021 -0.057996 0.33457 -0.025807 -0.042338 0.4062 -0.0057097 -0.0097531 0.067659 -0.052613 0.004906 -0.052941 0.054011 0.004906 -0.051513 -0.23518 0.017939 0.067557 0.198 -0.30959 0.28805 -0.23353 -0.0033844 -0.16847 0.14151 -0.48851 0.42672 -0.21598 -0.0056043 -0.24926 0.14334 -0.53827 0.49153 -0.05035 0.093375 -0.43256 0.081441 0.086545 -0.43168 -0.0179 0.14959 -0.76009 0.065444 0.14129 -0.76067 -0.056347 0.1177 -0.83923 0.11372 0.12675 -0.83953 0.012776 -0.13898 0.57384
-0.16153 -0.0084006 0.32184 0.12033 -0.060311 0.3348 -0.025551 -0.042301 0.40622 -0.0056928 -0.009761 0.06766 -0.052644 0.004883 -0.052913 0.054002 0.004883 -0.051525 -0.23531 0.018272 0.06788 0.1961 -0.31255 0.29231 -0.23385 -0.0033507 -0.16812 0.14678 -0.49976 0.42492 -0.21635 -0.0054715 -0.24892 0.1508 -0.55182 0.48824 -0.050498 0.09329 -0.43255 0.081369 0.086655 -0.43167 -0.018131 0.14953 -0.76008 0.065304 0.14136 -0.76066 -0.056307 0.11781 -0.83943 0.11361 0.12688 -0.83952 0.013011 -0.13825 0.57424
-0.16134 -0.0081619 0.3221 0.12043 -0.062645 0.33503 -0.025267 -0.042267 0.40624 -0.0056709 -0.0097714 0.06766 -0.052682 0.0048458 -0.052879 0.053992 0.0048458 -0.05154 -0.23544 0.018524 0.06824 0.19433 -0.31542 0.29644 -0.23418 -0.0034329 -0.16774 0.1522 -0.5102 0.423 -0.21674 -0.0054486 -0.24855 0.15826 -0.56439 0.48485 -0.050693 0.093179 -0.43253 0.081283 0.086807 -0.43165 -0.018436 0.14945 -0.76007 0.065123 0.14148 -0.76064 -0.056339 0.11788 -0.83961 0.11346 0.12707 -0.83949 0.013293 -0.13742 0.5747
-0.16113 -0.0078886 0.32241 0.12051 -0.064982 0.33526 -0.024954 -0.042239 0.40626 -0.0056433 -0.0097845 0.067661 -0.052726 0.0047925 -0.05284 0.053981 0.0047925 -0.051558 -0.23557 0.018685 0.068639 0.19269 -0.31824 0.30046 -0.23451 -0.0036441 -0.1673 0.15773 -0.51973 0.4211 -0.21713 -0.0055485 -0.24814 0.16563 -0.57584 0.48149 -0.050942 0.093038 -0.43252 0.081181 0.087006 -0.43162 -0.018823 0.14936 -0.76006 0.064898 0.14163 -0.76062 -0.056452 0.1179 -0.83978 0.11327 0.12733 -0.83946 0.013628 -0.13647 0.57521
-0.16092 -0.0075817 0.32277 0.12057 -0.067307 0.33549 -0.024611 -0.042216 0.40628 -0.0056099 -0.0098005 0.067661 -0.052778 0.0047221 -0.052795 0.053968 0.0047221 -0.051578 -0.23571 0.018749 0.069078 0.19119 -0.32107 0.30438 -0.23486 -0.0039915 -0.16683 0.16331 -0.52828 0.41926 -0.21754 -0.0057784 -0.24768 0.17283 -0.58612 0.47824 -0.051246 0.092867 -0.4325 0.081061 0.087256 -0.43158 -0.019296 0.14926 -0.76004 0.064627 0.14182 -0.76058 -0.056651 0.11787 -0.83993 0.11304 0.12765 -0.83942 0.014017 -0.13541 0.57577
-0.16069 -0.0072483 0.32317 0.12062 -0.069608 0.33572 -0.024239 -0.042199 0.4063 -0.0055705 -0.009819 0.067662 -0.052836 0.0046343 -0.052746 0.053954 0.0046343 -0.051602 -0.23584 0.018719 0.069554 0.18983 -0.32388 0.30821 -0.23521 -0.0044727 -0.16632 0.16896 -0.53589 0.41749 -0.21796 -0.0061373 -0.24718 0.17989 -0.59526 0.4751 -0.051605 0.092665 -0.43247 0.080923 0.087553 -0.43153 -0.019853 0.14914 -0.76003 0.064307 0.14205 -0.76053 -0.056931 0.11779 -0.84007 0.11277 0.12804 -0.83937 0.014457 -0.13424 0.57638
-0.16045 -0.0068959 0.32361 0.12066 -0.071874 0.33594 -0.02384 -0.042186 0.40632 -0.0055251 -0.0098397 0.067663 -0.052899 0.004529 -0.052692 0.053938 0.004529 -0.051629 -0.23596 0.018603 0.070061 0.18863 -0.32665 0.31191 -0.23555 -0.0050847 -0.16576 0.17466 -0.54261 0.41579 -0.21837 -0.0066231 -0.24664 0.18683 -0.6033 0.47209 -0.052014 0.092432 -0.43245 0.080765 0.087895 -0.43147 -0.020491 0.14901 -0.76001 0.063938 0.14232 -0.76047 -0.057287 0.11768 -0.8402 0.11247 0.12848 -0.83931 0.014944 -0.13297 0.57703
-0.16021 -0.006532 0.32409 0.1207 -0.074092 0.33616 -0.023414 -0.042176 0.40635 -0.0054736 -0.0098623 0.067664 -0.052968 0.004406 -0.052634 0.05392 0.004406 -0.05166 -0.23609 0.018403 0.070597 0.18761 -0.32935 0.31548 -0.23589 -0.0058242 -0.16517 0.18042 -0.54848 0.41417 -0.21878 -0.0072338 -0.24607 0.19365 -0.61031 0.46921 -0.052474 0.092169 -0.43243 0.080584 0.088282 -0.4314 -0.021209 0.14886 -0.75999 0.06352 0.14262 -0.7604 -0.057713 0.11753 -0.84031 0.11211 0.12899 -0.83923 0.015475 -0.13162 0.57772
-0.15995 -0.0061641 0.3246 0.12074 -0.076252 0.33637 -0.022963 -0.042168 0.40637 -0.0054159 -0.0098863 0.067665 -0.05304 0.0042654 -0.052573 0.0539 0.0042654 -0.051694 -0.2362 0.018127 0.071158 0.18678 -0.33198 0.31892 -0.23622 -0.0066882 -0.16456 0.18623 -0.55355 0.4126 -0.21919 -0.0079676 -0.24547 0.20038 -0.61631 0.46647 -0.052981 0.091877 -0.4324 0.08038 0.088711 -0.43132 -0.022003 0.1487 -0.75997 0.063051 0.14295 -0.76033 -0.058205 0.11735 -0.84043 0.11172 0.12956 -0.83915 0.016045 -0.13019 0.57843
-0.15968 -0.0057999 0.32513 0.12078 -0.078341 0.33658 -0.022486 -0.042162 0.4064 -0.0053521 -0.0099115 0.067666 -0.053115 0.0041069 -0.05251 0.053877 0.0041069 -0.051731 -0.2363 0.01778 0.071739 0.18616 -0.3345 0.32219 -0.23654 -0.0076736 -0.16391 0.19209 -0.55786 0.4111 -0.21958 -0.0088225 -0.24484 0.20703 -0.62138 0.46388 -0.053533 0.091554 -0.43237 0.080151 0.08918 -0.43123 -0.02287 0.14852 -0.75995 0.062531 0.14331 -0.76024 -0.058756 0.11714 -0.84054 0.11127 0.13018 -0.83906 0.016651 -0.12869 0.57918
-0.1594 -0.0054467 0.32568 0.12084 -0.080347 0.33679 -0.021986 -0.042157 0.40642 -0.0052819 -0.0099375 0.067668 -0.053194 0.0039305 -0.052444 0.05385 0.0039305 -0.051772 -0.23639 0.017365 0.072336 0.18577 -0.33689 0.3253 -0.23684 -0.0087771 -0.16323 0.19801 -0.56145 0.40966 -0.21996 -0.0097966 -0.24419 0.21361 -0.62554 0.46144 -0.054127 0.091203 -0.43235 0.079895 0.089686 -0.43113 -0.023809 0.14833 -0.75993 0.06196 0.1437 -0.76015 -0.059361 0.11692 -0.84066 0.11078 0.13085 -0.83896 0.01729 -0.12712 0.57995
-0.15911 -0.0051123 0.32626 0.12092 -0.08226 0.33699 -0.021464 -0.042151 0.40645 -0.0052054 -0.0099639 0.06767 -0.053273 0.003736 -0.052377 0.053821 0.003736 -0.051817 -0.23647 0.01689 0.072947 0.18561 -0.33914 0.32822 -0.23711 -0.0099958 -0.16254 0.20397 -0.56437 0.40827 -0.22031 -0.010888 -0.24351 0.22015 -0.62886 0.45917 -0.054763 0.090822 -0.43232 0.079611 0.090229 -0.43103 -0.024816 0.14811 -0.75991 0.061335 0.14412 -0.76004 -0.060015 0.11668 -0.84078 0.11024 0.13157 -0.83886 0.017957 -0.12551 0.58073
-0.15881 -0.004804 0.32684 0.12103 -0.084067 0.33718 -0.020919 -0.042145 0.40648 -0.0051226 -0.0099904 0.067672 -0.053354 0.0035233 -0.052309 0.053787 0.0035233 -0.051866 -0.23652 0.016359 0.073566 0.1857 -0.34122 0.33095 -0.23736 -0.011326 -0.16182 0.20997 -0.56667 0.40694 -0.22063 -0.012094 -0.24281 0.22667 -0.63138 0.45707 -0.055437 0.090412 -0.4323 0.079297 0.090805 -0.43091 -0.02589 0.14788 -0.75988 0.060657 0.14456 -0.75993 -0.060712 0.11643 -0.84091 0.10965 0.13233 -0.83874 0.018649 -0.12385 0.58152
-0.15851 -0.0045295 0.32744 0.12117 -0.085757 0.33736 -0.020354 -0.042137 0.40651 -0.0050332 -0.010017 0.067675 -0.053435 0.0032922 -0.052241 0.05375 0.0032922 -0.051918 -0.23656 0.015777 0.074191 0.18606 -0.3431 0.33348 -0.23757 -0.012766 -0.16109 0.21602 -0.56838 0.40567 -0.22093 -0.013414 -0.2421 0.23317 -0.63314 0.45514 -0.056148 0.089974 -0.43227 0.078952 0.091414 -0.43079 -0.027027 0.14763 -0.75986 0.059924 0.14502 -0.75981 -0.061448 0.11617 -0.84105 0.10901 0.13314 -0.83862 0.019362 -0.12216 0.58232
-0.15819 -0.0042962 0.32804 0.12134 -0.087319 0.33754 -0.019769 -0.042126 0.40653 -0.0049374 -0.010042 0.067678 -0.053516 0.0030428 -0.052172 0.053709 0.0030428 -0.051974 -0.23657 0.015149 0.074816 0.18671 -0.34478 0.33578 -0.23775 -0.014311 -0.16035 0.22211 -0.56955 0.40444 -0.22118 -0.014846 -0.24137 0.23968 -0.6342 0.4534 -0.056893 0.089508 -0.43225 0.078573 0.092052 -0.43066 -0.028225 0.14736 -0.75984 0.059137 0.1455 -0.75968 -0.062216 0.11592 -0.8412 0.10832 0.13398 -0.83848 0.020092 -0.12045 0.58311
-0.15787 -0.0041117 0.32865 0.12155 -0.088739 0.33771 -0.019166 -0.042111 0.40656 -0.0048349 -0.010067 0.067682 -0.053595 0.0027748 -0.052104 0.053663 0.0027748 -0.052035 -0.23656 0.014482 0.075439 0.18765 -0.34622 0.33785 -0.23788 -0.015959 -0.15959 0.22824 -0.57023 0.40325 -0.2214 -0.016386 -0.24063 0.24621 -0.63461 0.45186 -0.057669 0.089014 -0.43222 0.07816 0.092719 -0.43052 -0.029482 0.14707 -0.75983 0.058293 0.146 -0.75955 -0.063011 0.11567 -0.84138 0.10757 0.13486 -0.83834 0.020835 -0.11872 0.5839
-0.15755 -0.0039836 0.32924 0.12182 -0.090008 0.33787 -0.018545 -0.042092 0.40659 -0.0047258 -0.01009 0.067686 -0.053672 0.0024882 -0.052038 0.053612 0.0024882 -0.052099 -0.23652 0.01378 0.076055 0.1889 -0.34741 0.33968 -0.23797 -0.017706 -0.15883 0.23441 -0.57046 0.40211 -0.22157 -0.018035 -0.23989 0.25277 -0.63441 0.45051 -0.058476 0.088493 -0.4322 0.077711 0.093412 -0.43038 -0.030794 0.14676 -0.75981 0.057393 0.14651 -0.7594 -0.063829 0.11544 -0.84157 0.10676 0.13578 -0.8382 0.021589 -0.11698 0.58468
-0.15722 -0.0039193 0.32984 0.12213 -0.091113 0.33803 -0.017907 -0.042068 0.40662 -0.00461 -0.010112 0.06769 -0.053747 0.0021828 -0.051973 0.053555 0.0021828 -0.052168 -0.23645 0.013049 0.07666 0.19049 -0.34832 0.34124 -0.23801 -0.019549 -0.15806 0.24061 -0.57028 0.40102 -0.22169 -0.019789 -0.23914 0.2594 -0.63365 0.44937 -0.059311 0.087944 -0.43218 0.077224 0.094128 -0.43023 -0.03216 0.14643 -0.7598 0.056435 0.14703 -0.75925 -0.064663 0.11522 -0.84179 0.1059 0.13673 -0.83804 0.022348 -0.11525 0.58544
-0.15688 -0.0039264 0.33042 0.12251 -0.092042 0.33818 -0.017254 -0.042037 0.40665 -0.0044875 -0.010132 0.067695 -0.053818 0.0018586 -0.051911 0.053494 0.0018586 -0.052241 -0.23636 0.012293 0.077251 0.19242 -0.34894 0.34254 -0.238 -0.021486 -0.1573 0.24684 -0.56973 0.39996 -0.22175 -0.021646 -0.23839 0.26609 -0.63239 0.44845 -0.06017 0.087368 -0.43216 0.076698 0.094867 -0.43007 -0.033577 0.14607 -0.75978 0.055419 0.14757 -0.75909 -0.065507 0.11502 -0.84204 0.10497 0.13771 -0.83788 0.02311 -0.11353 0.58618
-0.15654 -0.0040125 0.33098 0.12294 -0.092784 0.33831 -0.016586 -0.041999 0.40669 -0.0043581 -0.010149 0.067701 -0.053884 0.0015153 -0.051851 0.053426 0.0015153 -0.052318 -0.23622 0.011518 0.077823 0.19471 -0.34923 0.34355 -0.23793 -0.023513 -0.15653 0.25311 -0.56887 0.39894 -0.22175 -0.023605 -0.23764 0.27287 -0.63066 0.44775 -0.061054 0.086765 -0.43215 0.076131 0.095626 -0.4299 -0.035042 0.1457 -0.75977 0.054344 0.14811 -0.75893 -0.066358 0.11485 -0.84233 0.10399 0.13871 -0.83771 0.02387 -0.11183 0.58689
-0.15619 -0.0041851 0.33152 0.12345 -0.093327 0.33844 -0.015904 -0.041954 0.40672 -0.0042219 -0.010164 0.067707 -0.053945 0.0011529 -0.051795 0.053353 0.0011529 -0.0524 -0.23605 0.01073 0.078373 0.19737 -0.34919 0.34426 -0.23779 -0.025626 -0.15577 0.2594 -0.56774 0.39795 -0.22168 -0.025664 -0.23689 0.27976 -0.62852 0.44727 -0.061958 0.086136 -0.43213 0.075521 0.096403 -0.42973 -0.036553 0.1453 -0.75977 0.053208 0.14866 -0.75875 -0.067209 0.11471 -0.84264 0.10295 0.13973 -0.83754 0.024625 -0.11016 0.58756
-0.15584 -0.0044516 0.33204 0.12404 -0.09366 0.33856 -0.01521 -0.041899 0.40675 -0.0040786 -0.010175 0.067714 -0.054001 0.00077131 -0.051743 0.053273 0.00077131 -0.052487 -0.23584 0.0099329 0.078897 0.20042 -0.34878 0.34466 -0.23758 -0.027824 -0.15502 0.26572 -0.56637 0.39699 -0.22155 -0.027821 -0.23615 0.28677 -0.62602 0.44704 -0.062881 0.085481 -0.43212 0.074868 0.097196 -0.42955 -0.038107 0.14487 -0.75976 0.052013 0.14921 -0.75858 -0.068054 0.11461 -0.843 0.10184 0.14078 -0.83736 0.025372 -0.10852 0.5882
-0.15549 -0.0048197 0.33253 0.1247 -0.09377 0.33867 -0.014504 -0.041835 0.40678 -0.0039284 -0.010184 0.067722 -0.05405 0.00037034 -0.051696 0.053186 0.00037034 -0.052578 -0.23559 0.009133 0.07939 0.20388 -0.34799 0.34474 -0.23731 -0.030102 -0.15428 0.27207 -0.56482 0.39606 -0.22134 -0.030074 -0.23543 0.29392 -0.6232 0.44705 -0.063821 0.0848 -0.43212 0.074169 0.098004 -0.42936 -0.039701 0.14442 -0.75976 0.050755 0.14977 -0.75839 -0.068889 0.11455 -0.84339 0.10067 0.14184 -0.83717 0.026105 -0.10694 0.58879
-0.15513 -0.0052969 0.33299 0.12546 -0.093647 0.33876 -0.013788 -0.04176 0.40681 -0.0037711 -0.010188 0.06773 -0.054091 -5.008e-05 -0.051654 0.053093 -5.008e-05 -0.052673 -0.2353 0.0083353 0.07985 0.20776 -0.34679 0.34448 -0.23695 -0.032458 -0.15355 0.27844 -0.56312 0.39516 -0.22105 -0.032421 -0.23471 0.30122 -0.62011 0.44732 -0.064776 0.084094 -0.43211 0.073422 0.098823 -0.42917 -0.041333 0.14395 -0.75977 0.049436 0.15032 -0.7582 -0.069709 0.11453 -0.84383 0.09943 0.14292 -0.83698 0.026822 -0.10542 0.58934
-0.15478 -0.0058906 0.3334 0.1263 -0.093278 0.33885 -0.013061 -0.041674 0.40685 -0.0036067 -0.010188 0.067739 -0.054125 -0.00049008 -0.051617 0.052992 -0.00049008 -0.052774 -0.23496 0.007545 0.080271 0.21207 -0.34517 0.34388 -0.23652 -0.034888 -0.15284 0.28483 -0.56133 0.39428 -0.22067 -0.034859 -0.23401 0.3087 -0.61681 0.44784 -0.065743 0.083362 -0.43212 0.072627 0.099653 -0.42897 -0.043001 0.14345 -0.75977 0.048054 0.15087 -0.758 -0.070506 0.11457 -0.84432 0.098125 0.14401 -0.83678 0.027519 -0.10395 0.58983
-0.15442 -0.0066085 0.33378 0.12724 -0.092652 0.33892 -0.012326 -0.041576 0.40688 -0.0034351 -0.010184 0.067749 -0.054149 -0.00094978 -0.051587 0.052883 -0.00094978 -0.052879 -0.23457 0.0067675 0.080651 0.21683 -0.3431 0.34291 -0.23599 -0.03739 -0.15215 0.29124 -0.55949 0.39342 -0.22021 -0.037388 -0.23333 0.31636 -0.61334 0.44863 -0.06672 0.082605 -0.43212 0.071782 0.10049 -0.42877 -0.044702 0.14292 -0.75979 0.046607 0.15142 -0.7578 -0.071278 0.11467 -0.84486 0.096751 0.1451 -0.83658 0.028192 -0.10257 0.59026
-0.15406 -0.0074581 0.33411 0.12829 -0.091758 0.33898 -0.011584 -0.041465 0.40691 -0.0032562 -0.010175 0.067759 -0.054164 -0.0014293 -0.051563 0.052767 -0.0014293 -0.052989 -0.23413 0.0060079 0.080985 0.22205 -0.34056 0.34157 -0.23538 -0.039959 -0.15148 0.29766 -0.55763 0.39257 -0.21965 -0.040005 -0.23268 0.32423 -0.60974 0.4497 -0.067706 0.081823 -0.43213 0.070885 0.10133 -0.42856 -0.046433 0.14237 -0.7598 0.045096 0.15196 -0.75759 -0.072017 0.11483 -0.84546 0.095307 0.14621 -0.83637 0.028837 -0.10127 0.59062
-0.15369 -0.0084469 0.33439 0.12945 -0.090583 0.33903 -0.010835 -0.041339 0.40695 -0.00307 -0.010161 0.067771 -0.054168 -0.0019287 -0.051547 0.052642 -0.0019287 -0.053105 -0.23363 0.0052716 0.081269 0.22776 -0.33753 0.33984 -0.23468 -0.042594 -0.15084 0.3041 -0.55581 0.39175 -0.21899 -0.042708 -0.23204 0.33232 -0.60608 0.45104 -0.068697 0.081018 -0.43214 0.069934 0.10218 -0.42835 -0.048192 0.14179 -0.75983 0.04352 0.15249 -0.75738 -0.072718 0.11505 -0.84611 0.093791 0.14732 -0.83616 0.029451 -0.10006 0.59091
