-0.15713 0.0066905 0.28376 0.095834 0.02398 0.33914 -0.049669 -0.0085114 0.40614 -0.010348 -0.0013184 0.067799 -0.046822 -0.0011246 -0.058322 0.056443 -0.0011246 -0.049071 -0.23444 0.022319 0.029934 0.15865 0.074269 0.085811 -0.24124 -0.027551 -0.20166 0.16669 0.047742 -0.14956 -0.23466 -0.034156 -0.28383 0.18184 0.029619 -0.22882 -0.10431 -0.0023088 -0.44386 0.075304 0.069832 -0.43189 -0.16742 0.20218 -0.70016 0.068508 0.14928 -0.75613 -0.15532 0.12692 -0.75448 0.12084 0.10286 -0.81832 -0.025701 -0.064613 0.59374
-0.15701 0.0091192 0.28169 0.09519 0.020978 0.34175 -0.05208 -0.0092305 0.40581 -0.010845 -0.0013825 0.067718 -0.04729 -0.0012293 -0.057937 0.056333 -0.0012293 -0.04919 -0.22983 0.052599 0.030487 0.16115 0.056056 0.086898 -0.23186 0.011082 -0.20275 0.16283 0.027637 -0.14839 -0.22432 0.013756 -0.28488 0.18309 0.012084 -0.22686 -0.087083 -0.0082438 -0.44554 0.08785 0.071423 -0.43075 -0.17919 0.17737 -0.70647 0.079374 0.15841 -0.7533 -0.16354 0.094914 -0.74867 0.12104 0.10584 -0.81753 -0.029941 -0.072079 0.59144
-0.15691 0.012482 0.28126 0.09529 0.018981 0.34267 -0.052933 -0.0088302 0.40572 -0.011047 -0.0012684 0.06769 -0.047695 -0.0011948 -0.05761 0.05634 -0.0011948 -0.049189 -0.22708 0.066538 0.030542 0.16241 0.047225 0.086996 -0.22672 0.029366 -0.20354 0.16113 0.017399 -0.14811 -0.21809 0.036673 -0.28549 0.18318 0.0029539 -0.22654 -0.075389 -0.017321 -0.44611 0.098398 0.07086 -0.42998 -0.16735 0.16408 -0.71103 0.078626 0.1659 -0.7494 -0.15958 0.077723 -0.74609 0.11987 0.1148 -0.81633 -0.032205 -0.075786 0.59012
-0.15672 0.014017 0.28144 0.095646 0.01783 0.34295 -0.052894 -0.0090434 0.40572 -0.011085 -0.0012595 0.067685 -0.048089 -0.00086791 -0.057289 0.056426 -0.00086791 -0.049099 -0.22481 0.071992 0.030878 0.16184 0.042321 0.086592 -0.22321 0.038364 -0.20375 0.16 0.012095 -0.14843 -0.21343 0.047925 -0.28536 0.18086 -0.0032476 -0.22708 -0.066666 -0.028133 -0.44573 0.10897 0.06781 -0.42925 -0.1475 0.1499 -0.71668 0.077443 0.1706 -0.74528 -0.14962 0.062237 -0.74915 0.11989 0.12119 -0.81339 -0.033075 -0.077352 0.58974
-0.15633 0.011038 0.28123 0.095784 0.017353 0.34364 -0.052616 -0.011571 0.40568 -0.01109 -0.0016336 0.067674 -0.048525 -0.00010111 -0.056922 0.056555 -0.00010111 -0.048952 -0.22166 0.076723 0.032258 0.15887 0.035973 0.086169 -0.21874 0.049005 -0.20309 0.15789 0.0068177 -0.14908 -0.20783 0.060687 -0.28421 0.1749 -0.011935 -0.22774 -0.058394 -0.039257 -0.44459 0.12154 0.061969 -0.42821 -0.13501 0.12259 -0.72622 0.086835 0.17136 -0.74177 -0.13977 0.035543 -0.76017 0.12368 0.11668 -0.80737 -0.033125 -0.078383 0.59025
-0.15554 0.0046272 0.28058 0.095919 0.016655 0.34482 -0.052136 -0.016428 0.40557 -0.011077 -0.002368 0.067654 -0.049011 0.00096124 -0.056495 0.056662 0.00096124 -0.048818 -0.21704 0.083346 0.034452 0.15482 0.027146 0.085909 -0.21224 0.065273 -0.20182 0.15453 -0.0021779 -0.14938 -0.20034 0.079877 -0.28233 0.16602 -0.025187 -0.22792 -0.050001 -0.048249 -0.44314 0.13627 0.054608 -0.42657 -0.1329 0.080491 -0.73969 0.10875 0.16851 -0.73919 -0.13166 -0.0049449 -0.77758 0.13265 0.10159 -0.79887 -0.032572 -0.079876 0.59131
-0.15404 0.0011819 0.28081 0.097212 0.013864 0.34523 -0.050642 -0.021176 0.40554 -0.010896 -0.0030058 0.067659 -0.049501 0.0017604 -0.056052 0.056649 0.0017604 -0.048815 -0.21159 0.087106 0.035837 0.15364 0.020988 0.085543 -0.20487 0.081044 -0.20093 0.15156 -0.016639 -0.14825 -0.19224 0.098399 -0.28081 0.15772 -0.040112 -0.22732 -0.043694 -0.051409 -0.44219 0.15059 0.049194 -0.42415 -0.12655 0.037151 -0.75313 0.13181 0.16459 -0.73702 -0.1206 -0.046833 -0.79425 0.1462 0.088803 -0.79107 -0.031142 -0.081866 0.59223
-0.15209 0.0016926 0.28181 0.099411 0.0090031 0.34429 -0.048426 -0.024206 0.40563 -0.010572 -0.0033005 0.067696 -0.049979 0.0020849 -0.055613 0.056617 0.0020849 -0.048839 -0.20629 0.087865 0.036232 0.15567 0.018021 0.08466 -0.19765 0.093355 -0.20049 0.14995 -0.032686 -0.14666 -0.18442 0.11282 -0.27977 0.15228 -0.052875 -0.22682 -0.039728 -0.049964 -0.44179 0.16235 0.046536 -0.42137 -0.1117 -0.00046938 -0.76382 0.14625 0.16422 -0.73354 -0.10541 -0.0835 -0.80664 0.15675 0.085614 -0.78371 -0.029293 -0.08302 0.59296
-0.15047 0.0018134 0.28222 0.10106 0.0038942 0.34231 -0.046711 -0.025139 0.40579 -0.010284 -0.003292 0.067746 -0.050465 0.0021076 -0.055173 0.056797 0.0021076 -0.048632 -0.20228 0.089663 0.036812 0.15795 0.014502 0.082898 -0.19117 0.10291 -0.19969 0.14981 -0.042047 -0.14725 -0.17716 0.12406 -0.27842 0.15043 -0.059566 -0.22809 -0.03635 -0.049204 -0.44134 0.17026 0.045219 -0.41912 -0.094666 -0.033151 -0.77047 0.14595 0.17303 -0.72634 -0.088409 -0.11528 -0.81489 0.15219 0.092738 -0.77354 -0.027984 -0.081441 0.59394
-0.14907 -0.0014471 0.28231 0.10273 -9.778e-05 0.34079 -0.04487 -0.026369 0.40592 -0.0099722 -0.003612 0.067774 -0.050957 0.0022846 -0.054711 0.05685 0.0022846 -0.04856 -0.19955 0.08928 0.037636 0.15966 0.012211 0.081452 -0.18523 0.10982 -0.19808 0.15053 -0.043943 -0.14864 -0.17077 0.13305 -0.27613 0.15083 -0.060718 -0.22962 -0.03211 -0.047664 -0.44085 0.17597 0.048334 -0.41687 -0.076478 -0.065719 -0.77153 0.1367 0.18921 -0.71698 -0.068723 -0.14675 -0.81774 0.13903 0.10724 -0.76203 -0.025922 -0.081828 0.59429
-0.14742 -0.009176 0.28308 0.10574 -0.0022022 0.34149 -0.041654 -0.031009 0.4059 -0.0094915 -0.0049659 0.067744 -0.051422 0.0030805 -0.054228 0.056268 0.0030805 -0.049173 -0.19744 0.081206 0.038164 0.16109 0.014409 0.082 -0.17924 0.11418 -0.19559 0.15108 -0.042792 -0.14773 -0.16528 0.14071 -0.27263 0.15104 -0.06012 -0.22859 -0.02616 -0.041085 -0.44062 0.18225 0.059786 -0.41353 -0.055952 -0.10214 -0.76629 0.12968 0.20678 -0.70885 -0.04511 -0.18186 -0.81411 0.13224 0.12417 -0.75291 -0.021295 -0.090471 0.59283
-0.14599 -0.01672 0.28395 0.10877 -0.0032972 0.34372 -0.038676 -0.036952 0.40572 -0.0090456 -0.0064882 0.067688 -0.051727 0.0040823 -0.053877 0.055536 0.0040823 -0.049942 -0.19537 0.072196 0.038377 0.16121 0.013375 0.083692 -0.17337 0.1187 -0.19299 0.15058 -0.046915 -0.14527 -0.15938 0.14858 -0.26883 0.1493 -0.065208 -0.22591 -0.019829 -0.032739 -0.44063 0.18861 0.072426 -0.4099 -0.038723 -0.12848 -0.76004 0.12672 0.22103 -0.70243 -0.025684 -0.20713 -0.80907 0.13125 0.13838 -0.74613 -0.017077 -0.10014 0.59135
-0.14519 -0.018967 0.28422 0.11041 -0.0048261 0.34597 -0.037594 -0.040814 0.40547 -0.0088272 -0.0070864 0.067663 -0.051786 0.0046122 -0.053785 0.055193 0.0046122 -0.050291 -0.19309 0.070116 0.038411 0.15924 0.0021262 0.084944 -0.16788 0.12387 -0.19137 0.14838 -0.061026 -0.14326 -0.1522 0.15539 -0.26623 0.14478 -0.080116 -0.22364 -0.015217 -0.029981 -0.44043 0.19373 0.078164 -0.40719 -0.029549 -0.1333 -0.75828 0.12642 0.22964 -0.69703 -0.017026 -0.21134 -0.80831 0.1312 0.14688 -0.74048 -0.016089 -0.10252 0.59162
-0.14412 -0.016373 0.28474 0.11222 -0.0081144 0.34683 -0.03664 -0.041333 0.40549 -0.0085551 -0.0068484 0.067714 -0.051798 0.0041797 -0.053797 0.054729 0.0041797 -0.050808 -0.19114 0.071309 0.038274 0.15716 -0.010068 0.084817 -0.16252 0.11916 -0.19189 0.1444 -0.072674 -0.14339 -0.1463 0.14976 -0.26698 0.13903 -0.093146 -0.22333 -0.014321 -0.044672 -0.43872 0.19769 0.079474 -0.40555 -0.021631 -0.13616 -0.75966 0.12805 0.23686 -0.69168 -0.0087948 -0.21278 -0.81198 0.1321 0.15419 -0.73539 -0.01464 -0.10236 0.59178
-0.14243 -0.011387 0.28602 0.11505 -0.012302 0.34581 -0.034557 -0.038522 0.40596 -0.0080656 -0.0061297 0.067842 -0.051877 0.002878 -0.0538 0.053913 0.002878 -0.051752 -0.19056 0.07139 0.038093 0.15676 -0.014738 0.083261 -0.1589 0.10161 -0.19443 0.14053 -0.072904 -0.14588 -0.14467 0.12865 -0.27125 0.13519 -0.095478 -0.22525 -0.01124 -0.072481 -0.43471 0.2002 0.081205 -0.40454 -0.0098909 -0.1468 -0.76046 0.13008 0.24704 -0.68573 0.0045644 -0.22151 -0.81553 0.13367 0.16496 -0.73057 -0.010539 -0.10378 0.59052
-0.14156 -0.0080213 0.28727 0.11693 -0.012156 0.34432 -0.03268 -0.034112 0.40651 -0.0076492 -0.0053134 0.067963 -0.051847 0.001911 -0.053888 0.053559 0.001911 -0.052189 -0.19291 0.069647 0.038294 0.15829 -0.01242 0.08178 -0.16255 0.088498 -0.19617 0.14233 -0.067672 -0.14814 -0.14967 0.11074 -0.27478 0.13846 -0.091329 -0.22731 0.015487 -0.074362 -0.429 0.19979 0.088224 -0.40295 0.0020121 -0.14117 -0.75528 0.12912 0.26172 -0.67931 0.011329 -0.21769 -0.80753 0.13296 0.18062 -0.72587 -0.0075625 -0.10374 0.58939
-0.1422 -0.0067839 0.28805 0.11667 -0.0070156 0.34353 -0.032237 -0.030391 0.40684 -0.0075249 -0.0047623 0.068017 -0.051595 0.0018312 -0.054131 0.053956 0.0018312 -0.051777 -0.19804 0.066641 0.038755 0.16048 -0.0067465 0.081388 -0.17374 0.086022 -0.19628 0.1496 -0.061615 -0.14891 -0.16009 0.10388 -0.27586 0.14749 -0.084027 -0.22852 0.056196 -0.047526 -0.42435 0.19773 0.0984 -0.40082 0.010109 -0.11622 -0.74731 0.12546 0.27781 -0.6729 0.0082197 -0.19811 -0.79153 0.13022 0.19784 -0.72131 -0.0076715 -0.10153 0.5892
-0.14378 -0.0036038 0.2886 0.11457 -0.0025156 0.34399 -0.033819 -0.029776 0.40678 -0.0077352 -0.0047594 0.067994 -0.051152 0.0021594 -0.054529 0.054557 0.0021594 -0.051124 -0.20358 0.063953 0.038616 0.16057 -0.0034248 0.082178 -0.18542 0.083234 -0.19685 0.15451 -0.054989 -0.14908 -0.17036 0.098787 -0.27669 0.15259 -0.073532 -0.22959 0.061355 -0.039247 -0.42565 0.1986 0.10083 -0.39997 0.011675 -0.099853 -0.75023 0.12403 0.28701 -0.66722 0.0052441 -0.18456 -0.79043 0.12992 0.20797 -0.717 -0.0095507 -0.10039 0.58936
-0.14564 0.0018361 0.28861 0.11158 0.0012933 0.34506 -0.036708 -0.029394 0.40656 -0.0081551 -0.0047612 0.067946 -0.05068 0.0023139 -0.054964 0.054939 0.0023139 -0.050709 -0.20767 0.062542 0.037401 0.15956 -3.8084e-05 0.083616 -0.19371 0.078152 -0.19865 0.15573 -0.043757 -0.14929 -0.17766 0.092427 -0.27853 0.15338 -0.057989 -0.2307 0.03198 -0.05355 -0.43156 0.19765 0.089625 -0.40302 0.0077498 -0.091359 -0.76229 0.12354 0.28757 -0.66177 0.0045311 -0.17479 -0.80481 0.13059 0.20895 -0.71205 -0.012776 -0.09843 0.5898
-0.14726 0.0067643 0.28743 0.10885 0.0083577 0.34535 -0.039394 -0.023139 0.40665 -0.0085699 -0.0037353 0.06795 -0.050377 0.0017835 -0.05527 0.054893 0.0017835 -0.050776 -0.2093 0.062622 0.035048 0.16099 0.011056 0.084779 -0.19792 0.076218 -0.20131 0.1575 -0.022413 -0.1498 -0.18189 0.087542 -0.28161 0.15703 -0.035412 -0.23151 0.0088358 -0.059077 -0.43617 0.18434 0.064837 -0.41229 0.0021784 -0.067975 -0.76999 0.11833 0.28318 -0.65531 0.0015791 -0.14849 -0.81747 0.12652 0.20436 -0.70526 -0.017779 -0.090377 0.59084
-0.14943 0.010585 0.2856 0.10591 0.014405 0.34477 -0.042513 -0.014638 0.40677 -0.0091039 -0.0022731 0.067951 -0.049904 0.00090866 -0.055713 0.054798 0.00090866 -0.050905 -0.2096 0.062847 0.032021 0.16311 0.023832 0.085375 -0.19935 0.075131 -0.20444 0.16212 -0.0013424 -0.15028 -0.18454 0.083696 -0.28535 0.16564 -0.014032 -0.23193 -0.0023231 -0.050061 -0.43927 0.16557 0.037728 -0.42273 -0.0031779 -0.034737 -0.77281 0.11144 0.27623 -0.64994 -0.0030798 -0.11239 -0.82505 0.11985 0.19748 -0.69985 -0.024479 -0.08036 0.59189
-0.15333 0.013474 0.28405 0.10166 0.01358 0.3439 -0.047386 -0.010749 0.40638 -0.0099771 -0.0015291 0.067852 -0.048862 0.00033004 -0.056611 0.055216 0.00033004 -0.050465 -0.21065 0.061437 0.029006 0.16216 0.028225 0.085449 -0.20033 0.069399 -0.20766 0.16994 0.0056731 -0.15033 -0.1877 0.07849 -0.28887 0.17819 -0.0041711 -0.23197 -0.012536 -0.033993 -0.44299 0.15408 0.021956 -0.42733 -0.0077629 -0.0077776 -0.7759 0.10859 0.26845 -0.64851 -0.006679 -0.083612 -0.83088 0.11565 0.19058 -0.69944 -0.03231 -0.075688 0.59206
-0.15848 0.013623 0.28263 0.096084 0.013634 0.34303 -0.053155 -0.0091172 0.40568 -0.011007 -0.0012461 0.067697 -0.047932 -5.9436e-06 -0.057431 0.056115 -5.9436e-06 -0.049458 -0.21354 0.058413 0.026481 0.15809 0.029624 0.085062 -0.20345 0.058141 -0.21029 0.17703 0.0090122 -0.15028 -0.19252 0.068336 -0.29164 0.19147 -0.00019323 -0.2312 -0.023453 -0.01593 -0.44616 0.14622 0.0146 -0.42838 -0.012225 0.014703 -0.77845 0.10629 0.26187 -0.6491 -0.0087734 -0.059959 -0.83478 0.11302 0.18217 -0.69795 -0.039657 -0.075124 0.59109
-0.1641 0.010978 0.28105 0.089717 0.021003 0.34228 -0.058801 -0.0059865 0.40496 -0.012024 -0.00083861 0.067534 -0.04744 -0.00039907 -0.057886 0.057182 -0.00039907 -0.048214 -0.2184 0.054667 0.024516 0.15242 0.034267 0.084389 -0.2096 0.042893 -0.21196 0.17956 0.019153 -0.15051 -0.19896 0.051629 -0.29353 0.20316 0.0046889 -0.22864 -0.034052 0.00040698 -0.4475 0.1362 0.0086911 -0.42968 -0.017043 0.037088 -0.77892 0.10047 0.25853 -0.64782 -0.010094 -0.036515 -0.83625 0.10923 0.1746 -0.6917 -0.045834 -0.075193 0.58923
-0.16989 0.012486 0.2795 0.083648 0.025606 0.34168 -0.064846 -0.0020454 0.40406 -0.013271 -6.7389e-05 0.067297 -0.045675 -0.0012269 -0.059183 0.057834 -0.0012269 -0.047422 -0.22349 0.051966 0.022181 0.14787 0.036546 0.083934 -0.21447 0.028006 -0.21347 0.17814 0.0245 -0.15086 -0.20427 0.033701 -0.29532 0.21556 0.0058981 -0.22203 -0.04425 0.012928 -0.44872 0.12718 0.00073041 -0.43103 -0.02109 0.054725 -0.77919 0.094011 0.25997 -0.63938 -0.012671 -0.018252 -0.83721 0.10168 0.18516 -0.69303 -0.053862 -0.073767 0.5875
-0.17523 0.019133 0.27823 0.078819 0.022634 0.34124 -0.070925 0.0013081 0.40301 -0.014653 0.00087242 0.067002 -0.042456 -0.0023407 -0.061476 0.05791 -0.0023407 -0.047286 -0.2276 0.048276 0.019279 0.14553 0.036226 0.084155 -0.21525 0.012835 -0.21481 0.17611 0.023312 -0.15064 -0.20686 0.015214 -0.297 0.23028 0.0038379 -0.2096 -0.054159 0.022553 -0.45033 0.12243 -0.0088553 -0.43167 -0.024277 0.066895 -0.77992 0.092122 0.25984 -0.62989 -0.017143 -0.006054 -0.83815 0.097531 0.21493 -0.70986 -0.063648 -0.071077 0.58637
-0.17872 0.019165 0.27733 0.075698 0.022107 0.34104 -0.074619 0.0029442 0.40235 -0.015349 0.0011462 0.066851 -0.04096 -0.0026488 -0.062559 0.058102 -0.0026488 -0.04703 -0.23107 0.03479 0.017251 0.14318 0.04629 0.085302 -0.2137 -0.01279 -0.21416 0.18016 0.03831 -0.14848 -0.20807 -0.013547 -0.29676 0.24611 0.011375 -0.19111 -0.063821 0.034899 -0.44983 0.12247 -0.013882 -0.43131 -0.028798 0.082768 -0.77843 0.10158 0.23853 -0.64546 -0.021198 0.0096377 -0.83632 0.12035 0.23134 -0.73663 -0.06846 -0.071018 0.58513
-0.18016 0.012703 0.27687 0.074261 0.026724 0.341 -0.075534 0.0036516 0.40219 -0.015243 0.00082602 0.066878 -0.041761 -0.0021033 -0.062029 0.058536 -0.0021033 -0.046518 -0.23417 0.014551 0.016697 0.14231 0.066062 0.087329 -0.21198 -0.045413 -0.21138 0.1913 0.069254 -0.14443 -0.20874 -0.050525 -0.29399 0.25822 0.030719 -0.17645 -0.070222 0.049437 -0.44733 0.12533 -0.0138 -0.43037 -0.032913 0.10383 -0.77466 0.11824 0.19947 -0.68411 -0.022742 0.030502 -0.83191 0.1608 0.21744 -0.76572 -0.068321 -0.072753 0.58393
-0.18079 0.01371 0.27694 0.073956 0.029447 0.34083 -0.07574 0.0060398 0.40211 -0.015071 0.00099706 0.066911 -0.042225 -0.0018774 -0.061707 0.058642 -0.0018774 -0.046399 -0.23683 0.0033276 0.017123 0.14851 0.079162 0.090086 -0.21192 -0.066915 -0.20818 0.20387 0.089397 -0.13997 -0.20855 -0.08058 -0.2894 0.25899 0.051959 -0.18453 -0.067717 0.058629 -0.44596 0.12693 -0.014861 -0.42997 -0.030872 0.12214 -0.77167 0.12696 0.17096 -0.71169 -0.020598 0.048507 -0.82856 0.17404 0.17781 -0.78924 -0.071071 -0.070282 0.58393
-0.18153 0.019627 0.27752 0.073982 0.028485 0.34046 -0.07606 0.0082026 0.40203 -0.015057 0.0014326 0.066907 -0.041871 -0.0020335 -0.061947 0.058519 -0.0020335 -0.046545 -0.2389 -0.0045019 0.019003 0.16074 0.088823 0.096284 -0.21087 -0.086264 -0.20185 0.21592 0.10696 -0.13321 -0.20426 -0.10981 -0.28074 0.25285 0.085748 -0.203 -0.062071 0.062426 -0.44586 0.12841 -0.019161 -0.42965 -0.026955 0.1369 -0.76944 0.13407 0.13938 -0.72526 -0.01797 0.062701 -0.82581 0.16863 0.11202 -0.80632 -0.075282 -0.066667 0.58453
-0.18267 0.017295 0.27858 0.073758 0.025984 0.34004 -0.076083 0.0055985 0.40209 -0.015004 0.0010623 0.066932 -0.041819 -0.0018703 -0.061999 0.058677 -0.0018703 -0.046351 -0.23993 -0.027035 0.023228 0.17329 0.10937 0.10918 -0.20378 -0.12739 -0.18776 0.22651 0.14713 -0.12108 -0.19147 -0.15619 -0.26459 0.25 0.14785 -0.2019 -0.064955 0.065708 -0.44514 0.13387 -0.024981 -0.4281 -0.031161 0.15214 -0.76593 0.15836 0.068903 -0.74232 -0.020293 0.077048 -0.82066 0.18638 0.019357 -0.81983 -0.073602 -0.070261 0.58414
-0.18177 0.0072948 0.28014 0.075494 0.022404 0.33994 -0.07363 -0.0011845 0.40257 -0.01458 -0.00013175 0.06703 -0.042621 -0.0013184 -0.061456 0.058893 -0.0013184 -0.046097 -0.23767 -0.056799 0.02833 0.18242 0.12799 0.12073 -0.19148 -0.17613 -0.17113 0.22056 0.16611 -0.11028 -0.1726 -0.20853 -0.24485 0.23779 0.17866 -0.19024 -0.070068 0.067791 -0.44409 0.14059 -0.026524 -0.42641 -0.041086 0.16702 -0.76159 0.19307 -0.010115 -0.75556 -0.02644 0.09129 -0.81461 0.21961 -0.069847 -0.82266 -0.066567 -0.078741 0.58381
-0.17651 -0.0040043 0.28227 0.08138 0.017822 0.3404 -0.066901 -0.0093396 0.40359 -0.013549 -0.0016728 0.067217 -0.044388 -0.00057028 -0.060191 0.05875 -0.00057028 -0.046295 -0.22999 -0.078843 0.03255 0.18617 0.12677 0.1214 -0.17683 -0.20811 -0.15926 0.18609 0.11405 -0.10844 -0.15207 -0.24731 -0.22738 0.20127 0.11607 -0.18834 -0.065926 0.066083 -0.44371 0.14402 -0.018776 -0.42618 -0.04998 0.17881 -0.75755 0.22267 -0.051036 -0.75162 -0.032864 0.10322 -0.8101 0.24395 -0.12153 -0.80766 -0.057666 -0.086212 0.58507
-0.17057 -0.012329 0.285 0.088129 0.014109 0.34058 -0.059097 -0.016535 0.40462 -0.012343 -0.0030259 0.067411 -0.04651 0.00030587 -0.058584 0.058426 0.00030587 -0.046705 -0.21875 -0.096019 0.037449 0.18645 0.11882 0.11696 -0.16002 -0.22933 -0.14943 0.15169 0.049105 -0.10834 -0.12975 -0.27398 -0.2122 0.1599 0.033291 -0.18947 -0.053713 0.060762 -0.44357 0.14497 -0.0078562 -0.4267 -0.05662 0.18629 -0.75297 0.24403 -0.066125 -0.73986 -0.038389 0.11063 -0.80495 0.26003 -0.14564 -0.78691 -0.04759 -0.092305 0.58638
-0.1673 -0.015643 0.288 0.092646 0.012722 0.33999 -0.053371 -0.020992 0.40522 -0.01138 -0.0037854 0.067544 -0.048409 0.0011599 -0.057017 0.058139 0.0011599 -0.047048 -0.20682 -0.11263 0.043985 0.18556 0.11754 0.11405 -0.14178 -0.24893 -0.13853 0.1412 0.026834 -0.10368 -0.10591 -0.294 -0.19812 0.1369 0.003758 -0.185 -0.038639 0.054479 -0.44292 0.14553 -0.00063801 -0.42695 -0.062071 0.19102 -0.74671 0.25801 -0.075749 -0.73164 -0.043438 0.11432 -0.79696 0.27292 -0.15879 -0.77295 -0.037137 -0.097158 0.58642
-0.16491 -0.016177 0.2901 0.096115 0.012813 0.33962 -0.04929 -0.022034 0.40566 -0.010598 -0.0039193 0.067658 -0.050085 0.0015493 -0.055532 0.057802 0.0015493 -0.047451 -0.19691 -0.12435 0.049288 0.18416 0.11565 0.11098 -0.12608 -0.26306 -0.1294 0.13827 0.021551 -0.10069 -0.085039 -0.30856 -0.18477 0.14096 0.0076603 -0.18041 -0.027402 0.054254 -0.44114 0.14728 0.0017908 -0.42683 -0.069385 0.20051 -0.73835 0.26699 -0.080246 -0.72771 -0.050843 0.12275 -0.78705 0.28179 -0.16417 -0.76621 -0.029309 -0.098413 0.58646
-0.16225 -0.015655 0.29078 0.09949 0.013117 0.34033 -0.046334 -0.020491 0.4061 -0.0099589 -0.0036224 0.067772 -0.051412 0.001392 -0.054309 0.057344 0.001392 -0.048009 -0.19204 -0.12771 0.051432 0.18322 0.11004 0.10764 -0.11697 -0.26853 -0.12384 0.13313 0.012598 -0.1018 -0.071999 -0.31712 -0.17315 0.16151 0.015215 -0.17862 -0.023446 0.063367 -0.4382 0.15012 3.3794e-05 -0.4266 -0.07894 0.21802 -0.72885 0.27218 -0.080274 -0.72694 -0.061056 0.13974 -0.77698 0.28536 -0.16489 -0.76457 -0.026204 -0.095601 0.58742
-0.16029 -0.013971 0.29072 0.10229 0.012387 0.34229 -0.044716 -0.0192 0.40635 -0.0095823 -0.00334 0.067843 -0.051952 0.0012316 -0.053804 0.056794 0.0012316 -0.04866 -0.19543 -0.12288 0.050978 0.18423 0.10896 0.10823 -0.11742 -0.2665 -0.12062 0.13595 0.0072249 -0.10064 -0.070864 -0.31768 -0.1661 0.16254 0.005055 -0.17526 -0.0247 0.077973 -0.43492 0.15142 -0.0040539 -0.42676 -0.086597 0.23851 -0.72112 0.27263 -0.081682 -0.72802 -0.070329 0.15978 -0.76903 0.28322 -0.167 -0.7651 -0.02783 -0.091813 0.58895
-0.15927 -0.011986 0.29052 0.10416 0.011588 0.34458 -0.044067 -0.018677 0.40645 -0.0094121 -0.0031869 0.067873 -0.051935 0.001219 -0.053819 0.056282 0.001219 -0.049252 -0.20337 -0.11393 0.04913 0.18252 0.10928 0.10968 -0.12363 -0.25977 -0.1198 0.14448 0.0025854 -0.098626 -0.07724 -0.31152 -0.16471 0.13921 -0.025688 -0.17196 -0.02946 0.09152 -0.4323 0.14986 -0.0080062 -0.42754 -0.09325 0.25602 -0.71581 0.269 -0.082347 -0.73048 -0.078837 0.17668 -0.76333 0.2773 -0.16829 -0.76663 -0.031658 -0.088832 0.59038
-0.15866 -0.011406 0.29055 0.10495 0.013599 0.34549 -0.043529 -0.017027 0.40659 -0.0092399 -0.002925 0.067911 -0.052199 0.0010648 -0.053563 0.056017 0.0010648 -0.049563 -0.20608 -0.1079 0.047409 0.16865 0.097506 0.10256 -0.12603 -0.25204 -0.12285 0.14392 -0.01456 -0.10465 -0.079447 -0.30313 -0.16808 0.11792 -0.061411 -0.17549 -0.036856 0.096244 -0.43131 0.14594 -0.009322 -0.42872 -0.10458 0.26503 -0.71128 0.26361 -0.072854 -0.73463 -0.090611 0.18514 -0.75804 0.27146 -0.15921 -0.76984 -0.0333 -0.086642 0.5909
-0.15938 -0.010769 0.29063 0.10414 0.017897 0.34533 -0.044119 -0.013297 0.40666 -0.0092889 -0.002318 0.067927 -0.052527 0.00057128 -0.05325 0.056105 0.00057128 -0.049469 -0.20467 -0.10481 0.046197 0.15035 0.081845 0.091769 -0.1256 -0.24358 -0.1289 0.13717 -0.03292 -0.11514 -0.078276 -0.29392 -0.1743 0.099986 -0.07843 -0.17582 -0.045826 0.094115 -0.43161 0.14289 -0.010736 -0.42933 -0.11896 0.26801 -0.7071 0.25755 -0.056631 -0.73953 -0.10469 0.18828 -0.75402 0.26603 -0.14304 -0.7745 -0.033931 -0.083268 0.59082
-0.16273 -0.00708 0.29029 0.10133 0.021922 0.34548 -0.047495 -0.0074249 0.40641 -0.0099304 -0.0012185 0.067856 -0.052155 -0.00032366 -0.053616 0.056529 -0.00032366 -0.048971 -0.2063 -0.10008 0.045001 0.14357 0.08053 0.089137 -0.12934 -0.23237 -0.13592 0.1363 -0.030826 -0.12004 -0.081778 -0.28266 -0.18159 0.074665 -0.0575 -0.15786 -0.055097 0.09214 -0.43224 0.14431 -0.016833 -0.42835 -0.1304 0.27127 -0.70383 0.25041 -0.043482 -0.74384 -0.11694 0.19304 -0.75336 0.25855 -0.12946 -0.77995 -0.037622 -0.076324 0.59099
-0.16626 -0.00045072 0.2891 0.09801 0.024131 0.34556 -0.051813 -0.00078554 0.40596 -0.010721 2.5019e-05 0.067754 -0.051144 -0.0012712 -0.054568 0.05694 -0.0012712 -0.048491 -0.21196 -0.088313 0.042447 0.14701 0.086491 0.091883 -0.13895 -0.21572 -0.14358 0.13872 -0.020727 -0.11931 -0.092825 -0.2641 -0.19225 0.060831 -0.036401 -0.14229 -0.063011 0.090071 -0.43333 0.14544 -0.022998 -0.42749 -0.13515 0.2735 -0.70284 0.23743 -0.030974 -0.74837 -0.12375 0.19656 -0.75491 0.24382 -0.11619 -0.78655 -0.044189 -0.068317 0.59115
-0.16762 0.0075408 0.28695 0.095481 0.024369 0.34482 -0.055001 0.0050617 0.40552 -0.011197 0.001011 0.067676 -0.049876 -0.0019231 -0.055708 0.057121 -0.0019231 -0.048281 -0.21991 -0.067521 0.037682 0.1529 0.087845 0.093371 -0.1531 -0.19294 -0.15204 0.13789 -0.02128 -0.11622 -0.11051 -0.23517 -0.2083 0.075752 -0.053949 -0.15168 -0.068262 0.085007 -0.43533 0.14036 -0.022909 -0.42856 -0.1329 0.27067 -0.70517 0.21473 -0.013676 -0.7539 -0.12403 0.19316 -0.75687 0.21851 -0.098013 -0.79429 -0.051957 -0.062511 0.5908
-0.17021 0.014415 0.28477 0.091555 0.026087 0.34373 -0.059203 0.0099273 0.40483 -0.011992 0.0018567 0.067513 -0.048701 -0.002524 -0.056718 0.057834 -0.002524 -0.047356 -0.22737 -0.049253 0.033031 0.15468 0.091621 0.093921 -0.16685 -0.17149 -0.16076 0.13418 -0.02463 -0.11175 -0.12759 -0.20667 -0.2247 0.087756 -0.070558 -0.16397 -0.071423 0.074802 -0.43805 0.13118 -0.017263 -0.42988 -0.1325 0.25961 -0.70935 0.18783 0.0071139 -0.75804 -0.12514 0.18095 -0.75955 0.19022 -0.076255 -0.80053 -0.059922 -0.057867 0.59009
-0.17601 0.020151 0.2829 0.085143 0.031402 0.34291 -0.065789 0.0151 0.40366 -0.013435 0.0028534 0.067205 -0.047796 -0.0033206 -0.057445 0.059346 -0.0033206 -0.045372 -0.23294 -0.038736 0.029844 0.15155 0.10068 0.094761 -0.17688 -0.15369 -0.16958 0.13147 -0.020744 -0.10856 -0.14013 -0.18319 -0.23812 0.078713 -0.053836 -0.16395 -0.07345 0.059904 -0.44107 0.12252 -0.0088733 -0.42991 -0.13774 0.24069 -0.71432 0.16297 0.029362 -0.75903 -0.1305 0.16148 -0.76369 0.16601 -0.053016 -0.80337 -0.067436 -0.052158 0.5891
-0.18094 0.030521 0.27997 0.079396 0.037574 0.34264 -0.072227 0.024308 0.40204 -0.014615 0.0043923 0.066878 -0.046971 -0.0042521 -0.058055 0.060323 -0.0042521 -0.044042 -0.23879 -0.020396 0.025717 0.15475 0.099021 0.095533 -0.18524 -0.12628 -0.17955 0.13774 -0.0086618 -0.11408 -0.15471 -0.14865 -0.25266 0.085459 -0.027909 -0.17438 -0.075141 0.046005 -0.44373 0.12041 -0.0015518 -0.4292 -0.13655 0.22168 -0.72099 0.14322 0.052822 -0.75816 -0.13049 0.14204 -0.76975 0.1461 -0.028731 -0.80399 -0.074274 -0.042828 0.58754
-0.182 0.044759 0.27665 0.07692 0.041068 0.34277 -0.075732 0.034898 0.40064 -0.014946 0.005936 0.066688 -0.046212 -0.0050028 -0.058603 0.060163 -0.0050028 -0.044177 -0.24425 0.0089243 0.020874 0.16588 0.078854 0.095455 -0.19223 -0.086247 -0.19002 0.15484 0.0026122 -0.12777 -0.17171 -0.10075 -0.26842 0.1231 -0.015865 -0.20068 -0.075272 0.032875 -0.44572 0.12511 0.0043752 -0.42844 -0.12604 0.20752 -0.7259 0.12783 0.075042 -0.75563 -0.1229 0.12732 -0.77402 0.12884 -0.0058999 -0.8026 -0.079254 -0.031857 0.58627
-0.17902 0.052492 0.27657 0.07862 0.038439 0.34258 -0.074127 0.035629 0.40087 -0.014538 0.0057602 0.066782 -0.045799 -0.0049991 -0.058928 0.059565 -0.0049991 -0.044956 -0.24427 0.032014 0.019631 0.17147 0.047419 0.093587 -0.19501 -0.047352 -0.19793 0.17541 -0.00695 -0.13761 -0.1815 -0.059492 -0.27885 0.16686 -0.02795 -0.218 -0.070171 0.011787 -0.44722 0.129 0.01322 -0.42806 -0.11852 0.19769 -0.71989 0.11233 0.090747 -0.74997 -0.11775 0.11726 -0.76779 0.11204 0.010375 -0.79795 -0.079962 -0.027129 0.58774
-0.17395 0.053342 0.27909 0.082707 0.031464 0.3422 -0.069302 0.028551 0.4023 -0.013781 0.0043263 0.067054 -0.045789 -0.0043738 -0.058985 0.059047 -0.0043738 -0.045704 -0.23932 0.045282 0.021552 0.16865 0.013445 0.091333 -0.19456 -0.016307 -0.20276 0.19349 -0.037501 -0.13893 -0.18372 -0.031909 -0.28327 0.20242 -0.05962 -0.2184 -0.062203 -0.013264 -0.44813 0.13101 0.022246 -0.42787 -0.11602 0.1892 -0.70789 0.10881 0.10518 -0.74772 -0.11673 0.10888 -0.75595 0.10795 0.025496 -0.79682 -0.077395 -0.028325 0.59099
-0.17013 0.055163 0.2801 0.085533 0.025756 0.34238 -0.06615 0.026254 0.40306 -0.013224 0.003825 0.067205 -0.046004 -0.0038652 -0.058854 0.058816 -0.0038652 -0.046061 -0.23464 0.057307 0.022285 0.16435 -0.014977 0.091781 -0.19505 0.0074409 -0.20619 0.20553 -0.072421 -0.13429 -0.18609 -0.012134 -0.28621 0.22744 -0.095674 -0.21038 -0.058223 -0.028557 -0.44803 0.13599 0.023366 -0.42714 -0.11151 0.17769 -0.70538 0.1356 0.12783 -0.75812 -0.11407 0.097482 -0.75354 0.13326 0.049016 -0.80859 -0.075226 -0.028508 0.59239
-0.16801 0.054841 0.28012 0.087153 0.019895 0.34272 -0.064528 0.025427 0.40334 -0.013028 0.0039241 0.067233 -0.046108 -0.0039209 -0.058768 0.058464 -0.0039209 -0.046494 -0.23188 0.066187 0.022363 0.16119 -0.03897 0.094316 -0.19704 0.02448 -0.20834 0.21339 -0.10828 -0.12619 -0.18953 0.0066054 -0.28881 0.24162 -0.13513 -0.19914 -0.055871 -0.039244 -0.4469 0.14597 0.019265 -0.42562 -0.10653 0.16339 -0.70743 0.13003 0.11942 -0.74869 -0.11042 0.083244 -0.75562 0.12592 0.040914 -0.79951 -0.073434 -0.029862 0.59249
-0.16607 0.045007 0.28173 0.089819 0.010167 0.34244 -0.061481 0.016353 0.40421 -0.012986 0.0031475 0.067295 -0.045865 -0.0046156 -0.058911 0.057387 -0.0046156 -0.047751 -0.23023 0.065976 0.02458 0.15998 -0.062798 0.096687 -0.19921 0.035993 -0.20846 0.2215 -0.1479 -0.11623 -0.19156 0.029989 -0.29005 0.2471 -0.18285 -0.18654 -0.048698 -0.057307 -0.44488 0.16138 0.017904 -0.42298 -0.10607 0.14881 -0.7011 0.018586 0.034932 -0.68023 -0.10901 0.068754 -0.74954 0.014343 -0.044471 -0.72932 -0.069588 -0.038151 0.59364
-0.16098 0.02889 0.28438 0.096417 0.0018581 0.34213 -0.054192 0.0032119 0.40558 -0.012082 0.0015412 0.067504 -0.046013 -0.0049354 -0.058765 0.055721 -0.0049354 -0.049656 -0.22681 0.061407 0.028935 0.16569 -0.080255 0.099002 -0.20084 0.046998 -0.20618 0.23221 -0.18697 -0.10178 -0.19285 0.056413 -0.28801 0.25408 -0.23168 -0.16782 -0.036111 -0.07428 -0.44224 0.18305 0.023038 -0.41696 -0.10719 0.13484 -0.69265 -0.088175 -0.055377 -0.60218 -0.10709 0.054964 -0.74144 -0.089312 -0.13478 -0.65181 -0.059548 -0.050575 0.5953
-0.15113 0.012857 0.28671 0.10778 0.00031022 0.34244 -0.042107 -0.0069809 0.40694 -0.0097314 -0.00033145 0.067875 -0.047155 -0.004034 -0.057907 0.05395 -0.004034 -0.051636 -0.21993 0.058835 0.034234 0.18064 -0.085347 0.10161 -0.20162 0.060909 -0.2019 0.24543 -0.21833 -0.082596 -0.19446 0.08123 -0.28197 0.26991 -0.27091 -0.14137 -0.020737 -0.079577 -0.43942 0.20898 0.034899 -0.40668 -0.1062 0.1225 -0.69093 -0.078354 -0.077099 -0.57036 -0.10209 0.042921 -0.74 -0.073947 -0.1548 -0.62394 -0.042153 -0.062051 0.59633
-0.14232 0.0018435 0.28825 0.11759 0.0013395 0.34278 -0.031692 -0.013211 0.40782 -0.0075806 -0.0019095 0.068159 -0.048414 -0.0027659 -0.056959 0.052865 -0.0027659 -0.052853 -0.21382 0.058252 0.038498 0.19434 -0.084055 0.10305 -0.20178 0.071925 -0.19786 0.25567 -0.23367 -0.070578 -0.19532 0.097944 -0.27605 0.28425 -0.29145 -0.12249 -0.0090993 -0.077905 -0.43744 0.22761 0.047074 -0.39788 -0.10549 0.11503 -0.69246 -0.033874 -0.066719 -0.56549 -0.098242 0.035749 -0.74167 -0.029691 -0.14722 -0.61156 -0.027542 -0.069481 0.59686
-0.13853 -0.0023897 0.28893 0.12159 0.0017077 0.34264 -0.02722 -0.015758 0.40807 -0.0067469 -0.0028696 0.068216 -0.049178 -0.0018407 -0.056341 0.052865 -0.0018407 -0.052896 -0.21169 0.059145 0.040841 0.20022 -0.081239 0.10263 -0.20227 0.077241 -0.19537 0.26117 -0.23224 -0.070085 -0.19543 0.10522 -0.27286 0.29053 -0.2927 -0.11847 -0.0045764 -0.073993 -0.43684 0.23154 0.055423 -0.39483 -0.10631 0.11445 -0.6934 -0.026474 -0.061624 -0.56552 -0.097619 0.03537 -0.74265 -0.030783 -0.15024 -0.59131 -0.022004 -0.071707 0.59718
-0.13749 -0.0036411 0.28902 0.12233 0.0036358 0.34212 -0.026001 -0.015139 0.40813 -0.0064649 -0.0033523 0.068205 -0.04992 -0.0010318 -0.055689 0.053478 -0.0010318 -0.052283 -0.21254 0.062429 0.042783 0.20423 -0.07502 0.10184 -0.20507 0.083283 -0.19313 0.26927 -0.2282 -0.066505 -0.19759 0.11225 -0.27024 0.29622 -0.28964 -0.11475 -0.0029948 -0.066734 -0.43702 0.22509 0.062733 -0.39629 -0.1055 0.11944 -0.69398 -0.03336 -0.058141 -0.57201 -0.09567 0.040487 -0.74344 -0.043181 -0.14813 -0.59513 -0.020053 -0.070564 0.59735
-0.13732 -0.0047628 0.28908 0.12227 0.0073373 0.34169 -0.025591 -0.013377 0.40822 -0.0061745 -0.0036572 0.068219 -0.050832 -0.00021111 -0.054869 0.05425 -0.00021111 -0.051493 -0.21501 0.067255 0.045337 0.2094 -0.065891 0.10154 -0.21019 0.091729 -0.19031 0.28087 -0.22704 -0.056504 -0.20219 0.12199 -0.26686 0.30434 -0.28888 -0.1061 -0.0022003 -0.056328 -0.43752 0.21364 0.069989 -0.40013 -0.10819 0.12594 -0.69537 -0.038186 -0.055911 -0.58089 -0.096842 0.047249 -0.74505 -0.045146 -0.13756 -0.62451 -0.018247 -0.068203 0.59757
-0.13752 -0.0065762 0.28984 0.12259 0.0099492 0.34203 -0.024896 -0.014042 0.40824 -0.0058356 -0.0041824 0.06822 -0.051625 0.00050282 -0.054129 0.054886 0.00050282 -0.050819 -0.21796 0.070712 0.048542 0.21347 -0.057836 0.10152 -0.2152 0.097699 -0.18696 0.28816 -0.22211 -0.052385 -0.2065 0.12889 -0.26305 0.31065 -0.28493 -0.10123 -0.0034074 -0.045339 -0.4382 0.2021 0.075184 -0.404 -0.12723 0.12798 -0.69888 -0.045296 -0.063391 -0.57908 -0.11446 0.050065 -0.74831 -0.044739 -0.13656 -0.63868 -0.017229 -0.066687 0.59819
-0.13801 -0.0083578 0.29114 0.1231 0.010491 0.34252 -0.02406 -0.016875 0.40818 -0.0055219 -0.0048775 0.0682 -0.052231 0.0010441 -0.053535 0.055288 0.0010441 -0.050371 -0.21997 0.073972 0.05205 0.21476 -0.049895 0.10039 -0.2196 0.10376 -0.1831 0.28841 -0.2124 -0.055689 -0.21003 0.13545 -0.25889 0.31251 -0.27667 -0.10178 -0.0057248 -0.035658 -0.4388 0.19328 0.078771 -0.40656 -0.13081 0.13472 -0.70046 -0.053765 -0.074871 -0.57001 -0.11731 0.057044 -0.75017 -0.045836 -0.14405 -0.63286 -0.01707 -0.067256 0.59878
-0.13895 -0.0085806 0.29224 0.12271 0.0095119 0.34179 -0.023945 -0.01901 0.40809 -0.0053479 -0.0053964 0.068176 -0.052762 0.0014028 -0.053001 0.055499 0.0014028 -0.050129 -0.21969 0.080642 0.055301 0.21259 -0.038124 0.096395 -0.22426 0.11703 -0.17875 0.28345 -0.2017 -0.059647 -0.2139 0.14918 -0.25424 0.30918 -0.26677 -0.10389 -0.0068691 -0.028175 -0.43899 0.18809 0.082839 -0.40751 -0.06477 0.16432 -0.69264 -0.058381 -0.075689 -0.56822 -0.050417 0.085232 -0.74448 -0.047685 -0.1453 -0.6295 -0.017223 -0.070314 0.59845
-0.14002 -0.0080524 0.29337 0.12212 0.0070341 0.34037 -0.024042 -0.020918 0.40799 -0.005241 -0.0058265 0.068148 -0.053222 0.0015984 -0.052534 0.055541 0.0015984 -0.050077 -0.21812 0.08783 0.058093 0.20856 -0.026511 0.091282 -0.22862 0.13254 -0.17441 0.27706 -0.19266 -0.063203 -0.21728 0.16485 -0.24968 0.30208 -0.25724 -0.10842 -0.0076576 -0.020831 -0.43902 0.18514 0.086268 -0.40782 0.026077 0.21282 -0.6736 -0.059822 -0.070229 -0.57217 0.0531 0.13803 -0.7235 -0.049409 -0.1422 -0.63108 -0.017278 -0.074557 0.5977
-0.14082 -0.0079746 0.29501 0.12242 0.0033195 0.33936 -0.023495 -0.0238 0.40786 -0.0050817 -0.0063309 0.068116 -0.053575 0.0016434 -0.052175 0.055435 0.0016434 -0.050194 -0.21683 0.091196 0.060346 0.20487 -0.020642 0.087695 -0.23117 0.14174 -0.17082 0.27268 -0.18608 -0.068044 -0.21842 0.17348 -0.24612 0.2933 -0.24873 -0.11769 -0.0095323 -0.011792 -0.43921 0.18255 0.087035 -0.40866 0.067434 0.25548 -0.65088 -0.061525 -0.068969 -0.57391 0.12598 0.1966 -0.68967 -0.050879 -0.14231 -0.63119 -0.017103 -0.078026 0.59744
-0.14141 -0.0061077 0.29662 0.1226 0.00099751 0.33797 -0.022919 -0.024634 0.40785 -0.0049529 -0.0064358 0.068114 -0.053824 0.001456 -0.051921 0.055237 0.001456 -0.050416 -0.21475 0.094368 0.06174 0.20139 -0.015613 0.084675 -0.22909 0.14651 -0.16899 0.2681 -0.17713 -0.075354 -0.21578 0.17736 -0.24456 0.2833 -0.2372 -0.13016 -0.0098223 -0.0068235 -0.43914 0.18134 0.086181 -0.40939 0.0708 0.22069 -0.66259 -0.066324 -0.067576 -0.57258 0.14079 0.16989 -0.69634 -0.05547 -0.14176 -0.6286 -0.017521 -0.079479 0.59726
-0.1417 -0.00064493 0.29752 0.12193 0.0020053 0.3358 -0.022867 -0.020969 0.40804 -0.0049283 -0.0057876 0.068168 -0.053984 0.0010006 -0.051765 0.055 0.0010006 -0.050683 -0.21069 0.10126 0.062021 0.19767 -0.0063554 0.081213 -0.2213 0.15133 -0.16933 0.26068 -0.16168 -0.08583 -0.20876 0.1815 -0.24527 0.27195 -0.21937 -0.14404 -0.0066214 -0.0095763 -0.43851 0.18293 0.084702 -0.40924 0.067321 0.082192 -0.72515 -0.073815 -0.059226 -0.57002 0.1038 0.017987 -0.77087 -0.063935 -0.13468 -0.62449 -0.019124 -0.078286 0.59675
-0.14083 0.0062628 0.29741 0.12212 0.0044892 0.33488 -0.022546 -0.015305 0.40834 -0.0048942 -0.0048704 0.068255 -0.05405 0.00044294 -0.051707 0.054742 0.00044294 -0.050975 -0.20528 0.11015 0.061294 0.19437 0.0042808 0.079053 -0.21249 0.15926 -0.17048 0.25103 -0.14193 -0.099247 -0.19916 0.18907 -0.24649 0.25872 -0.1975 -0.16007 -0.0034238 -0.011823 -0.43802 0.18764 0.080992 -0.40848 0.073147 -0.024769 -0.77122 -0.075337 -0.042265 -0.56971 0.081594 -0.10109 -0.82886 -0.067163 -0.11909 -0.62257 -0.021106 -0.074917 0.59639
-0.13831 0.012231 0.29603 0.12397 0.007856 0.33593 -0.021455 -0.0090129 0.4086 -0.0047776 -0.0037416 0.068344 -0.054051 -0.00025135 -0.051711 0.054438 -0.00025135 -0.051304 -0.19902 0.11557 0.058537 0.19306 0.015805 0.079312 -0.20493 0.16601 -0.17302 0.23962 -0.11388 -0.11495 -0.18772 0.19452 -0.24881 0.24527 -0.16713 -0.17823 -0.002954 -0.0083593 -0.43808 0.19264 0.072892 -0.40845 0.085293 -0.030356 -0.76694 -0.076123 -0.026091 -0.57014 0.098061 -0.10432 -0.82592 -0.069687 -0.10409 -0.62148 -0.022827 -0.069874 0.59626
-0.13448 0.015662 0.29317 0.12603 0.014594 0.33673 -0.019972 -0.00028485 0.40873 -0.0046269 -0.0015497 0.068402 -0.054063 -0.001479 -0.051666 0.054017 -0.001479 -0.051713 -0.19179 0.10784 0.050899 0.19647 0.033723 0.081257 -0.19531 0.15585 -0.18106 0.22574 -0.062071 -0.13171 -0.1728 0.17881 -0.25713 0.2369 -0.11176 -0.19644 -0.0050389 -0.0025255 -0.43835 0.19042 0.058269 -0.41181 0.07395 -0.020471 -0.75835 -0.10459 -0.035783 -0.56205 0.089428 -0.090798 -0.81662 -0.09927 -0.1149 -0.61178 -0.024308 -0.063465 0.59554
-0.13 0.0158 0.28968 0.12782 0.02326 0.33686 -0.018228 0.0083791 0.40876 -0.0044361 0.0011119 0.068429 -0.05407 -0.0027331 -0.051611 0.053554 -0.0027331 -0.052147 -0.18468 0.088437 0.040221 0.20406 0.055914 0.08442 -0.18469 0.12965 -0.19305 0.21289 0.0033803 -0.14518 -0.15632 0.14324 -0.26943 0.23539 -0.041905 -0.21026 -0.0087288 0.0026641 -0.4387 0.18175 0.040265 -0.41763 0.041068 -0.033873 -0.76476 -0.11848 -0.056993 -0.5671 0.046078 -0.10501 -0.82447 -0.11314 -0.13691 -0.61554 -0.025122 -0.057951 0.5944
-0.12575 0.012857 0.2874 0.13007 0.028314 0.33799 -0.016061 0.010199 0.40884 -0.0041412 0.0021906 0.068452 -0.053952 -0.0026427 -0.051741 0.053264 -0.0026427 -0.052447 -0.17988 0.070247 0.033075 0.21196 0.072256 0.088823 -0.1789 0.10554 -0.20157 0.20851 0.04656 -0.14839 -0.14401 0.11041 -0.27659 0.23848 0.0046149 -0.21352 -0.012721 0.0056858 -0.43932 0.176 0.027083 -0.42137 0.022424 -0.044118 -0.76965 -0.0093558 -0.036537 -0.63461 0.02131 -0.11585 -0.83065 -0.002528 -0.11638 -0.68296 -0.024434 -0.057267 0.59404
-0.12242 0.0088444 0.28649 0.13253 0.029349 0.34035 -0.014008 0.0063664 0.40898 -0.0038434 0.0018185 0.068469 -0.053579 -0.0015351 -0.052171 0.053146 -0.0015351 -0.052611 -0.17747 0.05436 0.030262 0.2193 0.08207 0.094656 -0.17759 0.081691 -0.20531 0.21304 0.064151 -0.14206 -0.1389 0.080842 -0.27853 0.24511 0.024739 -0.20746 -0.017881 0.0082049 -0.44024 0.17485 0.020012 -0.42234 0.018865 -0.039554 -0.76922 0.18811 0.01878 -0.73721 0.019727 -0.11075 -0.83019 0.19726 -0.060232 -0.78653 -0.023243 -0.060003 0.59452
-0.12059 0.0069592 0.28594 0.13429 0.029566 0.34311 -0.013095 0.0036096 0.40904 -0.0037576 0.0016548 0.068456 -0.052821 -0.00091581 -0.052958 0.053042 -0.00091581 -0.05274 -0.17601 0.033488 0.028516 0.22735 0.091334 0.10221 -0.17607 0.042197 -0.20729 0.22205 0.075761 -0.13225 -0.14208 0.039411 -0.28153 0.25519 0.039833 -0.19832 -0.026556 0.013997 -0.44139 0.17445 0.015487 -0.4226 0.0064666 -0.020696 -0.76939 0.3401 0.060245 -0.79472 0.010885 -0.092185 -0.82888 0.35117 -0.017826 -0.84523 -0.023795 -0.061075 0.59508
-0.12081 0.010421 0.28472 0.13443 0.032237 0.34541 -0.014355 0.0087619 0.40889 -0.0041006 0.0033874 0.06839 -0.051547 -0.0023127 -0.054154 0.052793 -0.0023127 -0.05294 -0.17404 0.00018737 0.0245 0.23739 0.10615 0.11178 -0.16957 -0.029118 -0.21064 0.231 0.10143 -0.12509 -0.15461 -0.029306 -0.29198 0.26863 0.071722 -0.19248 -0.041118 0.026878 -0.44272 0.17085 0.0098523 -0.42423 -0.039162 0.011711 -0.77627 0.31095 0.03836 -0.72597 -0.036318 -0.062928 -0.83268 0.32226 -0.039301 -0.77698 -0.028364 -0.05533 0.59493
