-0.17511 0.0022021 0.30946 0.1004 0.00051716 0.33335 -0.044766 -0.017008 0.4064 -0.0099205 -0.0047251 0.067711 -0.050516 0.00077235 -0.055159 0.059722 0.00077235 -0.045031 -0.21461 -0.033329 0.049024 0.12348 -0.05996 0.075557 -0.2085 -0.23251 -0.079271 0.12228 -0.26036 -0.050964 -0.204 -0.29868 -0.12866 0.12727 -0.32619 -0.10077 -0.12681 -0.32887 -0.24871 0.19696 -0.31781 -0.22283 -0.053489 -0.31594 -0.5742 0.15338 -0.28372 -0.55212 -0.08655 -0.31211 -0.66169 0.2325 -0.27988 -0.60198 -0.017691 -0.087261 0.58873
-0.17489 0.0012414 0.30959 0.10092 3.4151e-05 0.33364 -0.044392 -0.017357 0.40643 -0.0098728 -0.0047481 0.067717 -0.050546 0.00075956 -0.055133 0.059783 0.00075956 -0.04495 -0.21396 -0.035087 0.049077 0.1228 -0.060156 0.07557 -0.20559 -0.23441 -0.078891 0.12179 -0.26008 -0.051763 -0.20038 -0.30093 -0.12775 0.12814 -0.32513 -0.10244 -0.12679 -0.3292 -0.24815 0.19714 -0.31783 -0.22266 -0.053437 -0.31652 -0.57365 0.1535 -0.28388 -0.55195 -0.083961 -0.31781 -0.66004 0.23265 -0.28016 -0.60177 -0.016598 -0.087702 0.58863
-0.17459 0.00026595 0.3098 0.10152 -0.00046781 0.33389 -0.043896 -0.017915 0.40647 -0.0098112 -0.0047921 0.067723 -0.050591 0.00076603 -0.055091 0.059832 0.00076603 -0.044885 -0.21438 -0.036104 0.049373 0.12229 -0.059371 0.07542 -0.2038 -0.23522 -0.078766 0.12204 -0.25916 -0.052148 -0.19787 -0.30192 -0.12728 0.12936 -0.32388 -0.10313 -0.12692 -0.32945 -0.24764 0.19712 -0.31789 -0.22251 -0.053501 -0.31691 -0.57313 0.15344 -0.2841 -0.55181 -0.082984 -0.31855 -0.6593 0.23262 -0.28034 -0.60159 -0.015508 -0.088386 0.58853
-0.17422 -0.00071393 0.31008 0.10219 -0.00097929 0.33413 -0.043303 -0.018641 0.4065 -0.0097375 -0.0048541 0.067729 -0.050649 0.00078866 -0.055038 0.05987 0.00078866 -0.044834 -0.21569 -0.036495 0.04987 0.12196 -0.05784 0.075151 -0.20297 -0.23509 -0.078871 0.12292 -0.2577 -0.052277 -0.19631 -0.30185 -0.12721 0.13087 -0.32245 -0.10313 -0.12715 -0.32963 -0.24716 0.19696 -0.318 -0.22239 -0.053653 -0.31711 -0.57263 0.15324 -0.28435 -0.5517 -0.083165 -0.31576 -0.65922 0.23243 -0.28043 -0.60145 -0.014439 -0.089237 0.58843
-0.17379 -0.0016877 0.31041 0.1029 -0.0014909 0.33434 -0.042638 -0.019492 0.40652 -0.0096535 -0.0049313 0.067735 -0.050717 0.0008243 -0.054974 0.059898 0.0008243 -0.044796 -0.2177 -0.036375 0.050526 0.1218 -0.055798 0.074805 -0.20292 -0.23419 -0.07918 0.12429 -0.25582 -0.052308 -0.19555 -0.30089 -0.1275 0.13261 -0.32084 -0.10275 -0.12746 -0.32976 -0.24673 0.19669 -0.31812 -0.2223 -0.053864 -0.31717 -0.57217 0.15293 -0.28462 -0.55162 -0.084051 -0.31081 -0.65955 0.23212 -0.28046 -0.60134 -0.013404 -0.090181 0.58836
-0.17334 -0.002645 0.31079 0.10365 -0.0019931 0.33454 -0.041927 -0.020426 0.40654 -0.0095612 -0.0050211 0.067741 -0.050795 0.00086984 -0.054902 0.059916 0.00086984 -0.044769 -0.2202 -0.035859 0.051298 0.12185 -0.053479 0.074426 -0.2035 -0.23268 -0.079668 0.12603 -0.25364 -0.0524 -0.19544 -0.29922 -0.12811 0.13451 -0.31905 -0.10227 -0.1278 -0.32985 -0.24632 0.19634 -0.31826 -0.22223 -0.054105 -0.3171 -0.57174 0.15255 -0.28487 -0.55156 -0.085188 -0.30512 -0.66007 0.23173 -0.28047 -0.60126 -0.012419 -0.091141 0.58832
-0.17288 -0.0035751 0.31119 0.10439 -0.0024767 0.33472 -0.041196 -0.0214 0.40656 -0.0094622 -0.0051207 0.067748 -0.050878 0.00092215 -0.054823 0.059927 0.00092215 -0.044754 -0.223 -0.035064 0.052144 0.12209 -0.051117 0.074056 -0.20453 -0.23072 -0.080307 0.128 -0.25125 -0.05271 -0.19584 -0.29701 -0.12898 0.1365 -0.31709 -0.10201 -0.12813 -0.3299 -0.24596 0.19596 -0.31839 -0.22218 -0.054349 -0.31693 -0.57134 0.15212 -0.28508 -0.55151 -0.086123 -0.30009 -0.66052 0.23129 -0.28047 -0.60121 -0.0115 -0.092043 0.58833
-0.17242 -0.0044678 0.31159 0.10513 -0.002932 0.3349 -0.040469 -0.022372 0.40658 -0.0093584 -0.0052271 0.067754 -0.050966 0.0009781 -0.05474 0.059931 0.0009781 -0.044747 -0.22592 -0.034104 0.053023 0.12255 -0.048946 0.073739 -0.20586 -0.22848 -0.081074 0.13007 -0.24879 -0.053396 -0.19659 -0.29445 -0.13007 0.13851 -0.31497 -0.10225 -0.12843 -0.32994 -0.24562 0.19557 -0.31851 -0.22215 -0.054566 -0.3167 -0.57098 0.15168 -0.28522 -0.55147 -0.086403 -0.29713 -0.66066 0.23084 -0.2805 -0.6012 -0.010661 -0.092812 0.58841
-0.17199 -0.0053125 0.312 0.10583 -0.0033498 0.33507 -0.039773 -0.0233 0.4066 -0.0092517 -0.0053377 0.06776 -0.051056 0.0010346 -0.054656 0.05993 0.0010346 -0.044748 -0.22877 -0.033095 0.05389 0.12324 -0.047202 0.073517 -0.20732 -0.22612 -0.08194 0.13213 -0.24635 -0.054618 -0.19754 -0.29171 -0.13135 0.14048 -0.31267 -0.10329 -0.12865 -0.32998 -0.24532 0.19523 -0.31861 -0.22214 -0.054728 -0.31642 -0.57065 0.15127 -0.28527 -0.55145 -0.085573 -0.29763 -0.66026 0.2304 -0.28057 -0.60121 -0.0099183 -0.093373 0.58856
-0.17161 -0.0060987 0.31239 0.10648 -0.0037205 0.33523 -0.039134 -0.024141 0.40662 -0.0091438 -0.0054496 0.067766 -0.051146 0.0010885 -0.054571 0.059923 0.0010885 -0.044756 -0.23133 -0.032152 0.054705 0.12416 -0.046118 0.073434 -0.20874 -0.2238 -0.082882 0.13403 -0.24405 -0.056532 -0.19855 -0.28898 -0.13275 0.14234 -0.31022 -0.10543 -0.12877 -0.33003 -0.24505 0.19496 -0.31866 -0.22215 -0.054806 -0.31613 -0.57036 0.15091 -0.2852 -0.55143 -0.08318 -0.303 -0.65906 0.23002 -0.28072 -0.60126 -0.0092869 -0.093649 0.58881
-0.17128 -0.0068247 0.31274 0.10706 -0.0040417 0.33539 -0.038569 -0.024865 0.40664 -0.0090366 -0.0055604 0.067772 -0.051234 0.0011374 -0.054487 0.059913 0.0011374 -0.044769 -0.23348 -0.03136 0.055434 0.12532 -0.045848 0.073516 -0.21 -0.22166 -0.083865 0.13567 -0.24201 -0.059189 -0.19949 -0.28639 -0.13424 0.14403 -0.30765 -0.10881 -0.12874 -0.33009 -0.24481 0.1948 -0.31867 -0.22217 -0.05478 -0.31584 -0.57011 0.15063 -0.285 -0.55141 -0.078928 -0.31414 -0.65694 0.22971 -0.28096 -0.60132 -0.0087659 -0.093616 0.58914
-0.171 -0.0075394 0.31307 0.10759 -0.0043518 0.33555 -0.038058 -0.025512 0.40666 -0.0089315 -0.0056696 0.067777 -0.051321 0.0011838 -0.054405 0.059898 0.0011838 -0.044788 -0.23528 -0.030635 0.056102 0.12663 -0.046078 0.073694 -0.21114 -0.21965 -0.084815 0.13711 -0.2403 -0.061996 -0.2004 -0.28393 -0.1357 0.1456 -0.30524 -0.11257 -0.1286 -0.33017 -0.24461 0.19472 -0.31865 -0.22219 -0.054668 -0.31553 -0.5699 0.1504 -0.28467 -0.55139 -0.073435 -0.329 -0.65428 0.22947 -0.28116 -0.60137 -0.00826 -0.093532 0.58945
-0.17073 -0.0083102 0.31337 0.1081 -0.0047035 0.33567 -0.037565 -0.026148 0.40667 -0.0088301 -0.0057774 0.067781 -0.051407 0.0012316 -0.054323 0.059877 0.0012316 -0.044815 -0.23693 -0.029828 0.056753 0.12798 -0.046322 0.073865 -0.2123 -0.21766 -0.085641 0.13843 -0.23901 -0.06413 -0.20139 -0.28154 -0.13701 0.14709 -0.30331 -0.11552 -0.12837 -0.33022 -0.24448 0.19466 -0.31863 -0.22221 -0.054506 -0.31514 -0.56976 0.15018 -0.28427 -0.55134 -0.067651 -0.34448 -0.65169 0.22927 -0.28118 -0.60133 -0.0076396 -0.09376 0.5896
-0.17044 -0.0092046 0.31365 0.10861 -0.0051501 0.33576 -0.037055 -0.02684 0.40666 -0.0087338 -0.005884 0.067784 -0.051493 0.001285 -0.054239 0.059849 0.001285 -0.04485 -0.2386 -0.02879 0.057432 0.12928 -0.046095 0.073923 -0.21361 -0.21559 -0.086253 0.13974 -0.2382 -0.06477 -0.20253 -0.27911 -0.13803 0.14858 -0.30224 -0.11644 -0.12809 -0.33024 -0.24441 0.19458 -0.31862 -0.2222 -0.054326 -0.31462 -0.56969 0.14992 -0.28382 -0.55126 -0.062525 -0.35745 -0.64977 0.22906 -0.28086 -0.60117 -0.006775 -0.094661 0.58945
-0.17011 -0.01029 0.31391 0.10917 -0.0057439 0.33579 -0.036493 -0.027653 0.40664 -0.0086441 -0.0059897 0.067786 -0.051582 0.0013479 -0.054153 0.059814 0.0013479 -0.044895 -0.24046 -0.027377 0.058184 0.1304 -0.044915 0.073767 -0.21517 -0.21334 -0.086562 0.14114 -0.23796 -0.063102 -0.20395 -0.27659 -0.13864 0.15011 -0.30235 -0.11415 -0.1278 -0.3302 -0.24444 0.19441 -0.31866 -0.22216 -0.054165 -0.31393 -0.56971 0.14957 -0.28336 -0.55114 -0.059001 -0.36484 -0.64913 0.22882 -0.28004 -0.60082 -0.0055382 -0.096594 0.58884
-0.16972 -0.011613 0.31416 0.10977 -0.0065041 0.33578 -0.03586 -0.028634 0.40661 -0.0085603 -0.0060955 0.067785 -0.051671 0.001421 -0.054065 0.05977 0.001421 -0.044949 -0.2426 -0.025613 0.059033 0.13126 -0.042644 0.073374 -0.21703 -0.2109 -0.08656 0.14256 -0.23824 -0.059052 -0.20562 -0.27398 -0.13883 0.15159 -0.3037 -0.10847 -0.12751 -0.3301 -0.24455 0.19416 -0.31875 -0.22208 -0.054037 -0.31306 -0.56982 0.14912 -0.28291 -0.55098 -0.05746 -0.36544 -0.64996 0.22854 -0.27873 -0.60029 -0.0039096 -0.099615 0.58779
-0.16928 -0.013191 0.31442 0.11043 -0.0073949 0.33577 -0.035169 -0.029803 0.40657 -0.0084787 -0.0062042 0.067785 -0.051759 0.0014995 -0.053977 0.059723 0.0014995 -0.045009 -0.24494 -0.023804 0.059969 0.13177 -0.039699 0.072853 -0.21902 -0.20847 -0.086374 0.14372 -0.23878 -0.053754 -0.2074 -0.2714 -0.13879 0.15267 -0.3058 -0.10088 -0.12724 -0.32995 -0.24472 0.19385 -0.31887 -0.22199 -0.053932 -0.31208 -0.56998 0.14862 -0.28246 -0.5508 -0.057369 -0.36118 -0.6518 0.22823 -0.27715 -0.59966 -0.0020473 -0.10328 0.58651
-0.16881 -0.015036 0.31468 0.11113 -0.0083755 0.33578 -0.034434 -0.031177 0.40653 -0.008395 -0.0063186 0.067785 -0.051843 0.0015779 -0.053894 0.059673 0.0015779 -0.045072 -0.24741 -0.022281 0.060983 0.13184 -0.036548 0.072325 -0.22097 -0.20625 -0.086141 0.14427 -0.23932 -0.048457 -0.20913 -0.26901 -0.13871 0.15298 -0.30815 -0.093001 -0.12698 -0.32979 -0.24492 0.19352 -0.31899 -0.22189 -0.053837 -0.31108 -0.57017 0.1481 -0.28202 -0.55062 -0.05811 -0.35425 -0.65412 0.22791 -0.27557 -0.59904 -0.00012567 -0.10711 0.58526
-0.16832 -0.017161 0.31496 0.11187 -0.009405 0.33588 -0.033668 -0.032771 0.4065 -0.008305 -0.0064418 0.067786 -0.051921 0.0016509 -0.053819 0.059626 0.0016509 -0.045133 -0.24993 -0.021378 0.062061 0.13141 -0.033663 0.071914 -0.22272 -0.20444 -0.086 0.1439 -0.23958 -0.044406 -0.21063 -0.26694 -0.13879 0.15213 -0.31024 -0.086455 -0.12674 -0.32964 -0.24511 0.19324 -0.31909 -0.22183 -0.053736 -0.31015 -0.57035 0.14762 -0.28157 -0.55046 -0.059062 -0.34685 -0.65642 0.2276 -0.27423 -0.59852 0.0016806 -0.1106 0.58427
-0.16783 -0.019592 0.31526 0.11265 -0.010471 0.33609 -0.032883 -0.03463 0.40649 -0.0082044 -0.0065795 0.06779 -0.05199 0.0017149 -0.053753 0.059583 0.0017149 -0.04519 -0.25241 -0.021374 0.063195 0.13041 -0.031507 0.071721 -0.22413 -0.20323 -0.086067 0.14237 -0.2394 -0.042619 -0.21175 -0.26534 -0.13922 0.14987 -0.31167 -0.082586 -0.1265 -0.32952 -0.24527 0.19302 -0.31914 -0.2218 -0.053616 -0.30934 -0.57049 0.14722 -0.28111 -0.55035 -0.059665 -0.34097 -0.6582 0.22731 -0.27337 -0.59819 0.0032117 -0.11338 0.58375
-0.16732 -0.022476 0.31555 0.11346 -0.011809 0.33634 -0.032061 -0.037047 0.40642 -0.008086 -0.0067657 0.06779 -0.052061 0.0017817 -0.053686 0.05954 0.0017817 -0.045248 -0.25487 -0.022099 0.064403 0.1291 -0.030507 0.071695 -0.22528 -0.20251 -0.086275 0.14025 -0.2395 -0.042101 -0.21264 -0.26413 -0.13989 0.14694 -0.31312 -0.080241 -0.12625 -0.32941 -0.24541 0.1929 -0.31913 -0.22181 -0.053458 -0.30862 -0.57062 0.14689 -0.28057 -0.55027 -0.059856 -0.33695 -0.65943 0.22704 -0.27293 -0.59804 0.0044368 -0.11587 0.58359
-0.16676 -0.026017 0.31579 0.11431 -0.013783 0.33653 -0.031172 -0.04044 0.4062 -0.0079414 -0.007048 0.06778 -0.05215 0.0018711 -0.053598 0.059488 0.0018711 -0.045313 -0.25736 -0.023155 0.065716 0.12786 -0.031067 0.071703 -0.22637 -0.20204 -0.086461 0.13853 -0.24102 -0.040823 -0.21354 -0.26317 -0.14058 0.14462 -0.31579 -0.076987 -0.12591 -0.32927 -0.24557 0.19287 -0.31906 -0.22183 -0.053241 -0.30788 -0.57077 0.1466 -0.27987 -0.55019 -0.059833 -0.33424 -0.66024 0.22678 -0.27271 -0.59798 0.0053909 -0.11893 0.58349
-0.16613 -0.030423 0.31592 0.11518 -0.016757 0.33656 -0.030183 -0.045229 0.40571 -0.0077621 -0.0074747 0.067752 -0.052272 0.0020029 -0.053471 0.059421 0.0020029 -0.045394 -0.25991 -0.024139 0.067166 0.12709 -0.033593 0.071611 -0.22761 -0.20159 -0.086464 0.1382 -0.24516 -0.036748 -0.21472 -0.2623 -0.14106 0.14417 -0.3209 -0.070379 -0.12544 -0.32907 -0.24579 0.19292 -0.31891 -0.22185 -0.052947 -0.30702 -0.57098 0.14632 -0.27894 -0.55006 -0.059792 -0.33231 -0.66081 0.2265 -0.27251 -0.59794 0.0061098 -0.12344 0.58316
-0.16539 -0.035901 0.31589 0.11609 -0.021095 0.3363 -0.029064 -0.051833 0.40486 -0.0075398 -0.0080935 0.067697 -0.052445 0.0021969 -0.053287 0.05933 0.0021969 -0.045497 -0.26257 -0.024651 0.068783 0.12718 -0.03849 0.071287 -0.22918 -0.20092 -0.086118 0.14025 -0.25307 -0.027845 -0.21643 -0.26138 -0.14111 0.14687 -0.32967 -0.05798 -0.12479 -0.32876 -0.2461 0.19307 -0.31867 -0.22185 -0.052553 -0.30594 -0.5713 0.14602 -0.27769 -0.54986 -0.059931 -0.3306 -0.66129 0.22619 -0.27215 -0.59785 0.0066294 -0.13025 0.58231
-0.16454 -0.042502 0.3157 0.11703 -0.026916 0.33572 -0.027808 -0.06033 0.4036 -0.007272 -0.0089258 0.067612 -0.052675 0.0024625 -0.053039 0.059214 0.0024625 -0.045626 -0.26542 -0.024704 0.070594 0.12847 -0.04587 0.070699 -0.23128 -0.20004 -0.085391 0.14497 -0.26509 -0.013663 -0.21882 -0.26041 -0.14067 0.15304 -0.34251 -0.039174 -0.12394 -0.32833 -0.24652 0.1933 -0.31835 -0.22181 -0.052059 -0.30459 -0.57173 0.14569 -0.27609 -0.54958 -0.060361 -0.32877 -0.66177 0.22585 -0.27149 -0.59766 0.0069922 -0.13969 0.58078
-0.16367 -0.04993 0.31538 0.11803 -0.03378 0.33491 -0.026465 -0.070012 0.40203 -0.006971 -0.009931 0.067496 -0.052947 0.0027859 -0.052744 0.059083 0.0027859 -0.045769 -0.26867 -0.025272 0.07261 0.1312 -0.05518 0.070053 -0.23402 -0.1996 -0.084539 0.15109 -0.27967 0.0025961 -0.22175 -0.25979 -0.14015 0.16081 -0.358 -0.01755 -0.12297 -0.32783 -0.24698 0.19362 -0.31795 -0.22175 -0.0515 -0.30311 -0.5722 0.14538 -0.27428 -0.54924 -0.060989 -0.32691 -0.66222 0.22553 -0.27062 -0.59741 0.0072562 -0.15084 0.57874
-0.16285 -0.057836 0.315 0.1191 -0.041166 0.33398 -0.025096 -0.080059 0.40028 -0.0066507 -0.01106 0.067354 -0.053244 0.0031495 -0.052423 0.058952 0.0031495 -0.045914 -0.2725 -0.027458 0.074844 0.13557 -0.06577 0.069589 -0.23753 -0.20029 -0.083863 0.15708 -0.29497 0.017215 -0.22504 -0.25996 -0.13999 0.16804 -0.37445 0.0027073 -0.12197 -0.3273 -0.2474 0.19401 -0.31748 -0.22169 -0.05092 -0.30164 -0.57264 0.14512 -0.27241 -0.54889 -0.061697 -0.32516 -0.66258 0.22528 -0.26963 -0.59711 0.0074818 -0.16264 0.57641
-0.16217 -0.065872 0.31463 0.12026 -0.048553 0.33304 -0.023758 -0.089652 0.39846 -0.0063251 -0.012264 0.067188 -0.053548 0.0035361 -0.052099 0.058834 0.0035361 -0.046047 -0.27712 -0.032371 0.077306 0.14179 -0.076992 0.069547 -0.24192 -0.20285 -0.083663 0.16143 -0.30916 0.026477 -0.22852 -0.26136 -0.14064 0.17253 -0.39016 0.017415 -0.12103 -0.3268 -0.24771 0.19446 -0.31696 -0.22164 -0.050362 -0.30031 -0.57297 0.14497 -0.27062 -0.54858 -0.062363 -0.3237 -0.6628 0.22515 -0.26862 -0.59682 0.0077292 -0.17398 0.57399
-0.16171 -0.073705 0.31431 0.12154 -0.055446 0.3322 -0.022512 -0.098021 0.3967 -0.0060083 -0.013497 0.066999 -0.053842 0.0039324 -0.051791 0.058742 0.0039324 -0.046157 -0.28271 -0.041019 0.080005 0.15002 -0.088208 0.070148 -0.2473 -0.20793 -0.084209 0.16273 -0.32051 0.026946 -0.23202 -0.26441 -0.1425 0.1723 -0.40349 0.022651 -0.12023 -0.32638 -0.24784 0.19497 -0.31638 -0.22162 -0.049865 -0.29926 -0.57311 0.14497 -0.26904 -0.54835 -0.062874 -0.32266 -0.66281 0.22519 -0.26767 -0.59657 0.0080548 -0.18385 0.57168
-0.1615 -0.0812 0.31403 0.12286 -0.061705 0.33152 -0.02142 -0.10506 0.39502 -0.0057146 -0.014771 0.066773 -0.054119 0.0043816 -0.051491 0.05867 0.0043816 -0.046236 -0.28921 -0.053109 0.082921 0.15985 -0.098964 0.071388 -0.25358 -0.21544 -0.085371 0.16103 -0.32848 0.018998 -0.23562 -0.26904 -0.1454 0.1675 -0.41343 0.018041 -0.11956 -0.32597 -0.24781 0.19555 -0.3157 -0.22162 -0.04942 -0.29838 -0.5731 0.14513 -0.26758 -0.54817 -0.06321 -0.32193 -0.66264 0.22537 -0.26671 -0.59639 0.0084607 -0.19206 0.56955
-0.16154 -0.088369 0.31369 0.12413 -0.067443 0.33103 -0.02055 -0.11112 0.39339 -0.0054588 -0.016138 0.066483 -0.054383 0.0049674 -0.051171 0.058598 0.0049674 -0.04628 -0.29635 -0.067404 0.086017 0.17044 -0.10893 0.073096 -0.26054 -0.22479 -0.08673 0.15737 -0.3334 0.0057546 -0.23953 -0.27487 -0.14876 0.15985 -0.41942 0.005771 -0.11897 -0.32542 -0.24772 0.19624 -0.31481 -0.22163 -0.048979 -0.2974 -0.573 0.14541 -0.26601 -0.54802 -0.063416 -0.32123 -0.66237 0.22561 -0.26554 -0.59631 0.0089103 -0.19904 0.56753
-0.1618 -0.095225 0.31321 0.12521 -0.072779 0.33075 -0.019967 -0.1166 0.39179 -0.0052555 -0.01765 0.066103 -0.054633 0.0057744 -0.050804 0.058509 0.0057744 -0.046285 -0.30388 -0.08265 0.089252 0.18093 -0.11778 0.075099 -0.26797 -0.23534 -0.087858 0.15286 -0.33564 -0.0096009 -0.24397 -0.28149 -0.15198 0.1511 -0.4209 -0.01192 -0.11837 -0.32458 -0.24766 0.19707 -0.31361 -0.22163 -0.048496 -0.29603 -0.57292 0.14578 -0.26407 -0.54783 -0.06354 -0.32027 -0.66208 0.22583 -0.26396 -0.59638 0.009366 -0.20522 0.56559
-0.16228 -0.10178 0.3125 0.126 -0.077832 0.33072 -0.019738 -0.12186 0.39019 -0.0051193 -0.019359 0.065607 -0.054872 0.0068872 -0.050362 0.058382 0.0068872 -0.046247 -0.31154 -0.097591 0.092588 0.19047 -0.1252 0.077224 -0.27564 -0.24647 -0.088329 0.14859 -0.33554 -0.023886 -0.24917 -0.28851 -0.15446 0.14302 -0.41733 -0.032792 -0.11771 -0.32332 -0.24773 0.19807 -0.31199 -0.22161 -0.047924 -0.29401 -0.57294 0.14621 -0.26151 -0.54757 -0.063629 -0.31875 -0.66183 0.22594 -0.26177 -0.59661 0.0097901 -0.21105 0.56365
-0.16294 -0.10809 0.31147 0.12643 -0.082771 0.33088 -0.019883 -0.12729 0.38852 -0.0050559 -0.021289 0.06498 -0.055101 0.0083422 -0.04983 0.058208 0.0083422 -0.046167 -0.31913 -0.11136 0.096003 0.19852 -0.13103 0.079309 -0.28329 -0.25757 -0.087907 0.14551 -0.33352 -0.034794 -0.25517 -0.29551 -0.15582 0.13698 -0.40872 -0.05481 -0.11693 -0.32156 -0.248 0.19924 -0.30991 -0.22156 -0.047232 -0.29117 -0.57313 0.14667 -0.25819 -0.54721 -0.063721 -0.31652 -0.6617 0.22589 -0.25887 -0.59703 0.010164 -0.21695 0.56164
-0.16366 -0.11435 0.30999 0.12658 -0.087935 0.33095 -0.020273 -0.13327 0.38656 -0.0050412 -0.023363 0.064247 -0.055318 0.010015 -0.04924 0.058 0.010015 -0.046057 -0.32655 -0.12442 0.099539 0.20555 -0.13571 0.08123 -0.29054 -0.268 -0.086983 0.14416 -0.33018 -0.042926 -0.26147 -0.30209 -0.15644 0.13317 -0.39706 -0.076629 -0.11606 -0.31947 -0.24842 0.20048 -0.30753 -0.22154 -0.046452 -0.28779 -0.57344 0.14712 -0.25437 -0.54682 -0.063818 -0.31382 -0.66164 0.22571 -0.25546 -0.59761 0.010534 -0.22339 0.55931
-0.16429 -0.12076 0.30794 0.12654 -0.093694 0.33061 -0.020745 -0.14017 0.38408 -0.005045 -0.025482 0.063443 -0.05552 0.011749 -0.048634 0.057778 0.011749 -0.045933 -0.33376 -0.13746 0.10325 0.21225 -0.13977 0.082872 -0.29701 -0.27714 -0.08608 0.14496 -0.32615 -0.049485 -0.26741 -0.30781 -0.15683 0.13149 -0.3847 -0.097043 -0.11513 -0.31728 -0.24892 0.20168 -0.30505 -0.22161 -0.045626 -0.28422 -0.57382 0.14753 -0.25038 -0.54651 -0.063919 -0.31098 -0.66162 0.22544 -0.25181 -0.59833 0.010957 -0.23081 0.5564
-0.1647 -0.12756 0.3052 0.12644 -0.10042 0.32951 -0.021139 -0.14838 0.38085 -0.0050368 -0.02755 0.062602 -0.055705 0.013387 -0.048051 0.057563 0.013387 -0.045811 -0.34072 -0.15122 0.10718 0.2193 -0.14378 0.084118 -0.30229 -0.28437 -0.085718 0.14837 -0.32208 -0.055673 -0.27236 -0.31224 -0.15751 0.13185 -0.37402 -0.11485 -0.11418 -0.31519 -0.24942 0.20271 -0.30267 -0.22183 -0.044796 -0.2808 -0.57421 0.14785 -0.24652 -0.54636 -0.064019 -0.30833 -0.66158 0.22512 -0.24819 -0.59914 0.011491 -0.23967 0.55265
-0.16475 -0.13493 0.30165 0.12638 -0.10847 0.32735 -0.021301 -0.15825 0.37663 -0.0049883 -0.029472 0.061757 -0.055871 0.014778 -0.04753 0.057373 0.014778 -0.045705 -0.34738 -0.16638 0.1114 0.22738 -0.14827 0.084863 -0.30602 -0.28908 -0.086394 0.15477 -0.31857 -0.062653 -0.2757 -0.31498 -0.15897 0.13418 -0.36727 -0.12889 -0.11326 -0.31344 -0.24986 0.20344 -0.30058 -0.22224 -0.044009 -0.27789 -0.57456 0.14804 -0.24313 -0.54647 -0.064122 -0.30618 -0.66149 0.2248 -0.24485 -0.60002 0.012185 -0.25038 0.54781
-0.16456 -0.14284 0.29743 0.12632 -0.11776 0.32417 -0.021298 -0.16957 0.37148 -0.0049095 -0.031216 0.06092 -0.056004 0.015932 -0.047069 0.057204 0.015932 -0.0456 -0.3538 -0.1828 0.11589 0.2365 -0.15338 0.08522 -0.3084 -0.29132 -0.088007 0.16374 -0.31569 -0.070656 -0.27758 -0.31584 -0.16116 0.13838 -0.36412 -0.13914 -0.11255 -0.31194 -0.25025 0.20369 -0.29884 -0.22288 -0.043418 -0.27543 -0.57488 0.14796 -0.2402 -0.54684 -0.064364 -0.30445 -0.66137 0.22434 -0.24185 -0.60095 0.012862 -0.2627 0.54198
-0.16454 -0.15097 0.29294 0.12611 -0.12777 0.32035 -0.021414 -0.18151 0.36576 -0.0048495 -0.03281 0.060083 -0.05608 0.017019 -0.04662 0.057031 0.017019 -0.045448 -0.36015 -0.19957 0.12059 0.24607 -0.15889 0.085518 -0.31024 -0.29178 -0.089864 0.174 -0.31294 -0.078984 -0.27888 -0.31484 -0.16343 0.14439 -0.36166 -0.14673 -0.11242 -0.31037 -0.25068 0.20322 -0.29733 -0.22374 -0.04328 -0.273 -0.5752 0.14734 -0.23745 -0.54745 -0.065016 -0.30266 -0.66127 0.22344 -0.239 -0.60195 0.013119 -0.2757 0.5356
-0.16507 -0.159 0.28859 0.12559 -0.13798 0.31631 -0.021941 -0.19327 0.35982 -0.0048591 -0.034289 0.059237 -0.056074 0.018215 -0.046134 0.056825 0.018215 -0.045204 -0.3666 -0.21574 0.12545 0.25548 -0.16455 0.0861 -0.31234 -0.29118 -0.091243 0.18425 -0.30979 -0.086896 -0.2805 -0.31203 -0.16516 0.15212 -0.35684 -0.15283 -0.11322 -0.30838 -0.25122 0.20176 -0.29595 -0.22481 -0.043856 -0.27013 -0.57558 0.14593 -0.23455 -0.54824 -0.066353 -0.30032 -0.66128 0.22181 -0.23613 -0.60303 0.012542 -0.28841 0.52913
-0.16657 -0.16662 0.28478 0.12459 -0.14784 0.31245 -0.023173 -0.204 0.35402 -0.0049889 -0.035684 0.058374 -0.055963 0.019696 -0.045562 0.05656 0.019696 -0.044819 -0.37333 -0.23033 0.13041 0.2641 -0.17011 0.087306 -0.31554 -0.29024 -0.091422 0.19318 -0.30573 -0.093651 -0.28337 -0.30745 -0.16568 0.16149 -0.34664 -0.1586 -0.1153 -0.30562 -0.25195 0.19907 -0.29459 -0.22609 -0.045408 -0.26638 -0.57609 0.14345 -0.23121 -0.54916 -0.068652 -0.29694 -0.66146 0.21914 -0.23305 -0.6042 0.010719 -0.29989 0.52304
-0.1693 -0.17355 0.28184 0.12302 -0.15687 0.30913 -0.025297 -0.21302 0.34868 -0.0052721 -0.037017 0.057491 -0.055733 0.021581 -0.044873 0.056215 0.021581 -0.044266 -0.3804 -0.24258 0.13537 0.27139 -0.17533 0.089367 -0.32043 -0.28956 -0.089873 0.19971 -0.30038 -0.098671 -0.28815 -0.30125 -0.16452 0.17228 -0.32889 -0.16493 -0.11887 -0.30185 -0.25296 0.19504 -0.29315 -0.22755 -0.048077 -0.26142 -0.57676 0.13978 -0.22715 -0.55016 -0.072061 -0.29215 -0.66186 0.21524 -0.22958 -0.60546 0.0074081 -0.30938 0.51769
-0.17285 -0.17975 0.27968 0.12109 -0.16481 0.30644 -0.027992 -0.22033 0.34393 -0.0056568 -0.038262 0.056624 -0.055423 0.023711 -0.044111 0.05582 0.023711 -0.043606 -0.38745 -0.25266 0.14018 0.27728 -0.18004 0.09198 -0.32651 -0.28922 -0.086997 0.20385 -0.29401 -0.10214 -0.29435 -0.2941 -0.16204 0.18356 -0.3056 -0.17136 -0.12341 -0.29742 -0.25417 0.19032 -0.29157 -0.22917 -0.051424 -0.25549 -0.57752 0.13536 -0.22234 -0.55117 -0.076107 -0.28625 -0.66241 0.21061 -0.2255 -0.60673 0.0031937 -0.31713 0.51301
-0.17662 -0.18525 0.27811 0.1191 -0.17145 0.30436 -0.03078 -0.22614 0.33983 -0.0060656 -0.039379 0.055815 -0.05509 0.025841 -0.043345 0.055414 0.025841 -0.042928 -0.39396 -0.26098 0.14461 0.2818 -0.18407 0.094679 -0.33297 -0.28917 -0.083475 0.20593 -0.28712 -0.1045 -0.30112 -0.28681 -0.15885 0.19419 -0.28004 -0.17704 -0.12818 -0.29281 -0.25549 0.18577 -0.28978 -0.23091 -0.054833 -0.24899 -0.57829 0.13085 -0.21682 -0.5521 -0.080129 -0.27974 -0.663 0.2059 -0.22063 -0.60789 -0.0010908 -0.32369 0.50877
-0.18003 -0.19009 0.27693 0.11737 -0.17659 0.3029 -0.033188 -0.23064 0.33647 -0.0064211 -0.040326 0.055109 -0.05479 0.027728 -0.042645 0.05504 0.027728 -0.042322 -0.39942 -0.26799 0.14847 0.28501 -0.18726 0.097001 -0.33898 -0.28931 -0.079987 0.20629 -0.28019 -0.10615 -0.30761 -0.28019 -0.15557 0.20304 -0.25548 -0.18109 -0.13244 -0.28852 -0.25685 0.18223 -0.28774 -0.23275 -0.05769 -0.24233 -0.57899 0.12688 -0.21062 -0.55288 -0.083468 -0.27311 -0.66354 0.20179 -0.21476 -0.60885 -0.004612 -0.32959 0.50475
-0.18246 -0.19431 0.27592 0.1162 -0.18003 0.30206 -0.034744 -0.23404 0.3339 -0.0066466 -0.041063 0.05455 -0.054578 0.02913 -0.042077 0.054736 0.02913 -0.041873 -0.40333 -0.27412 0.15155 0.28695 -0.18944 0.098488 -0.34374 -0.2896 -0.077209 0.20528 -0.2737 -0.10753 -0.31297 -0.27507 -0.15278 0.20897 -0.23515 -0.18267 -0.13546 -0.28506 -0.25814 0.18058 -0.28539 -0.23463 -0.059387 -0.23592 -0.57952 0.12408 -0.20377 -0.55342 -0.085473 -0.26685 -0.66392 0.19892 -0.20769 -0.6095 -0.0065458 -0.3354 0.50075
-0.1837 -0.19817 0.27493 0.11575 -0.18203 0.30164 -0.03525 -0.2367 0.33198 -0.0067102 -0.041601 0.054139 -0.054478 0.029974 -0.041662 0.054513 0.029974 -0.041619 -0.40552 -0.27993 0.15372 0.28795 -0.19056 0.098999 -0.34692 -0.29008 -0.0755 0.20334 -0.26773 -0.10883 -0.31686 -0.27185 -0.15088 0.21183 -0.22025 -0.18158 -0.13691 -0.28264 -0.25932 0.18111 -0.28277 -0.2365 -0.059688 -0.23 -0.57985 0.12273 -0.19647 -0.55369 -0.085903 -0.26124 -0.66409 0.19757 -0.19955 -0.60978 -0.006496 -0.34136 0.49662
-0.184 -0.20226 0.2738 0.11595 -0.18344 0.30119 -0.034886 -0.23918 0.33025 -0.0066407 -0.042021 0.053818 -0.054469 0.030413 -0.041346 0.05434 0.030413 -0.041521 -0.40629 -0.28613 0.15496 0.28873 -0.19073 0.09883 -0.34883 -0.29096 -0.074784 0.20106 -0.26182 -0.10995 -0.31959 -0.27045 -0.14989 0.21272 -0.20916 -0.17851 -0.13701 -0.28113 -0.26036 0.18343 -0.28002 -0.23823 -0.058869 -0.22456 -0.58 0.12257 -0.18912 -0.55365 -0.08509 -0.25623 -0.66407 0.19746 -0.19095 -0.60972 -0.0046598 -0.34733 0.49235
-0.18368 -0.20719 0.2724 0.11676 -0.18518 0.30025 -0.033857 -0.24207 0.32825 -0.0064719 -0.042409 0.053525 -0.054527 0.030621 -0.041076 0.054182 0.030621 -0.041535 -0.40598 -0.29344 0.15526 0.29004 -0.19005 0.098311 -0.34984 -0.29248 -0.074953 0.19903 -0.25546 -0.11078 -0.32153 -0.27072 -0.14983 0.21289 -0.20006 -0.17424 -0.13603 -0.28033 -0.26127 0.18704 -0.27728 -0.23969 -0.057242 -0.21962 -0.57999 0.12333 -0.18214 -0.55331 -0.083406 -0.25177 -0.66389 0.19828 -0.18252 -0.60934 -0.0012782 -0.35316 0.48794
-0.18303 -0.21355 0.2706 0.11808 -0.18814 0.29834 -0.03237 -0.24592 0.32551 -0.0062374 -0.042852 0.053199 -0.05463 0.030769 -0.040794 0.054006 0.030769 -0.041618 -0.40495 -0.3026 0.15459 0.29261 -0.18864 0.097769 -0.35034 -0.29486 -0.0759 0.19787 -0.24816 -0.1112 -0.32304 -0.27252 -0.15073 0.21356 -0.19113 -0.16951 -0.13424 -0.28008 -0.26203 0.19148 -0.27473 -0.24077 -0.05512 -0.21516 -0.57985 0.12473 -0.17594 -0.55265 -0.081225 -0.2478 -0.6636 0.19972 -0.17488 -0.60865 0.0034076 -0.35867 0.48338
-0.18236 -0.22179 0.26826 0.11982 -0.19307 0.29509 -0.030661 -0.25121 0.32165 -0.0059747 -0.043421 0.052786 -0.054749 0.03101 -0.040457 0.053781 0.03101 -0.041726 -0.40352 -0.3141 0.15296 0.297 -0.18663 0.097495 -0.35069 -0.2982 -0.077521 0.19805 -0.2395 -0.11113 -0.32448 -0.27558 -0.15257 0.21574 -0.18079 -0.16507 -0.13194 -0.28016 -0.26266 0.19626 -0.27247 -0.24137 -0.05283 -0.21112 -0.57964 0.12647 -0.17085 -0.55169 -0.078925 -0.24421 -0.66324 0.20143 -0.16856 -0.60771 0.0090868 -0.36372 0.47868
-0.18196 -0.23096 0.26529 0.12155 -0.19962 0.2908 -0.029187 -0.25744 0.31693 -0.005749 -0.044092 0.052282 -0.054822 0.031374 -0.040112 0.053517 0.031374 -0.041817 -0.40208 -0.32673 0.15035 0.30251 -0.18432 0.097511 -0.35122 -0.30153 -0.079742 0.19929 -0.22977 -0.11073 -0.32617 -0.2787 -0.15518 0.21905 -0.16919 -0.16133 -0.12965 -0.28008 -0.26341 0.20073 -0.27034 -0.24174 -0.050787 -0.20712 -0.57958 0.12811 -0.16655 -0.55069 -0.07692 -0.2406 -0.66304 0.20301 -0.16328 -0.60677 0.014951 -0.36818 0.47395
-0.18211 -0.23955 0.26161 0.12267 -0.20694 0.28604 -0.028498 -0.26378 0.31188 -0.0056374 -0.044799 0.051711 -0.054775 0.031834 -0.039843 0.053237 0.031834 -0.041849 -0.40099 -0.33852 0.14679 0.30785 -0.18208 0.097719 -0.35224 -0.30342 -0.082502 0.20093 -0.21956 -0.11031 -0.3284 -0.28028 -0.15833 0.22245 -0.15723 -0.15863 -0.12795 -0.2792 -0.2646 0.20417 -0.26804 -0.24227 -0.049445 -0.20262 -0.58 0.12916 -0.16243 -0.55001 -0.075638 -0.23642 -0.66332 0.20399 -0.15845 -0.60614 0.019976 -0.37197 0.46937
-0.18309 -0.24607 0.25714 0.12264 -0.21417 0.28139 -0.029145 -0.26935 0.30702 -0.0057172 -0.045474 0.051093 -0.054531 0.032364 -0.039736 0.052965 0.032364 -0.041781 -0.40066 -0.34755 0.14228 0.31175 -0.18028 0.098023 -0.35406 -0.30246 -0.08574 0.20235 -0.20945 -0.11016 -0.33147 -0.2787 -0.16177 0.22494 -0.14579 -0.15728 -0.12745 -0.27692 -0.26655 0.20587 -0.2653 -0.24333 -0.049258 -0.19708 -0.58121 0.12914 -0.15788 -0.55001 -0.075509 -0.23116 -0.66439 0.20392 -0.15346 -0.60615 0.023139 -0.37499 0.4651
-0.1852 -0.24899 0.25181 0.12087 -0.22048 0.27743 -0.031675 -0.27329 0.30288 -0.0060647 -0.046052 0.050449 -0.054015 0.032938 -0.039874 0.052726 0.032938 -0.041571 -0.40144 -0.35186 0.13685 0.31294 -0.17929 0.098326 -0.35699 -0.29724 -0.089396 0.20292 -0.20002 -0.11055 -0.33566 -0.27239 -0.16527 0.22548 -0.13578 -0.15759 -0.12876 -0.27261 -0.26959 0.20512 -0.26183 -0.24531 -0.050676 -0.18997 -0.58352 0.12756 -0.1523 -0.55106 -0.07696 -0.22425 -0.66653 0.20235 -0.14769 -0.60714 0.023423 -0.37716 0.46131
-0.18828 -0.24845 0.24565 0.11746 -0.22566 0.27433 -0.035955 -0.27557 0.29955 -0.0066548 -0.046549 0.04977 -0.053229 0.033555 -0.040259 0.052539 0.033555 -0.041197 -0.4034 -0.35149 0.13062 0.31132 -0.17943 0.098561 -0.36102 -0.28807 -0.093366 0.20263 -0.1915 -0.11154 -0.34096 -0.26158 -0.16868 0.22387 -0.12749 -0.15952 -0.13193 -0.26648 -0.27359 0.20219 -0.25769 -0.24823 -0.053685 -0.18144 -0.5868 0.12451 -0.14561 -0.55309 -0.079985 -0.21589 -0.66963 0.19939 -0.14103 -0.60901 0.020886 -0.37881 0.45784
-0.1914 -0.24769 0.23894 0.11378 -0.23071 0.27148 -0.040538 -0.27774 0.29622 -0.0072655 -0.047146 0.048987 -0.052322 0.034261 -0.040728 0.05241 0.034261 -0.040671 -0.40592 -0.35028 0.124 0.30902 -0.18095 0.098718 -0.36552 -0.27853 -0.097464 0.20279 -0.18339 -0.11271 -0.34677 -0.25002 -0.17207 0.22143 -0.12013 -0.16237 -0.13599 -0.26029 -0.2776 0.19916 -0.25364 -0.25147 -0.057366 -0.17298 -0.59003 0.12124 -0.13871 -0.55525 -0.083749 -0.20758 -0.67269 0.19627 -0.13423 -0.61094 0.01767 -0.38114 0.45389
-0.19351 -0.25032 0.23198 0.11134 -0.23681 0.26818 -0.043826 -0.28153 0.29199 -0.0076523 -0.048041 0.048028 -0.051461 0.035107 -0.041102 0.052346 0.035107 -0.040011 -0.40835 -0.35252 0.11741 0.30845 -0.18406 0.098792 -0.36977 -0.27263 -0.1015 0.20482 -0.17514 -0.1136 -0.3524 -0.2419 -0.17554 0.21965 -0.11276 -0.16533 -0.13986 -0.25602 -0.28055 0.19836 -0.25049 -0.25429 -0.060698 -0.16622 -0.59213 0.1191 -0.13266 -0.55661 -0.087317 -0.20101 -0.67463 0.19436 -0.12818 -0.612 0.016159 -0.38543 0.44861
-0.19357 -0.25994 0.22505 0.11165 -0.24509 0.26372 -0.044223 -0.28868 0.28598 -0.0075705 -0.049432 0.046817 -0.050814 0.036145 -0.0412 0.052354 0.036145 -0.039235 -0.40999 -0.36249 0.11126 0.312 -0.189 0.09878 -0.37306 -0.27434 -0.10527 0.21014 -0.16618 -0.11372 -0.35717 -0.24139 -0.17916 0.22004 -0.10445 -0.16762 -0.14245 -0.25562 -0.28137 0.20212 -0.24909 -0.25598 -0.062659 -0.16282 -0.59199 0.11947 -0.12849 -0.55621 -0.089757 -0.19786 -0.67436 0.195 -0.12376 -0.61126 0.018733 -0.39296 0.44113
-0.19069 -0.27948 0.21853 0.11602 -0.25641 0.25756 -0.040345 -0.3005 0.2775 -0.006811 -0.051458 0.045312 -0.050529 0.037393 -0.040873 0.052437 0.037393 -0.038373 -0.41017 -0.38364 0.10593 0.32166 -0.19577 0.098669 -0.37469 -0.28697 -0.10864 0.21993 -0.15598 -0.11269 -0.3604 -0.25202 -0.18304 0.22389 -0.094379 -0.16856 -0.14275 -0.26063 -0.27924 0.21233 -0.24994 -0.25602 -0.062366 -0.16404 -0.58876 0.12347 -0.12694 -0.55337 -0.09023 -0.19944 -0.67106 0.19931 -0.12155 -0.60805 0.027423 -0.40462 0.43084
-0.18539 -0.30458 0.21343 0.12341 -0.26802 0.25087 -0.033129 -0.31386 0.2684 -0.0055469 -0.053606 0.043823 -0.050573 0.038513 -0.040311 0.052588 0.038513 -0.037603 -0.40803 -0.4105 0.10124 0.33475 -0.20196 0.098347 -0.37389 -0.30657 -0.112 0.23258 -0.14446 -0.11105 -0.36119 -0.27053 -0.18745 0.23024 -0.083071 -0.16872 -0.14074 -0.26813 -0.27601 0.22642 -0.25021 -0.25605 -0.060432 -0.16729 -0.58445 0.12953 -0.12545 -0.55015 -0.08893 -0.20319 -0.66672 0.20564 -0.11889 -0.60447 0.040459 -0.41706 0.42003
-0.17911 -0.32642 0.21118 0.13141 -0.27505 0.24589 -0.024931 -0.3229 0.26207 -0.0041844 -0.054969 0.042874 -0.050799 0.038949 -0.039909 0.052788 0.038949 -0.037187 -0.40264 -0.43215 0.096721 0.34578 -0.2037 0.097642 -0.36986 -0.32473 -0.11607 0.2448 -0.13184 -0.10985 -0.35858 -0.28948 -0.19274 0.23677 -0.071855 -0.16944 -0.13701 -0.27248 -0.27513 0.23906 -0.24498 -0.259 -0.058383 -0.16758 -0.58281 0.13447 -0.1195 -0.55031 -0.086676 -0.20413 -0.66507 0.21069 -0.11114 -0.6043 0.053753 -0.42431 0.41269
-0.17328 -0.3361 0.21321 0.13753 -0.27259 0.24483 -0.018125 -0.32171 0.26191 -0.0031331 -0.054633 0.042993 -0.051057 0.038143 -0.040069 0.053021 0.038143 -0.037393 -0.39304 -0.43759 0.091855 0.3492 -0.19707 0.096381 -0.36182 -0.33298 -0.12159 0.25328 -0.11829 -0.11019 -0.35158 -0.30135 -0.19927 0.24113 -0.062073 -0.17206 -0.13213 -0.268 -0.2801 0.24489 -0.22935 -0.26785 -0.05776 -0.1599 -0.58758 0.1351 -0.10452 -0.55762 -0.084299 -0.19728 -0.66983 0.21113 -0.093646 -0.61133 0.063183 -0.42039 0.41288
-0.16933 -0.32474 0.22096 0.13933 -0.25572 0.24994 -0.015083 -0.30441 0.27132 -0.0028026 -0.051683 0.044706 -0.051201 0.035537 -0.041189 0.053268 0.035537 -0.038486 -0.37829 -0.41584 0.086151 0.33949 -0.17818 0.094393 -0.34898 -0.32288 -0.12929 0.2547 -0.10403 -0.11316 -0.3392 -0.29867 -0.2074 0.24098 -0.055067 -0.17792 -0.12668 -0.249 -0.29439 0.23855 -0.19839 -0.28554 -0.0601 -0.13926 -0.60255 0.1282 -0.075952 -0.57586 -0.082627 -0.17765 -0.68476 0.20363 -0.06174 -0.62939 0.064632 -0.39932 0.42462
-0.16819 -0.28767 0.23496 0.13537 -0.22212 0.26231 -0.017238 -0.26812 0.29192 -0.003432 -0.045688 0.048257 -0.051131 0.030883 -0.043473 0.053513 0.030883 -0.040583 -0.3582 -0.36123 0.079368 0.31373 -0.14527 0.091632 -0.33123 -0.28981 -0.13944 0.24725 -0.08931 -0.1193 -0.32126 -0.27711 -0.2172 0.23501 -0.051565 -0.18768 -0.12114 -0.21267 -0.31969 0.21717 -0.14993 -0.31336 -0.066236 -0.10327 -0.62951 0.11216 -0.031738 -0.60674 -0.082189 -0.14288 -0.71164 0.1865 -0.013365 -0.66019 0.055756 -0.35826 0.44984
-0.16934 -0.23179 0.25329 0.127 -0.17663 0.27989 -0.023426 -0.21833 0.32047 -0.0047912 -0.037539 0.053105 -0.050886 0.024794 -0.046587 0.053738 0.024794 -0.043389 -0.33463 -0.28279 0.071983 0.27633 -0.10249 0.088411 -0.31028 -0.23976 -0.15113 0.23323 -0.074488 -0.12763 -0.29977 -0.24109 -0.228 0.2248 -0.050604 -0.20007 -0.11566 -0.16408 -0.35263 0.18471 -0.089406 -0.34793 -0.075044 -0.056837 -0.66489 0.08973 0.023216 -0.64626 -0.082675 -0.097828 -0.74684 0.1626 0.046357 -0.69966 0.03912 -0.30307 0.48462
-0.17201 -0.16601 0.27361 0.11605 -0.1253 0.30011 -0.032037 -0.16194 0.3529 -0.0065693 -0.028356 0.058571 -0.050529 0.01803 -0.050104 0.053925 0.01803 -0.046539 -0.30977 -0.1921 0.064594 0.2329 -0.055007 0.085101 -0.28819 -0.18058 -0.16323 0.21568 -0.05996 -0.13695 -0.27709 -0.19656 -0.23897 0.21243 -0.05093 -0.21351 -0.11034 -0.10965 -0.38899 0.14632 -0.023566 -0.38507 -0.085069 -0.0060876 -0.70418 0.064418 0.082821 -0.68946 -0.083635 -0.048621 -0.78583 0.13556 0.11107 -0.74278 0.018126 -0.24113 0.52403
-0.17546 -0.099234 0.29358 0.10436 -0.074209 0.32037 -0.041461 -0.10585 0.38512 -0.0084557 -0.01926 0.063982 -0.050122 0.011352 -0.053596 0.054056 0.011352 -0.049666 -0.28585 -0.10071 0.0578 0.18907 -0.0079731 0.082076 -0.267 -0.12006 -0.17459 0.19761 -0.046119 -0.14602 -0.25562 -0.14944 -0.2493 0.19998 -0.051291 -0.2264 -0.10529 -0.055817 -0.42455 0.10713 0.040851 -0.42061 -0.094854 0.042837 -0.74289 0.03973 0.14099 -0.73137 -0.084617 -0.0013726 -0.82408 0.10899 0.17443 -0.78449 -0.0038201 -0.17978 0.56316
-0.17892 -0.040356 0.31085 0.093768 -0.029407 0.33809 -0.050089 -0.056994 0.41306 -0.010139 -0.011372 0.068661 -0.049727 0.0055172 -0.056637 0.054115 0.0055172 -0.052407 -0.26507 -0.020191 0.052198 0.15048 0.033446 0.079706 -0.24878 -0.066045 -0.18408 0.18205 -0.033357 -0.15363 -0.23773 -0.10567 -0.25815 0.18952 -0.050431 -0.23717 -0.10061 -0.0090027 -0.4551 0.072277 0.097103 -0.45037 -0.10294 0.083799 -0.77652 0.019172 0.19162 -0.76703 -0.085171 0.037802 -0.85704 0.086525 0.23007 -0.81976 -0.023315 -0.12641 0.59707
-0.18163 0.0017214 0.32307 0.086111 0.0030415 0.35068 -0.056312 -0.022266 0.43264 -0.01131 -0.0058094 0.071932 -0.049408 0.0012874 -0.0588 0.054083 0.0012874 -0.054394 -0.24965 0.037899 0.048387 0.12275 0.064089 0.078366 -0.23555 -0.026347 -0.19057 0.17202 -0.022064 -0.15856 -0.2258 -0.071177 -0.26473 0.18313 -0.047099 -0.24421 -0.0964 0.024364 -0.47642 0.046908 0.13845 -0.47018 -0.10788 0.11066 -0.80056 0.0062504 0.22864 -0.79146 -0.084845 0.062787 -0.88017 0.071796 0.27165 -0.84355 -0.036955 -0.088358 0.62085
-0.18284 0.018096 0.32792 0.083222 0.017076 0.35557 -0.058519 -0.0085774 0.43978 -0.011656 -0.0036941 0.073118 -0.049227 -0.00057808 -0.059659 0.053943 -0.00057808 -0.055264 -0.24179 0.061996 0.046966 0.11152 0.078795 0.078426 -0.22937 -0.0087893 -0.19292 0.17053 -0.012635 -0.15958 -0.22222 -0.051893 -0.2682 0.18287 -0.04004 -0.24595 -0.092762 0.037857 -0.48428 0.036161 0.15815 -0.47585 -0.1082 0.11728 -0.81051 0.0044703 0.24595 -0.79971 -0.083188 0.067468 -0.88894 0.068426 0.29281 -0.85081 -0.041336 -0.072997 0.62957
-0.18178 -0.00013415 0.32303 0.086938 0.0066356 0.35016 -0.055102 -0.02284 0.43039 -0.010868 -0.0061455 0.071545 -0.049245 0.00068053 -0.058785 0.053677 0.00068053 -0.054651 -0.24371 0.040539 0.048533 0.12241 0.072401 0.080259 -0.2323 -0.021195 -0.19001 0.18062 -0.0054588 -0.15547 -0.22936 -0.053752 -0.26774 0.19083 -0.028002 -0.24079 -0.0898 0.025048 -0.47448 0.045175 0.14946 -0.46322 -0.10246 0.097528 -0.80187 0.017338 0.23746 -0.7868 -0.079749 0.045729 -0.87881 0.080044 0.2872 -0.8365 -0.033054 -0.087686 0.61832
-0.1777 -0.061869 0.30606 0.099094 -0.034342 0.33187 -0.04445 -0.071962 0.4004 -0.0086337 -0.014284 0.066535 -0.049526 0.0058231 -0.055752 0.053268 0.0058231 -0.052188 -0.25762 -0.038035 0.053686 0.16105 0.039747 0.084238 -0.24637 -0.071385 -0.18069 0.20531 -0.00092922 -0.14501 -0.24961 -0.082685 -0.26255 0.20907 -0.0097304 -0.22716 -0.087617 -0.020489 -0.44279 0.079088 0.10564 -0.42811 -0.089202 0.04526 -0.77015 0.048359 0.19708 -0.74777 -0.074077 -0.0085463 -0.84523 0.11028 0.24847 -0.79558 -0.0087047 -0.13979 0.58216
