-0.16403 0.023258 0.2929 0.1005 0.0018879 0.33797 -0.047972 0.0027002 0.40632 -0.0090317 -0.003461 0.067912 -0.047937 0.0015656 -0.057399 0.050037 0.0015656 -0.055578 -0.2544 -0.012514 0.045509 0.13258 -0.10381 0.09621 -0.14104 -0.21292 0.10166 0.11226 -0.21346 0.30533 -0.094669 -0.27034 0.13898 0.096011 -0.19831 0.38499 -0.10961 0.037083 -0.44065 0.12154 0.083507 -0.4299 -0.10751 0.10685 -0.76717 0.12639 0.12705 -0.76091 -0.12456 0.031548 -0.82008 0.18427 0.081449 -0.81863 -0.056878 -0.079307 0.58551
-0.16574 0.021678 0.29122 0.096651 0.0015738 0.33574 -0.051089 0.00057633 0.40595 -0.0091206 -0.0035243 0.067901 -0.047532 0.0011894 -0.057738 0.049926 0.0011894 -0.055686 -0.26066 -0.014678 0.045554 0.12779 -0.10803 0.093164 -0.14708 -0.21643 0.095616 0.10863 -0.21513 0.30312 -0.098479 -0.27211 0.13282 0.090814 -0.18541 0.38428 -0.11013 0.035915 -0.44093 0.11886 0.086297 -0.42986 -0.10759 0.10524 -0.76753 0.12426 0.12849 -0.76112 -0.12321 0.029628 -0.82057 0.1846 0.084764 -0.81793 -0.054888 -0.080464 0.5856
-0.1668 0.020004 0.29001 0.093662 0.00080647 0.33347 -0.053148 -0.0012899 0.40571 -0.0091181 -0.0035556 0.067902 -0.047232 0.00082694 -0.05799 0.049826 0.00082694 -0.055781 -0.26498 -0.017678 0.045773 0.12452 -0.11498 0.092693 -0.15065 -0.22018 0.090723 0.10638 -0.22072 0.30323 -0.10048 -0.27483 0.1275 0.088024 -0.18334 0.38503 -0.11023 0.034732 -0.44119 0.1158 0.088893 -0.42984 -0.10752 0.1037 -0.76786 0.12214 0.13055 -0.76118 -0.12156 0.02785 -0.82104 0.18472 0.088941 -0.81722 -0.052558 -0.081417 0.58576
-0.16729 0.018269 0.28923 0.091447 -0.0003492 0.33118 -0.054273 -0.0029142 0.40558 -0.0090367 -0.0035585 0.067912 -0.047028 0.00047973 -0.058161 0.04974 0.00047973 -0.055862 -0.26761 -0.021365 0.046147 0.12256 -0.12423 0.09457 -0.15208 -0.22411 0.08687 0.10542 -0.22978 0.30535 -0.10092 -0.27834 0.12297 0.087339 -0.19056 0.38711 -0.10995 0.033552 -0.44145 0.11242 0.091298 -0.42982 -0.10729 0.10225 -0.76818 0.12002 0.13312 -0.76111 -0.11963 0.026208 -0.82151 0.18465 0.093836 -0.8165 -0.049963 -0.082187 0.58598
-0.16729 0.016508 0.28883 0.089917 -0.0018282 0.3289 -0.054589 -0.0043124 0.40555 -0.0088892 -0.0035365 0.067931 -0.046907 0.00014933 -0.058262 0.049668 0.00014933 -0.055928 -0.26876 -0.02559 0.046653 0.12173 -0.13538 0.09857 -0.15172 -0.22818 0.083946 0.10561 -0.24185 0.30917 -0.10004 -0.2825 0.11915 0.088456 -0.20553 0.39038 -0.10936 0.032395 -0.44169 0.10882 0.093515 -0.4298 -0.10691 0.10086 -0.76847 0.11793 0.13612 -0.76094 -0.11744 0.024693 -0.82196 0.1844 0.099304 -0.81577 -0.047177 -0.082796 0.58625
-0.16688 0.014756 0.28874 0.088985 -0.0035655 0.32666 -0.054218 -0.0055 0.4056 -0.0086882 -0.0034929 0.067957 -0.04686 -0.00016271 -0.058302 0.049611 -0.00016271 -0.05598 -0.26866 -0.030203 0.047273 0.12183 -0.148 0.10446 -0.14991 -0.23233 0.081839 0.10685 -0.25648 0.31439 -0.098111 -0.28714 0.11596 0.091076 -0.2267 0.39467 -0.10851 0.03128 -0.44192 0.10507 0.095546 -0.42979 -0.10635 0.099552 -0.76875 0.11587 0.13945 -0.76067 -0.11503 0.0233 -0.82239 0.18399 0.1052 -0.81505 -0.044275 -0.083264 0.58655
-0.16615 0.013047 0.28894 0.088561 -0.0054961 0.32448 -0.053284 -0.0064928 0.40571 -0.0084463 -0.0034312 0.067989 -0.046876 -0.00045484 -0.058288 0.049569 -0.00045484 -0.056015 -0.26754 -0.035054 0.047985 0.12267 -0.16169 0.11203 -0.14699 -0.2365 0.080438 0.10902 -0.2732 0.32069 -0.095366 -0.29212 0.11333 0.094897 -0.25254 0.39985 -0.10744 0.030226 -0.44213 0.10124 0.097396 -0.42978 -0.10561 0.098308 -0.76901 0.11386 0.14301 -0.76031 -0.11241 0.022021 -0.82282 0.18346 0.11138 -0.81433 -0.041329 -0.083613 0.58688
-0.16516 0.011415 0.28936 0.088557 -0.0075551 0.32241 -0.051911 -0.0073064 0.40587 -0.0081763 -0.0033549 0.068023 -0.046944 -0.00072552 -0.05823 0.049545 -0.00072552 -0.056035 -0.26563 -0.039992 0.048767 0.12405 -0.17603 0.12104 -0.14329 -0.24064 0.079631 0.112 -0.29156 0.32778 -0.092059 -0.29729 0.11119 0.099616 -0.2815 0.40578 -0.10622 0.029253 -0.44232 0.097415 0.099067 -0.42977 -0.10469 0.097128 -0.76925 0.11191 0.1467 -0.7599 -0.10961 0.020849 -0.82323 0.1828 0.11771 -0.81364 -0.038416 -0.083865 0.58721
-0.16401 0.0098937 0.28995 0.088885 -0.0096774 0.32046 -0.050223 -0.0079567 0.40607 -0.0078908 -0.0032675 0.06806 -0.047055 -0.0009732 -0.058137 0.049537 -0.0009732 -0.056038 -0.26315 -0.04487 0.049601 0.12577 -0.1906 0.13126 -0.13915 -0.24469 0.079305 0.11567 -0.31109 0.33534 -0.08844 -0.3025 0.10946 0.10493 -0.31204 0.4123 -0.10489 0.028379 -0.44249 0.093674 0.10056 -0.42974 -0.10358 0.09601 -0.76948 0.11004 0.15043 -0.75943 -0.10665 0.019778 -0.82364 0.18205 0.12403 -0.81297 -0.035609 -0.084041 0.58755
-0.16276 0.0085184 0.29067 0.089456 -0.011798 0.31866 -0.048344 -0.0084593 0.40629 -0.0076024 -0.0031724 0.068097 -0.047197 -0.0011963 -0.058018 0.049549 -0.0011963 -0.056024 -0.26034 -0.049535 0.050464 0.12765 -0.205 0.14247 -0.13492 -0.24859 0.07935 0.11993 -0.33134 0.34306 -0.084759 -0.30759 0.10808 0.11055 -0.34262 0.41928 -0.1035 0.027624 -0.44263 0.090094 0.10189 -0.42971 -0.10228 0.094951 -0.76969 0.10825 0.15411 -0.75893 -0.10356 0.0188 -0.82403 0.18122 0.1302 -0.81233 -0.032982 -0.084162 0.58787
-0.16151 0.0073229 0.29146 0.090181 -0.013852 0.31705 -0.046396 -0.0088298 0.40651 -0.0073238 -0.003073 0.068132 -0.047359 -0.0013934 -0.05788 0.049579 -0.0013934 -0.055992 -0.25741 -0.05384 0.051337 0.12948 -0.21879 0.15445 -0.13093 -0.2523 0.079655 0.12465 -0.35186 0.35064 -0.081265 -0.3124 0.10696 0.11616 -0.3717 0.42656 -0.10212 0.027007 -0.44275 0.086753 0.10304 -0.42966 -0.10077 0.093947 -0.76989 0.10657 0.15763 -0.75841 -0.10037 0.017909 -0.82441 0.18034 0.13608 -0.81174 -0.03061 -0.084249 0.58816
-0.16032 0.0063417 0.29227 0.090973 -0.015774 0.31565 -0.044505 -0.0090841 0.40673 -0.0070677 -0.0029729 0.068165 -0.047532 -0.0015628 -0.057734 0.04963 -0.0015628 -0.055942 -0.2546 -0.057635 0.052198 0.13107 -0.23158 0.16696 -0.12752 -0.25576 0.080106 0.12972 -0.37217 0.35777 -0.078208 -0.3168 0.10604 0.12146 -0.39773 0.434 -0.10079 0.026548 -0.44285 0.08373 0.10403 -0.42959 -0.099045 0.092997 -0.77007 0.105 0.1609 -0.75789 -0.09709 0.017097 -0.82478 0.17941 0.14153 -0.8112 -0.028567 -0.084325 0.58842
-0.15928 0.0056089 0.29307 0.091742 -0.0175 0.31449 -0.042793 -0.0092377 0.40693 -0.0068467 -0.0028755 0.068194 -0.047705 -0.001703 -0.057588 0.049703 -0.001703 -0.055873 -0.25213 -0.060768 0.053028 0.13224 -0.24294 0.17979 -0.12504 -0.2589 0.080593 0.13502 -0.39183 0.36415 -0.075839 -0.32063 0.10524 0.12616 -0.41918 0.44145 -0.099561 0.026264 -0.44291 0.081102 0.10485 -0.42951 -0.097107 0.092096 -0.77025 0.10355 0.16383 -0.75738 -0.093754 0.016358 -0.82514 0.17847 0.1464 -0.81071 -0.026928 -0.084409 0.58862
-0.15846 0.0051512 0.29379 0.092412 -0.01898 0.31359 -0.041365 -0.0093055 0.40709 -0.0066715 -0.0027839 0.068216 -0.047868 -0.001813 -0.05745 0.049797 -0.001813 -0.055785 -0.2502 -0.063117 0.053806 0.13281 -0.25252 0.19266 -0.12375 -0.26169 0.081009 0.14043 -0.41041 0.36941 -0.074362 -0.32375 0.1045 0.13002 -0.43484 0.44866 -0.098484 0.026172 -0.44294 0.078933 0.10552 -0.4294 -0.094951 0.091242 -0.77041 0.10224 0.16633 -0.7569 -0.090384 0.015685 -0.82549 0.17753 0.15058 -0.81028 -0.02575 -0.084521 0.58877
-0.15783 0.0049436 0.29443 0.092981 -0.020277 0.31293 -0.040197 -0.009296 0.40721 -0.0065391 -0.0026991 0.068233 -0.048019 -0.0018952 -0.057321 0.049908 -0.0018952 -0.055683 -0.24879 -0.064722 0.054534 0.13287 -0.26038 0.20512 -0.12352 -0.26408 0.081276 0.14585 -0.42772 0.37298 -0.073696 -0.32619 0.10376 0.13334 -0.44568 0.4546 -0.097531 0.02625 -0.44295 0.077193 0.10607 -0.42926 -0.092614 0.090441 -0.77056 0.10107 0.16845 -0.75644 -0.087004 0.015079 -0.82582 0.1766 0.15412 -0.80991 -0.024983 -0.084658 0.58885
-0.15732 0.00494 0.29503 0.093478 -0.021495 0.31247 -0.039215 -0.0092151 0.40731 -0.0064411 -0.0026212 0.068245 -0.04816 -0.0019534 -0.057201 0.050032 -0.0019534 -0.055569 -0.24779 -0.065693 0.055215 0.13259 -0.26673 0.21661 -0.12401 -0.26607 0.08133 0.15116 -0.44369 0.37416 -0.073638 -0.32802 0.10299 0.13663 -0.45359 0.45793 -0.096652 0.026467 -0.44294 0.075814 0.10652 -0.42911 -0.09015 0.089697 -0.77071 0.10002 0.17027 -0.756 -0.083639 0.014544 -0.82616 0.17572 0.15718 -0.80956 -0.024532 -0.084809 0.5889
-0.15688 0.0050944 0.29557 0.093932 -0.02274 0.31217 -0.038341 -0.0090687 0.4074 -0.0063689 -0.0025503 0.068254 -0.048293 -0.0019914 -0.057087 0.050162 -0.0019914 -0.05545 -0.24708 -0.06614 0.055855 0.13215 -0.27179 0.22656 -0.12492 -0.26762 0.081106 0.15625 -0.45823 0.37224 -0.073987 -0.32932 0.10216 0.14038 -0.46043 0.45731 -0.095796 0.026787 -0.44292 0.074726 0.10693 -0.42894 -0.087612 0.089018 -0.77084 0.099069 0.1719 -0.75557 -0.080311 0.014082 -0.82648 0.17488 0.1599 -0.80921 -0.024302 -0.084962 0.58891
-0.15645 0.0053607 0.2961 0.094374 -0.02412 0.312 -0.037499 -0.0088629 0.40748 -0.0063142 -0.0024865 0.068261 -0.048418 -0.0020131 -0.056981 0.050294 -0.0020131 -0.05533 -0.24657 -0.066172 0.056461 0.13172 -0.27578 0.23444 -0.12591 -0.26872 0.080538 0.16101 -0.47125 0.36653 -0.074542 -0.33017 0.10124 0.14511 -0.46809 0.45141 -0.094911 0.027179 -0.4429 0.07386 0.10732 -0.42875 -0.085054 0.08841 -0.77098 0.098218 0.17343 -0.75515 -0.077044 0.013696 -0.8268 0.17412 0.16243 -0.80884 -0.024198 -0.085107 0.58891
-0.15595 0.0056929 0.29661 0.094833 -0.025738 0.3119 -0.036615 -0.0086036 0.40755 -0.0062683 -0.0024298 0.068267 -0.048536 -0.0020222 -0.056879 0.050421 -0.0020222 -0.055214 -0.24614 -0.0659 0.057037 0.13148 -0.27893 0.23967 -0.12667 -0.26934 0.079563 0.16533 -0.48267 0.35634 -0.075101 -0.33063 0.10017 0.1513 -0.47845 0.43889 -0.093946 0.027608 -0.44289 0.073148 0.10774 -0.42855 -0.082528 0.087879 -0.7711 0.09745 0.17493 -0.75472 -0.073863 0.013391 -0.82712 0.17345 0.1649 -0.80844 -0.024125 -0.085231 0.5889
-0.15534 0.0060482 0.29712 0.095335 -0.027683 0.31185 -0.035621 -0.008298 0.40764 -0.0062237 -0.0023807 0.068272 -0.048649 -0.0020222 -0.056782 0.050539 -0.0020222 -0.055107 -0.24569 -0.065426 0.057589 0.13159 -0.28144 0.24181 -0.12691 -0.26948 0.078135 0.16912 -0.49242 0.34116 -0.075488 -0.33079 0.09895 0.15939 -0.49313 0.41872 -0.092855 0.028044 -0.4429 0.072525 0.10823 -0.42834 -0.080084 0.087432 -0.77123 0.096753 0.17651 -0.75428 -0.070787 0.013169 -0.82744 0.17287 0.16744 -0.80797 -0.024002 -0.085327 0.58889
-0.15464 0.0064122 0.29764 0.095892 -0.029884 0.31185 -0.034528 -0.0079644 0.40774 -0.0061791 -0.0023409 0.068277 -0.048756 -0.0020143 -0.05669 0.050647 -0.0020143 -0.055008 -0.24524 -0.064789 0.058127 0.13213 -0.28343 0.24131 -0.12671 -0.2692 0.076386 0.17244 -0.50056 0.32214 -0.075754 -0.33072 0.097651 0.1691 -0.51148 0.39248 -0.09164 0.028482 -0.44292 0.07196 0.10878 -0.42811 -0.077739 0.087071 -0.77136 0.096111 0.17819 -0.75382 -0.067816 0.013033 -0.82775 0.17239 0.17012 -0.80744 -0.023871 -0.085399 0.58889
-0.15389 0.0067853 0.29816 0.096505 -0.032187 0.31191 -0.033389 -0.0076271 0.40783 -0.0061367 -0.0023133 0.068282 -0.048855 -0.0019983 -0.056606 0.050746 -0.0019983 -0.054918 -0.24484 -0.063997 0.058661 0.13312 -0.28499 0.23907 -0.1263 -0.26859 0.074541 0.17543 -0.50723 0.30132 -0.076062 -0.33047 0.09641 0.1798 -0.53168 0.36312 -0.090324 0.028927 -0.44295 0.071442 0.10936 -0.42789 -0.075492 0.086799 -0.77148 0.095504 0.17999 -0.75335 -0.064937 0.012986 -0.82806 0.17196 0.17294 -0.80685 -0.023838 -0.085464 0.58889
-0.15315 0.007168 0.2987 0.097177 -0.034438 0.31205 -0.032256 -0.0073102 0.40793 -0.0060989 -0.0023007 0.068286 -0.048941 -0.0019739 -0.056532 0.050837 -0.0019739 -0.054835 -0.24455 -0.063058 0.059204 0.13461 -0.2862 0.23602 -0.12594 -0.26778 0.072821 0.17825 -0.51254 0.2807 -0.07658 -0.33012 0.095362 0.19084 -0.55189 0.33359 -0.088934 0.029387 -0.443 0.070958 0.10997 -0.42766 -0.073343 0.086616 -0.7716 0.094915 0.18191 -0.75285 -0.062135 0.013032 -0.82835 0.17157 0.17591 -0.80621 -0.024008 -0.085535 0.58889
-0.15248 0.0075608 0.29925 0.097908 -0.036484 0.31229 -0.031179 -0.007038 0.40802 -0.0060679 -0.0023059 0.068289 -0.049014 -0.0019411 -0.05647 0.050922 -0.0019411 -0.054757 -0.24444 -0.061979 0.059765 0.13662 -0.28714 0.23308 -0.12586 -0.26685 0.07145 0.18104 -0.51664 0.2623 -0.077473 -0.32973 0.094643 0.20159 -0.5703 0.30685 -0.087493 0.029869 -0.44306 0.070497 0.11058 -0.42745 -0.07129 0.086524 -0.77172 0.094323 0.18396 -0.75231 -0.059398 0.013173 -0.82864 0.17117 0.17904 -0.80552 -0.024487 -0.085628 0.58887
-0.15192 0.0079642 0.29982 0.098702 -0.038169 0.31265 -0.030213 -0.0068345 0.4081 -0.0060459 -0.0023317 0.06829 -0.049071 -0.0018995 -0.056422 0.051001 -0.0018995 -0.054684 -0.24456 -0.060766 0.060355 0.13919 -0.28789 0.23115 -0.12632 -0.26591 0.070653 0.18396 -0.51964 0.24817 -0.078909 -0.32936 0.094389 0.21141 -0.58508 0.28586 -0.086027 0.030379 -0.44312 0.070047 0.11117 -0.42724 -0.069334 0.086525 -0.77184 0.093711 0.18615 -0.75175 -0.056712 0.013413 -0.82891 0.17074 0.18233 -0.80479 -0.025381 -0.085757 0.58884
-0.15153 0.0083783 0.3004 0.099558 -0.039353 0.31314 -0.029405 -0.0067217 0.40816 -0.0060349 -0.0023804 0.068289 -0.04911 -0.0018491 -0.05639 0.051078 -0.0018491 -0.054614 -0.24497 -0.05943 0.060985 0.14232 -0.28852 0.23108 -0.12754 -0.26506 0.070631 0.18713 -0.52169 0.24013 -0.081034 -0.32908 0.094721 0.2197 -0.59455 0.27331 -0.08456 0.030924 -0.44319 0.069598 0.11172 -0.42704 -0.067474 0.086619 -0.77197 0.093062 0.18849 -0.75115 -0.054067 0.013753 -0.82916 0.17025 0.1858 -0.80402 -0.026781 -0.085935 0.58878
-0.15131 0.0088001 0.30099 0.10046 -0.040047 0.31374 -0.028756 -0.0066945 0.4082 -0.0060337 -0.0024487 0.068287 -0.049132 -0.0017916 -0.056372 0.051151 -0.0017916 -0.054547 -0.24564 -0.058009 0.061648 0.14591 -0.28906 0.23284 -0.12946 -0.26433 0.071334 0.19053 -0.52293 0.23798 -0.083779 -0.32889 0.095586 0.22637 -0.59883 0.26899 -0.083112 0.0315 -0.44326 0.06915 0.11222 -0.42687 -0.06571 0.086793 -0.77209 0.09238 0.19092 -0.75052 -0.051475 0.014179 -0.8294 0.1697 0.18938 -0.80323 -0.028624 -0.086159 0.58869
-0.15122 0.0092247 0.30158 0.10138 -0.040357 0.31443 -0.02824 -0.0067304 0.40823 -0.0060389 -0.0025295 0.068284 -0.049145 -0.0017299 -0.056363 0.051222 -0.0017299 -0.054482 -0.24647 -0.05656 0.062323 0.14977 -0.2895 0.23585 -0.13186 -0.26371 0.07255 0.19405 -0.52351 0.24017 -0.086932 -0.3288 0.096818 0.23163 -0.59918 0.27077 -0.081702 0.032097 -0.44333 0.068713 0.11266 -0.42671 -0.064043 0.087028 -0.7722 0.091683 0.19339 -0.74987 -0.048968 0.014667 -0.82961 0.16912 0.19298 -0.80244 -0.030743 -0.086416 0.58859
-0.15122 0.0096468 0.30216 0.10229 -0.040393 0.31515 -0.027826 -0.0068066 0.40826 -0.0060471 -0.0026158 0.06828 -0.049153 -0.0016666 -0.056358 0.051292 -0.0016666 -0.054419 -0.24738 -0.055139 0.062993 0.15369 -0.28981 0.23951 -0.13451 -0.2632 0.074065 0.19755 -0.5236 0.24516 -0.090279 -0.32878 0.098253 0.2357 -0.59689 0.27652 -0.080345 0.032704 -0.44338 0.068297 0.11305 -0.42657 -0.062476 0.087305 -0.7723 0.090991 0.19582 -0.74923 -0.046575 0.01519 -0.8298 0.16852 0.19649 -0.80167 -0.03297 -0.086689 0.58848
-0.15128 0.010061 0.30272 0.10317 -0.040264 0.31587 -0.027488 -0.0069004 0.40827 -0.0060549 -0.0027004 0.068276 -0.049161 -0.0016046 -0.056353 0.05136 -0.0016046 -0.054356 -0.24828 -0.053805 0.06364 0.15748 -0.28998 0.24322 -0.13718 -0.26277 0.075664 0.20092 -0.52335 0.25138 -0.093609 -0.32883 0.099724 0.23881 -0.59324 0.28409 -0.07906 0.033312 -0.44343 0.067912 0.11339 -0.42644 -0.061008 0.087602 -0.77239 0.090323 0.19813 -0.74862 -0.044328 0.015725 -0.82997 0.16792 0.19981 -0.80092 -0.035137 -0.086967 0.58835
-0.15136 0.010463 0.30324 0.10398 -0.04008 0.31654 -0.027195 -0.006989 0.40829 -0.006059 -0.0027763 0.068272 -0.049176 -0.0015467 -0.056341 0.051428 -0.0015467 -0.054294 -0.24907 -0.052614 0.064244 0.16093 -0.29 0.24638 -0.13964 -0.26243 0.077132 0.20402 -0.52293 0.25726 -0.096707 -0.32894 0.10106 0.24118 -0.58954 0.29133 -0.077863 0.03391 -0.44346 0.067568 0.11366 -0.42633 -0.059641 0.087901 -0.77247 0.089695 0.20025 -0.74804 -0.042256 0.016246 -0.83012 0.16735 0.20285 -0.80024 -0.037076 -0.087233 0.58821
-0.15142 0.010848 0.30373 0.1047 -0.039945 0.31714 -0.026921 -0.0070506 0.4083 -0.0060561 -0.0028369 0.06827 -0.049203 -0.0014955 -0.05632 0.051496 -0.0014955 -0.054231 -0.24968 -0.05162 0.064788 0.16387 -0.28986 0.24843 -0.14166 -0.26216 0.078264 0.20675 -0.52247 0.26133 -0.09937 -0.3291 0.10211 0.24302 -0.58699 0.29621 -0.076771 0.034488 -0.44348 0.067273 0.11387 -0.42623 -0.058377 0.088181 -0.77252 0.089128 0.20211 -0.74752 -0.040388 0.01673 -0.83025 0.16682 0.20551 -0.79962 -0.038629 -0.087474 0.58807
-0.15147 0.011213 0.30418 0.10532 -0.039893 0.31766 -0.02666 -0.0070789 0.40831 -0.0060462 -0.0028807 0.068269 -0.049241 -0.0014518 -0.056287 0.051563 -0.0014518 -0.054168 -0.25009 -0.05083 0.065268 0.1663 -0.28953 0.24922 -0.14321 -0.26194 0.079016 0.20911 -0.522 0.26322 -0.10155 -0.32928 0.10284 0.24452 -0.58588 0.29824 -0.075783 0.035045 -0.44347 0.067029 0.11402 -0.42615 -0.057209 0.088437 -0.77255 0.088621 0.20371 -0.74706 -0.038721 0.01717 -0.83035 0.16634 0.20778 -0.79908 -0.039772 -0.087685 0.58793
-0.15151 0.011559 0.30459 0.10586 -0.039899 0.31811 -0.026421 -0.0070803 0.40833 -0.0060317 -0.0029112 0.068269 -0.049287 -0.0014144 -0.056247 0.051631 -0.0014144 -0.054105 -0.25033 -0.050212 0.065692 0.16839 -0.28899 0.24894 -0.14435 -0.26178 0.079471 0.21121 -0.52144 0.26351 -0.10332 -0.3295 0.10332 0.2458 -0.58574 0.29824 -0.074882 0.035584 -0.44344 0.066829 0.11413 -0.42608 -0.056129 0.088672 -0.77256 0.088165 0.2051 -0.74665 -0.037227 0.017574 -0.83044 0.1659 0.20974 -0.79859 -0.040592 -0.087867 0.58779
-0.15157 0.011888 0.30498 0.10632 -0.039936 0.31852 -0.026215 -0.0070613 0.40834 -0.006015 -0.0029315 0.06827 -0.049339 -0.0013823 -0.056203 0.051697 -0.0013823 -0.054042 -0.25045 -0.049731 0.066067 0.17032 -0.28822 0.24781 -0.1452 -0.26167 0.079718 0.21315 -0.52071 0.26278 -0.10476 -0.32973 0.10361 0.247 -0.58606 0.29705 -0.074054 0.036107 -0.44341 0.066668 0.1142 -0.42601 -0.055125 0.088892 -0.77257 0.087748 0.20631 -0.74627 -0.035878 0.01795 -0.83052 0.1655 0.21145 -0.79815 -0.041178 -0.08802 0.58765
-0.15165 0.012199 0.30534 0.10673 -0.03998 0.31891 -0.026052 -0.0070286 0.40835 -0.0059987 -0.0029452 0.068271 -0.049392 -0.0013543 -0.056157 0.051763 -0.0013543 -0.05398 -0.25049 -0.049355 0.066401 0.17225 -0.28718 0.24602 -0.14583 -0.26158 0.079846 0.21504 -0.51972 0.26162 -0.10596 -0.32996 0.1038 0.24825 -0.58634 0.2955 -0.073282 0.03662 -0.44337 0.06654 0.11425 -0.42595 -0.054189 0.0891 -0.77256 0.087358 0.2074 -0.74592 -0.034645 0.018306 -0.8306 0.16511 0.21298 -0.79774 -0.04162 -0.088147 0.58752
-0.15179 0.012493 0.3057 0.10708 -0.040002 0.3193 -0.025944 -0.0069889 0.40836 -0.0059853 -0.0029554 0.068271 -0.049443 -0.0013294 -0.056113 0.051827 -0.0013294 -0.053919 -0.2505 -0.04905 0.066702 0.17437 -0.28586 0.24379 -0.14634 -0.26153 0.07994 0.217 -0.51838 0.26062 -0.10699 -0.33019 0.10396 0.24969 -0.58608 0.29445 -0.072551 0.037126 -0.44332 0.066439 0.1143 -0.42589 -0.053308 0.089301 -0.77256 0.086985 0.20841 -0.74559 -0.033499 0.01865 -0.83067 0.16474 0.21441 -0.79736 -0.042008 -0.088249 0.5874
-0.15199 0.012771 0.30605 0.10738 -0.039979 0.3197 -0.025899 -0.0069485 0.40836 -0.005977 -0.0029655 0.068272 -0.049489 -0.0013066 -0.056073 0.051889 -0.0013066 -0.053859 -0.2505 -0.048783 0.066977 0.17683 -0.28423 0.24131 -0.14681 -0.26149 0.080088 0.21913 -0.51662 0.26036 -0.10793 -0.3304 0.10414 0.25144 -0.5848 0.2947 -0.071844 0.037627 -0.44328 0.066358 0.11434 -0.42583 -0.052475 0.089499 -0.77256 0.086618 0.20938 -0.74527 -0.032411 0.018991 -0.83075 0.16437 0.21579 -0.79698 -0.04243 -0.088326 0.58729
-0.15225 0.013033 0.30639 0.10766 -0.039898 0.32013 -0.025917 -0.0069113 0.40836 -0.0059747 -0.0029769 0.068271 -0.049527 -0.0012852 -0.05604 0.05195 -0.0012852 -0.053801 -0.25053 -0.048537 0.067231 0.17964 -0.28235 0.23879 -0.14731 -0.26147 0.080308 0.2214 -0.51449 0.26107 -0.10882 -0.33059 0.10438 0.2535 -0.58243 0.2965 -0.071155 0.038125 -0.44324 0.066294 0.1144 -0.42576 -0.051683 0.089695 -0.77256 0.086252 0.21034 -0.74496 -0.03137 0.01933 -0.83084 0.16401 0.21716 -0.7966 -0.042919 -0.088383 0.5872
-0.15256 0.013279 0.30673 0.10791 -0.039762 0.32057 -0.025984 -0.0068785 0.40836 -0.0059771 -0.0029895 0.068271 -0.049561 -0.0012648 -0.05601 0.052008 -0.0012648 -0.053745 -0.25057 -0.04831 0.067467 0.18264 -0.28036 0.23642 -0.14783 -0.26146 0.080556 0.22368 -0.51215 0.26262 -0.10967 -0.33078 0.10462 0.25573 -0.57933 0.29954 -0.070486 0.038614 -0.4432 0.066244 0.11446 -0.4257 -0.050933 0.089887 -0.77256 0.08589 0.21127 -0.74465 -0.030377 0.019663 -0.83092 0.16365 0.2185 -0.79623 -0.043456 -0.088423 0.58711
-0.1529 0.013507 0.30706 0.10814 -0.039575 0.32101 -0.026085 -0.006851 0.40835 -0.0059831 -0.0030029 0.068269 -0.04959 -0.0012454 -0.055985 0.052065 -0.0012454 -0.053691 -0.25063 -0.048101 0.067686 0.18566 -0.2784 0.23437 -0.14838 -0.26149 0.080784 0.22582 -0.5098 0.2649 -0.11049 -0.33096 0.10482 0.25799 -0.57585 0.30348 -0.069839 0.039092 -0.44316 0.066207 0.11451 -0.42564 -0.050224 0.090073 -0.77256 0.085535 0.21217 -0.74435 -0.029435 0.019986 -0.83101 0.1633 0.21979 -0.79587 -0.04402 -0.088451 0.58704
-0.15324 0.013718 0.30738 0.10836 -0.039339 0.32145 -0.026206 -0.0068298 0.40834 -0.0059915 -0.0030167 0.068268 -0.049616 -0.0012266 -0.055962 0.052119 -0.0012266 -0.053639 -0.2507 -0.047908 0.067892 0.18852 -0.27662 0.23283 -0.14898 -0.26156 0.080943 0.22766 -0.5076 0.26777 -0.11129 -0.33115 0.10492 0.26014 -0.57236 0.30797 -0.069217 0.039554 -0.44313 0.06618 0.11457 -0.42558 -0.049557 0.09025 -0.77257 0.085188 0.21303 -0.74406 -0.028546 0.020294 -0.8311 0.16295 0.22103 -0.79553 -0.044591 -0.088473 0.58697
-0.15358 0.01391 0.30767 0.10858 -0.039057 0.32187 -0.026333 -0.006816 0.40833 -0.006001 -0.0030307 0.068267 -0.04964 -0.0012082 -0.055941 0.052171 -0.0012082 -0.053588 -0.25078 -0.047729 0.068086 0.19107 -0.27516 0.232 -0.14963 -0.26167 0.080988 0.22907 -0.50574 0.2711 -0.11207 -0.33136 0.1049 0.26203 -0.56923 0.31267 -0.068621 0.039996 -0.44309 0.06616 0.11461 -0.42552 -0.048931 0.090415 -0.77258 0.084854 0.21383 -0.74379 -0.027714 0.020585 -0.83118 0.16262 0.22218 -0.79521 -0.045146 -0.088491 0.58691
-0.1539 0.014084 0.30795 0.10879 -0.038734 0.32226 -0.026452 -0.0068103 0.40833 -0.0060106 -0.0030446 0.068265 -0.049664 -0.00119 -0.055921 0.052222 -0.00119 -0.05354 -0.25087 -0.047565 0.068271 0.19313 -0.27414 0.23206 -0.15034 -0.26182 0.08087 0.22989 -0.50439 0.27476 -0.11285 -0.33158 0.1047 0.26353 -0.56682 0.31726 -0.068055 0.040414 -0.44306 0.066147 0.11465 -0.42547 -0.048347 0.090566 -0.77258 0.084535 0.21457 -0.74354 -0.026942 0.020853 -0.83126 0.1623 0.22324 -0.79491 -0.045664 -0.088512 0.58685
-0.15419 0.01424 0.3082 0.109 -0.038364 0.32262 -0.02656 -0.0068122 0.40832 -0.0060195 -0.003058 0.068264 -0.049688 -0.0011721 -0.0559 0.05227 -0.0011721 -0.053493 -0.25097 -0.047412 0.068446 0.19471 -0.27356 0.23295 -0.15108 -0.26201 0.080621 0.23016 -0.50353 0.27864 -0.1136 -0.33181 0.10436 0.26462 -0.56521 0.32153 -0.067518 0.040807 -0.44302 0.066138 0.11468 -0.42542 -0.047803 0.090702 -0.77258 0.084232 0.21525 -0.7433 -0.026227 0.021099 -0.83133 0.16199 0.22419 -0.79463 -0.046139 -0.088537 0.5868
-0.15445 0.014381 0.30843 0.10922 -0.037935 0.32296 -0.026666 -0.0068187 0.40831 -0.0060276 -0.0030706 0.068263 -0.04971 -0.001155 -0.05588 0.052315 -0.001155 -0.053449 -0.25107 -0.047269 0.068608 0.19605 -0.27318 0.23438 -0.15179 -0.26218 0.080361 0.23015 -0.50288 0.28265 -0.11431 -0.33201 0.10401 0.26544 -0.56409 0.32552 -0.067006 0.041177 -0.44299 0.066135 0.11469 -0.42538 -0.047295 0.090827 -0.77259 0.083943 0.21586 -0.74309 -0.025565 0.021324 -0.8314 0.1617 0.22507 -0.79438 -0.046576 -0.088563 0.58674
-0.15471 0.014508 0.30864 0.10943 -0.037435 0.32329 -0.026783 -0.0068268 0.4083 -0.006035 -0.0030823 0.068261 -0.049732 -0.0011393 -0.055861 0.052358 -0.0011393 -0.053408 -0.25119 -0.047132 0.068755 0.19736 -0.27277 0.23601 -0.15237 -0.26228 0.08022 0.23014 -0.50214 0.28671 -0.11495 -0.33217 0.10381 0.26617 -0.56317 0.32925 -0.066517 0.041528 -0.44296 0.066139 0.1147 -0.42534 -0.046821 0.090941 -0.77259 0.083669 0.21643 -0.74289 -0.024949 0.021533 -0.83146 0.16141 0.22587 -0.79415 -0.046987 -0.088587 0.58669
-0.15498 0.014626 0.30882 0.10964 -0.03685 0.32362 -0.026919 -0.0068335 0.4083 -0.0060416 -0.0030928 0.06826 -0.049752 -0.0011256 -0.055843 0.052398 -0.0011256 -0.053369 -0.25133 -0.046999 0.068884 0.19888 -0.27209 0.23751 -0.15276 -0.26227 0.080325 0.23039 -0.50103 0.29073 -0.11548 -0.33223 0.1039 0.26694 -0.56213 0.33274 -0.066046 0.04186 -0.44292 0.066151 0.1147 -0.42531 -0.046377 0.091048 -0.77259 0.083407 0.21695 -0.7427 -0.024373 0.02173 -0.83152 0.16114 0.22661 -0.79394 -0.047378 -0.088607 0.58665
-0.15526 0.014736 0.30898 0.10984 -0.036168 0.32397 -0.027087 -0.0068358 0.40828 -0.0060473 -0.0031019 0.068259 -0.04977 -0.0011144 -0.055828 0.052435 -0.0011144 -0.053333 -0.25148 -0.046868 0.06899 0.20086 -0.27091 0.23855 -0.15289 -0.26208 0.080805 0.23119 -0.49924 0.29462 -0.11588 -0.33218 0.10442 0.26793 -0.56067 0.33602 -0.065592 0.042177 -0.44289 0.066171 0.11471 -0.42527 -0.045959 0.091151 -0.7726 0.083157 0.21744 -0.74252 -0.023832 0.021919 -0.83158 0.16088 0.22731 -0.79374 -0.04776 -0.08862 0.58661
-0.15557 0.014841 0.30912 0.11002 -0.035375 0.32434 -0.027296 -0.0068307 0.40827 -0.0060522 -0.0031092 0.068259 -0.049785 -0.0011062 -0.055814 0.052469 -0.0011062 -0.0533 -0.25167 -0.046736 0.069072 0.20351 -0.26898 0.2388 -0.15267 -0.26168 0.081786 0.2328 -0.49648 0.29831 -0.11613 -0.33197 0.10552 0.26928 -0.55847 0.33913 -0.065149 0.04248 -0.44286 0.0662 0.11472 -0.42524 -0.045564 0.09125 -0.7726 0.082917 0.21791 -0.74236 -0.023319 0.022102 -0.83163 0.16062 0.22798 -0.79355 -0.048141 -0.088623 0.58657
-0.15592 0.014943 0.30924 0.1102 -0.034471 0.32474 -0.02755 -0.0068165 0.40825 -0.0060565 -0.0031147 0.068258 -0.049798 -0.0011013 -0.055804 0.052499 -0.0011013 -0.05327 -0.25187 -0.046602 0.069128 0.20693 -0.26624 0.23815 -0.15211 -0.26106 0.083267 0.23535 -0.49266 0.30175 -0.1162 -0.3316 0.10719 0.27108 -0.55539 0.34213 -0.064718 0.042773 -0.44284 0.06624 0.11473 -0.42521 -0.045189 0.091348 -0.77261 0.082688 0.21835 -0.7422 -0.02283 0.022281 -0.83169 0.16038 0.22863 -0.79338 -0.048525 -0.088615 0.58653
-0.15629 0.015043 0.30934 0.11036 -0.033477 0.32516 -0.027839 -0.0067935 0.40824 -0.0060606 -0.0031188 0.068257 -0.049806 -0.001099 -0.055796 0.052527 -0.001099 -0.053242 -0.25208 -0.046473 0.069159 0.21092 -0.26284 0.23681 -0.15131 -0.26031 0.08505 0.23868 -0.48796 0.30502 -0.1161 -0.33112 0.1092 0.27325 -0.55151 0.34513 -0.064298 0.043054 -0.44282 0.066291 0.11474 -0.42518 -0.044835 0.091444 -0.77262 0.082469 0.21878 -0.74204 -0.022366 0.022457 -0.83175 0.16014 0.22925 -0.79321 -0.048906 -0.088597 0.5865
-0.15667 0.015142 0.30943 0.11051 -0.032414 0.32559 -0.028153 -0.006762 0.40822 -0.0060651 -0.0031216 0.068257 -0.049812 -0.0010988 -0.055791 0.052554 -0.0010988 -0.053216 -0.25228 -0.046353 0.069167 0.2153 -0.25897 0.23502 -0.15039 -0.2595 0.08692 0.24264 -0.48259 0.30819 -0.11586 -0.33057 0.11131 0.27573 -0.54694 0.34826 -0.063893 0.043323 -0.4428 0.066354 0.11475 -0.42515 -0.0445 0.091537 -0.77263 0.082261 0.21918 -0.7419 -0.021926 0.022629 -0.83181 0.15991 0.22984 -0.79307 -0.049279 -0.088571 0.58647
-0.15706 0.015242 0.3095 0.11065 -0.031302 0.32602 -0.028481 -0.0067224 0.40819 -0.0060706 -0.0031235 0.068256 -0.049814 -0.0011002 -0.055789 0.052579 -0.0011002 -0.053191 -0.25246 -0.046248 0.069153 0.21988 -0.25482 0.23303 -0.14946 -0.25873 0.088663 0.24707 -0.47675 0.31132 -0.11548 -0.32999 0.11327 0.27845 -0.5418 0.35165 -0.063504 0.04358 -0.44278 0.066429 0.11477 -0.42511 -0.044184 0.091628 -0.77264 0.082065 0.21956 -0.74176 -0.021511 0.022795 -0.83187 0.15968 0.23039 -0.79294 -0.049639 -0.088538 0.58644
-0.15745 0.015343 0.30956 0.11077 -0.030165 0.32645 -0.028815 -0.0066751 0.40817 -0.0060776 -0.0031248 0.068256 -0.049812 -0.0011025 -0.05579 0.052603 -0.0011025 -0.053167 -0.2526 -0.046162 0.069119 0.22446 -0.25056 0.23107 -0.14865 -0.25808 0.090065 0.2518 -0.47066 0.3145 -0.11496 -0.32944 0.11485 0.28135 -0.53618 0.35543 -0.063132 0.043825 -0.44276 0.066518 0.1148 -0.42508 -0.043888 0.091714 -0.77265 0.081881 0.21992 -0.74162 -0.02112 0.022956 -0.83194 0.15946 0.2309 -0.79283 -0.049979 -0.088499 0.58642
-0.15782 0.015447 0.30962 0.11089 -0.029022 0.32687 -0.029142 -0.0066205 0.40815 -0.0060867 -0.0031257 0.068255 -0.049807 -0.0011052 -0.055795 0.052628 -0.0011052 -0.053142 -0.25268 -0.046101 0.069066 0.22884 -0.24639 0.22938 -0.14805 -0.25764 0.090911 0.25666 -0.46453 0.31779 -0.11433 -0.32894 0.11578 0.28435 -0.53021 0.35971 -0.062779 0.044058 -0.44275 0.066621 0.11482 -0.42504 -0.043609 0.091796 -0.77267 0.081709 0.22026 -0.7415 -0.020755 0.02311 -0.832 0.15925 0.23136 -0.79274 -0.050294 -0.088456 0.58639
-0.15818 0.015554 0.30966 0.111 -0.027878 0.32727 -0.029458 -0.0065584 0.40813 -0.0060983 -0.0031265 0.068254 -0.049798 -0.0011078 -0.055803 0.052654 -0.0011078 -0.053117 -0.2527 -0.046068 0.068996 0.23291 -0.2424 0.2281 -0.14772 -0.25744 0.0911 0.26155 -0.45848 0.3212 -0.11359 -0.32853 0.11597 0.2874 -0.52397 0.3645 -0.062446 0.04428 -0.44274 0.06674 0.11485 -0.425 -0.043348 0.091874 -0.77268 0.081552 0.22057 -0.74138 -0.020413 0.023258 -0.83207 0.15904 0.23178 -0.79267 -0.050583 -0.08841 0.58637
-0.15853 0.015667 0.3097 0.11109 -0.026702 0.32765 -0.029765 -0.0064867 0.40811 -0.0061126 -0.003127 0.068252 -0.049785 -0.0011102 -0.055814 0.05268 -0.0011102 -0.053091 -0.25266 -0.046061 0.068909 0.2367 -0.23852 0.22716 -0.14753 -0.2574 0.090749 0.2664 -0.45252 0.3246 -0.11274 -0.32816 0.11557 0.29046 -0.51749 0.3696 -0.062128 0.044496 -0.44274 0.066874 0.11487 -0.42496 -0.043102 0.091949 -0.7727 0.081415 0.22086 -0.74126 -0.020096 0.023398 -0.83214 0.15885 0.23214 -0.79262 -0.050853 -0.088359 0.58634
-0.15886 0.015788 0.30973 0.11118 -0.025461 0.32802 -0.030066 -0.0064037 0.40809 -0.0061299 -0.0031273 0.068251 -0.049769 -0.0011122 -0.055829 0.052707 -0.0011122 -0.053063 -0.25256 -0.046078 0.068805 0.24025 -0.23466 0.22644 -0.14732 -0.25743 0.089999 0.27116 -0.44662 0.32786 -0.11178 -0.32782 0.1148 0.29352 -0.51084 0.37476 -0.061823 0.04471 -0.44274 0.067025 0.1149 -0.42492 -0.042869 0.092021 -0.77273 0.081301 0.22111 -0.74116 -0.019802 0.023533 -0.83221 0.15868 0.23246 -0.79258 -0.051113 -0.088304 0.58631
-0.15918 0.015919 0.30975 0.11125 -0.02412 0.32837 -0.030364 -0.0063072 0.40807 -0.0061504 -0.0031273 0.068249 -0.049749 -0.0011137 -0.055846 0.052736 -0.0011137 -0.053035 -0.25241 -0.046117 0.068686 0.24361 -0.23073 0.22584 -0.14697 -0.25745 0.088994 0.2758 -0.44074 0.33085 -0.1107 -0.32745 0.11383 0.29653 -0.50404 0.37973 -0.061526 0.044926 -0.44274 0.067194 0.11492 -0.42488 -0.042647 0.092093 -0.77275 0.081216 0.22134 -0.74106 -0.019531 0.023661 -0.83228 0.15855 0.23273 -0.79255 -0.051373 -0.088243 0.58628
-0.1595 0.016062 0.30976 0.11131 -0.022646 0.32872 -0.030663 -0.0061954 0.40805 -0.0061742 -0.003127 0.068247 -0.049726 -0.0011146 -0.055867 0.052767 -0.0011146 -0.053005 -0.25222 -0.046175 0.068552 0.24683 -0.22665 0.22528 -0.14634 -0.25735 0.087875 0.28027 -0.43486 0.33342 -0.1095 -0.32703 0.11287 0.29946 -0.49713 0.38428 -0.061235 0.045148 -0.44274 0.067383 0.11494 -0.42484 -0.042433 0.092165 -0.77278 0.081166 0.22154 -0.74096 -0.019281 0.023784 -0.83235 0.15845 0.23296 -0.79252 -0.05164 -0.088175 0.58624
-0.15982 0.016219 0.30976 0.11136 -0.021004 0.32906 -0.030967 -0.0060662 0.40803 -0.0062015 -0.0031263 0.068244 -0.049699 -0.0011146 -0.055891 0.052799 -0.0011146 -0.052973 -0.25198 -0.046251 0.068402 0.24994 -0.22233 0.22463 -0.14527 -0.25706 0.086782 0.28452 -0.42896 0.33544 -0.10819 -0.32651 0.11212 0.3023 -0.49016 0.38816 -0.060944 0.045382 -0.44274 0.067591 0.11495 -0.4248 -0.042226 0.092239 -0.77281 0.081154 0.22171 -0.74088 -0.019051 0.023901 -0.83242 0.15839 0.23315 -0.79249 -0.051923 -0.088101 0.5862
-0.16013 0.016391 0.30975 0.11139 -0.019181 0.3294 -0.031278 -0.0059188 0.408 -0.0062325 -0.0031252 0.068242 -0.04967 -0.0011139 -0.055917 0.052833 -0.0011139 -0.052939 -0.25171 -0.046341 0.068238 0.25296 -0.21774 0.22385 -0.14369 -0.25652 0.085817 0.28851 -0.42304 0.33684 -0.10674 -0.32588 0.11168 0.305 -0.48319 0.39123 -0.060653 0.04563 -0.44275 0.06782 0.11495 -0.42476 -0.042024 0.092316 -0.77284 0.081185 0.22185 -0.7408 -0.018842 0.024013 -0.83249 0.15839 0.23329 -0.79246 -0.052228 -0.08802 0.58615
-0.16045 0.016577 0.30973 0.11141 -0.01722 0.32973 -0.031594 -0.0057556 0.40798 -0.0062669 -0.0031237 0.068239 -0.049636 -0.0011122 -0.055947 0.052868 -0.0011122 -0.052903 -0.2514 -0.046443 0.06806 0.25586 -0.21298 0.22296 -0.14169 -0.25577 0.084975 0.29222 -0.41719 0.33771 -0.10512 -0.32512 0.11148 0.30753 -0.47633 0.39356 -0.060364 0.045889 -0.44275 0.068068 0.11495 -0.42471 -0.041826 0.092395 -0.77288 0.081255 0.22195 -0.74073 -0.018653 0.02412 -0.83257 0.15844 0.2334 -0.79243 -0.052554 -0.087932 0.58609
-0.16076 0.016777 0.3097 0.11141 -0.015169 0.33006 -0.031916 -0.0055791 0.40796 -0.0063046 -0.0031218 0.068235 -0.049601 -0.0011097 -0.055978 0.052906 -0.0011097 -0.052866 -0.25106 -0.046551 0.067867 0.25857 -0.20819 0.22203 -0.13938 -0.25486 0.084235 0.29562 -0.4115 0.33815 -0.1033 -0.32423 0.11141 0.30986 -0.46971 0.39526 -0.060078 0.046155 -0.44276 0.068333 0.11494 -0.42467 -0.041633 0.092475 -0.77292 0.081363 0.22202 -0.74067 -0.018483 0.024221 -0.83264 0.15853 0.23346 -0.79239 -0.052898 -0.087837 0.58602
-0.16107 0.016988 0.30967 0.11139 -0.013077 0.33038 -0.032241 -0.0053921 0.40793 -0.0063452 -0.0031193 0.068232 -0.049562 -0.0011063 -0.056012 0.052944 -0.0011063 -0.052827 -0.25069 -0.046661 0.067658 0.26103 -0.2035 0.22109 -0.13687 -0.25385 0.083577 0.29871 -0.40608 0.33827 -0.10123 -0.32321 0.11138 0.31195 -0.46345 0.39644 -0.059799 0.046425 -0.44277 0.068613 0.11492 -0.42463 -0.041446 0.092555 -0.77296 0.081506 0.22206 -0.74061 -0.018331 0.024317 -0.83271 0.15866 0.23348 -0.79236 -0.053258 -0.087736 0.58596
-0.16138 0.01721 0.30962 0.11136 -0.010993 0.3307 -0.03257 -0.0051972 0.40791 -0.0063887 -0.0031164 0.068228 -0.049522 -0.0011021 -0.056048 0.052984 -0.0011021 -0.052787 -0.25028 -0.04677 0.067435 0.2632 -0.19903 0.22021 -0.13426 -0.2528 0.082982 0.30144 -0.40102 0.33818 -0.098873 -0.32207 0.11126 0.31377 -0.45768 0.3972 -0.059529 0.046696 -0.44278 0.068907 0.1149 -0.42459 -0.041264 0.092635 -0.773 0.081682 0.22208 -0.74056 -0.018196 0.024406 -0.83278 0.15883 0.23346 -0.79232 -0.053631 -0.08763 0.58589
-0.16168 0.017441 0.30957 0.1113 -0.0089666 0.33101 -0.0329 -0.004997 0.40788 -0.0064347 -0.003113 0.068223 -0.049479 -0.0010971 -0.056086 0.053025 -0.0010971 -0.052746 -0.24983 -0.046873 0.067196 0.26501 -0.19491 0.21944 -0.13166 -0.25175 0.082429 0.30381 -0.39643 0.33799 -0.096195 -0.32079 0.11096 0.31528 -0.45251 0.39767 -0.059271 0.046964 -0.44279 0.069213 0.11488 -0.42454 -0.041088 0.092714 -0.77304 0.081887 0.22206 -0.74052 -0.018079 0.024489 -0.83285 0.15903 0.2334 -0.7923 -0.054016 -0.087519 0.58581
-0.16198 0.01768 0.3095 0.11121 -0.0070469 0.33132 -0.033231 -0.0047943 0.40786 -0.0064831 -0.0031091 0.068219 -0.049435 -0.0010912 -0.056125 0.053068 -0.0010912 -0.052704 -0.24936 -0.046966 0.066942 0.26641 -0.19128 0.21883 -0.12919 -0.25076 0.081899 0.30578 -0.39239 0.33781 -0.093155 -0.31937 0.11036 0.31645 -0.44807 0.39795 -0.059028 0.047226 -0.4428 0.069529 0.11485 -0.4245 -0.040918 0.092792 -0.77308 0.082119 0.22202 -0.74048 -0.017979 0.024565 -0.83291 0.15926 0.23329 -0.79228 -0.05441 -0.087404 0.58574
-0.16227 0.017926 0.30943 0.1111 -0.0052829 0.33163 -0.033562 -0.0045917 0.40783 -0.0065336 -0.0031046 0.068214 -0.049389 -0.0010846 -0.056166 0.053111 -0.0010846 -0.05266 -0.24885 -0.047045 0.066672 0.26733 -0.18827 0.21842 -0.12695 -0.24989 0.081371 0.30734 -0.38901 0.33775 -0.089712 -0.31782 0.10936 0.31724 -0.44448 0.39815 -0.058801 0.047477 -0.44281 0.069853 0.11482 -0.42445 -0.040754 0.092867 -0.77312 0.082376 0.22195 -0.74045 -0.017895 0.024635 -0.83298 0.15951 0.23315 -0.79227 -0.05481 -0.087284 0.58567
-0.16255 0.018177 0.30935 0.11096 -0.0037237 0.33193 -0.033892 -0.0043919 0.40781 -0.006586 -0.0030996 0.06821 -0.049342 -0.0010772 -0.056207 0.053155 -0.0010772 -0.052616 -0.24832 -0.047106 0.066386 0.26773 -0.18601 0.21828 -0.12505 -0.24919 0.080825 0.30847 -0.38639 0.33792 -0.085828 -0.31612 0.10786 0.31761 -0.44186 0.39838 -0.058595 0.047716 -0.44283 0.070184 0.11479 -0.42441 -0.040597 0.092939 -0.77317 0.082655 0.22185 -0.74043 -0.017827 0.024698 -0.83305 0.15979 0.23297 -0.79228 -0.055214 -0.087161 0.5856
-0.16282 0.018433 0.30926 0.11079 -0.0024184 0.33222 -0.034219 -0.0041976 0.40778 -0.00664 -0.003094 0.068205 -0.049294 -0.0010691 -0.05625 0.053199 -0.0010691 -0.052572 -0.24775 -0.047144 0.066084 0.26755 -0.18462 0.21845 -0.1236 -0.24871 0.080241 0.30914 -0.38462 0.33842 -0.081465 -0.31429 0.10575 0.31754 -0.44035 0.39875 -0.05841 0.047937 -0.44285 0.070521 0.11476 -0.42436 -0.040446 0.093007 -0.77321 0.082953 0.22173 -0.74042 -0.017773 0.024753 -0.83311 0.16008 0.23274 -0.79229 -0.05562 -0.087034 0.58553
-0.16308 0.018692 0.30917 0.11059 -0.001416 0.3325 -0.034544 -0.0040114 0.40775 -0.0066956 -0.0030878 0.068199 -0.049245 -0.0010602 -0.056293 0.053244 -0.0010602 -0.052526 -0.24715 -0.047156 0.065766 0.26672 -0.18424 0.21899 -0.12271 -0.24851 0.079599 0.30933 -0.38381 0.33937 -0.076582 -0.31231 0.10291 0.31698 -0.44005 0.39937 -0.058251 0.048138 -0.44287 0.07086 0.11472 -0.42432 -0.040302 0.09307 -0.77325 0.083267 0.22159 -0.74041 -0.017734 0.024801 -0.83317 0.16038 0.23248 -0.79232 -0.056025 -0.086905 0.58547
-0.16332 0.018953 0.30907 0.11036 -0.00076577 0.33279 -0.034863 -0.0038359 0.40773 -0.0067523 -0.0030811 0.068194 -0.049196 -0.0010506 -0.056336 0.053289 -0.0010506 -0.052481 -0.24653 -0.047137 0.065431 0.2652 -0.18499 0.21994 -0.12249 -0.24864 0.078879 0.30901 -0.38405 0.34088 -0.071141 -0.31018 0.099254 0.3159 -0.4411 0.40035 -0.058119 0.048315 -0.44289 0.071201 0.11469 -0.42427 -0.040165 0.093128 -0.77329 0.083596 0.22142 -0.74041 -0.017709 0.024841 -0.83323 0.1607 0.23218 -0.79237 -0.056427 -0.086774 0.58541
