-0.13893 0.0036018 0.32272 0.13499 -0.014816 0.3182 -0.00087007 -0.011973 0.40904 -0.00023 -0.0050122 0.068413 -0.054283 0.00010398 -0.051463 0.052824 0.00010398 -0.052958 -0.21077 0.019428 0.067296 0.26727 -0.059412 0.092014 -0.14825 -0.057295 -0.14805 0.18161 -0.17864 0.27807 -0.095899 -0.089206 -0.20355 0.1581 -0.16313 0.35582 -0.094331 0.08635 -0.42949 0.077854 0.076588 -0.43436 -0.10178 0.15389 -0.7564 0.066835 0.19295 -0.74713 -0.13866 0.10419 -0.82662 0.069147 0.12432 -0.81074 0.018108 -0.055388 0.60053
-0.13959 0.0042593 0.32271 0.13437 -0.015367 0.31831 -0.0015279 -0.011153 0.40906 -0.00034506 -0.0048986 0.068421 -0.05429 7.9518e-06 -0.051457 0.052948 7.9518e-06 -0.052834 -0.21238 0.02061 0.067493 0.26937 -0.060354 0.093273 -0.14947 -0.055408 -0.14798 0.18404 -0.17527 0.28187 -0.098218 -0.086955 -0.20468 0.15808 -0.16053 0.3589 -0.094141 0.087239 -0.42928 0.077485 0.075964 -0.43446 -0.10056 0.15603 -0.75595 0.069246 0.19461 -0.74627 -0.13583 0.10397 -0.82511 0.071156 0.12644 -0.81045 0.018369 -0.054431 0.60049
-0.14026 0.0047997 0.32266 0.13368 -0.016111 0.31839 -0.002219 -0.01046 0.40907 -0.00046681 -0.0047992 0.068428 -0.054278 -7.3295e-05 -0.05147 0.053069 -7.3295e-05 -0.052712 -0.21423 0.021605 0.067754 0.27147 -0.06086 0.094674 -0.15096 -0.053836 -0.14782 0.18634 -0.17203 0.28545 -0.10078 -0.08494 -0.20568 0.15822 -0.15775 0.36177 -0.093817 0.08809 -0.42912 0.077198 0.074925 -0.43461 -0.099229 0.15806 -0.75555 0.07156 0.19556 -0.74559 -0.13297 0.10382 -0.8237 0.072955 0.12774 -0.81019 0.018496 -0.0535 0.60048
-0.14094 0.005229 0.32257 0.13293 -0.017036 0.31845 -0.0029382 -0.0098853 0.40908 -0.00059415 -0.0047134 0.068433 -0.054248 -0.00014098 -0.051501 0.053188 -0.00014098 -0.052591 -0.21628 0.022424 0.068072 0.27357 -0.060983 0.096199 -0.15271 -0.05256 -0.14757 0.18848 -0.16893 0.2888 -0.10356 -0.083151 -0.20658 0.1585 -0.15485 0.36446 -0.093371 0.088903 -0.42898 0.076987 0.073502 -0.4348 -0.097813 0.15997 -0.75519 0.073774 0.19584 -0.7451 -0.13009 0.10372 -0.82238 0.07455 0.12824 -0.80997 0.018497 -0.052598 0.60048
-0.14161 0.0055537 0.32245 0.13213 -0.018128 0.3185 -0.00368 -0.0094208 0.40909 -0.00072599 -0.0046402 0.068436 -0.054203 -0.00019631 -0.051549 0.053305 -0.00019631 -0.052473 -0.21851 0.023077 0.068439 0.27564 -0.060774 0.097828 -0.15466 -0.051561 -0.14724 0.19046 -0.16601 0.29193 -0.10653 -0.08158 -0.20736 0.15889 -0.15188 0.36694 -0.092818 0.089679 -0.42889 0.076845 0.071724 -0.43503 -0.096321 0.16177 -0.75488 0.075884 0.19548 -0.74478 -0.12721 0.10367 -0.82116 0.07595 0.12798 -0.80978 0.018382 -0.051726 0.60051
-0.14229 0.0057799 0.3223 0.13127 -0.019375 0.31853 -0.004439 -0.0090582 0.40909 -0.00086121 -0.004579 0.068439 -0.054143 -0.00024051 -0.051611 0.053419 -0.00024051 -0.052357 -0.22089 0.023575 0.068849 0.27768 -0.060287 0.099542 -0.1568 -0.050819 -0.14685 0.19228 -0.16328 0.29482 -0.10966 -0.080217 -0.20805 0.15937 -0.14888 0.36924 -0.09217 0.090419 -0.42882 0.076768 0.069621 -0.43529 -0.094768 0.16347 -0.75461 0.077889 0.19449 -0.74464 -0.12434 0.10367 -0.82001 0.077161 0.12701 -0.80963 0.018157 -0.050889 0.60055
-0.14297 0.0059138 0.32212 0.13037 -0.020763 0.31854 -0.0052099 -0.0087892 0.40909 -0.00099872 -0.004529 0.06844 -0.054071 -0.00027478 -0.051687 0.05353 -0.00027478 -0.052243 -0.22339 0.023928 0.069294 0.27968 -0.059572 0.10132 -0.15909 -0.050315 -0.14639 0.19393 -0.16076 0.29749 -0.11293 -0.079055 -0.20866 0.15991 -0.14592 0.37134 -0.09144 0.091122 -0.42878 0.076749 0.067223 -0.43558 -0.09317 0.16507 -0.75438 0.079786 0.19291 -0.74464 -0.12148 0.10372 -0.81895 0.078191 0.12535 -0.80952 0.017832 -0.050087 0.60061
-0.14364 0.0059618 0.32193 0.12942 -0.022279 0.31854 -0.0059874 -0.0086054 0.40908 -0.0011374 -0.0044893 0.068441 -0.053986 -0.00030035 -0.051775 0.053638 -0.00030035 -0.052132 -0.22598 0.024147 0.069768 0.28162 -0.058683 0.10315 -0.1615 -0.050029 -0.14589 0.19541 -0.15847 0.29992 -0.1163 -0.078083 -0.20918 0.16049 -0.14304 0.37325 -0.090642 0.09179 -0.42877 0.076782 0.064561 -0.43589 -0.091542 0.16657 -0.75418 0.08157 0.19077 -0.7448 -0.11866 0.1038 -0.81796 0.079048 0.12305 -0.80945 0.017415 -0.049324 0.60068
-0.1443 0.0059302 0.32171 0.12845 -0.02391 0.31852 -0.006766 -0.0084985 0.40907 -0.0012762 -0.0044593 0.06844 -0.053891 -0.00031843 -0.051872 0.053744 -0.00031843 -0.052024 -0.22862 0.024242 0.070263 0.2835 -0.057671 0.10501 -0.16399 -0.049942 -0.14535 0.19671 -0.15644 0.30212 -0.11976 -0.077294 -0.20964 0.16108 -0.14029 0.37497 -0.089788 0.092422 -0.42878 0.076862 0.061664 -0.43622 -0.089899 0.16798 -0.75401 0.083241 0.18809 -0.74509 -0.11588 0.10392 -0.81704 0.079739 0.12014 -0.80941 0.016914 -0.048602 0.60076
-0.14496 0.0058251 0.32149 0.12744 -0.025642 0.3185 -0.0075404 -0.0084603 0.40906 -0.0014139 -0.0044381 0.068439 -0.053788 -0.00033024 -0.051979 0.053846 -0.00033024 -0.051918 -0.23129 0.024224 0.070772 0.2853 -0.056588 0.10687 -0.16653 -0.050035 -0.14477 0.19782 -0.15467 0.30408 -0.12328 -0.076678 -0.21003 0.16166 -0.13773 0.3765 -0.088892 0.093019 -0.42881 0.076983 0.058563 -0.43655 -0.088256 0.16931 -0.75387 0.084795 0.18491 -0.74552 -0.11316 0.10406 -0.81618 0.080272 0.11666 -0.80942 0.016338 -0.047922 0.60086
-0.1456 0.0056528 0.32126 0.12642 -0.027464 0.31847 -0.0083053 -0.0084822 0.40904 -0.0015495 -0.004425 0.068436 -0.053676 -0.00033699 -0.052093 0.053945 -0.00033699 -0.051816 -0.23397 0.024104 0.071288 0.28701 -0.055487 0.10872 -0.16909 -0.050288 -0.14418 0.19873 -0.15321 0.30581 -0.12682 -0.076226 -0.21037 0.16221 -0.1354 0.37784 -0.087967 0.093582 -0.42885 0.077139 0.055287 -0.4369 -0.086629 0.17056 -0.75376 0.086229 0.18125 -0.74606 -0.1105 0.10424 -0.81538 0.080653 0.11265 -0.80947 0.015694 -0.047289 0.60096
-0.14623 0.0054196 0.32102 0.12538 -0.029361 0.31842 -0.0090553 -0.0085561 0.40902 -0.0016819 -0.0044192 0.068434 -0.053559 -0.00033989 -0.052213 0.054041 -0.00033989 -0.051716 -0.23661 0.023891 0.071804 0.28862 -0.05442 0.11055 -0.17164 -0.050682 -0.14357 0.19945 -0.15205 0.3073 -0.13037 -0.075929 -0.21067 0.16269 -0.13336 0.37899 -0.087027 0.09411 -0.42891 0.077323 0.051867 -0.43724 -0.085032 0.17173 -0.75366 0.08754 0.17713 -0.74671 -0.10793 0.10443 -0.81464 0.08089 0.10815 -0.80956 0.014991 -0.046703 0.60106
-0.14683 0.0051318 0.32079 0.12433 -0.03132 0.31838 -0.0097849 -0.0086736 0.409 -0.0018099 -0.0044199 0.06843 -0.053438 -0.00034016 -0.052338 0.054133 -0.00034016 -0.05162 -0.23919 0.023597 0.072313 0.29012 -0.053439 0.11232 -0.17415 -0.051198 -0.14296 0.19996 -0.15123 0.30856 -0.13389 -0.075779 -0.21093 0.16309 -0.13166 0.37995 -0.086083 0.094605 -0.42898 0.077531 0.048332 -0.43758 -0.083481 0.17282 -0.75358 0.088726 0.1726 -0.74747 -0.10544 0.10464 -0.81393 0.080992 0.10318 -0.80969 0.014238 -0.046168 0.60118
-0.14742 0.0047956 0.32056 0.12328 -0.033329 0.31832 -0.010489 -0.0088263 0.40898 -0.0019325 -0.0044263 0.068427 -0.053313 -0.00033901 -0.052465 0.054222 -0.00033901 -0.051528 -0.24169 0.023231 0.072807 0.2915 -0.052596 0.11403 -0.17657 -0.051815 -0.14236 0.20026 -0.15077 0.30957 -0.13736 -0.075766 -0.21117 0.16338 -0.13035 0.38072 -0.08515 0.095067 -0.42906 0.077757 0.044712 -0.43791 -0.081991 0.17385 -0.75352 0.089784 0.16767 -0.74832 -0.10306 0.10486 -0.81327 0.080964 0.097791 -0.80987 0.013442 -0.045686 0.60129
-0.14799 0.0044173 0.32035 0.12223 -0.035374 0.31827 -0.011162 -0.0090059 0.40896 -0.0020486 -0.0044377 0.068423 -0.053186 -0.00033766 -0.052594 0.054306 -0.00033766 -0.051438 -0.24406 0.022805 0.07328 0.29275 -0.051943 0.11565 -0.17889 -0.052516 -0.14177 0.20034 -0.15069 0.31035 -0.14076 -0.075882 -0.21139 0.16354 -0.12948 0.38131 -0.08424 0.095496 -0.42915 0.077993 0.041038 -0.43823 -0.080577 0.17482 -0.75347 0.09071 0.16237 -0.74925 -0.1008 0.10508 -0.81265 0.080815 0.092016 -0.8101 0.012612 -0.045258 0.6014
-0.14853 0.004003 0.32015 0.12119 -0.037442 0.31821 -0.011799 -0.0092042 0.40894 -0.002157 -0.0044532 0.068418 -0.053059 -0.00033733 -0.052722 0.054387 -0.00033733 -0.051353 -0.24629 0.022329 0.073725 0.29385 -0.051533 0.11717 -0.18106 -0.053279 -0.14121 0.2002 -0.151 0.31088 -0.14404 -0.076118 -0.2116 0.16353 -0.12911 0.3817 -0.083367 0.095893 -0.42924 0.078236 0.037339 -0.43852 -0.079254 0.17572 -0.75343 0.091503 0.15673 -0.75025 -0.098658 0.10531 -0.81206 0.080552 0.085894 -0.81037 0.011757 -0.044889 0.60152
-0.14904 0.0035592 0.31996 0.12016 -0.03952 0.31815 -0.012393 -0.0094127 0.40892 -0.0022567 -0.0044722 0.068414 -0.052932 -0.00033923 -0.052849 0.054464 -0.00033923 -0.051271 -0.24834 0.021813 0.074134 0.2948 -0.051417 0.11856 -0.18306 -0.054087 -0.14068 0.19984 -0.15173 0.31117 -0.1472 -0.076465 -0.21181 0.16334 -0.12927 0.38191 -0.082544 0.096258 -0.42932 0.078478 0.033646 -0.43879 -0.078037 0.17658 -0.75339 0.09216 0.15078 -0.75132 -0.096658 0.10554 -0.81149 0.080182 0.07946 -0.81069 0.010884 -0.044579 0.60162
-0.14952 0.003092 0.3198 0.11915 -0.041595 0.3181 -0.012941 -0.0096231 0.4089 -0.0023465 -0.0044938 0.068409 -0.052809 -0.00034458 -0.052973 0.054536 -0.00034458 -0.051194 -0.25018 0.021267 0.0745 0.29557 -0.051648 0.11981 -0.18485 -0.054919 -0.1402 0.19923 -0.15291 0.31122 -0.1502 -0.076914 -0.21202 0.16294 -0.13004 0.38193 -0.081784 0.096591 -0.42941 0.078714 0.029988 -0.43903 -0.076941 0.17738 -0.75336 0.092677 0.14454 -0.75244 -0.09481 0.10576 -0.81095 0.079713 0.072751 -0.81105 0.010002 -0.044332 0.60173
-0.14997 0.0026078 0.31967 0.11817 -0.043654 0.31804 -0.013436 -0.0098272 0.40888 -0.0024254 -0.0045173 0.068405 -0.052689 -0.00035458 -0.053092 0.054604 -0.00035458 -0.05112 -0.25179 0.020703 0.074816 0.29617 -0.052278 0.12089 -0.1864 -0.055756 -0.13977 0.19839 -0.15454 0.31103 -0.15301 -0.077455 -0.21226 0.16231 -0.13145 0.38177 -0.0811 0.096894 -0.4295 0.078938 0.026396 -0.43923 -0.075983 0.17814 -0.75332 0.093052 0.13805 -0.75361 -0.093125 0.10597 -0.81042 0.079152 0.065805 -0.81147 0.0091196 -0.04415 0.60183
-0.15038 0.0021125 0.31957 0.11722 -0.045682 0.31799 -0.013875 -0.010018 0.40886 -0.0024924 -0.0045419 0.068401 -0.052574 -0.00037024 -0.053206 0.054668 -0.00037024 -0.051051 -0.25313 0.020131 0.075076 0.29658 -0.053358 0.1218 -0.18768 -0.05658 -0.1394 0.1973 -0.15665 0.31059 -0.15561 -0.078081 -0.21252 0.16142 -0.13355 0.38142 -0.080504 0.097166 -0.42957 0.079145 0.022898 -0.4394 -0.075173 0.17885 -0.75328 0.093284 0.13134 -0.75482 -0.091612 0.10617 -0.8099 0.078508 0.058663 -0.81194 0.0082442 -0.044035 0.60191
-0.15076 0.0016108 0.31949 0.11631 -0.047663 0.31794 -0.014263 -0.010205 0.40885 -0.0025487 -0.0045678 0.068397 -0.052465 -0.00039066 -0.053313 0.054727 -0.00039066 -0.050987 -0.25423 0.019554 0.075281 0.2968 -0.05494 0.12254 -0.18871 -0.057387 -0.1391 0.19598 -0.15928 0.30993 -0.15801 -0.078777 -0.2128 0.16027 -0.13638 0.38091 -0.079992 0.09741 -0.42964 0.079339 0.01951 -0.43952 -0.074505 0.17953 -0.75323 0.093391 0.12448 -0.75605 -0.090262 0.10635 -0.80939 0.077801 0.051397 -0.81245 0.0073803 -0.043982 0.60199
-0.15111 0.0011063 0.31944 0.11541 -0.049575 0.31786 -0.014611 -0.010402 0.40883 -0.0025965 -0.0045952 0.068393 -0.052362 -0.00041396 -0.053414 0.05478 -0.00041396 -0.050928 -0.25511 0.018973 0.075435 0.29686 -0.057074 0.12315 -0.18953 -0.058179 -0.13884 0.19446 -0.16247 0.30911 -0.16022 -0.07953 -0.2131 0.1589 -0.13996 0.38027 -0.079554 0.097628 -0.4297 0.079527 0.016243 -0.43961 -0.073958 0.18018 -0.75318 0.093398 0.11754 -0.75728 -0.089055 0.10652 -0.80889 0.077058 0.044099 -0.81299 0.0065301 -0.043987 0.60207
-0.15144 0.00060292 0.31939 0.11454 -0.051398 0.31776 -0.014929 -0.010627 0.40882 -0.0026379 -0.0046247 0.068389 -0.052264 -0.00043827 -0.053509 0.054828 -0.00043827 -0.050876 -0.25582 0.018392 0.075543 0.29675 -0.05981 0.12367 -0.19017 -0.058957 -0.13864 0.19277 -0.16627 0.30815 -0.16226 -0.080324 -0.21342 0.15732 -0.14429 0.37953 -0.07918 0.097825 -0.42976 0.079716 0.013106 -0.43967 -0.073513 0.18079 -0.75313 0.093333 0.11064 -0.75849 -0.087971 0.10668 -0.8084 0.076302 0.036859 -0.81355 0.0056962 -0.044042 0.60214
-0.15175 0.00010431 0.31935 0.11369 -0.053113 0.31761 -0.01523 -0.010896 0.4088 -0.002675 -0.0046566 0.068385 -0.052171 -0.00046171 -0.053598 0.05487 -0.00046171 -0.05083 -0.2564 0.01781 0.075609 0.29649 -0.063197 0.12413 -0.19066 -0.059724 -0.13848 0.19093 -0.17071 0.3071 -0.16414 -0.081144 -0.21374 0.15555 -0.14939 0.3787 -0.078859 0.098003 -0.42981 0.079915 0.010109 -0.4397 -0.07315 0.18138 -0.75308 0.093223 0.10384 -0.75966 -0.086989 0.10683 -0.80793 0.075562 0.029766 -0.81412 0.0048808 -0.044142 0.6022
-0.15204 -0.00038578 0.3193 0.11284 -0.054697 0.31739 -0.015525 -0.011223 0.40878 -0.0027101 -0.0046913 0.068381 -0.052085 -0.00048238 -0.053682 0.054905 -0.00048238 -0.050791 -0.25687 0.01723 0.075639 0.2961 -0.067287 0.12455 -0.19106 -0.060483 -0.13837 0.18897 -0.17585 0.30601 -0.16589 -0.081977 -0.21407 0.1536 -0.1553 0.37784 -0.078581 0.098166 -0.42986 0.08013 0.0072624 -0.43971 -0.072851 0.18194 -0.75302 0.093094 0.097241 -0.76078 -0.086089 0.10699 -0.80747 0.074862 0.022913 -0.8147 0.0040863 -0.04428 0.60227
-0.15231 -0.00086357 0.31924 0.112 -0.056132 0.31711 -0.015823 -0.011627 0.40876 -0.0027452 -0.0047293 0.068377 -0.052004 -0.00049842 -0.053761 0.054933 -0.00049842 -0.050761 -0.25727 0.016653 0.075637 0.29557 -0.072128 0.12498 -0.19139 -0.061235 -0.13828 0.18692 -0.18172 0.30491 -0.16751 -0.082806 -0.2144 0.15151 -0.16201 0.37695 -0.078335 0.098316 -0.42991 0.08037 0.0045755 -0.43971 -0.072595 0.18247 -0.75297 0.092973 0.090931 -0.76183 -0.085252 0.10714 -0.80703 0.074229 0.016388 -0.81526 0.0033151 -0.044449 0.60233
-0.15259 -0.0013253 0.31916 0.11117 -0.057397 0.31674 -0.016136 -0.012122 0.40873 -0.0027825 -0.004771 0.068373 -0.051928 -0.00050794 -0.053834 0.054954 -0.00050794 -0.050739 -0.25765 0.01608 0.075606 0.29494 -0.077773 0.12544 -0.19169 -0.061982 -0.13823 0.18481 -0.18837 0.30384 -0.16904 -0.083618 -0.21472 0.14928 -0.16955 0.37609 -0.078111 0.098456 -0.42995 0.080642 0.0020585 -0.43969 -0.072363 0.18299 -0.75292 0.092886 0.084998 -0.76279 -0.084456 0.1073 -0.80662 0.073688 0.010284 -0.81581 0.0025695 -0.044645 0.6024
-0.15285 -0.0017673 0.31905 0.11033 -0.05847 0.31626 -0.016476 -0.012725 0.4087 -0.0028243 -0.0048167 0.068369 -0.051858 -0.00050905 -0.053902 0.054967 -0.00050905 -0.050727 -0.25803 0.015513 0.075553 0.2942 -0.084269 0.12597 -0.192 -0.062727 -0.13819 0.18267 -0.19584 0.30286 -0.17047 -0.084397 -0.21503 0.14694 -0.17794 0.37526 -0.077899 0.09859 -0.42999 0.080953 -0.00027868 -0.43966 -0.072136 0.18349 -0.75287 0.092861 0.07953 -0.76364 -0.083683 0.10746 -0.80622 0.073266 0.0046892 -0.81632 0.001852 -0.04486 0.60247
-0.15312 -0.002187 0.31891 0.10949 -0.059337 0.31568 -0.016851 -0.01345 0.40866 -0.0028723 -0.004867 0.068364 -0.051793 -0.00050022 -0.053966 0.054973 -0.00050022 -0.050725 -0.25846 0.014952 0.075482 0.29337 -0.091664 0.12661 -0.19236 -0.063472 -0.13818 0.18051 -0.20416 0.302 -0.17184 -0.085132 -0.21533 0.14451 -0.18719 0.37451 -0.077688 0.09872 -0.43004 0.081311 -0.002426 -0.43963 -0.071896 0.18398 -0.75282 0.092922 0.07461 -0.76436 -0.082912 0.10764 -0.80584 0.072986 -0.00031008 -0.8168 0.0011646 -0.045088 0.60254
-0.15339 -0.0025989 0.31873 0.10865 -0.060024 0.31499 -0.017252 -0.014304 0.40862 -0.0029253 -0.004923 0.06836 -0.051734 -0.00048438 -0.054026 0.054973 -0.00048438 -0.050729 -0.25893 0.014376 0.075397 0.29243 -0.09994 0.1274 -0.19276 -0.064237 -0.13817 0.17832 -0.21333 0.30132 -0.17313 -0.08585 -0.2156 0.142 -0.19727 0.37391 -0.077481 0.098846 -0.43008 0.081723 -0.0043699 -0.43959 -0.071657 0.18445 -0.75278 0.093072 0.070254 -0.76495 -0.082158 0.10781 -0.80549 0.072853 -0.0047022 -0.81723 0.00050662 -0.045333 0.60263
-0.15363 -0.0030297 0.31852 0.10783 -0.060595 0.31421 -0.017655 -0.015284 0.40858 -0.0029796 -0.0049865 0.068354 -0.051678 -0.00046771 -0.054082 0.054973 -0.00046771 -0.050733 -0.25941 0.01375 0.075303 0.29133 -0.10904 0.12843 -0.19315 -0.065051 -0.13817 0.17606 -0.22327 0.30093 -0.1743 -0.086607 -0.21583 0.13942 -0.20809 0.37357 -0.077288 0.098964 -0.43012 0.082194 -0.0060944 -0.43955 -0.071456 0.18489 -0.75274 0.093298 0.066429 -0.76542 -0.08145 0.10798 -0.80516 0.072855 -0.0085279 -0.81762 -0.00012491 -0.045603 0.60271
-0.15384 -0.0035062 0.31831 0.10706 -0.061114 0.31338 -0.018036 -0.016387 0.40852 -0.0030315 -0.0050592 0.068348 -0.051625 -0.00045648 -0.054134 0.054979 -0.00045648 -0.050731 -0.2599 0.013039 0.075204 0.29005 -0.11889 0.12975 -0.19352 -0.065944 -0.13817 0.17369 -0.23392 0.3009 -0.17532 -0.087459 -0.21601 0.13678 -0.21958 0.37361 -0.077122 0.09907 -0.43016 0.082731 -0.0075837 -0.43949 -0.07133 0.18529 -0.7527 0.093587 0.063102 -0.76579 -0.080823 0.10812 -0.80486 0.072979 -0.011829 -0.81796 -0.00073296 -0.045905 0.6028
-0.154 -0.0040555 0.31809 0.10635 -0.061642 0.31252 -0.01837 -0.017612 0.40846 -0.0030771 -0.0051428 0.068341 -0.051573 -0.00045694 -0.054185 0.054994 -0.00045694 -0.050717 -0.26036 0.012206 0.075105 0.28854 -0.12944 0.13145 -0.19381 -0.066944 -0.13815 0.17115 -0.24521 0.30133 -0.17615 -0.088462 -0.21612 0.13408 -0.23167 0.37413 -0.076992 0.09916 -0.4302 0.08334 -0.0088217 -0.43941 -0.071314 0.18563 -0.75267 0.093924 0.060237 -0.76607 -0.08031 0.10824 -0.80458 0.073214 -0.014648 -0.81826 -0.0013205 -0.046248 0.6029
-0.15409 -0.0047045 0.31787 0.10572 -0.062243 0.31164 -0.018633 -0.018956 0.4084 -0.0031128 -0.0052392 0.068332 -0.051522 -0.00047534 -0.054234 0.055025 -0.00047534 -0.050684 -0.26078 0.011217 0.07501 0.28676 -0.14063 0.13359 -0.194 -0.068083 -0.13812 0.1684 -0.25707 0.3023 -0.17677 -0.089673 -0.21616 0.13134 -0.24428 0.37525 -0.076909 0.09923 -0.43023 0.084027 -0.0097924 -0.43931 -0.071446 0.18591 -0.75265 0.094296 0.057802 -0.76627 -0.079942 0.10831 -0.80432 0.073548 -0.017026 -0.81853 -0.0018904 -0.046641 0.60299
-0.15411 -0.0054801 0.31767 0.10519 -0.06298 0.31078 -0.018802 -0.020417 0.40832 -0.0031348 -0.0053501 0.068322 -0.051471 -0.00051794 -0.054281 0.055076 -0.00051794 -0.050626 -0.26112 0.010035 0.074925 0.28468 -0.15239 0.13624 -0.19405 -0.069389 -0.13806 0.1654 -0.26944 0.30391 -0.17714 -0.091148 -0.21612 0.12857 -0.25734 0.37707 -0.076885 0.099277 -0.43025 0.084797 -0.01048 -0.43918 -0.071763 0.18612 -0.75263 0.09469 0.055762 -0.76639 -0.079754 0.10832 -0.80408 0.073969 -0.019006 -0.81875 -0.0024458 -0.047092 0.60309
-0.15403 -0.0064094 0.3175 0.10479 -0.063917 0.30995 -0.018851 -0.021993 0.40824 -0.0031395 -0.0054772 0.06831 -0.051418 -0.000591 -0.054328 0.055153 -0.000591 -0.050537 -0.26138 0.0086246 0.074853 0.28225 -0.16465 0.13948 -0.19392 -0.070893 -0.13798 0.1621 -0.28226 0.30623 -0.17722 -0.092943 -0.21597 0.12577 -0.27076 0.37971 -0.076931 0.099297 -0.43026 0.085656 -0.010868 -0.43902 -0.072302 0.18624 -0.75262 0.095092 0.054084 -0.76646 -0.079778 0.10826 -0.80386 0.074465 -0.020629 -0.81894 -0.0029896 -0.047609 0.6032
-0.15385 -0.0075191 0.31736 0.10453 -0.065116 0.30917 -0.018757 -0.02368 0.40815 -0.0031229 -0.0056222 0.068297 -0.051362 -0.00070077 -0.054376 0.05526 -0.00070077 -0.050411 -0.26152 0.0069508 0.074799 0.27943 -0.17737 0.14337 -0.19357 -0.072625 -0.13785 0.15846 -0.29545 0.30936 -0.17698 -0.095115 -0.2157 0.12295 -0.28448 0.38327 -0.077058 0.099285 -0.43026 0.086612 -0.010942 -0.43882 -0.073098 0.18627 -0.75261 0.095488 0.052732 -0.76649 -0.080047 0.10813 -0.80367 0.075025 -0.021937 -0.81909 -0.0035247 -0.0482 0.6033
-0.15354 -0.0088353 0.31727 0.10443 -0.066638 0.30848 -0.018496 -0.025478 0.40806 -0.0030816 -0.0057868 0.068281 -0.051303 -0.00085317 -0.054424 0.055403 -0.00085317 -0.050242 -0.26153 0.0049795 0.074768 0.2762 -0.19047 0.14799 -0.19297 -0.074612 -0.13768 0.15443 -0.30895 0.31338 -0.1764 -0.097718 -0.21532 0.12012 -0.29842 0.38786 -0.077275 0.09924 -0.43025 0.087668 -0.010685 -0.43858 -0.074188 0.18619 -0.75261 0.095865 0.051675 -0.76648 -0.080593 0.1079 -0.8035 0.075636 -0.022972 -0.8192 -0.0040537 -0.048875 0.6034
-0.15311 -0.010358 0.31723 0.1045 -0.068498 0.30787 -0.018053 -0.027377 0.40795 -0.0030152 -0.00597 0.068263 -0.051241 -0.0010466 -0.054473 0.05558 -0.0010466 -0.050031 -0.26135 0.002718 0.074753 0.27258 -0.20385 0.15333 -0.1921 -0.076862 -0.13747 0.15011 -0.32272 0.31826 -0.17544 -0.10075 -0.21482 0.11739 -0.31257 0.39343 -0.077585 0.099156 -0.43023 0.088812 -0.010099 -0.43829 -0.075575 0.18601 -0.75262 0.096209 0.050891 -0.76645 -0.081416 0.10758 -0.80336 0.076283 -0.023757 -0.81928 -0.0045715 -0.049634 0.6035
-0.15254 -0.012064 0.31725 0.10473 -0.07066 0.30733 -0.017423 -0.029364 0.40784 -0.0029263 -0.0061682 0.068244 -0.051177 -0.0012718 -0.054521 0.055786 -0.0012718 -0.049785 -0.26093 0.00021479 0.074741 0.2687 -0.21735 0.15932 -0.19096 -0.07936 -0.13725 0.14573 -0.33677 0.32382 -0.17413 -0.10416 -0.21424 0.11493 -0.32698 0.39981 -0.077978 0.099032 -0.43021 0.090014 -0.0092043 -0.43798 -0.077229 0.18571 -0.75263 0.096507 0.050373 -0.76639 -0.082487 0.10717 -0.80324 0.076949 -0.0243 -0.81933 -0.0050649 -0.050474 0.60359
-0.15182 -0.013925 0.31732 0.10513 -0.073091 0.30683 -0.0166 -0.031424 0.40772 -0.0028179 -0.0063776 0.068225 -0.051114 -0.0015193 -0.054569 0.056014 -0.0015193 -0.049513 -0.26019 -0.0024798 0.074718 0.26467 -0.23083 0.16588 -0.18955 -0.082091 -0.13703 0.14152 -0.3511 0.32991 -0.17245 -0.10788 -0.21362 0.11294 -0.34172 0.40677 -0.078446 0.098864 -0.43018 0.091243 -0.0080196 -0.43764 -0.07912 0.18532 -0.75266 0.096745 0.050114 -0.76632 -0.083774 0.10667 -0.80314 0.077616 -0.024606 -0.81935 -0.0055204 -0.051391 0.60367
-0.15096 -0.015917 0.31746 0.10569 -0.075753 0.30637 -0.015579 -0.033545 0.40759 -0.0026929 -0.0065945 0.068207 -0.051054 -0.0017796 -0.054614 0.056258 -0.0017796 -0.049223 -0.25908 -0.0053154 0.074667 0.26062 -0.24412 0.17293 -0.18787 -0.085038 -0.13685 0.13771 -0.3657 0.33635 -0.17042 -0.11187 -0.213 0.1116 -0.35683 0.41414 -0.078979 0.098652 -0.43016 0.092466 -0.0065649 -0.43728 -0.081217 0.18482 -0.7527 0.096909 0.050107 -0.76623 -0.085246 0.10608 -0.80308 0.078266 -0.024681 -0.81934 -0.0059247 -0.052381 0.60373
-0.14995 -0.018014 0.31765 0.10641 -0.078611 0.30592 -0.014355 -0.035711 0.40745 -0.0025541 -0.0068152 0.068189 -0.050998 -0.0020432 -0.054656 0.05651 -0.0020432 -0.048922 -0.25752 -0.0082418 0.074574 0.25665 -0.25709 0.1804 -0.18591 -0.088186 -0.13673 0.13453 -0.38056 0.34299 -0.16803 -0.11606 -0.21241 0.11111 -0.37238 0.4217 -0.07957 0.098391 -0.43015 0.093654 -0.0048598 -0.43691 -0.083489 0.18424 -0.75276 0.096986 0.050346 -0.76613 -0.086872 0.10541 -0.80305 0.078882 -0.024531 -0.8193 -0.0062643 -0.053439 0.60377
-0.14878 -0.020189 0.31791 0.10728 -0.081629 0.30547 -0.012924 -0.037909 0.4073 -0.0024046 -0.0070359 0.068174 -0.050949 -0.0023005 -0.054695 0.056765 -0.0023005 -0.04862 -0.25545 -0.011209 0.074425 0.25289 -0.26956 0.18821 -0.18368 -0.091518 -0.13669 0.13222 -0.3957 0.34966 -0.16529 -0.12039 -0.21189 0.11165 -0.38842 0.42927 -0.080208 0.098079 -0.43015 0.094775 -0.0029241 -0.43654 -0.085907 0.18356 -0.75284 0.096962 0.050823 -0.76602 -0.088621 0.10466 -0.80305 0.079445 -0.024162 -0.81923 -0.0065257 -0.054562 0.60378
-0.14745 -0.022417 0.31824 0.1083 -0.084772 0.305 -0.011279 -0.040125 0.40714 -0.0022471 -0.0072529 0.068161 -0.050907 -0.002542 -0.054728 0.057016 -0.002542 -0.048324 -0.2528 -0.014166 0.074204 0.24947 -0.28141 0.19628 -0.18118 -0.09502 -0.13675 0.13101 -0.41111 0.35618 -0.1622 -0.12481 -0.21148 0.11341 -0.405 0.43665 -0.080886 0.097714 -0.43017 0.095797 -0.00077751 -0.43617 -0.088439 0.18281 -0.75294 0.096824 0.051532 -0.76591 -0.090461 0.10384 -0.8031 0.079938 -0.023581 -0.81914 -0.0066955 -0.055745 0.60375
-0.14595 -0.024672 0.31864 0.10946 -0.088004 0.30449 -0.009416 -0.042345 0.40697 -0.0020845 -0.0074625 0.068151 -0.050877 -0.0027582 -0.054755 0.057257 -0.0027582 -0.048042 -0.2495 -0.017062 0.073896 0.24649 -0.29246 0.20454 -0.17841 -0.098675 -0.13694 0.13113 -0.42678 0.36239 -0.15877 -0.12926 -0.21121 0.11658 -0.4222 0.44363 -0.081594 0.097293 -0.43022 0.09669 0.0015602 -0.43581 -0.091055 0.18197 -0.75306 0.096557 0.052466 -0.76579 -0.092361 0.10294 -0.80318 0.080344 -0.022792 -0.81903 -0.0067603 -0.056985 0.60369
-0.14428 -0.026929 0.31912 0.11077 -0.091289 0.30393 -0.0073295 -0.044554 0.4068 -0.0019197 -0.007661 0.068146 -0.050858 -0.0029396 -0.054776 0.05748 -0.0029396 -0.047782 -0.2455 -0.019849 0.073488 0.24407 -0.30256 0.21291 -0.17536 -0.10247 -0.13728 0.13282 -0.44272 0.36814 -0.15499 -0.13369 -0.21112 0.12135 -0.44005 0.45002 -0.082324 0.096814 -0.4303 0.097422 0.0040696 -0.43547 -0.093726 0.18105 -0.7532 0.096149 0.053617 -0.76568 -0.094292 0.10198 -0.8033 0.080643 -0.021803 -0.8189 -0.0067063 -0.058276 0.60358
-0.14242 -0.02917 0.31965 0.11223 -0.0946 0.30329 -0.0050144 -0.046749 0.40661 -0.001749 -0.007849 0.068143 -0.050853 -0.0030766 -0.054789 0.057683 -0.0030766 -0.04755 -0.24078 -0.022498 0.072976 0.24229 -0.31167 0.22129 -0.17204 -0.10639 -0.13776 0.1362 -0.45881 0.37328 -0.15089 -0.13807 -0.2112 0.12783 -0.45846 0.45566 -0.08309 0.096268 -0.4304 0.097979 0.0067421 -0.43515 -0.096454 0.18005 -0.75337 0.09559 0.054976 -0.76557 -0.096273 0.10094 -0.80346 0.080819 -0.020618 -0.81875 -0.0065114 -0.059624 0.60342
-0.14037 -0.031391 0.32023 0.11385 -0.097919 0.30259 -0.0024661 -0.048933 0.40639 -0.00156 -0.0080328 0.068142 -0.050863 -0.0031593 -0.05479 0.057864 -0.0031593 -0.047343 -0.23545 -0.025012 0.072375 0.24116 -0.31982 0.22952 -0.16848 -0.11045 -0.13833 0.14132 -0.47481 0.37774 -0.14651 -0.14242 -0.21141 0.13603 -0.47715 0.46043 -0.083942 0.095639 -0.43053 0.098365 0.0095838 -0.43485 -0.09929 0.17891 -0.75355 0.094882 0.056524 -0.76546 -0.098399 0.099773 -0.80366 0.08085 -0.019242 -0.8186 -0.0061408 -0.061042 0.60321
-0.13811 -0.03359 0.32083 0.11565 -0.10123 0.30179 0.00032032 -0.051115 0.40614 -0.0013396 -0.0082193 0.068137 -0.050889 -0.0031781 -0.054778 0.058024 -0.0031781 -0.047162 -0.22959 -0.027396 0.071701 0.24069 -0.32708 0.23746 -0.16469 -0.11465 -0.13893 0.14816 -0.49045 0.38145 -0.14186 -0.14677 -0.21167 0.14596 -0.49579 0.46422 -0.084928 0.09491 -0.43066 0.098588 0.012602 -0.43456 -0.10229 0.17759 -0.75375 0.094022 0.058245 -0.76535 -0.10077 0.098452 -0.80388 0.080716 -0.017678 -0.81846 -0.0055593 -0.062545 0.60294
-0.13561 -0.035763 0.32142 0.11765 -0.10451 0.30091 0.0033496 -0.0533 0.40586 -0.0010748 -0.0084154 0.068127 -0.050933 -0.0031231 -0.054749 0.058163 -0.0031231 -0.047005 -0.22331 -0.029654 0.070969 0.24088 -0.33352 0.24497 -0.1607 -0.119 -0.1395 0.15675 -0.50547 0.38433 -0.137 -0.15115 -0.21194 0.15762 -0.51408 0.46692 -0.0861 0.094065 -0.43079 0.098657 0.015805 -0.43427 -0.1055 0.17606 -0.75395 0.093011 0.060121 -0.76524 -0.10348 0.096933 -0.80413 0.080397 -0.01593 -0.81833 -0.0047315 -0.064149 0.6026
-0.13287 -0.037906 0.32198 0.11986 -0.10776 0.29993 0.0066266 -0.055496 0.40552 -0.00075247 -0.0086277 0.068107 -0.050994 -0.0029846 -0.054702 0.058279 -0.0029846 -0.046872 -0.2167 -0.031791 0.070194 0.24173 -0.33919 0.25189 -0.15652 -0.1235 -0.13999 0.16709 -0.5196 0.3863 -0.13196 -0.15559 -0.21216 0.17103 -0.53169 0.46842 -0.087508 0.093087 -0.43091 0.098577 0.019199 -0.43399 -0.10899 0.17427 -0.75415 0.09185 0.062135 -0.76511 -0.10662 0.095179 -0.8044 0.079873 -0.014003 -0.81824 -0.0036221 -0.06587 0.60219
-0.12986 -0.040016 0.32248 0.1223 -0.11094 0.29885 0.010156 -0.057709 0.40512 -0.00035954 -0.0088632 0.068075 -0.051076 -0.0027529 -0.054633 0.058373 -0.0027529 -0.046762 -0.20985 -0.033813 0.069392 0.24326 -0.34417 0.25808 -0.15218 -0.12816 -0.14033 0.17919 -0.5326 0.38731 -0.12677 -0.16012 -0.21226 0.18619 -0.54833 0.46859 -0.089202 0.09196 -0.43101 0.098357 0.022792 -0.4337 -0.1128 0.17218 -0.75433 0.090536 0.064269 -0.76498 -0.1103 0.093148 -0.80467 0.079123 -0.0119 -0.81819 -0.0021955 -0.067721 0.6017
-0.12658 -0.042091 0.3229 0.12499 -0.11405 0.29766 0.013943 -0.059947 0.40466 0.00011705 -0.0091287 0.068028 -0.051177 -0.0024181 -0.054541 0.058444 -0.0024181 -0.046674 -0.20287 -0.035724 0.06858 0.24546 -0.34851 0.26338 -0.14769 -0.13298 -0.14047 0.19307 -0.54418 0.38726 -0.12148 -0.16475 -0.21219 0.2031 -0.56368 0.46734 -0.091232 0.090666 -0.43108 0.098004 0.026592 -0.4334 -0.11699 0.16973 -0.75451 0.089071 0.066507 -0.76483 -0.11462 0.090804 -0.80496 0.078128 -0.0096251 -0.81819 -0.00041654 -0.069719 0.60112
-0.12301 -0.044126 0.32322 0.12793 -0.11708 0.29634 0.017992 -0.062214 0.40412 0.00069037 -0.009431 0.067962 -0.051301 -0.0019705 -0.054421 0.058493 -0.0019705 -0.046606 -0.19584 -0.03753 0.067771 0.24835 -0.35228 0.26766 -0.14308 -0.13798 -0.14036 0.20872 -0.5541 0.3861 -0.11611 -0.16953 -0.21189 0.22178 -0.57742 0.46455 -0.093648 0.089189 -0.43111 0.097526 0.030606 -0.43309 -0.12161 0.1669 -0.75466 0.087454 0.068831 -0.76466 -0.11966 0.088106 -0.80524 0.076866 -0.0071831 -0.81825 0.0017503 -0.071879 0.60046
-0.11913 -0.046118 0.32341 0.13116 -0.11999 0.2949 0.022307 -0.06452 0.40349 0.0013734 -0.0097768 0.067875 -0.051447 -0.0014003 -0.054272 0.058519 -0.0014003 -0.046559 -0.18888 -0.039234 0.066983 0.25193 -0.35555 0.27075 -0.13837 -0.14315 -0.13992 0.22617 -0.56209 0.38373 -0.11071 -0.17447 -0.21129 0.24222 -0.58925 0.4601 -0.096501 0.087512 -0.43109 0.09693 0.03484 -0.43276 -0.12671 0.16364 -0.75478 0.085686 0.071223 -0.76447 -0.12554 0.085015 -0.80551 0.075319 -0.0045776 -0.81839 0.0043401 -0.074215 0.5997
-0.11494 -0.048062 0.32345 0.13467 -0.12278 0.29333 0.026881 -0.066858 0.40277 0.00217 -0.010168 0.067765 -0.051616 -0.00070743 -0.054092 0.058522 -0.00070743 -0.046531 -0.18204 -0.040837 0.066225 0.25618 -0.35835 0.27261 -0.13357 -0.14847 -0.13915 0.24532 -0.56802 0.38017 -0.1053 -0.17958 -0.21038 0.26432 -0.59899 0.454 -0.099804 0.085633 -0.431 0.096221 0.039286 -0.43241 -0.13231 0.15994 -0.75486 0.08377 0.073665 -0.76427 -0.13226 0.081521 -0.80577 0.07348 -0.0018226 -0.81861 0.0073631 -0.076727 0.59884
-0.11049 -0.049943 0.32338 0.13841 -0.12543 0.29164 0.031678 -0.069207 0.40196 0.0030659 -0.010595 0.067634 -0.051809 9.0267e-05 -0.053881 0.058504 9.0267e-05 -0.046521 -0.17535 -0.042326 0.065504 0.26105 -0.36069 0.27333 -0.12871 -0.15388 -0.13808 0.26587 -0.57202 0.37557 -0.099896 -0.18477 -0.20919 0.28778 -0.60673 0.44648 -0.1035 0.083578 -0.43086 0.0954 0.043901 -0.43204 -0.13833 0.15583 -0.75491 0.081721 0.076137 -0.76404 -0.13971 0.077662 -0.806 0.071376 0.0010491 -0.8189 0.010781 -0.079382 0.5979
-0.10581 -0.051748 0.32319 0.14235 -0.12794 0.28985 0.036661 -0.07154 0.40109 0.004045 -0.011049 0.067485 -0.052025 0.00097266 -0.053639 0.058466 0.00097266 -0.046528 -0.16883 -0.043688 0.06482 0.26646 -0.3626 0.27305 -0.1238 -0.15929 -0.13676 0.28752 -0.57426 0.37007 -0.094513 -0.18997 -0.20776 0.31228 -0.61259 0.43777 -0.10752 0.081375 -0.43066 0.094469 0.048639 -0.43165 -0.14467 0.15139 -0.75492 0.079556 0.078618 -0.76379 -0.14773 0.073486 -0.8062 0.069036 0.0040024 -0.81924 0.01455 -0.082144 0.59687
-0.10096 -0.053463 0.3229 0.14645 -0.1303 0.28796 0.041792 -0.073831 0.40014 0.005091 -0.011519 0.067319 -0.052263 0.0019197 -0.053365 0.058409 0.0019197 -0.046551 -0.16249 -0.04491 0.064177 0.27236 -0.36406 0.27188 -0.11887 -0.16462 -0.13523 0.30995 -0.57489 0.36386 -0.089162 -0.19511 -0.20615 0.33747 -0.6167 0.42812 -0.1118 0.079054 -0.4304 0.093429 0.053452 -0.43126 -0.15125 0.14665 -0.75488 0.07729 0.081086 -0.76353 -0.15619 0.069038 -0.80636 0.066487 0.0070022 -0.81962 0.018625 -0.084978 0.59578
-0.095971 -0.055074 0.32254 0.15066 -0.13248 0.286 0.047035 -0.076053 0.39915 0.0061878 -0.011995 0.067141 -0.052523 0.0029112 -0.053061 0.058334 0.0029112 -0.046589 -0.15636 -0.045979 0.063578 0.27866 -0.36509 0.26994 -0.11394 -0.16981 -0.13355 0.33284 -0.57406 0.35708 -0.083856 -0.2001 -0.20439 0.36303 -0.61917 0.41778 -0.11627 0.076642 -0.43007 0.09228 0.058295 -0.43086 -0.15798 0.14168 -0.7548 0.074939 0.083521 -0.76326 -0.16495 0.064366 -0.80646 0.063759 0.010013 -0.82002 0.022964 -0.087846 0.59464
-0.090891 -0.056568 0.32212 0.15495 -0.13448 0.28396 0.05235 -0.078182 0.3981 0.0073192 -0.012468 0.066951 -0.052805 0.0039271 -0.052725 0.058243 0.0039271 -0.046642 -0.15044 -0.046881 0.063026 0.28532 -0.36569 0.26737 -0.10901 -0.17476 -0.13175 0.35588 -0.57196 0.34992 -0.078607 -0.20486 -0.20254 0.38864 -0.62013 0.40699 -0.12087 0.074169 -0.42969 0.091023 0.063122 -0.43045 -0.16477 0.13653 -0.75466 0.072519 0.085902 -0.76298 -0.17385 0.059514 -0.80649 0.06088 0.013001 -0.82042 0.027521 -0.090714 0.59344
-0.085763 -0.057931 0.32165 0.15928 -0.13628 0.28187 0.057701 -0.08019 0.39702 0.008469 -0.012928 0.066753 -0.053109 0.0049473 -0.052359 0.058137 0.0049473 -0.046707 -0.14477 -0.047604 0.062523 0.29225 -0.36586 0.26429 -0.10411 -0.1794 -0.1299 0.37876 -0.56872 0.34251 -0.073429 -0.20932 -0.20063 0.41395 -0.6197 0.396 -0.12553 0.071663 -0.42924 0.089658 0.067885 -0.43004 -0.17153 0.13125 -0.75446 0.070045 0.088208 -0.76268 -0.18275 0.054531 -0.80645 0.057879 0.015929 -0.82083 0.032253 -0.093545 0.59221
-0.080632 -0.059149 0.32116 0.16359 -0.13788 0.27974 0.063051 -0.082052 0.3959 0.0096209 -0.013365 0.066549 -0.053434 0.0059517 -0.051961 0.058018 0.0059517 -0.046785 -0.13934 -0.048135 0.062073 0.2994 -0.36563 0.26082 -0.099267 -0.18365 -0.12802 0.40116 -0.56451 0.33504 -0.068334 -0.2134 -0.19872 0.43864 -0.61799 0.38505 -0.13018 0.069153 -0.42872 0.088188 0.072539 -0.42964 -0.17818 0.12589 -0.7542 0.067534 0.090418 -0.76239 -0.19152 0.049461 -0.80633 0.054784 0.018764 -0.82121 0.037117 -0.096303 0.59095
-0.07554 -0.060208 0.32065 0.16786 -0.13926 0.27758 0.068361 -0.083742 0.39477 0.010759 -0.013768 0.066341 -0.053779 0.0069202 -0.051533 0.057886 0.0069202 -0.046873 -0.13419 -0.048459 0.061679 0.3067 -0.36498 0.25709 -0.094489 -0.18743 -0.12618 0.42277 -0.5595 0.32767 -0.063335 -0.21702 -0.19684 0.46239 -0.61514 0.3744 -0.13476 0.066668 -0.42814 0.086612 0.077038 -0.42924 -0.18462 0.12051 -0.75388 0.065001 0.092512 -0.76209 -0.2 0.044352 -0.80611 0.051625 0.02147 -0.82155 0.042068 -0.098953 0.58968
-0.070533 -0.061095 0.32014 0.17204 -0.14041 0.27539 0.073594 -0.085234 0.39362 0.011867 -0.014128 0.066132 -0.054145 0.0078328 -0.051074 0.057743 0.0078328 -0.046972 -0.12933 -0.048565 0.061343 0.31409 -0.36393 0.25322 -0.089799 -0.19067 -0.12441 0.44327 -0.55383 0.32055 -0.058444 -0.22009 -0.19505 0.48486 -0.61125 0.36428 -0.1392 0.064237 -0.4275 0.084932 0.081334 -0.42886 -0.19077 0.11517 -0.7535 0.062462 0.094467 -0.76179 -0.20806 0.039249 -0.80578 0.04843 0.024012 -0.82185 0.047062 -0.10146 0.5884
-0.065653 -0.061795 0.31966 0.17608 -0.14133 0.2732 0.078713 -0.086501 0.39247 0.012928 -0.014435 0.065925 -0.054531 0.0086693 -0.050584 0.05759 0.0086693 -0.04708 -0.12477 -0.048439 0.061068 0.32148 -0.36249 0.24934 -0.085215 -0.19328 -0.12277 0.46235 -0.54768 0.31385 -0.053673 -0.22255 -0.19338 0.50572 -0.60646 0.35495 -0.14344 0.061888 -0.42678 0.083149 0.085382 -0.42848 -0.19653 0.10991 -0.75304 0.059932 0.096264 -0.76149 -0.21554 0.034199 -0.80534 0.045228 0.026354 -0.82208 0.052055 -0.10378 0.58712
-0.060944 -0.062295 0.31922 0.17995 -0.14198 0.27101 0.08368 -0.087519 0.39132 0.013927 -0.014679 0.065721 -0.054937 0.0094096 -0.050063 0.057429 0.0094096 -0.047195 -0.12054 -0.048068 0.060857 0.32883 -0.36065 0.24557 -0.080757 -0.19519 -0.12131 0.4797 -0.54119 0.30773 -0.049037 -0.22431 -0.19189 0.52464 -0.60088 0.34664 -0.1474 0.059649 -0.42601 0.081262 0.089135 -0.42813 -0.20183 0.1048 -0.7525 0.057429 0.097881 -0.76119 -0.22232 0.029248 -0.80477 0.042047 0.028462 -0.82223 0.057003 -0.10589 0.58586
-0.05645 -0.062581 0.31882 0.18361 -0.14238 0.26884 0.088457 -0.08826 0.39019 0.014846 -0.01485 0.065524 -0.055362 0.010034 -0.049512 0.057261 0.010034 -0.047318 -0.11665 -0.047438 0.060713 0.33606 -0.35843 0.24203 -0.076443 -0.19632 -0.12006 0.495 -0.53454 0.30236 -0.044546 -0.2253 -0.19062 0.54129 -0.59463 0.3396 -0.15103 0.057551 -0.42516 0.079274 0.092546 -0.4278 -0.20656 0.099874 -0.75189 0.054966 0.099298 -0.7609 -0.22823 0.024443 -0.80407 0.038916 0.030301 -0.82228 0.061863 -0.10774 0.58462
-0.052214 -0.06264 0.3185 0.18701 -0.14249 0.2667 0.093007 -0.088699 0.38908 0.015671 -0.014938 0.065336 -0.055807 0.010521 -0.04893 0.057087 0.010521 -0.047447 -0.11311 -0.046537 0.060639 0.34311 -0.35584 0.23885 -0.072291 -0.19659 -0.11908 0.50794 -0.52788 0.29791 -0.040214 -0.22543 -0.18961 0.55535 -0.58784 0.33408 -0.15426 0.055621 -0.42424 0.077185 0.09557 -0.42749 -0.21065 0.095199 -0.7512 0.052561 0.10049 -0.76062 -0.23314 0.019829 -0.80322 0.035865 0.031836 -0.82223 0.06659 -0.1093 0.58341
-0.048281 -0.062456 0.31826 0.19012 -0.14232 0.2646 0.097292 -0.08881 0.388 0.016385 -0.014934 0.065159 -0.05627 0.010852 -0.048317 0.056909 0.010852 -0.04758 -0.10995 -0.045352 0.060638 0.34992 -0.35287 0.23615 -0.068322 -0.19592 -0.11842 0.5182 -0.52136 0.29452 -0.036054 -0.22463 -0.18891 0.56648 -0.58062 0.33033 -0.15701 0.053888 -0.42326 0.074996 0.09816 -0.42721 -0.21399 0.090826 -0.75042 0.050229 0.10145 -0.76034 -0.23691 0.015454 -0.80221 0.03292 0.033031 -0.82206 0.07114 -0.11054 0.58225
-0.044694 -0.062018 0.31813 0.19289 -0.14185 0.26255 0.10128 -0.088566 0.38696 0.016971 -0.014826 0.064996 -0.056751 0.011007 -0.047674 0.056727 0.011007 -0.047718 -0.10718 -0.043868 0.060713 0.3564 -0.34953 0.23406 -0.064554 -0.19423 -0.11812 0.52548 -0.51516 0.29237 -0.032078 -0.22282 -0.18857 0.57435 -0.5731 0.32859 -0.15923 0.052382 -0.4222 0.072708 0.10027 -0.42696 -0.21652 0.086808 -0.74955 0.047986 0.10214 -0.76008 -0.23939 0.011363 -0.80104 0.030112 0.033851 -0.82175 0.07547 -0.11142 0.58114
-0.041496 -0.061311 0.31812 0.19528 -0.14106 0.26057 0.10492 -0.087942 0.38598 0.017414 -0.014606 0.06485 -0.05725 0.010965 -0.047001 0.056543 0.010965 -0.047859 -0.10482 -0.042074 0.060866 0.36251 -0.34584 0.23271 -0.061005 -0.19145 -0.11822 0.52945 -0.50943 0.29162 -0.028299 -0.21992 -0.18863 0.57863 -0.5654 0.32911 -0.16085 0.05113 -0.42108 0.070321 0.10185 -0.42675 -0.21812 0.083198 -0.74859 0.045847 0.10254 -0.75984 -0.24043 0.0076029 -0.79969 0.027469 0.034262 -0.82129 0.079536 -0.1119 0.5801
-0.038733 -0.06032 0.31824 0.19725 -0.13995 0.25867 0.10818 -0.086912 0.38505 0.017697 -0.014264 0.064722 -0.057767 0.010706 -0.046297 0.056359 0.010706 -0.048001 -0.10289 -0.039955 0.061101 0.36816 -0.34179 0.23221 -0.057696 -0.18749 -0.11879 0.5298 -0.50432 0.29243 -0.024729 -0.21585 -0.18913 0.579 -0.55764 0.33212 -0.1618 0.050161 -0.41988 0.067837 0.10286 -0.42658 -0.21873 0.080052 -0.74753 0.043829 0.10264 -0.75961 -0.2399 0.0042199 -0.79815 0.02502 0.034227 -0.82066 0.083293 -0.11195 0.57913
