-0.1052 -0.02865 0.3199 0.16627 -0.027714 0.31505 0.032247 -0.0567 0.40401 0.0065307 -0.01149 0.067312 -0.053942 0.0055517 -0.051522 0.053775 0.0055517 -0.051696 -0.1194 -0.00097084 0.055923 0.26814 -0.0067897 0.070441 -0.1239 -0.035579 -0.17849 0.25019 -0.039655 -0.16358 -0.1214 -0.065451 -0.25557 0.24469 -0.053972 -0.24485 -0.09943 0.055414 -0.43543 0.068548 0.069236 -0.43598 -0.10771 0.21335 -0.7295 0.027733 0.11726 -0.76387 -0.17953 0.23137 -0.78676 0.02723 0.036013 -0.81035 -0.0068588 -0.14424 0.57641
-0.10406 -0.030992 0.31873 0.1658 -0.034373 0.31293 0.032418 -0.062561 0.40311 0.0066951 -0.012021 0.067203 -0.053906 0.0058815 -0.05152 0.053839 0.0058815 -0.051582 -0.11766 -0.0045961 0.054606 0.26782 -0.012099 0.068508 -0.12702 -0.04703 -0.17832 0.24678 -0.042363 -0.16561 -0.12542 -0.073325 -0.25668 0.23911 -0.057775 -0.2465 -0.10784 0.043274 -0.43568 0.069261 0.068515 -0.43601 -0.11429 0.20405 -0.7281 0.024907 0.12154 -0.76267 -0.18295 0.2271 -0.78576 0.024002 0.040501 -0.8095 -0.00962 -0.15324 0.57312
-0.10351 -0.031264 0.32038 0.16647 -0.037321 0.31125 0.033823 -0.064891 0.40268 0.0068679 -0.012324 0.06713 -0.054272 0.0059542 -0.051131 0.053657 0.0059542 -0.051781 -0.11918 -0.0043179 0.05641 0.26911 -0.01499 0.067079 -0.13044 -0.052651 -0.17536 0.24658 -0.04204 -0.16729 -0.13327 -0.08046 -0.25321 0.23761 -0.059003 -0.24774 -0.11313 0.034617 -0.43542 0.069861 0.067664 -0.43632 -0.12073 0.19433 -0.72862 0.022831 0.12467 -0.76195 -0.19173 0.21628 -0.78637 0.021431 0.043805 -0.80906 -0.010471 -0.15726 0.57129
-0.10335 -0.032579 0.32069 0.16593 -0.040588 0.3098 0.033942 -0.068608 0.40206 0.0069633 -0.012713 0.067047 -0.054462 0.0061056 -0.050912 0.053574 0.0061056 -0.051851 -0.12064 -0.0066756 0.056713 0.26818 -0.018871 0.065416 -0.13432 -0.059087 -0.17404 0.2447 -0.042544 -0.16923 -0.1441 -0.088528 -0.25074 0.23466 -0.060495 -0.24933 -0.11795 0.028411 -0.43488 0.070294 0.067345 -0.43645 -0.13012 0.18097 -0.7317 0.021056 0.12739 -0.7612 -0.20396 0.19276 -0.78895 0.019183 0.046761 -0.80869 -0.013399 -0.1626 0.56893
-0.10364 -0.037647 0.31606 0.1619 -0.047852 0.30841 0.03033 -0.078055 0.4006 0.0068895 -0.013469 0.066912 -0.05398 0.0066279 -0.051343 0.053895 0.0066279 -0.051413 -0.11965 -0.01738 0.051522 0.26164 -0.026727 0.062961 -0.13915 -0.072161 -0.17818 0.23681 -0.047348 -0.17183 -0.15714 -0.098955 -0.25419 0.22533 -0.064791 -0.25185 -0.12467 0.023664 -0.43427 0.070503 0.068098 -0.43598 -0.14529 0.16102 -0.7378 0.019157 0.13036 -0.75997 -0.21828 0.15206 -0.79361 0.016919 0.0501 -0.8081 -0.022096 -0.17481 0.56427
-0.1074 -0.044776 0.30878 0.1532 -0.05892 0.3073 0.021356 -0.091223 0.39834 0.0064912 -0.014533 0.066724 -0.05321 0.0073329 -0.052058 0.054475 0.0073329 -0.050735 -0.12368 -0.033017 0.043743 0.25112 -0.03686 0.061178 -0.14892 -0.088633 -0.18525 0.22455 -0.055662 -0.17358 -0.17279 -0.11046 -0.26137 0.21178 -0.071083 -0.25382 -0.13278 0.019813 -0.43345 0.070411 0.06911 -0.43528 -0.16668 0.13439 -0.74525 0.016973 0.13311 -0.7586 -0.23946 0.10767 -0.79778 0.014216 0.053409 -0.8076 -0.03701 -0.1911 0.55813
-0.11673 -0.050904 0.30271 0.1401 -0.070897 0.30621 0.0073565 -0.10326 0.39571 0.005594 -0.015741 0.066511 -0.052741 0.0080306 -0.052452 0.055262 0.0080306 -0.049875 -0.14025 -0.046526 0.03804 0.24074 -0.04466 0.061549 -0.16651 -0.10132 -0.19109 0.21297 -0.063394 -0.17307 -0.19087 -0.12035 -0.26785 0.19976 -0.076052 -0.25371 -0.14034 0.017772 -0.43219 0.070434 0.06963 -0.43448 -0.19186 0.10257 -0.75137 0.015155 0.13521 -0.75721 -0.26908 0.074013 -0.79893 0.011607 0.056181 -0.80717 -0.055471 -0.20533 0.55242
-0.1236 -0.057989 0.2939 0.12589 -0.079804 0.30213 -0.0059729 -0.11336 0.39305 0.0040852 -0.017338 0.066279 -0.051891 0.0096101 -0.052989 0.057555 0.0096101 -0.046676 -0.15456 -0.05823 0.029873 0.23251 -0.045551 0.061131 -0.1827 -0.10926 -0.1998 0.20598 -0.064107 -0.17365 -0.20643 -0.12702 -0.27701 0.19198 -0.074833 -0.25446 -0.14682 0.022816 -0.43079 0.072857 0.072227 -0.43111 -0.21353 0.066474 -0.75459 0.016716 0.13879 -0.7534 -0.28324 0.028111 -0.80072 0.013279 0.060163 -0.80416 -0.07075 -0.21807 0.54716
-0.12876 -0.067947 0.28375 0.11477 -0.086269 0.29982 -0.017024 -0.12232 0.39012 0.0012863 -0.019749 0.065729 -0.050389 0.012089 -0.053923 0.061026 0.012089 -0.041415 -0.1627 -0.068797 0.02011 0.22725 -0.042302 0.063098 -0.19558 -0.11503 -0.20996 0.20543 -0.059187 -0.1723 -0.22046 -0.13067 -0.28727 0.19062 -0.068822 -0.25309 -0.15213 0.034239 -0.42953 0.080047 0.077612 -0.42519 -0.22703 0.031657 -0.75453 0.022052 0.14428 -0.74709 -0.27229 -0.031271 -0.80447 0.019897 0.066147 -0.79872 -0.080982 -0.2299 0.5426
-0.14681 -0.080777 0.28258 0.11038 -0.097095 0.31388 -0.031102 -0.13181 0.38606 -0.0039636 -0.023372 0.064245 -0.048853 0.014046 -0.054915 0.062853 0.014046 -0.038192 -0.1815 -0.077021 0.019106 0.22476 -0.046696 0.079216 -0.21651 -0.12331 -0.21076 0.2104 -0.060633 -0.1569 -0.24257 -0.13371 -0.28858 0.19751 -0.067866 -0.23829 -0.15613 0.042247 -0.42864 0.092296 0.08275 -0.42088 -0.23305 0.0095055 -0.75239 0.027573 0.14917 -0.74209 -0.25441 -0.065532 -0.80651 0.026479 0.072662 -0.79543 -0.092009 -0.23947 0.53972
-0.17192 -0.094744 0.28729 0.10823 -0.11147 0.33779 -0.046446 -0.14266 0.38068 -0.0093082 -0.027048 0.062358 -0.046782 0.015757 -0.056193 0.062969 0.015757 -0.037163 -0.20562 -0.082871 0.023898 0.22366 -0.056018 0.10488 -0.24397 -0.12988 -0.20519 0.21668 -0.06708 -0.13176 -0.26854 -0.13775 -0.28375 0.20899 -0.07179 -0.21396 -0.15725 0.046174 -0.42877 0.093905 0.084768 -0.41952 -0.23186 0.00084678 -0.75103 0.035086 0.15366 -0.74082 -0.23702 -0.073547 -0.80752 0.034083 0.076698 -0.7942 -0.10386 -0.24789 0.53735
-0.19043 -0.10782 0.2894 0.10148 -0.125 0.35617 -0.058553 -0.15491 0.3742 -0.011592 -0.029343 0.060977 -0.043555 0.018092 -0.058015 0.062786 0.018092 -0.036366 -0.22069 -0.087473 0.026111 0.22207 -0.061701 0.12799 -0.26837 -0.12974 -0.20205 0.21982 -0.071244 -0.10882 -0.28811 -0.14392 -0.28088 0.21831 -0.074956 -0.19135 -0.15427 0.049665 -0.43039 0.0729 0.083082 -0.42011 -0.22431 -0.00023049 -0.75292 0.047333 0.15907 -0.74324 -0.22051 -0.074163 -0.81011 0.04586 0.079156 -0.79478 -0.11389 -0.25747 0.53336
-0.20537 -0.12014 0.29046 0.091701 -0.13734 0.36753 -0.068826 -0.16775 0.36678 -0.012106 -0.031011 0.059955 -0.04055 0.020332 -0.059496 0.062844 0.020332 -0.035118 -0.2296 -0.093225 0.027146 0.2185 -0.065788 0.14512 -0.28046 -0.13351 -0.20082 0.22073 -0.074132 -0.09174 -0.29962 -0.15323 -0.27887 0.21956 -0.074612 -0.17454 -0.15008 0.051382 -0.43235 0.062047 0.084046 -0.41997 -0.21487 -0.00056964 -0.7558 0.058918 0.16458 -0.74443 -0.20668 -0.073126 -0.81401 0.059202 0.096847 -0.80615 -0.12313 -0.2692 0.52701
-0.21842 -0.13176 0.29192 0.082559 -0.15074 0.37413 -0.077438 -0.18057 0.35893 -0.012006 -0.032666 0.059105 -0.038702 0.022072 -0.060091 0.063075 0.022072 -0.033612 -0.23655 -0.099998 0.028648 0.21534 -0.073097 0.15736 -0.28141 -0.14295 -0.20006 0.22163 -0.077955 -0.079541 -0.30543 -0.16271 -0.27669 0.21292 -0.076011 -0.16196 -0.14356 0.051202 -0.43446 0.07966 0.088348 -0.41758 -0.20257 -0.0016866 -0.75883 0.072772 0.16819 -0.74187 -0.1902 -0.072206 -0.81847 0.076171 0.12839 -0.82488 -0.13175 -0.28241 0.51891
-0.22554 -0.14262 0.29182 0.077273 -0.16901 0.37863 -0.081924 -0.19342 0.35131 -0.011105 -0.034132 0.058464 -0.03772 0.023758 -0.060062 0.062916 0.023758 -0.032738 -0.24251 -0.10494 0.029262 0.2188 -0.087856 0.16874 -0.2849 -0.14563 -0.20032 0.22439 -0.083683 -0.068059 -0.31042 -0.16584 -0.27633 0.20616 -0.091824 -0.1476 -0.12872 0.051527 -0.4379 0.11095 0.088203 -0.41362 -0.17999 0.0014637 -0.76401 0.10219 0.16758 -0.7377 -0.15974 -0.070885 -0.82332 0.10448 0.14642 -0.83062 -0.13817 -0.29517 0.51065
-0.23236 -0.15848 0.28522 0.071516 -0.18987 0.37786 -0.086889 -0.20766 0.34163 -0.010553 -0.035637 0.057655 -0.036919 0.025518 -0.059839 0.062385 0.025518 -0.032436 -0.24946 -0.11496 0.023564 0.22374 -0.10318 0.17798 -0.29211 -0.1509 -0.20679 0.22568 -0.088535 -0.058576 -0.31676 -0.17249 -0.28272 0.20345 -0.11152 -0.13492 -0.11609 0.049271 -0.44079 0.13609 0.086714 -0.41036 -0.15766 0.0059878 -0.76925 0.13018 0.16696 -0.73443 -0.14182 -0.060386 -0.83248 0.13001 0.15309 -0.82688 -0.14553 -0.31096 0.49913
-0.24493 -0.17914 0.2696 0.059704 -0.20747 0.36878 -0.098243 -0.2222 0.32895 -0.011787 -0.037272 0.05637 -0.035871 0.027043 -0.059798 0.061977 0.027043 -0.032005 -0.25849 -0.13253 0.0082733 0.22218 -0.11153 0.18164 -0.29868 -0.16671 -0.22283 0.22287 -0.090801 -0.054565 -0.32475 -0.18816 -0.29839 0.20543 -0.11971 -0.13032 -0.11599 0.04298 -0.44113 0.14547 0.087889 -0.40858 -0.14689 0.0088042 -0.77181 0.13911 0.16913 -0.73244 -0.15928 -0.034846 -0.84824 0.1403 0.16004 -0.8252 -0.15917 -0.33013 0.48256
-0.25286 -0.17535 0.25507 0.045582 -0.21582 0.35906 -0.11315 -0.22605 0.32176 -0.014591 -0.037905 0.055269 -0.035465 0.027316 -0.05994 0.062608 0.027316 -0.030444 -0.26572 -0.12858 -0.0062704 0.21768 -0.12287 0.17919 -0.30614 -0.15694 -0.23801 0.22463 -0.098553 -0.056361 -0.33383 -0.17549 -0.31358 0.20886 -0.12748 -0.13207 -0.1086 0.046262 -0.44208 0.16677 0.078557 -0.40179 -0.12898 0.020869 -0.7744 0.16383 0.16106 -0.72528 -0.15565 -0.011953 -0.86061 0.16718 0.15407 -0.8187 -0.18266 -0.33369 0.47154
-0.25313 -0.15041 0.24319 0.032134 -0.21808 0.35269 -0.12778 -0.22202 0.31914 -0.017746 -0.037757 0.054445 -0.03504 0.026853 -0.0604 0.063962 0.026853 -0.027953 -0.27125 -0.10528 -0.018122 0.2134 -0.13903 0.17513 -0.31657 -0.12579 -0.24983 0.23231 -0.11159 -0.059452 -0.34451 -0.14015 -0.32621 0.21136 -0.13956 -0.13433 -0.091582 0.058484 -0.44462 0.20331 0.059859 -0.39001 -0.10144 0.039925 -0.77786 0.20817 0.144 -0.71308 -0.123 0.0040098 -0.86332 0.21267 0.1364 -0.8063 -0.21036 -0.32414 0.4662
-0.25531 -0.15022 0.22352 0.019275 -0.22734 0.3465 -0.13943 -0.2302 0.30785 -0.019451 -0.038831 0.053104 -0.032018 0.027976 -0.061491 0.064312 0.027976 -0.026044 -0.28073 -0.10665 -0.037439 0.20888 -0.14854 0.17785 -0.33076 -0.13154 -0.26767 0.23596 -0.11821 -0.055721 -0.35838 -0.14381 -0.34517 0.21244 -0.14674 -0.12979 -0.089699 0.059575 -0.44583 0.222 0.052835 -0.38229 -0.087312 0.045958 -0.77947 0.22856 0.13871 -0.70491 -0.12539 0.027911 -0.85861 0.23477 0.12992 -0.79787 -0.22718 -0.33199 0.45239
-0.26061 -0.16849 0.20387 0.0096404 -0.24184 0.33955 -0.1468 -0.24574 0.29229 -0.020074 -0.040997 0.051203 -0.027169 0.030253 -0.06279 0.064107 0.030253 -0.023871 -0.29229 -0.12615 -0.056621 0.20313 -0.15232 0.18079 -0.34616 -0.1603 -0.2849 0.23344 -0.11969 -0.051985 -0.37334 -0.16532 -0.36269 0.21035 -0.14845 -0.126 -0.10232 0.050969 -0.44471 0.22556 0.055248 -0.37773 -0.085721 0.04158 -0.77805 0.22928 0.14265 -0.69996 -0.14017 0.040665 -0.85436 0.23631 0.13151 -0.79263 -0.23398 -0.35108 0.43447
-0.26712 -0.17875 0.19542 0.004271 -0.2536 0.33211 -0.15137 -0.25477 0.28222 -0.021008 -0.043026 0.049126 -0.022413 0.032082 -0.063774 0.064528 0.032082 -0.020041 -0.30263 -0.13773 -0.064787 0.19402 -0.15642 0.17336 -0.36017 -0.17269 -0.29208 0.22569 -0.12268 -0.059041 -0.38687 -0.15909 -0.3683 0.20248 -0.14885 -0.13394 -0.11779 0.04355 -0.44152 0.23028 0.05513 -0.37197 -0.086356 0.038368 -0.7738 0.23296 0.14366 -0.6939 -0.12387 0.022919 -0.85629 0.23811 0.12801 -0.78601 -0.24017 -0.36187 0.42209
-0.27754 -0.1799 0.18983 -0.0048473 -0.26025 0.32378 -0.16078 -0.25712 0.2746 -0.023205 -0.04395 0.047273 -0.017748 0.032864 -0.064785 0.065394 0.032864 -0.015389 -0.31608 -0.14013 -0.070136 0.17701 -0.16145 0.15678 -0.37523 -0.17131 -0.29747 0.20987 -0.12842 -0.075649 -0.40083 -0.14116 -0.3706 0.18616 -0.15145 -0.15147 -0.13362 0.040833 -0.43692 0.23379 0.049795 -0.36656 -0.0902 0.037661 -0.76811 0.23788 0.13921 -0.68825 -0.11255 0.0091007 -0.85554 0.24064 0.11892 -0.7796 -0.25471 -0.36482 0.41056
-0.28752 -0.18373 0.18064 -0.014165 -0.26311 0.31303 -0.17056 -0.26077 0.26524 -0.025182 -0.04458 0.045653 -0.014794 0.033457 -0.065237 0.065842 0.033457 -0.011795 -0.32785 -0.14387 -0.079053 0.16361 -0.16347 0.14204 -0.3868 -0.17257 -0.30677 0.1948 -0.13127 -0.090735 -0.41158 -0.13625 -0.37699 0.17111 -0.15266 -0.16703 -0.14773 0.036222 -0.43171 0.23295 0.045305 -0.36376 -0.093778 0.03669 -0.76134 0.23763 0.13611 -0.68506 -0.11912 0.012251 -0.84831 0.23938 0.11213 -0.77553 -0.26874 -0.37069 0.39636
-0.2865 -0.20599 0.16858 -0.0088394 -0.26588 0.29827 -0.16509 -0.27652 0.25231 -0.023687 -0.047138 0.04388 -0.016386 0.035657 -0.06376 0.064867 0.035657 -0.011153 -0.32456 -0.16303 -0.090915 0.17787 -0.15665 0.14501 -0.38442 -0.19338 -0.31837 0.19892 -0.12189 -0.088324 -0.41103 -0.15829 -0.38821 0.17637 -0.14346 -0.16491 -0.15755 0.01677 -0.42654 0.22834 0.052269 -0.36468 -0.08792 0.031517 -0.75244 0.22788 0.14618 -0.68506 -0.11487 0.010514 -0.83947 0.23019 0.1188 -0.77453 -0.25928 -0.39289 0.38083
-0.29063 -0.21762 0.15856 -0.01083 -0.26638 0.28664 -0.16673 -0.28505 0.24133 -0.023798 -0.048609 0.042097 -0.015968 0.036694 -0.063133 0.06446 0.036694 -0.0094329 -0.32528 -0.17289 -0.10115 0.18639 -0.15393 0.14837 -0.38687 -0.19907 -0.32844 0.19917 -0.1172 -0.085437 -0.41661 -0.16481 -0.39758 0.17711 -0.13844 -0.16226 -0.16927 0.0019566 -0.41976 0.22391 0.050988 -0.3648 -0.081397 0.029417 -0.74076 0.22102 0.14906 -0.68397 -0.10414 0.005083 -0.82821 0.2229 0.1191 -0.77262 -0.26044 -0.40488 0.36683
-0.316 -0.19079 0.15348 -0.041926 -0.26211 0.28251 -0.1982 -0.26781 0.23647 -0.030445 -0.045877 0.040598 -0.0078972 0.03384 -0.065912 0.066461 0.03384 -0.0029362 -0.34918 -0.14875 -0.10691 0.15541 -0.16718 0.1324 -0.41188 -0.15741 -0.33499 0.17219 -0.13351 -0.10158 -0.44322 -0.11822 -0.40053 0.14843 -0.15195 -0.17859 -0.18754 0.012294 -0.41062 0.22181 0.021474 -0.36005 -0.085531 0.037063 -0.72768 0.22806 0.12447 -0.67761 -0.10207 0.0046504 -0.81379 0.22636 0.093592 -0.76594 -0.30657 -0.38138 0.35541
-0.34135 -0.1627 0.14577 -0.072086 -0.25766 0.27073 -0.2303 -0.25008 0.22839 -0.036609 -0.042849 0.03931 -0.0019772 0.030831 -0.068297 0.068192 0.030831 0.0030088 -0.37043 -0.11961 -0.11482 0.12982 -0.17949 0.11638 -0.43387 -0.11373 -0.34328 0.1513 -0.1492 -0.11771 -0.46352 -0.071243 -0.40797 0.12592 -0.1649 -0.19486 -0.20072 0.026199 -0.40393 0.21509 -0.015022 -0.35511 -0.09368 0.044016 -0.71962 0.23344 0.096998 -0.66908 -0.10535 0.0046518 -0.80382 0.22776 0.066552 -0.75742 -0.35335 -0.35569 0.34105
-0.35195 -0.15679 0.13596 -0.081809 -0.2552 0.24616 -0.24286 -0.24734 0.21757 -0.038649 -0.042368 0.03769 -0.0021174 0.030486 -0.068303 0.068098 0.030486 0.0056577 -0.37449 -0.10761 -0.12423 0.13356 -0.18029 0.10969 -0.43876 -0.097391 -0.35216 0.15443 -0.15112 -0.12459 -0.46447 -0.059074 -0.42094 0.12873 -0.16575 -0.20182 -0.20366 0.028964 -0.40199 0.20561 -0.041279 -0.35188 -0.099631 0.045019 -0.71879 0.23101 0.08372 -0.66042 -0.10943 0.0027847 -0.80177 0.22298 0.054591 -0.74901 -0.37185 -0.34977 0.32618
-0.35015 -0.16483 0.13359 -0.076719 -0.25241 0.21913 -0.23941 -0.25324 0.21555 -0.039201 -0.044122 0.035028 -0.0027128 0.032653 -0.06733 0.066958 0.032653 0.0069794 -0.36917 -0.11199 -0.12636 0.14986 -0.1733 0.10407 -0.43468 -0.10023 -0.3538 0.16916 -0.14457 -0.13039 -0.45757 -0.073754 -0.42827 0.14369 -0.15932 -0.20769 -0.20255 0.023688 -0.40229 0.20422 -0.055284 -0.34753 -0.10122 0.044238 -0.72026 0.22963 0.081966 -0.65103 -0.11188 0.0020906 -0.80312 0.22093 0.054515 -0.74009 -0.36964 -0.35747 0.32111
-0.35588 -0.15497 0.13193 -0.084153 -0.24413 0.20225 -0.2472 -0.24551 0.21388 -0.041552 -0.043562 0.032793 0.0003273 0.032357 -0.067368 0.066805 0.032357 0.0089535 -0.36772 -0.099401 -0.12768 0.15073 -0.17269 0.10083 -0.43446 -0.083614 -0.35453 0.17061 -0.14519 -0.13372 -0.45382 -0.067093 -0.43329 0.1449 -0.15898 -0.2111 -0.20965 0.025815 -0.39546 0.20111 -0.073229 -0.34122 -0.096128 0.047195 -0.70851 0.23209 0.07189 -0.64025 -0.10934 0.0066541 -0.79184 0.22248 0.045068 -0.72941 -0.38056 -0.34612 0.31862
-0.38258 -0.10814 0.12264 -0.12216 -0.2297 0.20134 -0.28416 -0.21095 0.2024 -0.047077 -0.037574 0.032387 0.0075456 0.026249 -0.069345 0.068756 0.026249 0.012483 -0.37707 -0.047442 -0.1359 0.12156 -0.18809 0.10566 -0.44501 -0.023824 -0.36168 0.14512 -0.16315 -0.12884 -0.45794 -0.007936 -0.4419 0.11819 -0.17357 -0.2063 -0.23161 0.045526 -0.37541 0.18513 -0.10682 -0.33404 -0.088994 0.056966 -0.67637 0.23663 0.041529 -0.6283 -0.10496 0.018086 -0.76 0.22426 0.013535 -0.71673 -0.42632 -0.29562 0.30901
-0.4067 -0.064526 0.11347 -0.16007 -0.22262 0.2026 -0.31695 -0.17752 0.19126 -0.05178 -0.031625 0.032406 0.012645 0.020767 -0.070943 0.070198 0.020767 0.015892 -0.38254 0.00027384 -0.14329 0.093396 -0.20535 0.12231 -0.45328 0.030216 -0.36754 0.12104 -0.183 -0.11202 -0.46019 0.045334 -0.4485 0.093135 -0.19063 -0.18952 -0.25383 0.065714 -0.35272 0.1665 -0.13543 -0.32922 -0.10227 0.069177 -0.65049 0.23786 0.018399 -0.61736 -0.11946 0.030655 -0.73405 0.22223 -0.010544 -0.70502 -0.46779 -0.24822 0.29768
-0.41629 -0.030835 0.10891 -0.18443 -0.21529 0.19866 -0.33324 -0.14886 0.18624 -0.054507 -0.026794 0.032052 0.012879 0.017631 -0.071603 0.070622 0.017631 0.017367 -0.3765 0.033441 -0.14595 0.074051 -0.21467 0.13481 -0.45019 0.06863 -0.36845 0.10345 -0.19474 -0.099512 -0.45483 0.079459 -0.4503 0.075268 -0.20049 -0.17705 -0.26532 0.083344 -0.33687 0.14067 -0.15689 -0.32478 -0.12718 0.08151 -0.64089 0.23125 0.0029634 -0.60388 -0.14529 0.042538 -0.72403 0.21229 -0.025267 -0.69111 -0.49065 -0.2085 0.28947
-0.41755 0.025126 0.10728 -0.20704 -0.18179 0.19291 -0.34925 -0.10098 0.18504 -0.057606 -0.018916 0.031632 0.010536 0.012505 -0.072883 0.071928 0.012505 0.016152 -0.3622 0.082606 -0.14623 0.042846 -0.21601 0.11521 -0.4355 0.12797 -0.367 0.070205 -0.19937 -0.11962 -0.44334 0.1363 -0.44889 0.04187 -0.20146 -0.19731 -0.26404 0.11268 -0.33066 0.089422 -0.18962 -0.31412 -0.12662 0.095591 -0.63432 0.21516 -0.033625 -0.58013 -0.14885 0.057448 -0.71693 0.19208 -0.059259 -0.66707 -0.51381 -0.13882 0.28593
-0.41235 0.086628 0.10756 -0.22849 -0.14206 0.19234 -0.36192 -0.048181 0.18545 -0.060244 -0.010192 0.031273 0.008385 0.0056735 -0.074122 0.072657 0.0056735 0.016735 -0.33979 0.13608 -0.1433 0.0083012 -0.21586 0.095639 -0.41682 0.19082 -0.3606 0.033189 -0.20308 -0.13969 -0.43045 0.19879 -0.44178 0.0044926 -0.20158 -0.2172 -0.25756 0.15118 -0.31895 0.034815 -0.2195 -0.29985 -0.11853 0.11625 -0.62051 0.19763 -0.076228 -0.554 -0.14478 0.079747 -0.70251 0.17071 -0.097865 -0.64103 -0.52973 -0.061789 0.28845
-0.40195 0.12969 0.10842 -0.24624 -0.12044 0.19979 -0.36491 -0.0098335 0.18554 -0.061163 -0.0037808 0.030921 0.0082243 -0.0008917 -0.074318 0.071298 -0.0008917 0.02216 -0.31145 0.17409 -0.13744 -0.01697 -0.21925 0.10717 -0.40128 0.23202 -0.34874 0.0098001 -0.21013 -0.12804 -0.41944 0.24035 -0.42899 -0.018991 -0.20646 -0.20519 -0.24973 0.18705 -0.29712 0.00034652 -0.22915 -0.28704 -0.12498 0.14251 -0.60348 0.18482 -0.10271 -0.53544 -0.15321 0.10744 -0.68493 0.15694 -0.11932 -0.62342 -0.52887 -0.007534 0.2953
-0.39183 0.16508 0.10687 -0.26251 -0.10339 0.20462 -0.36553 0.022993 0.1837 -0.061566 0.0016217 0.030368 0.0091275 -0.0061644 -0.074082 0.069869 -0.0061644 0.026468 -0.28812 0.20294 -0.13505 -0.04175 -0.22122 0.1145 -0.38721 0.26541 -0.3414 -0.0062626 -0.21505 -0.12005 -0.40745 0.2749 -0.42104 -0.032925 -0.20647 -0.19868 -0.22596 0.20442 -0.3044 -0.02958 -0.22887 -0.27673 -0.11917 0.156 -0.61729 0.16887 -0.12143 -0.52265 -0.15507 0.12295 -0.69885 0.14677 -0.13148 -0.61278 -0.52621 0.039522 0.29744
-0.38991 0.17114 0.10397 -0.26607 -0.098976 0.20393 -0.36578 0.02949 0.18235 -0.061634 0.0026553 0.030171 0.0087797 -0.0066895 -0.07405 0.06966 -0.0066895 0.026649 -0.27981 0.2074 -0.13529 -0.051351 -0.21968 0.10321 -0.38314 0.26945 -0.33954 -0.014125 -0.2153 -0.13107 -0.40422 0.27919 -0.41893 -0.041007 -0.20684 -0.20946 -0.18466 0.19136 -0.34926 -0.048361 -0.23076 -0.26944 -0.095977 0.1468 -0.66819 0.15698 -0.12958 -0.51254 -0.13306 0.12393 -0.75221 0.14505 -0.13264 -0.60522 -0.52609 0.049085 0.2961
-0.4019 0.10226 0.10464 -0.23677 -0.13432 0.20397 -0.35986 -0.032163 0.18692 -0.060213 -0.0073817 0.031272 0.0045969 0.0019671 -0.074367 0.070477 0.0019671 0.024039 -0.29072 0.15654 -0.13031 -0.013942 -0.21647 0.088257 -0.40303 0.19564 -0.33454 -0.0047141 -0.21242 -0.14726 -0.4263 0.20181 -0.41361 -0.042884 -0.22424 -0.21632 -0.14032 0.14587 -0.40302 -0.026598 -0.2416 -0.26548 -0.077752 0.11804 -0.72944 0.16917 -0.11146 -0.50261 -0.085125 0.12454 -0.81838 0.16386 -0.10956 -0.5964 -0.51807 -0.042402 0.30207
-0.40791 0.0021385 0.11057 -0.18845 -0.18276 0.20698 -0.3392 -0.11889 0.19661 -0.056569 -0.022135 0.031974 -0.0014692 0.013884 -0.073504 0.070788 0.013884 0.020004 -0.30279 0.083599 -0.11959 0.039907 -0.21086 0.073264 -0.42162 0.089285 -0.32472 0.013967 -0.20589 -0.16261 -0.4471 0.089717 -0.40341 -0.038385 -0.23773 -0.21919 -0.10865 0.10041 -0.43899 0.029781 -0.24973 -0.2633 -0.075726 0.085375 -0.77093 0.19642 -0.070994 -0.49053 -0.057103 0.13136 -0.85073 0.19227 -0.065709 -0.5837 -0.48921 -0.17098 0.31411
-0.39371 -0.072179 0.12033 -0.14412 -0.21198 0.21255 -0.30434 -0.17728 0.20783 -0.051206 -0.033071 0.031278 -0.0064631 0.021571 -0.071131 0.069963 0.021571 0.015331 -0.30109 0.030843 -0.10634 0.072985 -0.20217 0.059488 -0.41638 0.010068 -0.31241 0.03029 -0.19602 -0.17403 -0.44243 0.005307 -0.39074 -0.029651 -0.22816 -0.22245 -0.096198 0.081672 -0.44677 0.089455 -0.24891 -0.2616 -0.08445 0.064758 -0.77976 0.22019 -0.026243 -0.47206 -0.072941 0.14091 -0.83346 0.21483 -0.018385 -0.56443 -0.44095 -0.2573 0.32572
-0.3808 -0.11863 0.12835 -0.11476 -0.22778 0.21829 -0.27773 -0.21121 0.2165 -0.046828 -0.039174 0.032082 -0.0095599 0.023969 -0.0709 0.070438 0.023969 0.0096572 -0.2979 -0.00032999 -0.095286 0.092177 -0.19225 0.054025 -0.40717 -0.039369 -0.30224 0.041083 -0.18692 -0.17715 -0.43342 -0.048127 -0.38023 -0.023131 -0.21582 -0.22018 -0.088141 0.071145 -0.44955 0.1001 -0.26012 -0.26168 -0.072957 0.060708 -0.78389 0.22822 -0.0066667 -0.44037 -0.064471 0.13436 -0.83705 0.22739 0.0023098 -0.53539 -0.40746 -0.30813 0.3301
-0.36216 -0.16478 0.12939 -0.084645 -0.24074 0.22087 -0.24837 -0.24238 0.2182 -0.041039 -0.044259 0.033008 -0.014287 0.027086 -0.068651 0.069788 0.027086 0.0037939 -0.29163 -0.033857 -0.091171 0.11252 -0.1777 0.053447 -0.39186 -0.088851 -0.29894 0.05524 -0.17788 -0.17651 -0.41738 -0.10165 -0.37658 -0.0097877 -0.21088 -0.21563 -0.078756 0.054336 -0.45221 0.097486 -0.25199 -0.27058 -0.048858 0.059069 -0.78555 0.22683 0.015291 -0.42604 -0.031286 0.10309 -0.86505 0.22478 0.033184 -0.51895 -0.37037 -0.35501 0.32536
-0.31057 -0.24425 0.12144 -0.026164 -0.25746 0.21738 -0.18411 -0.29249 0.21066 -0.028783 -0.053559 0.029782 -0.025678 0.039209 -0.056004 0.062818 0.039209 -0.00067052 -0.26927 -0.099103 -0.096168 0.14509 -0.15298 0.046099 -0.35061 -0.17519 -0.30458 0.085301 -0.16471 -0.18289 -0.37269 -0.19395 -0.3819 0.026222 -0.20867 -0.21957 -0.07294 0.030127 -0.44223 0.17459 -0.1638 -0.29646 -0.049268 0.038571 -0.76746 0.23524 0.10084 -0.47775 -0.033596 0.054084 -0.86173 0.20486 0.14504 -0.5509 -0.27787 -0.42831 0.31537
-0.26869 -0.30359 0.11673 0.017604 -0.26457 0.21107 -0.13335 -0.32805 0.20599 -0.019704 -0.059566 0.02816 -0.034836 0.047411 -0.046751 0.057768 0.047411 -0.0050963 -0.25071 -0.14753 -0.097998 0.1668 -0.13118 0.035362 -0.31629 -0.23923 -0.30669 0.10409 -0.1525 -0.19221 -0.33557 -0.26268 -0.38365 0.050225 -0.20459 -0.22747 -0.070435 0.018363 -0.4339 0.25158 -0.077817 -0.32392 -0.049003 0.032 -0.77377 0.24964 0.18057 -0.53838 -0.036648 0.018123 -0.86433 0.19877 0.22275 -0.60238 -0.20194 -0.48134 0.31042
-0.27097 -0.30189 0.12301 0.013058 -0.25405 0.20574 -0.13494 -0.32395 0.21191 -0.020983 -0.056786 0.032379 -0.034828 0.042192 -0.051192 0.060828 0.042192 -0.010197 -0.25205 -0.142 -0.088797 0.16118 -0.12341 0.027092 -0.31537 -0.23575 -0.29729 0.092128 -0.14638 -0.19847 -0.33512 -0.26013 -0.37385 0.036876 -0.19757 -0.23284 -0.069354 0.029221 -0.43913 0.25461 -0.058727 -0.33762 -0.015584 0.079728 -0.7918 0.26136 0.19441 -0.55791 0.0036077 0.035686 -0.87037 0.22565 0.19098 -0.64034 -0.20185 -0.47863 0.31543
-0.27699 -0.29577 0.12707 0.004531 -0.2452 0.20141 -0.14123 -0.31767 0.21517 -0.02254 -0.054345 0.035264 -0.034249 0.038519 -0.054163 0.062879 0.038519 -0.012997 -0.25443 -0.13304 -0.081692 0.15344 -0.1211 0.02004 -0.3172 -0.2273 -0.28974 0.078766 -0.14391 -0.20372 -0.33761 -0.25206 -0.36593 0.02198 -0.19344 -0.23767 -0.068851 0.035893 -0.44251 0.26294 -0.019976 -0.34201 0.04527 0.19016 -0.64481 0.26975 0.20796 -0.58602 0.069926 0.14375 -0.72245 0.25144 0.20752 -0.6745 -0.20825 -0.47117 0.31881
-0.27151 -0.30585 0.12569 0.0086652 -0.24444 0.1989 -0.13424 -0.32257 0.21296 -0.020975 -0.055067 0.035102 -0.035872 0.040216 -0.051858 0.061522 0.040216 -0.013915 -0.25122 -0.13896 -0.080148 0.15385 -0.11872 0.015288 -0.31053 -0.23673 -0.28771 0.07617 -0.14273 -0.20732 -0.33063 -0.26264 -0.36362 0.01996 -0.19305 -0.24116 -0.068429 0.031169 -0.4402 0.27171 0.01108 -0.3427 0.092513 0.30053 -0.37557 0.26194 0.22173 -0.60302 0.11813 0.27347 -0.4614 0.24919 0.27156 -0.67942 -0.19529 -0.47806 0.31777
-0.27013 -0.31052 0.12578 0.0091723 -0.24398 0.19895 -0.13198 -0.32441 0.21267 -0.020534 -0.054984 0.035624 -0.035836 0.039982 -0.052092 0.061213 0.039982 -0.015808 -0.25032 -0.14041 -0.077761 0.15372 -0.11755 0.014144 -0.30777 -0.24039 -0.28496 0.073872 -0.1427 -0.20766 -0.32783 -0.2671 -0.36064 0.017568 -0.19313 -0.24145 -0.06809 0.027963 -0.44031 0.20941 -0.073566 -0.34288 0.077608 0.31312 -0.22146 0.22379 0.18219 -0.54094 0.10521 0.2917 -0.30701 0.2143 0.24712 -0.61407 -0.1901 -0.48108 0.31808
-0.28621 -0.29594 0.12694 -0.0049774 -0.23894 0.19584 -0.14869 -0.31595 0.21297 -0.023508 -0.053233 0.036249 -0.032453 0.04 -0.054268 0.061164 0.04 -0.015825 -0.25681 -0.12569 -0.074898 0.14011 -0.12885 0.0028751 -0.31907 -0.22311 -0.28171 0.052662 -0.15021 -0.21634 -0.34099 -0.24923 -0.35703 -0.0062129 -0.19709 -0.25047 -0.069626 0.02969 -0.44222 0.15235 -0.16512 -0.3395 0.060968 0.26845 -0.30621 0.20039 0.1408 -0.47384 0.088272 0.23062 -0.3896 0.19686 0.18607 -0.55416 -0.21444 -0.46898 0.31838
-0.32081 -0.26095 0.12739 -0.034385 -0.23274 0.19257 -0.18543 -0.29666 0.21151 -0.029709 -0.050253 0.035882 -0.025164 0.0423 -0.056449 0.060379 0.0423 -0.01236 -0.27057 -0.094342 -0.073226 0.11294 -0.15583 -0.014084 -0.34531 -0.18401 -0.27934 0.014241 -0.16492 -0.22947 -0.37143 -0.20788 -0.35406 -0.049434 -0.20393 -0.26475 -0.075978 0.036107 -0.44308 0.15748 -0.16962 -0.33004 0.083402 0.22512 -0.58065 0.21882 0.13031 -0.47464 0.10624 0.17282 -0.6649 0.22382 0.14804 -0.56468 -0.26951 -0.44017 0.31699
-0.35276 -0.22305 0.12809 -0.063382 -0.24169 0.21256 -0.22053 -0.27365 0.21046 -0.03559 -0.046702 0.035596 -0.014178 0.041692 -0.060197 0.061268 0.041692 -0.010333 -0.28346 -0.061895 -0.07189 0.099295 -0.17896 0.011731 -0.37089 -0.14325 -0.27675 0.0058643 -0.16888 -0.20541 -0.40138 -0.16448 -0.35065 -0.061329 -0.19956 -0.24278 -0.090567 0.046861 -0.44204 0.13831 -0.17851 -0.31771 0.07059 0.17864 -0.74204 0.22895 0.073442 -0.50917 0.091913 0.17737 -0.8153 0.23835 0.074051 -0.60349 -0.32083 -0.4065 0.31687
-0.37317 -0.18665 0.13067 -0.0856 -0.25224 0.24183 -0.24584 -0.24917 0.21219 -0.039987 -0.042664 0.035887 -0.0028283 0.037095 -0.064844 0.06412 0.037095 -0.010381 -0.29055 -0.032367 -0.069434 0.094857 -0.19097 0.056428 -0.38795 -0.10447 -0.27314 0.019982 -0.16134 -0.16639 -0.42148 -0.12277 -0.34649 -0.048619 -0.18466 -0.20627 -0.10653 0.062185 -0.43969 0.094827 -0.21248 -0.30752 0.022046 0.13879 -0.74162 0.22523 -0.0045664 -0.53309 0.044077 0.20355 -0.80368 0.23342 -0.0093021 -0.62634 -0.35757 -0.3711 0.31981
-0.38427 -0.14955 0.1362 -0.10175 -0.23522 0.24333 -0.26399 -0.22435 0.21779 -0.043519 -0.038406 0.03649 0.0036381 0.031948 -0.06776 0.066975 0.031948 -0.0096133 -0.29074 -0.0035598 -0.064945 0.074622 -0.19697 0.049789 -0.39698 -0.06234 -0.26834 0.010732 -0.15583 -0.17497 -0.43224 -0.076924 -0.34176 -0.058536 -0.17256 -0.2169 -0.11344 0.079893 -0.43693 0.095911 -0.22422 -0.30368 -0.0033844 0.12608 -0.74063 0.23679 -0.0067525 -0.51556 0.015157 0.15722 -0.81744 0.24169 -0.015564 -0.60823 -0.38712 -0.33419 0.32563
-0.38076 -0.14242 0.1411 -0.09996 -0.21788 0.23483 -0.26277 -0.2201 0.22346 -0.043799 -0.037807 0.036859 0.0032687 0.031397 -0.067712 0.067244 0.031397 -0.0089798 -0.2844 0.00020387 -0.061674 0.057713 -0.20025 0.020779 -0.39963 -0.04849 -0.263 -0.0029058 -0.15532 -0.20388 -0.43834 -0.060615 -0.33502 -0.071476 -0.17057 -0.2475 -0.12768 0.08254 -0.43092 0.11334 -0.22211 -0.30125 -0.022992 0.12053 -0.74739 0.23605 0.029347 -0.48354 -0.0091619 0.090029 -0.83931 0.23936 0.015166 -0.57613 -0.3891 -0.32626 0.33153
-0.3597 -0.17635 0.14521 -0.074701 -0.22229 0.23869 -0.23624 -0.24321 0.22883 -0.039149 -0.04209 0.037472 -0.0033094 0.036148 -0.065265 0.064644 0.036148 -0.0098754 -0.27468 -0.03032 -0.06051 0.068615 -0.19617 0.014883 -0.39866 -0.07782 -0.25683 0.0068675 -0.15414 -0.21016 -0.44281 -0.090517 -0.32552 -0.05937 -0.17509 -0.25492 -0.15666 0.063854 -0.42196 0.11379 -0.22197 -0.29781 -0.059156 0.1031 -0.74019 0.20461 0.052875 -0.46458 -0.04642 0.061137 -0.82716 0.20893 0.035543 -0.55673 -0.35353 -0.35845 0.33761
-0.32796 -0.20573 0.15723 -0.040672 -0.22532 0.25034 -0.20005 -0.26199 0.2425 -0.031313 -0.045335 0.040674 -0.012656 0.037825 -0.063326 0.063451 0.037825 -0.011974 -0.26874 -0.059813 -0.055696 0.11178 -0.16813 0.042999 -0.39805 -0.11061 -0.24777 0.041535 -0.13818 -0.18107 -0.44319 -0.1263 -0.31528 -0.022267 -0.16682 -0.22537 -0.17501 0.047469 -0.41806 0.11652 -0.21764 -0.30102 -0.095358 0.082438 -0.73961 0.17688 0.073773 -0.45137 -0.078154 0.050491 -0.8233 0.18043 0.064486 -0.54393 -0.3079 -0.3871 0.3505
-0.29608 -0.21832 0.17349 -0.010497 -0.21986 0.25854 -0.16649 -0.26877 0.25962 -0.023722 -0.046258 0.044729 -0.021914 0.035879 -0.061866 0.064119 0.035879 -0.014013 -0.26682 -0.077783 -0.049959 0.16255 -0.12985 0.07838 -0.39648 -0.12907 -0.24162 0.082445 -0.11336 -0.14402 -0.43995 -0.1457 -0.30998 0.02252 -0.14733 -0.18982 -0.18186 0.035822 -0.41738 0.13032 -0.20963 -0.30927 -0.12936 0.063454 -0.74591 0.1619 0.093665 -0.44493 -0.10636 0.039839 -0.8333 0.16218 0.097358 -0.5384 -0.26935 -0.39899 0.36629
-0.27308 -0.22881 0.18237 0.0095319 -0.21457 0.2548 -0.14149 -0.2752 0.26788 -0.019765 -0.047269 0.045749 -0.02875 0.035574 -0.059224 0.064135 0.035574 -0.014811 -0.26646 -0.096656 -0.051033 0.18652 -0.11215 0.082909 -0.39196 -0.14034 -0.24712 0.10566 -0.098511 -0.13957 -0.43716 -0.15126 -0.31561 0.053734 -0.13278 -0.19397 -0.19513 0.016068 -0.41111 0.15005 -0.19913 -0.31678 -0.16993 0.046355 -0.74277 0.14788 0.10556 -0.45904 -0.14688 0.021885 -0.83104 0.14482 0.1124 -0.55254 -0.24111 -0.40697 0.37586
-0.25044 -0.22943 0.18528 0.027034 -0.2132 0.25808 -0.12219 -0.27783 0.27436 -0.01763 -0.047778 0.045914 -0.029916 0.036305 -0.0581 0.063279 0.036305 -0.016437 -0.28062 -0.12515 -0.05537 0.20524 -0.10695 0.09279 -0.40033 -0.16416 -0.25619 0.12748 -0.094417 -0.13072 -0.44265 -0.17175 -0.32657 0.085006 -0.12315 -0.19543 -0.21553 -0.0042011 -0.39837 0.16623 -0.15552 -0.33755 -0.20708 0.034935 -0.72986 0.14203 0.11944 -0.52166 -0.1883 0.00078228 -0.81459 0.13739 0.12452 -0.61501 -0.21538 -0.40939 0.3879
-0.22225 -0.21644 0.18494 0.045618 -0.2146 0.27507 -0.10606 -0.27477 0.28399 -0.015423 -0.047335 0.047153 -0.02594 0.036732 -0.059677 0.062155 0.036732 -0.019477 -0.3089 -0.16334 -0.058058 0.23559 -0.10185 0.1285 -0.4226 -0.20736 -0.26127 0.15774 -0.09737 -0.095316 -0.45407 -0.21961 -0.33625 0.12371 -0.11732 -0.16742 -0.23437 -0.017418 -0.38442 0.17186 -0.077534 -0.37283 -0.22951 0.028948 -0.71505 0.14468 0.13825 -0.62215 -0.21606 -0.017972 -0.7945 0.13908 0.14332 -0.71557 -0.18911 -0.40552 0.40594
-0.19687 -0.20578 0.17961 0.054868 -0.21227 0.27687 -0.095446 -0.27519 0.28759 -0.013916 -0.047403 0.047625 -0.024358 0.037503 -0.060079 0.061464 0.037503 -0.020325 -0.31984 -0.1981 -0.058221 0.25543 -0.098734 0.14247 -0.42482 -0.2473 -0.26502 0.17327 -0.10577 -0.079645 -0.44948 -0.26458 -0.34283 0.14741 -0.12164 -0.15828 -0.23712 -0.027653 -0.38024 0.16687 -0.030824 -0.39172 -0.23484 0.019109 -0.71087 0.13426 0.14372 -0.67781 -0.22608 -0.0333 -0.7883 0.12274 0.14922 -0.77016 -0.17276 -0.40437 0.41528
-0.17926 -0.20456 0.1745 0.058 -0.20676 0.26194 -0.085982 -0.28044 0.28538 -0.012541 -0.048284 0.047087 -0.027527 0.038582 -0.05788 0.060857 0.038582 -0.020075 -0.30999 -0.21759 -0.0567 0.25611 -0.10072 0.11973 -0.40076 -0.27108 -0.26901 0.16951 -0.11724 -0.10025 -0.42001 -0.29378 -0.34626 0.15 -0.14282 -0.17673 -0.22721 -0.037744 -0.38383 0.15388 -0.019179 -0.39431 -0.23119 0.0016595 -0.71538 0.11253 0.13396 -0.68832 -0.22356 -0.052847 -0.79111 0.092509 0.14166 -0.77936 -0.16057 -0.40743 0.41665
-0.17007 -0.21096 0.17843 0.0674 -0.20376 0.25038 -0.070433 -0.28523 0.28481 -0.010028 -0.049202 0.046712 -0.033072 0.039372 -0.054171 0.05944 0.039372 -0.02258 -0.29705 -0.21639 -0.054032 0.24554 -0.10893 0.079719 -0.36692 -0.27844 -0.27171 0.15989 -0.12929 -0.14043 -0.37233 -0.3112 -0.3463 0.14175 -0.18143 -0.19708 -0.21959 -0.046953 -0.38536 0.1376 -0.0040088 -0.40119 -0.23129 -0.019898 -0.71789 0.096845 0.12008 -0.70718 -0.22085 -0.083472 -0.78605 0.073384 0.13177 -0.79844 -0.13859 -0.40981 0.42157
-0.16685 -0.21952 0.19131 0.085801 -0.20629 0.25493 -0.053233 -0.28451 0.28931 -0.0074508 -0.049105 0.047321 -0.037175 0.039715 -0.051413 0.057446 0.039715 -0.026794 -0.28884 -0.20882 -0.045039 0.24695 -0.11635 0.062797 -0.33636 -0.28284 -0.2651 0.16463 -0.14228 -0.15786 -0.33262 -0.32301 -0.33774 0.14126 -0.21171 -0.1986 -0.21852 -0.04664 -0.38549 0.12547 0.012243 -0.4099 -0.23643 -0.031017 -0.71857 0.088623 0.10907 -0.72772 -0.23466 -0.10049 -0.7804 0.06995 0.10918 -0.81814 -0.11554 -0.40628 0.43153
-0.16937 -0.22359 0.21 0.10607 -0.2138 0.27526 -0.042494 -0.27711 0.29814 -0.0064397 -0.047945 0.048645 -0.037838 0.039262 -0.051274 0.056022 0.039262 -0.030263 -0.28465 -0.20311 -0.029161 0.26448 -0.12318 0.081254 -0.31431 -0.28954 -0.24777 0.18378 -0.1591 -0.13858 -0.31275 -0.33139 -0.31945 0.15029 -0.22235 -0.18092 -0.2218 -0.032673 -0.38732 0.12077 0.016647 -0.41425 -0.24295 -0.023984 -0.72046 0.085965 0.10046 -0.73586 -0.26309 -0.090458 -0.78195 0.076906 0.070566 -0.8224 -0.1044 -0.39486 0.44387
-0.18157 -0.21687 0.23083 0.11102 -0.22115 0.2939 -0.045466 -0.26791 0.30594 -0.008155 -0.047346 0.04894 -0.036811 0.037244 -0.053327 0.057017 0.037244 -0.030909 -0.27486 -0.18835 -0.015562 0.26509 -0.14405 0.092515 -0.29449 -0.28445 -0.2315 0.18284 -0.18464 -0.12613 -0.29182 -0.33136 -0.29898 0.14063 -0.23771 -0.17332 -0.22202 -0.012252 -0.39269 0.11861 0.00069649 -0.4137 -0.24489 -0.0078287 -0.72578 0.089006 0.084129 -0.73544 -0.27322 -0.07343 -0.78742 0.082861 0.034574 -0.81627 -0.11226 -0.3791 0.45449
-0.19324 -0.20139 0.25465 0.10898 -0.22539 0.31012 -0.051349 -0.25699 0.31407 -0.01027 -0.046706 0.049179 -0.035748 0.034705 -0.055788 0.058518 0.034705 -0.031087 -0.25805 -0.16577 -0.00062486 0.25239 -0.16862 0.093685 -0.27065 -0.27139 -0.21242 0.16583 -0.21157 -0.12272 -0.26304 -0.3255 -0.27448 0.11839 -0.2568 -0.17316 -0.21692 0.010299 -0.40006 0.116 -0.022579 -0.41233 -0.24283 0.011979 -0.73295 0.092968 0.064294 -0.7339 -0.2699 -0.053035 -0.79465 0.083142 0.0094477 -0.80915 -0.12178 -0.36035 0.46662
-0.18873 -0.18383 0.28211 0.12019 -0.22444 0.33046 -0.042515 -0.24185 0.327 -0.009133 -0.044343 0.051519 -0.035823 0.033309 -0.056638 0.057236 0.033309 -0.034668 -0.23763 -0.14361 0.023423 0.25125 -0.17322 0.10456 -0.23826 -0.26311 -0.18102 0.16001 -0.22554 -0.1077 -0.22972 -0.31966 -0.24116 0.10986 -0.26161 -0.16246 -0.20784 0.033114 -0.40646 0.11205 -0.031396 -0.41532 -0.24065 0.033092 -0.73874 0.091515 0.05318 -0.73772 -0.27664 -0.024348 -0.80258 0.078673 -0.0053821 -0.80915 -0.1078 -0.33916 0.4856
-0.17265 -0.16575 0.29952 0.13655 -0.21228 0.33717 -0.025942 -0.22491 0.34082 -0.0057408 -0.041109 0.054613 -0.037526 0.031831 -0.056313 0.055468 0.031831 -0.038852 -0.21069 -0.11788 0.041096 0.25665 -0.15617 0.10691 -0.19714 -0.25126 -0.15442 0.16633 -0.21917 -0.10299 -0.18662 -0.30905 -0.21241 0.11566 -0.24769 -0.16195 -0.19428 0.052865 -0.41256 0.10691 -0.029795 -0.42024 -0.23606 0.050947 -0.74383 0.086957 0.051521 -0.74346 -0.27463 -0.0047397 -0.80827 0.07238 -0.010575 -0.8121 -0.083145 -0.32096 0.50339
-0.15273 -0.1482 0.30068 0.14863 -0.18904 0.32126 -0.0099095 -0.20904 0.35165 -0.0019132 -0.038071 0.057022 -0.040799 0.029343 -0.055378 0.055022 0.029343 -0.041361 -0.17715 -0.087918 0.043214 0.26072 -0.1258 0.088779 -0.15136 -0.23132 -0.14377 0.17934 -0.1946 -0.12292 -0.13398 -0.29195 -0.19695 0.13057 -0.22022 -0.18477 -0.1765 0.068151 -0.41869 0.10155 -0.02475 -0.42453 -0.22707 0.064365 -0.74872 0.082549 0.056666 -0.74779 -0.2537 9.1411e-05 -0.81097 0.066598 -0.0078358 -0.81381 -0.062227 -0.30931 0.51331
-0.13289 -0.13364 0.29776 0.15727 -0.16642 0.29851 0.0059829 -0.19559 0.3593 0.0012343 -0.035528 0.058689 -0.044985 0.02667 -0.05354 0.054471 0.02667 -0.043673 -0.14432 -0.063938 0.041002 0.26422 -0.096994 0.065135 -0.11007 -0.21423 -0.13889 0.19492 -0.16622 -0.15071 -0.084683 -0.27629 -0.18808 0.15121 -0.19388 -0.21483 -0.15687 0.081349 -0.423 0.097853 -0.016661 -0.4287 -0.21491 0.078646 -0.7518 0.079291 0.06556 -0.7518 -0.23626 0.013151 -0.81426 0.061869 -0.00060954 -0.81548 -0.045409 -0.30264 0.51678
-0.11672 -0.12464 0.30459 0.1643 -0.15723 0.28698 0.022924 -0.18579 0.36388 0.0026503 -0.033711 0.059683 -0.049371 0.024797 -0.050425 0.052089 0.024797 -0.047612 -0.12016 -0.057122 0.047535 0.26867 -0.085196 0.053382 -0.082859 -0.21232 -0.12765 0.20909 -0.14953 -0.1668 -0.052768 -0.27087 -0.17771 0.17433 -0.1842 -0.23336 -0.13795 0.095181 -0.42344 0.097791 -0.0053297 -0.43355 -0.20109 0.099679 -0.75129 0.07798 0.075112 -0.75701 -0.24767 0.060053 -0.82215 0.058577 0.0075025 -0.81876 -0.031776 -0.29892 0.51595
