-0.11025 0.013519 0.39769 0.19593 0.0037924 0.3271 0.052707 0.0019183 0.40584 0.010685 -0.0006906 0.067756 -0.054112 -0.0024913 -0.051582 0.044765 -0.0024913 -0.059874 -0.1711 0.005379 0.13908 0.28627 -0.028519 0.079218 -0.10922 -0.22011 0.10045 0.18723 -0.17908 -0.074702 -0.046483 -0.2669 0.073714 0.14873 -0.23006 -0.12722 -0.10719 0.037737 -0.43565 0.06783 0.021453 -0.44825 -0.10368 0.078797 -0.767 0.057833 0.11895 -0.76745 -0.10507 0.0048668 -0.82439 0.047873 0.039295 -0.81558 0.028683 -0.017931 0.60063
-0.12218 0.024563 0.36596 0.16094 0.014846 0.30367 0.034915 0.0089449 0.40768 0.0088554 0.00060468 0.068031 -0.054463 -0.0034946 -0.051159 0.044908 -0.0034946 -0.05972 -0.18591 0.0068053 0.10854 0.25875 -0.014405 0.058181 -0.15823 -0.22664 0.081006 0.18951 -0.16548 -0.12256 -0.12917 -0.30038 0.063244 0.16149 -0.21658 -0.18518 -0.11687 0.048037 -0.43267 0.060667 0.020871 -0.44941 -0.097193 0.071788 -0.76531 0.071769 0.086009 -0.77686 -0.12675 0.0036405 -0.82379 0.07341 0.0020136 -0.81784 0.016966 -0.018371 0.60242
-0.11898 0.027892 0.36096 0.14766 0.02342 0.2856 0.03802 0.023204 0.40673 0.0087648 0.0029972 0.06796 -0.053961 -0.0046854 -0.051584 0.045864 -0.0046854 -0.0589 -0.17915 0.011561 0.10257 0.23884 -0.011622 0.038472 -0.16882 -0.22459 0.082512 0.13224 -0.18767 -0.059887 -0.1433 -0.30283 0.06929 0.091345 -0.24671 -0.094484 -0.10976 0.036744 -0.43489 0.073718 -0.01716 -0.4467 -0.093705 0.055859 -0.76749 0.11351 0.046907 -0.77174 -0.10889 -0.022247 -0.8142 0.11475 -0.038625 -0.80985 0.0088302 -0.013156 0.5982
-0.11566 0.025911 0.36098 0.14004 0.022356 0.27581 0.041522 0.029327 0.4061 0.0087983 0.0040267 0.067913 -0.053573 -0.0050576 -0.051957 0.047275 -0.0050576 -0.057747 -0.17112 0.0085558 0.10163 0.22782 -0.014773 0.027679 -0.17337 -0.22792 0.087413 0.089669 -0.20754 -0.0090701 -0.14274 -0.30367 0.075468 0.03804 -0.27199 -0.022737 -0.13907 0.043695 -0.43013 0.051866 -0.036024 -0.44695 -0.10194 0.073496 -0.76164 0.1098 0.023509 -0.77054 -0.10563 -0.012129 -0.80022 0.10679 -0.062013 -0.80846 0.0024867 -0.013269 0.5948
-0.11931 0.021651 0.35507 0.13022 0.014355 0.2739 0.035784 0.023463 0.40701 0.0080637 0.0032109 0.068046 -0.053747 -0.004429 -0.051834 0.048875 -0.004429 -0.056451 -0.17225 -0.0025234 0.095724 0.22386 -0.01749 0.027191 -0.18599 -0.23892 0.086109 0.08752 -0.20734 -0.013519 -0.15378 -0.3141 0.073952 0.036762 -0.27093 -0.028801 -0.16149 0.055979 -0.42248 -0.027491 -0.00826 -0.43896 -0.10699 0.082356 -0.75156 0.038271 0.043547 -0.7623 -0.11726 -0.0026072 -0.78952 0.033388 -0.041227 -0.80168 -0.0041473 -0.020726 0.59508
-0.12413 0.01836 0.3497 0.12282 0.013726 0.27426 0.028771 0.018503 0.40782 0.0069753 0.0028045 0.068183 -0.053987 -0.0037787 -0.051632 0.05032 -0.0037787 -0.055212 -0.17761 -0.0078422 0.090623 0.21985 -0.015214 0.028472 -0.19478 -0.24409 0.082265 0.079731 -0.20275 -0.0034032 -0.16168 -0.31902 0.070792 0.02741 -0.26533 -0.015436 -0.040111 0.0043424 -0.43245 -0.12402 0.039165 -0.39847 -0.073326 -0.041022 -0.75499 -0.039407 0.11955 -0.71043 -0.08146 -0.12894 -0.78579 -0.042465 0.035968 -0.75243 -0.012303 -0.02544 0.59567
-0.12677 0.015497 0.34807 0.11738 0.012379 0.27311 0.02536 0.015373 0.40818 0.0063585 0.0024072 0.068259 -0.053643 -0.0030851 -0.052051 0.050356 -0.0030851 -0.055232 -0.18748 -0.011367 0.090745 0.20978 -0.018286 0.025803 -0.20814 -0.24724 0.079097 0.065175 -0.20522 0.0034383 -0.1744 -0.32216 0.069514 0.01074 -0.26702 -0.0052895 0.053739 -0.034752 -0.4318 -0.16451 0.057264 -0.37709 -0.050849 -0.14315 -0.73491 -0.071622 0.15428 -0.68351 -0.060858 -0.23414 -0.75408 -0.07513 0.071065 -0.72622 -0.01728 -0.030593 0.59523
-0.12659 0.013532 0.35002 0.11716 0.008238 0.27244 0.026278 0.012765 0.40821 0.0064713 0.001948 0.068263 -0.054203 -0.0025421 -0.051465 0.050608 -0.0025421 -0.055011 -0.19742 -0.011904 0.095073 0.20545 -0.020856 0.023456 -0.21374 -0.24757 0.077448 0.057905 -0.20522 0.0043422 -0.17751 -0.32134 0.068511 0.0023859 -0.26599 -0.0036335 0.069664 -0.029258 -0.41862 -0.17179 0.054832 -0.36915 -0.04826 -0.1635 -0.6995 -0.069412 0.14753 -0.67279 -0.067743 -0.25449 -0.71007 -0.074646 0.064273 -0.71523 -0.018909 -0.035326 0.5941
-0.12409 0.012896 0.35383 0.1238 0.0067665 0.27404 0.030237 0.010907 0.40799 0.0070847 0.0018403 0.068205 -0.056272 -0.0023889 -0.049213 0.052207 -0.0023889 -0.05351 -0.19863 -0.0049353 0.099307 0.21588 -0.013736 0.025574 -0.19631 -0.24067 0.075515 0.063325 -0.19446 0.010294 -0.15505 -0.3115 0.064688 0.0071996 -0.25471 0.0022825 0.087299 -0.013935 -0.41114 -0.19658 0.068182 -0.34491 -0.039607 -0.1632 -0.6813 -0.071093 0.16362 -0.63913 -0.066118 -0.25272 -0.68823 -0.075623 0.080966 -0.6828 -0.019533 -0.036032 0.59301
-0.11928 0.011686 0.35809 0.12932 0.0086073 0.27284 0.036612 0.010078 0.40751 0.0081262 0.001702 0.068097 -0.056311 -0.0022424 -0.049192 0.051301 -0.0022424 -0.054392 -0.1866 0.0054395 0.10108 0.2229 -0.007499 0.024457 -0.1742 -0.22938 0.070585 0.073388 -0.18937 -0.0018651 -0.13133 -0.29917 0.058933 0.019791 -0.25047 -0.016711 0.10608 -0.0095166 -0.4036 -0.19489 0.088599 -0.34287 -0.033072 -0.1613 -0.66664 -0.078087 0.19116 -0.63854 -0.062149 -0.2502 -0.66759 -0.083222 0.10913 -0.68352 -0.016146 -0.035568 0.59206
-0.1116 0.013362 0.36436 0.13781 0.01746 0.27109 0.046575 0.010127 0.40643 0.0099658 0.0018372 0.067837 -0.055853 -0.0024679 -0.049692 0.048858 -0.0024679 -0.056587 -0.16961 0.023228 0.10503 0.2349 0.01589 0.023724 -0.14736 -0.20967 0.067486 0.093523 -0.17163 -0.0085571 -0.10918 -0.28225 0.056271 0.039946 -0.23318 -0.021543 0.12473 -0.006508 -0.39598 -0.18794 0.097693 -0.3494 -0.025003 -0.15629 -0.65428 -0.082409 0.21114 -0.64463 -0.051517 -0.24605 -0.65003 -0.086686 0.12965 -0.68993 -0.0036334 -0.030911 0.5927
-0.10775 0.0075265 0.36787 0.14168 0.022393 0.27042 0.051141 0.010052 0.40593 0.010748 0.002162 0.067717 -0.056339 -0.0026294 -0.049132 0.048077 -0.0026294 -0.057234 -0.16374 0.017882 0.10842 0.23635 0.028632 0.022313 -0.12562 -0.21203 0.065519 0.097962 -0.16176 -0.0051517 -0.09501 -0.28861 0.060979 0.041365 -0.22203 -0.0069994 0.10982 -0.013561 -0.40063 -0.21074 0.075594 -0.33884 -0.045329 -0.15112 -0.66215 -0.099744 0.20758 -0.62556 -0.069709 -0.24138 -0.66054 -0.10202 0.12584 -0.67176 0.0072284 -0.028696 0.5943
-0.10944 -0.0082066 0.36374 0.13629 0.014725 0.26949 0.047185 0.010853 0.40641 0.0097242 0.0026146 0.06786 -0.057293 -0.0023428 -0.048031 0.049564 -0.0023428 -0.055964 -0.17112 -0.027723 0.10613 0.21493 -0.0010501 0.016325 -0.11671 -0.25342 0.059008 0.069264 -0.1862 -0.008983 -0.09046 -0.33102 0.069485 0.011401 -0.24498 -0.0047753 0.049799 -0.036164 -0.42057 -0.23159 0.044864 -0.3255 -0.10622 -0.14713 -0.69393 -0.13007 0.18784 -0.61139 -0.13374 -0.23614 -0.702 -0.13187 0.10573 -0.65778 0.007973 -0.034278 0.59439
-0.096462 0.0050965 0.36153 0.15074 0.018038 0.26742 0.061074 0.016982 0.40418 0.012308 0.003992 0.06734 -0.058224 -0.0031897 -0.046847 0.048281 -0.0031897 -0.057067 -0.16156 -0.035801 0.10686 0.2246 -0.0097398 0.013138 -0.096678 -0.25711 0.049152 0.070542 -0.18852 -0.011677 -0.070766 -0.3336 0.067699 0.012221 -0.24809 -0.0058906 0.038291 -0.025202 -0.42438 -0.13382 0.097171 -0.37417 -0.11658 -0.12576 -0.70292 -0.10474 0.1952 -0.68629 -0.1448 -0.21461 -0.71261 -0.10571 0.11477 -0.72454 0.023441 -0.029675 0.59216
-0.081226 0.02173 0.36669 0.16711 0.017221 0.26429 0.078318 0.016565 0.40137 0.015392 0.0034481 0.06676 -0.059115 -0.0039601 -0.045659 0.045483 -0.0039601 -0.059163 -0.14919 -0.023056 0.11366 0.23566 -0.02395 0.011271 -0.10592 -0.24384 0.044098 0.071332 -0.19227 -0.011727 -0.083527 -0.32141 0.06206 0.0070119 -0.23973 0.0014485 0.047028 -0.0048417 -0.42067 -0.055373 0.14404 -0.41189 -0.10872 -0.095723 -0.70136 -0.085535 0.19288 -0.74525 -0.13902 -0.1838 -0.7091 -0.095307 0.09762 -0.78989 0.03893 -0.026671 0.58972
-0.076257 0.021871 0.37362 0.1706 0.0093949 0.26096 0.084892 0.0098311 0.40025 0.016379 0.001646 0.066599 -0.059403 -0.0029703 -0.045363 0.04562 -0.0029703 -0.059296 -0.14954 -0.029309 0.12334 0.23062 -0.054167 0.0097635 -0.14273 -0.25234 0.041333 0.056122 -0.21411 -0.0095048 -0.12083 -0.33097 0.054013 -0.017915 -0.24493 0.013466 0.042807 0.0047877 -0.42145 -0.063244 0.13741 -0.4056 -0.1126 -0.074481 -0.70629 -0.11626 0.1535 -0.73332 -0.14511 -0.16201 -0.7139 -0.12232 0.075943 -0.76149 0.043286 -0.032512 0.5884
-0.074916 0.022534 0.37387 0.16757 0.0017171 0.25799 0.086238 0.0043546 0.4001 0.016751 0.0011336 0.066534 -0.058791 -0.0016585 -0.046252 0.046569 -0.0016585 -0.058929 -0.15722 -0.046004 0.13051 0.22237 -0.080989 0.011004 -0.17199 -0.26497 0.03613 0.037064 -0.2306 -0.0031118 -0.14098 -0.34112 0.043235 -0.038264 -0.25719 0.024525 0.039779 0.014535 -0.42303 -0.055953 0.14307 -0.40602 -0.10948 -0.060782 -0.71247 -0.15288 0.11533 -0.72035 -0.14185 -0.14858 -0.72025 -0.11496 0.13336 -0.6624 0.043132 -0.039902 0.58755
-0.064233 0.036906 0.37431 0.15242 -0.046268 0.25417 0.084392 -0.02133 0.39973 0.016423 -0.0035648 0.066441 -0.059414 -0.0057663 -0.044963 0.032057 -0.0057663 -0.066233 -0.16506 -0.0088966 0.1333 0.16873 -0.15619 0.013369 -0.25194 -0.20699 0.048661 -0.050084 -0.23584 0.0063881 -0.23644 -0.2883 0.056656 -0.1112 -0.23258 0.055002 0.033979 0.014081 -0.42291 -0.005369 0.17701 -0.41049 -0.11459 -0.021546 -0.71872 -0.13816 0.15184 -0.73139 -0.16434 -0.099162 -0.72906 -0.0769 0.18504 -0.63772 0.031455 -0.052695 0.58683
-0.058768 0.050008 0.37646 0.12322 -0.094742 0.25172 0.069153 -0.050776 0.40005 0.01483 -0.008873 0.066413 -0.0606 -0.0072251 -0.043249 0.017813 -0.0072251 -0.072832 -0.17262 0.04849 0.13605 0.079344 -0.21805 0.020618 -0.32161 -0.11913 0.053267 -0.15875 -0.21162 0.0044598 -0.34427 -0.197 0.062304 -0.21726 -0.18238 0.057991 0.028962 0.0078036 -0.42228 0.0066588 0.10665 -0.44128 -0.11666 0.017957 -0.72313 -0.079606 0.22136 -0.72307 -0.18637 -0.043591 -0.73631 -0.063079 0.18884 -0.65775 0.0054673 -0.064777 0.58646
-0.068354 0.049078 0.3786 0.09641 -0.10675 0.25129 0.048345 -0.063147 0.40128 0.013178 -0.010657 0.06647 -0.061172 -0.0029118 -0.04296 0.01722 -0.0029118 -0.072683 -0.18806 0.076529 0.14284 0.023198 -0.22677 0.025606 -0.34587 -0.072157 0.047281 -0.20706 -0.17615 0.0028523 -0.39249 -0.14006 0.054901 -0.26868 -0.14755 0.049362 0.027709 0.0053442 -0.42242 -0.0088643 0.030179 -0.45834 -0.10855 0.030664 -0.72616 -0.033867 0.26842 -0.69007 -0.18431 -0.022431 -0.7405 -0.067602 0.18054 -0.68002 -0.014689 -0.067094 0.58813
-0.084727 0.039081 0.38025 0.092263 -0.098254 0.25096 0.043301 -0.0603 0.40229 0.013039 -0.010015 0.066614 -0.061262 -0.0008103 -0.042957 0.021551 -0.0008103 -0.071527 -0.21923 0.069796 0.15262 0.037636 -0.22364 0.021368 -0.37823 -0.083382 0.063741 -0.19477 -0.17648 0.030276 -0.40622 -0.16015 0.072528 -0.23407 -0.1506 0.098936 0.023369 0.0087322 -0.42342 0.041898 0.19716 -0.39416 -0.10232 0.025274 -0.73239 -0.056634 0.29156 -0.68517 -0.17266 -0.034499 -0.74996 -0.044216 0.21595 -0.73451 -0.0055922 -0.057739 0.59329
-0.11168 0.020987 0.38206 0.085982 -0.07893 0.25258 0.031412 -0.053244 0.40411 0.010697 -0.0076823 0.067268 -0.061089 0.0014431 -0.043013 0.025592 0.0014431 -0.070419 -0.25627 0.029639 0.16105 -0.023688 -0.1969 0.045234 -0.40574 -0.12155 0.070498 -0.25736 -0.18716 0.04746 -0.41959 -0.20266 0.074485 -0.31441 -0.1626 0.091414 0.003751 0.010055 -0.42713 0.0049409 0.24335 -0.37905 -0.094114 0.012256 -0.74608 -0.13345 0.28983 -0.68908 -0.14549 -0.057382 -0.77876 -0.10232 0.25297 -0.77143 -0.0040821 -0.04622 0.59807
-0.13986 -0.01402 0.38375 0.071496 -0.069036 0.25005 0.01962 -0.055075 0.40511 0.007858 -0.0071724 0.06782 -0.060402 0.0039293 -0.044163 0.031898 0.0039293 -0.06739 -0.31465 -0.0091788 0.17862 -0.045648 -0.19934 0.052216 -0.44073 -0.18852 0.055781 -0.28614 -0.21857 0.037269 -0.4519 -0.27235 0.052171 -0.36833 -0.20984 0.058917 -0.014331 -0.00061252 -0.43126 -0.075347 0.19994 -0.39067 -0.076605 5.1362e-05 -0.75942 -0.22274 0.26819 -0.68031 -0.10599 -0.075457 -0.80818 -0.18473 0.26883 -0.76737 -0.0085883 -0.040768 0.59992
-0.15046 -0.020433 0.38528 0.058992 -0.060704 0.24988 0.0065604 -0.060534 0.4046 0.0045115 -0.0091843 0.067825 -0.056306 0.0066748 -0.048766 0.039874 0.0066748 -0.062942 -0.3279 -0.01925 0.18823 -0.00037721 -0.21628 0.04294 -0.44409 -0.16717 0.047522 -0.23559 -0.19857 0.025767 -0.46694 -0.24573 0.037351 -0.30887 -0.19945 0.06367 -0.021685 -0.013971 -0.43647 -0.054036 0.21418 -0.37883 -0.051117 -0.0057789 -0.76897 -0.21082 0.26713 -0.66874 -0.075629 -0.075983 -0.82569 -0.13953 0.26747 -0.72891 -0.010693 -0.036944 0.59968
-0.12948 0.073394 0.38747 0.056354 -0.023698 0.27069 -0.031859 -0.047205 0.40483 -0.0034865 -0.0091351 0.067815 -0.047202 0.010369 -0.05691 0.043082 0.010369 -0.06045 -0.19012 -0.0073985 0.15407 -0.1026 -0.13796 0.10281 -0.32835 0.1077 0.080462 -0.27769 -0.0046902 0.044356 -0.39489 0.071874 0.060876 -0.33993 0.038927 0.063231 -0.033185 -0.004369 -0.44619 0.09385 0.20052 -0.38945 -0.03116 -0.0084478 -0.78031 0.0032032 0.32227 -0.68315 -0.0783 -0.055583 -0.84401 0.066948 0.25533 -0.68646 -0.023505 -0.022419 0.60009
-0.08593 0.13844 0.38963 0.060457 -0.020257 0.28725 -0.052014 -0.026145 0.40541 -0.0084059 -0.0062576 0.067845 -0.047084 0.0065113 -0.057615 0.048582 0.0065113 -0.056112 -0.136 0.022337 0.15127 -0.16147 -0.067489 0.13825 -0.20404 0.26893 0.11213 -0.28818 0.11394 0.032955 -0.28465 0.27524 0.086287 -0.34166 0.17915 0.019128 -0.028675 0.015049 -0.44665 0.17171 0.13754 -0.40646 -0.029462 -0.030856 -0.77656 0.15433 0.30037 -0.7005 -0.093285 -0.057629 -0.8413 0.14447 0.22645 -0.71928 -0.02901 -0.010402 0.60086
-0.050574 0.14376 0.39058 0.070042 -0.040341 0.29655 -0.049896 -0.017904 0.40574 -0.0089938 -0.0042837 0.067858 -0.05243 0.00093088 -0.053468 0.054082 0.00093088 -0.051853 -0.16165 0.03087 0.17703 -0.14849 -0.046148 0.14767 -0.13003 0.25882 0.13887 -0.27521 0.090546 0.0069879 -0.20528 0.28155 0.11048 -0.31477 0.15401 -0.027355 -0.014921 0.032092 -0.44034 0.16009 0.080641 -0.41763 -0.043197 -0.054346 -0.76201 0.17191 0.22599 -0.71718 -0.10887 -0.079894 -0.82295 0.098713 0.18696 -0.77541 -0.024233 -0.0090676 0.6011
-0.04141 0.13547 0.38986 0.079701 -0.04984 0.30418 -0.046385 -0.027197 0.40572 -0.0087098 -0.0056307 0.067808 -0.053754 0.0013804 -0.052005 0.055055 0.0013804 -0.050628 -0.15373 0.0023833 0.18906 -0.14809 -0.045749 0.1674 -0.097455 0.23152 0.16847 -0.30266 0.028341 0.0041608 -0.16989 0.26242 0.14189 -0.32788 0.092924 -0.041091 -0.009903 0.043945 -0.43699 0.14366 0.073049 -0.42336 -0.059616 -0.05416 -0.75228 0.14618 0.18635 -0.73739 -0.12304 -0.092229 -0.8096 0.07238 0.1533 -0.78539 -0.019823 -0.016755 0.60091
-0.041112 0.12738 0.38826 0.079757 -0.065798 0.30155 -0.042719 -0.035455 0.4055 -0.0084248 -0.0073428 0.067683 -0.053923 0.0022947 -0.051763 0.055573 0.0022947 -0.049977 -0.15071 -0.014231 0.19175 -0.14857 -0.049694 0.16594 -0.092674 0.21555 0.17566 -0.31747 -0.0037847 0.0040161 -0.13036 0.28192 0.16096 -0.34509 0.036581 -0.060915 -0.012882 0.053075 -0.43603 0.13058 0.082041 -0.42423 -0.069759 -0.041501 -0.75114 0.11922 0.16267 -0.74824 -0.13239 -0.083553 -0.80584 0.043322 0.13565 -0.79286 -0.021174 -0.027476 0.6014
-0.042937 0.123 0.38682 0.090104 -0.06428 0.30773 -0.037784 -0.039361 0.40558 -0.0077547 -0.0083121 0.067648 -0.054168 0.0024479 -0.051538 0.054756 0.0024479 -0.050913 -0.14989 -0.018502 0.1889 -0.13868 -0.0542 0.17333 -0.098217 0.21217 0.17402 -0.31799 -0.030136 0.021558 -0.12113 0.29453 0.17154 -0.33541 -0.0038268 -0.055433 -0.026519 0.067217 -0.43499 0.11079 0.091476 -0.42615 -0.081374 -0.016465 -0.7535 0.086597 0.14293 -0.75505 -0.14755 -0.062912 -0.8045 0.011221 0.11476 -0.80406 -0.02044 -0.034001 0.60204
-0.046967 0.11957 0.38595 0.10669 -0.050393 0.31842 -0.031461 -0.042011 0.40588 -0.0065661 -0.0089072 0.067699 -0.054202 0.0018384 -0.051512 0.052493 0.0018384 -0.053251 -0.1472 -0.019193 0.1826 -0.12424 -0.061946 0.18705 -0.1123 0.21475 0.16907 -0.3159 -0.061561 0.047322 -0.14589 0.28959 0.17454 -0.31807 -0.039054 -0.032075 -0.051474 0.086589 -0.43187 0.085045 0.093308 -0.43078 -0.098267 0.012818 -0.75421 0.052538 0.12261 -0.76185 -0.14666 -0.04477 -0.80544 -0.016196 0.082131 -0.81073 -0.014503 -0.03524 0.60229
-0.050532 0.11541 0.38554 0.11388 -0.046804 0.31655 -0.022868 -0.044448 0.40618 -0.0049062 -0.0095262 0.067755 -0.053662 0.0012017 -0.052096 0.050207 0.0012017 -0.055433 -0.14537 -0.016464 0.17514 -0.11653 -0.076551 0.18731 -0.13477 0.21967 0.15872 -0.31404 -0.078866 0.056348 -0.17491 0.29106 0.16967 -0.31812 -0.068279 -0.025505 -0.077309 0.10718 -0.42642 0.064032 0.084688 -0.43594 -0.11345 0.040958 -0.75175 0.030178 0.099954 -0.76777 -0.11398 -0.030098 -0.81057 -0.033927 0.052594 -0.81704 -0.00548 -0.032831 0.60234
-0.046157 0.11586 0.38542 0.11909 -0.048089 0.30696 -0.0098483 -0.042325 0.4069 -0.0026112 -0.0094528 0.067893 -0.053033 0.0023954 -0.052688 0.048636 0.0023954 -0.056775 -0.14129 -0.005969 0.16921 -0.11205 -0.0922 0.18373 -0.15133 0.23057 0.15233 -0.30584 -0.070859 0.046649 -0.19978 0.29624 0.16655 -0.31141 -0.060988 -0.035366 -0.085285 0.12917 -0.42005 0.053681 0.071979 -0.44029 -0.11477 0.077337 -0.74797 0.018531 0.075872 -0.77231 -0.09122 0.0047423 -0.8139 -0.038615 0.053884 -0.84211 0.0056365 -0.02498 0.60279
-0.048032 0.12009 0.38533 0.12478 -0.040765 0.30112 0.0009764 -0.034118 0.40782 -0.00056046 -0.0078973 0.068134 -0.052661 0.0033421 -0.053022 0.047704 0.0033421 -0.057523 -0.14051 0.0028273 0.16545 -0.081165 -0.069483 0.13201 -0.1789 0.23542 0.14657 -0.28719 -0.070696 0.023062 -0.23771 0.29107 0.1626 -0.29503 -0.057756 -0.058235 -0.094634 0.15035 -0.41139 0.040699 0.067863 -0.44184 -0.10565 0.096812 -0.74271 0.0082359 0.057181 -0.77401 -0.091445 0.077257 -0.82098 -0.029218 0.088787 -0.85779 0.013589 -0.012477 0.60351
-0.052151 0.1254 0.38629 0.13028 -0.027139 0.29931 0.0086309 -0.024909 0.40841 0.0010716 -0.0060347 0.068324 -0.05277 0.0029871 -0.052927 0.046798 0.0029871 -0.058272 -0.14084 0.0065523 0.16571 0.014636 0.0042553 0.066157 -0.2078 0.23308 0.14431 -0.20958 -0.051581 0.0070158 -0.27523 0.27812 0.16089 -0.22232 -0.037756 -0.073479 -0.10481 0.16386 -0.40422 0.026762 0.064824 -0.44262 -0.097662 0.144 -0.73544 0.0025047 0.034322 -0.7742 -0.10813 0.17378 -0.82663 -0.025319 0.068263 -0.84927 0.017515 -0.001444 0.60407
-0.047557 0.12906 0.38876 0.13359 -0.018812 0.29588 0.015118 -0.020768 0.40845 0.0023984 -0.0055154 0.068333 -0.053173 0.0023047 -0.052557 0.045691 0.0023047 -0.059176 -0.13807 0.0079841 0.17014 0.15474 0.086228 0.055881 -0.21828 0.23023 0.15051 -0.067766 0.013396 0.015553 -0.29028 0.26774 0.16643 -0.084796 0.028822 -0.063801 -0.10182 0.1632 -0.40429 0.023608 0.049556 -0.44546 -0.09651 0.25537 -0.72355 0.00895 -0.0031083 -0.77482 -0.12707 0.2447 -0.81142 -0.038586 -0.047845 -0.83534 0.019078 0.0019911 0.60435
-0.052227 0.12807 0.3901 0.13214 -0.014996 0.29528 0.014342 -0.020143 0.40851 0.0024308 -0.0055439 0.068331 -0.053045 0.0021037 -0.052699 0.045342 0.0021037 -0.059458 -0.14194 0.0041432 0.17275 0.21375 0.10243 0.066138 -0.23412 0.22168 0.15585 -0.0080435 0.029402 0.029042 -0.30897 0.25335 0.17093 -0.028581 0.046491 -0.049871 -0.10112 0.15229 -0.4091 0.025295 0.035823 -0.4473 -0.09087 0.31455 -0.70318 0.017888 -0.036376 -0.77335 -0.13338 0.24469 -0.76424 -0.033594 -0.078317 -0.84278 0.015408 -0.00057051 0.60481
-0.05761 0.12311 0.3915 0.13072 -0.016472 0.2977 0.010711 -0.024585 0.40836 0.0018687 -0.0064624 0.068264 -0.052684 0.0027252 -0.053023 0.045527 0.0027252 -0.059282 -0.14797 0.00084623 0.17348 0.21909 0.090032 0.072399 -0.24562 0.2165 0.16081 -0.0033335 0.015441 0.037133 -0.32165 0.24585 0.17499 -0.027623 0.031621 -0.038479 -0.097907 0.15036 -0.41096 0.029272 0.026242 -0.44803 -0.076018 0.32394 -0.69456 0.026452 -0.067941 -0.76815 -0.12081 0.30203 -0.74136 -0.021673 -0.093885 -0.84311 0.010062 -0.0097394 0.60505
-0.056663 0.11788 0.39301 0.12917 -0.025596 0.29995 0.0066336 -0.032203 0.40792 0.0010975 -0.0079611 0.068126 -0.05192 0.0036358 -0.053728 0.046033 0.0036358 -0.058848 -0.15143 0.0042216 0.1722 0.21746 0.077971 0.071627 -0.24335 0.22253 0.16456 -0.0047041 0.0030361 0.0375 -0.31871 0.25395 0.17768 -0.028107 0.023574 -0.040959 -0.085126 0.16184 -0.40844 0.036682 0.017148 -0.44831 -0.054292 0.31504 -0.70357 0.032105 -0.10012 -0.76103 -0.092771 0.38773 -0.75855 -0.017764 -0.15133 -0.82234 0.0043909 -0.020684 0.60484
-0.056594 0.11278 0.39286 0.12416 -0.039115 0.29974 0.0010411 -0.039637 0.40731 5.3687e-05 -0.0092844 0.067968 -0.051017 0.0044762 -0.05454 0.046637 0.0044762 -0.058316 -0.15201 0.0072864 0.16824 0.21648 0.064032 0.073629 -0.23662 0.22862 0.16218 -0.0065285 -0.0068297 0.036825 -0.31084 0.26308 0.17424 -0.028213 0.01832 -0.045315 -0.067074 0.16769 -0.40825 0.046478 0.012353 -0.44808 -0.035821 0.2914 -0.71676 0.03665 -0.12583 -0.75219 -0.066119 0.35611 -0.77936 -0.012508 -0.18911 -0.8034 -0.0039624 -0.027977 0.60419
-0.064189 0.098775 0.39148 0.12269 -0.042175 0.29983 -0.00096806 -0.051268 0.40598 -0.00018958 -0.011317 0.067653 -0.052903 0.0066177 -0.052383 0.04608 0.0066177 -0.058528 -0.14656 -0.014507 0.16589 0.22886 0.085786 0.085404 -0.23833 0.2035 0.15365 0.0099337 0.00040053 0.048466 -0.31355 0.23566 0.16493 -0.040778 -0.020273 0.0213 -0.054681 0.14662 -0.4159 0.050275 0.030309 -0.44742 -0.035989 0.25313 -0.73196 0.057069 -0.14074 -0.73314 -0.068205 0.3164 -0.80177 0.015873 -0.17414 -0.80452 -0.014205 -0.040216 0.60244
-0.069763 0.088872 0.38712 0.11979 -0.044366 0.30208 -0.0066831 -0.061116 0.40461 -0.0011932 -0.012369 0.067459 -0.054345 0.0078459 -0.050863 0.045714 0.0078459 -0.058699 -0.14347 -0.03534 0.16377 0.16901 0.055799 0.072822 -0.2338 0.18262 0.13984 -0.047229 -0.015476 0.014244 -0.30927 0.21514 0.15083 -0.11634 -0.074286 0.023564 -0.033866 0.12231 -0.42299 0.052612 0.049693 -0.4463 -0.030102 0.21183 -0.74446 0.079564 -0.14867 -0.71433 -0.070415 0.22883 -0.80975 0.051015 -0.15491 -0.80626 -0.026374 -0.054494 0.60081
-0.064189 0.093504 0.3817 0.11148 -0.054563 0.30501 -0.018176 -0.061804 0.40416 -0.0033568 -0.012077 0.067443 -0.05229 0.0069708 -0.053013 0.046725 0.0069708 -0.057989 -0.14536 -0.031466 0.16166 0.065412 -0.018128 0.043815 -0.21034 0.19361 0.1263 -0.15378 -0.039837 -0.044705 -0.28123 0.23462 0.13691 -0.21597 -0.093024 -0.047601 -0.0016011 0.11115 -0.4252 0.06014 0.050987 -0.44505 -0.0031271 0.18033 -0.75189 0.087423 -0.15956 -0.70253 -0.055305 0.11648 -0.80164 0.074159 -0.1557 -0.79459 -0.038982 -0.059161 0.6003
-0.05147 0.10504 0.38016 0.1032 -0.065309 0.30638 -0.026684 -0.054608 0.40467 -0.0048268 -0.011901 0.067387 -0.048459 0.0056059 -0.056665 0.048213 0.0056059 -0.056893 -0.14503 -0.014748 0.16226 0.042209 -0.017459 0.050521 -0.17891 0.21558 0.11984 -0.17907 -0.014425 -0.035704 -0.24249 0.26653 0.13 -0.24674 -0.05987 -0.030619 0.022895 0.10203 -0.42753 0.071376 0.04446 -0.44405 0.025053 0.15989 -0.75651 0.089952 -0.17234 -0.69634 -0.0387 0.10276 -0.80258 0.091637 -0.14402 -0.78484 -0.049018 -0.049777 0.60054
-0.045429 0.10946 0.37976 0.10185 -0.06616 0.30998 -0.031089 -0.051939 0.40478 -0.0056223 -0.010247 0.067599 -0.047136 0.0042982 -0.057965 0.048482 0.0042982 -0.056879 -0.14478 -0.0090531 0.16311 -0.010797 -0.018727 0.068271 -0.16483 0.22344 0.11603 -0.22657 -0.015621 -0.029628 -0.22963 0.27718 0.12833 -0.29457 -0.06266 -0.02066 0.034858 0.097852 -0.42749 0.077013 0.051555 -0.44271 0.032173 0.13402 -0.75914 0.12795 -0.14715 -0.71009 -0.008621 0.099986 -0.83053 0.13061 -0.11745 -0.79784 -0.055681 -0.04797 0.6008
-0.045633 0.10403 0.37923 0.099382 -0.060994 0.31535 -0.037265 -0.056894 0.40359 -0.0069782 -0.01053 0.067402 -0.047354 0.0053621 -0.057622 0.049933 0.0053621 -0.055285 -0.14618 -0.012089 0.16323 0.04688 -0.011766 0.072484 -0.15013 0.21847 0.11689 -0.17484 0.00062125 -0.0094698 -0.19797 0.28034 0.12305 -0.2421 -0.047561 -0.0048839 0.044709 0.097279 -0.42489 0.079642 0.052018 -0.44116 0.029633 0.10579 -0.75857 0.20957 -0.073779 -0.71633 0.025319 0.086543 -0.85188 0.22537 -0.036359 -0.80506 -0.052784 -0.043819 0.5993
-0.040232 0.10526 0.37915 0.099353 -0.055286 0.32303 -0.043483 -0.056706 0.4029 -0.0086857 -0.012411 0.066905 -0.047241 0.0076569 -0.057488 0.053867 0.0076569 -0.051363 -0.14897 -0.011402 0.16624 0.16156 0.012058 0.073982 -0.1229 0.22025 0.12106 -0.067546 0.033955 0.018834 -0.12794 0.30332 0.11472 -0.14185 -0.0021467 0.016051 0.064339 0.10178 -0.41899 0.073038 0.047546 -0.43863 0.032376 0.087461 -0.75101 0.26484 -0.00069861 -0.70806 0.05198 0.079465 -0.84215 0.28613 0.037852 -0.78893 -0.040766 -0.026758 0.59792
-0.033008 0.12397 0.3813 0.11299 -0.038589 0.33209 -0.037465 -0.040631 0.40532 -0.0080818 -0.01045 0.067327 -0.047082 0.0069828 -0.057717 0.055159 0.0069828 -0.050566 -0.14307 -0.013762 0.17688 0.011177 -0.012261 0.10152 -0.11988 0.22264 0.12047 -0.18966 -0.022415 -0.015886 -0.10494 0.31427 0.1104 -0.26863 -0.038579 -0.035011 0.078632 0.11625 -0.41161 0.034622 0.070001 -0.43482 0.027024 0.078871 -0.73888 0.20155 0.015353 -0.72061 0.061948 0.074245 -0.82665 0.15939 -0.01665 -0.77896 -0.031202 -0.015075 0.60109
-0.084423 0.098379 0.38815 0.093993 0.017532 0.32031 -0.019106 -0.044622 0.40637 -0.0030797 -0.011725 0.067496 -0.04523 0.0086244 -0.058943 0.044189 0.0086244 -0.058818 -0.09176 -0.061421 0.18778 -0.048951 -0.081594 0.11972 -0.19181 0.12469 0.1197 -0.24679 -0.08282 -0.017351 -0.22508 0.15456 0.086755 -0.31484 -0.11085 -0.052655 0.012749 0.12753 -0.42204 -0.034787 0.052687 -0.43707 -0.021665 0.052983 -0.74748 0.11408 0.059343 -0.73165 0.0031054 0.076475 -0.83174 0.04276 0.019069 -0.79054 -0.027153 -0.034499 0.60293
-0.13292 0.036458 0.3806 0.076174 0.050056 0.28748 0.0087036 -0.041432 0.40654 0.0042503 -0.01126 0.067483 -0.045576 0.0084357 -0.058651 0.036603 0.0084357 -0.064914 -0.018095 -0.098454 0.17801 0.046327 -0.12818 0.088759 -0.23912 -0.028034 0.11155 -0.16751 -0.14256 -0.0039032 -0.29662 -0.074897 0.063651 -0.23205 -0.18122 -0.03668 -0.084403 0.13539 -0.42679 -0.065703 -0.00038971 -0.44114 -0.045539 0.0094944 -0.7313 0.059018 0.10454 -0.73397 -0.044491 0.052231 -0.81538 0.0028463 0.078347 -0.80016 -0.0087133 -0.049904 0.60287
-0.12108 -0.0090359 0.35455 0.096999 0.020243 0.25977 0.033555 -0.0082602 0.40759 0.0093652 -0.0046555 0.067791 -0.050299 0.0029761 -0.055278 0.043853 0.0029761 -0.060522 0.042694 -0.077976 0.15684 0.14578 -0.10146 0.02847 -0.17976 -0.13468 0.097912 -0.064632 -0.19956 -0.018181 -0.19114 -0.20745 0.06044 -0.14294 -0.22358 -0.029244 -0.13884 0.14642 -0.40679 -0.029548 -0.038153 -0.44112 -0.0032438 -0.028835 -0.65643 0.042651 0.099174 -0.73681 -0.017076 -0.00094429 -0.74469 0.00019949 0.039161 -0.79449 0.022986 -0.033022 0.60301
-0.11039 -0.014564 0.34065 0.11868 -0.00032717 0.26471 0.03814 0.010555 0.40744 0.0096061 -0.00073856 0.067955 -0.054379 -0.00045752 -0.051411 0.049385 -0.00045752 -0.056214 0.09023 -0.048264 0.16661 0.20039 -0.04193 0.015098 -0.10591 -0.16739 0.1018 0.0083949 -0.18149 -0.011522 -0.12162 -0.24083 0.060608 -0.067387 -0.21432 -0.0087095 -0.16162 0.15926 -0.39059 -0.0017693 -0.039462 -0.4408 0.023904 -0.04446 -0.58053 0.065629 0.081431 -0.74459 0.0070269 -0.020961 -0.66971 0.028551 0.013413 -0.79988 0.030095 -0.020423 0.60219
-0.097622 -0.02005 0.3326 0.137 -0.013806 0.27526 0.043757 0.012769 0.40651 0.009801 -0.00010602 0.067868 -0.057469 -0.00080272 -0.047834 0.050962 -0.00080272 -0.054738 0.091435 0.020575 0.15868 0.19171 -0.057877 0.021497 -0.10675 -0.09718 0.11868 0.005149 -0.1995 -0.0087359 -0.16173 -0.1458 0.097979 -0.065838 -0.24258 -0.002558 -0.13836 0.16577 -0.38987 0.020048 -0.035043 -0.44167 0.041874 -0.058093 -0.55951 0.10588 0.052824 -0.75216 0.023999 -0.042276 -0.64986 0.057221 -0.0045748 -0.80555 0.036975 -0.027003 0.59948
-0.082958 -0.03697 0.32499 0.15098 -0.025776 0.2781 0.053368 0.0043608 0.40579 0.010741 -0.0011362 0.067756 -0.059015 -0.00067118 -0.045965 0.051047 -0.00067118 -0.054666 0.080673 0.11459 0.17084 0.15825 -0.10705 0.02378 -0.13415 0.0092556 0.16498 -0.02525 -0.25122 -0.017644 -0.21481 -0.017684 0.16841 -0.087937 -0.30415 -0.011216 -0.098282 0.18079 -0.38965 0.038368 -0.035575 -0.44275 0.046193 -0.077491 -0.54501 0.13563 0.019853 -0.75728 0.021827 -0.0669 -0.6346 0.071407 -0.02751 -0.80722 0.045903 -0.045905 0.59645
-0.078463 -0.053171 0.31952 0.15846 -0.035542 0.28033 0.055274 -0.014153 0.4053 0.01033 -0.0036019 0.067724 -0.058528 -0.0013718 -0.046557 0.051269 -0.0013718 -0.054445 0.06014 0.14544 0.20104 0.13943 -0.10981 0.025626 -0.16009 0.055148 0.2011 -0.029173 -0.26913 -0.022823 -0.23913 0.029748 0.19835 -0.080368 -0.3339 -0.01658 -0.079131 0.18654 -0.38802 0.04657 -0.034553 -0.44281 0.036889 -0.092723 -0.53114 0.15126 -0.0052994 -0.75848 -0.0020121 -0.066275 -0.61178 0.080877 -0.04294 -0.80756 0.042216 -0.066135 0.59516
-0.086529 -0.068796 0.31621 0.16282 -0.04993 0.28783 0.048457 -0.041302 0.40418 0.0087123 -0.0082341 0.067527 -0.057467 -0.00023758 -0.047891 0.051835 -0.00023758 -0.053967 -0.070584 0.037587 0.10212 0.11655 -0.11786 0.035578 -0.30157 0.037783 0.10983 -0.052203 -0.27509 -0.018758 -0.3827 0.033494 0.1072 -0.11664 -0.3247 -0.019762 -0.068964 0.11684 -0.41653 0.050961 -0.034634 -0.44221 0.048484 -0.078977 -0.65397 0.17396 -0.018834 -0.75317 -0.0072385 -0.032374 -0.72006 0.097656 -0.038365 -0.80443 0.031137 -0.085707 0.59554
-0.1058 -0.070794 0.31802 0.15825 -0.049622 0.30031 0.032238 -0.054318 0.40438 0.0048007 -0.010553 0.067595 -0.055999 0.0025477 -0.049501 0.05422 0.0025477 -0.05139 -0.1601 -0.0051596 0.052164 0.097468 -0.11199 0.048833 -0.39208 0.05927 0.054957 -0.071261 -0.26873 -0.0077066 -0.47394 0.074876 0.049817 -0.14301 -0.31041 -0.016572 -0.066289 0.09812 -0.42828 0.054457 -0.025156 -0.44029 0.020159 0.042135 -0.7461 0.14415 -0.0024485 -0.75889 -0.022503 0.048955 -0.81707 0.080301 -0.029558 -0.81902 0.015135 -0.09388 0.59693
-0.12367 -0.066233 0.32386 0.15093 -0.036847 0.31208 0.017883 -0.055787 0.40505 0.0015249 -0.010859 0.067722 -0.054684 0.0047567 -0.050825 0.056321 0.0047567 -0.049018 -0.17193 0.029673 0.083178 0.093486 -0.10043 0.06063 -0.39872 0.095236 0.07522 -0.062222 -0.2694 0.0030347 -0.47849 0.11413 0.065951 -0.12896 -0.31568 -0.011632 -0.070556 0.12549 -0.42099 0.06336 -0.003684 -0.43857 -0.024552 0.18212 -0.74752 0.096967 0.04129 -0.76853 -0.052801 0.15839 -0.83581 0.052911 -0.0017078 -0.83959 0.0059922 -0.096853 0.59761
-0.13201 -0.068803 0.32903 0.14818 -0.030446 0.31811 0.01295 -0.061745 0.40438 0.001488 -0.012205 0.067488 -0.053914 0.0050172 -0.051611 0.055523 0.0050172 -0.049874 -0.19114 0.014942 0.084495 0.097316 -0.10962 0.069601 -0.42072 0.072846 0.07995 -0.039757 -0.29282 0.0080715 -0.50182 0.088084 0.075891 -0.10759 -0.33572 -0.011369 -0.077446 0.10754 -0.42685 0.078845 0.020492 -0.43861 -0.023302 0.20928 -0.74048 0.10369 0.089452 -0.76458 -0.0643 0.2196 -0.82705 0.062493 0.059394 -0.84275 0.0087909 -0.1056 0.59666
-0.14506 -0.064379 0.33136 0.13824 -0.03014 0.32072 0.0016143 -0.062909 0.40434 0.00012661 -0.01265 0.067414 -0.052631 0.0051603 -0.052888 0.054575 0.0051603 -0.050887 -0.21191 0.0050621 0.082655 0.084851 -0.1139 0.074043 -0.43972 0.070947 0.081002 -0.04386 -0.30252 0.010258 -0.52063 0.088433 0.079312 -0.11374 -0.34283 -0.010493 -0.081038 0.097983 -0.43061 0.087041 0.038197 -0.43807 -0.023847 0.20767 -0.74059 0.11243 0.12528 -0.7592 -0.038817 0.15168 -0.80089 0.073882 0.10423 -0.84483 0.0022949 -0.10899 0.59614
-0.15033 -0.044408 0.33726 0.13355 -0.02516 0.3217 -0.0026501 -0.060454 0.40474 -0.00039371 -0.012465 0.067453 -0.051904 0.0054237 -0.053593 0.053525 0.0054237 -0.051978 -0.21551 0.0059106 0.085153 0.085949 -0.10796 0.073757 -0.44158 0.076615 0.082684 -0.038221 -0.29914 0.0087085 -0.52155 0.097145 0.081272 -0.10727 -0.32901 -0.023595 -0.071729 0.10234 -0.43047 0.096672 0.054313 -0.43618 -0.028593 0.21116 -0.74317 0.12633 0.1557 -0.753 -0.044524 0.16266 -0.80206 0.11776 0.11508 -0.83198 -0.00017074 -0.10904 0.59598
-0.1449 -0.019064 0.3465 0.1374 -0.017771 0.3218 0.0027771 -0.05876 0.40501 0.00061436 -0.012397 0.067468 -0.051679 0.0056886 -0.053776 0.051548 0.0056886 -0.053896 -0.20862 0.010855 0.090068 0.099879 -0.10106 0.072215 -0.43241 0.089423 0.090161 -0.026346 -0.28944 0.0036458 -0.51131 0.11478 0.090796 -0.090493 -0.31582 -0.041514 -0.056578 0.10842 -0.42981 0.11243 0.067451 -0.43394 -0.03071 0.2157 -0.74496 0.15365 0.17674 -0.74673 -0.078584 0.25029 -0.82439 0.1811 0.12232 -0.81854 -0.00016219 -0.10865 0.59579
-0.14302 -0.0019737 0.35026 0.13599 -0.01925 0.322 0.00067423 -0.058064 0.40514 0.00020204 -0.012376 0.067478 -0.050606 0.0059765 -0.054757 0.049418 0.0059765 -0.055829 -0.21211 0.023729 0.094839 0.0938 -0.10446 0.07395 -0.42609 0.12764 0.098708 -0.048095 -0.27854 -0.0013155 -0.50152 0.163 0.10116 -0.10568 -0.31966 -0.044898 -0.051481 0.11366 -0.42942 0.12637 0.06996 -0.43256 -0.033502 0.21619 -0.74668 0.17989 0.17555 -0.74475 -0.080419 0.23932 -0.82612 0.21258 0.14784 -0.82809 -0.01401 -0.10601 0.5959
-0.15084 0.016767 0.34296 0.12158 -0.025316 0.32449 -0.017527 -0.05417 0.40509 -0.0028337 -0.011866 0.067482 -0.04881 0.0058649 -0.056374 0.05011 0.0058649 -0.055214 -0.22142 0.039928 0.087739 0.080463 -0.11889 0.0781 -0.42658 0.14457 0.071937 -0.069584 -0.28394 -0.0026073 -0.49629 0.18041 0.068607 -0.12655 -0.30405 -0.05676 -0.052233 0.12066 -0.42883 0.13169 0.066128 -0.4316 -0.035666 0.22252 -0.74639 0.18855 0.16258 -0.7462 -0.081305 0.24551 -0.82754 0.23256 0.13177 -0.8205 -0.028246 -0.10058 0.59648
-0.15991 0.024447 0.33057 0.10863 -0.02872 0.32899 -0.03466 -0.050408 0.40472 -0.0060145 -0.011247 0.067414 -0.046755 0.0057429 -0.058103 0.051451 0.0057429 -0.053996 -0.22862 0.053199 0.075517 0.10251 -0.1111 0.078101 -0.44202 0.18788 0.055784 -0.047244 -0.27376 -0.0066897 -0.52114 0.23728 0.046515 -0.10814 -0.28916 -0.058595 -0.053893 0.1259 -0.42889 0.13061 0.064138 -0.43116 -0.04279 0.22793 -0.7466 0.18787 0.14844 -0.7491 -0.081375 0.22112 -0.82301 0.24475 0.11441 -0.8187 -0.038975 -0.096908 0.59641
-0.1653 0.016508 0.32004 0.1046 -0.031239 0.33347 -0.04165 -0.049926 0.40401 -0.0078055 -0.011031 0.067251 -0.044613 0.0058068 -0.05976 0.051746 0.0058068 -0.0537 -0.23039 0.058656 0.065755 0.16439 -0.071647 0.076761 -0.42804 0.15857 0.025126 0.0091868 -0.2326 -0.0023123 -0.49242 0.19297 0.012626 -0.056085 -0.2739 -0.03323 -0.057761 0.12814 -0.42962 0.12741 0.06411 -0.43163 -0.059438 0.22498 -0.74918 0.18555 0.14131 -0.75124 -0.082979 0.15756 -0.81244 0.22803 0.10895 -0.82622 -0.046993 -0.096541 0.59561
-0.17049 0.0066735 0.31336 0.10169 -0.037075 0.33628 -0.046743 -0.051268 0.40327 -0.0089462 -0.011222 0.067076 -0.043208 0.0058975 -0.060789 0.05231 0.0058975 -0.053146 -0.22842 0.053819 0.058075 0.19629 -0.043332 0.083117 -0.32758 -0.075495 -0.074326 0.032677 -0.203 0.016182 -0.30446 -0.13202 -0.090078 -0.035959 -0.24514 -0.0046492 -0.067228 0.12903 -0.42984 0.12179 0.062652 -0.43254 -0.084533 0.21902 -0.75102 0.17591 0.14614 -0.75126 -0.10051 0.14331 -0.80664 0.17491 0.078711 -0.81089 -0.051407 -0.095772 0.5954
-0.17313 -0.0011794 0.31024 0.10014 -0.031597 0.33842 -0.048485 -0.052313 0.40301 -0.0090804 -0.011397 0.067035 -0.045472 0.006543 -0.058976 0.053764 0.006543 -0.051576 -0.22532 0.040475 0.053799 0.10305 -0.081411 0.088406 -0.21685 -0.18429 -0.068434 -0.022539 -0.24989 -0.01442 -0.1442 -0.24242 -0.07376 -0.094143 -0.28798 -0.029167 -0.076032 0.12251 -0.42985 0.10798 0.071669 -0.43191 -0.11353 0.22416 -0.74534 0.15347 0.16066 -0.75051 -0.11706 0.14058 -0.78794 0.14732 0.076613 -0.7984 -0.050951 -0.093209 0.59598
-0.16677 -0.0079839 0.30996 0.10589 -0.025167 0.33928 -0.041348 -0.056322 0.40316 -0.0080378 -0.011907 0.067071 -0.048013 0.0074012 -0.056907 0.054536 0.0074012 -0.050663 -0.22329 0.036849 0.052238 0.076319 -0.098655 0.086246 -0.15967 -0.17699 -0.013333 -0.036961 -0.27037 -0.030889 -0.079242 -0.18744 -0.0072651 -0.10645 -0.31319 -0.044303 -0.082618 0.10765 -0.43209 0.096155 0.081768 -0.43111 -0.1325 0.22392 -0.74135 0.13267 0.17264 -0.7503 -0.14305 0.14955 -0.7908 0.13602 0.10152 -0.80826 -0.041532 -0.098531 0.59584
-0.15401 -0.014481 0.31118 0.11809 -0.028527 0.33811 -0.027806 -0.062559 0.40346 -0.0062938 -0.012745 0.067109 -0.048514 0.0077044 -0.056408 0.053971 0.0077044 -0.051213 -0.20118 0.017436 0.052231 0.17607 -0.057509 0.079683 -0.12673 -0.20101 -0.0026174 0.031886 -0.22733 -0.0015721 -0.044155 -0.19713 -0.0049126 -0.028281 -0.28116 -0.019513 -0.088511 0.082033 -0.43694 0.091374 0.086299 -0.43117 -0.1344 0.20615 -0.74345 0.12109 0.17874 -0.75065 -0.17166 0.16283 -0.81832 0.11425 0.12015 -0.82351 -0.02755 -0.11023 0.59489
-0.14659 -0.019876 0.31304 0.12745 -0.032585 0.33581 -0.017845 -0.06406 0.40381 -0.0045536 -0.013106 0.067183 -0.049613 0.0070264 -0.055535 0.053542 0.0070264 -0.051759 -0.14274 -0.058346 0.053471 0.19329 -0.039593 0.07699 -0.048878 -0.26797 -0.0059704 0.067997 -0.22644 0.0027827 0.029315 -0.26879 -0.034304 0.019247 -0.28966 -0.018622 -0.093115 0.042882 -0.44112 0.082954 0.09495 -0.43042 -0.12594 0.18041 -0.74342 0.10412 0.18914 -0.75015 -0.16996 0.14442 -0.82002 0.087012 0.12198 -0.8142 -0.019869 -0.11253 0.59502
-0.14252 -0.024861 0.31826 0.13403 -0.024051 0.33435 -0.0085872 -0.061841 0.4044 -0.0025326 -0.012894 0.06732 -0.051396 0.0057642 -0.05403 0.053473 0.0057642 -0.051984 -0.13443 -0.076758 0.055678 0.1967 -0.010528 0.076346 -0.026474 -0.27761 -0.008823 0.094312 -0.21095 0.00075941 0.041427 -0.30806 -0.037793 0.05358 -0.27998 -0.020027 -0.090618 0.0054313 -0.44194 0.066692 0.10777 -0.42782 -0.1111 0.14189 -0.74632 0.068013 0.20312 -0.74758 -0.16026 0.1247 -0.82094 0.059807 0.14977 -0.81996 -0.010114 -0.11196 0.59519
-0.14042 -0.026732 0.32444 0.13813 -0.012648 0.33349 -0.0015953 -0.05851 0.40505 -0.00089889 -0.012409 0.067465 -0.052846 0.0047491 -0.052733 0.053355 0.0047491 -0.052209 -0.15663 -0.056513 0.062288 0.19466 -0.0013317 0.076394 -0.046756 -0.25399 -0.0089232 0.097366 -0.20213 -0.0021438 0.0080938 -0.31826 -0.023633 0.061454 -0.27369 -0.022351 -0.084551 -0.02274 -0.4402 0.051602 0.11799 -0.42533 -0.09053 0.090962 -0.75378 0.032544 0.21655 -0.744 -0.14673 0.10054 -0.831 0.04282 0.1925 -0.83806 0.0005347 -0.11404 0.59433
-0.14111 -0.020559 0.32572 0.13897 -0.022201 0.33156 -0.0028057 -0.056548 0.40529 -0.0010183 -0.01209 0.067515 -0.052657 0.0049686 -0.052892 0.052577 0.0049686 -0.052972 -0.11324 -0.11535 0.078963 0.12146 -0.097975 0.077391 -0.0073247 -0.30858 -0.0082979 0.022752 -0.28987 -0.020594 0.035881 -0.37084 -0.041408 -0.007937 -0.36158 -0.048074 -0.084677 -0.040949 -0.43865 0.053621 0.11616 -0.42657 -0.063311 0.033089 -0.76354 0.037185 0.22477 -0.74189 -0.1154 0.040055 -0.84099 0.049232 0.2004 -0.83145 0.0026721 -0.1207 0.59176
