-0.10284 0.025288 0.334 0.1461 -0.0012493 0.28101 0.042237 0.0058854 0.40702 0.0087262 -0.00063596 0.068037 -0.058665 -0.0028384 -0.046318 0.053574 -0.0028384 -0.052123 -0.19308 0.119 0.10221 0.21052 -0.25857 0.26413 -0.22982 0.098399 -0.13101 0.24868 -0.49209 0.25072 -0.25853 0.081717 -0.20675 0.2482 -0.56075 0.29682 -0.10793 0.05572 -0.42853 0.024866 0.085095 -0.43079 -0.13143 0.13063 -0.75307 0.0053121 0.13697 -0.76005 -0.13554 0.045351 -0.79144 -0.029696 0.12521 -0.84606 0.035915 -0.023035 0.60205
-0.10297 0.025272 0.33407 0.14649 -0.0008226 0.28137 0.04215 0.0059855 0.40703 0.0086911 -0.00060259 0.068041 -0.058633 -0.0028386 -0.046359 0.053581 -0.0028386 -0.052116 -0.19359 0.11942 0.1026 0.20738 -0.25926 0.26319 -0.22967 0.098398 -0.13071 0.24328 -0.49324 0.25079 -0.25852 0.08123 -0.20638 0.2413 -0.55322 0.30981 -0.108 0.055601 -0.42858 0.024661 0.085048 -0.43078 -0.13149 0.1306 -0.7531 0.0050377 0.13709 -0.76001 -0.14294 0.032373 -0.78119 -0.032228 0.13375 -0.84813 0.036245 -0.022987 0.60207
-0.10314 0.025217 0.33418 0.14678 -0.00042898 0.28167 0.042059 0.0060702 0.40704 0.0086549 -0.00057744 0.068046 -0.058604 -0.0028294 -0.046397 0.053579 -0.0028294 -0.05212 -0.19391 0.11951 0.10283 0.20617 -0.25933 0.26268 -0.22955 0.098035 -0.13051 0.241 -0.49355 0.25128 -0.25827 0.080746 -0.20623 0.23812 -0.54825 0.31779 -0.10805 0.055508 -0.42862 0.024483 0.085041 -0.43077 -0.13151 0.13062 -0.75312 0.0048312 0.13718 -0.75999 -0.1463 0.026427 -0.77643 -0.03359 0.13786 -0.84916 0.036576 -0.022959 0.60208
-0.10333 0.025136 0.33434 0.14699 -6.3551e-05 0.28192 0.041965 0.0061413 0.40704 0.0086178 -0.00055981 0.068051 -0.058577 -0.0028121 -0.046432 0.053569 -0.0028121 -0.05213 -0.19407 0.11932 0.10294 0.20662 -0.25888 0.26255 -0.22946 0.097371 -0.1304 0.24136 -0.49315 0.25212 -0.25781 0.080256 -0.2063 0.23807 -0.54549 0.32146 -0.10808 0.055439 -0.42866 0.024329 0.085074 -0.43077 -0.1315 0.13066 -0.75314 0.0046832 0.13724 -0.75998 -0.14631 0.026356 -0.77629 -0.033932 0.13814 -0.84925 0.036903 -0.02295 0.60209
-0.10353 0.025038 0.33453 0.14715 0.00027861 0.28214 0.04187 0.0062007 0.40705 0.0085799 -0.00054897 0.068056 -0.058553 -0.0027876 -0.046464 0.053555 -0.0027876 -0.052146 -0.1941 0.11888 0.10292 0.20846 -0.25799 0.26273 -0.22938 0.096469 -0.13038 0.24389 -0.49219 0.25322 -0.25718 0.079753 -0.20653 0.24057 -0.54459 0.32151 -0.10809 0.055391 -0.4287 0.024195 0.085143 -0.43076 -0.13146 0.13072 -0.75315 0.0045842 0.13727 -0.75998 -0.14365 0.031002 -0.77989 -0.033402 0.13523 -0.84849 0.037225 -0.022959 0.6021
-0.10375 0.024934 0.33474 0.14727 0.00060242 0.28233 0.041773 0.0062503 0.40706 0.0085415 -0.00054422 0.068061 -0.05853 -0.0027572 -0.046494 0.053539 -0.0027572 -0.052163 -0.19401 0.11824 0.1028 0.21141 -0.25678 0.26315 -0.22933 0.09539 -0.13045 0.24811 -0.49078 0.25451 -0.25642 0.079228 -0.20692 0.24502 -0.54519 0.31867 -0.1081 0.055359 -0.42874 0.024075 0.085246 -0.43075 -0.1314 0.13081 -0.75317 0.0045249 0.13728 -0.76 -0.13898 0.039208 -0.78637 -0.032151 0.12973 -0.84699 0.037538 -0.022985 0.60211
-0.10396 0.024835 0.33496 0.14739 0.00091279 0.28253 0.041678 0.006292 0.40707 0.0085027 -0.00054485 0.068066 -0.058509 -0.0027219 -0.046523 0.053524 -0.0027219 -0.05218 -0.19382 0.11742 0.10258 0.2152 -0.25532 0.26374 -0.22928 0.094196 -0.1306 0.25353 -0.48905 0.25592 -0.25557 0.078673 -0.20744 0.25085 -0.54694 0.31362 -0.1081 0.055341 -0.42877 0.023968 0.085381 -0.43074 -0.13133 0.1309 -0.75318 0.0044961 0.13727 -0.76001 -0.13299 0.049817 -0.79485 -0.030328 0.12226 -0.84485 0.03784 -0.023027 0.60211
-0.10417 0.024752 0.33518 0.14753 0.0012146 0.28275 0.041585 0.0063276 0.40708 0.0084636 -0.00055014 0.068071 -0.058488 -0.0026829 -0.046551 0.053512 -0.0026829 -0.052195 -0.19357 0.11647 0.10228 0.21955 -0.2537 0.26444 -0.22925 0.092949 -0.13083 0.25968 -0.48715 0.25737 -0.25466 0.07808 -0.20805 0.25747 -0.54949 0.30709 -0.10809 0.055333 -0.4288 0.023868 0.085546 -0.43072 -0.13124 0.13101 -0.75319 0.0044882 0.13724 -0.76002 -0.12634 0.061672 -0.80446 -0.028083 0.11345 -0.84216 0.038127 -0.023084 0.60211
-0.10437 0.024695 0.33538 0.14772 0.0015129 0.28299 0.041496 0.006359 0.40709 0.0084245 -0.00055939 0.068075 -0.058467 -0.0026413 -0.046579 0.053505 -0.0026413 -0.052203 -0.19327 0.11543 0.10191 0.2242 -0.25204 0.26518 -0.22922 0.091712 -0.13113 0.26608 -0.48519 0.25879 -0.25373 0.077441 -0.20874 0.26429 -0.55248 0.29976 -0.10809 0.055331 -0.42884 0.023772 0.085737 -0.43069 -0.13116 0.13113 -0.7532 0.004492 0.1372 -0.76003 -0.11971 0.073614 -0.81432 -0.025565 0.1039 -0.83902 0.038397 -0.023156 0.60211
-0.10454 0.024676 0.33556 0.14797 0.0018124 0.28329 0.041411 0.0063881 0.4071 0.0083855 -0.00057189 0.06808 -0.058446 -0.0025982 -0.046608 0.053506 -0.0025982 -0.052204 -0.19294 0.11433 0.10148 0.22886 -0.2504 0.2659 -0.2292 0.090545 -0.13149 0.27226 -0.4833 0.26009 -0.25282 0.076746 -0.20947 0.27073 -0.55556 0.29236 -0.10808 0.055333 -0.42887 0.023675 0.085954 -0.43064 -0.13107 0.13124 -0.75321 0.0044982 0.13714 -0.76003 -0.11377 0.084487 -0.82357 -0.022925 0.09423 -0.83553 0.038648 -0.023241 0.60211
-0.10469 0.024705 0.33571 0.14832 0.0021182 0.28365 0.041331 0.0064167 0.40711 0.0083468 -0.00058692 0.068085 -0.058424 -0.0025548 -0.046638 0.053518 -0.0025548 -0.052195 -0.19261 0.11322 0.10101 0.23326 -0.2489 0.26652 -0.22917 0.089512 -0.13193 0.27772 -0.48162 0.26121 -0.25196 0.075989 -0.21022 0.2762 -0.55838 0.28558 -0.10808 0.055335 -0.4289 0.023575 0.086193 -0.43057 -0.131 0.13135 -0.75323 0.0044972 0.13708 -0.76002 -0.10921 0.093134 -0.83133 -0.020312 0.085064 -0.83179 0.038876 -0.023339 0.6021
-0.1048 0.024792 0.33581 0.1488 0.0024351 0.28409 0.04126 0.0064467 0.40711 0.0083086 -0.00060378 0.068089 -0.058401 -0.0025121 -0.04667 0.053542 -0.0025121 -0.052173 -0.1923 0.11213 0.10052 0.23713 -0.24761 0.26698 -0.22914 0.088674 -0.13242 0.28199 -0.48028 0.26207 -0.2512 0.07516 -0.21096 0.28012 -0.56058 0.28012 -0.10808 0.055333 -0.42894 0.023467 0.086452 -0.43049 -0.13094 0.13145 -0.75324 0.0044798 0.13701 -0.76 -0.10668 0.098396 -0.83674 -0.017876 0.077015 -0.8279 0.039079 -0.023448 0.60209
-0.10487 0.024948 0.33586 0.1494 0.0027682 0.28462 0.041196 0.0064788 0.40712 0.0082711 -0.0006219 0.068094 -0.058376 -0.0024707 -0.046703 0.05358 -0.0024707 -0.052136 -0.19204 0.11111 0.10001 0.24025 -0.24662 0.26724 -0.22911 0.088072 -0.13296 0.28468 -0.47937 0.26262 -0.25056 0.074254 -0.21166 0.282 -0.56183 0.27662 -0.1081 0.055326 -0.42897 0.023349 0.086729 -0.43039 -0.13091 0.13154 -0.75326 0.0044406 0.13693 -0.75995 -0.10677 0.0993 -0.83904 -0.01575 0.07063 -0.82395 0.039255 -0.023568 0.60208
-0.10491 0.025175 0.33588 0.15 0.0031237 0.28514 0.041146 0.0065034 0.40712 0.0082354 -0.00064193 0.068098 -0.05835 -0.0024274 -0.046738 0.053622 -0.0024274 -0.052096 -0.19181 0.11016 0.099499 0.24279 -0.24575 0.26731 -0.22908 0.087579 -0.13351 0.28613 -0.4787 0.26306 -0.25005 0.073278 -0.21231 0.28221 -0.56205 0.2751 -0.10811 0.055321 -0.42901 0.023247 0.087026 -0.43028 -0.13087 0.13162 -0.75328 0.0044056 0.13685 -0.7599 -0.10915 0.096367 -0.83852 -0.013938 0.065876 -0.82007 0.039413 -0.023697 0.60206
-0.10491 0.025471 0.33589 0.15043 0.0035085 0.2855 0.041114 0.006506 0.40713 0.0082029 -0.00066513 0.068101 -0.058325 -0.0023768 -0.046772 0.053651 -0.0023768 -0.05207 -0.1916 0.1093 0.099022 0.24516 -0.24473 0.26728 -0.22908 0.086984 -0.134 0.287 -0.47795 0.26372 -0.24965 0.072249 -0.21286 0.28155 -0.56125 0.27525 -0.10812 0.055331 -0.42905 0.023193 0.087348 -0.43018 -0.13083 0.13172 -0.7533 0.0044164 0.13675 -0.75987 -0.11311 0.090846 -0.836 -0.012379 0.062438 -0.81636 0.039566 -0.023835 0.60204
-0.10488 0.025835 0.33593 0.15048 0.0039293 0.28554 0.041104 0.006472 0.40713 0.008175 -0.00069273 0.068105 -0.058303 -0.0023135 -0.046802 0.05365 -0.0023135 -0.052074 -0.19139 0.10854 0.0986 0.24773 -0.2433 0.26722 -0.22912 0.086075 -0.13437 0.288 -0.4768 0.26492 -0.24932 0.071181 -0.2133 0.28078 -0.55945 0.2768 -0.1081 0.05537 -0.42908 0.023225 0.087699 -0.43012 -0.13074 0.13185 -0.75331 0.0045149 0.13663 -0.75988 -0.11789 0.083996 -0.83228 -0.011013 0.06 -0.81296 0.039727 -0.023979 0.60203
-0.10484 0.026265 0.33603 0.14998 0.004393 0.28511 0.041122 0.0063869 0.40713 0.008153 -0.00072599 0.068107 -0.058285 -0.0022322 -0.046828 0.053603 -0.0022322 -0.052124 -0.19116 0.10788 0.098258 0.25088 -0.24117 0.26721 -0.22922 0.084641 -0.13456 0.28979 -0.47493 0.26699 -0.24906 0.070091 -0.2136 0.28071 -0.55666 0.27946 -0.10805 0.055451 -0.42911 0.023376 0.088083 -0.43011 -0.13059 0.13203 -0.75333 0.0047428 0.13648 -0.75996 -0.12276 0.07707 -0.82815 -0.009779 0.058244 -0.80998 0.03991 -0.024129 0.60202
-0.1048 0.026759 0.33622 0.14873 0.0049064 0.28408 0.041174 0.0062362 0.40713 0.0081386 -0.00076615 0.068108 -0.058274 -0.0021275 -0.046847 0.053495 -0.0021275 -0.052238 -0.1909 0.10734 0.09802 0.25502 -0.23807 0.26733 -0.2294 0.082473 -0.1345 0.29307 -0.47199 0.27023 -0.24884 0.068993 -0.21372 0.28211 -0.5529 0.28292 -0.10796 0.055585 -0.42914 0.023683 0.088504 -0.43018 -0.13035 0.13227 -0.75334 0.0051416 0.1363 -0.76012 -0.12699 0.071325 -0.82443 -0.0086159 0.056853 -0.80755 0.040129 -0.024284 0.60202
-0.10475 0.027314 0.33653 0.14667 0.0054638 0.28238 0.041261 0.0060192 0.40712 0.0081319 -0.00081325 0.068108 -0.058269 -0.0019979 -0.046858 0.053316 -0.0019979 -0.052423 -0.19061 0.10692 0.097908 0.26037 -0.23387 0.26765 -0.22967 0.079492 -0.13416 0.29813 -0.46782 0.27483 -0.24866 0.0679 -0.21365 0.28539 -0.54823 0.28699 -0.10782 0.05578 -0.42915 0.024164 0.088961 -0.43034 -0.13002 0.13258 -0.75334 0.0057335 0.13608 -0.76038 -0.13007 0.067585 -0.82166 -0.0074774 0.055591 -0.80571 0.04039 -0.024443 0.60202
-0.10472 0.027914 0.33697 0.14411 0.0060286 0.28026 0.04138 0.0057714 0.40711 0.0081309 -0.00086427 0.068108 -0.058271 -0.0018511 -0.046861 0.05308 -0.0018511 -0.052665 -0.19031 0.10657 0.097933 0.26676 -0.22871 0.26816 -0.23003 0.075965 -0.13357 0.30429 -0.46258 0.28056 -0.24852 0.06681 -0.2134 0.28993 -0.54277 0.29166 -0.10763 0.056024 -0.42917 0.024795 0.089443 -0.43056 -0.1296 0.13295 -0.75334 0.0064899 0.13582 -0.76072 -0.13213 0.065587 -0.81975 -0.0063532 0.05442 -0.80439 0.040681 -0.024614 0.60203
-0.10473 0.028547 0.33756 0.14137 0.006559 0.27798 0.041525 0.0055333 0.4071 0.008133 -0.00091571 0.068107 -0.058279 -0.0016965 -0.046858 0.052802 -0.0016965 -0.052949 -0.19003 0.10626 0.098109 0.27396 -0.22282 0.26889 -0.2305 0.072211 -0.13277 0.31072 -0.4565 0.28713 -0.24845 0.065721 -0.21297 0.295 -0.53667 0.29695 -0.10741 0.056301 -0.42917 0.025548 0.089934 -0.43084 -0.12912 0.13335 -0.75334 0.007375 0.13554 -0.76111 -0.13338 0.064896 -0.81848 -0.0052386 0.053336 -0.80346 0.040987 -0.024804 0.60202
-0.10479 0.029196 0.3383 0.13879 0.0070133 0.27581 0.041692 0.0053458 0.40709 0.0081356 -0.00096406 0.068106 -0.058291 -0.0015434 -0.046849 0.052498 -0.0015434 -0.053256 -0.18982 0.10595 0.098445 0.28175 -0.2164 0.26983 -0.23106 0.068549 -0.13182 0.31657 -0.44981 0.29425 -0.24847 0.064631 -0.21238 0.29982 -0.53008 0.30288 -0.10717 0.056596 -0.42918 0.026393 0.090419 -0.43115 -0.1286 0.13378 -0.75333 0.0083524 0.13523 -0.76154 -0.13404 0.065077 -0.81767 -0.0041289 0.052332 -0.8028 0.041294 -0.025018 0.60201
-0.10491 0.029847 0.33921 0.13673 0.0073498 0.27403 0.041875 0.0052496 0.40707 0.0081362 -0.0010058 0.068105 -0.058306 -0.001401 -0.046834 0.052184 -0.001401 -0.05357 -0.18971 0.1056 0.098954 0.2899 -0.20967 0.271 -0.23172 0.065297 -0.13075 0.32101 -0.44273 0.30164 -0.24859 0.063537 -0.21163 0.30366 -0.52314 0.30948 -0.10691 0.056896 -0.42917 0.0273 0.090885 -0.43147 -0.12806 0.13421 -0.75331 0.009386 0.13491 -0.76197 -0.13433 0.065693 -0.8171 -0.0030196 0.051404 -0.8023 0.041587 -0.025265 0.60196
-0.10511 0.030487 0.34029 0.1355 0.0075293 0.27289 0.042069 0.0052835 0.40705 0.0081322 -0.0010376 0.068105 -0.058324 -0.0012784 -0.046815 0.051876 -0.0012784 -0.053874 -0.18974 0.10516 0.099644 0.29817 -0.20284 0.27241 -0.23248 0.062761 -0.12961 0.32324 -0.43549 0.30902 -0.24884 0.062435 -0.21074 0.30577 -0.516 0.31676 -0.10664 0.057184 -0.42917 0.028241 0.091317 -0.43178 -0.12752 0.13462 -0.75329 0.01044 0.13457 -0.76239 -0.13446 0.06632 -0.81657 -0.0019063 0.050547 -0.80184 0.041851 -0.02555 0.60189
-0.10539 0.031101 0.34152 0.13515 0.0075652 0.27244 0.042272 0.0054476 0.40702 0.0081241 -0.0010591 0.068106 -0.058345 -0.0011754 -0.046794 0.051582 -0.0011754 -0.05416 -0.1899 0.10464 0.10049 0.30639 -0.19604 0.27399 -0.23332 0.060975 -0.12844 0.32321 -0.42816 0.31627 -0.24919 0.061293 -0.20973 0.30603 -0.50869 0.3246 -0.10638 0.057457 -0.42915 0.029193 0.091713 -0.43207 -0.12698 0.13501 -0.75327 0.011491 0.13422 -0.76278 -0.13457 0.066692 -0.81595 -0.00079395 0.049757 -0.80137 0.042081 -0.025871 0.60178
-0.10569 0.03168 0.34282 0.1355 0.0075177 0.27252 0.042482 0.0057071 0.407 0.0081146 -0.0010726 0.068107 -0.058365 -0.0010841 -0.04677 0.051301 -0.0010841 -0.054428 -0.19017 0.10407 0.10142 0.31444 -0.18931 0.27567 -0.23423 0.05973 -0.12726 0.32151 -0.4207 0.32343 -0.24963 0.060051 -0.20865 0.30482 -0.5012 0.33273 -0.1061 0.057718 -0.42914 0.030144 0.092079 -0.43234 -0.12646 0.13538 -0.75324 0.012525 0.13389 -0.76314 -0.13474 0.066695 -0.81513 0.00030429 0.049033 -0.80091 0.042278 -0.026217 0.60166
-0.106 0.032213 0.3441 0.13633 0.0074487 0.27296 0.042698 0.006026 0.40697 0.0081067 -0.0010805 0.068107 -0.058385 -0.00099641 -0.046747 0.051037 -0.00099641 -0.054678 -0.19054 0.10345 0.10239 0.32219 -0.18273 0.27733 -0.23518 0.058805 -0.12611 0.31877 -0.41306 0.33053 -0.2501 0.058649 -0.20755 0.30254 -0.49348 0.34089 -0.10583 0.057971 -0.42913 0.031078 0.092424 -0.43259 -0.12595 0.13574 -0.75322 0.013529 0.13356 -0.76348 -0.13505 0.066217 -0.81402 0.001375 0.048372 -0.80046 0.042445 -0.026578 0.60152
-0.10628 0.032689 0.3453 0.13745 0.0074204 0.27359 0.042919 0.0063681 0.40694 0.0081033 -0.0010852 0.068108 -0.058404 -0.00090399 -0.046725 0.050788 -0.00090399 -0.054909 -0.19097 0.10283 0.10332 0.3295 -0.17633 0.27888 -0.23615 0.057983 -0.125 0.31561 -0.40517 0.33762 -0.25057 0.057027 -0.20648 0.29959 -0.48551 0.3488 -0.10555 0.058219 -0.42912 0.031983 0.092755 -0.43282 -0.12545 0.13608 -0.7532 0.014489 0.13326 -0.76379 -0.13558 0.065147 -0.81251 0.0024049 0.047774 -0.80003 0.042582 -0.026942 0.60137
-0.10648 0.033098 0.34633 0.13864 0.0074946 0.27426 0.043143 0.0066973 0.40691 0.0081073 -0.0010891 0.068107 -0.058421 -0.00079865 -0.046706 0.050556 -0.00079865 -0.055123 -0.19146 0.10222 0.10415 0.33625 -0.17017 0.28022 -0.23711 0.057043 -0.12398 0.31268 -0.39698 0.34474 -0.251 0.055124 -0.20549 0.29639 -0.47724 0.35619 -0.10526 0.058467 -0.42912 0.032845 0.093079 -0.43303 -0.12498 0.13641 -0.75319 0.015392 0.13299 -0.76408 -0.13639 0.063375 -0.81052 0.0033804 0.047236 -0.79963 0.042693 -0.027298 0.60122
-0.10659 0.033424 0.34713 0.13976 0.0077202 0.27484 0.043369 0.0069769 0.40688 0.0081203 -0.0010959 0.068106 -0.058433 -0.00067312 -0.046692 0.050344 -0.00067312 -0.055316 -0.19197 0.10165 0.10483 0.34236 -0.16429 0.28127 -0.23805 0.055817 -0.12307 0.3105 -0.38846 0.35189 -0.25137 0.05292 -0.20462 0.29329 -0.46865 0.36288 -0.10497 0.058722 -0.42912 0.033657 0.093396 -0.43323 -0.12452 0.13673 -0.75319 0.016236 0.13275 -0.76434 -0.13751 0.06092 -0.80803 0.0042962 0.04675 -0.79928 0.042773 -0.027646 0.60109
-0.10661 0.033633 0.34771 0.14086 0.0080786 0.2754 0.043588 0.0071657 0.40685 0.0081387 -0.0011147 0.068104 -0.058437 -0.00052503 -0.046687 0.050161 -0.00052503 -0.055481 -0.19253 0.10105 0.10538 0.348 -0.15856 0.28202 -0.23898 0.054383 -0.12228 0.30918 -0.37963 0.35883 -0.25168 0.050589 -0.20389 0.29049 -0.45969 0.36895 -0.10465 0.059011 -0.42913 0.034459 0.093655 -0.43341 -0.12403 0.13709 -0.7532 0.017076 0.13249 -0.76459 -0.13859 0.058451 -0.80553 0.0051871 0.046276 -0.79898 0.042793 -0.028041 0.60096
-0.10658 0.033683 0.34813 0.14207 0.0085301 0.2761 0.043791 0.0072215 0.40683 0.0081565 -0.0011568 0.068101 -0.058429 -0.00035352 -0.046698 0.050022 -0.00035352 -0.055607 -0.19317 0.10035 0.10582 0.35344 -0.15283 0.28249 -0.23994 0.052898 -0.12161 0.3087 -0.37054 0.36528 -0.25196 0.048367 -0.20329 0.28809 -0.45031 0.37464 -0.10428 0.059366 -0.42916 0.035299 0.093793 -0.43359 -0.12343 0.13753 -0.75322 0.017983 0.13217 -0.76482 -0.13918 0.056843 -0.80364 0.0061006 0.045762 -0.79874 0.042714 -0.028553 0.60083
-0.10653 0.033533 0.34841 0.14355 0.0090351 0.27708 0.043967 0.0071019 0.40681 0.0081682 -0.0012332 0.068098 -0.058405 -0.00015774 -0.04673 0.049939 -0.00015774 -0.055683 -0.19392 0.099484 0.1062 0.35894 -0.14693 0.28269 -0.24097 0.051518 -0.12108 0.30902 -0.36126 0.37096 -0.25225 0.04649 -0.20285 0.28622 -0.44047 0.38014 -0.10384 0.05982 -0.4292 0.036228 0.093745 -0.43376 -0.12267 0.13808 -0.75325 0.019029 0.13171 -0.76505 -0.13883 0.056973 -0.80299 0.0070844 0.045156 -0.79858 0.042497 -0.029255 0.6007
-0.10647 0.033141 0.3486 0.14542 0.009554 0.27849 0.044106 0.0067647 0.40679 0.008168 -0.0013551 0.068095 -0.058358 6.3163e-05 -0.046789 0.049926 6.3163e-05 -0.055697 -0.19481 0.098377 0.10654 0.36474 -0.14072 0.28264 -0.24209 0.050401 -0.12069 0.31012 -0.35182 0.37556 -0.25256 0.045195 -0.20256 0.28501 -0.43011 0.38568 -0.10331 0.060406 -0.42926 0.037298 0.093449 -0.43394 -0.12167 0.13879 -0.75331 0.020286 0.13107 -0.76527 -0.13709 0.059714 -0.80419 0.0081859 0.044409 -0.79849 0.042106 -0.030218 0.60056
-0.10645 0.032465 0.34874 0.14781 0.010047 0.28047 0.0442 0.006168 0.40679 0.0081502 -0.0015335 0.068094 -0.058287 0.00031008 -0.04688 0.049995 0.00031008 -0.055638 -0.19587 0.096957 0.10689 0.37111 -0.13403 0.28236 -0.24333 0.049702 -0.12044 0.31195 -0.34228 0.3788 -0.25293 0.044715 -0.20243 0.28457 -0.4192 0.39147 -0.10267 0.061155 -0.42934 0.038557 0.09284 -0.43412 -0.12038 0.13971 -0.75338 0.021825 0.13018 -0.76551 -0.13351 0.065929 -0.80787 0.0094522 0.043467 -0.7985 0.041501 -0.031513 0.6004
-0.10647 0.031506 0.34886 0.15076 0.010479 0.28307 0.044235 0.0052986 0.40679 0.008109 -0.0017722 0.068093 -0.058186 0.00058739 -0.047005 0.050155 0.00058739 -0.0555 -0.19711 0.095228 0.10726 0.37812 -0.12682 0.28191 -0.24473 0.049485 -0.12033 0.3144 -0.33267 0.38065 -0.25339 0.045109 -0.20244 0.28482 -0.4077 0.39752 -0.1019 0.062089 -0.42943 0.040017 0.091892 -0.43432 -0.11874 0.14086 -0.75347 0.023669 0.12902 -0.76574 -0.12803 0.075597 -0.81402 0.010899 0.042311 -0.7986 0.040664 -0.033157 0.60024
-0.10654 0.030335 0.34894 0.15409 0.010823 0.2862 0.044198 0.0041915 0.40681 0.0080382 -0.0020633 0.068093 -0.058059 0.00090526 -0.04716 0.050401 0.00090526 -0.055279 -0.19849 0.093318 0.10765 0.38553 -0.11921 0.28142 -0.24628 0.049663 -0.1203 0.3172 -0.32297 0.3815 -0.25395 0.046145 -0.20254 0.28534 -0.39559 0.40356 -0.10101 0.063208 -0.42955 0.041624 0.090644 -0.4345 -0.11678 0.14222 -0.75358 0.025758 0.12762 -0.76597 -0.12125 0.087224 -0.8216 0.012491 0.040968 -0.79878 0.03961 -0.035079 0.60006
-0.10668 0.029029 0.34899 0.15762 0.011051 0.28976 0.044074 0.0028858 0.40683 0.007932 -0.0023975 0.068095 -0.057907 0.0012744 -0.04734 0.050729 0.0012744 -0.054973 -0.19997 0.091368 0.10805 0.39307 -0.11135 0.28102 -0.24799 0.050135 -0.1203 0.32006 -0.31315 0.3818 -0.25464 0.047564 -0.20266 0.28569 -0.38287 0.40926 -0.099994 0.064509 -0.42967 0.043315 0.089138 -0.43467 -0.1145 0.14378 -0.7537 0.028026 0.12602 -0.76617 -0.11382 0.099179 -0.82945 0.014187 0.039469 -0.79903 0.038355 -0.037198 0.59989
-0.10688 0.027663 0.349 0.16118 0.011136 0.29362 0.043848 0.001421 0.40685 0.0077841 -0.0027659 0.068098 -0.05773 0.0017056 -0.04754 0.051135 0.0017056 -0.05458 -0.20152 0.089517 0.10845 0.40047 -0.10338 0.28086 -0.24987 0.050799 -0.12028 0.32269 -0.30321 0.38199 -0.25549 0.049105 -0.20275 0.28541 -0.36951 0.41433 -0.098853 0.065993 -0.4298 0.045031 0.087417 -0.43479 -0.1119 0.14553 -0.75383 0.030404 0.12424 -0.76633 -0.10638 0.10983 -0.83644 0.015946 0.037846 -0.79933 0.036917 -0.039435 0.59971
-0.10716 0.026314 0.34896 0.16458 0.011051 0.29769 0.043507 -0.00016359 0.40689 0.0075886 -0.0031593 0.068103 -0.05753 0.0022094 -0.047756 0.051614 0.0022094 -0.054098 -0.2031 0.087906 0.10886 0.40748 -0.095464 0.28108 -0.25192 0.051555 -0.12018 0.32481 -0.2931 0.38249 -0.25652 0.050511 -0.20274 0.28407 -0.35552 0.41843 -0.097589 0.067657 -0.42993 0.046711 0.085525 -0.43486 -0.109 0.14746 -0.75395 0.032826 0.12232 -0.76644 -0.099588 0.11755 -0.84143 0.017729 0.036131 -0.79967 0.035313 -0.04171 0.59955
-0.1075 0.025052 0.34887 0.16765 0.010775 0.30185 0.043036 -0.0018292 0.40692 0.0073402 -0.0035686 0.068109 -0.057309 0.0027942 -0.047983 0.052161 0.0027942 -0.053527 -0.20468 0.08666 0.10927 0.41384 -0.087709 0.2818 -0.25414 0.052304 -0.11997 0.32616 -0.28282 0.38372 -0.25776 0.051538 -0.20259 0.28128 -0.34089 0.42131 -0.096202 0.069496 -0.43006 0.048298 0.083503 -0.43486 -0.10582 0.14953 -0.75408 0.035228 0.1203 -0.76647 -0.094036 0.12087 -0.84338 0.019496 0.034356 -0.80003 0.033562 -0.043947 0.59941
-0.10794 0.023858 0.34873 0.17033 0.010353 0.30604 0.042439 -0.0035423 0.40697 0.0070428 -0.0039856 0.068116 -0.057071 0.0034419 -0.048218 0.052758 0.0034419 -0.052886 -0.20625 0.085747 0.10966 0.41948 -0.079995 0.283 -0.25652 0.052993 -0.11964 0.32684 -0.27224 0.38581 -0.2592 0.052135 -0.2023 0.2774 -0.32592 0.42314 -0.094715 0.071472 -0.43018 0.049761 0.08139 -0.4348 -0.1024 0.15172 -0.7542 0.037562 0.11821 -0.76643 -0.089765 0.12001 -0.84242 0.021246 0.032538 -0.80042 0.031691 -0.046128 0.59929
-0.10846 0.022665 0.34855 0.17264 0.0098711 0.31022 0.041727 -0.0052726 0.40701 0.0067058 -0.0044023 0.068124 -0.056818 0.0041189 -0.04846 0.053377 0.0041189 -0.052206 -0.20786 0.085036 0.11005 0.42446 -0.07205 0.28457 -0.25902 0.053597 -0.11923 0.32713 -0.2612 0.38871 -0.26083 0.052366 -0.20191 0.27325 -0.31107 0.42441 -0.093158 0.073523 -0.4303 0.05109 0.079217 -0.43469 -0.098835 0.15395 -0.75431 0.039797 0.11606 -0.76635 -0.086477 0.11625 -0.83937 0.022997 0.030689 -0.80085 0.029735 -0.048265 0.59917
-0.10909 0.0214 0.34833 0.17457 0.0094144 0.31434 0.040911 -0.0069898 0.40706 0.0063385 -0.0048109 0.068132 -0.056556 0.004791 -0.048706 0.053992 0.004791 -0.051516 -0.20953 0.084399 0.11043 0.42881 -0.0636 0.2864 -0.26159 0.054088 -0.11879 0.32733 -0.24954 0.39239 -0.26265 0.052296 -0.20147 0.26962 -0.29679 0.42557 -0.091565 0.075588 -0.43042 0.052275 0.077018 -0.43455 -0.095204 0.15615 -0.75442 0.0419 0.1139 -0.76625 -0.083872 0.11085 -0.83507 0.024767 0.028821 -0.80132 0.027727 -0.050372 0.59905
-0.10983 0.019996 0.34807 0.17613 0.0090688 0.31835 0.040003 -0.0086636 0.40711 0.0059503 -0.0052036 0.068139 -0.056288 0.0054244 -0.048955 0.054574 0.0054244 -0.050849 -0.21129 0.083705 0.1108 0.43259 -0.054371 0.28838 -0.26421 0.054439 -0.11835 0.32774 -0.23709 0.3968 -0.26465 0.051988 -0.20102 0.26734 -0.28354 0.42711 -0.089968 0.077606 -0.43053 0.053303 0.074825 -0.43441 -0.09159 0.15827 -0.75453 0.043837 0.11173 -0.76613 -0.081647 0.1051 -0.83035 0.026577 0.026944 -0.80184 0.025702 -0.052463 0.59892
-0.11068 0.018382 0.34779 0.17734 0.00892 0.32222 0.039015 -0.010264 0.40716 0.0055508 -0.0055725 0.068145 -0.056019 0.005985 -0.049206 0.055098 0.005985 -0.050235 -0.21316 0.082824 0.11116 0.43584 -0.044088 0.29039 -0.26683 0.054625 -0.11796 0.32867 -0.22368 0.40189 -0.2668 0.051507 -0.2006 0.2672 -0.27177 0.42949 -0.088398 0.079516 -0.43064 0.054165 0.072672 -0.43429 -0.088075 0.16024 -0.75463 0.045575 0.10959 -0.76603 -0.079501 0.10027 -0.82604 0.028443 0.025071 -0.80242 0.023694 -0.054552 0.59878
-0.11166 0.016522 0.34748 0.1782 0.0090236 0.3259 0.037958 -0.011767 0.40721 0.0051479 -0.0059116 0.068148 -0.055751 0.0064474 -0.049456 0.055544 0.0064474 -0.049696 -0.21518 0.081679 0.1115 0.43857 -0.032568 0.29233 -0.26942 0.054607 -0.11763 0.3303 -0.20926 0.40755 -0.26911 0.050882 -0.20025 0.26964 -0.26153 0.43296 -0.086883 0.081272 -0.43074 0.054857 0.070587 -0.43419 -0.084725 0.16202 -0.75472 0.047095 0.1075 -0.76595 -0.077212 0.09727 -0.82276 0.030378 0.023214 -0.80306 0.021732 -0.056652 0.59862
-0.11274 0.01448 0.34716 0.17875 0.0093404 0.32938 0.036845 -0.013174 0.40726 0.0047459 -0.006221 0.06815 -0.055486 0.0068134 -0.049706 0.055919 0.0068134 -0.049232 -0.21729 0.080359 0.11183 0.44064 -0.019917 0.29409 -0.27201 0.054314 -0.11732 0.33257 -0.19404 0.41348 -0.27158 0.050029 -0.19991 0.27383 -0.25156 0.43709 -0.08543 0.082876 -0.43084 0.055401 0.068582 -0.43411 -0.081554 0.1636 -0.75481 0.048416 0.10547 -0.76589 -0.074814 0.095888 -0.82041 0.032364 0.021392 -0.80375 0.019833 -0.058781 0.59843
-0.1139 0.012345 0.34684 0.17902 0.0098118 0.33265 0.035686 -0.014488 0.40731 0.0043481 -0.0065017 0.06815 -0.055226 0.0070905 -0.049955 0.056231 0.0070905 -0.048833 -0.21946 0.078989 0.11217 0.44189 -0.0063008 0.29555 -0.27461 0.053665 -0.11697 0.33533 -0.17835 0.41932 -0.2742 0.04884 -0.19953 0.27867 -0.24032 0.44131 -0.084043 0.084339 -0.43094 0.055822 0.066667 -0.43406 -0.078563 0.16502 -0.7549 0.049567 0.10352 -0.76586 -0.072393 0.095672 -0.81877 0.034381 0.019626 -0.80447 0.018012 -0.060954 0.59822
-0.1151 0.010204 0.3465 0.17906 0.01038 0.33572 0.034494 -0.015715 0.40736 0.0039577 -0.0067551 0.068149 -0.054972 0.0072859 -0.050204 0.056493 0.0072859 -0.048494 -0.22163 0.07769 0.11252 0.44216 0.0081176 0.29662 -0.27724 0.052583 -0.11654 0.33845 -0.16246 0.42472 -0.27697 0.04721 -0.19906 0.28311 -0.2263 0.44504 -0.082726 0.085672 -0.43103 0.056149 0.064852 -0.43402 -0.075756 0.1663 -0.75498 0.050575 0.10166 -0.76584 -0.070034 0.096176 -0.81761 0.036409 0.017934 -0.80521 0.016282 -0.063189 0.59796
-0.11632 0.0081428 0.34618 0.17889 0.010985 0.33857 0.033281 -0.016857 0.4074 0.0035781 -0.0069823 0.068147 -0.054725 0.0074067 -0.050453 0.056715 0.0074067 -0.048207 -0.22376 0.076587 0.11289 0.44128 0.023174 0.29718 -0.27992 0.050986 -0.11596 0.34178 -0.14668 0.42932 -0.27989 0.045031 -0.19844 0.28606 -0.20798 0.4477 -0.081485 0.086888 -0.43112 0.056406 0.063147 -0.434 -0.073134 0.16745 -0.75505 0.05147 0.099902 -0.76584 -0.067821 0.09695 -0.81669 0.038426 0.016339 -0.80593 0.014656 -0.065502 0.59767
-0.11754 0.0062477 0.34586 0.17854 0.011572 0.34119 0.032056 -0.017921 0.40745 0.0032127 -0.0071844 0.068144 -0.054485 0.0074603 -0.050702 0.056908 0.0074603 -0.047965 -0.2258 0.0758 0.11328 0.43911 0.038699 0.29714 -0.28266 0.048801 -0.11518 0.34519 -0.13131 0.43279 -0.28296 0.042201 -0.19762 0.28649 -0.18389 0.44876 -0.080323 0.087996 -0.43122 0.05662 0.061562 -0.43399 -0.0707 0.1685 -0.75512 0.052277 0.098262 -0.76584 -0.065836 0.097556 -0.81579 0.040412 0.014858 -0.80663 0.013149 -0.067909 0.59733
-0.11873 0.0045578 0.34555 0.17806 0.01211 0.34359 0.03083 -0.01891 0.40749 0.0028629 -0.007363 0.06814 -0.054254 0.0074515 -0.05095 0.057078 0.0074515 -0.047762 -0.22774 0.075351 0.11371 0.43569 0.054395 0.29652 -0.28545 0.046087 -0.11421 0.34852 -0.11662 0.43502 -0.28614 0.038758 -0.19659 0.28442 -0.15484 0.44827 -0.079233 0.089012 -0.4313 0.05681 0.060093 -0.43399 -0.068439 0.16947 -0.75519 0.053022 0.096739 -0.76585 -0.064096 0.097817 -0.81481 0.042357 0.013497 -0.8073 0.011764 -0.070401 0.59696
-0.11991 0.0030613 0.34526 0.17745 0.012599 0.34579 0.029604 -0.01983 0.40753 0.0025286 -0.0075195 0.068137 -0.05403 0.0073823 -0.051198 0.057227 0.0073823 -0.047594 -0.2296 0.075158 0.11414 0.43134 0.069823 0.29552 -0.28824 0.04305 -0.11312 0.35157 -0.10283 0.43622 -0.28936 0.034894 -0.19542 0.28106 -0.12405 0.44698 -0.078198 0.089949 -0.43139 0.056986 0.058729 -0.434 -0.066315 0.17036 -0.75524 0.053722 0.095321 -0.76587 -0.062544 0.097841 -0.81381 0.044261 0.012242 -0.80793 0.010492 -0.07294 0.59654
-0.12107 0.0017441 0.34498 0.17675 0.013044 0.3478 0.028384 -0.020687 0.40757 0.0022094 -0.0076557 0.068133 -0.053814 0.0072548 -0.051444 0.057358 0.0072548 -0.047457 -0.23138 0.075133 0.11456 0.42634 0.084535 0.29435 -0.29099 0.039905 -0.11199 0.35413 -0.090199 0.43659 -0.29253 0.03081 -0.19419 0.2777 -0.094886 0.44568 -0.077199 0.090823 -0.43146 0.057158 0.057453 -0.43401 -0.064294 0.1712 -0.75529 0.054394 0.093994 -0.7659 -0.061119 0.097754 -0.81285 0.046129 0.01108 -0.80853 0.0093263 -0.075487 0.59611
-0.1222 0.00059186 0.34471 0.17596 0.013446 0.34964 0.027171 -0.021485 0.40761 0.0019051 -0.0077732 0.068128 -0.053604 0.0070709 -0.051689 0.057474 0.0070709 -0.047347 -0.23311 0.075188 0.11497 0.42103 0.098084 0.29321 -0.29363 0.036866 -0.11088 0.35601 -0.078945 0.43633 -0.29556 0.026705 -0.19294 0.2756 -0.070724 0.44515 -0.07622 0.09165 -0.43153 0.057335 0.056252 -0.43403 -0.062339 0.172 -0.75532 0.055057 0.092744 -0.76592 -0.059759 0.097679 -0.81197 0.047961 0.0099983 -0.80909 0.0082573 -0.078005 0.59565
-0.12331 -0.00040963 0.34445 0.17512 0.013809 0.35133 0.025971 -0.02223 0.40764 0.0016154 -0.0078735 0.068124 -0.053399 0.0068327 -0.051932 0.057575 0.0068327 -0.047259 -0.23481 0.075236 0.11533 0.4157 0.11002 0.29231 -0.29612 0.034148 -0.10988 0.35703 -0.069309 0.43567 -0.29839 0.02278 -0.19176 0.27605 -0.054925 0.44618 -0.07524 0.092446 -0.43159 0.057526 0.05511 -0.43406 -0.060415 0.17277 -0.75534 0.055729 0.091558 -0.76596 -0.058403 0.097743 -0.81124 0.04976 0.0089829 -0.80962 0.0072767 -0.080455 0.59519
-0.1244 -0.0012739 0.3442 0.17425 0.014133 0.35289 0.024786 -0.022928 0.40768 0.00134 -0.0079584 0.06812 -0.0532 0.0065431 -0.052172 0.057665 0.0065431 -0.04719 -0.23648 0.075198 0.11564 0.41064 0.11996 0.29181 -0.29841 0.031932 -0.10904 0.35701 -0.061482 0.43478 -0.30093 0.019216 -0.1907 0.28005 -0.050205 0.44939 -0.074245 0.093222 -0.43163 0.057741 0.054015 -0.43409 -0.058491 0.17353 -0.75534 0.056423 0.090423 -0.766 -0.057003 0.098045 -0.81071 0.051526 0.0080215 -0.81012 0.006375 -0.082801 0.59474
-0.12547 -0.0020093 0.34397 0.17335 0.014413 0.35432 0.023619 -0.023579 0.40771 0.0010785 -0.0080293 0.068117 -0.053008 0.0062117 -0.052406 0.057745 0.0062117 -0.047137 -0.23813 0.075069 0.11589 0.40597 0.12792 0.29166 -0.30048 0.030194 -0.10838 0.35609 -0.055394 0.43375 -0.30319 0.016067 -0.18979 0.28697 -0.05511 0.45436 -0.073234 0.093976 -0.43166 0.057975 0.052964 -0.43412 -0.056569 0.17427 -0.75533 0.057135 0.089337 -0.76603 -0.055589 0.098527 -0.81031 0.053246 0.0071092 -0.81058 0.0055363 -0.085023 0.59429
-0.12651 -0.0026223 0.34375 0.17244 0.01464 0.35562 0.022472 -0.024185 0.40774 0.00083056 -0.0080878 0.068113 -0.052825 0.0058505 -0.052631 0.057817 0.0058505 -0.047095 -0.23972 0.074872 0.11609 0.40178 0.13404 0.29173 -0.30235 0.02883 -0.10788 0.35451 -0.050866 0.43263 -0.30518 0.013339 -0.18903 0.29553 -0.066551 0.46027 -0.072214 0.094694 -0.43167 0.058222 0.051958 -0.43416 -0.054661 0.17499 -0.7553 0.057854 0.088297 -0.76607 -0.054221 0.099074 -0.80997 0.054902 0.0062436 -0.81101 0.0047419 -0.087108 0.59386
-0.12752 -0.0031195 0.34354 0.17153 0.014805 0.35681 0.021348 -0.024745 0.40777 0.00059591 -0.0081353 0.06811 -0.052654 0.0054716 -0.052843 0.057881 0.0054716 -0.047062 -0.24125 0.074628 0.11622 0.39812 0.13851 0.29188 -0.304 0.027734 -0.10751 0.3525 -0.047721 0.43147 -0.30693 0.011037 -0.18843 0.30446 -0.081433 0.4663 -0.07119 0.095367 -0.43168 0.058472 0.051 -0.43419 -0.052782 0.17567 -0.75525 0.058565 0.087305 -0.76611 -0.05296 0.099565 -0.80958 0.056476 0.0054225 -0.81141 0.0039733 -0.089042 0.59345
-0.12851 -0.0035073 0.34334 0.17062 0.014898 0.35788 0.020247 -0.025262 0.40779 0.00037419 -0.0081734 0.068107 -0.052498 0.0050869 -0.053038 0.057939 0.0050869 -0.047034 -0.2427 0.074361 0.1163 0.39507 0.14147 0.29199 -0.30543 0.026801 -0.10726 0.35031 -0.045781 0.43032 -0.30846 0.0091661 -0.18799 0.31247 -0.096661 0.47162 -0.07017 0.095983 -0.43168 0.05872 0.05009 -0.43423 -0.050944 0.17633 -0.7552 0.059258 0.086358 -0.76615 -0.051867 0.099884 -0.80907 0.05795 0.0046436 -0.81178 0.003212 -0.090812 0.59307
-0.12946 -0.0037921 0.34316 0.16973 0.014912 0.35885 0.019173 -0.025735 0.40782 0.00016508 -0.0082035 0.068104 -0.052359 0.0047086 -0.053211 0.057992 0.0047086 -0.047008 -0.24405 0.074092 0.11632 0.3927 0.1431 0.29192 -0.30666 0.025925 -0.10712 0.34818 -0.044869 0.42921 -0.3098 0.0077321 -0.18774 0.31829 -0.10915 0.4754 -0.069159 0.096532 -0.43167 0.058957 0.049231 -0.43426 -0.049162 0.17694 -0.75513 0.059918 0.085458 -0.76618 -0.051002 0.099912 -0.80834 0.059307 0.0039049 -0.81212 0.0024393 -0.092406 0.59272
-0.13039 -0.0039813 0.34298 0.16886 0.014844 0.35971 0.018127 -0.026165 0.40784 -3.1841e-05 -0.0082269 0.068102 -0.052238 0.0043449 -0.053362 0.058042 0.0043449 -0.046982 -0.24528 0.073841 0.11629 0.39102 0.14355 0.29159 -0.30768 0.025041 -0.10706 0.34628 -0.04481 0.42821 -0.31095 0.006716 -0.18765 0.32126 -0.11698 0.47726 -0.068162 0.097006 -0.43165 0.059178 0.048422 -0.43428 -0.047444 0.1775 -0.75504 0.06054 0.084603 -0.76621 -0.050343 0.09965 -0.8074 0.060536 0.0032043 -0.81242 0.0016451 -0.093818 0.59241
-0.13128 -0.0040835 0.34282 0.168 0.014704 0.36047 0.017109 -0.026555 0.40786 -0.00021713 -0.0082442 0.068099 -0.052134 0.0039967 -0.053491 0.058088 0.0039967 -0.046957 -0.24642 0.073626 0.1162 0.38993 0.14302 0.29103 -0.30852 0.024163 -0.10707 0.34471 -0.045435 0.42737 -0.31195 0.0060506 -0.1877 0.32198 -0.12061 0.47766 -0.067184 0.097415 -0.43163 0.059386 0.047665 -0.4343 -0.045791 0.17803 -0.75495 0.061123 0.083792 -0.76624 -0.049697 0.099334 -0.80645 0.061645 0.0025408 -0.81271 0.00083645 -0.095064 0.59214
-0.13215 -0.0041079 0.34266 0.16717 0.014506 0.36114 0.016117 -0.026907 0.40788 -0.00039137 -0.0082561 0.068097 -0.052045 0.0036637 -0.053601 0.058129 0.0036637 -0.046933 -0.24745 0.073461 0.11609 0.38933 0.14167 0.29031 -0.30921 0.023314 -0.10714 0.34353 -0.046579 0.42676 -0.31281 0.0056625 -0.18785 0.32123 -0.12082 0.4772 -0.066225 0.097765 -0.43161 0.05958 0.046958 -0.43432 -0.044202 0.17851 -0.75485 0.06167 0.083024 -0.76626 -0.048853 0.099234 -0.8057 0.062646 0.0019131 -0.81297 2.2453e-05 -0.096158 0.5919
-0.13298 -0.0040633 0.34251 0.16636 0.014261 0.36172 0.015153 -0.027223 0.4079 -0.00055515 -0.0082629 0.068095 -0.05197 0.0033457 -0.053694 0.058166 0.0033457 -0.046911 -0.24839 0.073363 0.11594 0.38911 0.13969 0.28946 -0.30976 0.022521 -0.10724 0.34282 -0.048071 0.42644 -0.31353 0.0054782 -0.18807 0.31977 -0.11835 0.47645 -0.06529 0.098064 -0.43158 0.059764 0.046302 -0.43433 -0.042677 0.17896 -0.75474 0.062184 0.082299 -0.76628 -0.047596 0.099617 -0.80537 0.063547 0.0013203 -0.81321 -0.00078781 -0.097117 0.59168
-0.13378 -0.0039589 0.34237 0.16557 0.013983 0.36223 0.014216 -0.027506 0.40792 -0.00070905 -0.0082655 0.068093 -0.051907 0.0030427 -0.053773 0.058197 0.0030427 -0.046893 -0.24925 0.073346 0.11578 0.38917 0.13727 0.28853 -0.31021 0.021805 -0.10736 0.34265 -0.049745 0.42648 -0.31415 0.0054244 -0.18833 0.31837 -0.11396 0.476 -0.064382 0.098322 -0.43154 0.05994 0.045697 -0.43435 -0.041214 0.17938 -0.75463 0.062667 0.081615 -0.7663 -0.045714 0.10075 -0.80569 0.06436 0.00076128 -0.81343 -0.0015852 -0.097958 0.5915
-0.13456 -0.0038037 0.34223 0.16479 0.013683 0.36266 0.013305 -0.027757 0.40793 -0.00085365 -0.0082642 0.068092 -0.051853 0.0027544 -0.053839 0.058222 0.0027544 -0.046878 -0.25002 0.073427 0.11562 0.38938 0.13458 0.28758 -0.31057 0.021192 -0.10749 0.34309 -0.051434 0.42695 -0.31466 0.0054277 -0.18858 0.31779 -0.10842 0.47644 -0.063503 0.098545 -0.43151 0.060109 0.045141 -0.43436 -0.039813 0.17977 -0.75451 0.063122 0.080973 -0.76632 -0.042995 0.1029 -0.80686 0.065093 0.00023489 -0.81363 -0.0023607 -0.098696 0.59134
-0.13531 -0.0036065 0.3421 0.16403 0.013374 0.36302 0.01242 -0.02798 0.40795 -0.00098954 -0.0082598 0.06809 -0.051808 0.0024806 -0.053894 0.058242 0.0024806 -0.046869 -0.25072 0.073621 0.11545 0.38964 0.13179 0.28666 -0.31088 0.020706 -0.10762 0.3442 -0.052969 0.4279 -0.31509 0.0054148 -0.18879 0.3188 -0.10249 0.47834 -0.062656 0.098742 -0.43146 0.060272 0.044634 -0.43438 -0.038474 0.18013 -0.75439 0.063551 0.08037 -0.76634 -0.039225 0.10634 -0.80912 0.065758 -0.00025992 -0.81382 -0.0031052 -0.099348 0.59119
-0.13603 -0.0033765 0.34196 0.16328 0.01307 0.36332 0.01156 -0.028176 0.40797 -0.0011173 -0.0082527 0.068089 -0.05177 0.0022212 -0.053941 0.058255 0.0022212 -0.046866 -0.25135 0.073944 0.1153 0.38985 0.1291 0.28582 -0.31115 0.020371 -0.10771 0.34607 -0.054183 0.42939 -0.31546 0.0053122 -0.18893 0.32217 -0.096917 0.4823 -0.061844 0.098921 -0.43142 0.060433 0.044178 -0.43439 -0.037195 0.18048 -0.75427 0.063956 0.079807 -0.76637 -0.034191 0.11133 -0.81268 0.066365 -0.00072424 -0.814 -0.0038095 -0.09993 0.59107
-0.13673 -0.0031226 0.34182 0.16255 0.012782 0.36357 0.010726 -0.028348 0.40798 -0.0012375 -0.0082435 0.068088 -0.051737 0.001976 -0.053982 0.058261 0.001976 -0.046869 -0.25192 0.074412 0.11517 0.3899 0.12668 0.2851 -0.31142 0.020211 -0.10777 0.34877 -0.054908 0.4315 -0.31577 0.0050467 -0.18897 0.32867 -0.092473 0.4889 -0.06107 0.099091 -0.43137 0.060593 0.04377 -0.43441 -0.035977 0.1808 -0.75415 0.06434 0.079281 -0.7664 -0.027681 0.11814 -0.81776 0.066923 -0.0011592 -0.81417 -0.0044646 -0.10046 0.59096
-0.1374 -0.0028538 0.34169 0.16182 0.012522 0.36377 0.0099167 -0.028498 0.40799 -0.0013507 -0.0082329 0.068087 -0.051708 0.0017449 -0.054019 0.058259 0.0017449 -0.04688 -0.25243 0.07504 0.11508 0.38967 0.12472 0.28455 -0.3117 0.02025 -0.10777 0.35235 -0.054976 0.43429 -0.31605 0.0045448 -0.18886 0.33905 -0.089912 0.49871 -0.060337 0.099259 -0.43132 0.060753 0.043411 -0.43444 -0.034818 0.18112 -0.75403 0.064705 0.078793 -0.76644 -0.019481 0.12704 -0.82457 0.067443 -0.0015657 -0.81434 -0.0050613 -0.10095 0.59085
-0.13804 -0.0025792 0.34154 0.16111 0.012304 0.36393 0.0091319 -0.028628 0.40801 -0.0014576 -0.0082213 0.068087 -0.05168 0.0015276 -0.054055 0.05825 0.0015276 -0.0469 -0.25289 0.075844 0.11503 0.38906 0.12339 0.28423 -0.31203 0.020513 -0.1077 0.35691 -0.05422 0.43783 -0.3163 0.0037331 -0.18857 0.35408 -0.089996 0.51233 -0.059648 0.099433 -0.43127 0.060917 0.043101 -0.43447 -0.033717 0.18142 -0.75391 0.065054 0.078342 -0.76648 -0.0093793 0.1383 -0.83334 0.067935 -0.0019451 -0.81451 -0.0055906 -0.10142 0.59076
