-0.11922 0.021251 0.35408 0.16655 -0.018891 0.31627 0.031189 -0.014104 0.40776 0.0061161 -0.0055721 0.068096 -0.055036 0.00080853 -0.05065 0.048849 0.00080853 -0.05664 -0.1913 0.06189 0.10149 0.10192 -0.099124 0.071254 -0.14904 -0.14574 -0.0046895 -0.039189 -0.255 -0.038111 -0.13472 -0.21842 -0.041451 -0.10176 -0.30583 -0.056556 -0.10344 0.090486 -0.42689 0.071642 0.059018 -0.4414 -0.12581 0.19666 -0.74267 0.057026 0.11298 -0.77058 -0.19927 0.2073 -0.79969 0.042303 0.035784 -0.82143 0.035852 -0.04868 0.60192
-0.11348 0.0013574 0.33909 0.16043 -0.030539 0.3057 0.032112 -0.029424 0.40692 0.0061547 -0.0072524 0.067934 -0.055144 0.0018578 -0.050505 0.049425 0.0018578 -0.056114 -0.17987 0.039543 0.084572 0.10399 -0.10902 0.058103 -0.1262 -0.16732 -0.017881 -0.028028 -0.25974 -0.068455 -0.10728 -0.23933 -0.053876 -0.088969 -0.31194 -0.088459 -0.10781 0.077428 -0.42925 0.067297 0.064971 -0.44036 -0.13689 0.20205 -0.73776 0.046414 0.12332 -0.76846 -0.20856 0.2076 -0.79376 0.033099 0.04594 -0.81941 0.033193 -0.076905 0.59839
-0.10858 -0.012685 0.33357 0.15937 -0.041651 0.29925 0.035081 -0.043766 0.4054 0.0064505 -0.0088821 0.067713 -0.055432 0.0030365 -0.050131 0.049818 0.0030365 -0.055713 -0.17122 0.026795 0.07828 0.10812 -0.1188 0.050099 -0.10933 -0.17867 -0.022315 -0.01814 -0.26468 -0.087555 -0.091953 -0.25042 -0.059575 -0.078232 -0.31742 -0.1087 -0.1145 0.05207 -0.43233 0.063022 0.070821 -0.43935 -0.1469 0.19958 -0.73002 0.036457 0.13369 -0.76619 -0.22357 0.22361 -0.79118 0.024378 0.056328 -0.81748 0.031413 -0.10433 0.5931
-0.10579 -0.022915 0.33211 0.16007 -0.052704 0.2956 0.037506 -0.056002 0.4037 0.0067929 -0.010533 0.067443 -0.055752 0.0043289 -0.04968 0.049977 0.0043289 -0.055486 -0.16772 0.023028 0.07777 0.11058 -0.12463 0.044563 -0.10229 -0.18152 -0.022482 -0.013363 -0.2659 -0.099809 -0.084924 -0.253 -0.06029 -0.073539 -0.3185 -0.12106 -0.12002 0.017066 -0.43386 0.05984 0.076265 -0.43847 -0.15181 0.1722 -0.72784 0.028828 0.14299 -0.76416 -0.19289 0.12952 -0.77872 0.017349 0.065812 -0.81588 0.0315 -0.12841 0.5871
-0.10425 -0.031708 0.33346 0.16249 -0.06226 0.2936 0.03994 -0.068015 0.40159 0.0072261 -0.012398 0.067078 -0.05614 0.0057843 -0.04909 0.049936 0.0057843 -0.055389 -0.16585 0.019621 0.080009 0.11467 -0.1295 0.040922 -0.097114 -0.18358 -0.020737 -0.0085008 -0.26649 -0.10822 -0.077944 -0.25456 -0.058559 -0.068516 -0.31936 -0.12929 -0.12301 -0.018 -0.43242 0.056751 0.081341 -0.43773 -0.15402 0.13139 -0.72954 0.021965 0.1523 -0.76215 -0.16632 0.044483 -0.77768 0.011213 0.07549 -0.81449 0.033341 -0.14161 0.58448
-0.10397 -0.038515 0.33653 0.16494 -0.069248 0.29254 0.041775 -0.077646 0.39967 0.0075318 -0.014315 0.066662 -0.056551 0.0073408 -0.048406 0.049901 0.0073408 -0.055236 -0.164 0.020272 0.084387 0.11813 -0.13693 0.039803 -0.093368 -0.18156 -0.017822 -0.003715 -0.26594 -0.11728 -0.072071 -0.25194 -0.055741 -0.064008 -0.31862 -0.13794 -0.12629 -0.046309 -0.4281 0.053994 0.088738 -0.43643 -0.15861 0.077648 -0.73639 0.016727 0.16501 -0.75935 -0.16689 0.0033491 -0.78976 0.0068057 0.088187 -0.81206 0.034545 -0.14573 0.5847
-0.10503 -0.042436 0.34008 0.16649 -0.072175 0.29265 0.042546 -0.081531 0.39879 0.0076816 -0.015612 0.066354 -0.056814 0.0087707 -0.047857 0.049693 0.0087707 -0.055214 -0.16291 0.030588 0.091144 0.119 -0.14148 0.04048 -0.094453 -0.17003 -0.014849 -0.0067786 -0.26574 -0.11723 -0.068215 -0.23854 -0.052917 -0.067183 -0.31776 -0.13935 -0.12895 -0.0601 -0.4247 0.052837 0.10194 -0.43369 -0.16751 0.0095036 -0.74892 0.014655 0.1848 -0.7549 -0.16743 -0.069803 -0.79939 0.0049305 0.10888 -0.80847 0.036071 -0.1476 0.58454
-0.10571 -0.045077 0.3442 0.16943 -0.070486 0.2943 0.043992 -0.082609 0.3984 0.0080313 -0.01605 0.066208 -0.056836 0.0097155 -0.047648 0.048993 0.0097155 -0.055681 -0.16151 0.037083 0.097653 0.12168 -0.13807 0.041711 -0.095648 -0.1614 -0.013861 -0.016968 -0.27364 -0.094575 -0.06218 -0.22616 -0.052942 -0.077508 -0.32316 -0.12137 -0.12616 -0.052416 -0.42617 0.051549 0.11807 -0.43011 -0.17864 -0.047848 -0.75589 0.014501 0.21267 -0.74817 -0.17796 -0.12414 -0.81007 0.0064302 0.13606 -0.80157 0.040565 -0.14703 0.58482
-0.10699 -0.045911 0.3467 0.17053 -0.069821 0.29614 0.043634 -0.083479 0.39825 0.0080707 -0.016375 0.066123 -0.05657 0.0098667 -0.047933 0.048624 0.0098667 -0.055977 -0.16143 0.033181 0.098856 0.11823 -0.13571 0.044001 -0.10197 -0.16567 -0.015568 -0.02655 -0.2805 -0.075353 -0.068179 -0.22915 -0.056464 -0.094025 -0.32019 -0.10183 -0.124 -0.038283 -0.42882 0.04769 0.12716 -0.42771 -0.18889 -0.085006 -0.75298 0.018684 0.24316 -0.73945 -0.19122 -0.15929 -0.80986 0.011258 0.16479 -0.79179 0.041406 -0.14718 0.58493
-0.11074 -0.045341 0.34854 0.16774 -0.069764 0.29716 0.04033 -0.083096 0.39867 0.0075911 -0.016393 0.066175 -0.056084 0.0096267 -0.04855 0.049083 0.0096267 -0.055616 -0.15897 0.026735 0.097266 0.1108 -0.13286 0.045317 -0.10713 -0.17404 -0.017508 -0.037992 -0.27477 -0.072668 -0.079553 -0.23995 -0.059149 -0.10706 -0.31402 -0.095974 -0.12679 -0.024141 -0.43041 0.044972 0.12892 -0.42669 -0.19861 -0.093542 -0.749 0.026792 0.26657 -0.73039 -0.2049 -0.16637 -0.80744 -1.2237e-05 0.22522 -0.80673 0.038086 -0.14637 0.5855
-0.11445 -0.043795 0.3477 0.16428 -0.063239 0.2988 0.036837 -0.076922 0.40025 0.0070442 -0.015372 0.066481 -0.0554 0.0086812 -0.0495 0.049444 0.0086812 -0.055454 -0.15534 0.015729 0.091949 0.10763 -0.12384 0.046272 -0.10062 -0.18408 -0.023115 -0.049777 -0.26612 -0.059069 -0.068741 -0.24671 -0.0666 -0.11592 -0.30637 -0.08776 -0.12696 -0.0077506 -0.43229 0.047741 0.1356 -0.42403 -0.20073 -0.086791 -0.74867 0.036696 0.29365 -0.7179 -0.20911 -0.15976 -0.80679 0.0077562 0.26042 -0.80191 0.033809 -0.14128 0.58669
-0.11941 -0.036073 0.34607 0.15782 -0.056383 0.30002 0.03096 -0.067156 0.40248 0.006061 -0.013692 0.06694 -0.054901 0.0071937 -0.050292 0.049973 0.0071937 -0.055187 -0.15296 0.01467 0.087294 0.10418 -0.11201 0.045703 -0.095769 -0.18513 -0.026661 -0.054652 -0.25067 -0.062353 -0.065963 -0.24894 -0.069738 -0.11917 -0.29293 -0.092457 -0.12558 0.0042615 -0.43365 0.059244 0.13041 -0.42478 -0.19203 -0.046736 -0.75573 0.058147 0.30102 -0.71185 -0.2035 -0.11517 -0.81835 0.03673 0.2525 -0.78864 0.027273 -0.1323 0.58865
-0.1242 -0.027322 0.34522 0.15178 -0.048423 0.30129 0.025257 -0.057579 0.40438 0.0050006 -0.012136 0.067332 -0.054246 0.0059219 -0.051159 0.050518 0.0059219 -0.054847 -0.15597 0.018138 0.085305 0.10232 -0.098416 0.044973 -0.096064 -0.18095 -0.028399 -0.048481 -0.23988 -0.070687 -0.069114 -0.24593 -0.071854 -0.11586 -0.2787 -0.098313 -0.12425 0.008394 -0.43458 0.073138 0.11806 -0.42761 -0.18089 0.0011369 -0.7651 0.078148 0.30097 -0.70685 -0.19389 -0.059207 -0.83564 0.060079 0.24272 -0.77793 0.021869 -0.12281 0.59052
-0.12573 -0.021771 0.34391 0.15046 -0.038797 0.30326 0.023484 -0.047502 0.40578 0.0045107 -0.010584 0.067624 -0.053413 0.004822 -0.052143 0.050741 0.004822 -0.054744 -0.1625 0.018465 0.083742 0.10403 -0.087656 0.04612 -0.09343 -0.1773 -0.030633 -0.039387 -0.24317 -0.060917 -0.057374 -0.23438 -0.078475 -0.11015 -0.27536 -0.089392 -0.12245 0.0097601 -0.43582 0.084696 0.10199 -0.43061 -0.15661 0.052201 -0.76356 0.097982 0.29207 -0.70478 -0.16818 -0.0085647 -0.8336 0.084188 0.22649 -0.77013 0.020247 -0.11394 0.59149
-0.12344 -0.013122 0.34213 0.1523 -0.03316 0.30436 0.025006 -0.03615 0.40685 0.0045843 -0.0088374 0.067871 -0.053194 0.0034839 -0.052472 0.050904 0.0034839 -0.054696 -0.16658 0.027011 0.082947 0.10452 -0.088843 0.048914 -0.091984 -0.16877 -0.027832 -0.032865 -0.24908 -0.058835 -0.052177 -0.22156 -0.077483 -0.10158 -0.28711 -0.084685 -0.11637 0.019404 -0.43673 0.094493 0.062705 -0.43753 -0.1131 0.12666 -0.75351 0.13504 0.24146 -0.71656 -0.12546 0.057331 -0.81525 0.12416 0.16983 -0.77581 0.019299 -0.10524 0.59154
-0.11781 -0.0053849 0.34115 0.15749 -0.025477 0.30472 0.030123 -0.028097 0.40713 0.0053272 -0.0077555 0.067948 -0.053357 0.0026566 -0.052354 0.050768 0.0026566 -0.054868 -0.17389 0.032941 0.084173 0.10869 -0.097002 0.053438 -0.098911 -0.16575 -0.021026 -0.021563 -0.26204 -0.055927 -0.061258 -0.2226 -0.067794 -0.086127 -0.30794 -0.079635 -0.10042 0.039434 -0.43752 0.09434 0.014703 -0.44207 -0.088236 0.16193 -0.7482 0.16112 0.192 -0.71678 -0.10151 0.091427 -0.80834 0.15171 0.11457 -0.76852 0.018625 -0.10166 0.58981
-0.11643 -0.0053865 0.33971 0.15776 -0.024372 0.30397 0.030978 -0.027289 0.40715 0.0057694 -0.0071891 0.067976 -0.053568 0.0022245 -0.05216 0.050958 0.0022245 -0.05472 -0.18855 0.024098 0.085558 0.11182 -0.10763 0.055704 -0.11236 -0.17662 -0.014916 -0.0188 -0.27786 -0.045016 -0.074907 -0.23499 -0.060045 -0.079404 -0.3284 -0.07001 -0.096003 0.035091 -0.43828 0.087444 -0.032386 -0.44111 -0.064501 0.19968 -0.72704 0.18268 0.13494 -0.71632 -0.07739 0.12627 -0.78365 0.17405 0.05428 -0.76308 0.014365 -0.10726 0.58673
-0.11327 -0.009531 0.33968 0.16124 -0.0166 0.30418 0.034664 -0.028819 0.40675 0.0067201 -0.0070233 0.067903 -0.053179 0.0021677 -0.052558 0.049077 0.0021677 -0.056388 -0.19694 0.0025393 0.08776 0.12464 -0.1128 0.059192 -0.1088 -0.19582 -0.0071873 0.0028675 -0.29321 -0.034354 -0.067574 -0.2509 -0.053002 -0.050773 -0.35125 -0.05825 -0.090794 0.038882 -0.43875 0.088501 -0.05243 -0.4405 -0.080389 0.16066 -0.74731 0.17202 0.0032806 -0.75454 -0.089379 0.083074 -0.79884 0.16791 -0.075859 -0.80426 0.023666 -0.10491 0.58834
-0.11084 -0.011564 0.34034 0.16401 -0.014358 0.30377 0.037702 -0.029541 0.40644 0.0073334 -0.0070282 0.067842 -0.053064 0.002135 -0.052674 0.047814 0.002135 -0.057494 -0.1989 -0.0069835 0.089542 0.13274 -0.11889 0.061371 -0.10502 -0.20572 0.00081165 0.015686 -0.30406 -0.029189 -0.063733 -0.26186 -0.043713 -0.034641 -0.36588 -0.051461 -0.086763 0.044681 -0.43871 0.085052 -0.067775 -0.43901 -0.10182 0.10597 -0.76816 0.13647 -0.1321 -0.76474 -0.10834 0.026258 -0.81685 0.1334 -0.2072 -0.82054 0.030379 -0.10339 0.58925
-0.10971 -0.01195 0.34071 0.16532 -0.017285 0.30342 0.038965 -0.030875 0.40622 0.0075029 -0.0072113 0.067803 -0.05317 0.002206 -0.052571 0.047544 0.002206 -0.0577 -0.19887 -0.0079878 0.090363 0.13377 -0.12502 0.062401 -0.10582 -0.2091 0.0062815 0.014876 -0.30924 -0.027592 -0.067978 -0.26989 -0.035093 -0.035787 -0.37066 -0.049911 -0.086849 0.041693 -0.43887 0.081907 -0.07486 -0.43831 -0.11279 0.071575 -0.76979 0.11555 -0.17361 -0.75499 -0.11997 -0.006553 -0.82076 0.11063 -0.24539 -0.8149 0.03064 -0.10606 0.5884
-0.10808 -0.012249 0.34187 0.16668 -0.016255 0.30231 0.041203 -0.031312 0.40595 0.0079161 -0.0073488 0.06774 -0.053655 0.0022095 -0.052058 0.047383 0.0022095 -0.057836 -0.19563 -0.012009 0.090882 0.13889 -0.1228 0.060633 -0.097009 -0.21151 0.0094432 0.021992 -0.30929 -0.027155 -0.060127 -0.27425 -0.029873 -0.02767 -0.37178 -0.048724 -0.091083 0.036708 -0.43856 0.079075 -0.072028 -0.43918 -0.12739 0.0447 -0.77059 0.1057 -0.14831 -0.76327 -0.13441 -0.030541 -0.82585 0.10053 -0.22085 -0.82213 0.034258 -0.10596 0.58842
-0.10861 -0.009127 0.34493 0.16424 -0.016021 0.29859 0.041772 -0.029162 0.40606 0.0081109 -0.0071913 0.067737 -0.054489 0.0019508 -0.05122 0.04809 0.0019508 -0.05726 -0.18697 -0.010065 0.090953 0.1356 -0.12299 0.056572 -0.082862 -0.20787 0.012182 0.020506 -0.31256 -0.027088 -0.045492 -0.27211 -0.024043 -0.029015 -0.37594 -0.046444 -0.10282 0.039647 -0.43612 0.064376 -0.069351 -0.44012 -0.14436 0.0454 -0.76735 0.078493 -0.12857 -0.76839 -0.15064 -0.028882 -0.82394 0.07108 -0.20484 -0.82215 0.03594 -0.10314 0.58884
-0.10667 -0.0018066 0.3473 0.16276 -0.01797 0.29421 0.043847 -0.027529 0.40595 0.0084653 -0.0069673 0.067716 -0.055154 0.0018207 -0.050498 0.048734 0.0018207 -0.056716 -0.16724 -0.0013678 0.088493 0.13119 -0.12181 0.051439 -0.067665 -0.20122 0.0090278 0.010116 -0.30839 -0.030435 -0.03128 -0.26925 -0.020755 -0.044294 -0.36855 -0.046553 -0.11516 0.05201 -0.43236 0.054945 -0.042259 -0.44396 -0.15992 0.06237 -0.76309 0.057184 -0.10407 -0.77208 -0.16902 -0.010755 -0.8208 0.046025 -0.18087 -0.82441 0.035969 -0.099779 0.58934
-0.088677 0.0018463 0.34506 0.17436 -0.017665 0.28552 0.061767 -0.023502 0.4038 0.011783 -0.0063533 0.06727 -0.059177 0.0010655 -0.045692 0.049488 0.0010655 -0.056074 -0.12642 -0.00031886 0.081948 0.2028 -0.053428 0.025329 -0.027212 -0.19575 -0.0083075 0.069848 -0.23695 -0.043513 0.011455 -0.2635 -0.035673 0.0095552 -0.29301 -0.050935 -0.11809 0.043081 -0.42878 0.056287 -0.015365 -0.44546 -0.1609 0.05178 -0.75971 0.060095 -0.072443 -0.77453 -0.17244 -0.019054 -0.81979 0.053073 -0.14966 -0.8269 0.054123 -0.09982 0.58553
-0.077753 0.0021287 0.34777 0.1838 -0.021978 0.27982 0.074663 -0.025638 0.40159 0.014106 -0.0065564 0.066816 -0.061252 0.0014448 -0.042939 0.05011 0.0014448 -0.055532 -0.092706 -0.015423 0.082993 0.24725 -0.0034985 0.021088 -0.0016489 -0.21707 -0.00092018 0.10063 -0.17946 -0.041438 0.031759 -0.28882 -0.025367 0.042601 -0.23801 -0.047379 -0.13285 0.023341 -0.42527 0.055857 -0.00032082 -0.44533 -0.1862 0.018505 -0.75554 0.059221 -0.030975 -0.7776 -0.201 -0.054872 -0.81177 0.054123 -0.10906 -0.82912 0.067207 -0.1078 0.58084
-0.070035 0.011556 0.3519 0.1789 -0.059138 0.27523 0.074081 -0.046398 0.39982 0.013868 -0.0096237 0.066501 -0.060759 0.0047358 -0.043419 0.052804 0.0047358 -0.052746 -0.072682 -0.028256 0.089159 0.24332 -0.04262 0.018159 -0.024495 -0.24914 0.01217 0.058248 -0.17868 -0.039585 -0.010458 -0.32744 -0.0094661 -0.006475 -0.2304 -0.043116 -0.16003 0.020359 -0.42057 0.056144 0.0024296 -0.44239 -0.23005 0.025212 -0.74384 0.058199 -0.019134 -0.77564 -0.25829 -0.048748 -0.7937 0.039196 -0.095463 -0.82621 0.056682 -0.13606 0.57454
-0.072748 0.024294 0.35624 0.15575 -0.11702 0.27852 0.052661 -0.07517 0.39873 0.0098862 -0.014338 0.066321 -0.056835 0.009403 -0.04762 0.05735 0.009403 -0.047158 -0.085146 -0.02159 0.094543 0.19034 -0.13045 0.015546 -0.12397 -0.24654 0.04551 -0.032695 -0.18994 -0.035637 -0.13391 -0.32649 0.025707 -0.11003 -0.21756 -0.034726 -0.19458 0.072976 -0.40693 0.061416 0.003153 -0.43727 -0.34102 0.069182 -0.72243 0.060838 -0.02325 -0.77028 -0.39142 0.007193 -0.7722 0.017342 -0.091068 -0.81835 0.017371 -0.156 0.5757
-0.096568 0.0057614 0.35432 0.1364 -0.1128 0.28105 0.033493 -0.074884 0.40081 0.0073214 -0.014486 0.066629 -0.055193 0.0098153 -0.049509 0.056748 0.0098153 -0.0475 -0.11805 -0.043008 0.09477 0.14711 -0.16643 0.021047 -0.20075 -0.25836 0.029285 -0.081236 -0.20694 -0.023997 -0.21577 -0.33577 0.0066676 -0.16229 -0.22403 -0.019902 -0.24358 0.059701 -0.38398 0.036636 0.0084558 -0.43613 -0.32503 0.15092 -0.66333 0.017603 -0.0099623 -0.7687 -0.3688 0.088529 -0.71443 -0.025112 -0.078497 -0.8142 0.012023 -0.15427 0.57859
-0.11702 -0.027363 0.34671 0.13147 -0.054482 0.27217 0.035191 -0.04936 0.40476 0.0084869 -0.01018 0.067315 -0.056843 0.0062148 -0.048183 0.052204 0.0062148 -0.053291 -0.16219 -0.1019 0.093254 0.14384 -0.14684 0.023357 -0.15456 -0.30901 -0.0094146 -0.068978 -0.23889 -0.023879 -0.15465 -0.38739 -0.038611 -0.14744 -0.26284 -0.018631 -0.2803 -0.040758 -0.36379 -0.0090319 0.011103 -0.43857 -0.22629 0.1667 -0.61537 -0.05784 0.0059021 -0.76903 -0.24201 0.088041 -0.66441 -0.078022 -0.073745 -0.8141 0.048054 -0.15084 0.57421
-0.12411 -0.029151 0.34709 0.11203 -0.048882 0.26547 0.028046 -0.046414 0.40564 0.0061604 -0.0094805 0.067661 -0.052654 0.0049727 -0.052913 0.054214 0.0049727 -0.051294 -0.17218 -0.12463 0.10524 0.11952 -0.17123 0.029397 -0.019336 -0.30395 0.07071 -0.096812 -0.25067 -0.028435 0.004265 -0.37716 0.041109 -0.17896 -0.26216 -0.028747 -0.29223 -0.038348 -0.3586 -0.019482 0.010116 -0.43397 -0.45734 -0.00066856 -0.64943 -0.090588 0.011741 -0.76018 -0.47897 -0.075741 -0.70125 -0.11095 -0.067841 -0.8054 0.033389 -0.14005 0.57913
-0.15168 -0.025439 0.35008 0.073908 -0.035228 0.25817 0.0062446 -0.043402 0.40695 0.0025911 -0.0090108 0.067974 -0.049029 0.0045025 -0.056432 0.05522 0.0045025 -0.050284 -0.024108 -0.13256 0.14579 0.088072 -0.21076 0.053702 0.14521 -0.28545 0.065422 -0.15105 -0.22215 0.0084542 0.20857 -0.33249 0.037887 -0.23565 -0.22094 -0.00030909 -0.30035 -0.020213 -0.3689 -0.050148 0.021632 -0.42504 -0.49815 0.017031 -0.64255 -0.14743 0.041105 -0.74385 -0.52432 -0.057426 -0.69621 -0.16887 -0.039873 -0.79031 0.0095025 -0.10264 0.59509
-0.086879 0.11768 0.36618 0.025589 -0.045864 0.25457 -0.024241 -0.022419 0.40773 -0.0043912 -0.0061549 0.068131 -0.039624 0.011697 -0.062296 0.055074 0.011697 -0.049313 -0.075221 -0.082729 0.20124 -0.12041 -0.15477 0.07747 -0.071654 -0.28931 0.11271 -0.24299 0.020195 0.035887 -0.063874 -0.35834 0.08202 -0.28493 0.08225 0.022166 -0.019274 0.18264 -0.37636 -0.043175 0.030836 -0.42595 0.026787 0.36247 -0.70059 -0.12777 0.054579 -0.74744 -0.047408 0.33703 -0.75102 -0.19962 0.022527 -0.79024 -0.054099 -0.056216 0.59943
-0.073629 0.053682 0.29114 0.024505 -0.045337 0.26112 -0.034414 -0.0046258 0.40792 -0.0069488 -0.0019231 0.068238 -0.043786 0.0039642 -0.060023 0.05789 0.0039642 -0.046773 -0.18669 -0.049768 0.083723 -0.15369 -0.060749 0.06237 -0.30311 -0.26078 0.04377 -0.19412 0.18056 0.015762 -0.34396 -0.33507 0.024574 -0.19639 0.26461 -0.0039114 0.050225 0.1682 -0.41102 -0.033863 0.076517 -0.42065 -0.039626 0.18736 -0.36186 -0.094173 0.12034 -0.74889 -0.07178 0.13639 -0.41576 -0.14461 0.0878 -0.81775 -0.064769 -0.019571 0.60216
-0.10596 -0.026668 0.25265 0.04557 -0.046093 0.26961 -0.02704 0.0050549 0.40833 -0.0058196 0.00036417 0.068348 -0.05459 -0.0021759 -0.051435 0.06334 -0.0021759 -0.039954 -0.21866 -0.02444 0.0046634 -0.14925 -0.010566 0.075906 -0.3834 -0.19159 -0.0014656 -0.14277 0.21246 0.01181 -0.44235 -0.24741 -0.0063131 -0.13229 0.28825 -0.016628 -0.017111 0.082121 -0.43012 0.063326 0.083444 -0.41435 -0.32863 0.07679 -0.14797 -0.072091 0.18364 -0.70111 -0.33015 -0.0071609 -0.20056 -0.095334 0.11153 -0.75309 -0.039018 -0.0038606 0.60521
-0.12181 -0.02955 0.28878 0.078775 -0.057085 0.29622 -0.02165 -0.0003209 0.40866 -0.0049898 -0.00040458 0.068412 -0.058548 -0.0040852 -0.046125 0.064422 -0.0040852 -0.037437 -0.21293 -0.015727 0.042028 -0.02347 -0.0034064 0.094458 -0.3843 -0.17885 0.049363 -0.0065186 0.22361 0.028062 -0.44576 -0.23384 0.052641 0.0049719 0.30114 0.0012606 -0.040106 0.096462 -0.42178 0.14082 0.068722 -0.41508 -0.2515 0.25274 -0.44536 -0.01086 0.12474 -0.69469 -0.26499 0.17662 -0.49535 -0.034849 0.036607 -0.71827 -0.024295 -0.0081202 0.60565
-0.12292 -0.072289 0.29793 0.11196 -0.058975 0.32227 -0.018407 -0.0091154 0.40875 -0.0040894 -0.0014507 0.068459 -0.057964 -0.011757 -0.045939 0.060438 -0.011757 -0.042691 -0.207 -0.032968 0.048125 0.2278 0.0016533 0.074396 -0.34568 -0.22446 0.071503 0.20943 0.23413 0.029318 -0.39287 -0.29197 0.081728 0.21559 0.31471 0.011685 -0.081996 0.10622 -0.41699 0.092064 0.075867 -0.42082 -0.11267 0.26101 -0.7384 0.045213 0.042943 -0.75461 -0.11176 0.18557 -0.79434 0.044663 -0.042646 -0.79273 -0.012364 -0.0097485 0.60597
-0.10932 -0.062495 0.29492 0.11003 -0.052765 0.31309 -0.010888 0.00040423 0.40915 -0.0028896 -0.00034511 0.068536 -0.056973 -0.010019 -0.047378 0.058214 -0.010019 -0.045832 -0.19719 -0.022463 0.047421 0.21089 0.017451 0.079267 -0.31246 -0.22702 0.078032 0.19127 0.25005 0.039706 -0.35211 -0.29852 0.089874 0.18148 0.32997 0.020929 -0.099329 0.12656 -0.40994 0.067939 0.056995 -0.42978 -0.11455 0.26906 -0.70819 0.038425 0.095735 -0.75983 -0.11072 0.19174 -0.76118 0.055804 0.010423 -0.7942 -0.0036388 0.0031834 0.60625
-0.11014 -0.073174 0.3031 0.12474 -0.040439 0.32468 -0.0092357 -0.00043018 0.40916 -0.0024418 0.0017981 0.068532 -0.056412 -0.0025291 -0.049022 0.056217 -0.0025291 -0.04924 -0.19967 -0.0079135 0.06158 0.22144 0.019879 0.085055 -0.27896 -0.22896 0.092196 0.1617 0.24573 0.046852 -0.30632 -0.30615 0.1033 0.13628 0.32252 0.029779 -0.12004 0.15077 -0.40171 0.069546 0.060735 -0.4337 -0.15547 0.28253 -0.70559 0.073828 0.11551 -0.76298 -0.13222 0.20348 -0.75244 0.096963 0.034218 -0.80329 -0.0062838 0.0055433 0.60631
-0.10938 -0.055962 0.2975 0.1166 -0.036492 0.31442 -0.0085734 0.0090847 0.40895 -0.0020515 0.0053104 0.068353 -0.055775 -0.0013701 -0.049862 0.055413 -0.0013701 -0.05027 -0.19825 0.019812 0.05879 0.20654 -0.015774 0.064964 -0.26657 -0.20561 0.087627 0.13287 0.20708 0.027607 -0.29002 -0.2842 0.097743 0.10292 0.28263 0.012526 -0.11366 0.16844 -0.39571 0.071191 0.043322 -0.43695 -0.096061 0.29646 -0.70353 0.073416 0.071693 -0.76954 -0.075633 0.27278 -0.78756 0.083623 -0.0095542 -0.81461 -0.0075006 0.017657 0.60603
-0.11752 -0.041265 0.29947 0.11427 -0.036284 0.31381 -0.0092798 0.01273 0.40858 -0.001874 0.0090827 0.067976 -0.05468 -0.0025724 -0.050947 0.055445 -0.0025724 -0.050111 -0.22486 0.044714 0.07065 0.20079 -0.038522 0.062729 -0.26274 -0.18925 0.07164 0.1033 0.17086 0.0166 -0.27691 -0.27148 0.071387 0.055887 0.23775 -0.0046973 -0.10772 0.16908 -0.3977 0.07215 0.051253 -0.43632 -0.082006 0.27828 -0.71245 0.08253 0.043807 -0.7704 -0.074624 0.24511 -0.79928 0.09136 -0.039261 -0.81244 -0.0058398 0.025507 0.60541
-0.11986 -0.058432 0.30455 0.11661 -0.029913 0.32019 -0.014377 0.017678 0.4074 -0.0037015 0.014878 0.066879 -0.054477 -0.0021867 -0.051256 0.05651 -0.0021867 -0.049028 -0.23926 -0.013171 0.075382 0.21874 -0.019868 0.073302 -0.20732 -0.2481 0.062527 0.097972 0.18066 0.01881 -0.19012 -0.32763 0.057572 0.082444 0.25535 0.013486 -0.1443 0.1371 -0.4028 0.041398 0.092069 -0.42601 -0.14117 0.19925 -0.73044 0.090615 0.040752 -0.75146 -0.14641 0.14237 -0.8062 0.1036 -0.042713 -0.79273 -0.012306 0.038025 0.60356
-0.060617 -0.094269 0.31801 0.10741 -0.047849 0.32673 -0.010907 0.030823 0.40462 -0.0036603 0.024111 0.06407 -0.055356 -0.0046804 -0.050007 0.053812 -0.0046804 -0.05163 -0.2125 -0.049746 0.095086 0.19232 -0.078079 0.080532 -0.2445 -0.27951 0.012495 0.13891 0.14258 0.031017 -0.24172 -0.36173 -0.014829 0.18612 0.21525 0.030107 -0.16521 0.13075 -0.3989 0.019339 0.1413 -0.41257 -0.16251 0.14775 -0.73253 0.081315 0.05089 -0.72854 -0.19376 0.1003 -0.8063 0.085351 -0.03013 -0.77282 -0.0053691 0.055606 0.60031
-0.014066 -0.1258 0.35411 0.08045 -0.09955 0.33606 0.0040984 0.029186 0.40267 0.0033372 0.029136 0.061998 -0.055993 -0.0080694 -0.048989 0.045146 -0.0080694 -0.05913 -0.1257 -0.10522 0.13417 0.093366 -0.20831 0.091998 -0.1751 -0.19347 -0.022044 0.17914 0.010962 0.057198 -0.1814 -0.23261 -0.071263 0.25497 0.030245 0.041699 -0.12386 0.15853 -0.39464 0.06246 0.14498 -0.41551 -0.11772 0.1594 -0.72857 0.086093 0.071256 -0.74045 -0.16783 0.13925 -0.80413 0.055303 -0.0072068 -0.7895 0.025011 0.047647 0.59786
-0.05704 -0.14439 0.36779 0.052837 -0.14564 0.33426 0.015774 -0.0023982 0.40363 0.011914 0.022115 0.063824 -0.056999 -0.0041254 -0.048247 0.040067 -0.0041254 -0.062977 -0.032748 -0.2503 0.11908 -0.0098388 -0.26753 0.1068 0.14688 -0.10738 0.0088605 0.16165 -0.10706 0.073855 0.21297 -0.051941 -0.016973 0.23946 -0.12996 0.06004 -0.085033 0.15704 -0.40211 0.11361 0.093684 -0.43356 -0.099782 0.15044 -0.73549 0.14763 0.085419 -0.76415 -0.1441 0.14972 -0.81799 0.11837 0.02032 -0.81391 0.048661 0.0059986 0.598
-0.072097 -0.15127 0.32595 0.041019 -0.17651 0.32318 0.01492 -0.036876 0.40398 0.011971 0.010881 0.066656 -0.057715 0.002479 -0.04753 0.045316 0.002479 -0.05944 -0.088799 -0.21145 0.067382 -0.083357 -0.28804 0.11649 0.1172 -0.13663 -0.026352 0.11442 -0.16644 0.069061 0.1889 -0.095214 -0.03782 0.18744 -0.14022 0.041417 -0.083527 0.15447 -0.40553 0.09852 0.074654 -0.43877 -0.14142 0.13518 -0.73377 0.25353 0.067379 -0.73394 -0.19967 0.091886 -0.79294 0.33251 0.035557 -0.76851 0.045632 -0.033011 0.59882
-0.1224 -0.15779 0.35703 -0.00045098 -0.1991 0.33426 -0.0081018 -0.04981 0.40377 0.008516 0.0050104 0.067902 -0.051544 0.0034035 -0.054029 0.046069 0.0034035 -0.058934 -0.17157 -0.2171 0.10245 -0.16491 -0.2756 0.13768 0.051034 -0.204 0.023028 0.052621 -0.17862 0.11294 0.13124 -0.21139 0.013889 0.11872 -0.12794 0.10507 -0.062167 0.16403 -0.40975 0.091623 0.064603 -0.44194 -0.16638 0.15826 -0.72766 0.26747 0.015927 -0.72337 -0.22485 0.085881 -0.73345 0.35847 -0.010809 -0.75084 0.018308 -0.059394 0.599
-0.068151 -0.18622 0.37161 0.067668 -0.17367 0.33563 0.0029364 -0.045605 0.40525 0.0032303 0.0043 0.068388 -0.053782 0.0032606 -0.051825 0.04187 0.0032606 -0.061624 -0.082878 -0.26496 0.1193 -0.0475 -0.29659 0.13687 0.11749 -0.17364 0.041296 0.10561 -0.12399 0.12139 0.1982 -0.15962 0.041249 0.15419 -0.059697 0.11855 -0.12377 0.14835 -0.40511 0.03604 0.10329 -0.43632 -0.26597 0.094771 -0.70007 0.19464 0.10916 -0.72868 -0.3051 0.010939 -0.71149 0.27243 0.11936 -0.75828 0.028842 -0.04706 0.60074
-0.093346 -0.19747 0.39214 0.070472 -0.18177 0.33235 -0.0079278 -0.056242 0.40448 -0.0010985 -0.00057602 0.068548 -0.054382 0.0056474 -0.051046 0.042018 0.0056474 -0.062415 -0.094557 -0.28365 0.1387 -0.070413 -0.31463 0.13647 0.11166 -0.18773 0.074857 0.080238 -0.1319 0.15301 0.19229 -0.17704 0.081626 0.12408 -0.055491 0.15503 -0.12326 0.18701 -0.39071 0.03041 0.13919 -0.43102 -0.29102 0.14928 -0.68066 0.16704 0.11119 -0.73253 -0.37591 0.091246 -0.68733 0.26765 0.15504 -0.77254 0.012519 -0.058656 0.60066
-0.1464 -0.16279 0.34378 0.017648 -0.188 0.32093 -0.044857 -0.061399 0.40206 -0.0056282 -0.0066135 0.068052 -0.051404 0.0050808 -0.054096 0.055787 0.0050808 -0.04821 -0.098903 -0.24995 0.099651 -0.0041688 -0.27858 0.08694 0.1307 -0.21613 0.045057 0.1707 -0.12016 0.054537 0.21346 -0.22638 0.045744 0.23778 -0.092219 0.052015 -0.049852 0.15132 -0.41013 -0.025783 0.11946 -0.41078 -0.15154 0.20868 -0.71666 0.098613 0.090303 -0.71712 -0.17267 0.17753 -0.73206 0.10412 0.074621 -0.75465 -0.018936 -0.07284 0.59721
-0.1417 -0.12172 0.27729 0.0096319 -0.17517 0.31377 -0.054486 -0.052969 0.40214 -0.008053 -0.0090907 0.067519 -0.052127 0.0029849 -0.053574 0.06202 0.0029849 -0.041276 -0.07401 -0.19865 0.034362 0.07937 -0.13031 0.090094 0.15547 -0.19913 -0.02216 0.26073 -0.051844 -0.019855 0.23762 -0.20541 -0.027484 0.32939 -0.099951 -0.039872 -0.017791 0.06456 -0.43967 -0.015662 0.10703 -0.3979 -0.030727 0.18532 -0.75404 0.079653 0.15577 -0.71515 0.071372 0.1661 -0.79334 0.040088 0.10192 -0.74406 -0.02289 -0.066102 0.59638
-0.16517 -0.12287 0.31304 0.014115 -0.18731 0.3293 -0.046588 -0.055572 0.40277 -0.0078369 -0.010884 0.067257 -0.052471 0.0046278 -0.053063 0.050622 0.0046278 -0.055196 -0.18056 -0.17849 0.051927 -0.093244 0.044747 0.21327 0.050092 -0.20546 0.0032769 0.11816 -0.034758 0.12623 0.13244 -0.21296 0.0011672 0.16338 -0.10028 0.1057 -0.041873 0.075023 -0.43569 0.16018 0.13231 -0.41268 -0.069347 0.20301 -0.74225 0.21366 0.16961 -0.74008 0.016883 0.19953 -0.76893 0.31457 0.16818 -0.77261 -0.02662 -0.07072 0.59848
-0.18877 -0.13609 0.33563 0.0064937 -0.18952 0.33276 -0.06125 -0.056858 0.4006 -0.01149 -0.012087 0.066542 -0.047581 0.0052126 -0.057485 0.0519 0.0052126 -0.053603 -0.2014 -0.18113 0.074065 -0.077948 0.046177 0.24519 0.025251 -0.22717 0.022362 0.11816 -0.050888 0.15437 0.10704 -0.23828 0.017123 0.17209 -0.11304 0.14716 -0.066868 0.063019 -0.44251 0.16459 0.10811 -0.4121 -0.13797 0.20213 -0.73761 0.23204 0.12979 -0.7384 -0.051427 0.19708 -0.77317 0.31343 0.098064 -0.7712 -0.043309 -0.072567 0.59642
-0.21416 -0.09024 0.34339 -0.031921 -0.19009 0.32082 -0.068553 -0.042835 0.40116 -0.013536 -0.010543 0.066453 -0.044287 0.0043502 -0.060181 0.051552 0.0043502 -0.054001 -0.18788 -0.15029 0.086156 -0.10452 0.055171 0.26168 0.014191 -0.25586 0.020364 0.067946 -0.084141 0.17372 0.091771 -0.28073 0.004705 0.074765 -0.16531 0.17404 -0.047547 0.04695 -0.44765 0.15971 0.068401 -0.42253 -0.15114 0.22598 -0.71028 0.20801 0.087761 -0.75213 -0.07519 0.22089 -0.76549 0.28202 0.05077 -0.79466 -0.055724 -0.061311 0.59716
-0.24481 -0.015649 0.36014 0.048578 -0.04205 0.37976 -0.085486 -0.020423 0.39942 -0.017992 -0.0048092 0.065949 -0.037801 0.0012079 -0.064501 0.052018 0.0012079 -0.053743 -0.21548 -0.09913 0.10936 -0.0070789 0.22361 0.32547 -0.072285 -0.26669 0.025611 0.043114 0.015713 0.23443 -0.011785 -0.31795 0.0048628 0.028762 -0.060901 0.20674 -0.053759 0.029924 -0.45283 0.15161 0.018648 -0.43043 -0.093575 0.239 -0.7078 0.17776 0.054193 -0.76227 -0.038436 0.24206 -0.78252 0.24261 0.004804 -0.80774 -0.080254 -0.041217 0.59544
-0.22634 0.0042051 0.32303 0.084597 0.0092287 0.37839 -0.086436 -0.014844 0.39988 -0.017008 -0.0030794 0.06641 -0.041157 0.0019361 -0.06227 0.053445 0.0019361 -0.052285 -0.19909 -0.085205 0.074223 0.074674 0.16623 0.19238 -0.083023 -0.26835 -0.023638 0.0049107 -0.041507 0.096824 -0.035163 -0.33269 -0.045849 -0.0128 -0.11356 0.059504 -0.064979 0.0043004 -0.45136 0.14671 0.012257 -0.42978 -0.068817 0.22412 -0.70463 0.12701 0.088637 -0.75291 -0.024019 0.22671 -0.78778 0.18732 0.031015 -0.79766 -0.076821 -0.034698 0.59621
-0.19065 -0.0058241 0.29719 0.085542 -0.0073222 0.35472 -0.065853 -0.027591 0.40281 -0.012625 -0.0060066 0.067143 -0.045025 0.0044094 -0.059665 0.052887 0.0044094 -0.05271 -0.16459 -0.089972 0.046492 0.093938 0.033078 0.080324 -0.057009 -0.27397 -0.056176 -0.0091264 -0.16216 -0.0046063 -0.011704 -0.33898 -0.07943 -0.041255 -0.23068 -0.03708 -0.056595 -0.023443 -0.44824 0.16517 0.031266 -0.4282 -0.048931 0.16314 -0.72401 0.13573 0.10383 -0.75344 -0.013857 0.14785 -0.80791 0.21457 0.079181 -0.79983 -0.045631 -0.067002 0.59443
-0.18286 -0.0091358 0.30337 0.094754 0.0016461 0.35454 -0.05722 -0.03779 0.40352 -0.011486 -0.0078529 0.067182 -0.042738 0.0039641 -0.061242 0.052071 0.0039641 -0.053558 -0.16031 -0.090751 0.051212 0.10608 0.0051747 0.092546 -0.063432 -0.28249 -0.049307 -0.00046835 -0.18864 0.0078382 -0.014211 -0.34444 -0.073222 -0.036973 -0.25369 -0.027515 -0.052405 -0.042024 -0.44829 0.10066 0.028225 -0.4341 -0.0028498 0.073337 -0.75742 0.10563 0.12093 -0.75329 0.015439 0.040238 -0.84561 0.16696 0.085206 -0.80226 -0.033095 -0.10031 0.58941
-0.18237 -0.013695 0.2996 0.087693 -0.0028636 0.34059 -0.05838 -0.040481 0.40298 -0.011056 -0.0081562 0.067194 -0.042865 0.0036209 -0.061184 0.05186 0.0036209 -0.053765 -0.16105 -0.094035 0.047546 0.11883 -0.022987 0.076585 -0.062501 -0.28605 -0.050211 0.0092915 -0.20672 -0.024709 -0.0089748 -0.34433 -0.074373 -0.018952 -0.27473 -0.062691 -0.054466 -0.037023 -0.44853 0.015546 0.014656 -0.44249 0.020564 0.029325 -0.76721 -0.0036945 0.18803 -0.72708 0.046818 -0.01984 -0.8387 -0.0081356 0.12348 -0.79332 -0.038664 -0.10402 0.58861
-0.16856 -0.018989 0.31014 0.10265 0.00029865 0.33582 -0.038038 -0.046292 0.40486 -0.0073419 -0.0096763 0.067516 -0.04621 0.0057924 -0.058535 0.050062 0.0057924 -0.055278 -0.14021 -0.10607 0.060171 0.13311 -0.037261 0.07454 -0.036629 -0.29603 -0.036614 0.056681 -0.23783 -0.026311 0.016748 -0.35324 -0.063374 0.028372 -0.30437 -0.066246 -0.042422 -0.013238 -0.44789 0.090996 0.02236 -0.44282 0.010379 0.054212 -0.77063 0.006831 0.20054 -0.71228 0.066809 -0.0095023 -0.80928 -0.014595 0.19425 -0.80283 -0.025658 -0.1112 0.59074
-0.16151 -0.026973 0.31643 0.1132 0.0013343 0.33443 -0.025916 -0.046563 0.40578 -0.0048839 -0.0096896 0.067735 -0.04946 0.0043381 -0.055941 0.050231 0.0043381 -0.055251 -0.11434 -0.11494 0.067746 0.13472 -0.037023 0.072338 -0.013923 -0.30601 -0.030342 0.055237 -0.23338 -0.034259 0.043356 -0.35701 -0.061546 0.048421 -0.30381 -0.076999 -0.048298 -0.011433 -0.44544 0.090936 0.034068 -0.44188 -0.0055059 0.059798 -0.76885 0.061537 0.19702 -0.73132 0.029993 0.028756 -0.84812 0.068183 0.13257 -0.79583 -0.019042 -0.11571 0.59041
-0.15529 -0.019947 0.3201 0.12208 -0.014002 0.32991 -0.01871 -0.04582 0.40626 -0.0034302 -0.0094922 0.06785 -0.051313 0.003489 -0.054336 0.050646 0.003489 -0.054959 -0.1902 -0.0063083 0.062423 0.14558 -0.033444 0.065719 -0.11537 -0.20511 -0.042216 0.041362 -0.21994 -0.036154 -0.061049 -0.26405 -0.060102 0.044675 -0.28995 -0.0775 -0.053887 -0.0081994 -0.44394 0.085975 0.043427 -0.44115 -0.018003 0.063531 -0.76807 0.086126 0.21399 -0.72874 0.019814 0.050795 -0.85512 0.076189 0.13609 -0.78252 -0.015616 -0.11927 0.58931
-0.14451 -0.01273 0.32908 0.1345 -0.015297 0.32533 -0.0041664 -0.044937 0.40675 -0.00081209 -0.0097889 0.067893 -0.053081 0.0073114 -0.052165 0.050649 0.0073114 -0.054515 -0.17897 -0.028009 0.066979 0.17713 -0.017431 0.063793 -0.11073 -0.22181 -0.051222 0.069958 -0.20311 -0.038371 -0.058142 -0.28525 -0.065976 0.10333 -0.27569 -0.085148 -0.061748 -0.0023761 -0.44175 0.074995 0.077217 -0.43698 -0.032689 0.058703 -0.76867 0.080045 0.24641 -0.7247 0.0053424 0.01636 -0.83885 0.06152 0.18913 -0.79678 0.00088562 -0.12056 0.58887
-0.13 -0.018856 0.34237 0.15201 -0.01201 0.32069 0.017562 -0.04941 0.40586 0.0034495 -0.010551 0.067686 -0.056352 0.0076762 -0.048551 0.050744 0.0076762 -0.054417 -0.16583 -0.045228 0.081788 0.22587 0.0022675 0.062224 -0.1043 -0.23753 -0.042247 0.10653 -0.18401 -0.020384 -0.03448 -0.27842 -0.058115 0.079882 -0.21943 -0.048659 -0.072105 -0.0059951 -0.43781 0.052914 0.10228 -0.43269 -0.045759 0.036219 -0.7681 0.037797 0.26032 -0.72618 -0.021243 -0.042108 -0.82291 0.052067 0.22755 -0.81063 0.024653 -0.12587 0.58757
-0.11119 -0.025809 0.3553 0.17519 -0.021273 0.31383 0.042593 -0.054008 0.40341 0.008261 -0.011047 0.0672 -0.059665 0.0054087 -0.04482 0.049903 0.0054087 -0.055458 -0.19295 0.0055678 0.10271 0.20163 -0.035541 0.056759 -0.15149 -0.19483 -0.016845 0.065643 -0.21681 -0.013938 -0.088156 -0.23793 -0.036252 -0.025143 -0.22327 -0.031684 -0.087684 -0.00903 -0.43333 0.034124 0.10509 -0.43194 -0.073132 0.008389 -0.76627 -0.0043345 0.24823 -0.73125 -0.095034 -0.054285 -0.82081 0.033286 0.22984 -0.81617 0.049677 -0.12843 0.58597
-0.089802 -0.025676 0.36441 0.1991 -0.035196 0.30547 0.067106 -0.055221 0.3999 0.012764 -0.011349 0.066433 -0.061737 0.0053058 -0.041886 0.0482 0.0053058 -0.056957 -0.1911 0.024678 0.12432 0.13975 -0.11134 0.054096 -0.15551 -0.18069 0.011548 -0.0037924 -0.28273 -0.023878 -0.12196 -0.25333 -0.016249 -0.07519 -0.30616 -0.053795 -0.11221 -0.0057277 -0.42825 0.024077 0.10219 -0.43375 -0.12654 -0.0090624 -0.76198 -0.015653 0.22846 -0.74029 -0.19357 -0.0461 -0.82006 0.018802 0.21632 -0.82601 0.074206 -0.12258 0.58517
-0.072221 -0.023169 0.36855 0.21485 -0.040348 0.29692 0.08591 -0.054447 0.39636 0.016403 -0.011325 0.065638 -0.063354 0.0043606 -0.039528 0.047101 0.0043606 -0.057943 -0.17928 0.031901 0.1316 0.15207 -0.14196 0.060229 -0.13911 -0.17551 0.024267 -0.0084558 -0.30316 -0.0065117 -0.10613 -0.24528 -0.0045453 -0.082432 -0.33325 -0.029101 -0.14137 -0.0059024 -0.42131 0.023547 0.096052 -0.43608 -0.19187 -0.0063616 -0.75127 -0.016003 0.21121 -0.74698 -0.25384 -0.05603 -0.79988 0.025109 0.21206 -0.83118 0.091335 -0.11179 0.58503
-0.062391 -0.011649 0.36858 0.21842 -0.035178 0.2874 0.096059 -0.042031 0.39555 0.018062 -0.0092415 0.065528 -0.06403 0.0029799 -0.038552 0.045795 0.0029799 -0.059067 -0.15911 0.024136 0.12363 0.13202 -0.15853 0.068553 -0.13466 -0.18503 0.014944 -0.030148 -0.31661 -0.0013429 -0.10759 -0.25771 -0.013599 -0.10139 -0.35082 -0.025871 -0.16954 0.0018088 -0.41381 0.032653 0.095693 -0.43746 -0.2494 0.020968 -0.73742 -0.0046268 0.19919 -0.75271 -0.32168 -0.0043146 -0.79096 0.041021 0.20169 -0.83439 0.099211 -0.090011 0.58686
-0.061887 -0.0029371 0.36262 0.20938 -0.032482 0.27939 0.095585 -0.031041 0.39669 0.01777 -0.0073615 0.065846 -0.063836 0.0017792 -0.03895 0.044658 0.0017792 -0.059983 -0.15794 0.025865 0.1164 0.11533 -0.16278 0.067371 -0.1274 -0.18045 0.0038422 -0.044648 -0.32061 -0.0078421 -0.10247 -0.25385 -0.025213 -0.11031 -0.36413 -0.032714 -0.18452 0.024727 -0.40884 0.047775 0.10103 -0.4369 -0.25468 0.050178 -0.7343 0.022402 0.19792 -0.75543 -0.31779 0.030246 -0.80064 0.071734 0.20355 -0.83501 0.098531 -0.072517 0.58955
-0.066392 0.0041954 0.35798 0.19857 -0.033665 0.27734 0.089129 -0.026307 0.39855 0.016377 -0.0065553 0.066289 -0.062497 0.0014357 -0.041067 0.04292 0.0014357 -0.061238 -0.15683 0.035337 0.11005 0.1037 -0.16008 0.063804 -0.12945 -0.1717 -0.0019262 -0.061785 -0.31359 -0.0086431 -0.10774 -0.24596 -0.03095 -0.12232 -0.3624 -0.037049 -0.17208 0.037747 -0.41339 0.060645 0.10262 -0.43729 -0.22561 0.069401 -0.74146 0.059472 0.20251 -0.75593 -0.28442 0.050778 -0.81184 0.10959 0.1886 -0.83296 0.08343 -0.067125 0.59141
-0.074269 0.0073534 0.35298 0.18742 -0.035143 0.27927 0.078431 -0.026488 0.40076 0.014498 -0.0065515 0.066729 -0.06066 0.001737 -0.043739 0.042181 0.001737 -0.061753 -0.15734 0.039503 0.10252 0.093045 -0.15359 0.060694 -0.13675 -0.16827 -0.0097324 -0.068013 -0.30572 -0.022956 -0.11784 -0.24398 -0.037264 -0.12825 -0.35666 -0.047382 -0.15313 0.051212 -0.41917 0.071646 0.090971 -0.44002 -0.19047 0.088168 -0.74889 0.098928 0.20404 -0.75286 -0.24779 0.070306 -0.8207 0.14867 0.16645 -0.82373 0.069171 -0.065597 0.59391
-0.082694 0.0076108 0.34919 0.17695 -0.033687 0.28114 0.06775 -0.028058 0.40262 0.012272 -0.0069711 0.067124 -0.058713 0.0022813 -0.046277 0.042954 0.0022813 -0.061189 -0.16189 0.039806 0.097523 0.093797 -0.14433 0.05438 -0.13915 -0.17007 -0.010044 -0.066499 -0.29497 -0.033717 -0.11791 -0.24476 -0.038316 -0.12748 -0.34603 -0.056381 -0.13616 0.067798 -0.42262 0.079427 0.067203 -0.44385 -0.15649 0.10934 -0.75332 0.11707 0.19785 -0.74903 -0.2125 0.093953 -0.82667 0.16069 0.13878 -0.80568 0.060483 -0.065972 0.59607
-0.089236 0.0079809 0.34914 0.17027 -0.031332 0.28265 0.060459 -0.029005 0.40371 0.010582 -0.0073989 0.067377 -0.057377 0.0027464 -0.047923 0.043927 0.0027464 -0.060488 -0.16642 0.04313 0.097228 0.098735 -0.13643 0.049143 -0.13846 -0.1709 -0.00074491 -0.068746 -0.28257 -0.033197 -0.11348 -0.24319 -0.032332 -0.12914 -0.33299 -0.058681 -0.12152 0.074063 -0.42577 0.07704 0.03746 -0.44724 -0.12515 0.12349 -0.75595 0.095746 0.17034 -0.75267 -0.18411 0.11292 -0.82793 0.12895 0.095557 -0.79903 0.05432 -0.068939 0.59679
-0.093108 0.011123 0.34985 0.1678 -0.030214 0.28498 0.056297 -0.026995 0.40444 0.010278 -0.0066921 0.067484 -0.057254 0.001988 -0.048082 0.044319 0.001988 -0.060215 -0.17042 0.047941 0.098241 0.093092 -0.13122 0.050774 -0.14027 -0.16672 0.0025048 -0.069293 -0.27858 -0.039101 -0.11572 -0.23882 -0.029645 -0.13163 -0.32891 -0.059648 -0.11217 0.069669 -0.42799 0.065293 0.012108 -0.44938 -0.097012 0.12876 -0.75628 0.053161 0.12344 -0.76423 -0.15979 0.11973 -0.82507 0.07954 0.050597 -0.81648 0.052735 -0.068073 0.59736
-0.091521 0.025138 0.34854 0.16875 -0.024367 0.28654 0.056573 -0.015206 0.40507 0.010493 -0.0027299 0.067735 -0.05723 -0.0023232 -0.048108 0.044396 -0.0023232 -0.060155 -0.17048 0.048417 0.095808 0.090593 -0.12083 0.051525 -0.14377 -0.16403 -0.0057878 -0.064949 -0.28168 -0.0266 -0.12153 -0.23922 -0.032071 -0.13118 -0.32548 -0.049704 -0.093276 0.068031 -0.42981 0.059571 0.011557 -0.44941 -0.0608 0.13904 -0.75445 0.037044 0.10599 -0.76889 -0.12964 0.1379 -0.81786 0.056782 0.035102 -0.82674 0.052944 -0.055817 0.59808
