-0.11105 0.0091061 0.34414 0.16274 0.026691 0.31354 0.037117 -0.026766 0.40342 0.0057076 0.014822 0.066733 -0.053388 -0.0039976 -0.052237 0.050129 -0.0039976 -0.055373 -0.25992 0.039136 0.126 0.26736 0.088269 0.07708 -0.35431 0.24981 0.072357 0.34159 -0.10588 0.19095 -0.38969 0.32256 0.05518 0.35876 -0.15244 0.2571 -0.20272 -0.30895 -0.24368 0.19511 -0.2781 -0.29157 -0.23431 -0.3787 -0.56868 0.18103 -0.28585 -0.62508 -0.28785 -0.40764 -0.63979 0.21637 -0.32061 -0.70448 0.032564 -0.062757 0.59732
-0.11125 0.0067052 0.34526 0.16295 0.023349 0.31438 0.036983 -0.029344 0.40419 0.0054124 0.011154 0.067426 -0.05363 -0.0035829 -0.052026 0.05016 -0.0035829 -0.055378 -0.25049 0.043116 0.12114 0.26426 0.086272 0.076415 -0.33352 0.26527 0.080791 0.35066 -0.11391 0.23327 -0.36579 0.34164 0.068465 0.3666 -0.16822 0.32764 -0.20374 -0.30821 -0.24337 0.19462 -0.27792 -0.29163 -0.23491 -0.37426 -0.56916 0.18022 -0.28479 -0.62514 -0.28826 -0.40391 -0.64 0.21581 -0.32079 -0.70385 0.030931 -0.064992 0.5983
-0.11174 0.0044727 0.34621 0.16288 0.020105 0.31515 0.036539 -0.032003 0.40478 0.0051986 0.0078651 0.067913 -0.053924 -0.0031162 -0.05175 0.050071 -0.0031162 -0.055486 -0.24945 0.043625 0.12137 0.26655 0.084063 0.078416 -0.33112 0.26697 0.082375 0.35276 -0.12091 0.23146 -0.36296 0.34372 0.070506 0.36629 -0.17918 0.3253 -0.20424 -0.30763 -0.24311 0.19448 -0.27766 -0.29153 -0.23505 -0.37151 -0.56938 0.17978 -0.28377 -0.62505 -0.29027 -0.39635 -0.64018 0.21554 -0.32071 -0.70325 0.028503 -0.069142 0.59851
-0.11242 0.0023243 0.34706 0.16265 0.016883 0.31588 0.035892 -0.034825 0.40517 0.005059 0.0049251 0.068223 -0.054253 -0.0026096 -0.05143 0.049888 -0.0026096 -0.055674 -0.2549 0.041405 0.12572 0.27319 0.081806 0.08284 -0.34238 0.25835 0.079108 0.34982 -0.12625 0.19757 -0.37574 0.33312 0.064445 0.35985 -0.18559 0.27005 -0.20431 -0.30717 -0.24293 0.19462 -0.27733 -0.29131 -0.23481 -0.3701 -0.56942 0.17965 -0.28278 -0.62483 -0.29291 -0.38701 -0.64039 0.21551 -0.32042 -0.70266 0.025581 -0.074738 0.59814
-0.11319 0.00017563 0.34788 0.16238 0.013607 0.31661 0.035147 -0.037895 0.40537 0.0049866 0.0023022 0.068385 -0.054597 -0.0020754 -0.051086 0.04964 -0.0020754 -0.055915 -0.26493 0.037195 0.13324 0.28314 0.079666 0.089439 -0.36254 0.24288 0.072989 0.34374 -0.1293 0.14366 -0.39864 0.31414 0.053426 0.34934 -0.18773 0.18186 -0.20405 -0.30677 -0.24284 0.19498 -0.27695 -0.291 -0.23426 -0.36968 -0.56937 0.17977 -0.28184 -0.62451 -0.29522 -0.37797 -0.64064 0.21566 -0.31999 -0.70209 0.022463 -0.081311 0.59733
-0.11397 -0.0020576 0.34875 0.16219 0.010199 0.31739 0.034408 -0.041296 0.40536 0.004974 -3.5077e-05 0.06843 -0.054939 -0.0015259 -0.050736 0.049355 -0.0015259 -0.056183 -0.27766 0.031736 0.14298 0.29537 0.077806 0.097971 -0.38686 0.22401 0.066017 0.33645 -0.12943 0.081809 -0.42617 0.29111 0.04059 0.3368 -0.18589 0.080682 -0.20354 -0.30639 -0.24287 0.19551 -0.27652 -0.29061 -0.23348 -0.36989 -0.56931 0.18008 -0.28093 -0.62413 -0.29621 -0.3713 -0.64097 0.21596 -0.31946 -0.70152 0.019448 -0.088393 0.59625
-0.11466 -0.0044597 0.34973 0.16221 0.0065844 0.31825 0.033782 -0.045113 0.40516 0.0050143 -0.0021184 0.068389 -0.05526 -0.00097325 -0.050401 0.049061 -0.00097325 -0.056453 -0.29117 0.02577 0.154 0.30884 0.076392 0.10819 -0.41059 0.2052 0.060191 0.32985 -0.12602 0.024066 -0.45286 0.26834 0.02908 0.32426 -0.18034 -0.013517 -0.2029 -0.30599 -0.24304 0.19614 -0.27607 -0.29019 -0.23254 -0.37039 -0.56933 0.18049 -0.28005 -0.6237 -0.29492 -0.36907 -0.64143 0.21635 -0.31889 -0.70094 0.016836 -0.095513 0.59507
-0.11517 -0.007115 0.3509 0.16255 0.0026852 0.31924 0.033373 -0.049428 0.40475 0.0051001 -0.0039792 0.068291 -0.055542 -0.00042976 -0.0501 0.048786 -0.00042976 -0.056699 -0.30356 0.020038 0.16533 0.32251 0.075587 0.11985 -0.42898 0.1899 0.05751 0.32587 -0.11844 -0.017503 -0.47323 0.25013 0.022037 0.31378 -0.17138 -0.080775 -0.20221 -0.30552 -0.24336 0.19681 -0.2756 -0.28975 -0.23151 -0.37081 -0.56951 0.18097 -0.2792 -0.62326 -0.29038 -0.37335 -0.64205 0.21678 -0.31834 -0.70036 0.014927 -0.1022 0.59394
-0.11544 -0.010025 0.35231 0.16329 -0.001504 0.32037 0.033235 -0.054214 0.40417 0.0052221 -0.0056477 0.068161 -0.05577 9.6531e-05 -0.049848 0.048554 9.6531e-05 -0.056901 -0.31346 0.015091 0.17625 0.33558 0.07541 0.13279 -0.43875 0.18049 0.059243 0.32566 -0.10649 -0.034799 -0.48353 0.2394 0.021478 0.3071 -0.15911 -0.10798 -0.20157 -0.30494 -0.24385 0.19744 -0.27514 -0.28933 -0.23049 -0.37085 -0.5699 0.18141 -0.27838 -0.62283 -0.28229 -0.38485 -0.64285 0.2172 -0.31785 -0.69978 0.013878 -0.10812 0.59298
-0.11562 -0.012907 0.35396 0.16427 -0.0057437 0.32165 0.033234 -0.059056 0.40351 0.0053628 -0.0071499 0.06801 -0.055945 0.00061214 -0.049647 0.048371 0.00061214 -0.057053 -0.32132 0.010831 0.18678 0.34806 0.075362 0.14712 -0.44173 0.17557 0.064126 0.32779 -0.091412 -0.033469 -0.48604 0.23423 0.025514 0.30503 -0.14311 -0.10576 -0.20113 -0.3042 -0.24447 0.1979 -0.27474 -0.28893 -0.22957 -0.37041 -0.5705 0.18171 -0.27764 -0.62242 -0.27267 -0.39962 -0.64378 0.21746 -0.31743 -0.69922 0.013366 -0.11333 0.59216
-0.11588 -0.015413 0.35582 0.16531 -0.0097414 0.32306 0.0332 -0.063455 0.4029 0.0055031 -0.0085106 0.067843 -0.05607 0.0011267 -0.049496 0.048241 0.0011267 -0.057154 -0.32802 0.0070174 0.19709 0.36014 0.074836 0.16302 -0.44086 0.17291 0.070346 0.33022 -0.074769 -0.02214 -0.48434 0.23165 0.031405 0.30816 -0.12281 -0.089897 -0.20101 -0.30325 -0.24517 0.19806 -0.27446 -0.28856 -0.22889 -0.3694 -0.57127 0.18171 -0.27701 -0.62205 -0.26407 -0.41266 -0.6448 0.21744 -0.31709 -0.69872 0.012958 -0.11802 0.5914
-0.11637 -0.017246 0.35787 0.16626 -0.013255 0.32456 0.032976 -0.066972 0.40247 0.005625 -0.0097567 0.067667 -0.056148 0.0016519 -0.049394 0.048166 0.0016519 -0.057204 -0.33435 0.003423 0.20734 0.372 0.073244 0.18061 -0.43896 0.17039 0.076149 0.33111 -0.058088 -0.0091587 -0.48184 0.22881 0.036526 0.31697 -0.097797 -0.075586 -0.20135 -0.30206 -0.24592 0.19778 -0.27436 -0.28824 -0.22853 -0.36775 -0.57216 0.18129 -0.27652 -0.62172 -0.25888 -0.41923 -0.64586 0.217 -0.31684 -0.69829 0.01225 -0.12238 0.59064
-0.1169 -0.018923 0.36002 0.16725 -0.016885 0.32603 0.032711 -0.070202 0.40204 0.0057298 -0.01095 0.067475 -0.056173 0.0022325 -0.049342 0.048136 0.0022325 -0.05721 -0.34017 6.4406e-05 0.21725 0.3834 0.070318 0.19916 -0.43692 0.16733 0.080779 0.33087 -0.042244 0.0017626 -0.47931 0.22525 0.040062 0.32995 -0.069825 -0.068177 -0.20207 -0.30057 -0.24676 0.19712 -0.27435 -0.28796 -0.22838 -0.36532 -0.57325 0.18051 -0.2761 -0.62145 -0.25717 -0.41881 -0.64692 0.21615 -0.31668 -0.69792 0.011293 -0.12706 0.58969
-0.11702 -0.021634 0.3622 0.16872 -0.021935 0.32724 0.032798 -0.074593 0.40123 0.0058345 -0.012181 0.067252 -0.056138 0.0029409 -0.049344 0.048129 0.0029409 -0.057184 -0.34457 -0.0028408 0.22615 0.39375 0.066062 0.21719 -0.43403 0.16425 0.084305 0.33186 -0.027574 0.010763 -0.4753 0.22241 0.042711 0.34398 -0.042471 -0.064851 -0.20291 -0.29876 -0.2478 0.19627 -0.27426 -0.28774 -0.22813 -0.36191 -0.57468 0.17957 -0.27558 -0.62122 -0.25703 -0.41431 -0.648 0.21502 -0.31665 -0.69752 0.010511 -0.13305 0.58829
-0.11627 -0.026593 0.36429 0.17107 -0.029725 0.32797 0.033641 -0.081619 0.39964 0.0059568 -0.013541 0.066984 -0.05603 0.0038504 -0.049405 0.04812 0.0038504 -0.057138 -0.3466 -0.0050692 0.23339 0.40248 0.060483 0.23322 -0.42955 0.16172 0.086823 0.33649 -0.014396 0.018099 -0.46828 0.22182 0.045212 0.35586 -0.019366 -0.062542 -0.20362 -0.2966 -0.24913 0.19542 -0.2739 -0.28757 -0.22745 -0.35732 -0.5766 0.17871 -0.27479 -0.62105 -0.25652 -0.40877 -0.64908 0.21375 -0.31675 -0.69701 0.010344 -0.14139 0.58619
-0.11437 -0.034499 0.36616 0.17453 -0.040904 0.32807 0.035479 -0.092102 0.39702 0.0061191 -0.01511 0.066646 -0.055855 0.0050224 -0.049508 0.048093 0.0050224 -0.057076 -0.34585 -0.0067694 0.23866 0.40921 0.053719 0.24611 -0.42304 0.15995 0.088634 0.34602 -0.0029021 0.023959 -0.45764 0.22382 0.04799 0.36349 -0.0029241 -0.059099 -0.20404 -0.29406 -0.25081 0.19472 -0.27314 -0.28745 -0.22608 -0.35139 -0.57907 0.17804 -0.2736 -0.62092 -0.25423 -0.4042 -0.65023 0.21242 -0.31698 -0.69636 0.011035 -0.15256 0.58321
-0.1116 -0.044511 0.36755 0.17869 -0.054085 0.32756 0.038065 -0.10489 0.39356 0.0063577 -0.016926 0.066193 -0.055656 0.0064826 -0.049566 0.048038 0.0064826 -0.056978 -0.34347 -0.0092108 0.24269 0.41425 0.046287 0.25576 -0.41504 0.15818 0.090661 0.35827 0.0071027 0.028337 -0.44545 0.22512 0.050522 0.36809 0.0081079 -0.05512 -0.20419 -0.29122 -0.25264 0.19412 -0.27197 -0.28734 -0.22387 -0.34399 -0.58185 0.17749 -0.27204 -0.62082 -0.25038 -0.39952 -0.65164 0.21099 -0.31718 -0.6956 0.012246 -0.16544 0.57954
-0.10835 -0.055499 0.36817 0.18301 -0.0675 0.32654 0.041059 -0.11847 0.38953 0.0067117 -0.019024 0.065574 -0.055489 0.0082501 -0.049484 0.04795 0.0082501 -0.056817 -0.34092 -0.013873 0.24645 0.41804 0.038777 0.26228 -0.40628 0.15542 0.093942 0.37042 0.015886 0.031189 -0.4343 0.2218 0.052102 0.37144 0.015671 -0.051722 -0.20417 -0.28812 -0.25441 0.19356 -0.27042 -0.28722 -0.22072 -0.33501 -0.58462 0.17691 -0.27016 -0.6207 -0.24549 -0.39305 -0.65355 0.20939 -0.31719 -0.69479 0.013532 -0.17861 0.57538
-0.10501 -0.066386 0.36776 0.18697 -0.079501 0.3251 0.044111 -0.1314 0.3852 0.0072128 -0.021427 0.064743 -0.055399 0.010339 -0.049171 0.047827 0.010339 -0.056568 -0.33956 -0.022074 0.2508 0.42097 0.031725 0.2658 -0.39744 0.15083 0.099439 0.37978 0.023698 0.0325 -0.42657 0.21034 0.05215 0.37526 0.021648 -0.049941 -0.20409 -0.28483 -0.25589 0.19296 -0.26852 -0.28704 -0.21656 -0.32439 -0.58712 0.17615 -0.26798 -0.62053 -0.2401 -0.38328 -0.65616 0.20752 -0.31684 -0.694 0.014447 -0.19074 0.57097
-0.10206 -0.076837 0.36629 0.19025 -0.090112 0.32333 0.046748 -0.14336 0.38065 0.0077897 -0.024041 0.063729 -0.055344 0.012689 -0.048666 0.047691 0.012689 -0.056196 -0.33965 -0.032873 0.2555 0.42309 0.024917 0.26679 -0.38878 0.14524 0.10703 0.38572 0.030583 0.032615 -0.42153 0.19358 0.051755 0.37972 0.027153 -0.049747 -0.20434 -0.2812 -0.25705 0.19217 -0.26632 -0.2869 -0.21217 -0.31258 -0.58922 0.17497 -0.26523 -0.62038 -0.23512 -0.37053 -0.65927 0.20497 -0.31574 -0.69335 0.014567 -0.20183 0.56628
-0.10001 -0.087059 0.36387 0.19263 -0.10058 0.32141 0.048405 -0.15485 0.37585 0.0082953 -0.026686 0.062617 -0.055219 0.015188 -0.048098 0.047589 0.015188 -0.055667 -0.34059 -0.043678 0.25944 0.42417 0.017594 0.26598 -0.3802 0.14073 0.11582 0.38911 0.036427 0.032147 -0.41623 0.17894 0.053236 0.38388 0.032729 -0.050324 -0.20553 -0.27695 -0.25798 0.19098 -0.26391 -0.28693 -0.20892 -0.30041 -0.59093 0.17305 -0.26138 -0.62036 -0.23175 -0.35651 -0.66238 0.20108 -0.31337 -0.69307 0.013485 -0.21283 0.56114
-0.099385 -0.097273 0.36065 0.19394 -0.11217 0.31945 0.048514 -0.16639 0.37075 0.0085814 -0.029177 0.061491 -0.054915 0.017722 -0.047598 0.047565 0.017722 -0.054942 -0.34178 -0.051862 0.26152 0.42397 0.0089828 0.26413 -0.37163 0.13941 0.12486 0.39085 0.041114 0.031715 -0.40765 0.17395 0.058935 0.38676 0.038909 -0.050842 -0.20828 -0.2718 -0.25877 0.18919 -0.26136 -0.28732 -0.20819 -0.28874 -0.59226 0.17005 -0.25594 -0.62062 -0.23118 -0.34295 -0.665 0.1952 -0.30918 -0.69336 0.010794 -0.22474 0.55537
-0.10028 -0.10766 0.35674 0.19418 -0.12544 0.3176 0.046972 -0.17832 0.36529 0.0085833 -0.031398 0.060407 -0.054388 0.020201 -0.047227 0.047624 0.020201 -0.054026 -0.34268 -0.055873 0.26129 0.42242 -0.001016 0.26184 -0.36321 0.14225 0.1334 0.39157 0.0448 0.031733 -0.39452 0.18227 0.069705 0.38771 0.046104 -0.050729 -0.21267 -0.26571 -0.2595 0.18684 -0.25868 -0.28813 -0.21056 -0.27817 -0.59325 0.16598 -0.24856 -0.62119 -0.23382 -0.3311 -0.66683 0.18729 -0.30288 -0.69423 0.0065284 -0.23806 0.54888
-0.10171 -0.11828 0.35228 0.19395 -0.13901 0.31592 0.044885 -0.19049 0.35936 0.0084564 -0.033396 0.05934 -0.053754 0.022603 -0.046863 0.047669 0.022603 -0.053023 -0.34299 -0.056982 0.25999 0.41989 -0.010742 0.25934 -0.35574 0.14727 0.14111 0.39113 0.048347 0.032083 -0.38012 0.19738 0.082493 0.38684 0.054412 -0.0501 -0.21747 -0.25939 -0.26024 0.18462 -0.25564 -0.28925 -0.21452 -0.2687 -0.59406 0.16164 -0.23938 -0.62193 -0.23803 -0.32086 -0.66812 0.17889 -0.29474 -0.69525 0.0018812 -0.25204 0.54176
-0.10247 -0.12919 0.34736 0.19394 -0.15121 0.31444 0.043559 -0.20267 0.35286 0.0083917 -0.035249 0.05825 -0.053159 0.024917 -0.046356 0.047584 0.024917 -0.052056 -0.34241 -0.056918 0.25913 0.41681 -0.01825 0.25683 -0.35011 0.152 0.1477 0.38925 0.052732 0.032556 -0.36846 0.21111 0.093612 0.3844 0.06388 -0.049184 -0.22124 -0.25362 -0.26102 0.18332 -0.25197 -0.29053 -0.21822 -0.26023 -0.59485 0.15795 -0.22859 -0.62264 -0.24184 -0.31193 -0.6692 0.17185 -0.28514 -0.69588 -0.0017671 -0.26575 0.53419
-0.10154 -0.14042 0.34212 0.19474 -0.16057 0.3132 0.044145 -0.21466 0.34566 0.0085585 -0.037035 0.057101 -0.052732 0.027133 -0.04557 0.047269 0.027133 -0.051231 -0.34066 -0.057244 0.26002 0.41358 -0.021827 0.25446 -0.34703 0.15424 0.15287 0.38577 0.05883 0.032984 -0.36314 0.21603 0.099613 0.38071 0.074517 -0.048165 -0.22269 -0.24912 -0.26189 0.18365 -0.24745 -0.29184 -0.21996 -0.25257 -0.59577 0.15575 -0.21642 -0.62313 -0.24347 -0.30396 -0.67039 0.16779 -0.27444 -0.69564 -0.0032035 -0.27833 0.52627
-0.099425 -0.15182 0.33659 0.19602 -0.16786 0.31183 0.046048 -0.2265 0.33778 0.0088751 -0.038819 0.05586 -0.052424 0.029256 -0.044582 0.046812 0.029256 -0.050475 -0.33729 -0.0576 0.26164 0.41011 -0.022477 0.25224 -0.34503 0.15459 0.1558 0.3815 0.066315 0.033638 -0.3625 0.213 0.099808 0.37672 0.085906 -0.046739 -0.22249 -0.24543 -0.26288 0.18498 -0.24251 -0.2931 -0.22002 -0.2447 -0.59682 0.1547 -0.20332 -0.62332 -0.24331 -0.29579 -0.67172 0.16618 -0.26296 -0.6946 -0.0031572 -0.28994 0.51796
-0.09763 -0.16313 0.3308 0.19681 -0.17532 0.30973 0.047544 -0.23838 0.32928 0.009098 -0.040662 0.054498 -0.052072 0.0313 -0.043601 0.04642 0.0313 -0.049599 -0.33177 -0.056383 0.26146 0.40601 -0.022954 0.25003 -0.34125 0.15551 0.15534 0.37791 0.074088 0.035075 -0.36157 0.20823 0.095292 0.37378 0.09735 -0.044286 -0.22256 -0.24138 -0.26402 0.18587 -0.23796 -0.2943 -0.21995 -0.23505 -0.5979 0.15369 -0.18988 -0.62316 -0.24314 -0.28579 -0.67306 0.16508 -0.25097 -0.69317 -0.0036108 -0.30139 0.50906
-0.097685 -0.17409 0.32476 0.19615 -0.18521 0.30628 0.046894 -0.2505 0.32024 0.0089818 -0.042625 0.052988 -0.051511 0.033282 -0.042836 0.046304 0.033282 -0.048411 -0.32355 -0.051976 0.25694 0.40089 -0.026035 0.2477 -0.3328 0.15944 0.15035 0.37647 0.081039 0.037854 -0.3553 0.20802 0.087194 0.37327 0.10815 -0.040184 -0.22484 -0.23579 -0.2653 0.18484 -0.23463 -0.29543 -0.22131 -0.22205 -0.59888 0.15161 -0.17669 -0.62259 -0.24474 -0.27231 -0.67428 0.16255 -0.23877 -0.69177 -0.0065604 -0.3135 0.49939
-0.099868 -0.18465 0.31853 0.19402 -0.19815 0.3012 0.043845 -0.26273 0.31079 0.0085093 -0.044685 0.051339 -0.050717 0.035207 -0.042314 0.04646 0.035207 -0.046918 -0.31266 -0.044342 0.24766 0.39477 -0.032479 0.2452 -0.31871 0.16693 0.14111 0.37768 0.087184 0.042256 -0.34181 0.21491 0.07716 0.37548 0.11854 -0.03413 -0.22976 -0.22848 -0.26664 0.18179 -0.23255 -0.29648 -0.22452 -0.2055 -0.5996 0.14816 -0.16379 -0.62154 -0.24859 -0.25515 -0.6752 0.15788 -0.22622 -0.69059 -0.012246 -0.32671 0.48887
-0.1016 -0.19529 0.31229 0.19257 -0.21101 0.295 0.041547 -0.27417 0.30118 0.0081865 -0.046624 0.049656 -0.049984 0.037057 -0.041635 0.046399 0.037057 -0.045576 -0.30044 -0.037055 0.23804 0.38855 -0.038428 0.24259 -0.30238 0.17405 0.13118 0.37983 0.095103 0.047924 -0.32636 0.22277 0.068037 0.37822 0.13083 -0.026551 -0.23433 -0.22162 -0.26766 0.1797 -0.22989 -0.2974 -0.22742 -0.18836 -0.59972 0.14488 -0.15003 -0.61984 -0.2521 -0.23741 -0.6755 0.1533 -0.21226 -0.68925 -0.016882 -0.34052 0.47768
-0.099899 -0.20652 0.30625 0.19426 -0.22016 0.28828 0.043622 -0.28384 0.2917 0.0085921 -0.048202 0.048056 -0.04965 0.038812 -0.040339 0.045563 0.038812 -0.044904 -0.28839 -0.034196 0.23319 0.3833 -0.039377 0.23998 -0.28779 0.17629 0.12457 0.3809 0.10774 0.054412 -0.31522 0.22428 0.062835 0.37897 0.14765 -0.017978 -0.23506 -0.2177 -0.26795 0.18198 -0.2246 -0.29818 -0.22746 -0.17403 -0.59887 0.14354 -0.13405 -0.61731 -0.25225 -0.22268 -0.67489 0.1514 -0.19571 -0.6873 -0.016121 -0.35431 0.46606
-0.09228 -0.21878 0.30059 0.20113 -0.22246 0.28161 0.053098 -0.29088 0.28263 0.010208 -0.049211 0.046642 -0.050003 0.040452 -0.038047 0.043489 0.040452 -0.045339 -0.27795 -0.039311 0.23745 0.37993 -0.031545 0.23744 -0.27844 0.16969 0.12471 0.37914 0.12742 0.061266 -0.31368 0.21313 0.064065 0.37558 0.17103 -0.0089402 -0.22904 -0.21884 -0.26718 0.1915 -0.21497 -0.29875 -0.22252 -0.16546 -0.59676 0.1457 -0.11482 -0.6138 -0.24651 -0.21403 -0.67311 0.15441 -0.1757 -0.68432 -0.006338 -0.36749 0.45424
-0.081054 -0.23135 0.29526 0.21123 -0.22005 0.2752 0.067142 -0.29593 0.27405 0.012562 -0.049799 0.045397 -0.050808 0.041946 -0.035161 0.040646 0.041946 -0.046515 -0.26988 -0.050719 0.24744 0.37803 -0.018243 0.23481 -0.27263 0.15597 0.12923 0.37537 0.15055 0.067947 -0.31735 0.19272 0.069321 0.36943 0.19742 3.4764e-05 -0.21881 -0.22336 -0.26559 0.2057 -0.20307 -0.29888 -0.2144 -0.16123 -0.59368 0.15032 -0.094312 -0.60937 -0.23709 -0.20981 -0.67044 0.16087 -0.15436 -0.68032 0.0090188 -0.37969 0.44261
-0.071257 -0.24291 0.2901 0.22032 -0.21801 0.26908 0.079601 -0.30047 0.26598 0.014642 -0.050315 0.044236 -0.051533 0.043263 -0.03253 0.038033 0.043263 -0.047611 -0.26457 -0.063766 0.25541 0.37646 -0.006807 0.23178 -0.26572 0.14005 0.13247 0.3719 0.17012 0.073873 -0.3163 0.17204 0.073407 0.36393 0.22009 0.0084218 -0.21003 -0.22747 -0.26376 0.21895 -0.19307 -0.29824 -0.20716 -0.15743 -0.59025 0.15495 -0.076239 -0.60422 -0.22885 -0.20568 -0.66751 0.16721 -0.13554 -0.67556 0.022484 -0.39067 0.43167
-0.067932 -0.25211 0.28494 0.22418 -0.22142 0.26327 0.084308 -0.30599 0.25843 0.015434 -0.051109 0.043071 -0.051647 0.044368 -0.031001 0.036649 0.044368 -0.047802 -0.26237 -0.073789 0.25361 0.37408 -0.0045846 0.22806 -0.25309 0.12687 0.12875 0.37102 0.17914 0.078463 -0.30063 0.16007 0.071115 0.36249 0.23229 0.015698 -0.20837 -0.22738 -0.2623 0.22563 -0.18914 -0.29647 -0.20485 -0.15012 -0.58711 0.15712 -0.064298 -0.59855 -0.22668 -0.19728 -0.66493 0.16984 -0.12308 -0.67027 0.026582 -0.4002 0.4219
-0.072738 -0.25841 0.27962 0.22127 -0.23183 0.2578 0.079219 -0.31293 0.2515 0.014601 -0.052304 0.041875 -0.050952 0.045245 -0.030911 0.036896 0.045245 -0.046768 -0.26311 -0.078904 0.23864 0.37055 -0.013929 0.2239 -0.23317 0.11864 0.1157 0.37339 0.17541 0.081598 -0.26699 0.16043 0.060335 0.36609 0.23189 0.02172 -0.21581 -0.22177 -0.26143 0.22363 -0.19232 -0.29384 -0.20902 -0.13788 -0.58451 0.15561 -0.059362 -0.59273 -0.23243 -0.18304 -0.66294 0.16718 -0.11784 -0.66492 0.018859 -0.4082 0.41354
-0.080539 -0.26294 0.274 0.21545 -0.24363 0.25279 0.070551 -0.31966 0.24555 0.013169 -0.053569 0.040739 -0.049916 0.045907 -0.031572 0.037977 0.045907 -0.045198 -0.26546 -0.082811 0.21591 0.36711 -0.027172 0.22067 -0.21065 0.11208 0.097539 0.37632 0.16633 0.084089 -0.22526 0.16596 0.045163 0.37081 0.22594 0.027102 -0.22692 -0.2144 -0.26065 0.21791 -0.19739 -0.29176 -0.21617 -0.12426 -0.58195 0.15177 -0.056627 -0.58753 -0.2418 -0.16701 -0.66104 0.16165 -0.11466 -0.66034 0.0069372 -0.41492 0.40636
-0.085388 -0.26699 0.26792 0.21126 -0.25038 0.24834 0.065508 -0.32431 0.24093 0.012326 -0.054518 0.039768 -0.049089 0.046368 -0.032173 0.03895 0.046368 -0.043901 -0.26797 -0.089878 0.19187 0.36523 -0.035449 0.21989 -0.19092 0.10326 0.079276 0.37674 0.16043 0.086856 -0.18688 0.16821 0.030439 0.37212 0.22263 0.032548 -0.23542 -0.20961 -0.25939 0.21429 -0.19835 -0.29179 -0.22221 -0.11343 -0.57887 0.14725 -0.050609 -0.58372 -0.24978 -0.15388 -0.65862 0.15615 -0.10766 -0.65741 -0.00035849 -0.42063 0.40005
-0.082136 -0.27173 0.26134 0.21265 -0.24664 0.24447 0.070297 -0.32533 0.23787 0.013094 -0.054824 0.039047 -0.048952 0.046658 -0.031979 0.038979 0.046658 -0.043581 -0.26919 -0.10384 0.17221 0.36614 -0.031206 0.22266 -0.17861 0.088792 0.06526 0.37212 0.16503 0.090519 -0.16193 0.15983 0.020338 0.36626 0.22894 0.038475 -0.23579 -0.21102 -0.25727 0.21779 -0.1901 -0.29526 -0.22354 -0.10887 -0.57488 0.14359 -0.036686 -0.58206 -0.25196 -0.14762 -0.65529 0.15329 -0.091869 -0.65695 0.0045636 -0.42567 0.39425
-0.072301 -0.27703 0.25488 0.21873 -0.23551 0.24043 0.082768 -0.32395 0.2354 0.0151 -0.054657 0.03849 -0.049413 0.046902 -0.030906 0.038111 0.046902 -0.044069 -0.26753 -0.12316 0.15631 0.36955 -0.017848 0.22677 -0.17175 0.069961 0.054289 0.36435 0.17704 0.093192 -0.149 0.14248 0.013495 0.35554 0.24183 0.042864 -0.22937 -0.21624 -0.25552 0.22673 -0.17478 -0.30137 -0.2206 -0.10844 -0.57134 0.14149 -0.01744 -0.58276 -0.24903 -0.14595 -0.65236 0.15335 -0.070021 -0.65914 0.018968 -0.43069 0.38814
-0.060722 -0.28216 0.24954 0.22622 -0.22435 0.23513 0.096608 -0.3228 0.23197 0.017277 -0.054435 0.037932 -0.050098 0.04727 -0.02919 0.036829 0.04727 -0.044758 -0.26136 -0.14365 0.14036 0.37435 -0.0042458 0.22835 -0.16513 0.05036 0.042392 0.35756 0.1882 0.091737 -0.14094 0.12234 0.0057766 0.34537 0.25333 0.042488 -0.22087 -0.21986 -0.25622 0.23608 -0.15819 -0.30825 -0.21586 -0.1072 -0.57044 0.1412 0.00096076 -0.58582 -0.24425 -0.14346 -0.652 0.1554 -0.048668 -0.66382 0.034973 -0.43654 0.38066
-0.052241 -0.28636 0.2463 0.23184 -0.2205 0.22746 0.10551 -0.32451 0.22605 0.018559 -0.054575 0.037203 -0.05063 0.047935 -0.027073 0.035619 0.047935 -0.045043 -0.24905 -0.16115 0.12058 0.37943 0.00074984 0.22354 -0.15353 0.033586 0.025611 0.35585 0.19029 0.08303 -0.13061 0.10559 -0.0069364 0.3411 0.25544 0.034133 -0.215 -0.2165 -0.2614 0.24084 -0.1461 -0.31407 -0.21179 -0.10022 -0.5744 0.143 0.012363 -0.59123 -0.24085 -0.13479 -0.65636 0.15855 -0.034345 -0.67086 0.044706 -0.44407 0.37078
-0.049502 -0.28909 0.24501 0.23372 -0.227 0.21737 0.10631 -0.33 0.21746 0.018437 -0.055243 0.03627 -0.050805 0.048913 -0.024845 0.034815 0.048913 -0.044621 -0.2315 -0.17296 0.095925 0.38363 -0.0067243 0.21048 -0.13554 0.021951 0.0027643 0.36038 0.18002 0.065975 -0.11485 0.095676 -0.026149 0.3448 0.24508 0.016786 -0.21386 -0.20393 -0.27177 0.23864 -0.14108 -0.31811 -0.20966 -0.085629 -0.58404 0.14672 0.014255 -0.59883 -0.24045 -0.11783 -0.66626 0.16209 -0.02981 -0.68001 0.044307 -0.45311 0.35879
-0.051278 -0.29013 0.24353 0.23252 -0.23936 0.20663 0.10137 -0.33717 0.20847 0.017379 -0.056165 0.035336 -0.050724 0.049948 -0.022888 0.03448 0.049948 -0.043725 -0.21395 -0.17898 0.070138 0.38569 -0.021742 0.19082 -0.11643 0.015499 -0.022439 0.36709 0.16282 0.04305 -0.097494 0.091251 -0.048755 0.35268 0.22778 -0.0067002 -0.21496 -0.18545 -0.28566 0.2318 -0.14003 -0.32163 -0.20866 -0.066913 -0.59781 0.15146 0.010547 -0.60829 -0.24179 -0.096313 -0.68017 0.16574 -0.03115 -0.69088 0.03699 -0.46173 0.34738
-0.05595 -0.28929 0.23953 0.22913 -0.2523 0.19723 0.093642 -0.34365 0.20157 0.015955 -0.057024 0.034628 -0.050517 0.050759 -0.021591 0.03465 0.050759 -0.04264 -0.20213 -0.17939 0.047461 0.38434 -0.038484 0.16657 -0.10214 0.014043 -0.045793 0.37141 0.14501 0.017095 -0.083102 0.090466 -0.07118 0.36037 0.20994 -0.033077 -0.21532 -0.16492 -0.30118 0.22312 -0.13927 -0.32609 -0.20774 -0.048123 -0.61391 0.15626 0.0057994 -0.61923 -0.2433 -0.07453 -0.69635 0.16922 -0.033778 -0.70306 0.026685 -0.46785 0.33944
-0.061981 -0.28649 0.23124 0.22442 -0.26112 0.19092 0.085802 -0.34732 0.19894 0.014678 -0.057541 0.034338 -0.050302 0.051107 -0.021275 0.035325 0.051107 -0.041634 -0.20068 -0.17439 0.031731 0.37852 -0.051707 0.13982 -0.097835 0.017473 -0.063462 0.3694 0.1322 -0.0092116 -0.075793 0.091937 -0.090027 0.36399 0.19723 -0.059311 -0.2124 -0.14577 -0.31655 0.21508 -0.13549 -0.33278 -0.20603 -0.032759 -0.63063 0.16019 0.0041301 -0.63131 -0.24366 -0.056236 -0.71311 0.1723 -0.033541 -0.71614 0.016984 -0.46964 0.33752
-0.068415 -0.28222 0.22087 0.21908 -0.26515 0.18798 0.078797 -0.34801 0.20056 0.013659 -0.057726 0.034427 -0.050098 0.051081 -0.021752 0.036248 0.051081 -0.040843 -0.20657 -0.16436 0.023889 0.3688 -0.060331 0.11314 -0.10299 0.026238 -0.074278 0.36183 0.12477 -0.034349 -0.076606 0.097585 -0.10317 0.36314 0.19009 -0.083919 -0.20658 -0.12818 -0.33105 0.20802 -0.12776 -0.34161 -0.20381 -0.020437 -0.64699 0.16287 0.0064666 -0.64427 -0.24299 -0.041264 -0.72948 0.17468 -0.02942 -0.72992 0.009033 -0.46723 0.34135
-0.074551 -0.27725 0.21239 0.21371 -0.26547 0.18802 0.072812 -0.34641 0.20541 0.012835 -0.057716 0.034753 -0.049886 0.050911 -0.022614 0.037051 0.050911 -0.040345 -0.21346 -0.14975 0.023612 0.35644 -0.065087 0.089285 -0.1146 0.041028 -0.078236 0.35153 0.12084 -0.057302 -0.085235 0.11077 -0.10903 0.35893 0.18671 -0.10609 -0.19954 -0.11091 -0.34436 0.2013 -0.11625 -0.3519 -0.20186 -0.0090715 -0.6623 0.16407 0.012345 -0.65792 -0.24208 -0.027732 -0.74478 0.17609 -0.021763 -0.74426 0.0029123 -0.46159 0.34948
-0.079698 -0.27234 0.20972 0.2089 -0.26319 0.19066 0.068018 -0.3432 0.21248 0.012139 -0.057644 0.035176 -0.049645 0.050822 -0.023458 0.03737 0.050822 -0.040218 -0.21504 -0.13101 0.030544 0.34268 -0.066719 0.071007 -0.12969 0.062488 -0.075372 0.34129 0.11853 -0.07707 -0.10135 0.13476 -0.10612 0.35249 0.18522 -0.12504 -0.19293 -0.092749 -0.35622 0.19433 -0.10111 -0.36297 -0.20093 0.0034068 -0.67589 0.16363 0.02129 -0.67206 -0.24172 -0.013767 -0.75833 0.17624 -0.010929 -0.75902 -0.0013088 -0.45373 0.36044
-0.083721 -0.26767 0.21412 0.20479 -0.25926 0.19537 0.064184 -0.33882 0.22095 0.0115 -0.057524 0.035684 -0.049377 0.050837 -0.02417 0.037141 0.050837 -0.040481 -0.20896 -0.10983 0.042711 0.32848 -0.066269 0.059227 -0.14598 0.088417 -0.067773 0.33255 0.11604 -0.093317 -0.12356 0.16669 -0.096729 0.34472 0.18361 -0.14068 -0.18759 -0.073374 -0.36657 0.18682 -0.083227 -0.37417 -0.20112 0.017851 -0.6875 0.16163 0.0325 -0.68625 -0.24218 0.0016207 -0.76989 0.17511 0.0023192 -0.77381 -0.0038991 -0.44437 0.37306
-0.087343 -0.26246 0.22271 0.20083 -0.25446 0.20143 0.060454 -0.33334 0.23031 0.010832 -0.057183 0.036461 -0.049123 0.050659 -0.025091 0.036768 0.050659 -0.041061 -0.19898 -0.089766 0.055625 0.31433 -0.065242 0.052044 -0.16234 0.11221 -0.06071 0.32462 0.11177 -0.10674 -0.14886 0.19423 -0.089115 0.33622 0.17954 -0.15404 -0.18306 -0.053901 -0.37573 0.17901 -0.064547 -0.38491 -0.20152 0.033229 -0.69753 0.15866 0.04467 -0.69971 -0.24292 0.01805 -0.7799 0.17308 0.0166 -0.78783 -0.0056517 -0.43389 0.38662
-0.091362 -0.2559 0.23224 0.19641 -0.24954 0.20807 0.055919 -0.32677 0.24005 0.010049 -0.056435 0.037708 -0.048926 0.049967 -0.026597 0.036694 0.049967 -0.041879 -0.18941 -0.074513 0.06458 0.30066 -0.065179 0.047314 -0.17772 0.12687 -0.059727 0.31663 0.10412 -0.11813 -0.17409 0.20421 -0.092024 0.32754 0.17067 -0.16625 -0.17876 -0.03556 -0.38403 0.1712 -0.047122 -0.39458 -0.20109 0.048343 -0.70644 0.15532 0.056451 -0.71161 -0.24335 0.035022 -0.78884 0.17055 0.030477 -0.80023 -0.0074049 -0.42263 0.40042
-0.096424 -0.24738 0.23993 0.19101 -0.24513 0.2146 0.049859 -0.31925 0.24977 0.0090811 -0.05514 0.039575 -0.048812 0.04851 -0.028987 0.037286 0.04851 -0.042856 -0.18395 -0.067046 0.065791 0.28788 -0.067374 0.043098 -0.19135 0.12678 -0.069335 0.30793 0.091939 -0.12837 -0.19655 0.18644 -0.11237 0.31928 0.15532 -0.1785 -0.17422 -0.019407 -0.39179 0.16366 -0.032678 -0.4027 -0.19901 0.062133 -0.71464 0.15212 0.066672 -0.72127 -0.24289 0.051848 -0.79713 0.16787 0.042668 -0.81035 -0.0098443 -0.41091 0.4139
-0.10223 -0.23779 0.24574 0.18474 -0.24118 0.22073 0.042746 -0.31137 0.25962 0.0079483 -0.053465 0.041892 -0.048709 0.046496 -0.032072 0.03844 0.046496 -0.043916 -0.18269 -0.065761 0.061141 0.27614 -0.071586 0.038715 -0.20399 0.11471 -0.087668 0.29928 0.076958 -0.13908 -0.21635 0.14903 -0.14575 0.31218 0.13605 -0.19244 -0.16949 -0.0054111 -0.399 0.15658 -0.020937 -0.40933 -0.19573 0.074355 -0.72218 0.14895 0.075256 -0.72895 -0.24117 0.066672 -0.80466 0.16491 0.052848 -0.81839 -0.012715 -0.39904 0.42734
-0.10813 -0.22857 0.25069 0.17796 -0.23737 0.22629 0.035499 -0.30394 0.26995 0.0067077 -0.051695 0.044368 -0.048508 0.044305 -0.035476 0.039868 0.044305 -0.044989 -0.18435 -0.067316 0.054677 0.26549 -0.076985 0.033966 -0.21698 0.096619 -0.11043 0.29198 0.061979 -0.15212 -0.23471 0.10706 -0.18343 0.30703 0.11705 -0.20989 -0.16481 0.0068735 -0.40556 0.15015 -0.010854 -0.41479 -0.19213 0.085082 -0.72903 0.14545 0.082548 -0.73528 -0.23786 0.07719 -0.81112 0.16138 0.061057 -0.82496 -0.015403 -0.38729 0.44127
-0.11348 -0.22111 0.2558 0.17103 -0.23337 0.23115 0.029029 -0.29768 0.28112 0.0054175 -0.050104 0.046718 -0.048101 0.042307 -0.038828 0.041289 0.042307 -0.046005 -0.18767 -0.068391 0.0504 0.25597 -0.08274 0.028677 -0.23165 0.07838 -0.13334 0.28727 0.049698 -0.16927 -0.25277 0.075356 -0.21674 0.30457 0.10231 -0.23254 -0.16045 0.017891 -0.41138 0.14451 -0.0013959 -0.41937 -0.18912 0.094391 -0.73513 0.14128 0.088899 -0.74087 -0.23265 0.081163 -0.81622 0.15702 0.067359 -0.83061 -0.017299 -0.37587 0.45628
-0.11809 -0.21388 0.26221 0.16435 -0.2274 0.23628 0.023736 -0.2902 0.29383 0.0042145 -0.04851 0.048914 -0.04756 0.040378 -0.041916 0.042536 0.040378 -0.047022 -0.19174 -0.066883 0.050333 0.24769 -0.087907 0.023826 -0.24723 0.060831 -0.15221 0.28413 0.038046 -0.18821 -0.26955 0.056642 -0.23957 0.30287 0.088886 -0.25736 -0.15619 0.028034 -0.41644 0.13952 0.0080309 -0.42336 -0.1865 0.10266 -0.74047 0.13687 0.095032 -0.74595 -0.22545 0.079132 -0.82 0.1524 0.072898 -0.83566 -0.018027 -0.36196 0.47308
-0.12246 -0.20137 0.27116 0.15848 -0.21577 0.24411 0.01932 -0.27489 0.30921 0.0033423 -0.046114 0.05128 -0.047196 0.037717 -0.044746 0.043605 0.037717 -0.048277 -0.19619 -0.062351 0.053788 0.24088 -0.091392 0.021969 -0.26013 0.037956 -0.16306 0.27847 0.018441 -0.20107 -0.28113 0.037145 -0.24929 0.2963 0.064281 -0.27482 -0.1512 0.037623 -0.42081 0.13455 0.017418 -0.42699 -0.18266 0.11067 -0.7451 0.1337 0.10218 -0.75025 -0.21647 0.075438 -0.82294 0.14932 0.080293 -0.84002 -0.017523 -0.33856 0.4926
-0.12709 -0.1778 0.28393 0.15392 -0.19464 0.2572 0.015433 -0.24478 0.32845 0.0030523 -0.042071 0.054166 -0.047337 0.033472 -0.047339 0.044504 0.033472 -0.050016 -0.2007 -0.054476 0.059884 0.23575 -0.092087 0.02577 -0.26656 0.0032429 -0.1619 0.26594 -0.01817 -0.19953 -0.28339 0.001897 -0.24352 0.27899 0.015322 -0.27494 -0.14462 0.046974 -0.42461 0.12898 0.026713 -0.43052 -0.17586 0.11924 -0.7491 0.13336 0.11161 -0.75346 -0.20592 0.074695 -0.82556 0.14964 0.092268 -0.84359 -0.015749 -0.29839 0.51576
-0.13226 -0.13927 0.30116 0.1512 -0.1615 0.2771 0.011892 -0.19535 0.35199 0.0035154 -0.035779 0.057792 -0.048216 0.02706 -0.049696 0.045238 0.02706 -0.052386 -0.20484 -0.043297 0.067707 0.23258 -0.089195 0.037052 -0.26357 -0.047293 -0.1463 0.2439 -0.077425 -0.17782 -0.27336 -0.059623 -0.22144 0.24737 -0.066293 -0.25073 -0.13587 0.056256 -0.4279 0.12234 0.035812 -0.43409 -0.1649 0.12892 -0.75248 0.13695 0.12419 -0.75532 -0.19412 0.080574 -0.82828 0.15462 0.1105 -0.84623 -0.012707 -0.23685 0.5428
-0.13695 -0.092069 0.32023 0.1506 -0.12075 0.30017 0.0094146 -0.13485 0.37648 0.0044749 -0.027945 0.061679 -0.049552 0.01931 -0.051696 0.045797 0.01931 -0.055004 -0.20774 -0.030785 0.07617 0.23199 -0.083564 0.053117 -0.25275 -0.10417 -0.12212 0.2186 -0.14677 -0.14343 -0.25415 -0.13425 -0.19055 0.20999 -0.16288 -0.21132 -0.12599 0.064856 -0.43054 0.11525 0.044327 -0.43735 -0.15134 0.13896 -0.75509 0.14325 0.13867 -0.75578 -0.18184 0.091711 -0.83105 0.16228 0.13111 -0.84747 -0.008605 -0.16352 0.57019
-0.1397 -0.04583 0.3374 0.15235 -0.079128 0.321 0.0090149 -0.075776 0.39729 0.0055317 -0.019704 0.065117 -0.050893 0.011519 -0.053178 0.046169 0.011519 -0.057309 -0.20838 -0.019553 0.084125 0.23472 -0.076588 0.069772 -0.23719 -0.15346 -0.097921 0.19927 -0.20762 -0.10827 -0.23092 -0.20095 -0.16106 0.17947 -0.24812 -0.17115 -0.11652 0.071898 -0.43233 0.10864 0.051776 -0.43977 -0.13764 0.14816 -0.7567 0.15023 0.1531 -0.75488 -0.17002 0.10507 -0.83363 0.1696 0.14834 -0.84677 -0.0037238 -0.092702 0.59313
-0.1391 -0.010018 0.34905 0.15667 -0.043241 0.33431 0.011665 -0.030383 0.40991 0.0062936 -0.012181 0.067414 -0.051795 0.0049648 -0.05399 0.046339 0.0049648 -0.058751 -0.20579 -0.012141 0.090448 0.24147 -0.069634 0.0829 -0.21997 -0.18149 -0.082146 0.19487 -0.24177 -0.084041 -0.20874 -0.23914 -0.14303 0.16812 -0.29628 -0.1444 -0.10897 0.076537 -0.43308 0.10345 0.057687 -0.44084 -0.12623 0.15533 -0.75709 0.15592 0.16554 -0.75266 -0.15958 0.11767 -0.8358 0.1736 0.1566 -0.84358 0.0016508 -0.038435 0.60694
-0.13537 0.01203 0.35424 0.16287 -0.01608 0.33889 0.016942 -0.0030007 0.41348 0.0065927 -0.005975 0.068395 -0.052095 0.00021776 -0.054183 0.046356 0.00021776 -0.059187 -0.20031 -0.0087457 0.094697 0.25131 -0.063226 0.090929 -0.20355 -0.18444 -0.077825 0.20631 -0.24451 -0.074891 -0.19076 -0.24263 -0.13984 0.17776 -0.30057 -0.13605 -0.10375 0.078782 -0.4329 0.10002 0.061805 -0.44058 -0.11795 0.16023 -0.75641 0.1597 0.17509 -0.74937 -0.15092 0.12799 -0.83741 0.17355 0.15458 -0.83777 0.0070246 -0.0054821 0.61086
-0.1307 0.024359 0.35535 0.16924 0.0037389 0.3384 0.02274 0.011608 0.41159 0.0065312 -0.0010606 0.068517 -0.051966 -0.0030006 -0.054058 0.046338 -0.0030006 -0.058965 -0.19389 -0.0067403 0.097254 0.26138 -0.056867 0.095357 -0.18968 -0.17033 -0.081496 0.22474 -0.22733 -0.075888 -0.1777 -0.22265 -0.14685 0.19764 -0.2771 -0.13998 -0.099912 0.079679 -0.43225 0.097989 0.064143 -0.43961 -0.11168 0.1637 -0.7552 0.16258 0.18208 -0.74554 -0.14383 0.13631 -0.83842 0.17149 0.14622 -0.82974 0.011652 0.01256 0.60879
-0.12739 0.031451 0.35494 0.17397 0.017862 0.3368 0.026853 0.019249 0.40805 0.0062275 0.0026268 0.068271 -0.051602 -0.0050198 -0.053931 0.04641 -0.0050198 -0.058459 -0.18855 -0.0033291 0.098552 0.2687 -0.05 0.097864 -0.18006 -0.14786 -0.08931 0.24075 -0.20269 -0.081557 -0.17017 -0.19144 -0.15897 0.21624 -0.2433 -0.14942 -0.096438 0.080334 -0.43163 0.096974 0.06473 -0.43863 -0.10621 0.16666 -0.75403 0.16565 0.1869 -0.7417 -0.13804 0.14301 -0.83881 0.16959 0.13573 -0.81988 0.014773 0.022756 0.60493
-0.12723 0.037142 0.35515 0.17568 0.027778 0.33734 0.027579 0.024899 0.40607 0.0057918 0.0051819 0.068074 -0.051173 -0.0061534 -0.054056 0.04666 -0.0061534 -0.057991 -0.18593 0.0036984 0.099008 0.27099 -0.042241 0.099861 -0.17599 -0.1244 -0.09792 0.24685 -0.181 -0.087293 -0.16848 -0.15951 -0.1717 0.22435 -0.21378 -0.15865 -0.092506 0.081639 -0.43143 0.096623 0.063598 -0.43817 -0.10051 0.16986 -0.75338 0.16982 0.1899 -0.7383 -0.13325 0.14846 -0.83857 0.16963 0.12664 -0.80867 0.015809 0.031104 0.60275
-0.12966 0.042262 0.3562 0.17489 0.034253 0.33988 0.025546 0.029708 0.40581 0.0052972 0.0068398 0.067982 -0.050736 -0.0066426 -0.054406 0.047031 -0.0066426 -0.057636 -0.18582 0.013851 0.098975 0.26912 -0.034008 0.10151 -0.17684 -0.10101 -0.10629 0.24444 -0.16327 -0.092486 -0.17156 -0.12939 -0.18333 0.22337 -0.19011 -0.16682 -0.088232 0.083498 -0.43161 0.096837 0.060799 -0.43826 -0.094401 0.17332 -0.75317 0.17502 0.1911 -0.73538 -0.129 0.15303 -0.83789 0.17159 0.11921 -0.79695 0.015025 0.038669 0.60244
-0.13345 0.04678 0.35774 0.17265 0.037845 0.34333 0.022051 0.033726 0.4066 0.0048059 0.0078761 0.067951 -0.050318 -0.0067073 -0.054875 0.047419 -0.0067073 -0.057398 -0.18745 0.02586 0.098786 0.2649 -0.025946 0.10263 -0.18143 -0.076977 -0.11406 0.23749 -0.14775 -0.097678 -0.17792 -0.10129 -0.193 0.21777 -0.17003 -0.17449 -0.084001 0.085528 -0.43203 0.097582 0.056389 -0.43875 -0.087957 0.17685 -0.75319 0.18092 0.19045 -0.73289 -0.12473 0.15709 -0.83702 0.17495 0.11278 -0.78562 0.012926 0.045092 0.60326
-0.13734 0.050662 0.35945 0.17002 0.039111 0.3466 0.018391 0.037 0.40774 0.0043801 0.0085666 0.067935 -0.049942 -0.0065676 -0.055354 0.047721 -0.0065676 -0.05728 -0.19009 0.038454 0.098776 0.26011 -0.018704 0.10303 -0.18857 -0.051559 -0.12085 0.22995 -0.13274 -0.10341 -0.18611 -0.075421 -0.19981 0.212 -0.15135 -0.18223 -0.080199 0.087349 -0.43253 0.098826 0.050426 -0.4395 -0.081251 0.18025 -0.75322 0.1872 0.18791 -0.73076 -0.11992 0.16101 -0.83621 0.17915 0.10665 -0.77562 0.01002 0.050016 0.60445
-0.14011 0.053875 0.36097 0.16806 0.038609 0.34859 0.015865 0.039577 0.40855 0.0040819 0.0091869 0.06789 -0.049636 -0.0064434 -0.055735 0.047835 -0.0064434 -0.057285 -0.19299 0.050365 0.099279 0.25656 -0.012929 0.1025 -0.19708 -0.024027 -0.1263 0.2258 -0.11651 -0.11024 -0.19464 -0.051993 -0.2029 0.21054 -0.13182 -0.19061 -0.077211 0.088578 -0.43295 0.10054 0.042967 -0.44037 -0.074353 0.18333 -0.75304 0.19351 0.18341 -0.72892 -0.11402 0.16515 -0.83568 0.18367 0.10017 -0.76786 0.0068118 0.053082 0.60524
-0.14051 0.056388 0.36198 0.16782 0.036898 0.3482 0.015771 0.041507 0.40834 0.0039737 0.010013 0.067771 -0.049423 -0.0065549 -0.055912 0.047657 -0.0065549 -0.057419 -0.19538 0.060321 0.10063 0.25605 -0.0092681 0.10087 -0.20579 0.0063504 -0.13005 0.22899 -0.097339 -0.11869 -0.20204 -0.031219 -0.20136 0.21784 -0.10922 -0.20017 -0.075423 0.088834 -0.43315 0.10268 0.034068 -0.44121 -0.067337 0.1859 -0.75244 0.19954 0.17692 -0.72731 -0.10651 0.16989 -0.83569 0.18797 0.092643 -0.76326 0.0038088 0.053933 0.6049
-0.1373 0.058166 0.36212 0.17038 0.034535 0.34434 0.019406 0.042837 0.40642 0.0041177 0.011319 0.067531 -0.04933 -0.007122 -0.055775 0.047084 -0.007122 -0.057684 -0.19653 0.067055 0.10316 0.26036 -0.0083688 0.097937 -0.21351 0.040305 -0.13172 0.2435 -0.073497 -0.12931 -0.20684 -0.013313 -0.19433 0.23838 -0.081333 -0.21148 -0.075221 0.087734 -0.43297 0.10523 0.023786 -0.44188 -0.060275 0.18777 -0.75118 0.20494 0.16837 -0.72586 -0.096839 0.17559 -0.83648 0.19151 0.083404 -0.76275 0.0015173 0.052211 0.60265
