-0.1596 -0.029944 0.29995 0.10739 0.0047657 0.34259 -0.035316 -0.04441 0.40531 -0.0065031 -0.0092996 0.067652 -0.050476 0.0031926 -0.055109 0.057206 0.0031926 -0.048086 -0.11861 -0.089466 0.044167 0.18192 0.049162 0.091345 0.027711 -0.20475 -0.10236 0.099458 -0.12653 -0.044672 0.093403 -0.24171 -0.13638 0.08802 -0.19726 -0.085985 -0.04272 0.090066 -0.43503 0.13039 -0.0064482 -0.43083 -0.017131 0.13248 -0.76523 0.1343 0.1531 -0.72412 -0.029026 0.077256 -0.83986 0.19138 0.15396 -0.7983 -0.060839 -0.10117 0.5925
-0.16179 -0.033315 0.30005 0.10767 -0.0017965 0.34614 -0.037044 -0.050548 0.40443 -0.0067784 -0.010369 0.067469 -0.05035 0.0039955 -0.055172 0.05718 0.0039955 -0.048058 -0.10511 -0.10292 0.049863 0.1788 0.04478 0.094303 0.041182 -0.22016 -0.09513 0.096799 -0.1311 -0.041751 0.10699 -0.25305 -0.1329 0.084938 -0.20255 -0.081669 -0.042324 0.096921 -0.43365 0.12782 -0.014362 -0.43096 -0.01408 0.14567 -0.76276 0.1596 0.082281 -0.74899 -0.0278 0.09144 -0.83781 0.22575 0.063466 -0.81248 -0.056472 -0.11059 0.59133
-0.16207 -0.03524 0.30094 0.10909 -0.0079717 0.34952 -0.036694 -0.058587 0.40337 -0.0068815 -0.011856 0.067213 -0.050276 0.0052709 -0.055132 0.056655 0.0052709 -0.048554 -0.10047 -0.10432 0.051773 0.17566 0.04326 0.097338 0.041662 -0.21949 -0.0989 0.097485 -0.1334 -0.039952 0.10634 -0.25389 -0.13727 0.091504 -0.20662 -0.077943 -0.042031 0.11018 -0.43046 0.12383 -0.01236 -0.43212 -0.011526 0.16626 -0.7582 0.18436 -0.001491 -0.7603 -0.028024 0.11327 -0.83357 0.2043 -0.061547 -0.82927 -0.049836 -0.12224 0.58962
-0.16229 -0.03535 0.30188 0.11114 -0.01488 0.35057 -0.036408 -0.061884 0.40289 -0.0068848 -0.012589 0.067079 -0.050206 0.0061046 -0.05511 0.056118 0.0061046 -0.049077 -0.097392 -0.10517 0.053758 0.17403 0.043663 0.099045 0.043625 -0.21719 -0.1003 0.10543 -0.13604 -0.039412 0.10777 -0.25239 -0.13885 0.112 -0.20948 -0.076864 -0.042681 0.11763 -0.42854 0.12132 -0.0086839 -0.4331 -0.011776 0.18185 -0.75475 0.19113 -0.059468 -0.75565 -0.02981 0.1297 -0.83035 0.15063 -0.077154 -0.83816 -0.047347 -0.12699 0.58879
-0.16223 -0.029152 0.30185 0.11197 -0.024657 0.35255 -0.038274 -0.065762 0.40209 -0.0073066 -0.01347 0.066863 -0.049062 0.0071251 -0.056011 0.055298 0.0071251 -0.049864 -0.098933 -0.10228 0.054267 0.17426 0.035838 0.10134 0.034194 -0.20981 -0.10969 0.099732 -0.13894 -0.040323 0.095701 -0.24927 -0.14842 0.096578 -0.21185 -0.079224 -0.041085 0.13114 -0.42547 0.11626 -0.0019862 -0.43476 -0.0087972 0.20907 -0.74854 0.17776 -0.10498 -0.74637 -0.03083 0.15904 -0.82452 0.16453 -0.17796 -0.80346 -0.054311 -0.12599 0.58926
-0.16121 -0.026093 0.30033 0.11107 -0.025748 0.35323 -0.039524 -0.066678 0.40182 -0.0076383 -0.013561 0.066808 -0.048816 0.007362 -0.056195 0.055354 0.007362 -0.049768 -0.10014 -0.09699 0.051548 0.17287 0.035595 0.1021 0.046462 -0.20707 -0.098649 0.096882 -0.13496 -0.043866 0.10417 -0.24438 -0.14466 0.092871 -0.2072 -0.083923 -0.043332 0.13742 -0.42362 0.1125 -0.0014722 -0.43526 -0.01458 0.24313 -0.73903 0.16109 -0.10007 -0.75054 -0.038808 0.19928 -0.8181 0.15318 -0.17841 -0.80116 -0.058967 -0.12502 0.58926
-0.16238 -0.024213 0.29804 0.10834 -0.022681 0.35266 -0.042238 -0.06252 0.40222 -0.0082057 -0.012667 0.066916 -0.048655 0.0067899 -0.056406 0.055704 0.0067899 -0.049457 -0.17811 -0.037721 0.033052 0.16864 0.039383 0.10134 -0.0080892 -0.15615 -0.082001 0.10107 -0.13275 -0.046898 0.049055 -0.19371 -0.12851 0.078081 -0.20036 -0.088611 -0.044452 0.13259 -0.42532 0.10749 -0.0039808 -0.43565 -0.021449 0.26557 -0.73074 0.14805 -0.082057 -0.75775 -0.046849 0.22896 -0.81305 0.1443 -0.15993 -0.80954 -0.062827 -0.12073 0.58958
-0.16286 -0.015711 0.29744 0.1075 -0.016227 0.35151 -0.04353 -0.050503 0.40376 -0.0082128 -0.010898 0.067226 -0.048576 0.0053997 -0.056623 0.056079 0.0053997 -0.049204 -0.20346 -0.01624 0.034761 0.16554 0.043157 0.099013 -0.048239 -0.14018 -0.094529 0.10441 -0.13252 -0.047857 -6.4804e-05 -0.17688 -0.15085 0.067165 -0.19078 -0.093216 -0.050303 0.12288 -0.4283 0.098077 0.00093554 -0.43671 -0.031988 0.28438 -0.71997 0.13058 -0.058786 -0.76361 -0.039178 0.21934 -0.7869 0.12911 -0.13698 -0.81504 -0.06167 -0.11424 0.58957
-0.15717 -0.0031716 0.29977 0.11403 -0.01057 0.35013 -0.037344 -0.03701 0.40584 -0.007393 -0.008514 0.067664 -0.04938 0.0034649 -0.056077 0.055047 0.0034649 -0.050525 -0.22545 0.013407 0.043424 0.17178 0.034969 0.094711 -0.094671 -0.1211 -0.1014 0.10455 -0.13764 -0.053124 -0.037393 -0.14865 -0.15431 0.059509 -0.19181 -0.096438 -0.054413 0.097561 -0.43432 0.084462 0.001541 -0.43921 -0.042295 0.28475 -0.71055 0.10576 -0.024265 -0.77143 -0.040801 0.20766 -0.76362 0.099037 -0.1069 -0.81486 -0.058667 -0.099075 0.59187
-0.15592 0.0013247 0.29942 0.11594 -0.0064621 0.34904 -0.035677 -0.026137 0.40685 -0.0072611 -0.0062537 0.067924 -0.050088 0.001581 -0.055531 0.054939 0.001581 -0.050737 -0.23535 0.020202 0.046467 0.17549 0.027254 0.0922 -0.11265 -0.11539 -0.1043 0.10196 -0.14093 -0.057717 -0.057279 -0.13489 -0.16254 0.065631 -0.20393 -0.097103 -0.064184 0.066726 -0.43959 0.074422 0.0091727 -0.43998 -0.057233 0.2721 -0.70277 0.09397 0.0093533 -0.7733 -0.052277 0.19067 -0.74864 0.088419 -0.073417 -0.81665 -0.050026 -0.096177 0.59071
-0.15285 0.0044315 0.30108 0.1193 0.00252 0.34687 -0.030939 -0.018671 0.40765 -0.0064447 -0.0048521 0.068121 -0.050907 0.00035079 -0.054803 0.054411 0.00035079 -0.051326 -0.23366 0.0032951 0.047861 0.17697 0.028424 0.088693 -0.11191 -0.1192 -0.11444 0.10899 -0.14823 -0.053932 -0.056556 -0.15675 -0.16308 0.072964 -0.21215 -0.09208 -0.080867 0.025128 -0.44266 0.068135 0.018649 -0.44045 -0.080168 0.23558 -0.70188 0.08649 0.043003 -0.77296 -0.072531 0.15306 -0.74539 0.084598 -0.039831 -0.8165 -0.041306 -0.090483 0.59109
-0.15218 0.01572 0.30227 0.11997 0.015958 0.34382 -0.029021 -0.0032792 0.40822 -0.0059799 -0.0019943 0.068307 -0.051378 -0.0019011 -0.05433 0.053675 -0.0019011 -0.052062 -0.2307 -0.0043225 0.04912 0.1802 0.031689 0.085409 -0.10065 -0.13514 -0.099681 0.10795 -0.15452 -0.042171 -0.031826 -0.16958 -0.12996 0.080543 -0.2239 -0.077855 -0.088904 -0.0091187 -0.44225 0.062142 0.034882 -0.44003 -0.097257 0.17545 -0.72038 0.0782 0.08224 -0.77016 -0.089572 0.093061 -0.76414 0.078798 -0.00050889 -0.8139 -0.033802 -0.078711 0.59043
-0.1535 0.021888 0.30276 0.11872 0.03385 0.34122 -0.028777 0.011765 0.4081 -0.0059227 0.002082 0.068309 -0.051831 -0.0042383 -0.053765 0.053533 -0.0042383 -0.05207 -0.22887 -0.010109 0.049888 0.18349 0.031459 0.083447 -0.092695 -0.14782 -0.086711 0.10707 -0.16214 -0.029898 -0.014021 -0.17321 -0.084421 0.083851 -0.23429 -0.062996 -0.086113 -0.020328 -0.44172 0.055092 0.048757 -0.43825 -0.10362 0.081312 -0.75929 0.061843 0.12355 -0.76359 -0.094058 -6.5663e-06 -0.80465 0.087078 0.06453 -0.83172 -0.026758 -0.066187 0.5893
-0.15316 0.023554 0.3031 0.11925 0.038043 0.33952 -0.027764 0.017505 0.40795 -0.0057094 0.0040307 0.06824 -0.051946 -0.005165 -0.053572 0.053363 -0.005165 -0.052161 -0.22688 -0.013263 0.050396 0.18377 0.02434 0.082037 -0.090027 -0.15412 -0.08227 0.10013 -0.17203 -0.020977 -0.028697 -0.20675 -0.099805 0.054319 -0.23198 -0.054847 -0.08403 -0.01267 -0.44198 0.051374 0.052728 -0.43763 -0.094998 0.040049 -0.77151 0.05239 0.14261 -0.75921 -0.087275 -0.040996 -0.81769 0.08836 0.09769 -0.83302 -0.022943 -0.060965 0.58888
-0.15278 0.025261 0.30391 0.12042 0.036361 0.33822 -0.026594 0.020473 0.40788 -0.0053486 0.0050898 0.068198 -0.052253 -0.0056578 -0.053223 0.053117 -0.0056578 -0.052361 -0.22433 -0.0015515 0.049329 0.12399 -0.044873 0.085166 -0.09429 -0.15824 -0.071955 0.030855 -0.22268 -0.040853 -0.047248 -0.22358 -0.090829 -0.023162 -0.27097 -0.080719 -0.081742 -0.0030106 -0.4419 0.048871 0.055532 -0.4373 -0.085526 0.047341 -0.77196 0.045311 0.15415 -0.75629 -0.081429 -0.032535 -0.82058 0.087494 0.11867 -0.83193 -0.021164 -0.058096 0.58875
-0.15103 0.023863 0.30581 0.12317 0.036225 0.33783 -0.023457 0.019485 0.4081 -0.0046893 0.0057507 0.068194 -0.053276 -0.0049185 -0.052273 0.052943 -0.0049185 -0.05261 -0.22095 0.016341 0.049483 0.15324 -0.01257 0.078283 -0.093431 -0.14832 -0.063635 0.046557 -0.19151 -0.034714 -0.058694 -0.21896 -0.088983 -0.010344 -0.24043 -0.069474 -0.078595 0.0040861 -0.44115 0.047621 0.057399 -0.43736 -0.075597 0.058475 -0.77057 0.037693 0.16117 -0.75457 -0.073939 -0.020944 -0.82008 0.067737 0.11366 -0.82941 -0.018529 -0.05784 0.58951
-0.14695 0.020932 0.30881 0.12835 0.034188 0.33744 -0.01748 0.014337 0.40855 -0.0034637 0.0059643 0.068249 -0.054768 -0.0033951 -0.050833 0.052487 -0.0033951 -0.053184 -0.21656 0.026707 0.052348 0.16573 -0.01651 0.079215 -0.088569 -0.14042 -0.056531 0.057918 -0.19252 -0.037264 -0.055407 -0.21052 -0.085266 -0.0014634 -0.23917 -0.070984 -0.080048 0.024176 -0.43883 0.047571 0.058051 -0.43808 -0.076863 0.099091 -0.76421 0.03103 0.1635 -0.75446 -0.072367 0.019556 -0.81335 0.050079 0.10499 -0.82499 -0.014759 -0.060631 0.591
-0.14081 0.014114 0.31335 0.13493 0.03261 0.33524 -0.0084169 0.0057484 0.40904 -0.000783 0.0046205 0.068437 -0.057331 0.0010167 -0.048033 0.052022 0.0010167 -0.053737 -0.21083 0.028251 0.05733 0.18497 -0.0090841 0.077541 -0.085842 -0.13724 -0.057396 0.076445 -0.18326 -0.041005 -0.048377 -0.20561 -0.084989 0.01262 -0.22718 -0.069934 -0.087394 0.040829 -0.43463 0.04218 0.061886 -0.43863 -0.082398 0.11129 -0.76097 0.018457 0.16242 -0.75615 -0.079816 0.032199 -0.81097 0.032841 0.097291 -0.82182 -0.006294 -0.067637 0.59214
-0.13362 0.013754 0.31792 0.14282 0.02479 0.33139 0.0013554 -0.00084971 0.40915 0.0020658 0.0033838 0.068482 -0.058434 0.0027806 -0.046613 0.051764 0.0027806 -0.053924 -0.20383 0.028197 0.061968 0.15015 -0.048981 0.076141 -0.093848 -0.13944 -0.064414 0.039985 -0.20946 -0.05906 -0.047375 -0.2032 -0.089192 -0.025173 -0.25076 -0.088862 -0.097306 0.054567 -0.431 0.037171 0.064259 -0.43857 -0.093849 0.1274 -0.75684 0.01502 0.15888 -0.75801 -0.087655 0.047305 -0.80487 0.024955 0.088875 -0.81934 -0.00075404 -0.073676 0.59247
-0.12086 0.013295 0.32495 0.15576 0.01771 0.325 0.017902 -0.009286 0.40856 0.0077215 0.00055435 0.068159 -0.059713 0.0039683 -0.044874 0.05155 0.0039683 -0.054055 -0.18825 0.025874 0.068143 0.19351 -0.027518 0.065809 -0.092609 -0.14558 -0.064614 0.06111 -0.18126 -0.056677 -0.039128 -0.20343 -0.089763 -0.0019156 -0.22735 -0.083934 -0.10884 0.063486 -0.42696 0.032638 0.065843 -0.43845 -0.11181 0.14719 -0.75018 0.013815 0.15287 -0.76026 -0.13369 0.13459 -0.84031 0.022511 0.079651 -0.81792 0.010984 -0.082607 0.59156
-0.10304 0.015669 0.334 0.17288 0.012118 0.31576 0.040012 -0.016081 0.40668 0.012596 -0.0011865 0.06742 -0.060639 0.0038239 -0.043627 0.051983 0.0038239 -0.053649 -0.16101 0.016662 0.074597 0.22537 -0.019032 0.057061 -0.075495 -0.16122 -0.056607 0.084659 -0.16967 -0.059888 -0.032649 -0.2237 -0.089774 0.017993 -0.21274 -0.083122 -0.12877 0.074839 -0.4208 0.032818 0.065246 -0.4381 -0.13198 0.17455 -0.73945 0.015477 0.14614 -0.76159 -0.17541 0.2247 -0.80548 -0.034981 0.10151 -0.82657 0.019509 -0.088682 0.58896
-0.079118 0.011418 0.33709 0.19222 0.005881 0.30119 0.067131 -0.020459 0.40305 0.015459 -0.0020056 0.066802 -0.060087 0.0023369 -0.044487 0.051326 0.0023369 -0.054362 -0.13876 0.020571 0.078233 0.26203 -0.0067624 0.045036 -0.070768 -0.1664 -0.050559 0.10809 -0.15532 -0.056951 -0.04526 -0.23596 -0.087311 0.039817 -0.19385 -0.08328 -0.14505 0.082853 -0.4163 0.041994 0.063056 -0.43929 -0.15995 0.19384 -0.73086 0.02729 0.13846 -0.76423 -0.20706 0.17395 -0.80926 -0.022465 0.083544 -0.82141 0.028532 -0.091912 0.58283
-0.059666 0.011599 0.3353 0.20583 0.0014984 0.2875 0.088069 -0.017283 0.39929 0.016657 -0.0020277 0.066513 -0.06048 0.0010626 -0.044001 0.051841 0.0010626 -0.053911 -0.11307 0.02044 0.075066 0.27868 -0.0044339 0.031952 -0.048331 -0.17045 -0.049585 0.11989 -0.15475 -0.059485 -0.04311 -0.24448 -0.086076 0.050572 -0.19316 -0.083124 -0.15225 0.087596 -0.41283 0.051186 0.061044 -0.43907 -0.18344 0.18819 -0.72968 0.048166 0.13135 -0.76547 -0.26641 0.20095 -0.77108 0.0049029 0.066324 -0.81706 0.041906 -0.093471 0.5753
-0.055498 0.017212 0.33635 0.20248 -0.0045977 0.27747 0.092829 -0.012831 0.39841 0.016782 -0.0021795 0.066477 -0.060356 0.00039709 -0.044182 0.052483 0.00039709 -0.053296 -0.089831 0.019137 0.07278 0.20105 -0.069752 0.01978 -0.032263 -0.17503 -0.050319 0.051828 -0.21552 -0.092714 -0.02642 -0.25019 -0.084334 -0.015999 -0.25426 -0.11988 -0.15348 0.094292 -0.41086 0.055679 0.062931 -0.43803 -0.21112 0.17194 -0.73045 0.072579 0.12808 -0.76508 -0.30162 0.18475 -0.75059 0.011878 0.091201 -0.82604 0.049659 -0.092209 0.57376
-0.056039 0.015685 0.33245 0.19497 -0.0091569 0.27282 0.090947 -0.011476 0.39888 0.016344 -0.0026603 0.066568 -0.059687 0.00020847 -0.045082 0.052758 0.00020847 -0.053024 -0.10346 0.024501 0.071064 0.2401 -0.054523 0.014838 -0.045345 -0.17233 -0.04746 0.075924 -0.19423 -0.083632 -0.039822 -0.24921 -0.077433 0.010042 -0.23915 -0.10556 -0.14638 0.092379 -0.41377 0.056254 0.070618 -0.4364 -0.23544 0.14266 -0.73162 0.10522 0.12752 -0.76175 -0.32719 0.15794 -0.74214 0.041728 0.1018 -0.82553 0.052747 -0.093596 0.57413
-0.064181 0.02036 0.3336 0.18265 -0.013891 0.2725 0.081536 -0.011152 0.4009 0.015231 -0.0030247 0.066816 -0.059581 0.00027081 -0.045222 0.051685 0.00027081 -0.054071 -0.094381 -0.034066 0.075194 0.24867 -0.047683 0.017259 -0.035327 -0.21621 -0.064467 0.078546 -0.18622 -0.072389 -0.010079 -0.28819 -0.096409 0.017334 -0.23762 -0.093609 -0.13161 0.091653 -0.41725 0.06292 0.074538 -0.43657 -0.21166 0.11771 -0.74036 0.14573 0.12956 -0.75532 -0.30278 0.12751 -0.75939 0.083888 0.10885 -0.82246 0.051682 -0.09258 0.57808
-0.075574 0.026036 0.33268 0.16536 -0.015175 0.2728 0.067313 -0.01037 0.40349 0.014268 -0.0030914 0.067025 -0.059386 0.00032951 -0.045478 0.051284 0.00032951 -0.05445 -0.06189 -0.12283 0.11291 0.23645 -0.046545 0.018609 0.0034886 -0.27054 -0.060518 0.064677 -0.18346 -0.070359 -0.00977 -0.34551 -0.092804 0.0025154 -0.23485 -0.088645 -0.12947 0.091827 -0.41785 0.056887 0.062152 -0.43928 -0.18109 0.10486 -0.74748 0.16152 0.12049 -0.75094 -0.27198 0.1118 -0.76872 0.11965 0.062502 -0.81132 0.043996 -0.08783 0.58341
-0.058955 0.032522 0.32833 0.17108 -0.035566 0.26772 0.078355 -0.018341 0.40122 0.015779 -0.004335 0.066617 -0.061222 0.0014196 -0.042952 0.048156 0.0014196 -0.057219 -0.074232 -0.076296 0.086304 0.21979 -0.087953 0.01173 -0.027369 -0.27814 -0.028732 0.025606 -0.19792 -0.068075 -0.057011 -0.34954 -0.05809 -0.043275 -0.24308 -0.075514 -0.12328 0.09658 -0.41583 0.089568 0.027623 -0.44393 -0.1199 0.10823 -0.74951 0.20065 0.072729 -0.75556 -0.2097 0.12132 -0.77246 0.17104 -0.0016306 -0.80409 0.054147 -0.089993 0.58342
-0.056962 0.036846 0.32852 0.16387 -0.048243 0.26537 0.076628 -0.023237 0.40131 0.015366 -0.0051805 0.066653 -0.061448 0.002986 -0.042547 0.045828 0.002986 -0.059041 -0.081686 -0.06234 0.083158 0.1902 -0.11448 0.0093017 -0.074924 -0.27856 -0.013642 -0.011602 -0.20603 -0.074744 -0.10991 -0.34941 -0.038067 -0.085195 -0.24117 -0.088487 -0.13719 0.10148 -0.41201 0.095019 -0.0046029 -0.44565 -0.083875 0.10793 -0.74157 0.20022 0.035861 -0.75995 -0.17213 0.12513 -0.76757 0.17464 -0.044232 -0.80108 0.04868 -0.091067 0.58443
-0.067643 0.041778 0.33166 0.14818 -0.0551 0.26707 0.063692 -0.024123 0.40351 0.013115 -0.0053821 0.067116 -0.060815 0.0021259 -0.043498 0.04873 0.0021259 -0.056709 -0.092016 -0.049715 0.083295 0.16498 -0.1258 0.011394 -0.062265 -0.2671 -0.006299 -0.052753 -0.19093 -0.055852 -0.13246 -0.31005 -0.014497 -0.12277 -0.23221 -0.071089 -0.13518 0.10198 -0.41288 0.075123 -0.033114 -0.44401 -0.07041 0.10775 -0.74039 0.18304 0.013439 -0.75655 -0.15732 0.12791 -0.76868 0.16314 -0.068703 -0.79677 0.034303 -0.089461 0.58731
-0.12158 0.022071 0.33733 0.098257 -0.10137 0.27928 0.0065182 -0.053234 0.40571 -0.00048098 -0.0108 0.06774 -0.035544 0.0073199 -0.065407 0.05686 0.0073199 -0.048045 -0.14633 -0.057203 0.084834 0.093085 -0.17595 0.024214 -0.21816 -0.27592 0.028512 -0.13227 -0.21134 -0.040064 -0.28527 -0.32138 0.012132 -0.20589 -0.24729 -0.051349 -0.079201 0.1259 -0.43416 0.015573 -0.0828 -0.42503 -0.037221 0.12205 -0.76538 0.1175 -0.043027 -0.7405 -0.12498 0.14329 -0.74071 0.087332 -0.12056 -0.78338 -0.02236 -0.10256 0.59452
-0.1245 0.047573 0.33961 0.073491 -0.1172 0.28401 -0.0091519 -0.047213 0.40644 -0.00053577 -0.0068969 0.068247 -0.029958 -0.0004085 -0.068538 0.061657 -0.0004085 -0.042347 -0.15662 -0.021752 0.085032 0.044765 -0.19113 0.030322 -0.25739 -0.23059 0.036033 -0.18299 -0.18017 -0.034316 -0.33939 -0.24129 0.035028 -0.26504 -0.16984 -0.034167 -0.039836 0.13545 -0.43376 -0.03189 -0.080482 -0.41219 0.0050462 0.13021 -0.76459 0.061788 -0.056722 -0.73179 -0.07826 0.17 -0.74917 0.013581 -0.12389 -0.77567 -0.046122 -0.08362 0.59676
-0.14331 0.071294 0.3407 0.025712 -0.13783 0.29332 -0.041843 -0.039628 0.40516 -0.0046041 -0.006144 0.068166 -0.025273 -0.00067724 -0.070398 0.067051 -0.00067724 -0.033147 -0.17698 0.011414 0.083927 -0.021908 -0.20531 0.040676 -0.36284 -0.13547 0.07701 -0.24208 -0.14204 -0.020061 -0.4416 -0.15931 0.068765 -0.32029 -0.1155 -0.024304 -0.028203 0.11481 -0.44268 -0.085116 -0.052788 -0.38822 0.0098332 0.1014 -0.77414 -0.021191 -0.038812 -0.71564 -0.058397 0.16544 -0.77614 -0.082827 -0.092362 -0.76141 -0.06326 -0.068058 0.59919
-0.10445 0.11166 0.34166 -0.018282 -0.14084 0.29508 -0.038714 -0.023246 0.40675 -0.0043178 -0.0044964 0.068313 -0.029575 -0.00057254 -0.068702 0.070376 -0.00057254 -0.025338 -0.14869 0.066236 0.083537 -0.099556 -0.1932 0.047486 -0.37234 -0.012078 0.079305 -0.27494 -0.047202 -0.016493 -0.44569 -0.046614 0.063004 -0.33813 0.0060864 -0.013839 -0.051004 0.081341 -0.4492 -0.1238 0.016916 -0.36288 0.068293 0.087505 -0.761 -0.043474 0.034724 -0.68648 0.0081525 0.15386 -0.78821 -0.11789 0.0022036 -0.73302 -0.05019 -0.048536 0.60205
-0.041407 0.13664 0.33995 -0.071402 -0.12561 0.29418 -0.038245 -0.012384 0.4073 -0.0059366 -0.003384 0.068256 -0.036285 0.00012053 -0.06541 0.063806 0.00012053 -0.039036 -0.098242 0.11552 0.081157 -0.19557 -0.13616 0.059399 -0.32925 0.16849 0.080219 -0.25943 0.07819 -0.019004 -0.39672 0.215 0.069076 -0.28697 0.15612 -0.016256 -0.039834 0.086651 -0.44547 -0.086425 0.12175 -0.37753 -0.13562 0.15647 -0.75762 0.076906 0.072332 -0.66454 -0.19063 0.16148 -0.83319 -0.0038037 0.07572 -0.71182 -0.04786 -0.039378 0.60247
-0.014448 0.12916 0.33659 0.096252 -0.053517 0.32122 -0.03776 -0.016544 0.40718 -0.0068543 -0.0044576 0.068108 -0.045576 0.0026546 -0.059252 0.058775 0.0026546 -0.04619 -0.16733 0.00057534 0.16125 -0.093301 -0.063802 0.13517 -0.20184 0.21569 0.067949 -0.16674 0.08026 -0.038101 -0.22363 0.29454 0.055883 -0.15894 0.16246 -0.042762 -0.043639 0.11185 -0.43344 0.094955 0.07514 -0.42748 -0.12304 0.23315 -0.73423 0.10788 0.036848 -0.75892 -0.13109 0.22097 -0.82668 0.11161 -0.02769 -0.82661 -0.054462 -0.04046 0.60228
-0.13962 -0.00018802 0.27291 0.093591 -0.024744 0.32362 -0.045392 -0.002045 0.4066 -0.0077876 -0.0046951 0.067991 -0.04823 0.003849 -0.057045 0.057329 0.003849 -0.047891 -0.22309 0.045765 0.024772 -0.11845 -0.025323 0.16334 -0.14903 0.26095 -0.04142 -0.19587 0.10111 -0.021565 -0.17372 0.33981 -0.04466 -0.17066 0.17945 -0.029762 -0.033705 0.1378 -0.42282 0.1196 0.062657 -0.42817 -0.096907 0.286 -0.71528 0.12603 0.013762 -0.7584 -0.065128 0.28097 -0.80317 0.12798 -0.047812 -0.82887 -0.062337 -0.039409 0.59955
-0.14659 -0.019012 0.27867 0.098358 -0.023818 0.32751 -0.044518 -0.015067 0.40642 -0.0079031 -0.0067968 0.0678 -0.050032 0.0047419 -0.055402 0.057695 0.0047419 -0.047369 -0.24069 0.015999 0.032561 0.1194 -0.038167 0.062937 -0.14118 0.22348 -0.024182 0.0066466 0.087339 -0.10351 -0.15892 0.30422 -0.026471 0.025011 0.16715 -0.11502 -0.05826 0.16972 -0.40847 0.13715 0.048054 -0.42652 -0.069822 0.2978 -0.71661 0.13834 -0.0083588 -0.75562 -0.072721 0.22443 -0.77466 0.1373 -0.088917 -0.80326 -0.066399 -0.038765 0.60103
-0.14371 -0.047964 0.28324 0.10614 -0.034557 0.32491 -0.035823 -0.038505 0.40583 -0.0077086 -0.0087375 0.0676 -0.050977 0.0044847 -0.054556 0.058178 0.0044847 -0.0468 -0.21331 0.026424 0.037741 0.16804 -0.00049562 0.068672 -0.12649 0.2405 -0.015186 0.083616 0.094316 -0.13146 -0.15401 0.31849 -0.015054 0.1013 0.17381 -0.14584 -0.027584 0.15878 -0.41175 0.13675 0.049629 -0.42592 -0.081492 0.27718 -0.71926 0.13566 -0.025887 -0.75117 -0.086704 0.25826 -0.81078 0.1058 -0.080518 -0.82106 -0.058804 -0.047464 0.60155
-0.14211 -0.058016 0.28598 0.10708 -0.034421 0.31823 -0.030615 -0.048061 0.40525 -0.0070809 -0.0097366 0.067532 -0.052388 0.00683 -0.052952 0.057628 0.00683 -0.047196 -0.217 0.014946 0.041604 0.20466 0.0054128 0.074224 -0.15045 0.23621 -0.011135 0.13738 0.12104 -0.12141 -0.18763 0.31007 -0.0096135 0.14338 0.20217 -0.13627 -0.02547 0.15491 -0.41252 0.13121 0.060778 -0.42617 -0.091814 0.2581 -0.72307 0.1342 -0.031657 -0.747 -0.091615 0.25154 -0.81644 0.13039 -0.10891 -0.79971 -0.049307 -0.05065 0.60161
-0.1377 -0.0607 0.28824 0.10741 -0.03305 0.30913 -0.023294 -0.054247 0.40496 -0.0056124 -0.01063 0.067535 -0.054267 0.0084861 -0.050775 0.056193 0.0084861 -0.048635 -0.22473 0.017955 0.049723 0.20247 0.027265 0.068351 -0.19589 0.24764 -0.0011061 0.1325 0.1388 -0.12871 -0.24612 0.31331 0.00074502 0.11897 0.21913 -0.14297 -0.03735 0.15269 -0.41252 0.12339 0.087108 -0.42446 -0.10364 0.23429 -0.72944 0.10692 -0.02999 -0.73672 -0.096898 0.16272 -0.78938 0.064596 -0.096105 -0.7877 -0.028107 -0.05985 0.60209
-0.1376 -0.058377 0.29552 0.10662 -0.039019 0.29859 -0.016218 -0.055629 0.40513 -0.0040055 -0.011009 0.067589 -0.055728 0.0084348 -0.049176 0.054791 0.0084348 -0.050218 -0.21645 0.038522 0.060904 0.18802 0.032241 0.055798 -0.22628 0.26886 0.0059957 0.11408 0.15062 -0.13574 -0.28603 0.32602 0.0076044 0.090743 0.22879 -0.1493 -0.042596 0.14237 -0.41501 0.10007 0.10882 -0.42414 -0.10733 0.21037 -0.73544 0.066098 -0.022902 -0.72907 -0.1069 0.16201 -0.81557 0.025573 -0.084834 -0.78637 -0.0076888 -0.06129 0.60213
-0.14851 -0.042591 0.30953 0.10705 -0.051433 0.29959 -0.016656 -0.045857 0.40628 -0.002801 -0.010975 0.067655 -0.056311 0.0075208 -0.048657 0.052458 0.0075208 -0.052789 -0.23549 0.04934 0.075795 0.18229 0.020745 0.055091 -0.27073 0.27163 0.0015286 0.086046 0.13077 -0.13146 -0.33603 0.32234 0.0033716 0.05623 0.20682 -0.14439 -0.072157 0.12904 -0.41869 0.091613 0.11628 -0.42505 -0.10378 0.1884 -0.74575 0.031581 -0.008872 -0.72874 -0.1078 0.11541 -0.80421 -0.033089 -0.054083 -0.77908 0.0041521 -0.063673 0.60163
-0.15301 -0.034487 0.31834 0.10731 -0.060279 0.30068 -0.01558 -0.041323 0.40677 -0.0022442 -0.010737 0.067714 -0.056822 0.0066007 -0.048195 0.050983 0.0066007 -0.054334 -0.23654 0.035365 0.075866 0.16564 -0.001831 0.048033 -0.29765 0.2521 0.0019568 0.042663 0.085283 -0.13488 -0.36651 0.29787 0.0038798 0.0071039 0.15896 -0.14701 -0.085666 0.11806 -0.42061 0.085452 0.1195 -0.42583 -0.10323 0.17253 -0.74956 0.01704 -0.0010538 -0.7296 -0.10892 0.092098 -0.7971 -0.042942 -0.027015 -0.7966 0.010087 -0.061235 0.60135
-0.15278 -0.035728 0.32224 0.099269 -0.075431 0.29383 -0.012952 -0.039309 0.40704 -0.0012866 -0.010605 0.06776 -0.057104 0.005381 -0.048012 0.0491 0.005381 -0.056172 -0.2345 0.00529 0.072662 0.14618 -0.04216 0.034324 -0.32722 0.21212 0.0034349 0.14247 0.18955 -0.015331 -0.40084 0.24976 0.0051424 0.19291 0.25354 -0.029484 -0.10371 0.10342 -0.42239 0.076326 0.11193 -0.43014 -0.080692 0.11476 -0.75531 0.0079257 0.0088968 -0.74029 -0.033514 0.040273 -0.78672 -0.01396 -0.050612 -0.80914 0.016883 -0.057176 0.60122
-0.14342 -0.052642 0.31691 0.093277 -0.090668 0.28941 -0.0076934 -0.039222 0.4072 -7.084e-05 -0.01022 0.067831 -0.056067 0.0038717 -0.049361 0.046039 0.0038717 -0.058826 -0.24348 -0.028791 0.07182 0.1396 -0.068655 0.028609 -0.36607 0.16125 0.0009486 0.12976 0.16704 0.0057804 -0.44453 0.18737 0.0023068 0.18072 0.23046 -0.0090173 -0.12246 0.084727 -0.42486 0.065147 0.10408 -0.43504 -0.071325 0.076767 -0.75472 0.0038896 0.020132 -0.75236 0.015107 0.056853 -0.78462 -0.016306 -0.047719 -0.81359 0.025437 -0.052711 0.6012
-0.12344 -0.051517 0.29324 0.089638 -0.10505 0.2914 -0.0064501 -0.041004 0.40708 7.9571e-05 -0.010057 0.067856 -0.055244 0.004442 -0.050233 0.048382 0.004442 -0.056872 -0.23425 -0.026505 0.05294 0.13503 -0.10285 0.029513 -0.36216 0.15909 -0.020279 0.15682 0.1323 0.0095124 -0.44144 0.18262 -0.019401 0.22656 0.17354 -0.0070829 -0.12969 0.080781 -0.42517 0.065204 0.080312 -0.43885 -0.068801 0.066814 -0.75317 0.014533 0.039547 -0.76635 0.020978 0.072632 -0.77899 0.06302 0.060832 -0.84353 0.030098 -0.050784 0.60069
0.039997 -0.11521 0.26376 0.13974 -0.094527 0.30037 0.030096 -0.036005 0.40653 0.0061348 -0.0084972 0.067792 -0.057983 0.0085267 -0.046479 0.039429 0.0085267 -0.062989 0.10826 -0.135 0.007637 0.1854 -0.09389 0.038519 -0.051615 0.028125 -0.055613 0.20151 0.14057 0.0078612 -0.1336 0.039002 -0.055415 0.26831 0.18591 -0.01005 -0.13306 0.073025 -0.4235 0.055718 0.071491 -0.44733 -0.071924 0.066959 -0.7517 0.044263 0.070446 -0.78103 0.014321 0.093271 -0.77681 0.10052 0.10843 -0.84547 0.063228 -0.037437 0.60099
0.1258 -0.09721 0.28068 0.16977 -0.065123 0.3033 0.048774 -0.024918 0.40557 0.0095268 -0.0059001 0.067675 -0.066776 0.010722 -0.031955 0.026725 0.010722 -0.069035 0.20705 -0.091925 0.027661 0.21576 -0.058587 0.041586 0.21616 0.11018 -0.095789 0.22511 0.17599 0.0090842 0.18577 0.17831 -0.13148 0.29768 0.18243 -0.030045 -0.1376 0.062775 -0.41172 0.034929 0.071186 -0.45403 -0.089207 0.069289 -0.74203 0.035418 0.093476 -0.78718 -0.010127 0.11324 -0.76602 0.081845 0.15772 -0.83697 0.080092 -0.020942 0.60029
-0.098223 -0.1469 0.29296 -0.057941 -0.17681 0.30244 -0.023042 -0.054402 0.40498 -0.005391 -0.010113 0.067633 -0.057266 -0.0068758 -0.047627 0.027188 -0.0068758 -0.069344 -0.094889 -0.22821 0.039925 -0.049113 -0.22306 0.040842 0.11208 -0.3106 -0.040987 0.17772 -0.27007 -0.009193 0.17248 -0.35846 -0.070978 0.22031 -0.33976 -0.022219 0.019449 -0.05437 -0.42684 0.07244 -0.044067 -0.45472 0.019385 0.040036 -0.74712 0.12535 -0.00029703 -0.78148 0.065696 -0.036437 -0.77483 0.20092 -0.024879 -0.83094 -0.021817 -0.084283 0.59996
-0.11816 -0.093448 0.27704 -0.082565 -0.14157 0.28821 -0.033181 -0.039587 0.40601 -0.0066174 -0.0058975 0.068022 -0.062861 0.00033403 -0.040539 0.044796 0.00033403 -0.059902 -0.14275 -0.15591 0.019856 -0.081467 -0.18743 0.026397 0.029436 -0.30246 -0.051158 0.11221 -0.30158 -0.048616 0.078939 -0.36509 -0.072763 0.12331 -0.38261 -0.060889 0.011064 -0.083499 -0.41397 0.13445 0.057345 -0.43494 0.039819 0.010069 -0.7332 0.16197 0.11958 -0.76184 0.074941 -0.066508 -0.77398 0.20518 0.045618 -0.79957 -0.043261 -0.070375 0.6006
-0.12639 -0.047553 0.27096 -0.069281 -0.094112 0.28337 -0.055902 0.014269 0.40499 -0.01334 0.005191 0.067087 -0.057439 -0.0074613 -0.047329 0.059419 -0.0074613 -0.04482 -0.14735 -0.11185 0.013906 -0.052267 -0.13579 0.021413 0.045531 -0.23096 -0.055215 0.16384 -0.19306 -0.057249 0.10713 -0.28249 -0.074973 0.16829 -0.27377 -0.074711 0.014864 -0.039143 -0.42905 0.085218 0.14499 -0.40264 0.031859 0.071219 -0.74373 0.094738 0.25312 -0.7184 0.089155 0.015117 -0.79201 0.065817 0.17378 -0.75876 -0.068152 -0.034007 0.59587
-0.13292 0.03487 0.26341 0.099878 0.03293 0.34137 -0.049486 0.060555 0.40174 -0.0094371 0.0095531 0.06727 -0.058373 -0.0057445 -0.046417 0.058348 -0.0057445 -0.046449 -0.18374 -0.018286 0.0079859 0.21047 0.036479 0.099699 -0.042035 -0.19821 -0.052958 0.15105 -0.16156 -0.016147 0.01293 -0.25516 -0.076937 0.12592 -0.23773 -0.036264 0.016353 0.0023604 -0.4289 0.23182 0.074495 -0.38617 0.064483 0.10029 -0.74447 0.16324 0.28384 -0.63709 0.1098 0.03715 -0.79664 0.15087 0.2012 -0.67926 -0.07528 0.009377 0.5905
-0.14185 0.054608 0.26031 0.10072 0.078329 0.35443 -0.056593 0.073779 0.39858 -0.010478 0.012428 0.066643 -0.056299 -0.0067292 -0.048787 0.060832 -0.0067292 -0.043003 -0.19703 0.0094621 0.0042526 0.17276 0.01209 0.1073 -0.040894 -0.15832 -0.056068 0.11266 -0.16609 -0.036948 0.018225 -0.2109 -0.080147 0.089059 -0.24023 -0.064983 0.015684 0.033505 -0.42976 0.22863 0.098394 -0.37876 0.061593 0.1301 -0.74607 0.13157 0.31761 -0.61117 0.11228 0.074176 -0.80142 0.12212 0.23334 -0.65079 -0.079164 0.018906 0.58671
-0.15014 0.064701 0.26617 0.10202 0.078087 0.36441 -0.056693 0.062862 0.40041 -0.011091 0.011677 0.06668 -0.054755 -0.0066177 -0.050529 0.061556 -0.0066177 -0.041978 -0.20829 0.026239 0.0096791 0.21952 0.073146 0.12604 -0.067227 -0.15223 -0.056792 0.11607 -0.091169 -0.0098519 -0.012388 -0.20749 -0.084688 0.086814 -0.16469 -0.033892 0.0063414 0.047316 -0.43171 0.21851 0.065982 -0.39132 0.059566 0.14828 -0.7455 0.18719 0.2251 -0.68319 0.11094 0.095268 -0.80305 0.21004 0.23258 -0.77365 -0.078842 0.013515 0.59011
-0.15509 0.064567 0.27576 0.10179 0.065338 0.36268 -0.054939 0.042835 0.40325 -0.011471 0.0089058 0.067042 -0.054054 -0.0065461 -0.051287 0.061399 -0.0065461 -0.042218 -0.2143 0.031772 0.01872 0.20034 0.058099 0.11593 -0.07586 -0.14688 -0.052595 0.10191 -0.089639 -0.041079 -0.029516 -0.20819 -0.083141 0.074822 -0.15375 -0.085743 -0.0026976 0.066304 -0.43076 0.19545 0.024174 -0.40695 0.054551 0.16488 -0.7446 0.20842 0.20024 -0.69036 0.10607 0.1133 -0.8033 0.2768 0.18436 -0.75228 -0.063876 -0.0093257 0.59328
-0.15729 0.060477 0.28233 0.10349 0.053632 0.36358 -0.05298 0.030197 0.40463 -0.011236 0.0071635 0.06729 -0.053526 -0.0062199 -0.051878 0.06133 -0.0062199 -0.042367 -0.21805 0.034472 0.024881 0.18709 0.042709 0.11151 -0.083923 -0.14452 -0.053481 0.088182 -0.081723 -0.064282 -0.036372 -0.20434 -0.0851 0.057304 -0.13736 -0.11711 -0.0092829 0.077174 -0.43007 0.18257 -0.013721 -0.41276 0.050853 0.17736 -0.74286 0.23264 0.13836 -0.70576 0.10073 0.12673 -0.80377 0.28971 0.14457 -0.7797 -0.056811 -0.020008 0.59537
-0.1617 0.050338 0.2881 0.10276 0.033964 0.35695 -0.052492 0.017812 0.40545 -0.011005 0.0046675 0.067547 -0.052014 -0.0051118 -0.053511 0.06097 -0.0051118 -0.043029 -0.22411 0.031348 0.030433 0.18153 0.032245 0.1031 -0.087211 -0.1447 -0.049782 0.085906 -0.069058 -0.088635 -0.036619 -0.20422 -0.07694 0.052876 -0.11567 -0.14843 -0.019592 0.085735 -0.43119 0.15894 -0.030691 -0.41945 0.040709 0.18904 -0.74293 0.23201 0.078773 -0.72632 0.08905 0.13994 -0.80627 0.30965 0.066767 -0.7772 -0.050696 -0.040636 0.59385
-0.16853 0.024029 0.29247 0.098018 0.015874 0.34607 -0.053217 -0.00077595 0.40579 -0.010436 -0.0008117 0.067794 -0.051275 -0.0026292 -0.054397 0.060089 -0.0026292 -0.044469 -0.23499 0.014583 0.035285 0.1637 0.014067 0.088514 -0.084048 -0.14732 -0.049399 0.078985 -0.13559 -0.074566 -0.03189 -0.20452 -0.0785 0.064432 -0.2133 -0.098827 -0.041192 0.097838 -0.43089 0.14395 -0.048611 -0.42235 0.008841 0.21106 -0.741 0.24272 -0.013388 -0.73936 0.057724 0.16804 -0.80824 0.31097 -0.051661 -0.79073 -0.052443 -0.05456 0.59559
-0.17094 -0.00015074 0.29219 0.093385 0.019466 0.33856 -0.053341 -0.0066034 0.4057 -0.010041 -0.0031667 0.067784 -0.053029 -0.00072425 -0.052749 0.05901 -0.00072425 -0.045961 -0.22528 -0.024943 0.033187 0.14348 0.015401 0.07755 -0.057517 -0.16072 -0.064724 0.091477 -0.15817 -0.075212 0.0025088 -0.20783 -0.096613 0.08146 -0.23487 -0.10448 -0.064291 0.10446 -0.42792 0.1386 -0.028643 -0.42653 -0.037314 0.23164 -0.73547 0.23824 -0.045567 -0.74476 0.013714 0.19778 -0.80625 0.31202 -0.082503 -0.78895 -0.046753 -0.062587 0.59474
-0.1686 -0.011211 0.29295 0.093981 0.017928 0.33486 -0.050358 -0.010814 0.40597 -0.0095203 -0.0042901 0.067797 -0.052419 0.00014232 -0.05336 0.05829 0.00014232 -0.046876 -0.22485 -0.034139 0.034182 0.13329 0.018826 0.071988 -0.053384 -0.15445 -0.076698 0.1072 -0.15807 -0.083565 0.00998 -0.1952 -0.11082 0.10856 -0.22407 -0.13338 -0.08279 0.11326 -0.42515 0.1328 -0.015054 -0.42919 -0.081149 0.25924 -0.72544 0.23237 -0.057481 -0.74506 -0.029833 0.23056 -0.79828 0.2997 -0.083193 -0.80478 -0.043247 -0.070306 0.59392
-0.17209 -0.01123 0.29137 0.089337 0.020643 0.33455 -0.054855 -0.0093938 0.40542 -0.010392 -0.0041507 0.067678 -0.051255 0.00034442 -0.054478 0.05855 0.00034442 -0.046549 -0.2232 -0.040515 0.032181 0.12999 0.019603 0.071877 -0.054589 -0.17316 -0.06854 0.11207 -0.15341 -0.089103 0.0072373 -0.21854 -0.099475 0.098407 -0.22132 -0.13427 -0.093871 0.11823 -0.42357 0.12217 -0.009569 -0.431 -0.12283 0.2921 -0.70716 0.21103 -0.022805 -0.75258 -0.072102 0.26571 -0.78126 0.27682 -0.065079 -0.80402 -0.049267 -0.071007 0.59274
-0.16927 0.0050774 0.28791 0.090938 0.020478 0.33591 -0.0556 0.00022872 0.40543 -0.010827 -0.0022372 0.0677 -0.049804 -0.0010169 -0.055799 0.058244 -0.0010169 -0.046921 -0.22748 -0.019589 0.02974 0.14127 0.017375 0.07494 -0.074524 -0.17274 -0.066791 0.11174 -0.14998 -0.090252 -0.017157 -0.22277 -0.099128 0.07674 -0.19852 -0.14733 -0.076549 0.11356 -0.42742 0.11416 -0.0091625 -0.4326 -0.11746 0.31356 -0.69164 0.18187 0.0042264 -0.75929 -0.085208 0.31694 -0.77945 0.17426 -0.033296 -0.8447 -0.048914 -0.064463 0.59167
-0.16766 0.020107 0.28708 0.091294 0.032093 0.33608 -0.055125 0.01029 0.40538 -0.010967 -5.5039e-05 0.067715 -0.049576 -0.0020236 -0.055975 0.058086 -0.0020236 -0.047085 -0.22849 -0.0055904 0.029612 0.15219 0.021893 0.077547 -0.083265 -0.16498 -0.06874 0.10295 -0.13061 -0.097062 -0.02815 -0.21665 -0.10239 0.065055 -0.16833 -0.16015 -0.072165 0.10646 -0.42969 0.10435 0.0060144 -0.43405 -0.11728 0.32464 -0.67839 0.16153 0.034475 -0.76178 -0.096885 0.34902 -0.76643 0.12204 0.004493 -0.84117 -0.054414 -0.048002 0.59384
-0.16941 0.034964 0.28703 0.091279 0.036793 0.33944 -0.057275 0.017509 0.40483 -0.011476 0.0012657 0.067618 -0.04933 -0.0030228 -0.056147 0.058012 -0.0030228 -0.047122 -0.24 0.022902 0.031063 0.15197 0.014204 0.081648 -0.10708 -0.14308 -0.073599 0.083138 -0.1504 -0.074358 -0.055817 -0.19711 -0.10953 0.05685 -0.18647 -0.14398 -0.074773 0.072768 -0.43766 0.088987 0.027231 -0.43451 -0.11169 0.31244 -0.66718 0.13469 0.068465 -0.76269 -0.097786 0.35165 -0.75103 0.084729 0.054944 -0.84068 -0.058905 -0.036425 0.59458
-0.16422 0.039265 0.28525 0.095431 0.033475 0.34097 -0.0544 0.02086 0.40507 -0.011004 0.0017705 0.067685 -0.050167 -0.0034511 -0.055375 0.057426 -0.0034511 -0.047806 -0.23537 0.01856 0.029986 0.14776 0.0063206 0.081793 -0.11442 -0.14409 -0.092851 0.065918 -0.17564 -0.046111 -0.0678 -0.1972 -0.1358 0.02773 -0.23179 -0.09332 -0.07742 0.029883 -0.44279 0.083524 0.047551 -0.43337 -0.099336 0.27665 -0.66665 0.11474 0.11534 -0.75882 -0.094193 0.22296 -0.74315 0.064956 0.093104 -0.8349 -0.05414 -0.029559 0.59578
-0.163 0.038453 0.28519 0.097015 0.033245 0.34157 -0.053107 0.021769 0.40519 -0.010745 0.001958 0.067722 -0.050441 -0.0040367 -0.055085 0.057418 -0.0040367 -0.047769 -0.23506 0.015172 0.030407 0.14708 0.0045833 0.082103 -0.11508 -0.14914 -0.091149 0.058849 -0.17618 -0.043234 -0.069306 -0.20345 -0.13352 0.03307 -0.24735 -0.076549 -0.07621 -0.012665 -0.44394 0.084692 0.056545 -0.43187 -0.098509 0.23285 -0.66913 0.10053 0.14434 -0.75363 -0.098611 0.25826 -0.75922 0.055609 0.11331 -0.82965 -0.052856 -0.030843 0.59531
-0.16156 0.033851 0.28623 0.10003 0.026094 0.34344 -0.050904 0.018105 0.40566 -0.010433 0.001507 0.067782 -0.050617 -0.003605 -0.054954 0.057175 -0.003605 -0.048094 -0.23454 0.015578 0.031299 0.14068 -0.0042068 0.082515 -0.11243 -0.1424 -0.096365 0.046499 -0.18859 -0.032821 -0.066412 -0.19485 -0.14077 0.014512 -0.25644 -0.067636 -0.075335 -0.035291 -0.44268 0.095499 0.059046 -0.43091 -0.081182 0.16402 -0.7105 0.086338 0.17233 -0.74488 -0.086271 0.10411 -0.78224 0.05963 0.13844 -0.82794 -0.053589 -0.046709 0.59195
-0.16242 0.025131 0.28897 0.10129 0.023065 0.34431 -0.049386 0.0093136 0.40614 -0.010076 -0.00019281 0.067853 -0.051037 -0.0027405 -0.054615 0.057303 -0.0027405 -0.047999 -0.23618 0.0086803 0.034142 0.13629 -0.0017016 0.081989 -0.11106 -0.13831 -0.10337 0.039244 -0.18286 -0.036044 -0.0648 -0.18688 -0.15174 0.010752 -0.25241 -0.070546 -0.069055 -0.054977 -0.44048 0.11255 0.059421 -0.42882 -0.079061 0.061744 -0.75315 0.10727 0.17787 -0.74096 -0.080068 -0.021109 -0.79669 0.10014 0.11594 -0.81078 -0.053003 -0.058459 0.59136
-0.15906 0.019331 0.29158 0.10602 0.02008 0.34621 -0.044511 0.0004603 0.40681 -0.0091937 -0.0018388 0.067953 -0.052 -0.0014358 -0.053749 0.055989 -0.0014358 -0.04958 -0.23888 0.020812 0.038051 0.13654 -0.00099149 0.083008 -0.11797 -0.11695 -0.11219 0.028628 -0.17319 -0.038934 -0.074941 -0.16201 -0.16656 0.0066167 -0.24661 -0.069989 -0.063437 -0.042878 -0.44117 0.13372 0.071863 -0.42445 -0.062801 -0.061129 -0.77457 0.1276 0.1937 -0.73527 -0.06016 -0.14842 -0.80825 0.14032 0.11233 -0.77975 -0.049397 -0.069604 0.59115
-0.15567 0.018156 0.29324 0.10967 0.0095804 0.34413 -0.040491 -0.0042284 0.4072 -0.0084684 -0.0026872 0.068019 -0.052965 -0.0005839 -0.052815 0.054654 -0.0005839 -0.051065 -0.236 0.02362 0.039926 0.14591 0.0083714 0.080814 -0.12594 -0.10552 -0.12554 0.041135 -0.16005 -0.04889 -0.076738 -0.14697 -0.1775 0.01913 -0.23482 -0.076558 -0.034043 -0.029333 -0.44109 0.14903 0.082857 -0.41995 -0.065703 -0.10947 -0.76368 0.09262 0.23244 -0.71309 -0.067844 -0.1935 -0.80486 0.09486 0.15249 -0.76171 -0.04545 -0.068382 0.59368
-0.1556 0.018817 0.29456 0.11001 0.0058977 0.34596 -0.040653 -0.010918 0.40707 -0.0084081 -0.0037111 0.067978 -0.053274 -0.00025693 -0.052506 0.05451 -0.00025693 -0.051221 -0.23529 0.026132 0.04109 0.14699 0.0030818 0.082756 -0.13641 -0.10125 -0.13259 0.045865 -0.16571 -0.049346 -0.085712 -0.13962 -0.18548 0.020798 -0.23931 -0.077538 -0.039131 -0.023434 -0.44136 0.15422 0.091239 -0.41678 -0.050023 -0.14826 -0.75086 0.081689 0.25137 -0.70065 -0.047268 -0.23483 -0.78634 0.087218 0.17008 -0.74671 -0.045334 -0.074785 0.59365
-0.16095 0.017734 0.29453 0.10424 0.0042375 0.34599 -0.046342 -0.015856 0.40629 -0.0092806 -0.0046669 0.067806 -0.052834 6.2839e-05 -0.052949 0.055391 6.2839e-05 -0.050268 -0.23846 0.032329 0.040701 0.13765 0.006341 0.082302 -0.15563 -0.081345 -0.15005 0.034251 -0.15577 -0.056254 -0.10395 -0.11355 -0.20601 0.0099753 -0.22745 -0.089601 -0.045537 -0.010708 -0.44253 0.15883 0.11192 -0.40906 -0.03836 -0.13699 -0.75155 0.071677 0.28257 -0.68251 -0.031669 -0.22427 -0.78469 0.082245 0.19796 -0.72112 -0.049777 -0.074312 0.59467
-0.16427 0.02946 0.29402 0.09804 0.0007792 0.34231 -0.052092 -0.011639 0.40574 -0.010286 -0.0040173 0.067702 -0.051872 -0.0012199 -0.053878 0.056338 -0.0012199 -0.049189 -0.23521 0.050056 0.038686 0.13953 0.0018754 0.079774 -0.17673 -0.035902 -0.17429 0.022986 -0.13686 -0.072996 -0.14298 -0.060194 -0.24578 -0.003759 -0.20669 -0.10832 -0.045682 -0.015195 -0.44338 0.15996 0.10567 -0.40944 -0.032032 -0.088944 -0.76875 0.079173 0.30054 -0.66826 -0.031352 -0.16827 -0.81843 0.081712 0.21777 -0.71189 -0.058969 -0.066841 0.595
