-0.1675 -0.00052926 0.31981 0.10455 -0.0044083 0.31552 -0.030119 -0.01226 0.40781 -0.0050702 0.002519 0.068363 -0.057297 -0.00014121 -0.048084 0.062716 -0.00014121 -0.040765 -0.21753 -0.073446 0.069155 0.14759 -0.059446 0.059065 0.017115 -0.049382 0.046079 0.052156 -0.26129 -0.020429 0.098103 -0.061407 0.034431 0.024302 -0.32721 -0.061886 -0.11145 0.082429 -0.42517 -0.018615 0.03408 -0.42045 -0.15073 0.13967 -0.75177 -0.1002 0.048634 -0.7439 -0.15279 0.060509 -0.80167 -0.10199 -0.030695 -0.79355 0.0098398 -0.10949 0.57474
-0.16571 -0.0026217 0.31954 0.10683 -0.005718 0.31686 -0.0286 -0.014245 0.40798 -0.0046673 0.00029649 0.068435 -0.056803 0.00021254 -0.048665 0.062339 0.00021254 -0.041338 -0.21111 -0.075666 0.068042 0.13708 -0.056412 0.057737 0.015577 -0.068388 0.033683 0.057699 -0.26395 -0.024529 0.089582 -0.081639 0.0086287 0.032378 -0.32896 -0.069207 -0.099651 0.082826 -0.42718 -0.017722 0.032667 -0.42145 -0.13547 0.14153 -0.75392 -0.10056 0.048347 -0.74453 -0.13788 0.062473 -0.80396 -0.10102 -0.030858 -0.7944 0.016708 -0.11236 0.57301
-0.16658 -0.0042936 0.31862 0.10605 -0.0057256 0.31778 -0.029973 -0.015454 0.40789 -0.0047327 -0.0013388 0.068422 -0.056404 0.00037889 -0.049128 0.062201 0.00037889 -0.041545 -0.20916 -0.07836 0.066921 0.13404 -0.056415 0.058338 0.039711 -0.043792 0.052617 0.061082 -0.26687 -0.022734 0.12577 -0.041447 0.028016 0.039318 -0.32838 -0.073268 -0.090698 0.082202 -0.42871 -0.019063 0.031863 -0.42148 -0.12394 0.14207 -0.75551 -0.10327 0.048286 -0.74417 -0.12635 0.063114 -0.80573 -0.10264 -0.030843 -0.79416 0.019883 -0.11436 0.57113
-0.16907 -0.0055371 0.31786 0.10373 -0.0055913 0.31847 -0.032806 -0.016923 0.40762 -0.0050933 -0.0028636 0.068346 -0.05591 0.00064057 -0.049685 0.062185 0.00064057 -0.041565 -0.20939 -0.080519 0.066063 0.13154 -0.054207 0.058656 -0.0060022 -0.11293 0.00091443 0.062763 -0.26605 -0.022331 0.052567 -0.12979 -0.037681 0.045648 -0.32695 -0.075973 -0.082082 0.081162 -0.43017 -0.019721 0.030732 -0.42147 -0.1124 0.14175 -0.75712 -0.10409 0.047832 -0.74409 -0.1156 0.062888 -0.80743 -0.10314 -0.031266 -0.79412 0.020956 -0.11688 0.56896
-0.1714 -0.0064794 0.31756 0.10183 -0.006834 0.31913 -0.035243 -0.019287 0.4073 -0.0055143 -0.0044611 0.068229 -0.055356 0.0011653 -0.050294 0.062234 0.0011653 -0.04148 -0.20994 -0.081719 0.06556 0.12737 -0.050159 0.058134 -0.12166 -0.24063 -0.092664 0.061214 -0.26332 -0.021583 -0.11547 -0.29738 -0.15523 0.044423 -0.32856 -0.069335 -0.073819 0.08043 -0.4315 -0.018594 0.028867 -0.4218 -0.1007 0.14145 -0.75868 -0.10158 0.046587 -0.74474 -0.10519 0.062599 -0.80892 -0.10121 -0.032513 -0.79478 0.021172 -0.12063 0.56687
-0.17187 -0.0070785 0.31736 0.1018 -0.010538 0.31992 -0.035961 -0.02268 0.40704 -0.0058464 -0.0059893 0.068085 -0.054936 0.0019967 -0.050726 0.06231 0.0019967 -0.041334 -0.21069 -0.081759 0.065232 0.12483 -0.050378 0.05813 -0.20141 -0.25784 -0.09923 0.054415 -0.26545 -0.01223 -0.19848 -0.31368 -0.16295 0.028522 -0.33649 -0.044985 -0.068112 0.080881 -0.43224 -0.016679 0.026521 -0.42226 -0.092151 0.14264 -0.7595 -0.097476 0.044635 -0.74572 -0.096961 0.063686 -0.80954 -0.09859 -0.03448 -0.79573 0.020719 -0.12573 0.56542
-0.17193 -0.0064603 0.31683 0.10176 -0.015183 0.32081 -0.03682 -0.027198 0.40665 -0.0064157 -0.0074696 0.067887 -0.05448 0.0032048 -0.051152 0.062283 0.0032048 -0.041302 -0.2147 -0.07916 0.064772 0.12474 -0.056482 0.059251 -0.20462 -0.254 -0.090208 0.045772 -0.27167 -0.0009882 -0.1868 -0.31318 -0.14243 0.015995 -0.34425 -0.028119 -0.063993 0.083007 -0.43256 -0.014224 0.024104 -0.42295 -0.086219 0.14657 -0.75957 -0.092226 0.042805 -0.7471 -0.090897 0.067427 -0.80933 -0.096414 -0.036246 -0.79703 0.018033 -0.13319 0.56372
-0.17324 -0.0053132 0.31604 0.1003 -0.019915 0.32191 -0.039318 -0.032237 0.40601 -0.0073981 -0.008917 0.067611 -0.054097 0.0045003 -0.051462 0.062643 0.0045003 -0.040623 -0.22074 -0.074992 0.063973 0.12163 -0.070033 0.061685 -0.18791 -0.25315 -0.090821 0.033025 -0.28342 0.0088807 -0.16238 -0.31828 -0.13605 0.0013565 -0.35517 -0.016853 -0.060579 0.084611 -0.43293 -0.01169 0.023613 -0.42277 -0.080838 0.14908 -0.75999 -0.086169 0.043211 -0.7476 -0.085521 0.069797 -0.80952 -0.093271 -0.035405 -0.7979 0.012292 -0.14153 0.56191
-0.17566 -0.0056691 0.31537 0.097973 -0.024364 0.32309 -0.042758 -0.037806 0.40514 -0.0085452 -0.010236 0.067288 -0.053921 0.0054866 -0.05155 0.063181 0.0054866 -0.039664 -0.22605 -0.07214 0.062992 0.11826 -0.072003 0.062489 -0.18361 -0.24688 -0.091 0.02576 -0.28549 0.017408 -0.15598 -0.30784 -0.13976 -0.0089748 -0.35713 -0.005169 -0.058618 0.086562 -0.43275 -0.011085 0.025481 -0.42183 -0.077357 0.15249 -0.75944 -0.083608 0.045933 -0.74721 -0.082769 0.073146 -0.8088 -0.092116 -0.032121 -0.79816 0.0054153 -0.14974 0.56027
-0.17833 -0.0078997 0.31502 0.095671 -0.027128 0.32422 -0.045928 -0.043557 0.4042 -0.00956 -0.011128 0.067009 -0.053971 0.005929 -0.051449 0.063223 0.005929 -0.03953 -0.23002 -0.071426 0.06215 0.12356 -0.042692 0.060418 -0.17059 -0.24514 -0.087544 0.034241 -0.25882 0.021859 -0.1346 -0.30197 -0.13633 0.00069155 -0.33181 0.0019826 -0.055778 0.087095 -0.4326 -0.012119 0.028733 -0.42135 -0.071368 0.15326 -0.75932 -0.083914 0.05014 -0.74691 -0.077937 0.074017 -0.80871 -0.092471 -0.027877 -0.79791 -0.00044212 -0.15754 0.55865
-0.18188 -0.0090966 0.31467 0.09229 -0.027044 0.32552 -0.049961 -0.047853 0.40327 -0.010642 -0.011503 0.066792 -0.054228 0.0060355 -0.05117 0.06325 0.0060355 -0.039481 -0.23457 -0.069592 0.061269 0.1337 -0.011239 0.063411 -0.1563 -0.24451 -0.078687 0.038116 -0.22257 0.015306 -0.10885 -0.30674 -0.10106 0.008994 -0.29891 0.0035834 -0.046369 0.079679 -0.43478 -0.010716 0.032544 -0.42086 -0.050958 0.13758 -0.76526 -0.077735 0.055622 -0.74589 -0.056851 0.058871 -0.81557 -0.085253 -0.022798 -0.79643 -0.0073098 -0.16392 0.55696
-0.18368 -0.016305 0.31334 0.090729 -0.036113 0.32608 -0.052556 -0.058868 0.40138 -0.011243 -0.013694 0.066251 -0.054042 0.0072113 -0.051202 0.062608 0.0072113 -0.040273 -0.23757 -0.073496 0.059414 0.14279 -0.0019868 0.067606 -0.13577 -0.24825 -0.063157 0.041195 -0.20722 0.0063476 -0.09931 -0.32145 -0.078934 0.013036 -0.28497 0.0015767 -0.061332 0.12038 -0.42211 -0.02555 0.025312 -0.42115 -0.083794 0.22386 -0.735 -0.11269 0.044698 -0.74747 -0.087516 0.14596 -0.78677 -0.12134 -0.033535 -0.79815 -0.013578 -0.17709 0.55443
-0.18632 -0.027197 0.31057 0.088281 -0.050878 0.32626 -0.056557 -0.074306 0.39829 -0.01199 -0.016458 0.065512 -0.053689 0.0089217 -0.051316 0.061551 0.0089217 -0.041564 -0.24171 -0.079965 0.056024 0.14418 -0.015782 0.068839 -0.11328 -0.25104 -0.047402 0.040338 -0.21795 0.0015096 -0.082215 -0.32405 -0.063278 0.01288 -0.29572 -0.0034606 -0.087291 0.18685 -0.39754 0.0077422 0.023283 -0.4252 -0.13675 0.35204 -0.68541 -0.033223 0.045097 -0.74955 -0.13775 0.27483 -0.7383 -0.040898 -0.032363 -0.80147 -0.02251 -0.19474 0.55075
-0.1926 -0.034315 0.30726 0.082242 -0.058629 0.32739 -0.064204 -0.084935 0.39505 -0.013402 -0.017178 0.065045 -0.053805 0.0096813 -0.051052 0.060942 0.0096813 -0.042279 -0.24868 -0.081496 0.051769 0.13665 -0.035604 0.068242 -0.10176 -0.23551 -0.052841 0.033065 -0.23578 -0.0050674 -0.047602 -0.29669 -0.041893 0.010025 -0.3148 -0.01311 -0.086703 0.21369 -0.38167 0.12108 0.0553 -0.42444 -0.12731 0.3839 -0.66622 0.22238 0.10174 -0.73833 -0.12601 0.30699 -0.71956 0.22146 0.024827 -0.79167 -0.034579 -0.20685 0.54727
-0.19751 -0.0411 0.30494 0.078651 -0.060717 0.32928 -0.068851 -0.090622 0.39305 -0.014003 -0.017258 0.064896 -0.054006 0.0098291 -0.050811 0.060653 0.0098291 -0.042656 -0.25133 -0.082475 0.047936 0.12793 -0.045482 0.068508 -0.10212 -0.19522 -0.09529 0.038664 -0.24491 -0.022945 -0.052279 -0.26026 -0.077488 0.014165 -0.32377 -0.027455 -0.077867 0.21891 -0.37805 0.18096 0.11112 -0.40007 -0.10554 0.39099 -0.66105 0.2998 0.18993 -0.70537 -0.10328 0.31433 -0.71471 0.30269 0.11316 -0.75887 -0.038056 -0.2108 0.5465
-0.20315 -0.050592 0.30268 0.074714 -0.05835 0.32989 -0.072652 -0.091762 0.39216 -0.014253 -0.016923 0.064933 -0.054221 0.0095714 -0.05063 0.060536 0.0095714 -0.04288 -0.25273 -0.080833 0.043302 0.11729 -0.049248 0.067671 -0.097949 -0.18285 -0.10492 0.049453 -0.25242 -0.033792 -0.039635 -0.2385 -0.095499 0.020095 -0.32961 -0.037828 -0.11447 0.24307 -0.36225 0.19838 0.12736 -0.38777 -0.19133 0.45021 -0.62454 0.26889 0.20184 -0.70452 -0.18665 0.37372 -0.67826 0.27169 0.12483 -0.75766 -0.032948 -0.20518 0.54844
-0.20256 -0.054008 0.30245 0.075419 -0.048858 0.32997 -0.070573 -0.085216 0.39398 -0.013699 -0.015438 0.065418 -0.054589 0.0088897 -0.050363 0.060277 0.0088897 -0.043397 -0.24411 -0.074701 0.040831 0.10807 -0.046031 0.066228 -0.084718 -0.1882 -0.093388 0.053899 -0.25614 -0.029299 -0.017135 -0.23558 -0.10021 0.022748 -0.33227 -0.037856 -0.071093 0.22248 -0.36496 0.21079 0.11461 -0.38708 -0.095931 0.39076 -0.62916 0.29074 0.18056 -0.70288 -0.089521 0.31393 -0.68227 0.29575 0.10338 -0.75553 -0.021638 -0.19197 0.5526
-0.18962 -0.049126 0.30391 0.084271 -0.035995 0.32764 -0.058308 -0.072957 0.39847 -0.01143 -0.012832 0.066408 -0.055476 0.0075636 -0.0496 0.059353 0.0075636 -0.044887 -0.22757 -0.062826 0.041135 0.1094 -0.03143 0.063069 -0.068713 -0.18273 -0.087334 0.062613 -0.24951 -0.016983 -0.013319 -0.24123 -0.10613 0.0326 -0.32542 -0.030262 0.073633 0.14037 -0.39421 0.22379 0.111 -0.38283 0.21399 0.19949 -0.69429 0.36065 0.19649 -0.67542 0.2212 0.12201 -0.74629 0.3704 0.11918 -0.72727 -0.0027907 -0.17514 0.55779
-0.17074 -0.048885 0.30247 0.094641 -0.031018 0.31877 -0.041912 -0.064336 0.40203 -0.0079427 -0.010583 0.067303 -0.057047 0.0057321 -0.048036 0.057478 0.0057321 -0.047523 -0.21504 -0.054337 0.039605 0.12086 -0.0095183 0.054999 -0.047332 -0.18995 -0.057342 0.093561 -0.23648 -0.0071229 0.0050189 -0.25327 -0.066427 0.06109 -0.3107 -0.02367 0.10555 0.10204 -0.39267 0.22156 0.10905 -0.38568 0.23855 0.1664 -0.69724 0.3414 0.20495 -0.68236 0.25039 0.088875 -0.74829 0.35075 0.1269 -0.7332 0.023634 -0.15876 0.56228
-0.1537 -0.049819 0.30083 0.1057 -0.029521 0.31322 -0.027159 -0.058457 0.40413 -0.0056252 -0.0096828 0.067678 -0.058058 0.0050736 -0.046876 0.055704 0.0050736 -0.049628 -0.1619 -0.089095 0.040563 0.10969 0.0041715 0.050227 0.0040539 -0.23543 -0.045482 0.10317 -0.22706 -0.0017458 0.05737 -0.29809 -0.053548 0.068993 -0.30038 -0.01895 0.11369 0.057304 -0.38985 0.20651 0.098668 -0.39674 0.24892 0.091156 -0.68729 0.30534 0.19681 -0.70038 0.26274 0.013219 -0.73729 0.31657 0.11839 -0.75017 0.041213 -0.14801 0.5661
-0.14479 -0.05374 0.29631 0.10714 -0.034516 0.30762 -0.022193 -0.058136 0.4046 -0.005446 -0.010239 0.067629 -0.057629 0.0053948 -0.047442 0.05608 0.0053948 -0.049322 -0.11187 -0.13412 0.04353 0.089176 0.0028403 0.044285 0.048949 -0.28526 -0.042472 0.096539 -0.228 -0.0087842 0.10289 -0.3469 -0.054442 0.066384 -0.3034 -0.025003 0.1299 0.0066778 -0.39104 0.18138 0.082528 -0.41016 0.29451 -0.0047366 -0.68643 0.26197 0.17741 -0.71987 0.30575 -0.082795 -0.73681 0.27522 0.098678 -0.76878 0.04506 -0.14635 0.56775
-0.13909 -0.052955 0.29705 0.11032 -0.040681 0.30278 -0.016301 -0.056765 0.40491 -0.0043011 -0.010171 0.067682 -0.058429 0.005426 -0.046324 0.054628 0.005426 -0.050697 -0.093624 -0.15255 0.05514 0.082857 0.014378 0.044625 0.065191 -0.30905 -0.025248 0.098048 -0.21788 -0.00043043 0.1165 -0.37288 -0.036474 0.067053 -0.29252 -0.017282 0.10773 -0.014719 -0.39753 0.16605 0.073617 -0.41791 0.23429 -0.016647 -0.70428 0.23846 0.16257 -0.73136 0.24062 -0.094788 -0.75541 0.24996 0.084146 -0.78112 0.047547 -0.1441 0.56984
-0.12986 -0.036984 0.3138 0.13348 -0.03762 0.30674 0.0043598 -0.044585 0.40674 5.849e-05 -0.0077808 0.068132 -0.06278 0.0046349 -0.040316 0.046699 0.0046349 -0.058128 -0.079655 -0.15259 0.079912 0.092662 0.055163 0.061301 0.070614 -0.31664 -0.001824 0.099613 -0.18182 0.047154 0.11317 -0.38639 -0.014406 0.057053 -0.24958 0.026174 0.030477 -0.0041999 -0.41786 0.17719 0.07878 -0.41779 0.056885 0.018961 -0.74806 0.27926 0.16148 -0.7246 0.058742 -0.060459 -0.79755 0.28782 0.085304 -0.77828 0.058027 -0.13042 0.57602
-0.13208 -0.026573 0.3252 0.13964 -0.039941 0.30941 0.009076 -0.03745 0.40757 0.00019973 -0.0068135 0.068276 -0.06403 0.0039528 -0.038566 0.04277 0.0039528 -0.061384 -0.090765 -0.14598 0.091326 0.11594 0.048215 0.060172 0.049373 -0.31831 0.0087965 0.065583 -0.18114 0.051605 0.084264 -0.39211 -0.0042897 0.037177 -0.25462 0.027046 -0.021935 -0.003205 -0.42707 0.17497 0.081047 -0.41987 -0.016505 -0.00038251 -0.7624 0.27599 0.14937 -0.73073 -0.01644 -0.08051 -0.8108 0.2834 0.075406 -0.78773 0.056005 -0.12319 0.57895
-0.13605 -0.019412 0.33587 0.1388 -0.04095 0.30705 0.010233 -0.030235 0.40792 -0.00060228 -0.0059823 0.068324 -0.063774 0.0030883 -0.038922 0.041108 0.0030883 -0.06235 -0.10373 -0.13672 0.09949 0.14484 0.047176 0.055437 0.029592 -0.31439 0.016605 0.062367 -0.17606 0.06131 0.062611 -0.38967 0.0058743 0.031206 -0.24471 0.030824 -0.054097 -0.0064009 -0.42797 0.17351 0.08198 -0.42067 -0.04958 -0.014832 -0.76099 0.27887 0.14452 -0.7312 -0.050593 -0.095124 -0.80908 0.28229 0.069113 -0.78634 0.054133 -0.11486 0.58062
-0.13932 -0.0084374 0.34813 0.14577 -0.033262 0.3158 0.012228 -0.020639 0.40855 -0.00039981 -0.0046204 0.068443 -0.063896 0.0022178 -0.038845 0.039904 0.0022178 -0.063241 -0.11549 -0.1232 0.10962 0.16623 0.046611 0.064512 0.0094193 -0.30614 0.025569 0.08387 -0.17442 0.079596 0.036464 -0.38351 0.016586 0.031655 -0.22891 0.044156 -0.078047 -0.0026143 -0.42851 0.16487 0.082652 -0.42315 -0.094027 0.00226 -0.76225 0.28074 0.14724 -0.72937 -0.094783 -0.078653 -0.80929 0.27972 0.069463 -0.78151 0.051453 -0.10395 0.583
-0.15184 0.0041756 0.35472 0.15176 -0.019508 0.34558 0.0013216 -0.014624 0.40899 -0.00174 -0.0038198 0.068468 -0.063096 0.0017694 -0.040142 0.040915 0.0017694 -0.062593 -0.14469 -0.10644 0.11316 0.17357 0.0054162 0.082484 -0.033255 -0.29797 0.029156 0.068829 -0.20627 0.066095 -0.021169 -0.37905 0.018756 0.015236 -0.25925 0.031796 -0.083735 -0.0031801 -0.4294 0.15246 0.075018 -0.42858 -0.10431 -0.0024763 -0.7627 0.26145 0.13074 -0.73904 -0.10206 -0.083933 -0.80876 0.26169 0.053435 -0.79183 0.031945 -0.099814 0.58425
-0.17211 0.012183 0.35659 0.14033 -0.0055206 0.37001 -0.018725 -0.010682 0.40866 -0.0045136 -0.002855 0.068395 -0.060906 0.00098552 -0.043378 0.042658 0.00098552 -0.061454 -0.17757 -0.094873 0.11333 0.16793 -0.0039838 0.10142 -0.07309 -0.29153 0.032002 0.043003 -0.20443 0.071852 -0.063011 -0.3732 0.022566 -0.011036 -0.25645 0.03742 -0.076918 -0.024208 -0.43194 0.19509 0.062033 -0.41995 -0.097209 -0.039752 -0.76488 0.32602 0.10517 -0.72722 -0.093299 -0.11902 -0.81444 0.32802 0.026128 -0.77729 0.0047361 -0.097879 0.58414
-0.19012 0.018491 0.3534 0.12406 -0.0011678 0.38901 -0.037993 -0.0076849 0.40741 -0.008478 -0.0021659 0.068019 -0.058901 0.00034221 -0.04613 0.04594 0.00034221 -0.058989 -0.2029 -0.086413 0.10953 0.10199 -0.058841 0.13831 -0.10541 -0.28748 0.030777 -0.032009 -0.24259 0.077036 -0.094724 -0.36897 0.02216 -0.083475 -0.29597 0.040094 -0.055657 -0.033515 -0.43425 0.1069 0.09717 -0.41848 -0.058264 -0.061124 -0.76672 0.16945 0.17526 -0.7292 -0.054258 -0.13764 -0.82061 0.16817 0.094796 -0.77695 -0.01328 -0.086299 0.58645
-0.19989 0.02398 0.3497 0.11429 -0.0043519 0.40133 -0.049171 -0.0053307 0.40621 -0.011327 -0.001844 0.06764 -0.05732 -7.616e-05 -0.048047 0.048811 -7.616e-05 -0.056701 -0.21574 -0.079731 0.10547 0.048186 -0.12384 0.16971 -0.12535 -0.28468 0.027888 -0.087723 -0.29171 0.070439 -0.11606 -0.36641 0.019169 -0.14031 -0.34315 0.033138 -0.017408 -0.040054 -0.43442 -0.0051084 0.15982 -0.41492 0.0085347 -0.076598 -0.76574 -0.046752 0.29704 -0.72109 0.010788 -0.15236 -0.82044 -0.05106 0.216 -0.76773 -0.021523 -0.073081 0.5895
-0.201 0.025819 0.34631 0.11156 -0.0076212 0.40351 -0.051856 -0.0052016 0.40587 -0.011704 -0.0018792 0.067565 -0.055705 -0.0003475 -0.049919 0.049558 -0.0003475 -0.056025 -0.21528 -0.078046 0.10206 0.059772 -0.13419 0.17569 -0.13067 -0.28591 0.025892 -0.078917 -0.29188 0.065891 -0.12041 -0.36757 0.017809 -0.13955 -0.33629 0.03135 0.027677 -0.02934 -0.42947 0.016457 0.16198 -0.40857 0.079854 -0.057731 -0.75799 -0.046499 0.30455 -0.70364 0.079068 -0.13552 -0.81007 -0.049489 0.2229 -0.74931 -0.027847 -0.069263 0.59089
-0.19542 0.022727 0.33669 0.11256 -0.010635 0.40056 -0.050804 -0.0094576 0.4059 -0.011578 -0.0026656 0.067555 -0.054649 -7.9344e-05 -0.051072 0.050284 -7.9344e-05 -0.055369 -0.20415 -0.083834 0.093355 0.040062 -0.14882 0.18636 -0.13023 -0.29683 0.020486 -0.10718 -0.29415 0.071135 -0.1168 -0.37819 0.014082 -0.16672 -0.34006 0.03655 0.056048 0.062412 -0.41718 0.03111 0.063679 -0.43634 0.1361 0.093198 -0.73899 -0.0094125 0.13034 -0.75842 0.13331 0.013229 -0.78895 -0.013515 0.049376 -0.80532 -0.032028 -0.067521 0.59346
-0.18922 0.01871 0.332 0.11582 -0.014843 0.39564 -0.047199 -0.013776 0.40632 -0.010892 -0.00345 0.067654 -0.054261 0.00036386 -0.051498 0.050546 0.00036386 -0.055147 -0.19191 -0.089614 0.089288 0.022502 -0.15825 0.19153 -0.12357 -0.30517 0.018091 -0.13009 -0.297 0.074446 -0.10354 -0.38539 0.014634 -0.18699 -0.34574 0.039552 0.061217 0.11754 -0.40698 0.075427 0.0028785 -0.44602 0.15754 0.19992 -0.71665 0.073669 0.011104 -0.78166 0.15249 0.12387 -0.76542 0.069709 -0.069779 -0.82801 -0.03227 -0.067235 0.59565
-0.19823 0.012229 0.33255 0.1083 -0.02184 0.39383 -0.054972 -0.020449 0.40484 -0.012162 -0.0047106 0.067321 -0.053085 0.00139 -0.052658 0.051258 0.00139 -0.054445 -0.19543 -0.096486 0.090014 0.010673 -0.16176 0.19013 -0.12639 -0.31329 0.023883 -0.14688 -0.29853 0.077898 -0.10895 -0.39382 0.019882 -0.20314 -0.34853 0.043431 0.065749 0.14983 -0.39289 0.088298 -0.00047871 -0.44142 0.17007 0.23035 -0.69965 0.090018 -0.0082151 -0.77447 0.17076 0.14051 -0.74693 0.087627 -0.090888 -0.81981 -0.046364 -0.073365 0.59468
-0.21073 0.0047054 0.32506 0.091945 -0.029136 0.38603 -0.070577 -0.029008 0.40207 -0.014559 -0.006246 0.066748 -0.051489 0.0027281 -0.054194 0.052514 0.0027281 -0.0532 -0.20217 -0.10437 0.082824 0.0018033 -0.16372 0.17532 -0.13019 -0.32284 0.025668 -0.16231 -0.29973 0.071659 -0.12181 -0.40449 0.015329 -0.21517 -0.35259 0.036403 0.058995 0.16232 -0.39135 0.047224 0.0038035 -0.44313 0.17629 0.23432 -0.69513 0.015653 -0.0087251 -0.77532 0.16656 0.16278 -0.74428 0.013538 -0.089679 -0.82103 -0.070542 -0.088328 0.5902
-0.19388 0.0036474 0.303 0.088694 -0.030833 0.36015 -0.068947 -0.031073 0.40225 -0.013387 -0.0065785 0.066959 -0.051737 0.0032098 -0.053929 0.05258 0.0032098 -0.053107 -0.18037 -0.10637 0.061416 0.016604 -0.15666 0.13748 -0.10487 -0.32453 0.0077504 -0.14827 -0.29539 0.038757 -0.092349 -0.40441 -0.0095161 -0.19305 -0.35338 0.00057598 0.014647 0.090692 -0.42613 0.033744 -0.00086143 -0.44215 0.14785 0.22314 -0.70095 -0.0032208 -0.022859 -0.77266 0.089708 0.25156 -0.75973 -0.004381 -0.10129 -0.81838 -0.074011 -0.10627 0.58456
-0.17075 0.0087851 0.29174 0.096551 -0.02679 0.34615 -0.056478 -0.024194 0.40449 -0.011308 -0.0061244 0.067378 -0.052201 0.0033802 -0.053465 0.051918 0.0033802 -0.053742 -0.15838 -0.10327 0.051041 0.032878 -0.14079 0.11454 -0.081491 -0.32026 -0.0052023 -0.12777 -0.28472 0.01639 -0.065947 -0.39939 -0.023801 -0.17178 -0.34294 -0.022624 0.014122 0.059817 -0.43509 0.0063168 -0.011446 -0.44399 0.13652 0.2347 -0.69338 -0.013152 -0.035713 -0.78084 0.092214 0.21804 -0.75819 -0.0069762 -0.1353 -0.82686 -0.067309 -0.11582 0.57879
-0.1609 0.015819 0.28646 0.094358 -0.024688 0.33698 -0.053815 -0.017831 0.40532 -0.010945 -0.0051601 0.06752 -0.0523 0.0027831 -0.053404 0.052371 0.0027831 -0.053327 -0.15144 -0.098613 0.046739 0.035133 -0.12915 0.099901 -0.075412 -0.3151 -0.01273 -0.12062 -0.27799 0.0010713 -0.056639 -0.39368 -0.030098 -0.16789 -0.33419 -0.036924 0.019562 0.045709 -0.43328 0.070676 0.014068 -0.43513 0.12966 0.24587 -0.67586 -0.021959 -0.027606 -0.74419 0.10738 0.16974 -0.74006 -0.043291 -0.049461 -0.79138 -0.06517 -0.11745 0.57526
-0.16625 0.024649 0.28614 0.087505 -0.022121 0.334 -0.059394 -0.010848 0.40471 -0.011913 -0.004067 0.067433 -0.052085 0.0013049 -0.05367 0.053239 0.0013049 -0.052527 -0.15691 -0.092595 0.047775 0.032588 -0.12326 0.094391 -0.078951 -0.30759 -0.014356 -0.11887 -0.27683 -0.0038093 -0.05581 -0.38541 -0.030176 -0.16736 -0.33256 -0.041004 0.0023168 0.015548 -0.43963 0.18224 0.054432 -0.41937 0.10946 0.23735 -0.66534 -0.032499 -0.023999 -0.66716 0.08318 0.17363 -0.72646 -0.085451 0.028555 -0.72432 -0.0669 -0.10762 0.57643
-0.17896 0.03525 0.299 0.094534 -0.0118 0.35013 -0.058849 0.0018863 0.40484 -0.012527 -0.0033196 0.067362 -0.051465 -0.00019144 -0.054281 0.052757 -0.00019144 -0.053025 -0.16802 -0.086394 0.062922 0.037437 -0.11602 0.11237 -0.082364 -0.29713 -0.003518 -0.10817 -0.27621 0.015899 -0.058176 -0.37519 -0.016222 -0.15654 -0.33259 -0.020465 -0.010892 -0.0041196 -0.44202 0.18945 0.059393 -0.41392 0.085389 0.22051 -0.66962 -0.057702 -0.052455 -0.61022 0.068467 0.14965 -0.72781 -0.095705 -0.090324 -0.68356 -0.065647 -0.084683 0.58197
-0.19405 0.038807 0.31136 0.094482 -0.0033809 0.36382 -0.063719 0.004538 0.40411 -0.013272 -0.0028187 0.06724 -0.050509 -0.00098325 -0.05516 0.052981 -0.00098325 -0.052792 -0.18314 -0.088944 0.078546 0.033508 -0.11567 0.13079 -0.09272 -0.29672 0.0090466 -0.105 -0.28308 0.03611 -0.065133 -0.3741 -0.00056728 -0.154 -0.34064 0.0025828 -0.028594 -0.019825 -0.44376 0.18999 0.076781 -0.40833 0.05976 0.20057 -0.67811 -0.072956 -0.061997 -0.55703 0.049506 0.12304 -0.73015 -0.13584 -0.070613 -0.61874 -0.069165 -0.068785 0.58713
-0.2061 0.041151 0.32119 0.09097 0.0004432 0.37115 -0.069366 0.0040957 0.40324 -0.013871 -0.0023017 0.067143 -0.049713 -0.0014388 -0.055877 0.05377 -0.0014388 -0.051987 -0.19593 -0.093115 0.091981 0.029514 -0.11852 0.1415 -0.10519 -0.29965 0.019272 -0.10754 -0.29125 0.0547 -0.071693 -0.37502 0.013434 -0.15031 -0.35165 0.017679 -0.046144 -0.031607 -0.44461 0.18564 0.084196 -0.40906 0.03829 0.1865 -0.68396 -0.08398 -0.071355 -0.53254 0.032115 0.10755 -0.73429 -0.16368 -0.024187 -0.56657 -0.074015 -0.057992 0.59045
-0.21754 0.038448 0.33579 0.088626 -0.00095167 0.38084 -0.073261 0.00074458 0.40255 -0.014307 -0.0025572 0.067036 -0.048624 -0.0014194 -0.056817 0.05321 -0.0014194 -0.052541 -0.20886 -0.10401 0.1116 0.02923 -0.12591 0.15392 -0.11567 -0.30988 0.040256 -0.10725 -0.30359 0.076589 -0.077811 -0.38308 0.0338 -0.13382 -0.36738 0.031489 -0.04543 -0.028394 -0.44557 0.16586 0.083753 -0.41577 0.016783 0.17351 -0.70311 -0.090794 -0.084982 -0.54557 0.012356 0.090004 -0.74401 -0.16195 -0.03028 -0.56661 -0.076693 -0.054023 0.59203
-0.22859 0.029385 0.35558 0.087047 -0.0071318 0.39564 -0.076274 -0.008045 0.40195 -0.014703 -0.0038393 0.066892 -0.046814 -0.0006133 -0.058336 0.051854 -0.0006133 -0.053906 -0.22302 -0.12056 0.13618 0.027491 -0.13849 0.17238 -0.12627 -0.32644 0.069693 -0.10632 -0.31983 0.099044 -0.088108 -0.39888 0.058096 -0.11533 -0.38501 0.048969 -0.022155 -0.0054154 -0.44732 0.14533 0.088988 -0.42157 -0.0054485 0.15665 -0.73873 -0.090623 -0.088349 -0.57761 -0.013511 0.064539 -0.75303 -0.15903 -0.032585 -0.60861 -0.078395 -0.059165 0.59247
-0.22864 0.0283 0.36783 0.089625 -0.014083 0.40457 -0.073865 -0.012413 0.40231 -0.014511 -0.0046402 0.06689 -0.045122 0.00042545 -0.05966 0.053466 0.00042545 -0.052296 -0.22525 -0.12035 0.14747 0.02718 -0.14564 0.18217 -0.1352 -0.32688 0.073856 -0.11269 -0.32379 0.11233 -0.097542 -0.39996 0.064885 -0.11538 -0.38696 0.058631 -0.0060992 0.01818 -0.44725 0.13012 0.073124 -0.42747 -0.013141 0.14699 -0.75511 -0.096071 -0.091374 -0.61115 -0.028859 0.054193 -0.74983 -0.16504 -0.038843 -0.64896 -0.079828 -0.063827 0.59266
-0.22499 0.013024 0.37862 0.096173 -0.017665 0.40894 -0.067061 -0.021074 0.40307 -0.013187 -0.0059857 0.067041 -0.043422 0.0013123 -0.060889 0.053278 0.0013123 -0.052479 -0.21521 -0.13631 0.15903 0.039744 -0.15136 0.18633 -0.1175 -0.33603 0.077466 -0.093965 -0.33461 0.11826 -0.076312 -0.40724 0.069267 -0.092804 -0.39078 0.058205 -0.02518 0.014273 -0.4497 0.10617 0.067443 -0.4329 -0.021062 0.13396 -0.76355 -0.10207 -0.096773 -0.63137 -0.050066 0.047524 -0.75023 -0.17113 -0.055305 -0.6734 -0.073499 -0.074948 0.59272
-0.21965 0.0035043 0.39136 0.10315 -0.014769 0.41504 -0.059491 -0.027212 0.40397 -0.011727 -0.0070103 0.067228 -0.042981 0.0012109 -0.061204 0.051835 0.0012109 -0.053921 -0.20389 -0.14656 0.17251 0.050328 -0.15003 0.19236 -0.10028 -0.34201 0.08735 -0.076465 -0.33828 0.12389 -0.055516 -0.41062 0.076242 -0.075644 -0.38684 0.056128 -0.065592 0.0022704 -0.45046 0.08255 0.074435 -0.43562 -0.097931 0.10036 -0.76416 -0.13334 -0.10238 -0.62951 -0.11325 0.0076201 -0.73838 -0.20854 -0.057042 -0.67576 -0.06482 -0.082179 0.59336
-0.21146 0.013228 0.39877 0.10957 -0.0076402 0.41895 -0.052408 -0.024417 0.40509 -0.010717 -0.0067366 0.067418 -0.043967 0.00080032 -0.060509 0.051474 0.00080032 -0.054264 -0.19533 -0.1336 0.17779 0.05377 -0.13876 0.1946 -0.09939 -0.33049 0.087249 -0.07479 -0.32506 0.12439 -0.054712 -0.39921 0.076059 -0.086686 -0.37446 0.059488 -0.09578 0.0089169 -0.44676 0.068607 0.075884 -0.43637 -0.20354 0.05479 -0.76008 -0.1415 -0.061289 -0.65207 -0.1671 -0.026987 -0.74339 -0.20843 -0.028742 -0.70353 -0.056486 -0.079228 0.59454
-0.20277 0.013875 0.3935 0.11871 -0.0012521 0.41017 -0.043464 -0.02078 0.40637 -0.0091987 -0.0060052 0.067712 -0.044543 0.0017362 -0.060069 0.050886 0.0017362 -0.054794 -0.18161 -0.13174 0.17215 0.070705 -0.12816 0.18168 -0.081297 -0.32271 0.073867 -0.048857 -0.31949 0.10928 -0.034957 -0.39101 0.065424 -0.079427 -0.38119 0.064807 -0.10433 0.027255 -0.4444 0.054754 0.067534 -0.43895 -0.18547 0.040412 -0.76873 -0.037674 0.063268 -0.74888 -0.11555 0.027037 -0.82247 -0.052383 0.0059902 -0.80647 -0.040126 -0.078186 0.59504
-0.19261 0.016138 0.39031 0.12947 0.0094401 0.40353 -0.032482 -0.012723 0.40767 -0.007386 -0.0048471 0.068023 -0.045738 0.0011984 -0.059166 0.050542 0.0011984 -0.055127 -0.1681 -0.128 0.16832 0.0852 -0.12033 0.17561 -0.065027 -0.32322 0.082817 -0.026222 -0.31668 0.10321 -0.009549 -0.38126 0.065674 -0.051606 -0.38525 0.064328 -0.10714 0.048833 -0.44123 0.047207 0.053498 -0.44142 -0.12856 0.089233 -0.77131 0.0060602 0.10936 -0.77737 -0.10368 0.047672 -0.83854 0.012271 0.022963 -0.83098 -0.024645 -0.072554 0.59555
-0.18376 0.022082 0.39181 0.13692 0.01444 0.40102 -0.024413 -0.010601 0.40833 -0.0059726 -0.0046885 0.068176 -0.046973 -1.1893e-05 -0.058218 0.050328 -1.1893e-05 -0.055339 -0.16321 -0.12071 0.16858 0.097236 -0.11032 0.17011 -0.062441 -0.32144 0.092589 -0.015881 -0.30757 0.10363 -0.0062118 -0.37804 0.070985 -0.031173 -0.38002 0.065882 -0.099243 0.075492 -0.43691 0.044967 0.036895 -0.44333 -0.071095 0.17291 -0.75508 0.010322 0.084497 -0.76868 -0.078772 0.091448 -0.81116 0.016542 0.0082269 -0.81757 -0.010381 -0.068713 0.59625
-0.17924 0.027416 0.39721 0.13898 0.012597 0.40097 -0.021841 -0.015703 0.4083 -0.0054132 -0.0055983 0.068154 -0.047365 2.7023e-05 -0.05789 0.05014 2.7023e-05 -0.055506 -0.16782 -0.11388 0.17236 0.092009 -0.11274 0.17086 -0.068918 -0.31383 0.092314 -0.02956 -0.30687 0.10977 -0.024481 -0.38154 0.075145 -0.055229 -0.37812 0.077471 -0.077607 0.10383 -0.43243 0.042831 0.020801 -0.44468 -0.015079 0.24328 -0.7294 0.028663 0.054962 -0.77709 -0.0072214 0.17352 -0.79036 0.039621 -0.024371 -0.8264 0.0013468 -0.070711 0.59635
-0.17894 0.030122 0.40646 0.13803 0.01226 0.40344 -0.022573 -0.017798 0.40816 -0.0056613 -0.0062288 0.068078 -0.047236 0.0012012 -0.057984 0.05028 0.0012012 -0.055365 -0.17577 -0.10754 0.17911 0.074413 -0.12076 0.18047 -0.078155 -0.30949 0.10252 -0.057733 -0.30854 0.12153 -0.041442 -0.38093 0.082654 -0.10495 -0.36879 0.090712 -0.053046 0.12264 -0.42836 0.038882 0.0085182 -0.44493 0.027451 0.27405 -0.71492 0.031608 0.030631 -0.77821 0.029235 0.19751 -0.76846 0.040945 -0.049208 -0.82649 0.0051245 -0.075261 0.59484
-0.18119 0.026811 0.41081 0.13552 0.0016283 0.40042 -0.025683 -0.024147 0.40764 -0.0064123 -0.0075013 0.067889 -0.047431 0.0019865 -0.05781 0.050653 0.0019865 -0.055008 -0.18489 -0.10597 0.18056 0.1259 -0.057284 0.1426 -0.096318 -0.31346 0.10819 -0.024639 -0.23654 0.10317 -0.057568 -0.38266 0.084925 -0.07376 -0.30065 0.086421 -0.029973 0.13083 -0.42525 0.035574 0.00044256 -0.44452 0.053126 0.27065 -0.71689 0.028048 0.0068751 -0.77812 0.04821 0.19554 -0.7711 0.032745 -0.073401 -0.82562 0.0045818 -0.088753 0.59153
-0.18827 0.010081 0.41928 0.12879 -0.012327 0.39724 -0.032493 -0.037444 0.40608 -0.0075819 -0.010124 0.067411 -0.047334 0.0035876 -0.057803 0.050928 0.0035876 -0.054663 -0.19873 -0.11257 0.18369 0.080918 -0.082508 0.16044 -0.11518 -0.32234 0.11156 -0.07101 -0.25153 0.099688 -0.068836 -0.38708 0.089023 -0.12436 -0.31429 0.091531 -0.011378 0.13686 -0.42243 0.032407 -0.0047679 -0.44394 0.061031 0.25195 -0.72721 0.021255 -0.024284 -0.77716 0.059247 0.16929 -0.77872 0.028691 -0.10539 -0.82382 0.0034078 -0.10939 0.58625
-0.19505 -0.014421 0.43115 0.12205 -0.026588 0.3943 -0.038753 -0.054308 0.40363 -0.0086589 -0.013156 0.066768 -0.047024 0.0061915 -0.057838 0.050772 0.0061915 -0.054577 -0.21288 -0.12064 0.1882 -0.033086 -0.18769 0.23422 -0.1282 -0.32872 0.11272 -0.17685 -0.3449 0.12815 -0.07342 -0.38826 0.095882 -0.23542 -0.39977 0.10921 0.00049421 0.13262 -0.42339 0.031033 -0.010467 -0.44351 0.058725 0.22421 -0.73923 0.0095111 -0.064196 -0.77226 0.054334 0.16031 -0.79936 0.012791 -0.14402 -0.82036 0.0051597 -0.13426 0.57849
-0.19688 -0.033215 0.43824 0.11942 -0.043449 0.39073 -0.041672 -0.069103 0.40109 -0.0092462 -0.01507 0.066279 -0.047 0.0082517 -0.057601 0.050336 0.0082517 -0.054709 -0.22127 -0.12349 0.18945 -0.035439 -0.2044 0.24296 -0.13841 -0.33093 0.11026 -0.18984 -0.35235 0.14038 -0.076556 -0.385 0.10096 -0.23992 -0.40962 0.10799 0.0057009 0.11112 -0.42985 0.032678 -0.017939 -0.44322 0.056651 0.19146 -0.74991 -0.0052198 -0.099954 -0.76466 0.031857 0.19243 -0.83898 -0.026676 -0.17613 -0.81451 0.0079127 -0.15809 0.57001
-0.19991 -0.042974 0.44332 0.1158 -0.055422 0.39405 -0.046188 -0.077767 0.39913 -0.0097081 -0.015859 0.066031 -0.04679 0.0092325 -0.05764 0.05025 0.0092325 -0.054646 -0.22825 -0.12671 0.19257 0.029433 -0.14148 0.16436 -0.14921 -0.33503 0.11176 -0.14356 -0.28877 0.097459 -0.084162 -0.38603 0.10602 -0.19631 -0.34876 0.076433 0.0078163 0.096939 -0.43356 0.034155 -0.022309 -0.44285 0.055949 0.17298 -0.75521 -0.013544 -0.11087 -0.76105 0.012984 0.18205 -0.8406 -0.05386 -0.18458 -0.80259 0.0052357 -0.17069 0.56547
-0.18936 -0.04506 0.43555 0.12713 -0.060168 0.38395 -0.033948 -0.079603 0.39967 -0.0090077 -0.016686 0.065917 -0.047562 0.011566 -0.056527 0.049691 0.011566 -0.054675 -0.22626 -0.12116 0.18367 0.009412 -0.16789 0.17873 -0.14645 -0.32673 0.096912 -0.16249 -0.30414 0.092274 -0.08628 -0.3829 0.09237 -0.21052 -0.36624 0.068086 0.010559 0.098011 -0.43212 0.042501 -0.020528 -0.44307 0.051853 0.15627 -0.75807 -0.0054931 -0.10773 -0.7627 0.0049407 0.16392 -0.83745 -0.055114 -0.17596 -0.80329 0.018445 -0.18017 0.56091
-0.17641 -0.046781 0.42818 0.1415 -0.065434 0.37294 -0.019049 -0.083274 0.40002 -0.0077362 -0.017652 0.065842 -0.048635 0.013692 -0.055174 0.049084 0.013692 -0.054768 -0.22173 -0.1133 0.17481 0.0025854 -0.19511 0.19378 -0.14404 -0.31606 0.079858 -0.16827 -0.32243 0.09071 -0.08766 -0.37655 0.075791 -0.21161 -0.38385 0.05586 0.009165 0.10056 -0.43074 0.058757 -0.014549 -0.44343 0.045126 0.13459 -0.76106 0.030835 -0.072241 -0.76993 -0.0040235 0.14848 -0.83971 -0.012669 -0.13912 -0.8187 0.03518 -0.18954 0.55726
-0.17318 -0.04703 0.42086 0.14197 -0.071054 0.36785 -0.017288 -0.090911 0.39854 -0.0062787 -0.01754 0.066017 -0.049303 0.013618 -0.054578 0.048925 0.013618 -0.054917 -0.22257 -0.10781 0.16686 0.13112 -0.095153 0.10189 -0.15522 -0.3118 0.066753 -0.057345 -0.22977 0.050924 -0.097177 -0.37045 0.061308 -0.10816 -0.28797 0.021382 0.0021549 0.095322 -0.43223 0.079113 -0.007999 -0.44294 0.038457 0.11368 -0.76364 0.090107 -0.0047327 -0.77679 -0.018191 0.12458 -0.83735 0.068468 -0.072779 -0.83731 0.041838 -0.19884 0.55268
-0.16331 -0.035204 0.38199 0.1387 -0.06378 0.33989 -0.01086 -0.090015 0.3991 -0.0033605 -0.015499 0.066728 -0.050668 0.013159 -0.053423 0.048297 0.013159 -0.055581 -0.21993 -0.093579 0.12896 0.23213 -0.011669 0.074805 -0.1605 -0.29813 0.025037 0.038359 -0.14961 0.054707 -0.10604 -0.35976 0.01661 -0.014899 -0.20681 0.027053 -0.0033483 0.091992 -0.43225 0.10152 -0.00046694 -0.44147 0.029093 0.098648 -0.76447 0.14649 0.048804 -0.76959 -0.024769 0.10789 -0.84045 0.14783 -0.0028503 -0.84772 0.056797 -0.21198 0.5384
-0.14684 -0.027941 0.34704 0.13656 -0.055537 0.31709 -0.0017596 -0.082869 0.40079 -0.00062727 -0.013792 0.0672 -0.051724 0.012034 -0.05268 0.047277 0.012034 -0.056699 -0.20735 -0.086703 0.094967 0.080607 -0.10887 0.12093 -0.15384 -0.29102 -0.012575 -0.098223 -0.24325 0.053132 -0.097544 -0.35141 -0.016963 -0.15254 -0.29236 0.015588 -0.017346 0.086327 -0.43376 0.12184 0.015728 -0.43937 0.011071 0.085517 -0.76649 0.19863 0.11796 -0.74626 -0.040422 0.089107 -0.84454 0.22362 0.089247 -0.83049 0.063485 -0.22194 0.52493
-0.14137 -0.02448 0.3453 0.14044 -0.050708 0.32036 0.0019043 -0.078256 0.40175 0.00011642 -0.013204 0.067312 -0.052166 0.010554 -0.052557 0.046353 0.010554 -0.057751 -0.20224 -0.084678 0.093676 -0.037666 -0.17726 0.13983 -0.14872 -0.28914 -0.013472 -0.20531 -0.31852 0.048637 -0.09291 -0.34975 -0.017634 -0.26431 -0.3575 0.0055024 -0.040974 0.078665 -0.43622 0.13583 0.045951 -0.43536 -0.017138 0.072759 -0.76916 0.22584 0.18795 -0.7249 -0.067702 0.067978 -0.84784 0.26534 0.18555 -0.81335 0.056488 -0.21602 0.53133
-0.14985 -0.022527 0.36441 0.14756 -0.045209 0.33967 -0.00025069 -0.07734 0.40191 -0.00091945 -0.013488 0.067252 -0.052316 0.009426 -0.052623 0.04597 0.009426 -0.058249 -0.20441 -0.093647 0.11411 0.023216 -0.12125 0.11884 -0.1455 -0.29726 0.0080186 -0.14285 -0.28128 0.063591 -0.099341 -0.36511 -0.0034667 -0.20844 -0.31442 0.025634 -0.06843 0.068561 -0.43755 0.13669 0.082727 -0.43022 -0.05085 0.058984 -0.7709 0.21014 0.22688 -0.72204 -0.098772 0.04635 -0.85025 0.23723 0.21505 -0.80823 0.046768 -0.19545 0.55292
-0.15481 -0.029006 0.3724 0.1503 -0.038556 0.3515 -0.00074385 -0.07529 0.40225 -0.0017416 -0.014511 0.067022 -0.052493 0.0089245 -0.052535 0.046235 0.0089245 -0.058118 -0.19951 -0.11388 0.12389 0.020915 -0.13224 0.14024 -0.13499 -0.31502 0.016204 -0.13555 -0.30161 0.085111 -0.094185 -0.38643 0.003708 -0.20323 -0.33022 0.047083 -0.092238 0.053713 -0.43767 0.12008 0.10922 -0.42749 -0.083297 0.038407 -0.77123 0.16273 0.23285 -0.73445 -0.12792 0.018132 -0.85079 0.16368 0.16196 -0.79643 0.044862 -0.17752 0.56479
-0.15512 -0.039212 0.37981 0.15523 -0.040615 0.35962 0.0020255 -0.079234 0.40144 -0.001349 -0.015915 0.06671 -0.052951 0.008978 -0.052065 0.046674 0.008978 -0.05776 -0.22354 -0.07513 0.12786 0.031313 -0.15009 0.15053 -0.14463 -0.27919 0.037584 -0.1259 -0.31808 0.093903 -0.087947 -0.33655 0.029903 -0.18866 -0.34421 0.046484 -0.10177 0.043491 -0.43731 0.097265 0.12017 -0.4279 -0.11176 0.0073419 -0.76876 0.1168 0.22746 -0.74378 -0.1506 -0.019892 -0.8504 0.15414 0.20447 -0.80818 0.043762 -0.17036 0.57128
-0.15436 -0.054627 0.39691 0.16222 -0.043811 0.37347 0.0064009 -0.085836 0.40007 -0.00048103 -0.017447 0.066343 -0.052676 0.0097866 -0.052192 0.046443 0.0097866 -0.057809 -0.24838 -0.028605 0.14818 0.060282 -0.15739 0.15616 -0.15013 -0.2306 0.072147 -0.095089 -0.32623 0.09701 -0.0793 -0.27638 0.068476 -0.15457 -0.36168 0.053187 -0.10028 0.044393 -0.4375 0.078633 0.12521 -0.42875 -0.12455 0.0034012 -0.76814 0.083818 0.22295 -0.74787 -0.15934 -0.044042 -0.83912 0.14254 0.23724 -0.82993 0.045293 -0.16656 0.57583
-0.148 -0.064773 0.39647 0.16848 -0.038779 0.3748 0.013798 -0.083938 0.40016 0.00051216 -0.017655 0.066279 -0.052254 0.010557 -0.05247 0.0459 0.010557 -0.058111 -0.25221 -0.0088683 0.15871 0.082095 -0.15414 0.15141 -0.13782 -0.20213 0.083018 -0.066552 -0.32562 0.083023 -0.062688 -0.23382 0.081583 -0.12526 -0.37365 0.049357 -0.096946 0.052945 -0.43738 0.067658 0.12883 -0.4289 -0.12445 0.032228 -0.76948 0.062981 0.21788 -0.7507 -0.15428 -0.036636 -0.82609 0.095917 0.188 -0.83045 0.053549 -0.16057 0.57751
-0.13467 -0.060072 0.36468 0.17353 -0.028631 0.35286 0.023885 -0.071769 0.40202 0.0016959 -0.016101 0.066657 -0.052913 0.010429 -0.051831 0.045911 0.010429 -0.058125 -0.2497 0.00451 0.13394 0.096767 -0.13505 0.1217 -0.12607 -0.18333 0.059108 -0.052824 -0.30276 0.046434 -0.043905 -0.18306 0.05865 -0.1067 -0.34993 0.0049689 -0.096641 0.062901 -0.43559 0.061876 0.1288 -0.42917 -0.12521 0.067085 -0.76824 0.050075 0.20654 -0.7537 -0.14555 -0.0035813 -0.82614 0.065694 0.13295 -0.8082 0.064872 -0.15356 0.57679
-0.133 -0.059484 0.36744 0.17827 -0.026442 0.35658 0.026775 -0.067568 0.40257 0.0020905 -0.016076 0.066657 -0.053166 0.010462 -0.051567 0.045875 0.010462 -0.058146 -0.25334 0.0042383 0.13943 0.10779 -0.12238 0.11894 -0.12517 -0.18135 0.066668 -0.041919 -0.28865 0.040737 -0.041359 -0.17054 0.058762 -0.089672 -0.33095 -0.0117 -0.096107 0.077971 -0.43313 0.058169 0.12883 -0.42934 -0.1238 0.11208 -0.7642 0.038869 0.19055 -0.75685 -0.14347 0.040233 -0.82187 0.050742 0.1095 -0.80519 0.067481 -0.14565 0.57906
-0.13876 -0.058563 0.38345 0.17942 -0.028724 0.37086 0.023631 -0.06661 0.40286 0.001776 -0.016147 0.066644 -0.0528 0.010599 -0.05191 0.045855 0.010599 -0.058139 -0.25871 0.010693 0.15544 0.11052 -0.11547 0.12924 -0.12701 -0.17037 0.077573 -0.040466 -0.27891 0.047701 -0.051099 -0.18721 0.064255 -0.084418 -0.31768 -0.010821 -0.092878 0.10134 -0.42874 0.058281 0.12564 -0.43036 -0.10644 0.16672 -0.75566 0.035079 0.17429 -0.75994 -0.14239 0.10737 -0.8162 0.053866 0.10592 -0.81914 0.062214 -0.13992 0.58193
-0.14445 -0.052189 0.38212 0.17358 -0.029722 0.37372 0.016836 -0.064471 0.40361 0.0011306 -0.015491 0.066818 -0.052295 0.010605 -0.052421 0.046032 0.010605 -0.057996 -0.24794 0.0068663 0.14662 0.10488 -0.10982 0.12978 -0.11825 -0.1678 0.052805 -0.049223 -0.26764 0.043032 -0.054792 -0.22392 0.037267 -0.091299 -0.30648 -0.016485 -0.086512 0.12628 -0.42323 0.061641 0.11902 -0.43211 -0.08069 0.21882 -0.74424 0.038534 0.16008 -0.76262 -0.13347 0.18167 -0.81387 0.068651 0.10594 -0.83404 0.05459 -0.13937 0.58211
-0.14661 -0.041755 0.35093 0.15844 -0.026526 0.35643 0.0065366 -0.063561 0.40409 0.00045256 -0.015106 0.066911 -0.052246 0.010465 -0.052497 0.046461 0.010465 -0.057679 -0.19702 -0.061328 0.090692 0.096532 -0.1048 0.11007 -0.085893 -0.2337 -0.028084 -0.058782 -0.25849 0.018281 -0.029175 -0.28825 -0.053503 -0.097535 -0.30266 -0.039911 -0.077657 0.13886 -0.41966 0.064616 0.11318 -0.43326 -0.072837 0.24945 -0.73468 0.041354 0.14821 -0.76451 -0.1095 0.21741 -0.81462 0.078632 0.10092 -0.83616 0.050221 -0.14612 0.57784
