-0.12187 0.0093873 0.3467 0.17461 0.0047067 0.32867 0.03052 0.003506 0.40583 0.0053736 0.016683 0.06632 -0.054317 -0.00242 -0.051369 0.047762 -0.00242 -0.057515 -0.31083 -0.097563 0.19337 0.34962 -0.075227 0.14529 -0.31516 -0.33304 0.21989 0.39942 -0.30688 0.15055 -0.32501 -0.40139 0.26538 0.42452 -0.3763 0.18783 -0.070375 0.082267 -0.43152 0.059995 0.077288 -0.43888 -0.046112 0.17109 -0.75247 0.049124 0.124 -0.76932 -0.053391 0.092296 -0.80247 0.046274 0.044513 -0.81866 0.041638 -0.05079 0.59515
-0.12175 0.0098435 0.345 0.1735 0.0048201 0.32805 0.029861 0.0031204 0.40603 0.0051474 0.016098 0.066479 -0.054454 -0.0023558 -0.051226 0.048003 -0.0023558 -0.057316 -0.29613 -0.10368 0.17641 0.33822 -0.070765 0.13117 -0.28603 -0.34099 0.18559 0.37236 -0.30331 0.11024 -0.28739 -0.4136 0.2127 0.38696 -0.37629 0.15048 -0.070672 0.082395 -0.43136 0.060193 0.077299 -0.4387 -0.045121 0.17086 -0.7523 0.04929 0.12387 -0.76915 -0.051772 0.091961 -0.80223 0.046455 0.04438 -0.8185 0.040904 -0.050902 0.59544
-0.12161 0.010176 0.34337 0.17242 0.0049707 0.32744 0.029217 0.0027693 0.40621 0.0049386 0.01555 0.066625 -0.054549 -0.0023023 -0.051128 0.048222 -0.0023023 -0.057133 -0.28033 -0.10619 0.1607 0.32477 -0.066341 0.1186 -0.25543 -0.34299 0.15575 0.34334 -0.29915 0.080075 -0.24849 -0.41824 0.1687 0.34773 -0.37407 0.12098 -0.070974 0.082555 -0.43123 0.060405 0.077314 -0.43852 -0.044422 0.17065 -0.75219 0.04948 0.12374 -0.769 -0.050428 0.091674 -0.80208 0.046645 0.044253 -0.81835 0.04018 -0.05092 0.59572
-0.12147 0.010399 0.34179 0.17136 0.0051518 0.32685 0.028589 0.002449 0.40638 0.0047466 0.015038 0.066757 -0.054605 -0.0022585 -0.05107 0.048422 -0.0022585 -0.056966 -0.26378 -0.10569 0.14624 0.30973 -0.061992 0.10748 -0.22394 -0.33999 0.13002 0.31294 -0.29449 0.058831 -0.20904 -0.41649 0.13248 0.3075 -0.36994 0.098431 -0.071278 0.082744 -0.43112 0.060629 0.077331 -0.43836 -0.04398 0.17047 -0.75213 0.049691 0.12361 -0.76886 -0.04933 0.091432 -0.80199 0.046843 0.04413 -0.81821 0.03947 -0.050854 0.596
-0.12133 0.010528 0.34027 0.17033 0.005357 0.32627 0.027976 0.0021561 0.40654 0.0045706 0.014558 0.066876 -0.054627 -0.0022239 -0.051048 0.048603 -0.0022239 -0.056813 -0.24686 -0.10274 0.13305 0.29354 -0.057752 0.097744 -0.19216 -0.33294 0.10804 0.28174 -0.28943 0.045285 -0.16977 -0.40953 0.10314 0.26691 -0.36422 0.081934 -0.071581 0.082958 -0.43105 0.060862 0.077348 -0.43821 -0.043758 0.17032 -0.75211 0.049922 0.12349 -0.76872 -0.048451 0.091233 -0.80196 0.047047 0.044012 -0.81808 0.038777 -0.050715 0.59629
-0.12119 0.010579 0.33882 0.16932 0.0055794 0.32572 0.027381 0.001887 0.40669 0.0044098 0.014108 0.066985 -0.054619 -0.0021976 -0.051058 0.048766 -0.0021976 -0.056675 -0.22991 -0.097936 0.12116 0.27665 -0.053657 0.089301 -0.16069 -0.32278 0.089479 0.2503 -0.28405 0.038215 -0.13139 -0.39852 0.079778 0.22662 -0.35722 0.070598 -0.071882 0.083194 -0.431 0.061101 0.077365 -0.43807 -0.04372 0.1702 -0.75213 0.05017 0.12337 -0.7686 -0.047763 0.091076 -0.80198 0.047256 0.043897 -0.81797 0.038104 -0.050515 0.59656
-0.12106 0.010566 0.33745 0.16835 0.0058127 0.32518 0.026802 0.001638 0.40682 0.0042637 0.013685 0.067083 -0.054585 -0.002179 -0.051096 0.048913 -0.002179 -0.05655 -0.21331 -0.091842 0.11057 0.2595 -0.049742 0.082072 -0.13013 -0.31047 0.07398 0.21922 -0.27845 0.036396 -0.094631 -0.38464 0.061492 0.18729 -0.34924 0.063527 -0.07218 0.083448 -0.43097 0.061345 0.07738 -0.43794 -0.043831 0.1701 -0.75218 0.050431 0.12325 -0.7685 -0.047237 0.090957 -0.80204 0.047468 0.043786 -0.81786 0.037455 -0.050264 0.59684
-0.12094 0.010505 0.33616 0.1674 0.0060501 0.32467 0.02624 0.0014057 0.40694 0.0041313 0.013286 0.067172 -0.054527 -0.0021674 -0.051158 0.049043 -0.0021674 -0.056437 -0.1974 -0.085042 0.1013 0.24255 -0.046043 0.075976 -0.10106 -0.29697 0.061198 0.18906 -0.27273 0.038605 -0.060223 -0.36908 0.047382 0.14958 -0.34061 0.059827 -0.072471 0.083717 -0.43095 0.06159 0.077391 -0.43783 -0.044053 0.17003 -0.75225 0.050702 0.12314 -0.7684 -0.046844 0.090875 -0.80213 0.047682 0.043677 -0.81777 0.036831 -0.049973 0.59711
-0.12083 0.010411 0.33495 0.16649 0.0062851 0.32419 0.025696 0.0011864 0.40706 0.0040121 0.012908 0.067253 -0.054451 -0.002162 -0.051239 0.049159 -0.002162 -0.056336 -0.18257 -0.078113 0.093365 0.22623 -0.042595 0.070931 -0.074092 -0.28323 0.050785 0.16039 -0.26697 0.043618 -0.028888 -0.353 0.036548 0.11415 -0.33164 0.058604 -0.072754 0.083997 -0.43096 0.061835 0.077397 -0.43772 -0.044352 0.16998 -0.75234 0.050982 0.12303 -0.76831 -0.046557 0.090826 -0.80224 0.047896 0.04357 -0.81768 0.036237 -0.049655 0.59737
-0.12074 0.010299 0.33383 0.16562 0.0065111 0.32373 0.025171 0.00097669 0.40716 0.0039053 0.01255 0.067327 -0.05436 -0.0021621 -0.051336 0.049262 -0.0021621 -0.056246 -0.16916 -0.071633 0.086783 0.21099 -0.039433 0.066857 -0.049818 -0.2702 0.042396 0.13381 -0.26127 0.050213 -0.0013517 -0.33757 0.028088 0.08165 -0.32263 0.058963 -0.073026 0.084284 -0.43097 0.062076 0.077396 -0.43763 -0.04469 0.16997 -0.75244 0.051267 0.12292 -0.76823 -0.046348 0.09081 -0.80236 0.048109 0.043465 -0.81761 0.035676 -0.049318 0.59762
-0.12067 0.010184 0.33281 0.16478 0.0067215 0.32331 0.024665 0.00077289 0.40726 0.0038102 0.012208 0.067395 -0.054258 -0.0021669 -0.051443 0.049352 -0.0021669 -0.056167 -0.15754 -0.066183 0.081567 0.19727 -0.036594 0.06367 -0.028834 -0.25882 0.035683 0.10989 -0.25573 0.057166 0.021662 -0.32399 0.021101 0.05274 -0.31391 0.060009 -0.073286 0.084576 -0.43099 0.062313 0.077388 -0.43754 -0.045032 0.16998 -0.75255 0.051554 0.12281 -0.76816 -0.046188 0.090823 -0.80249 0.04832 0.043362 -0.81754 0.03515 -0.048975 0.59786
-0.12063 0.010081 0.33188 0.16399 0.0069096 0.32291 0.024178 0.00057148 0.40735 0.003726 0.011879 0.067458 -0.054149 -0.0021759 -0.051558 0.049431 -0.0021759 -0.056097 -0.14807 -0.062338 0.077735 0.18553 -0.034112 0.061291 -0.011737 -0.25006 0.030298 0.089194 -0.25044 0.063253 0.039426 -0.31341 0.014686 0.028077 -0.30577 0.060849 -0.073532 0.084868 -0.43102 0.062541 0.077371 -0.43747 -0.045342 0.17001 -0.75265 0.051841 0.12271 -0.7681 -0.046049 0.090863 -0.8026 0.048526 0.043259 -0.81748 0.034663 -0.048637 0.59809
-0.12061 0.010004 0.33106 0.16323 0.00707 0.32255 0.02371 0.00036893 0.40744 0.0036521 0.01156 0.067517 -0.054036 -0.0021882 -0.051676 0.049499 -0.0021882 -0.056037 -0.14107 -0.060575 0.075272 0.17615 -0.032012 0.059633 0.00092094 -0.24472 0.025872 0.072262 -0.24549 0.067351 0.051323 -0.30686 0.0080143 0.0082681 -0.29854 0.06065 -0.073762 0.085158 -0.43105 0.062759 0.077343 -0.43741 -0.045587 0.17008 -0.75274 0.052125 0.1226 -0.76805 -0.045905 0.09093 -0.8027 0.048728 0.043156 -0.81743 0.034217 -0.048313 0.59832
-0.12062 0.0099497 0.33034 0.16252 0.007205 0.32222 0.023261 0.00016202 0.40752 0.0035875 0.011251 0.067572 -0.053921 -0.0022032 -0.051795 0.049558 -0.0022032 -0.055984 -0.13642 -0.060524 0.073932 0.16914 -0.030228 0.058571 0.0089549 -0.24243 0.021847 0.059214 -0.241 0.069162 0.057596 -0.30395 0.00084635 -0.0064868 -0.29248 0.059099 -0.073975 0.085444 -0.43108 0.062968 0.077308 -0.43735 -0.045769 0.17018 -0.75282 0.052404 0.1225 -0.76801 -0.045752 0.091029 -0.80278 0.048925 0.043053 -0.81738 0.03381 -0.048009 0.59852
-0.12066 0.0099071 0.32969 0.16184 0.0073213 0.32193 0.022826 -5.2296e-05 0.4076 0.0035312 0.010949 0.067625 -0.053807 -0.0022202 -0.051912 0.049609 -0.0022202 -0.055938 -0.13383 -0.0614 0.073353 0.16428 -0.02865 0.057959 0.012358 -0.24222 0.017576 0.049977 -0.23713 0.068787 0.058909 -0.30365 -0.0067702 -0.016187 -0.28786 0.056133 -0.074172 0.085726 -0.43111 0.063169 0.077269 -0.43731 -0.045907 0.17033 -0.75288 0.052677 0.12239 -0.76798 -0.045593 0.091172 -0.80284 0.049118 0.042951 -0.81735 0.033439 -0.047723 0.59872
-0.12072 0.0098657 0.32912 0.16119 0.0074255 0.32167 0.022403 -0.00027709 0.40767 0.0034821 0.010654 0.067675 -0.053695 -0.0022386 -0.052027 0.049654 -0.0022386 -0.055897 -0.13298 -0.062419 0.073173 0.16137 -0.027167 0.057654 0.011125 -0.24314 0.012409 0.044477 -0.23401 0.066333 0.055931 -0.30493 -0.014785 -0.020832 -0.28494 0.051691 -0.074353 0.086005 -0.43114 0.063363 0.077231 -0.43726 -0.046018 0.17052 -0.75293 0.052944 0.12229 -0.76795 -0.045435 0.09137 -0.80288 0.04931 0.042848 -0.81731 0.033099 -0.047459 0.59891
-0.12079 0.0098148 0.32861 0.16057 0.007524 0.32145 0.021989 -0.00051541 0.40774 0.0034394 0.010363 0.067722 -0.053587 -0.0022578 -0.052138 0.049694 -0.0022578 -0.055861 -0.13357 -0.062795 0.073029 0.16021 -0.02567 0.05751 0.0052507 -0.24423 0.0056984 0.042639 -0.23177 0.061904 0.049328 -0.30672 -0.023149 -0.020423 -0.28397 0.045714 -0.074519 0.086281 -0.43117 0.063552 0.077198 -0.43723 -0.046122 0.17079 -0.75295 0.053202 0.12219 -0.76792 -0.045282 0.091633 -0.8029 0.0495 0.042746 -0.81728 0.032785 -0.047216 0.59909
-0.12088 0.0097436 0.32813 0.15998 0.0076234 0.32126 0.021581 -0.00077032 0.40781 0.003402 0.010075 0.067768 -0.053484 -0.002277 -0.052242 0.049731 -0.002277 -0.055828 -0.13529 -0.061742 0.072559 0.16058 -0.024048 0.057384 -0.0052696 -0.24452 -0.0032043 0.044388 -0.23056 0.055606 0.039768 -0.30799 -0.031812 -0.014961 -0.28523 0.038141 -0.07467 0.086552 -0.43119 0.063737 0.077174 -0.43719 -0.046235 0.17112 -0.75295 0.053452 0.12209 -0.76789 -0.045139 0.091973 -0.80291 0.049691 0.042644 -0.81725 0.032495 -0.046996 0.59927
-0.12099 0.0096453 0.32769 0.15942 0.0077252 0.3211 0.021177 -0.0010454 0.40787 0.003369 0.0097885 0.067812 -0.053388 -0.0022951 -0.05234 0.049765 -0.0022951 -0.055797 -0.13793 -0.058892 0.07158 0.16222 -0.022188 0.057176 -0.020001 -0.24351 -0.014306 0.049567 -0.23037 0.04774 0.027826 -0.30812 -0.040354 -0.0046443 -0.28867 0.029173 -0.074807 0.086822 -0.43121 0.06392 0.077161 -0.43715 -0.046368 0.17152 -0.75293 0.053693 0.12199 -0.76787 -0.045009 0.092391 -0.8029 0.049883 0.042542 -0.81721 0.032223 -0.046799 0.59944
-0.12111 0.0095233 0.32728 0.15887 0.0078184 0.32097 0.020775 -0.0013457 0.40793 0.0033403 0.0095002 0.067854 -0.053298 -0.0023098 -0.052431 0.049798 -0.0023098 -0.055766 -0.14152 -0.05493 0.070354 0.16473 -0.019971 0.056904 -0.037392 -0.24179 -0.025984 0.057805 -0.23081 0.039103 0.013838 -0.30754 -0.047427 0.0098261 -0.29348 0.019671 -0.074927 0.087091 -0.43122 0.0641 0.077157 -0.43711 -0.046505 0.17198 -0.7529 0.053925 0.12189 -0.76785 -0.044887 0.092863 -0.80288 0.050073 0.042441 -0.81718 0.031966 -0.046625 0.59961
-0.12125 0.0093822 0.3269 0.15834 0.0078897 0.32088 0.020373 -0.0016764 0.40799 0.0033158 0.0092065 0.067896 -0.053215 -0.0023186 -0.052515 0.049833 -0.0023186 -0.055734 -0.1461 -0.050707 0.069218 0.16767 -0.017274 0.056603 -0.055716 -0.24012 -0.036363 0.068699 -0.23141 0.03057 -0.0018947 -0.30686 -0.051533 0.02767 -0.29873 0.010602 -0.075029 0.087363 -0.43123 0.064277 0.077156 -0.43707 -0.046629 0.17246 -0.75285 0.054152 0.12179 -0.76782 -0.044768 0.093362 -0.80285 0.050258 0.042339 -0.81715 0.03172 -0.046477 0.59977
-0.12141 0.009227 0.32656 0.15783 0.0079261 0.32081 0.01997 -0.0020428 0.40805 0.0032952 0.0089039 0.067937 -0.053138 -0.002319 -0.052593 0.049872 -0.002319 -0.0557 -0.15176 -0.047074 0.068507 0.1706 -0.013977 0.056308 -0.073247 -0.2393 -0.043566 0.081845 -0.23172 0.023017 -0.019072 -0.30668 -0.051175 0.048109 -0.30351 0.0029306 -0.075113 0.087641 -0.43123 0.064452 0.077154 -0.43703 -0.04672 0.17295 -0.7528 0.054374 0.12168 -0.7678 -0.044647 0.093861 -0.80282 0.050436 0.042236 -0.81713 0.031479 -0.046354 0.59993
-0.12158 0.0090625 0.32625 0.15734 0.0079143 0.32077 0.019563 -0.00245 0.40811 0.0032785 0.0085891 0.067978 -0.053068 -0.0023084 -0.052664 0.049915 -0.0023084 -0.055661 -0.15853 -0.044882 0.068556 0.1731 -0.0099583 0.056055 -0.088257 -0.24008 -0.045717 0.09684 -0.23128 0.017317 -0.037395 -0.3076 -0.044858 0.070362 -0.30687 -0.0023773 -0.075176 0.087928 -0.43123 0.064623 0.077148 -0.43699 -0.046762 0.17341 -0.75275 0.054593 0.12158 -0.76777 -0.044518 0.094333 -0.80278 0.050604 0.042133 -0.8171 0.031241 -0.046257 0.60009
-0.12178 0.0088932 0.32598 0.15685 0.0078418 0.32076 0.019152 -0.0029029 0.40816 0.0032654 0.0082586 0.068019 -0.053004 -0.0022845 -0.05273 0.049966 -0.0022845 -0.055617 -0.16648 -0.044934 0.069678 0.17475 -0.0051073 0.055878 -0.099104 -0.2432 -0.041044 0.11327 -0.22967 0.014304 -0.056552 -0.3102 -0.03118 0.093649 -0.30793 -0.0044098 -0.075218 0.088227 -0.43122 0.064791 0.077133 -0.43695 -0.046736 0.17382 -0.75271 0.054811 0.12147 -0.76775 -0.044376 0.094751 -0.80275 0.05076 0.042028 -0.81707 0.031001 -0.046187 0.60026
-0.12199 0.0087208 0.32574 0.15638 0.0077099 0.32077 0.018736 -0.003399 0.40822 0.0032556 0.0079131 0.06806 -0.052946 -0.0022474 -0.052789 0.050023 -0.0022474 -0.055567 -0.17529 -0.047093 0.071792 0.17548 0.00049741 0.055798 -0.10572 -0.24851 -0.029786 0.13047 -0.22683 0.014005 -0.076034 -0.31423 -0.010611 0.11716 -0.3066 -0.0032914 -0.075239 0.088535 -0.43121 0.064955 0.077109 -0.43691 -0.046641 0.17418 -0.75268 0.055027 0.12136 -0.76772 -0.044221 0.095115 -0.80272 0.050902 0.041923 -0.81705 0.030758 -0.046143 0.60042
-0.12223 0.0085438 0.32553 0.15592 0.0075315 0.3208 0.018319 -0.0039293 0.40827 0.0032489 0.0075566 0.068101 -0.052895 -0.0021998 -0.052843 0.050086 -0.0021998 -0.055512 -0.18432 -0.050374 0.074454 0.17553 0.006605 0.055821 -0.10946 -0.25506 -0.014002 0.14758 -0.22303 0.015722 -0.09515 -0.31873 0.014693 0.14007 -0.3035 -8.3794e-05 -0.075243 0.088847 -0.4312 0.065115 0.07708 -0.43687 -0.046491 0.17451 -0.75264 0.055236 0.12125 -0.76769 -0.044054 0.095447 -0.80269 0.05103 0.04182 -0.81702 0.030516 -0.046121 0.60059
-0.12247 0.0083608 0.32535 0.15548 0.0073204 0.32085 0.017904 -0.0044846 0.40832 0.0032446 0.0071935 0.068141 -0.052849 -0.0021445 -0.052891 0.050152 -0.0021445 -0.055455 -0.19295 -0.053761 0.077208 0.17517 0.012958 0.055953 -0.11174 -0.26187 0.004184 0.16372 -0.2186 0.018726 -0.1132 -0.32271 0.04251 0.16155 -0.29927 0.0041172 -0.075233 0.089158 -0.43119 0.065271 0.077049 -0.43683 -0.046299 0.17483 -0.75261 0.055435 0.12114 -0.76766 -0.04388 0.095771 -0.80266 0.051147 0.041719 -0.817 0.030278 -0.046119 0.60075
-0.12273 0.0081704 0.3252 0.15505 0.0070902 0.32092 0.017492 -0.0050556 0.40837 0.0032425 0.0068278 0.068179 -0.052809 -0.002084 -0.052933 0.050219 -0.002084 -0.055396 -0.20053 -0.056237 0.079598 0.17465 0.019301 0.0562 -0.11398 -0.26796 0.022646 0.178 -0.21382 0.022291 -0.1295 -0.32519 0.070624 0.18077 -0.29455 0.0082161 -0.075213 0.089462 -0.43117 0.065422 0.077021 -0.43678 -0.046078 0.17516 -0.75256 0.05562 0.12103 -0.76762 -0.0437 0.096109 -0.80263 0.051253 0.041623 -0.81698 0.030046 -0.046133 0.6009
-0.123 0.0079711 0.32508 0.15463 0.0068546 0.32099 0.017088 -0.005633 0.40841 0.003242 0.0064637 0.068215 -0.052775 -0.0020211 -0.052969 0.050288 -0.0020211 -0.055336 -0.20642 -0.056787 0.081169 0.17422 0.025375 0.056569 -0.11757 -0.27237 0.039261 0.18954 -0.20899 0.02569 -0.14334 -0.32517 0.096814 0.1969 -0.28998 0.011117 -0.075186 0.089752 -0.43115 0.065568 0.076997 -0.43674 -0.045844 0.17553 -0.75251 0.055787 0.12093 -0.76759 -0.043518 0.096486 -0.80258 0.051348 0.041532 -0.81695 0.029824 -0.046161 0.60105
-0.12328 0.0077625 0.32498 0.15423 0.0066254 0.32108 0.016692 -0.006208 0.40846 0.0032428 0.0061046 0.068248 -0.052747 -0.0019583 -0.053 0.050354 -0.0019583 -0.055278 -0.21012 -0.054662 0.081568 0.17411 0.030916 0.057055 -0.12353 -0.27431 0.052222 0.19762 -0.20441 0.028245 -0.15402 -0.32194 0.11905 0.20916 -0.28611 0.011945 -0.075155 0.090023 -0.43113 0.065708 0.076983 -0.43669 -0.045608 0.17595 -0.75243 0.055934 0.12084 -0.76755 -0.043336 0.096917 -0.80252 0.051435 0.041449 -0.81693 0.029613 -0.0462 0.60119
-0.12356 0.0075491 0.3249 0.15384 0.0064067 0.32117 0.016307 -0.0067738 0.40849 0.0032443 0.0057488 0.068279 -0.052723 -0.001897 -0.053026 0.050418 -0.001897 -0.055222 -0.2118 -0.050475 0.080958 0.17433 0.035622 0.057609 -0.1308 -0.27398 0.061329 0.20224 -0.20029 0.029527 -0.16073 -0.31617 0.13627 0.21707 -0.28287 0.010934 -0.075121 0.090278 -0.43111 0.065843 0.076977 -0.43665 -0.045377 0.1764 -0.75234 0.056062 0.12076 -0.76752 -0.043161 0.097387 -0.80246 0.051515 0.041373 -0.8169 0.029414 -0.046245 0.60133
-0.12384 0.0073373 0.32484 0.15347 0.0061995 0.32126 0.01593 -0.0073243 0.40853 0.0032461 0.005393 0.068308 -0.052702 -0.001838 -0.053048 0.050479 -0.001838 -0.055169 -0.21184 -0.045263 0.079668 0.17484 0.039176 0.058167 -0.13769 -0.27192 0.066889 0.20366 -0.19681 0.029182 -0.16266 -0.30898 0.14771 0.22026 -0.28004 0.0086681 -0.075086 0.090519 -0.43109 0.065974 0.076979 -0.4366 -0.045156 0.17687 -0.75224 0.056177 0.12068 -0.76749 -0.042999 0.097871 -0.80239 0.051594 0.041304 -0.81688 0.029226 -0.046295 0.60145
-0.12413 0.0071332 0.3248 0.15311 0.0060051 0.32136 0.015563 -0.0078536 0.40856 0.0032475 0.0050342 0.068335 -0.052684 -0.0017823 -0.053068 0.050534 -0.0017823 -0.055119 -0.21064 -0.040064 0.078026 0.1756 0.041265 0.058664 -0.14248 -0.26863 0.069208 0.20214 -0.19418 0.026857 -0.15899 -0.30147 0.1526 0.21834 -0.2774 0.0057318 -0.075051 0.090749 -0.43107 0.066101 0.076989 -0.43656 -0.044951 0.17732 -0.75214 0.056283 0.12061 -0.76745 -0.042854 0.098343 -0.80233 0.051677 0.041241 -0.81686 0.029047 -0.046346 0.60157
-0.12442 0.006943 0.32478 0.15276 0.0058248 0.32145 0.015204 -0.0083554 0.4086 0.0032482 0.004669 0.068361 -0.052668 -0.001731 -0.053086 0.050585 -0.001731 -0.055075 -0.20858 -0.035915 0.076358 0.17656 0.041572 0.059035 -0.14349 -0.26463 0.068591 0.19791 -0.19256 0.022199 -0.1489 -0.29475 0.15018 0.21091 -0.27471 0.0027089 -0.075016 0.090971 -0.43104 0.066224 0.077006 -0.43652 -0.044766 0.17774 -0.75205 0.056385 0.12055 -0.76742 -0.042734 0.098778 -0.80226 0.051766 0.041185 -0.81683 0.028877 -0.046394 0.60168
-0.12471 0.006773 0.32476 0.15241 0.0056597 0.32154 0.014854 -0.0088238 0.40863 0.0032476 0.0042944 0.068385 -0.052652 -0.0016849 -0.053103 0.050629 -0.0016849 -0.055036 -0.20605 -0.033847 0.074991 0.17769 0.039788 0.059215 -0.13903 -0.26044 0.065348 0.19125 -0.19217 0.014865 -0.1316 -0.28992 0.13971 0.19762 -0.27175 0.00018091 -0.074983 0.091188 -0.43102 0.066345 0.077028 -0.43648 -0.044607 0.17811 -0.75197 0.056486 0.12049 -0.76739 -0.042645 0.099151 -0.8022 0.051866 0.041134 -0.81681 0.028713 -0.046436 0.60178
-0.125 0.0066276 0.32476 0.15208 0.0055091 0.32163 0.014512 -0.0092553 0.40866 0.0032452 0.0039098 0.068408 -0.052636 -0.0016446 -0.05312 0.050666 -0.0016446 -0.055003 -0.20335 -0.034261 0.074097 0.17893 0.035934 0.05919 -0.12873 -0.25643 0.060049 0.18253 -0.19303 0.005178 -0.10763 -0.2875 0.12188 0.17895 -0.26853 -0.001454 -0.074952 0.091402 -0.43099 0.066464 0.077056 -0.43645 -0.044474 0.1784 -0.75192 0.056592 0.12044 -0.76737 -0.042587 0.099451 -0.80215 0.051978 0.041088 -0.81679 0.028556 -0.04647 0.60188
-0.12528 0.0065084 0.32476 0.15175 0.0053693 0.32172 0.014179 -0.0096511 0.40869 0.0032404 0.0035184 0.068429 -0.05262 -0.0016095 -0.053138 0.050696 -0.0016095 -0.054976 -0.20063 -0.03652 0.073595 0.18022 0.030585 0.05902 -0.11445 -0.25272 0.053697 0.1724 -0.19493 -0.0054296 -0.079813 -0.2871 0.099782 0.15688 -0.26551 -0.002102 -0.074922 0.091616 -0.43097 0.066583 0.077086 -0.43642 -0.044358 0.17865 -0.75187 0.056701 0.1204 -0.76735 -0.042554 0.099692 -0.80211 0.0521 0.041046 -0.81678 0.028403 -0.046496 0.60197
-0.12556 0.0064167 0.32477 0.15143 0.0052362 0.3218 0.013854 -0.010013 0.40873 0.0032328 0.0031243 0.068449 -0.052604 -0.001579 -0.053155 0.05072 -0.001579 -0.054955 -0.19803 -0.039889 0.073379 0.18151 0.024367 0.058776 -0.098223 -0.2494 0.047336 0.16151 -0.19763 -0.015422 -0.05119 -0.2882 0.076737 0.13351 -0.26314 -0.0016978 -0.074891 0.091831 -0.43094 0.066706 0.077116 -0.43639 -0.044252 0.17885 -0.75184 0.056816 0.12036 -0.76733 -0.042539 0.099891 -0.80207 0.052227 0.041008 -0.81676 0.028251 -0.046512 0.60205
-0.12584 0.0063537 0.32478 0.15112 0.0051056 0.32187 0.013538 -0.010341 0.40875 0.0032217 0.0027311 0.068466 -0.052587 -0.0015526 -0.053172 0.050738 -0.0015526 -0.054939 -0.1957 -0.043633 0.073343 0.18272 0.017906 0.058527 -0.082097 -0.24656 0.042008 0.15051 -0.2009 -0.023262 -0.024787 -0.29029 0.056058 0.11095 -0.26191 -0.00017622 -0.074857 0.092049 -0.43091 0.066833 0.077145 -0.43637 -0.044147 0.17904 -0.75182 0.056935 0.12032 -0.76732 -0.042534 0.10006 -0.80203 0.052355 0.040974 -0.81676 0.0281 -0.04652 0.60213
-0.12611 0.0063209 0.3248 0.15082 0.0049735 0.32194 0.013231 -0.010638 0.40878 0.0032066 0.0023428 0.068482 -0.052571 -0.0015298 -0.053189 0.05075 -0.0015298 -0.054928 -0.19379 -0.047016 0.073383 0.18379 0.011829 0.058343 -0.06812 -0.24431 0.038757 0.14006 -0.2045 -0.027414 -0.0036354 -0.29287 0.041064 0.091304 -0.2623 0.0025279 -0.07482 0.092272 -0.43088 0.066968 0.077169 -0.43636 -0.044034 0.17921 -0.75179 0.057061 0.12029 -0.76731 -0.042532 0.10023 -0.802 0.052481 0.040943 -0.81675 0.027947 -0.046519 0.6022
-0.12637 0.006319 0.32482 0.15053 0.0048362 0.322 0.012933 -0.010906 0.40881 0.0031871 0.0019631 0.068495 -0.052554 -0.0015099 -0.053205 0.050757 -0.0015099 -0.054923 -0.19241 -0.049356 0.0734 0.18467 0.0067153 0.058288 -0.058173 -0.24272 0.038526 0.13078 -0.20821 -0.026515 0.0095117 -0.29547 0.034747 0.076508 -0.26471 0.0064448 -0.074777 0.092501 -0.43085 0.067112 0.077188 -0.43635 -0.043906 0.17939 -0.75176 0.057193 0.12026 -0.76731 -0.042525 0.1004 -0.80196 0.052601 0.040913 -0.81675 0.027791 -0.046508 0.60227
-0.12663 0.0063444 0.32485 0.15025 0.004695 0.32205 0.012645 -0.011145 0.40883 0.0031631 0.0015943 0.068506 -0.052539 -0.0014921 -0.053221 0.050759 -0.0014921 -0.054921 -0.19157 -0.050541 0.073367 0.18539 0.0026579 0.058369 -0.052409 -0.24172 0.041186 0.12296 -0.2119 -0.021043 0.014864 -0.29785 0.036673 0.066773 -0.26896 0.011236 -0.074729 0.092735 -0.43081 0.067263 0.077202 -0.43634 -0.043764 0.17958 -0.75173 0.057331 0.12022 -0.76731 -0.042514 0.10058 -0.80191 0.052714 0.040886 -0.81676 0.027632 -0.04649 0.60233
-0.12688 0.0063908 0.32488 0.14997 0.0045542 0.32209 0.012365 -0.011359 0.40885 0.0031351 0.001238 0.068514 -0.052524 -0.0014757 -0.053237 0.050758 -0.0014757 -0.054922 -0.1912 -0.050801 0.073302 0.18603 -0.00054533 0.058561 -0.049938 -0.24115 0.045963 0.11668 -0.21553 -0.012584 0.014413 -0.29994 0.044339 0.061268 -0.27446 0.016339 -0.074676 0.092971 -0.43077 0.067418 0.077212 -0.43633 -0.043611 0.17977 -0.75169 0.05747 0.12019 -0.76731 -0.0425 0.10076 -0.80187 0.052822 0.040863 -0.81676 0.027472 -0.04647 0.60238
-0.12713 0.0064516 0.32492 0.14971 0.0044181 0.32213 0.012095 -0.01155 0.40887 0.0031034 0.00089605 0.068521 -0.05251 -0.0014597 -0.053251 0.050754 -0.0014597 -0.054926 -0.19121 -0.050374 0.073222 0.18666 -0.0031002 0.058835 -0.049857 -0.24083 0.052074 0.11203 -0.21905 -0.0027417 0.010176 -0.30168 0.055218 0.059145 -0.28065 0.021191 -0.074619 0.093205 -0.43073 0.067571 0.077221 -0.43633 -0.043455 0.17996 -0.75166 0.057609 0.12017 -0.76731 -0.042486 0.10094 -0.80182 0.052927 0.040846 -0.81677 0.027315 -0.046452 0.60243
-0.12738 0.0065205 0.32497 0.14945 0.004291 0.32216 0.011834 -0.011721 0.40889 0.0030683 0.00056989 0.068526 -0.052498 -0.0014432 -0.053263 0.050748 -0.0014432 -0.054932 -0.19152 -0.049493 0.073146 0.18737 -0.0052127 0.059166 -0.051261 -0.2406 0.058739 0.10908 -0.2224 0.0068835 0.0041716 -0.30298 0.066779 0.059557 -0.28695 0.025226 -0.074557 0.093435 -0.4307 0.06772 0.077232 -0.43633 -0.0433 0.18014 -0.75162 0.057745 0.12015 -0.76731 -0.042476 0.10112 -0.80177 0.053029 0.040835 -0.81678 0.027163 -0.04644 0.60247
-0.12763 0.006591 0.32504 0.14921 0.0041773 0.3222 0.011583 -0.011874 0.4089 0.0030303 0.00026117 0.068529 -0.052488 -0.0014254 -0.053273 0.050741 -0.0014254 -0.054939 -0.19204 -0.048394 0.073091 0.18824 -0.0070886 0.059525 -0.053245 -0.24029 0.065173 0.10792 -0.22554 0.014689 -0.0015847 -0.30378 0.076495 0.061657 -0.29277 0.027881 -0.074493 0.093656 -0.43066 0.067861 0.077246 -0.43633 -0.043151 0.18032 -0.75159 0.057875 0.12014 -0.76732 -0.042472 0.10128 -0.80173 0.053131 0.040832 -0.81679 0.027018 -0.046437 0.6025
-0.12789 0.0066585 0.32511 0.14897 0.0040797 0.32223 0.01134 -0.012011 0.40891 0.0029897 -2.8907e-05 0.068532 -0.05248 -0.0014057 -0.053281 0.050734 -0.0014057 -0.054946 -0.19272 -0.047268 0.07307 0.1893 -0.0088886 0.059892 -0.055089 -0.23979 0.070759 0.10848 -0.22839 0.019486 -0.00558 -0.30405 0.08256 0.064659 -0.29765 0.028751 -0.074426 0.093866 -0.43062 0.067989 0.077264 -0.43634 -0.043013 0.18048 -0.75156 0.057997 0.12015 -0.76732 -0.042476 0.10143 -0.80169 0.053234 0.040837 -0.8168 0.026882 -0.046449 0.60253
-0.12814 0.0067241 0.3252 0.14875 0.0039967 0.32226 0.011108 -0.012133 0.40893 0.002947 -0.00030046 0.068533 -0.052475 -0.0013842 -0.053287 0.050727 -0.0013842 -0.054954 -0.19348 -0.046166 0.073079 0.19051 -0.01063 0.060256 -0.056651 -0.23911 0.075401 0.11023 -0.23083 0.021393 -0.0079049 -0.30388 0.085473 0.067973 -0.30143 0.027941 -0.074356 0.094069 -0.43059 0.068108 0.077287 -0.43634 -0.042882 0.18062 -0.75153 0.058111 0.12016 -0.76732 -0.042482 0.10157 -0.80165 0.053336 0.04085 -0.81681 0.026754 -0.046473 0.60255
-0.1284 0.0067899 0.3253 0.14854 0.003926 0.32229 0.010885 -0.01224 0.40893 0.0029025 -0.0005539 0.068533 -0.052472 -0.0013614 -0.053291 0.050719 -0.0013614 -0.054961 -0.19427 -0.045107 0.073112 0.19178 -0.012302 0.060613 -0.057903 -0.23832 0.079107 0.11254 -0.23272 0.02079 -0.0089681 -0.30338 0.08619 0.071045 -0.30404 0.025656 -0.074283 0.094266 -0.43055 0.068218 0.077313 -0.43634 -0.042755 0.18077 -0.75151 0.058219 0.12017 -0.76732 -0.042485 0.10171 -0.80161 0.053434 0.04087 -0.81681 0.026632 -0.04651 0.60256
-0.12865 0.0068581 0.32542 0.14833 0.003865 0.32232 0.010672 -0.012333 0.40894 0.0028568 -0.0007896 0.068533 -0.05247 -0.0013377 -0.053293 0.050711 -0.0013377 -0.054969 -0.19504 -0.044115 0.073161 0.19302 -0.013892 0.060958 -0.058819 -0.23746 0.081884 0.11479 -0.23392 0.018057 -0.0091784 -0.30268 0.085665 0.073325 -0.30539 0.022102 -0.074208 0.09446 -0.43051 0.068323 0.07734 -0.43634 -0.042627 0.18091 -0.75148 0.058321 0.1202 -0.76733 -0.04248 0.10184 -0.80157 0.053528 0.040896 -0.81682 0.026513 -0.046559 0.60257
-0.1289 0.0069309 0.32554 0.14814 0.0038112 0.32235 0.010469 -0.012412 0.40895 0.0028102 -0.001008 0.068532 -0.05247 -0.0013134 -0.053294 0.050703 -0.0013134 -0.054978 -0.19573 -0.043211 0.073219 0.19417 -0.015391 0.061286 -0.059372 -0.23661 0.083739 0.11636 -0.23428 0.013572 -0.0089444 -0.3019 0.084855 0.074258 -0.30539 0.017485 -0.07413 0.094655 -0.43047 0.068425 0.077369 -0.43634 -0.042496 0.18105 -0.75145 0.058419 0.12022 -0.76733 -0.04246 0.10198 -0.80153 0.053616 0.040925 -0.81683 0.026397 -0.046618 0.60258
-0.12915 0.0070104 0.32567 0.14796 0.0037624 0.32237 0.010277 -0.012479 0.40896 0.0027633 -0.0012094 0.068531 -0.05247 -0.0012889 -0.053294 0.050694 -0.0012889 -0.054986 -0.19628 -0.042416 0.07328 0.19513 -0.016786 0.06159 -0.059536 -0.2358 0.084678 0.11663 -0.23368 0.00772 -0.008665 -0.30113 0.084687 0.073307 -0.30396 0.012015 -0.07405 0.094852 -0.43043 0.068524 0.077397 -0.43634 -0.042357 0.18121 -0.75141 0.058512 0.12025 -0.76733 -0.04242 0.10213 -0.80149 0.053696 0.040958 -0.81684 0.026281 -0.046688 0.60258
-0.12939 0.0070973 0.32581 0.14779 0.0037174 0.3224 0.010095 -0.012533 0.40896 0.0027163 -0.0013945 0.068529 -0.052472 -0.0012644 -0.053293 0.050685 -0.0012644 -0.054995 -0.19668 -0.041735 0.073338 0.19588 -0.018086 0.061868 -0.059293 -0.23502 0.084622 0.11532 -0.23214 0.0010338 -0.0084614 -0.30038 0.085355 0.070288 -0.3012 0.006051 -0.073968 0.095051 -0.43039 0.068623 0.077426 -0.43635 -0.04221 0.18137 -0.75138 0.058601 0.12028 -0.76733 -0.042362 0.10229 -0.80145 0.053767 0.040993 -0.81685 0.026166 -0.046764 0.60257
-0.12962 0.0071906 0.32596 0.14763 0.0036769 0.32242 0.0099227 -0.012576 0.40897 0.0026697 -0.0015639 0.068527 -0.052474 -0.0012401 -0.053292 0.050676 -0.0012401 -0.055004 -0.19691 -0.041157 0.073387 0.19643 -0.019317 0.062121 -0.058632 -0.23411 0.0834 0.11253 -0.22988 -0.0057917 -0.0081484 -0.29948 0.086239 0.065413 -0.29739 0.00011325 -0.073883 0.095245 -0.43035 0.06872 0.077454 -0.43635 -0.042059 0.18154 -0.75134 0.058687 0.12031 -0.76734 -0.042292 0.10246 -0.80141 0.053833 0.041028 -0.81686 0.026053 -0.046841 0.60257
-0.12986 0.0072892 0.32611 0.14747 0.0036416 0.32244 0.0097601 -0.012607 0.40897 0.0026236 -0.0017183 0.068525 -0.052476 -0.0012159 -0.05329 0.050667 -0.0012159 -0.055013 -0.19699 -0.040669 0.073425 0.19678 -0.020505 0.062348 -0.057546 -0.23294 0.080838 0.10839 -0.22711 -0.012053 -0.007525 -0.29826 0.086675 0.058913 -0.29282 -0.0052693 -0.073796 0.095427 -0.43032 0.068813 0.077482 -0.43635 -0.041911 0.1817 -0.7513 0.058771 0.12033 -0.76734 -0.042217 0.10262 -0.80137 0.053895 0.041062 -0.81687 0.025943 -0.046915 0.60256
-0.13008 0.0073921 0.32626 0.14733 0.003612 0.32247 0.0096063 -0.012629 0.40898 0.0025784 -0.0018586 0.068523 -0.052479 -0.0011919 -0.053288 0.050657 -0.0011919 -0.055023 -0.19693 -0.04026 0.073446 0.19695 -0.021678 0.06255 -0.056025 -0.23136 0.076761 0.10299 -0.22404 -0.017046 -0.0063902 -0.29657 0.086001 0.05102 -0.28778 -0.0095675 -0.073707 0.09559 -0.43028 0.0689 0.077512 -0.43636 -0.041768 0.18186 -0.75126 0.058852 0.12036 -0.76735 -0.042146 0.10278 -0.80133 0.053956 0.041094 -0.81688 0.025839 -0.046978 0.60255
-0.13029 0.0074982 0.32641 0.1472 0.0035889 0.32249 0.0094608 -0.012641 0.40898 0.0025344 -0.0019853 0.068521 -0.052481 -0.0011682 -0.053286 0.050646 -0.0011682 -0.055033 -0.19671 -0.039916 0.073445 0.19695 -0.022864 0.062726 -0.05406 -0.22925 0.070993 0.096471 -0.2209 -0.020067 -0.0045427 -0.29423 0.083554 0.041966 -0.28258 -0.012253 -0.073615 0.095728 -0.43026 0.068981 0.077543 -0.43636 -0.041636 0.18201 -0.75123 0.05893 0.12038 -0.76735 -0.042087 0.10293 -0.8013 0.054018 0.041123 -0.8169 0.025742 -0.047025 0.60254
-0.1305 0.0076064 0.32656 0.14707 0.0035727 0.32251 0.0093231 -0.012644 0.40898 0.0024918 -0.0020993 0.068519 -0.052484 -0.0011448 -0.053284 0.050635 -0.0011448 -0.055044 -0.19637 -0.039626 0.073421 0.1968 -0.024084 0.062877 -0.051666 -0.2265 0.063466 0.08898 -0.21789 -0.020538 -0.0018324 -0.29112 0.078803 0.032033 -0.2775 -0.012891 -0.07352 0.095835 -0.43024 0.069055 0.077576 -0.43637 -0.041519 0.18215 -0.7512 0.059007 0.1204 -0.76736 -0.042046 0.10307 -0.80127 0.054084 0.041146 -0.81691 0.025654 -0.047052 0.60254
-0.1307 0.0077165 0.32671 0.14696 0.0035629 0.32253 0.0091928 -0.012639 0.40899 0.0024507 -0.0022014 0.068518 -0.052486 -0.0011217 -0.053282 0.050624 -0.0011217 -0.055054 -0.19592 -0.039375 0.073378 0.19652 -0.025325 0.063005 -0.048994 -0.22331 0.054789 0.080944 -0.21519 -0.018671 0.0015659 -0.28741 0.072056 0.02182 -0.27288 -0.011655 -0.073424 0.095917 -0.43023 0.069121 0.07761 -0.43637 -0.041426 0.18227 -0.75118 0.059082 0.12041 -0.76737 -0.042031 0.1032 -0.80125 0.054154 0.041164 -0.81693 0.025573 -0.047061 0.60254
-0.13089 0.0078281 0.32685 0.14685 0.0035587 0.32255 0.0090694 -0.012628 0.40899 0.0024111 -0.0022923 0.068516 -0.052488 -0.0010992 -0.053281 0.050612 -0.0010992 -0.055066 -0.19543 -0.039148 0.073326 0.19613 -0.026557 0.063113 -0.046253 -0.21997 0.045839 0.072892 -0.21294 -0.014994 0.0053498 -0.28335 0.063953 0.012053 -0.26905 -0.0089569 -0.073327 0.095984 -0.43022 0.069183 0.077646 -0.43638 -0.041366 0.1824 -0.75116 0.059157 0.12042 -0.76737 -0.042051 0.10332 -0.80123 0.054225 0.041179 -0.81695 0.025499 -0.047056 0.60253
-0.13108 0.0079411 0.32699 0.14674 0.0035591 0.32257 0.0089523 -0.012611 0.40899 0.0023729 -0.0023729 0.068515 -0.05249 -0.0010772 -0.053279 0.050601 -0.0010772 -0.055077 -0.19493 -0.038932 0.073273 0.19568 -0.027754 0.063204 -0.043651 -0.21679 0.037493 0.065354 -0.2113 -0.010034 0.0092164 -0.27922 0.055133 0.0034581 -0.26638 -0.0052099 -0.07323 0.096044 -0.43022 0.06924 0.077683 -0.43638 -0.041348 0.18253 -0.75114 0.05923 0.12043 -0.76738 -0.042113 0.10346 -0.80121 0.054299 0.041191 -0.81696 0.025431 -0.047044 0.60253
-0.13125 0.0080551 0.32713 0.14664 0.0035632 0.32259 0.0088412 -0.012589 0.409 0.0023363 -0.002444 0.068514 -0.052492 -0.0010559 -0.053278 0.050589 -0.0010559 -0.055088 -0.19447 -0.03871 0.07323 0.19518 -0.028887 0.063282 -0.041396 -0.21407 0.030627 0.058859 -0.21041 -0.0043169 0.012863 -0.27529 0.046235 -0.0032399 -0.26519 -0.00082638 -0.073134 0.096107 -0.43021 0.069297 0.077721 -0.43639 -0.041382 0.18269 -0.75112 0.059303 0.12044 -0.76739 -0.042224 0.10362 -0.80119 0.054374 0.041201 -0.81698 0.025367 -0.047029 0.60253
-0.13142 0.00817 0.32726 0.14655 0.0035702 0.3226 0.0087356 -0.012564 0.409 0.0023011 -0.0025064 0.068512 -0.052495 -0.0010354 -0.053276 0.050577 -0.0010354 -0.0551 -0.19411 -0.038468 0.073206 0.19465 -0.029928 0.063348 -0.039695 -0.21212 0.026115 0.053937 -0.21042 0.0016302 0.015987 -0.27182 0.037899 -0.0073176 -0.26584 0.0037816 -0.073039 0.096183 -0.4302 0.069353 0.077759 -0.43639 -0.041475 0.18288 -0.7511 0.059376 0.12044 -0.7674 -0.042393 0.1038 -0.80117 0.054449 0.041209 -0.81699 0.025307 -0.047017 0.60253
-0.13159 0.0082856 0.32739 0.14646 0.0035794 0.32262 0.0086351 -0.012537 0.409 0.0022675 -0.0025608 0.068512 -0.052497 -0.0010156 -0.053273 0.050565 -0.0010156 -0.055111 -0.19386 -0.038199 0.073205 0.19414 -0.030859 0.063406 -0.038684 -0.21111 0.024417 0.050876 -0.21138 0.0074073 0.01836 -0.26903 0.030611 -0.0084387 -0.26842 0.0082851 -0.072947 0.096277 -0.43018 0.06941 0.077797 -0.43639 -0.041614 0.18308 -0.75108 0.059449 0.12045 -0.76741 -0.042604 0.10401 -0.80115 0.054524 0.041217 -0.817 0.025249 -0.047009 0.60252
-0.13174 0.0084016 0.32752 0.14637 0.0035908 0.32264 0.0085396 -0.012506 0.409 0.0022353 -0.0026078 0.068511 -0.0525 -0.0009966 -0.053271 0.050553 -0.0009966 -0.055122 -0.19372 -0.037905 0.073226 0.19363 -0.031683 0.063457 -0.038349 -0.21096 0.025145 0.049475 -0.21314 0.012872 0.019903 -0.26701 0.024549 -0.0070583 -0.27254 0.012525 -0.072857 0.096386 -0.43016 0.069467 0.077835 -0.4364 -0.041732 0.18327 -0.75106 0.059521 0.12045 -0.76742 -0.042797 0.1042 -0.80114 0.054599 0.041225 -0.81701 0.025194 -0.047006 0.60252
-0.13189 0.008518 0.32765 0.14629 0.0036046 0.32266 0.0084492 -0.012473 0.40901 0.0022047 -0.0026477 0.06851 -0.052504 -0.00097819 -0.053267 0.050541 -0.00097819 -0.055133 -0.19366 -0.037593 0.073264 0.19316 -0.032404 0.063504 -0.038658 -0.21157 0.027806 0.049472 -0.21551 0.017914 0.020556 -0.26585 0.019852 -0.0037285 -0.27776 0.016362 -0.072769 0.096505 -0.43014 0.069525 0.077873 -0.4364 -0.04176 0.18339 -0.75105 0.059594 0.12046 -0.76743 -0.042905 0.10432 -0.80113 0.054674 0.041232 -0.81702 0.025143 -0.047006 0.60251
-0.13203 0.0086346 0.32777 0.14622 0.0036209 0.32267 0.0083636 -0.012438 0.40901 0.0021758 -0.002681 0.06851 -0.052508 -0.00096034 -0.053264 0.05053 -0.00096034 -0.055144 -0.19366 -0.037268 0.073318 0.19273 -0.033028 0.063549 -0.03958 -0.21283 0.031908 0.050608 -0.2183 0.022421 0.020258 -0.26563 0.016661 0.00099854 -0.28361 0.01966 -0.072681 0.096632 -0.43011 0.069582 0.077911 -0.43641 -0.041624 0.1834 -0.75105 0.059666 0.12047 -0.76743 -0.042862 0.10433 -0.80113 0.054749 0.04124 -0.81703 0.025095 -0.047008 0.6025
-0.13217 0.0087512 0.32789 0.14615 0.0036397 0.32269 0.008283 -0.0124 0.40901 0.0021484 -0.0027082 0.06851 -0.052512 -0.00094295 -0.05326 0.050518 -0.00094295 -0.055155 -0.19371 -0.036936 0.073383 0.19236 -0.03356 0.063592 -0.041082 -0.21462 0.036958 0.05262 -0.22134 0.026284 0.01895 -0.26644 0.015113 0.0065707 -0.28966 0.022278 -0.072595 0.096762 -0.43008 0.069637 0.077949 -0.43641 -0.041256 0.18324 -0.75107 0.059736 0.12047 -0.76744 -0.0426 0.10418 -0.80114 0.054824 0.041248 -0.81704 0.025052 -0.04701 0.60249
-0.13231 0.0088677 0.32802 0.14609 0.0036611 0.32271 0.0082072 -0.012361 0.40901 0.0021227 -0.0027297 0.06851 -0.052517 -0.00092593 -0.053255 0.050506 -0.00092593 -0.055166 -0.19378 -0.036601 0.073455 0.19205 -0.034004 0.063637 -0.043134 -0.21685 0.042464 0.055249 -0.22444 0.029391 0.016572 -0.26836 0.015348 0.012436 -0.29544 0.02408 -0.072509 0.096891 -0.43005 0.06969 0.077987 -0.43641 -0.040583 0.18289 -0.7511 0.059806 0.12048 -0.76745 -0.042054 0.10382 -0.80117 0.0549 0.041257 -0.81706 0.025013 -0.047012 0.60249
-0.13244 0.0089839 0.32815 0.14603 0.0036852 0.32272 0.0081361 -0.012319 0.40902 0.0020987 -0.0027459 0.06851 -0.052523 -0.00090919 -0.05325 0.050495 -0.00090919 -0.055177 -0.19385 -0.03627 0.073533 0.19183 -0.034365 0.063684 -0.045703 -0.21939 0.047932 0.058232 -0.22742 0.031633 0.013062 -0.27148 0.017507 0.018042 -0.3005 0.024926 -0.072422 0.097016 -0.43002 0.069741 0.078024 -0.43642 -0.039534 0.18228 -0.75115 0.059875 0.12049 -0.76746 -0.041157 0.10321 -0.80122 0.054977 0.041268 -0.81707 0.024979 -0.047011 0.60248
-0.13257 0.0090996 0.32828 0.14597 0.0037121 0.32274 0.0080698 -0.012275 0.40902 0.0020765 -0.0027574 0.06851 -0.05253 -0.00089266 -0.053244 0.050484 -0.00089266 -0.055187 -0.19391 -0.035948 0.073612 0.19169 -0.03465 0.063736 -0.048758 -0.22214 0.052872 0.06131 -0.2301 0.032897 0.008361 -0.27588 0.021727 0.022837 -0.3044 0.024678 -0.072336 0.097131 -0.43 0.069788 0.078062 -0.43642 -0.038039 0.18137 -0.75122 0.059942 0.1205 -0.76746 -0.039843 0.1023 -0.80129 0.055054 0.04128 -0.81708 0.02495 -0.047006 0.60247
-0.1327 0.0092148 0.32841 0.14592 0.003742 0.32276 0.0080082 -0.012229 0.40902 0.002056 -0.0027646 0.06851 -0.052537 -0.00087625 -0.053237 0.050473 -0.00087625 -0.055198 -0.19393 -0.035641 0.073688 0.19166 -0.034861 0.063796 -0.052267 -0.22499 0.05679 0.06422 -0.23228 0.033073 0.0024088 -0.28164 0.028149 0.026268 -0.30668 0.023198 -0.072248 0.097234 -0.42997 0.069831 0.0781 -0.43642 -0.036026 0.18012 -0.75133 0.060007 0.12051 -0.76747 -0.038044 0.10105 -0.80138 0.055133 0.041293 -0.81709 0.024928 -0.046997 0.60246
-0.13282 0.0093292 0.32855 0.14588 0.0037748 0.32278 0.0079512 -0.012181 0.40902 0.0020374 -0.0027678 0.068511 -0.052545 -0.00085986 -0.053229 0.050462 -0.00085986 -0.055208 -0.1939 -0.035354 0.073759 0.19175 -0.035006 0.063863 -0.056199 -0.22783 0.059194 0.066702 -0.2338 0.03205 -0.0048549 -0.28886 0.036912 0.027784 -0.30689 0.020348 -0.07216 0.097321 -0.42995 0.06987 0.078137 -0.43643 -0.033424 0.17847 -0.75146 0.06007 0.12052 -0.76748 -0.035694 0.09941 -0.80151 0.055212 0.041309 -0.8171 0.024912 -0.046981 0.60246
-0.13295 0.0094427 0.3287 0.14584 0.0038107 0.3228 0.0078988 -0.012131 0.40903 0.0020206 -0.0027677 0.068511 -0.052554 -0.00084341 -0.053221 0.050451 -0.00084341 -0.055218 -0.1938 -0.035093 0.073822 0.19196 -0.035087 0.063941 -0.060521 -0.23055 0.059592 0.068495 -0.23447 0.029719 -0.01349 -0.29761 0.048155 0.026832 -0.30458 0.015989 -0.072069 0.097386 -0.42994 0.069904 0.078174 -0.43643 -0.030162 0.17639 -0.75164 0.06013 0.12054 -0.76749 -0.032728 0.09733 -0.80167 0.055292 0.041327 -0.81712 0.024902 -0.046957 0.60245
