-0.20036 -0.068109 0.2816 0.064673 -0.020413 0.34165 -0.082818 -0.066033 0.39534 -0.013835 -0.012287 0.066054 -0.045132 0.0050805 -0.059434 0.057122 0.0050805 -0.048024 -0.29998 -0.13341 0.043989 0.29613 0.019943 0.46595 -0.11905 -0.24475 -0.061075 0.22683 -0.09534 0.66108 -0.044072 -0.27638 -0.075781 0.20988 -0.11326 0.74002 -0.06423 0.091279 -0.4391 0.071038 -0.086535 -0.42665 0.019092 0.17428 -0.75161 0.068682 -0.087203 -0.76054 -0.0015689 0.146 -0.83841 0.08387 -0.15888 -0.81879 -0.073334 -0.14689 0.57502
-0.20029 -0.074371 0.27954 0.061533 -0.02087 0.33768 -0.08396 -0.06995 0.39443 -0.013589 -0.01277 0.066042 -0.045887 0.0045614 -0.05897 0.058105 0.0045614 -0.046865 -0.30109 -0.13739 0.041911 0.29613 0.019049 0.45529 -0.12123 -0.24882 -0.065235 0.22765 -0.08212 0.66151 -0.046515 -0.28178 -0.079296 0.2062 -0.094953 0.73889 -0.069338 0.087143 -0.43922 0.070154 -0.092396 -0.42398 0.013132 0.17196 -0.7514 0.065948 -0.095997 -0.75781 -0.0098178 0.14947 -0.83905 0.082746 -0.16701 -0.81638 -0.074213 -0.1514 0.57387
-0.20041 -0.078368 0.27765 0.059132 -0.02122 0.33564 -0.08532 -0.072399 0.39372 -0.01362 -0.013086 0.065987 -0.046197 0.0043052 -0.058787 0.058962 0.0043052 -0.045806 -0.30228 -0.13887 0.039861 0.29505 0.018438 0.45059 -0.12388 -0.25032 -0.069787 0.22278 -0.070193 0.66276 -0.04974 -0.2848 -0.083524 0.19769 -0.079488 0.73915 -0.072177 0.08473 -0.43938 0.069081 -0.096847 -0.4218 0.0098629 0.17092 -0.75128 0.063064 -0.10298 -0.75556 -0.015066 0.15372 -0.83952 0.080914 -0.17359 -0.8143 -0.075341 -0.15387 0.57315
-0.20069 -0.080396 0.27593 0.057396 -0.021491 0.33524 -0.086842 -0.073562 0.39319 -0.013882 -0.013255 0.065898 -0.04613 0.0042751 -0.058842 0.059702 0.0042751 -0.044848 -0.30355 -0.13814 0.03787 0.29309 0.017834 0.45091 -0.12692 -0.24953 -0.07461 0.21325 -0.059573 0.66464 -0.053594 -0.28569 -0.088302 0.18525 -0.066601 0.74049 -0.073083 0.083841 -0.43958 0.067886 -0.099951 -0.42008 0.0088462 0.17104 -0.75124 0.060109 -0.10824 -0.75377 -0.017786 0.15864 -0.83983 0.078544 -0.17869 -0.81254 -0.076655 -0.15456 0.57282
-0.20108 -0.080751 0.27438 0.056249 -0.021711 0.33625 -0.088467 -0.073619 0.39281 -0.014331 -0.013297 0.065781 -0.045752 0.0044341 -0.059093 0.060332 0.0044341 -0.043988 -0.30486 -0.13548 0.035968 0.29046 0.01696 0.4553 -0.13024 -0.24675 -0.079581 0.2001 -0.050277 0.66695 -0.057927 -0.28468 -0.093467 0.16978 -0.056026 0.74258 -0.07239 0.084276 -0.43978 0.066634 -0.10177 -0.4188 0.0096441 0.17221 -0.75123 0.057162 -0.11189 -0.7524 -0.018452 0.16415 -0.83997 0.07581 -0.18235 -0.81111 -0.078092 -0.1537 0.57282
-0.20154 -0.079729 0.27299 0.055618 -0.021908 0.33838 -0.09014 -0.07275 0.39257 -0.014921 -0.013232 0.065645 -0.045127 0.0047456 -0.059497 0.060859 0.0047456 -0.043227 -0.30621 -0.13118 0.034186 0.28735 0.015542 0.46283 -0.13376 -0.24228 -0.08458 0.18438 -0.042319 0.66951 -0.062588 -0.282 -0.098856 0.15219 -0.047498 0.74509 -0.070437 0.085837 -0.43997 0.065391 -0.10237 -0.41792 0.011819 0.17431 -0.75123 0.054301 -0.11402 -0.75143 -0.017537 0.17016 -0.83995 0.072883 -0.18463 -0.80999 -0.079588 -0.15155 0.57312
-0.20203 -0.077627 0.27177 0.055427 -0.02211 0.34139 -0.091803 -0.071137 0.39244 -0.015607 -0.013083 0.065498 -0.044324 0.0051726 -0.060012 0.061292 0.0051726 -0.042563 -0.30759 -0.12551 0.032556 0.28398 0.013304 0.47255 -0.1374 -0.23641 -0.089484 0.16712 -0.035716 0.67212 -0.067425 -0.27788 -0.10431 0.13336 -0.040752 0.7477 -0.067557 0.088325 -0.44011 0.064223 -0.10181 -0.41742 0.014932 0.17724 -0.75121 0.051604 -0.11475 -0.75083 -0.015515 0.17657 -0.83975 0.069937 -0.18559 -0.80919 -0.081082 -0.14835 0.57365
-0.20251 -0.07474 0.27071 0.055602 -0.022346 0.34501 -0.093398 -0.06896 0.39243 -0.016345 -0.012868 0.065348 -0.043407 0.0056784 -0.060595 0.061637 0.0056784 -0.041995 -0.30897 -0.11877 0.031106 0.28055 0.0099698 0.48352 -0.14105 -0.22944 -0.094172 0.14936 -0.030483 0.67459 -0.072287 -0.27255 -0.10966 0.11421 -0.035522 0.75008 -0.064088 0.091539 -0.44018 0.063195 -0.10016 -0.41727 0.018546 0.18089 -0.75115 0.049149 -0.11416 -0.75059 -0.012857 0.18329 -0.83939 0.067142 -0.18529 -0.80871 -0.082509 -0.14434 0.57437
-0.20293 -0.071365 0.26982 0.056069 -0.022642 0.34897 -0.09487 -0.066399 0.39249 -0.017088 -0.01261 0.065203 -0.042444 0.006226 -0.061204 0.061902 0.006226 -0.041523 -0.31034 -0.11124 0.029869 0.27727 0.0052644 0.49479 -0.14464 -0.22165 -0.098521 0.13214 -0.026637 0.67674 -0.077023 -0.26625 -0.11474 0.095639 -0.031543 0.75192 -0.060364 0.095282 -0.44017 0.062373 -0.097482 -0.41744 0.022223 0.18514 -0.75102 0.047016 -0.11236 -0.75066 -0.010038 0.19023 -0.83885 0.064672 -0.18378 -0.80854 -0.083807 -0.13976 0.57524
-0.20326 -0.067797 0.26907 0.056754 -0.023027 0.35302 -0.096162 -0.063636 0.39262 -0.017792 -0.012327 0.065071 -0.041501 0.0067788 -0.061797 0.062095 0.0067788 -0.041146 -0.31168 -0.1032 0.028875 0.27434 -0.001088 0.50544 -0.14808 -0.21335 -0.10241 0.1165 -0.024191 0.67836 -0.081482 -0.25921 -0.1194 0.078539 -0.028551 0.75287 -0.056723 0.099354 -0.44005 0.061823 -0.093834 -0.4179 0.025525 0.18988 -0.75079 0.045282 -0.10945 -0.75102 -0.0075315 0.19729 -0.83814 0.062699 -0.18112 -0.80867 -0.084914 -0.13487 0.5762
-0.20346 -0.064333 0.26848 0.05758 -0.023529 0.35689 -0.097215 -0.060851 0.39279 -0.018413 -0.012041 0.064961 -0.040643 0.0072998 -0.06233 0.062224 0.0072998 -0.040863 -0.31298 -0.094943 0.028155 0.27196 -0.0093631 0.51451 -0.15127 -0.20483 -0.10572 0.10348 -0.023162 0.67927 -0.085513 -0.25166 -0.12347 0.063815 -0.026279 0.75263 -0.053499 0.10356 -0.43978 0.061611 -0.089281 -0.41862 0.028013 0.19501 -0.75044 0.044027 -0.10553 -0.75166 -0.0058099 0.2044 -0.83726 0.061395 -0.17737 -0.80912 -0.085765 -0.1299 0.57721
-0.20348 -0.061269 0.26804 0.058475 -0.024176 0.36032 -0.097973 -0.058224 0.393 -0.018904 -0.011773 0.064879 -0.039937 0.0077523 -0.062762 0.062294 0.0077523 -0.040673 -0.31422 -0.086744 0.027738 0.27034 -0.019836 0.52106 -0.15412 -0.19638 -0.10832 0.094117 -0.023567 0.67929 -0.088964 -0.24384 -0.12678 0.052369 -0.024462 0.75086 -0.05103 0.10769 -0.43936 0.061801 -0.083888 -0.41957 0.02925 0.2004 -0.74993 0.043327 -0.10071 -0.75253 -0.0053467 0.21145 -0.83621 0.060932 -0.17257 -0.80987 -0.086299 -0.1251 0.57821
-0.20328 -0.058876 0.26775 0.059368 -0.025 0.36307 -0.098389 -0.055926 0.39322 -0.019227 -0.011543 0.064833 -0.039441 0.0081022 -0.063056 0.062316 0.0081022 -0.040574 -0.31539 -0.078886 0.027648 0.26965 -0.03268 0.52431 -0.15655 -0.18828 -0.11012 0.089267 -0.025362 0.67824 -0.091696 -0.23596 -0.1292 0.044943 -0.02283 0.74731 -0.04961 0.11156 -0.43876 0.062444 -0.077733 -0.42073 0.028855 0.20595 -0.74925 0.043247 -0.095086 -0.75362 -0.0065532 0.21836 -0.83498 0.061451 -0.16682 -0.81091 -0.086463 -0.1207 0.57917
-0.20291 -0.057221 0.26758 0.060231 -0.026066 0.36513 -0.098495 -0.054043 0.39343 -0.01939 -0.011366 0.064819 -0.039144 0.0083389 -0.063222 0.062304 0.0083389 -0.040546 -0.31646 -0.071615 0.027835 0.26969 -0.047224 0.52476 -0.15849 -0.18075 -0.11117 0.088253 -0.028045 0.67628 -0.093653 -0.22827 -0.13076 0.040994 -0.021082 0.74227 -0.049208 0.11509 -0.43802 0.063452 -0.071012 -0.42202 0.026923 0.21151 -0.74843 0.043721 -0.088891 -0.75486 -0.0093342 0.22499 -0.83364 0.062822 -0.16033 -0.81219 -0.086296 -0.11678 0.58007
-0.20243 -0.056271 0.26752 0.061057 -0.027457 0.36657 -0.09836 -0.052617 0.39364 -0.019425 -0.011256 0.064826 -0.039003 0.0084631 -0.063292 0.062274 0.0084631 -0.040566 -0.31739 -0.065159 0.028215 0.27012 -0.062385 0.52357 -0.1599 -0.17393 -0.11161 0.089654 -0.030885 0.6737 -0.094825 -0.22096 -0.13158 0.039352 -0.018898 0.7363 -0.049634 0.11823 -0.4372 0.064668 -0.063982 -0.42337 0.023775 0.21692 -0.74753 0.044621 -0.08239 -0.75616 -0.013347 0.23123 -0.83223 0.064787 -0.15343 -0.81361 -0.085881 -0.11334 0.58091
-0.20191 -0.055993 0.26755 0.061837 -0.029255 0.36748 -0.098054 -0.051692 0.39382 -0.019364 -0.011229 0.064846 -0.038974 0.0084756 -0.0633 0.062245 0.0084756 -0.040607 -0.31816 -0.059746 0.028704 0.27058 -0.077077 0.52185 -0.16073 -0.16799 -0.11156 0.092042 -0.03315 0.67078 -0.095201 -0.21426 -0.1318 0.038841 -0.015959 0.72995 -0.050697 0.12094 -0.43636 0.065937 -0.056898 -0.4247 0.019738 0.22201 -0.74663 0.045819 -0.075855 -0.75746 -0.018248 0.23694 -0.83084 0.067086 -0.14642 -0.8151 -0.085302 -0.11041 0.58171
-0.2014 -0.056353 0.26763 0.062565 -0.031542 0.36794 -0.097648 -0.051312 0.39397 -0.019238 -0.011298 0.064868 -0.039012 0.0083771 -0.063277 0.062233 0.0083771 -0.040644 -0.31874 -0.055604 0.029218 0.27071 -0.090215 0.52077 -0.16093 -0.16309 -0.11118 0.093994 -0.034108 0.66782 -0.09477 -0.20838 -0.13152 0.038285 -0.011946 0.72381 -0.052203 0.12317 -0.43556 0.067105 -0.050016 -0.42593 0.015137 0.22661 -0.74577 0.047187 -0.069555 -0.75866 -0.023692 0.242 -0.82953 0.069459 -0.13962 -0.81656 -0.084642 -0.10799 0.58247
-0.20097 -0.057318 0.26776 0.063232 -0.0344 0.36804 -0.097212 -0.05152 0.39408 -0.019081 -0.011477 0.064883 -0.039074 0.0081685 -0.063257 0.062256 0.0081685 -0.040651 -0.31909 -0.052961 0.029673 0.27016 -0.10072 0.52146 -0.16044 -0.15939 -0.11059 0.094083 -0.03303 0.66511 -0.09352 -0.20353 -0.13088 0.036511 -0.0065412 0.71842 -0.053963 0.12488 -0.43488 0.068015 -0.043593 -0.42697 0.010297 0.23057 -0.74503 0.048598 -0.06376 -0.7597 -0.029336 0.24626 -0.82836 0.071647 -0.13334 -0.81791 -0.083984 -0.10609 0.58319
-0.20064 -0.058843 0.26793 0.063883 -0.037889 0.36783 -0.096743 -0.052349 0.39414 -0.018908 -0.01177 0.064885 -0.039134 0.0078593 -0.063257 0.062318 0.0078593 -0.04062 -0.31917 -0.051914 0.03003 0.26882 -0.10817 0.52434 -0.15929 -0.15696 -0.10993 0.091692 -0.029925 0.66277 -0.091515 -0.19985 -0.13003 0.033069 -3.4954e-05 0.71412 -0.055844 0.12606 -0.43433 0.06859 -0.037776 -0.4278 0.0054184 0.2338 -0.74443 0.049962 -0.058604 -0.76052 -0.034966 0.24967 -0.82737 0.07348 -0.12774 -0.81909 -0.083375 -0.10472 0.58389
-0.20027 -0.060851 0.26821 0.064694 -0.042015 0.3673 -0.096051 -0.053807 0.39417 -0.0187 -0.012161 0.06488 -0.039215 0.0074817 -0.063256 0.062387 0.0074817 -0.040593 -0.31887 -0.052237 0.030369 0.26718 -0.1139 0.52797 -0.15765 -0.15562 -0.10936 0.088254 -0.026691 0.66056 -0.089002 -0.19721 -0.12926 0.029351 0.0057359 0.71061 -0.057873 0.12677 -0.43389 0.068947 -0.032432 -0.42845 0.00038535 0.23638 -0.74396 0.051287 -0.053872 -0.76118 -0.040702 0.2523 -0.82654 0.07502 -0.12262 -0.82013 -0.082769 -0.10392 0.58456
-0.19969 -0.063261 0.26868 0.06586 -0.046775 0.36642 -0.094917 -0.055896 0.39419 -0.018429 -0.012628 0.064872 -0.039347 0.007071 -0.063227 0.062423 0.007071 -0.040615 -0.31809 -0.053649 0.030786 0.26586 -0.1195 0.53065 -0.15571 -0.1552 -0.10902 0.085523 -0.025519 0.65814 -0.086258 -0.19549 -0.12882 0.027038 0.0086923 0.70754 -0.0601 0.12709 -0.43351 0.069233 -0.027387 -0.42899 -0.0049678 0.23844 -0.74354 0.052597 -0.049296 -0.76175 -0.046712 0.25427 -0.82581 0.076362 -0.11771 -0.82107 -0.082104 -0.10369 0.58522
-0.19874 -0.065994 0.26942 0.067579 -0.052164 0.36518 -0.093121 -0.058619 0.3942 -0.018069 -0.013148 0.06487 -0.039559 0.0066628 -0.063141 0.062391 0.0066628 -0.040735 -0.31672 -0.05587 0.031378 0.26544 -0.12654 0.53065 -0.15368 -0.15547 -0.10906 0.085254 -0.0286 0.65519 -0.083561 -0.19454 -0.12902 0.027811 0.0067553 0.70451 -0.062574 0.12709 -0.43316 0.069598 -0.022466 -0.4295 -0.010806 0.24011 -0.74314 0.053915 -0.044607 -0.76229 -0.053169 0.25569 -0.82514 0.077604 -0.11274 -0.82195 -0.081321 -0.10405 0.58586
-0.19728 -0.068969 0.27052 0.070046 -0.058179 0.36353 -0.090446 -0.06198 0.39423 -0.017594 -0.013701 0.064878 -0.039882 0.0062927 -0.062972 0.062251 0.0062927 -0.040998 -0.31465 -0.058621 0.032241 0.26654 -0.13662 0.52626 -0.15175 -0.15625 -0.10963 0.089199 -0.038125 0.65139 -0.081188 -0.19421 -0.13013 0.03335 -0.0021539 0.70117 -0.065346 0.12685 -0.43279 0.070188 -0.017494 -0.43003 -0.017296 0.24149 -0.74272 0.055267 -0.039537 -0.76287 -0.060242 0.25667 -0.82449 0.078842 -0.10745 -0.82281 -0.080357 -0.10504 0.5865
-0.19514 -0.072104 0.27205 0.073443 -0.064813 0.36147 -0.086686 -0.065975 0.39428 -0.016978 -0.014265 0.064903 -0.040343 0.0059946 -0.062693 0.061969 0.0059946 -0.04145 -0.31179 -0.061627 0.033467 0.26972 -0.15124 0.51587 -0.15013 -0.15734 -0.11087 0.099014 -0.05615 0.64643 -0.079403 -0.19436 -0.13241 0.045234 -0.019973 0.69715 -0.068461 0.12644 -0.43235 0.071146 -0.012308 -0.43066 -0.024589 0.24272 -0.74222 0.056672 -0.033831 -0.76355 -0.068088 0.25731 -0.8238 0.080166 -0.1016 -0.82369 -0.079158 -0.10666 0.58713
-0.19238 -0.075316 0.27398 0.077674 -0.071987 0.35906 -0.081933 -0.070479 0.39437 -0.016238 -0.014823 0.064946 -0.040934 0.0057752 -0.062311 0.061551 0.0057752 -0.042078 -0.30824 -0.064715 0.035053 0.27489 -0.17021 0.49978 -0.14883 -0.15861 -0.11268 0.11443 -0.082087 0.64056 -0.078206 -0.19485 -0.13572 0.063091 -0.045912 0.69265 -0.071859 0.12591 -0.43185 0.072461 -0.0069275 -0.43138 -0.032565 0.24384 -0.74163 0.058111 -0.027525 -0.76433 -0.076593 0.25768 -0.82308 0.08156 -0.095198 -0.82459 -0.077775 -0.10879 0.58775
-0.18923 -0.078518 0.27619 0.082388 -0.079556 0.3564 -0.076544 -0.07526 0.39448 -0.015427 -0.015365 0.065002 -0.041612 0.005616 -0.06186 0.061043 0.005616 -0.04282 -0.30431 -0.067802 0.03691 0.28139 -0.1918 0.48006 -0.14773 -0.16001 -0.1147 0.13343 -0.11296 0.63454 -0.077362 -0.19554 -0.13951 0.084785 -0.076714 0.68833 -0.075392 0.1253 -0.4313 0.073991 -0.0015459 -0.43216 -0.040861 0.24485 -0.74099 0.059524 -0.020914 -0.76517 -0.085395 0.25781 -0.82231 0.082906 -0.088545 -0.8255 -0.076352 -0.1112 0.58832
-0.18594 -0.081624 0.27857 0.087225 -0.087374 0.35365 -0.070883 -0.080079 0.39459 -0.0146 -0.015877 0.065067 -0.042334 0.0054978 -0.061375 0.060491 0.0054978 -0.043612 -0.30029 -0.07081 0.038946 0.2885 -0.21424 0.45881 -0.14669 -0.16148 -0.1166 0.15395 -0.14572 0.62913 -0.076623 -0.19629 -0.14325 0.10811 -0.10903 0.68486 -0.078906 0.12465 -0.43073 0.075589 0.0036393 -0.43294 -0.049103 0.24575 -0.74031 0.060852 -0.014301 -0.76602 -0.094125 0.25775 -0.82152 0.084085 -0.081931 -0.82641 -0.075041 -0.11366 0.58883
-0.18275 -0.084545 0.281 0.091827 -0.095295 0.35091 -0.065319 -0.084699 0.39471 -0.01381 -0.016349 0.065137 -0.043057 0.0054013 -0.060891 0.059943 0.0054013 -0.044389 -0.29651 -0.07366 0.041068 0.29554 -0.23576 0.43816 -0.14558 -0.16297 -0.11803 0.1739 -0.17729 0.62508 -0.075746 -0.19694 -0.14639 0.13088 -0.13952 0.68293 -0.082247 0.12399 -0.43016 0.077106 0.00843 -0.43368 -0.056919 0.24653 -0.73963 0.062034 -0.0079928 -0.76684 -0.10241 0.25751 -0.82071 0.084977 -0.075651 -0.8273 -0.07399 -0.11591 0.58924
-0.1799 -0.087197 0.28335 0.095834 -0.10317 0.34833 -0.060217 -0.088883 0.39482 -0.013113 -0.016768 0.065207 -0.043737 0.0053071 -0.060445 0.059446 0.0053071 -0.045088 -0.29326 -0.076275 0.043185 0.30182 -0.25458 0.42022 -0.14427 -0.16444 -0.11865 0.19122 -0.20462 0.62316 -0.074484 -0.19736 -0.1484 0.15088 -0.16483 0.68322 -0.085261 0.12336 -0.42961 0.078394 0.012628 -0.43435 -0.063936 0.24718 -0.73896 0.063009 -0.0022931 -0.76756 -0.10989 0.25714 -0.8199 0.085461 -0.07 -0.82816 -0.073349 -0.11771 0.58952
-0.17753 -0.089505 0.28552 0.099005 -0.11086 0.34599 -0.055825 -0.092442 0.3949 -0.01254 -0.017128 0.065274 -0.044346 0.0052006 -0.060056 0.059035 0.0052006 -0.045658 -0.29072 -0.078587 0.045216 0.30677 -0.26929 0.40666 -0.14262 -0.16585 -0.11821 0.20445 -0.22547 0.62374 -0.072612 -0.19747 -0.14885 0.16656 -0.18266 0.68602 -0.087842 0.12277 -0.42911 0.079331 0.016129 -0.43489 -0.06991 0.2477 -0.73834 0.063728 0.0025946 -0.76815 -0.11632 0.25666 -0.81908 0.08544 -0.065164 -0.82898 -0.07318 -0.11891 0.58966
-0.17535 -0.091473 0.28759 0.1017 -0.11821 0.34379 -0.051792 -0.095445 0.39495 -0.012013 -0.017447 0.065333 -0.044932 0.0050893 -0.059673 0.05869 0.0050893 -0.046125 -0.28838 -0.080596 0.047145 0.31053 -0.28039 0.39677 -0.14044 -0.16734 -0.1169 0.21523 -0.24175 0.62521 -0.070006 -0.19754 -0.148 0.17966 -0.19593 0.68963 -0.09012 0.12219 -0.42862 0.079924 0.019294 -0.4353 -0.075249 0.24803 -0.73772 0.064183 0.0069774 -0.7686 -0.12207 0.25605 -0.81827 0.084918 -0.060799 -0.82977 -0.07311 -0.11975 0.58962
-0.1729 -0.093123 0.28965 0.10445 -0.12509 0.34156 -0.047579 -0.098039 0.39494 -0.011419 -0.017752 0.065381 -0.045569 0.0049882 -0.059222 0.058376 0.0049882 -0.046534 -0.28553 -0.082321 0.048972 0.31345 -0.28893 0.38915 -0.13752 -0.16909 -0.11508 0.22616 -0.25671 0.62534 -0.066574 -0.19794 -0.14631 0.19293 -0.20922 0.69177 -0.092301 0.12157 -0.42809 0.080218 0.022633 -0.43557 -0.080564 0.24811 -0.73707 0.064385 0.011323 -0.7689 -0.12773 0.25529 -0.81746 0.083935 -0.056389 -0.83054 -0.072626 -0.12057 0.58938
-0.16973 -0.094479 0.2918 0.10782 -0.13135 0.33914 -0.042647 -0.10037 0.39485 -0.010643 -0.01807 0.065416 -0.046327 0.0049122 -0.058626 0.058055 0.0049122 -0.046934 -0.28143 -0.083782 0.050699 0.31588 -0.29601 0.38236 -0.13366 -0.1713 -0.1131 0.23988 -0.27355 0.6219 -0.062225 -0.19904 -0.14422 0.20915 -0.2271 0.69011 -0.094591 0.12086 -0.42749 0.080261 0.026654 -0.4357 -0.086468 0.24788 -0.73636 0.064342 0.016099 -0.76905 -0.13388 0.25436 -0.81665 0.082531 -0.051419 -0.83132 -0.071216 -0.12175 0.58892
-0.1654 -0.095567 0.29416 0.11234 -0.13684 0.33636 -0.036457 -0.10259 0.39467 -0.0095725 -0.018426 0.065433 -0.047281 0.004876 -0.057812 0.05769 0.004876 -0.047372 -0.27538 -0.084996 0.052329 0.31817 -0.30269 0.37497 -0.12864 -0.17413 -0.11129 0.25899 -0.29551 0.61266 -0.056867 -0.2012 -0.14221 0.23108 -0.25415 0.68235 -0.097194 0.12001 -0.42677 0.080099 0.031867 -0.43568 -0.093573 0.24727 -0.73552 0.064064 0.021774 -0.76905 -0.1411 0.25323 -0.81585 0.080744 -0.045374 -0.83211 -0.068367 -0.12364 0.58822
-0.15946 -0.096411 0.29682 0.11855 -0.14143 0.33305 -0.028477 -0.10484 0.39437 -0.0080951 -0.018847 0.06543 -0.048501 0.0048946 -0.056705 0.057244 0.0048946 -0.047894 -0.26667 -0.085984 0.053863 0.32068 -0.31003 0.36559 -0.12228 -0.17778 -0.11001 0.28609 -0.32577 0.5954 -0.05041 -0.20481 -0.14071 0.26145 -0.29489 0.6662 -0.10032 0.11895 -0.42588 0.079776 0.038775 -0.43553 -0.10249 0.24622 -0.73454 0.063558 0.02881 -0.76888 -0.14997 0.25188 -0.81505 0.07861 -0.037745 -0.83294 -0.063574 -0.1266 0.58725
-0.15188 -0.097052 0.29983 0.12654 -0.14508 0.32922 -0.018635 -0.10715 0.39396 -0.0061939 -0.019335 0.065407 -0.049995 0.0049814 -0.055293 0.056701 0.0049814 -0.048522 -0.25524 -0.086795 0.055343 0.32363 -0.31847 0.35355 -0.11463 -0.18229 -0.10931 0.32143 -0.36474 0.56901 -0.042962 -0.20992 -0.13989 0.30074 -0.34971 0.64037 -0.10417 0.11763 -0.42479 0.079144 0.047444 -0.43523 -0.11356 0.2446 -0.73335 0.06266 0.037335 -0.76857 -0.16088 0.25002 -0.81418 0.075995 -0.028424 -0.83377 -0.056721 -0.13073 0.58604
-0.14327 -0.097562 0.30312 0.13564 -0.14796 0.32506 -0.0076261 -0.10939 0.39348 -0.004011 -0.019853 0.065365 -0.051663 0.0051473 -0.053662 0.056073 0.0051473 -0.049229 -0.24215 -0.087524 0.056874 0.32704 -0.32738 0.33946 -0.10618 -0.18749 -0.10879 0.36146 -0.40825 0.5342 -0.034956 -0.21616 -0.13938 0.34571 -0.41215 0.6052 -0.10898 0.11593 -0.42345 0.077734 0.057214 -0.43481 -0.12673 0.24214 -0.73193 0.060919 0.046915 -0.76812 -0.17389 0.24691 -0.81304 0.072476 -0.017971 -0.83452 -0.048346 -0.1357 0.58467
-0.13433 -0.098016 0.30665 0.14511 -0.15024 0.32084 0.0037829 -0.11138 0.39299 -0.0017034 -0.020359 0.065308 -0.053397 0.0054032 -0.051912 0.055377 0.0054032 -0.049988 -0.22857 -0.088272 0.058569 0.33088 -0.33601 0.32406 -0.097483 -0.19318 -0.10798 0.40225 -0.45167 0.49185 -0.026859 -0.22307 -0.13879 0.39274 -0.47512 0.56119 -0.11498 0.11375 -0.42182 0.075047 0.067358 -0.43429 -0.14188 0.23855 -0.73024 0.05786 0.057065 -0.76759 -0.18903 0.24179 -0.81144 0.067603 -0.0070113 -0.83506 -0.039047 -0.14111 0.58322
-0.12575 -0.098486 0.31033 0.15421 -0.1521 0.3168 0.014825 -0.11295 0.39253 0.00057186 -0.020814 0.06524 -0.055087 0.00576 -0.05014 0.05463 0.00576 -0.05077 -0.21564 -0.089141 0.06054 0.33516 -0.34363 0.30807 -0.089069 -0.19917 -0.10644 0.43986 -0.49036 0.44286 -0.019134 -0.23022 -0.13771 0.43824 -0.5315 0.50886 -0.12238 0.11099 -0.41984 0.070584 0.077148 -0.43369 -0.15889 0.23358 -0.72823 0.053008 0.067301 -0.76698 -0.20634 0.23389 -0.80916 0.060927 0.0038337 -0.83529 -0.029423 -0.1466 0.5818
-0.11823 -0.099048 0.31411 0.1622 -0.15371 0.31319 0.024734 -0.11395 0.39214 0.0026579 -0.021175 0.065163 -0.056624 0.0062284 -0.048444 0.053847 0.0062284 -0.051545 -0.20452 -0.090229 0.0629 0.33987 -0.34951 0.29223 -0.081477 -0.20526 -0.10371 0.47039 -0.51973 0.38811 -0.012246 -0.23716 -0.13576 0.4786 -0.5742 0.4487 -0.13142 0.10755 -0.41748 0.063847 0.085856 -0.43303 -0.17766 0.22694 -0.72586 0.045886 0.077137 -0.76633 -0.22586 0.22243 -0.806 0.051998 0.01394 -0.8351 -0.020072 -0.1518 0.58049
-0.11238 -0.099765 0.31791 0.16842 -0.15522 0.31023 0.032822 -0.11422 0.39187 0.0044119 -0.021405 0.065081 -0.057909 0.0068142 -0.046914 0.053045 0.0068142 -0.052288 -0.19627 -0.09163 0.065743 0.34496 -0.35296 0.27717 -0.075179 -0.21127 -0.099383 0.49017 -0.53555 0.32853 -0.0065998 -0.24349 -0.13256 0.5104 -0.59678 0.38133 -0.14226 0.10333 -0.41469 0.05443 0.092822 -0.43234 -0.19802 0.21839 -0.7231 0.036098 0.086116 -0.76567 -0.2475 0.20679 -0.8018 0.040446 0.022727 -0.8344 -0.011535 -0.15634 0.57938
-0.108 -0.10059 0.32165 0.17308 -0.15653 0.30781 0.039265 -0.11384 0.39166 0.0058428 -0.021502 0.064993 -0.05894 0.0074688 -0.045562 0.052238 0.0074688 -0.052993 -0.1907 -0.093345 0.068997 0.34999 -0.35374 0.26254 -0.069928 -0.21711 -0.093488 0.49866 -0.53806 0.26571 -0.001952 -0.2492 -0.12805 0.53225 -0.59985 0.30849 -0.15447 0.098427 -0.41158 0.042917 0.098093 -0.43161 -0.21931 0.20821 -0.72005 0.024091 0.094078 -0.76498 -0.27007 0.1879 -0.79683 0.026732 0.030065 -0.8332 -0.0037451 -0.16016 0.57843
-0.1044 -0.10142 0.32525 0.1769 -0.15737 0.30566 0.044752 -0.11302 0.3914 0.0070508 -0.021484 0.064894 -0.059778 0.0081111 -0.044353 0.051438 0.0081111 -0.053668 -0.1869 -0.095317 0.072484 0.35431 -0.35189 0.24735 -0.065043 -0.22275 -0.086329 0.49715 -0.53015 0.20161 0.0023295 -0.25454 -0.12237 0.54397 -0.58827 0.23258 -0.16723 0.093039 -0.40832 0.030491 0.10214 -0.43085 -0.24055 0.19692 -0.71686 0.010821 0.10105 -0.76422 -0.29171 0.1676 -0.79166 0.011821 0.036096 -0.83158 0.0037313 -0.16335 0.57752
-0.10091 -0.10214 0.32861 0.1806 -0.15749 0.30349 0.049981 -0.11197 0.39097 0.0081371 -0.02137 0.064781 -0.060484 0.0086595 -0.04325 0.050657 0.0086595 -0.054322 -0.18397 -0.097491 0.076028 0.35724 -0.34747 0.23066 -0.059841 -0.22818 -0.078215 0.48697 -0.51476 0.13818 0.0068823 -0.25976 -0.11564 0.5454 -0.56696 0.15603 -0.17974 0.087365 -0.40506 0.018339 0.10546 -0.43006 -0.26078 0.18509 -0.71369 -0.0027518 0.10704 -0.76336 -0.31053 0.14776 -0.78684 -0.0033167 0.040965 -0.82961 0.011333 -0.166 0.57656
-0.096818 -0.10264 0.33163 0.18492 -0.15661 0.30101 0.055651 -0.11091 0.39026 0.0092033 -0.021178 0.06465 -0.061119 0.0090322 -0.042216 0.049906 0.0090322 -0.054962 -0.18097 -0.099812 0.07945 0.35811 -0.34052 0.21148 -0.053634 -0.23336 -0.069453 0.46942 -0.49482 0.077377 0.012344 -0.26511 -0.10802 0.53636 -0.54083 0.081247 -0.19118 0.081606 -0.40198 0.007652 0.10851 -0.42924 -0.27901 0.17327 -0.71069 -0.015664 0.11209 -0.76236 -0.32465 0.13025 -0.78291 -0.017711 0.044818 -0.82738 0.019499 -0.16822 0.57542
-0.09144 -0.10281 0.33422 0.19057 -0.15448 0.29793 0.06246 -0.11003 0.38916 0.010351 -0.020926 0.064497 -0.061743 0.0091479 -0.041217 0.049199 0.0091479 -0.055597 -0.17699 -0.10222 0.082573 0.35625 -0.33109 0.18885 -0.045738 -0.23827 -0.06035 0.44585 -0.47327 0.021171 0.019352 -0.27082 -0.099618 0.5167 -0.51481 0.010664 -0.20075 0.075959 -0.39925 -0.00038192 0.11179 -0.42838 -0.29427 0.16201 -0.70802 -0.026953 0.11621 -0.76118 -0.33218 0.11693 -0.78044 -0.03039 0.0478 -0.82498 0.028667 -0.1701 0.57401
-0.084338 -0.1026 0.33633 0.19801 -0.15102 0.29405 0.070852 -0.10953 0.38758 0.011644 -0.020634 0.064321 -0.062399 0.0089719 -0.040224 0.048534 0.0089719 -0.056235 -0.17141 -0.10469 0.085269 0.35116 -0.31937 0.16238 -0.035738 -0.2429 -0.051157 0.4174 -0.45234 -0.028839 0.028298 -0.27705 -0.090591 0.48661 -0.49246 -0.053604 -0.20788 0.070595 -0.39698 -0.0049952 0.11561 -0.4275 -0.30592 0.15172 -0.70581 -0.03594 0.11945 -0.75982 -0.33212 0.10893 -0.77975 -0.040667 0.050048 -0.82248 0.03914 -0.17175 0.57223
-0.075885 -0.10215 0.33801 0.20676 -0.14674 0.28946 0.080465 -0.10944 0.38556 0.013031 -0.020312 0.064131 -0.06307 0.0086202 -0.039234 0.047868 0.0086202 -0.056884 -0.16452 -0.10723 0.087566 0.34294 -0.30605 0.13354 -0.024079 -0.24725 -0.04195 0.38479 -0.43212 -0.072178 0.038794 -0.28361 -0.081103 0.44745 -0.47305 -0.1104 -0.21285 0.065584 -0.39515 -0.006762 0.11979 -0.42667 -0.31441 0.14239 -0.70401 -0.042842 0.12191 -0.7584 -0.32626 0.10507 -0.78041 -0.048758 0.051666 -0.82001 0.050785 -0.17332 0.5701
-0.06661 -0.10165 0.33933 0.2162 -0.1423 0.28429 0.090779 -0.1098 0.38315 0.014437 -0.019973 0.063936 -0.063729 0.0082382 -0.038253 0.047153 0.0082382 -0.05755 -0.1568 -0.1099 0.089528 0.3318 -0.29191 0.10418 -0.011377 -0.25135 -0.032771 0.34861 -0.41224 -0.1086 0.050296 -0.29025 -0.071324 0.40078 -0.45499 -0.15876 -0.21607 0.060976 -0.39369 -0.0065227 0.12407 -0.42599 -0.32038 0.13393 -0.70256 -0.048055 0.12371 -0.75705 -0.31692 0.10368 -0.78188 -0.055056 0.052753 -0.81772 0.063382 -0.17499 0.56763
-0.057047 -0.10129 0.34038 0.22569 -0.13834 0.27867 0.10127 -0.11065 0.38042 0.015786 -0.01963 0.063747 -0.064348 0.0079715 -0.037284 0.046337 0.0079715 -0.058241 -0.14873 -0.11272 0.091213 0.31793 -0.27772 0.076135 0.001752 -0.25519 -0.023659 0.30946 -0.39233 -0.13785 0.062261 -0.29672 -0.061425 0.3482 -0.43669 -0.19771 -0.21797 0.056822 -0.39254 -0.0051175 0.12814 -0.42552 -0.32448 0.12623 -0.70141 -0.051972 0.12498 -0.75591 -0.30644 0.1031 -0.78359 -0.059956 0.053407 -0.81572 0.076712 -0.17692 0.56485
-0.047728 -0.10125 0.34122 0.23458 -0.13549 0.27275 0.11143 -0.112 0.37741 0.017004 -0.019293 0.063573 -0.0649 0.0079655 -0.03633 0.04537 0.0079655 -0.058964 -0.14078 -0.11574 0.092684 0.30153 -0.26425 0.051255 0.014693 -0.25881 -0.014657 0.26794 -0.37204 -0.15969 0.074146 -0.30276 -0.051578 0.29127 -0.41657 -0.22628 -0.21897 0.053173 -0.39164 -0.0033868 0.13175 -0.42537 -0.32739 0.11921 -0.7005 -0.054991 0.12583 -0.75513 -0.29715 0.10168 -0.78497 -0.063851 0.053728 -0.81416 0.090556 -0.17928 0.56178
-0.039171 -0.1017 0.34193 0.24225 -0.13437 0.26664 0.12073 -0.11389 0.37418 0.018018 -0.018975 0.063425 -0.065358 0.0083607 -0.035395 0.044206 0.0083607 -0.059726 -0.13344 -0.119 0.094 0.28285 -0.25228 0.03133 0.026843 -0.26222 -0.0058065 0.22467 -0.35101 -0.1739 0.085419 -0.30814 -0.041953 0.2316 -0.3931 -0.24358 -0.21949 0.050078 -0.39091 -0.0021553 0.1346 -0.4256 -0.32973 0.11275 -0.69977 -0.057501 0.12638 -0.75483 -0.29133 0.097791 -0.78548 -0.06713 0.053813 -0.81315 0.1047 -0.18222 0.55844
-0.031556 -0.1027 0.34257 0.24853 -0.13501 0.26047 0.129 -0.11626 0.37077 0.018815 -0.018682 0.063303 -0.065719 0.0091552 -0.034482 0.042866 0.0091552 -0.060513 -0.12683 -0.1225 0.095191 0.26277 -0.24207 0.016763 0.037985 -0.26544 0.0027709 0.18089 -0.32932 -0.18125 0.09589 -0.31277 -0.032744 0.17134 -0.36621 -0.25054 -0.21976 0.047504 -0.39033 -0.0018202 0.13665 -0.42618 -0.33183 0.10673 -0.69919 -0.059771 0.12672 -0.755 -0.28971 0.090928 -0.78496 -0.070054 0.053725 -0.81268 0.11897 -0.18569 0.55485
-0.024685 -0.10414 0.34312 0.25375 -0.13676 0.25428 0.13644 -0.11899 0.36719 0.019449 -0.018414 0.063196 -0.066011 0.01019 -0.033598 0.041451 0.01019 -0.061289 -0.12075 -0.12626 0.096251 0.24294 -0.23337 0.0064229 0.048329 -0.26849 0.01087 0.13852 -0.30749 -0.18358 0.10575 -0.31677 -0.024162 0.11326 -0.33743 -0.25016 -0.21979 0.045331 -0.38988 -0.0023056 0.13806 -0.42696 -0.33368 0.101 -0.69873 -0.061934 0.12686 -0.75547 -0.29132 0.081788 -0.7837 -0.072743 0.053486 -0.81257 0.13328 -0.18942 0.55105
-0.01834 -0.10593 0.34361 0.25825 -0.13894 0.24813 0.14326 -0.12193 0.36348 0.019979 -0.018171 0.063094 -0.066259 0.011297 -0.032744 0.040068 0.011297 -0.062019 -0.11495 -0.13027 0.097175 0.22504 -0.2259 -0.0009029 0.058104 -0.27141 0.01828 0.09951 -0.28607 -0.18282 0.1152 -0.32026 -0.016422 0.060145 -0.3084 -0.2455 -0.21959 0.043432 -0.38954 -0.0035113 0.13902 -0.42777 -0.33522 0.09539 -0.69841 -0.064116 0.12684 -0.75604 -0.29509 0.071135 -0.78201 -0.075308 0.053118 -0.81262 0.14752 -0.19312 0.54704
-0.012302 -0.10796 0.34404 0.26241 -0.14087 0.24209 0.14966 -0.12494 0.35964 0.020462 -0.017953 0.062985 -0.066493 0.012309 -0.031927 0.038819 0.012309 -0.062667 -0.10919 -0.13452 0.097957 0.21073 -0.21939 -0.0064258 0.067542 -0.27424 0.024792 0.065825 -0.26561 -0.18086 0.12445 -0.32335 -0.009739 0.014806 -0.28074 -0.23967 -0.21917 0.041683 -0.3893 -0.0053368 0.13971 -0.42845 -0.33643 0.08974 -0.69822 -0.066441 0.1267 -0.75654 -0.29997 0.059735 -0.78019 -0.07786 0.052644 -0.81262 0.16161 -0.19649 0.54286
-0.0063552 -0.11012 0.34441 0.26656 -0.14187 0.23621 0.15586 -0.12788 0.3557 0.020956 -0.017759 0.062859 -0.066738 0.01306 -0.031149 0.037812 0.01306 -0.063195 -0.10324 -0.13901 0.098589 0.2017 -0.21353 -0.011358 0.076872 -0.27699 0.030195 0.039415 -0.24665 -0.17962 0.1337 -0.32616 -0.0043272 -0.019962 -0.25608 -0.23575 -0.21854 0.039959 -0.38916 -0.0076819 0.14031 -0.42883 -0.33725 0.083889 -0.69814 -0.069037 0.12647 -0.75676 -0.30489 0.048352 -0.77856 -0.080512 0.052083 -0.8124 0.17543 -0.19925 0.53853
-0.00031137 -0.11234 0.34472 0.27102 -0.14139 0.23056 0.16204 -0.13064 0.35168 0.021513 -0.01759 0.062707 -0.067017 0.013409 -0.030416 0.03713 0.013409 -0.063575 -0.096903 -0.14375 0.099065 0.19928 -0.2081 -0.016753 0.086296 -0.27971 0.03434 0.021886 -0.22977 -0.18055 0.14315 -0.32881 -0.00032136 -0.041909 -0.23593 -0.23614 -0.2177 0.038151 -0.38909 -0.010441 0.14098 -0.42878 -0.33767 0.077708 -0.69816 -0.072005 0.12617 -0.75657 -0.30891 0.037667 -0.77737 -0.083356 0.051454 -0.81179 0.18892 -0.20115 0.53407
0.0058238 -0.11461 0.3449 0.27586 -0.13962 0.22517 0.16822 -0.13324 0.34757 0.022137 -0.017455 0.062522 -0.067324 0.013399 -0.029732 0.036734 0.013399 -0.063827 -0.09024 -0.14884 0.09937 0.20257 -0.20306 -0.022666 0.09583 -0.28247 0.03747 0.012603 -0.21576 -0.18227 0.15283 -0.3314 0.0026516 -0.052287 -0.221 -0.23896 -0.21671 0.036268 -0.38909 -0.013476 0.14176 -0.42835 -0.33774 0.071279 -0.69828 -0.075296 0.1258 -0.75599 -0.31192 0.027831 -0.77662 -0.08637 0.050756 -0.81082 0.20205 -0.20234 0.52944
0.011968 -0.11699 0.34485 0.28105 -0.13705 0.2201 0.17434 -0.13577 0.34339 0.022816 -0.017364 0.062304 -0.06764 0.013145 -0.029105 0.036534 0.013145 -0.063989 -0.083425 -0.15443 0.09949 0.20979 -0.19847 -0.028758 0.10542 -0.28537 0.03998 0.010054 -0.20545 -0.18229 0.16275 -0.33401 0.0051645 -0.053723 -0.2117 -0.24059 -0.21564 0.034359 -0.38913 -0.016636 0.14259 -0.42768 -0.33755 0.064763 -0.69845 -0.078799 0.12534 -0.75517 -0.31411 0.018787 -0.77619 -0.089484 0.049978 -0.80963 0.21484 -0.20307 0.52458
0.018041 -0.11953 0.34446 0.28655 -0.13419 0.2154 0.18033 -0.13831 0.33913 0.02354 -0.017328 0.062049 -0.067948 0.012762 -0.02854 0.036442 0.012762 -0.0641 -0.076629 -0.16065 0.099409 0.21917 -0.19441 -0.034688 0.115 -0.2885 0.042266 0.012723 -0.19971 -0.17808 0.17289 -0.33674 0.0077907 -0.04885 -0.20844 -0.23744 -0.21457 0.032477 -0.3892 -0.019768 0.14347 -0.42689 -0.33718 0.058323 -0.69866 -0.082405 0.1248 -0.75423 -0.3157 0.010476 -0.77598 -0.09263 0.049108 -0.80832 0.22733 -0.20361 0.51944
0.023959 -0.12228 0.34363 0.29234 -0.13153 0.21111 0.18616 -0.14096 0.3348 0.024294 -0.017357 0.061754 -0.068228 0.012362 -0.028043 0.036366 0.012362 -0.064198 -0.070024 -0.16764 0.09911 0.22892 -0.19092 -0.040116 0.12451 -0.29196 0.044724 0.019093 -0.19937 -0.16715 0.18325 -0.33968 0.011104 -0.040297 -0.21164 -0.2259 -0.21357 0.030674 -0.38928 -0.022723 0.14434 -0.42612 -0.33674 0.052121 -0.69887 -0.086004 0.12416 -0.75329 -0.31689 0.0028405 -0.77585 -0.095738 0.048138 -0.80701 0.23952 -0.20425 0.51395
0.029642 -0.12528 0.34227 0.29839 -0.12958 0.20728 0.19175 -0.1438 0.33039 0.025068 -0.017462 0.061419 -0.068462 0.012061 -0.02762 0.036218 0.012061 -0.064323 -0.06378 -0.17553 0.098578 0.23729 -0.18807 -0.044702 0.1339 -0.29585 0.047748 0.027652 -0.20529 -0.14699 0.19381 -0.34291 0.015675 -0.030691 -0.22168 -0.20238 -0.2127 0.029001 -0.38935 -0.025349 0.14518 -0.4255 -0.33631 0.04632 -0.69905 -0.089486 0.1234 -0.75248 -0.31787 -0.0041787 -0.7757 -0.098739 0.047057 -0.80584 0.25144 -0.20523 0.50806
0.035097 -0.12856 0.34032 0.30467 -0.12854 0.20386 0.19713 -0.14684 0.32588 0.025854 -0.017643 0.061042 -0.068644 0.01193 -0.027259 0.035937 0.01193 -0.0645 -0.057976 -0.18431 0.097804 0.24315 -0.18584 -0.048282 0.14314 -0.30014 0.051525 0.037222 -0.21751 -0.11687 0.20455 -0.34642 0.021751 -0.021844 -0.23826 -0.16565 -0.21199 0.027483 -0.38941 -0.027631 0.14595 -0.4251 -0.33591 0.041007 -0.6992 -0.092757 0.12253 -0.75188 -0.31875 -0.010657 -0.77543 -0.10156 0.045872 -0.80488 0.26309 -0.2067 0.50175
0.040514 -0.13203 0.33783 0.31116 -0.1281 0.20064 0.20247 -0.14989 0.32119 0.026652 -0.017876 0.060629 -0.068788 0.011958 -0.026915 0.035515 0.011958 -0.064729 -0.052501 -0.19361 0.096792 0.24671 -0.18403 -0.05105 0.15223 -0.30459 0.05581 0.047319 -0.23439 -0.079585 0.21541 -0.34997 0.028918 -0.0139 -0.2596 -0.11924 -0.2114 0.026091 -0.38942 -0.029831 0.14654 -0.42488 -0.33544 0.036114 -0.69932 -0.095751 0.12157 -0.75149 -0.31944 -0.016704 -0.77504 -0.1041 0.044631 -0.80416 0.27442 -0.20851 0.49506
0.046106 -0.1356 0.33488 0.31783 -0.12785 0.19737 0.20794 -0.15278 0.31623 0.027467 -0.018136 0.060186 -0.068912 0.012122 -0.026535 0.034954 0.012122 -0.065006 -0.047223 -0.20304 0.09555 0.24837 -0.18242 -0.053244 0.16118 -0.30892 0.06031 0.057539 -0.25413 -0.038394 0.22629 -0.35328 0.036681 -0.0067996 -0.28371 -0.067279 -0.21083 0.024789 -0.38937 -0.032242 0.14688 -0.42479 -0.33477 0.031559 -0.6994 -0.098408 0.12056 -0.75129 -0.31982 -0.022436 -0.77452 -0.10627 0.043384 -0.80371 0.2854 -0.2105 0.48804
0.052085 -0.13918 0.33153 0.32468 -0.12739 0.19379 0.21374 -0.1553 0.3109 0.028299 -0.018394 0.05972 -0.069035 0.012401 -0.026069 0.034254 0.012401 -0.065328 -0.042008 -0.21221 0.094083 0.24852 -0.18081 -0.0551 0.17003 -0.31286 0.06473 0.067481 -0.2749 0.0034533 0.23714 -0.35608 0.044541 -0.00048321 -0.30865 -0.013906 -0.21023 0.023542 -0.38924 -0.035161 0.14685 -0.42476 -0.33376 0.027255 -0.69947 -0.10067 0.11953 -0.75128 -0.31977 -0.027966 -0.77384 -0.10797 0.042182 -0.80353 0.29597 -0.21247 0.48074
0.058662 -0.14269 0.32785 0.33167 -0.12632 0.18967 0.22006 -0.15728 0.30512 0.029152 -0.018626 0.059235 -0.069173 0.01277 -0.025466 0.033417 0.01277 -0.065691 -0.036722 -0.22073 0.092398 0.24752 -0.17897 -0.056856 0.17877 -0.31613 0.068773 0.076745 -0.29488 0.042707 0.24787 -0.35812 0.052005 0.0051088 -0.33243 0.036752 -0.20951 0.022314 -0.389 -0.038882 0.14637 -0.42474 -0.33229 0.023117 -0.69953 -0.10247 0.11849 -0.75144 -0.31917 -0.03341 -0.773 -0.10911 0.041076 -0.80364 0.30608 -0.21425 0.47322
0.06605 -0.14603 0.3239 0.3388 -0.12424 0.18476 0.22707 -0.15851 0.29879 0.030029 -0.018805 0.058738 -0.069346 0.013209 -0.024674 0.032443 0.013209 -0.066091 -0.031232 -0.22819 0.090501 0.24578 -0.17669 -0.058749 0.18743 -0.31845 0.072146 0.084927 -0.31224 0.076116 0.25841 -0.35911 0.058576 0.010036 -0.3531 0.080564 -0.20862 0.021071 -0.38865 -0.0437 0.14535 -0.42468 -0.33024 0.019062 -0.69958 -0.10375 0.11749 -0.75176 -0.31791 -0.038882 -0.77199 -0.10959 0.040117 -0.80407 0.3157 -0.21567 0.46553
0.074462 -0.14912 0.31975 0.34604 -0.12075 0.1788 0.23496 -0.15881 0.29184 0.030931 -0.018905 0.058235 -0.069571 0.013694 -0.023643 0.031333 0.013694 -0.066526 -0.025406 -0.23421 0.088398 0.24367 -0.17375 -0.061017 0.19603 -0.31955 0.074553 0.091627 -0.32518 0.10043 0.26868 -0.35879 0.063758 0.014358 -0.36868 0.1134 -0.20747 0.019775 -0.38816 -0.04991 0.1437 -0.42451 -0.32747 0.015003 -0.69963 -0.10445 0.11656 -0.75221 -0.31585 -0.044497 -0.77079 -0.10933 0.039356 -0.80483 0.32476 -0.21655 0.45773
0.08411 -0.15187 0.31546 0.35337 -0.11545 0.17156 0.24391 -0.15799 0.28415 0.031861 -0.018899 0.057732 -0.069866 0.014203 -0.022321 0.030088 0.014203 -0.066991 -0.019109 -0.23839 0.086097 0.24158 -0.16993 -0.063898 0.20458 -0.31915 0.075698 0.096443 -0.33185 0.1124 0.27861 -0.35688 0.067055 0.018134 -0.37721 0.13113 -0.206 0.018391 -0.38752 -0.057807 0.1413 -0.42418 -0.32386 0.010856 -0.6997 -0.10451 0.11572 -0.7528 -0.31289 -0.05037 -0.76941 -0.10821 0.038843 -0.80593 0.33324 -0.21671 0.44985
0.095205 -0.15418 0.31112 0.36077 -0.10795 0.16279 0.25412 -0.15586 0.27566 0.032822 -0.018762 0.057235 -0.070249 0.014714 -0.020658 0.028709 0.014714 -0.067484 -0.012208 -0.24033 0.083603 0.2399 -0.16503 -0.067628 0.21309 -0.31698 0.075288 0.098974 -0.33046 0.10877 0.28812 -0.35313 0.067971 0.021424 -0.37671 0.12962 -0.20413 0.016885 -0.38669 -0.067686 0.13809 -0.42364 -0.31929 0.0065362 -0.69978 -0.10386 0.115 -0.7535 -0.30891 -0.056615 -0.76781 -0.10615 0.038631 -0.8074 0.34107 -0.21598 0.44197
0.10796 -0.15598 0.30677 0.36822 -0.097825 0.15223 0.26577 -0.15221 0.26626 0.033817 -0.018466 0.05675 -0.070738 0.015203 -0.018601 0.027197 0.015203 -0.068 -0.0045701 -0.23965 0.080922 0.239 -0.15882 -0.072446 0.22159 -0.31276 0.073026 0.098816 -0.31916 0.08629 0.29714 -0.34725 0.06601 0.024288 -0.36524 0.10474 -0.2018 0.015219 -0.38567 -0.079841 0.13395 -0.42283 -0.31361 0.0019585 -0.69989 -0.10246 0.11444 -0.75431 -0.30379 -0.063348 -0.766 -0.10306 0.038769 -0.80926 0.34821 -0.21418 0.43413
0.12259 -0.15716 0.30248 0.37571 -0.084694 0.13966 0.27904 -0.14688 0.25586 0.034847 -0.017985 0.056283 -0.07135 0.01565 -0.016101 0.025552 0.01565 -0.068536 0.003938 -0.23594 0.078062 0.23928 -0.15108 -0.078588 0.23008 -0.30622 0.068618 0.09557 -0.29614 0.041714 0.3056 -0.33899 0.060676 0.026784 -0.3408 0.052359 -0.19893 0.01336 -0.38443 -0.094569 0.1288 -0.42168 -0.30671 -0.0029619 -0.70003 -0.10023 0.11407 -0.75521 -0.2974 -0.070683 -0.76397 -0.098835 0.039309 -0.81151 0.35462 -0.21113 0.42637
