-0.10973 0.029851 0.34995 0.15191 -0.0061968 0.29131 0.036965 -0.014353 0.40723 0.0075317 -0.0061025 0.067909 -0.056087 0.0035076 -0.049366 0.05389 0.0035076 -0.051755 -0.19379 0.11437 0.11238 0.19401 -0.010488 0.028904 -0.13902 -0.087165 0.00034158 0.041029 -0.15855 -0.075225 -0.10955 -0.16323 -0.013264 -0.029641 -0.20099 -0.081866 -0.082514 0.11157 -0.42295 0.070737 0.026101 -0.44053 -0.053313 0.16901 -0.75058 0.092524 0.059584 -0.77204 -0.12394 0.16155 -0.81154 0.026073 0.052078 -0.83753 0.041875 -0.061731 0.59866
-0.11393 0.02926 0.35104 0.15073 -0.0050837 0.29577 0.032098 -0.018294 0.40746 0.0064101 -0.0070216 0.067935 -0.055832 0.0049449 -0.049548 0.054625 0.0049449 -0.050857 -0.1931 0.11004 0.11049 0.19927 0.0036798 0.034431 -0.14876 -0.077975 -0.02657 0.066163 -0.15652 -0.07851 -0.1189 -0.15364 -0.041369 -0.011993 -0.18609 -0.082992 -0.075133 0.11363 -0.42338 0.06597 0.024243 -0.44004 -0.043919 0.16613 -0.75164 0.084383 0.047716 -0.7726 -0.1175 0.16334 -0.80943 0.034406 0.0093409 -0.84221 0.037938 -0.072568 0.597
-0.12058 0.020145 0.34817 0.14896 -0.00781 0.30168 0.025536 -0.022772 0.40773 0.0043545 -0.0078916 0.068002 -0.052989 0.0051247 -0.052527 0.05519 0.0051247 -0.050231 -0.19665 0.11034 0.10997 0.21471 0.010806 0.044955 -0.15649 -0.080345 -0.024904 0.09786 -0.15347 -0.079774 -0.12637 -0.15489 -0.044516 0.029912 -0.19086 -0.10425 -0.069952 0.11796 -0.42527 0.070528 0.011877 -0.43963 -0.034719 0.16477 -0.75402 0.078433 0.021676 -0.77332 -0.11214 0.16725 -0.80667 0.052758 -0.037831 -0.84052 0.033867 -0.085848 0.59449
-0.13127 0.010315 0.3459 0.14373 -0.013735 0.30804 0.015082 -0.028505 0.40789 0.0016883 -0.0084652 0.06805 -0.04941 0.0041663 -0.056002 0.055192 0.0041663 -0.050314 -0.2004 0.10011 0.10558 0.22349 0.0069993 0.055268 -0.16368 -0.095206 -0.023683 0.12268 -0.15906 -0.080396 -0.13677 -0.16918 -0.048622 0.067474 -0.20427 -0.12384 -0.058882 0.12006 -0.42804 0.078029 -0.0044476 -0.43937 -0.028003 0.16676 -0.75715 0.079997 -0.015214 -0.77305 -0.10399 0.17677 -0.81069 0.078342 -0.080984 -0.83974 0.026758 -0.10264 0.59027
-0.1445 0.003468 0.34654 0.13632 -0.020648 0.31595 0.0019229 -0.03633 0.40758 -0.00087769 -0.0090378 0.067993 -0.047219 0.0032551 -0.057922 0.054335 0.0032551 -0.051303 -0.20625 0.079865 0.099522 0.2188 -0.0045225 0.063795 -0.17665 -0.11482 -0.032278 0.12588 -0.17137 -0.076562 -0.15512 -0.18846 -0.063376 0.082776 -0.21571 -0.1312 -0.044007 0.12314 -0.42881 0.082858 -0.021286 -0.43927 -0.021076 0.1752 -0.75785 0.086214 -0.05687 -0.77127 -0.090843 0.1932 -0.81763 0.10254 -0.12123 -0.83721 0.016159 -0.11958 0.58586
-0.15564 -0.0012172 0.34725 0.13099 -0.024345 0.32607 -0.0095853 -0.044481 0.40668 -0.0025426 -0.0099403 0.067824 -0.047785 0.0037616 -0.057425 0.052895 0.0037616 -0.052749 -0.22032 0.063809 0.097711 0.20557 -0.012188 0.071231 -0.20094 -0.1275 -0.040476 0.10638 -0.17829 -0.065828 -0.17747 -0.19742 -0.078902 0.078537 -0.2204 -0.13104 -0.035759 0.13348 -0.4248 0.081484 -0.036963 -0.43934 -0.0092183 0.19311 -0.75228 0.086869 -0.094029 -0.7683 -0.074769 0.21595 -0.81507 0.1149 -0.16365 -0.82415 0.0052055 -0.1302 0.58373
-0.16313 -0.00297 0.34255 0.12636 -0.022502 0.3326 -0.018288 -0.045667 0.40631 -0.0036525 -0.0099539 0.067778 -0.049235 0.0038285 -0.056178 0.052174 0.0038285 -0.053473 -0.23866 0.047767 0.092887 0.18659 -0.009863 0.074063 -0.22422 -0.13894 -0.053745 0.1025 -0.18194 -0.064914 -0.17974 -0.19671 -0.089913 0.074953 -0.22788 -0.12793 -0.030399 0.13879 -0.42141 0.074313 -0.043376 -0.4398 0.00071101 0.21868 -0.74409 0.081152 -0.11821 -0.76512 -0.062079 0.24659 -0.80791 0.12038 -0.18884 -0.81249 -0.0020097 -0.13571 0.5812
-0.16813 -0.0067865 0.35463 0.13114 -0.025763 0.35195 -0.020187 -0.052535 0.40529 -0.0039214 -0.011131 0.067563 -0.05025 0.0041908 -0.055253 0.051246 0.0041908 -0.054314 -0.25891 0.037359 0.10876 0.17792 -0.013159 0.090573 -0.25662 -0.12332 -0.064223 0.10268 -0.18583 -0.053549 -0.19616 -0.17293 -0.09347 0.070455 -0.236 -0.11088 -0.025957 0.14259 -0.41882 0.066616 -0.03495 -0.44183 0.014251 0.2519 -0.73172 0.066706 -0.1185 -0.76509 -0.043874 0.28356 -0.79708 0.11222 -0.18221 -0.81629 -0.0033718 -0.13436 0.58373
-0.16867 -0.011588 0.3701 0.14146 -0.032601 0.37183 -0.01641 -0.060847 0.40436 -0.0033542 -0.01276 0.067319 -0.051266 0.0048924 -0.054245 0.050135 0.0048924 -0.055299 -0.27374 0.03338 0.1301 0.17853 -0.022782 0.10881 -0.2707 -0.10677 -0.060441 0.10138 -0.19076 -0.03938 -0.20757 -0.1542 -0.084356 0.074424 -0.24337 -0.09741 -0.023159 0.14824 -0.41567 0.061723 -0.015105 -0.44441 0.031748 0.28864 -0.7136 0.049508 -0.096174 -0.7681 -0.022743 0.33143 -0.77788 0.096496 -0.14428 -0.83334 0.0031899 -0.1304 0.58795
-0.16151 -0.010922 0.35549 0.14417 -0.030433 0.36327 -0.01197 -0.054274 0.40542 -0.0024669 -0.011968 0.0675 -0.052985 0.0047169 -0.052584 0.049932 0.0047169 -0.055495 -0.27098 0.031077 0.11691 0.17309 -0.021466 0.099203 -0.23517 -0.13151 -0.050992 0.11045 -0.19317 -0.051571 -0.16744 -0.17461 -0.07052 0.089716 -0.24995 -0.10859 -0.028433 0.14984 -0.41356 0.058448 0.0075119 -0.44519 0.036392 0.31961 -0.69367 0.038427 -0.063057 -0.77092 -0.014013 0.37041 -0.75696 0.08285 -0.10054 -0.84474 0.017131 -0.13037 0.58505
-0.15045 -0.007749 0.34389 0.14699 -0.024782 0.35208 -0.0051123 -0.050287 0.40609 -0.0013234 -0.011261 0.067654 -0.054042 0.0046984 -0.051505 0.049354 0.0046984 -0.056007 -0.24873 0.037346 0.10124 0.16959 -0.012251 0.087539 -0.21406 -0.12818 -0.066547 0.10627 -0.18696 -0.059716 -0.14879 -0.1761 -0.084 0.06519 -0.24432 -0.099573 -0.055473 0.14268 -0.41597 0.055052 0.03043 -0.44492 0.0069726 0.33745 -0.67979 0.026059 -0.02133 -0.77361 -0.019434 0.33583 -0.7622 0.052077 -0.085496 -0.83786 0.030604 -0.12856 0.5837
-0.14002 -0.0051348 0.33665 0.1507 -0.018895 0.34534 0.001674 -0.047186 0.40648 -0.00030691 -0.01064 0.067765 -0.05427 0.0045602 -0.051276 0.048674 0.0045602 -0.056619 -0.23261 0.042718 0.092012 0.16993 -0.0089203 0.080448 -0.17839 -0.1266 -0.061414 0.093861 -0.18077 -0.06377 -0.12226 -0.18306 -0.083077 0.042395 -0.23732 -0.097079 -0.090462 0.12117 -0.42152 0.051783 0.055834 -0.44308 -0.044591 0.33809 -0.67173 0.011818 0.033543 -0.77362 -0.05751 0.33008 -0.7655 0.04422 -0.0069866 -0.84221 0.042123 -0.12998 0.5808
-0.13498 -0.0025857 0.33252 0.1507 -0.0068859 0.34175 0.0051831 -0.042297 0.40701 0.00030045 -0.0097597 0.0679 -0.054673 0.0039077 -0.050894 0.048997 0.0039077 -0.056378 -0.22584 0.037836 0.086078 0.16996 -0.0055813 0.076623 -0.13574 -0.14009 -0.043673 0.086815 -0.17437 -0.067589 -0.084185 -0.19992 -0.068366 0.040566 -0.23036 -0.10724 -0.11862 0.08554 -0.42656 0.0398 0.081242 -0.4382 -0.11027 0.31056 -0.6723 -0.0091293 0.086676 -0.76854 -0.12048 0.3222 -0.76366 0.040003 0.10208 -0.85087 0.050864 -0.12919 0.57816
-0.13697 0.0018485 0.33269 0.14496 0.0061282 0.34107 0.0026292 -0.039362 0.40733 -0.00011899 -0.0090917 0.067992 -0.055503 0.003131 -0.050046 0.050547 0.003131 -0.055047 -0.21898 0.035485 0.08209 0.16369 -0.00069432 0.076011 -0.13013 -0.13998 -0.050251 0.080484 -0.16784 -0.069985 -0.076303 -0.1993 -0.070889 0.028863 -0.2194 -0.10899 -0.13274 0.047056 -0.42957 0.022584 0.097712 -0.43215 -0.16875 0.25592 -0.68742 -0.034211 0.12117 -0.76034 -0.1698 0.23123 -0.77748 0.011737 0.14905 -0.83725 0.050477 -0.12441 0.57878
-0.14285 0.0078496 0.32698 0.13694 -0.0032073 0.34221 -0.0084552 -0.039357 0.40725 -0.0026412 -0.0090876 0.067939 -0.055177 0.0030748 -0.050411 0.052083 0.0030748 -0.053608 -0.22384 0.062393 0.080058 0.14794 -0.019728 0.077203 -0.15202 -0.11986 -0.052814 0.052822 -0.17404 -0.075238 -0.1053 -0.18461 -0.073568 -0.011616 -0.21308 -0.10846 -0.12888 0.022491 -0.43279 0.029865 0.097435 -0.4312 -0.1707 0.19526 -0.71725 -0.043019 0.15053 -0.7531 -0.17198 0.15595 -0.80303 0.015611 0.18276 -0.8187 0.033007 -0.1339 0.57521
-0.15448 0.013928 0.32076 0.12354 -0.0051784 0.34299 -0.024108 -0.034502 0.40693 -0.0060396 -0.0094234 0.067675 -0.054175 0.0035345 -0.051454 0.053774 0.0035345 -0.05186 -0.23357 0.079085 0.075298 0.12944 -0.026198 0.078051 -0.17634 -0.1076 -0.059416 0.023186 -0.16674 -0.080634 -0.13328 -0.176 -0.078171 -0.047428 -0.19913 -0.10954 -0.12083 0.0058705 -0.43536 0.043681 0.089182 -0.43195 -0.15682 0.094932 -0.75227 -0.046079 0.192 -0.73562 -0.14314 0.068443 -0.84293 -0.0030456 0.20077 -0.81554 0.012824 -0.13633 0.57191
-0.16625 0.018153 0.3174 0.11009 -0.00094775 0.34345 -0.037844 -0.030627 0.40623 -0.0088372 -0.0088324 0.067453 -0.053167 0.0033067 -0.052511 0.055364 0.0033067 -0.050208 -0.24153 0.083443 0.071085 0.11472 -0.024016 0.078685 -0.19813 -0.10378 -0.067382 0.0022163 -0.15765 -0.081419 -0.15819 -0.17227 -0.089798 -0.070457 -0.18606 -0.10939 -0.11652 -0.0063556 -0.43724 0.052407 0.086383 -0.43113 -0.14869 -0.0068587 -0.77092 -0.046435 0.22394 -0.71958 -0.13817 -0.054322 -0.84608 -0.044334 0.18627 -0.80684 -0.0031221 -0.13262 0.57143
-0.16928 0.018539 0.31564 0.10669 -0.0022394 0.34437 -0.042054 -0.030666 0.40588 -0.0094186 -0.0070249 0.067582 -0.052952 0.0019231 -0.052796 0.055207 0.0019231 -0.050427 -0.24482 0.087199 0.070206 0.11035 -0.0247 0.07955 -0.2154 -0.098362 -0.074296 -0.0071051 -0.15597 -0.079019 -0.18176 -0.16675 -0.10648 -0.079101 -0.18531 -0.10685 -0.10218 -0.015749 -0.439 0.052865 0.081368 -0.432 -0.12194 -0.063805 -0.76875 -0.044362 0.22883 -0.71526 -0.12289 -0.14563 -0.81238 -0.06065 0.17525 -0.78931 -0.010745 -0.12951 0.57371
-0.16474 0.015462 0.31441 0.11328 0.0025645 0.34544 -0.035829 -0.023897 0.40696 -0.0075166 -0.0054927 0.067959 -0.053702 0.00052597 -0.052073 0.052724 0.00052597 -0.05304 -0.24338 0.077037 0.067898 0.11897 -0.0084848 0.079969 -0.22442 -0.095076 -0.09404 -0.00030635 -0.1384 -0.078424 -0.18867 -0.16332 -0.12402 -0.058453 -0.19035 -0.1038 -0.06237 -0.028593 -0.44037 0.044295 0.053815 -0.43891 -0.058939 -0.090177 -0.76875 -0.044524 0.22629 -0.7103 -0.0011436 -0.12008 -0.82453 -0.040193 0.21961 -0.80014 -0.0066661 -0.11546 0.57926
-0.17073 0.015991 0.31361 0.10954 0.0061772 0.34684 -0.040577 -0.017915 0.40683 -0.008502 -0.0045824 0.067906 -0.052045 -0.00020889 -0.053694 0.053863 -0.00020889 -0.051879 -0.24724 0.069828 0.065747 0.12277 0.00041431 0.0814 -0.26141 -0.082772 -0.11657 0.0041267 -0.13822 -0.069625 -0.22537 -0.15092 -0.14717 -0.041388 -0.20484 -0.090435 -0.040633 -0.044861 -0.44105 0.055708 0.038655 -0.43991 -0.029542 -0.068392 -0.77303 -0.028888 0.21741 -0.70921 0.046275 -0.099835 -0.82499 -0.030987 0.20577 -0.80148 -0.016596 -0.098649 0.58517
-0.18004 0.020006 0.31055 0.099893 0.0083081 0.34652 -0.051062 -0.012015 0.40585 -0.010536 -0.0038189 0.067682 -0.049679 -0.00070707 -0.055933 0.056688 -0.00070707 -0.048817 -0.25796 0.079384 0.060996 0.12547 0.00068794 0.082055 -0.25936 -0.083604 -0.10567 0.0075978 -0.14642 -0.061698 -0.21701 -0.14904 -0.13182 -0.032648 -0.21615 -0.079778 -0.038282 -0.041992 -0.44325 0.083913 0.039611 -0.43546 -0.020396 -0.043054 -0.77692 -0.0051606 0.21685 -0.70392 0.028334 -0.10946 -0.8206 -0.033419 0.18195 -0.78844 -0.03644 -0.082864 0.58941
-0.18252 0.024211 0.30667 0.095469 0.0098943 0.3444 -0.055421 -0.004911 0.40543 -0.010836 -0.0030522 0.067665 -0.048822 -0.0012279 -0.056653 0.057918 -0.0012279 -0.047316 -0.24543 0.059452 0.052796 0.1373 0.00090268 0.082083 -0.1915 -0.13074 -0.080143 0.020333 -0.14863 -0.059802 -0.13622 -0.18985 -0.097788 -0.020615 -0.21824 -0.077685 -0.03452 -0.015301 -0.44594 0.10586 0.037153 -0.43225 -0.00092337 -0.02945 -0.77787 0.012085 0.2267 -0.69073 0.022088 -0.10483 -0.82853 -0.020856 0.21183 -0.77591 -0.051965 -0.06829 0.59219
-0.18097 0.026144 0.30506 0.095515 0.0096184 0.34138 -0.05449 0.00075093 0.40558 -0.010406 -0.0023158 0.067761 -0.048808 -0.001543 -0.05666 0.058154 -0.001543 -0.047019 -0.19843 -0.015963 0.044589 0.15503 0.0025659 0.082452 -0.13326 -0.20041 -0.090473 0.043407 -0.15268 -0.057637 -0.072913 -0.25344 -0.11047 -0.0010676 -0.22032 -0.074571 -0.024163 0.011024 -0.44545 0.11011 0.023573 -0.43249 0.014349 0.0085793 -0.77713 0.018425 0.23397 -0.67524 0.022585 -0.068787 -0.82929 0.0062499 0.25643 -0.76421 -0.060057 -0.057613 0.59392
-0.17782 0.022704 0.30079 0.09501 0.012819 0.33552 -0.052856 0.0071248 0.40577 -0.0098235 -0.0010653 0.067899 -0.049011 -0.0020119 -0.056472 0.057633 -0.0020119 -0.047634 -0.21056 0.0024661 0.038902 0.1648 0.0093062 0.079028 -0.12257 -0.17896 -0.083406 0.067256 -0.15492 -0.061036 -0.061053 -0.23172 -0.098556 0.022073 -0.22232 -0.076949 -0.020031 0.026484 -0.44421 0.11198 0.016863 -0.43333 0.0094046 0.0479 -0.77613 0.012463 0.2456 -0.65398 0.0097311 -0.030703 -0.82689 0.0048703 0.27837 -0.74221 -0.061394 -0.055011 0.59292
-0.18856 0.017914 0.31456 0.096647 0.014059 0.34781 -0.054902 -7.974e-05 0.40547 -0.0099536 -0.0031843 0.067758 -0.048928 -0.002111 -0.056535 0.056847 -0.002111 -0.048578 -0.2442 0.026394 0.053726 0.17142 0.014488 0.092765 -0.13782 -0.15343 -0.059415 0.085185 -0.1551 -0.048791 -0.075558 -0.20712 -0.071315 0.040209 -0.22288 -0.063938 -0.021324 0.038251 -0.44322 0.11445 -0.0017694 -0.43382 0.013946 0.084225 -0.77185 0.01949 0.22894 -0.65874 0.014657 0.0056228 -0.8226 0.019234 0.27001 -0.7439 -0.063294 -0.054069 0.59474
-0.19659 0.010484 0.33242 0.10262 0.0099764 0.36274 -0.052722 -0.018872 0.4053 -0.0098322 -0.0066088 0.067577 -0.048531 -0.0022746 -0.056879 0.055524 -0.0022746 -0.050065 -0.24509 6.2567e-05 0.071483 0.17958 0.015417 0.10837 -0.13273 -0.17413 -0.04311 0.10155 -0.15872 -0.03205 -0.066843 -0.22222 -0.053949 0.059986 -0.22833 -0.048211 -0.025881 0.049438 -0.44259 0.11472 -0.025879 -0.43473 0.023076 0.11364 -0.76669 0.062412 0.16216 -0.70342 0.02826 0.03586 -0.81857 0.078515 0.19012 -0.78894 -0.06146 -0.058359 0.5985
-0.17992 -0.0028091 0.328 0.11124 0.0073208 0.35335 -0.038826 -0.029997 0.40628 -0.0079902 -0.0064577 0.067821 -0.048724 -0.002377 -0.056708 0.053518 -0.002377 -0.052204 -0.22185 -0.027607 0.066752 0.18792 0.021261 0.09923 -0.088949 -0.19421 -0.036711 0.12311 -0.16286 -0.035137 -0.014014 -0.22827 -0.041076 0.086479 -0.23453 -0.054273 -0.035309 0.061879 -0.44094 0.11418 -0.028831 -0.43636 0.0075428 0.13799 -0.76324 0.13776 0.070982 -0.75362 0.016137 0.060893 -0.81564 0.16419 0.037302 -0.83602 -0.047829 -0.07142 0.59896
-0.16508 -0.013819 0.3281 0.12254 0.014199 0.34603 -0.023114 -0.027415 0.40785 -0.0049842 -0.0060933 0.068174 -0.051095 2.1051e-05 -0.054598 0.052182 2.1051e-05 -0.053579 -0.21123 -0.049241 0.068144 0.19985 0.039775 0.093021 -0.049548 -0.20021 -0.022323 0.14676 -0.15049 -0.038334 0.032486 -0.22393 -0.028783 0.10003 -0.21543 -0.057935 -0.051388 0.082843 -0.43565 0.11737 -0.017202 -0.43752 -0.02032 0.17414 -0.75526 0.20842 0.022622 -0.75733 -0.0048499 0.099059 -0.80896 0.24567 -0.045072 -0.81392 -0.029939 -0.07567 0.59899
-0.13568 -0.014304 0.33231 0.14626 0.010834 0.32885 0.0087618 -0.027686 0.40797 0.0012421 -0.0067279 0.068204 -0.055314 0.0012963 -0.050402 0.051119 0.0012963 -0.054607 -0.17343 -0.022004 0.070608 0.22447 0.034624 0.075986 -0.051502 -0.17816 -0.049581 0.1777 -0.14596 -0.069602 0.0045844 -0.22493 -0.072207 0.12067 -0.20356 -0.087625 -0.086254 0.070847 -0.43227 0.11241 0.016513 -0.43942 -0.079596 0.15707 -0.75492 0.21717 0.068932 -0.75115 -0.068633 0.082298 -0.80991 0.22996 -0.0080452 -0.79699 -0.0032104 -0.07846 0.59818
-0.10148 -0.0017186 0.33817 0.17071 0.0031233 0.3038 0.045834 -0.022456 0.4061 0.0083404 -0.0058316 0.067848 -0.060677 0.00089045 -0.043642 0.051814 0.00089045 -0.05393 -0.13445 0.022413 0.075052 0.24835 0.023678 0.050379 -0.065041 -0.1522 -0.07296 0.19014 -0.14378 -0.10715 -0.033507 -0.2242 -0.10514 0.12671 -0.19445 -0.12191 -0.12851 0.030524 -0.42652 0.079461 0.057491 -0.43813 -0.14941 0.078582 -0.75599 0.15671 0.15854 -0.74732 -0.14933 0.00090076 -0.80834 0.14281 0.085108 -0.80586 0.024895 -0.076439 0.59471
-0.087484 0.013989 0.34494 0.17719 0.002908 0.28687 0.063717 -0.0055047 0.40422 0.012082 -0.0026731 0.067472 -0.065083 -0.00069556 -0.036865 0.05368 -0.00069556 -0.052085 -0.13714 0.036443 0.084794 0.25865 0.029542 0.035271 -0.061568 -0.14863 -0.042438 0.1679 -0.13534 -0.10874 -0.021746 -0.21668 -0.067263 0.097793 -0.17836 -0.11742 -0.15686 -0.0070693 -0.41565 0.028092 0.076661 -0.4333 -0.19374 -0.013718 -0.74746 0.079301 0.21491 -0.73288 -0.19904 -0.095812 -0.7921 0.077109 0.15928 -0.80806 0.042046 -0.069139 0.58968
-0.090032 0.017372 0.34697 0.16879 -0.0004949 0.2806 0.062105 -4.2568e-05 0.40453 0.012409 -0.001054 0.067463 -0.06547 -0.0045976 -0.035915 0.052441 -0.0045976 -0.053121 -0.14987 0.040833 0.089003 0.26739 0.022041 0.034932 -0.068907 -0.15323 -0.020212 0.14715 -0.14254 -0.085628 -0.030906 -0.222 -0.045062 0.07672 -0.18621 -0.086685 -0.17006 -0.038415 -0.40992 0.0030954 0.06609 -0.43348 -0.21375 -0.085981 -0.73764 0.044214 0.23883 -0.71608 -0.22339 -0.17145 -0.77454 0.054217 0.21041 -0.80416 0.049479 -0.073419 0.58715
-0.090059 0.021719 0.34718 0.16466 0.0083068 0.2769 0.062456 0.0068934 0.40436 0.012703 0.0004165 0.067403 -0.064365 -0.0037357 -0.037856 0.052403 -0.0037357 -0.053213 -0.15626 0.032399 0.090124 0.2721 0.03271 0.034917 -0.056007 -0.15711 -0.010232 0.15148 -0.13762 -0.077644 -0.022544 -0.22791 -0.03789 0.089464 -0.19206 -0.078509 -0.18303 -0.054736 -0.40558 -0.0038297 0.057338 -0.43397 -0.21688 -0.12813 -0.72955 0.023718 0.25154 -0.70435 -0.22409 -0.2159 -0.7612 0.03006 0.24125 -0.79768 0.055883 -0.072568 0.58485
-0.090368 0.026347 0.34651 0.16256 0.018018 0.27522 0.062216 0.014348 0.40425 0.012632 0.0016808 0.067405 -0.063731 -0.0018688 -0.03915 0.052855 -0.0018688 -0.052936 -0.15807 0.033592 0.08962 0.26723 0.045883 0.032509 -0.036069 -0.14542 -0.0070066 0.15202 -0.13246 -0.072417 -0.010351 -0.21864 -0.034409 0.091046 -0.18777 -0.071062 -0.1905 -0.059013 -0.40333 -0.0080141 0.058814 -0.43317 -0.20641 -0.14027 -0.72654 0.00098844 0.26095 -0.69864 -0.2114 -0.22877 -0.75663 -0.0015176 0.25971 -0.79165 0.059885 -0.067319 0.58378
-0.093776 0.029769 0.34314 0.15668 0.016803 0.27507 0.057281 0.01822 0.4048 0.011888 0.002401 0.067516 -0.063122 -0.0028309 -0.040028 0.05356 -0.0028309 -0.052116 -0.16133 0.048119 0.086724 0.25731 0.040213 0.030178 -0.036697 -0.1296 -0.0083213 0.13424 -0.14025 -0.061912 -0.025146 -0.20852 -0.031081 0.06654 -0.18724 -0.054032 -0.19117 -0.057748 -0.40408 -0.0091597 0.066045 -0.43062 -0.19699 -0.1265 -0.73105 -0.0059729 0.28332 -0.68435 -0.20532 -0.21455 -0.76173 -0.011629 0.29728 -0.77728 0.057177 -0.06363 0.58428
-0.091223 0.039332 0.33653 0.15311 0.014044 0.27293 0.05675 0.024135 0.40455 0.01211 0.0033957 0.067433 -0.06126 -0.0029493 -0.042815 0.05699 -0.0029493 -0.048313 -0.16625 0.04899 0.081769 0.25274 0.031204 0.027141 -0.048313 -0.13476 -0.0105 0.12232 -0.14353 -0.065933 -0.041536 -0.21648 -0.027525 0.05773 -0.19502 -0.059715 -0.19592 -0.048868 -0.40576 0.0042719 0.075145 -0.42656 -0.19465 -0.092163 -0.73811 0.022181 0.31015 -0.66504 -0.20569 -0.17994 -0.76877 0.016123 0.33677 -0.75768 0.049641 -0.05697 0.58422
-0.088814 0.047415 0.33056 0.15399 0.012063 0.2747 0.055917 0.028693 0.40441 0.011777 0.0040234 0.067462 -0.059206 -0.0032091 -0.045594 0.057645 -0.0032091 -0.047605 -0.16713 0.053412 0.076587 0.24834 0.025646 0.026382 -0.035908 -0.12366 -0.010089 0.10367 -0.14236 -0.057021 -0.00021012 -0.19184 -0.031222 0.03375 -0.1851 -0.050087 -0.18927 -0.024729 -0.41234 0.033716 0.066242 -0.4304 -0.15203 -0.040964 -0.7376 0.057214 0.22086 -0.71887 -0.16481 -0.1278 -0.76959 0.05155 0.18961 -0.79387 0.044247 -0.048386 0.58563
-0.077164 0.049307 0.32502 0.16268 0.010063 0.27309 0.06529 0.029115 0.40294 0.013069 0.0038422 0.06723 -0.058766 -0.0032239 -0.046184 0.055659 -0.0032239 -0.049851 -0.15513 0.056572 0.071035 0.249 0.0061986 0.022062 -0.026676 -0.12386 -0.012761 0.091441 -0.1475 -0.065683 0.021657 -0.18704 -0.038778 0.01859 -0.18639 -0.060252 -0.16792 -0.0008155 -0.42037 0.078885 0.038987 -0.437 -0.16492 0.024093 -0.77231 0.11528 0.05946 -0.7774 -0.18534 -0.06098 -0.80747 0.10818 -0.035985 -0.82659 0.052454 -0.043382 0.58595
-0.070916 0.04692 0.32184 0.16223 0.0033725 0.26973 0.069068 0.022287 0.4027 0.013637 0.0028125 0.067155 -0.058728 -0.0030778 -0.046195 0.054917 -0.0030778 -0.050681 -0.14836 0.055194 0.067711 0.23925 -0.023041 0.016593 -0.051239 -0.1433 -0.018176 0.082556 -0.15663 -0.10076 -0.021178 -0.21666 -0.041698 0.012975 -0.20136 -0.10115 -0.1487 0.01766 -0.4249 0.094939 -0.0085012 -0.43763 -0.11965 0.023181 -0.72999 0.14486 0.028417 -0.75694 -0.13796 -0.06279 -0.75928 0.13528 -0.033476 -0.81116 0.054208 -0.046728 0.5869
-0.078139 0.04838 0.32097 0.14943 -0.0044296 0.27061 0.058137 0.014576 0.40484 0.011464 0.001713 0.067602 -0.058186 -0.0035537 -0.046835 0.055839 -0.0035537 -0.049631 -0.15449 0.059617 0.066624 0.21702 -0.034921 0.015329 -0.084387 -0.14838 -0.02281 0.06904 -0.15757 -0.12349 -0.066467 -0.22717 -0.040451 -0.0027334 -0.19843 -0.12763 -0.15573 0.033617 -0.42237 0.057871 -0.063349 -0.43432 0.11595 -0.098144 -0.50785 0.095864 0.12911 -0.70533 0.12418 -0.19032 -0.51404 0.085816 0.15591 -0.79405 0.040025 -0.052016 0.58965
-0.050204 0.058198 0.31409 0.17263 0.005141 0.2636 0.084875 0.02494 0.40017 0.015016 0.0018519 0.067018 -0.06069 -0.0035089 -0.044037 0.053157 -0.0035089 -0.05271 -0.12582 0.068856 0.059496 0.23938 -0.027831 0.0084998 -0.065303 -0.1414 -0.031521 0.082124 -0.15552 -0.1134 -0.055499 -0.22224 -0.045971 0.0082728 -0.19246 -0.11906 -0.18668 0.034863 -0.4116 0.057401 -0.073097 -0.43775 0.16218 -0.15565 -0.40363 0.081286 -0.060174 -0.76308 0.18145 -0.25143 -0.39443 0.068899 -0.11093 -0.82372 0.066635 -0.042895 0.58449
-0.086931 0.039719 0.32193 0.14881 -0.0021191 0.27229 0.052728 0.013852 0.40328 0.0095736 0.00011459 0.067597 -0.053843 -0.0015132 -0.050955 0.057411 -0.0015132 -0.047263 -0.16196 0.047168 0.067016 0.21806 -0.035757 0.017776 -0.082918 -0.16193 -0.014102 0.056914 -0.16868 -0.09515 -0.077018 -0.2433 -0.027027 -0.014509 -0.21004 -0.099218 -0.16238 0.078392 -0.41482 0.02269 -0.083504 -0.42417 -0.0028046 0.065587 -0.59433 -0.0059863 -0.0041604 -0.70849 -0.0067238 -0.016267 -0.62106 -0.041838 -0.051988 -0.76683 0.03606 -0.052392 0.5884
-0.13584 0.029281 0.33541 0.11878 -0.015128 0.29236 0.0058473 -0.0027454 0.40997 0.0024322 -0.0022657 0.068619 -0.043368 -0.00042053 -0.061305 0.064709 -0.00042053 -0.037908 -0.20922 0.039481 0.080187 0.18203 -0.053384 0.037166 -0.14342 -0.17904 0.021866 0.017995 -0.17437 -0.083208 -0.14489 -0.26096 0.0084141 -0.052893 -0.21668 -0.085287 -0.10196 0.14834 -0.41765 -0.02316 -0.084796 -0.40902 -0.077099 0.18997 -0.74322 -0.11126 0.14317 -0.63683 -0.10061 0.11572 -0.79621 -0.16514 0.15006 -0.71385 -0.010868 -0.059726 0.59803
-0.11189 0.057448 0.33539 0.14945 -0.0085176 0.30354 0.024806 0.0051665 0.40839 0.0060648 -0.0024863 0.068284 -0.041354 -0.0022209 -0.0623 0.065567 -0.0022209 -0.035945 -0.18296 0.07636 0.079969 0.19779 -0.059766 0.047256 -0.16185 -0.15618 0.039193 0.023423 -0.15924 -0.078718 -0.16623 -0.23709 0.022243 -0.051966 -0.19306 -0.08199 -0.075951 0.1856 -0.40213 -0.022022 -0.058238 -0.41165 0.053238 -0.047456 -0.60022 -0.13716 -0.063602 -0.72345 0.041531 -0.13837 -0.6186 -0.17959 -0.12894 -0.77426 0.0069476 -0.04109 0.59932
-0.12482 0.050037 0.33705 0.14447 -0.013468 0.31221 0.013089 -0.0011426 0.40877 0.0045497 -0.0026999 0.068371 -0.039819 -0.0024885 -0.063208 0.066987 -0.0024885 -0.033093 -0.19567 0.067829 0.081482 0.18581 -0.072308 0.056256 -0.12075 -0.14917 0.031046 0.024816 -0.17284 -0.0856 -0.095606 -0.22382 0.011327 -0.049194 -0.20935 -0.091303 -0.072918 0.19405 -0.39811 -0.045467 -0.070055 -0.39947 0.048065 -0.08119 -0.57144 -0.19044 -0.17094 -0.71923 0.037658 -0.17469 -0.58475 -0.23047 -0.2677 -0.74839 -0.0026334 -0.048632 0.5996
-0.14008 0.037623 0.33846 0.13046 -0.027917 0.31323 -9.0452e-05 -0.008601 0.40929 0.0025311 -0.002974 0.068502 -0.03909 -0.0011065 -0.063787 0.068405 -0.0011065 -0.030291 -0.21102 0.05315 0.082775 0.17131 -0.089663 0.057977 -0.1373 -0.16639 0.035664 0.011843 -0.2028 -0.075406 -0.10669 -0.24155 0.017088 -0.062581 -0.23851 -0.078583 -0.083507 0.18683 -0.40249 -0.063979 -0.081443 -0.38903 0.015668 -0.068 -0.57892 -0.13919 0.04187 -0.62278 0.0030815 -0.15575 -0.59658 -0.17615 0.040563 -0.67235 -0.014929 -0.061998 0.5986
-0.14522 0.027806 0.33686 0.12313 -0.043016 0.31067 -0.0051094 -0.016216 0.40886 0.0016737 -0.0039792 0.068463 -0.039465 0.00056792 -0.063548 0.069044 0.00056792 -0.028775 -0.2161 0.042275 0.081091 0.164 -0.10362 0.055111 -0.18128 -0.19135 0.051937 -0.0022639 -0.22886 -0.058736 -0.1651 -0.27052 0.034176 -0.078048 -0.26203 -0.057958 -0.10538 0.1701 -0.4082 -0.081594 -0.10954 -0.37045 -0.0048439 -0.098928 -0.59233 -0.1131 0.17705 -0.56903 -0.01229 -0.19884 -0.60216 -0.15557 0.2089 -0.65054 -0.019016 -0.07298 0.59728
-0.1463 0.02187 0.33414 0.11621 -0.045195 0.30418 -0.0065253 -0.018832 0.40871 0.0014047 -0.0041182 0.068453 -0.040751 0.0010483 -0.062708 0.069417 0.0010483 -0.02783 -0.21717 0.035454 0.078321 0.15437 -0.10347 0.04767 -0.18784 -0.19798 0.05126 -0.010206 -0.23073 -0.065765 -0.17405 -0.27688 0.030724 -0.084949 -0.26613 -0.065659 -0.13607 0.15009 -0.41006 -0.094089 -0.13449 -0.35428 -0.014608 -0.11471 -0.56693 -0.18557 0.068263 -0.60288 -0.023883 -0.20196 -0.58475 -0.23478 0.039881 -0.67354 -0.018762 -0.077344 0.5967
-0.13301 0.037889 0.33268 0.10951 -0.028661 0.28581 0.0060338 -0.0019284 0.40906 0.0033401 -0.0011784 0.068491 -0.043101 0.00012077 -0.061086 0.069892 0.00012077 -0.026548 -0.20327 0.054115 0.076849 0.14364 -0.089166 0.029254 -0.19483 -0.17625 0.024052 -0.023755 -0.20294 -0.093914 -0.17751 -0.25394 0.0016127 -0.09921 -0.23683 -0.096469 -0.16135 0.14038 -0.4051 -0.069172 -0.079433 -0.37965 0.043619 -0.11036 -0.39321 -0.16498 0.12951 -0.62113 0.007656 -0.09285 -0.46123 -0.19606 0.19531 -0.63455 -0.0084917 -0.065265 0.59531
-0.13617 0.034488 0.3296 0.090979 -0.034103 0.27571 0.00025079 -0.0077472 0.40945 0.00176 -0.0027809 0.068541 -0.043392 0.00096296 -0.061112 0.070567 0.00096296 -0.025313 -0.20602 0.052728 0.073781 0.12482 -0.095064 0.019227 -0.20931 -0.17224 -0.0026353 -0.053598 -0.20353 -0.092691 -0.19526 -0.25129 -0.022193 -0.13166 -0.23017 -0.090439 -0.15423 0.15006 -0.40361 -0.077736 -0.06394 -0.38535 0.047555 -0.1153 -0.32338 -0.15706 0.16993 -0.61153 0.0031907 -0.05354 -0.39425 -0.20713 0.27572 -0.59834 -0.016891 -0.076145 0.59369
-0.11191 0.041776 0.324 0.10427 -0.031448 0.27062 0.018534 -0.0098131 0.40806 0.0042872 -0.0034727 0.068272 -0.048852 0.00032854 -0.056366 0.067395 0.00032854 -0.031763 -0.1809 0.063058 0.068203 0.13796 -0.092884 0.014183 -0.19561 -0.15223 -0.02891 -0.05359 -0.19398 -0.082104 -0.18194 -0.23211 -0.045182 -0.13435 -0.2113 -0.07495 -0.18637 0.13903 -0.39417 -0.02423 -0.030932 -0.40084 0.028521 -0.094605 -0.31538 -0.095319 0.18608 -0.64298 -0.0047548 -0.03236 -0.37216 -0.12701 0.21242 -0.60109 -5.7193e-05 -0.078655 0.59199
-0.081521 0.053895 0.32226 0.13622 -0.016994 0.27067 0.046858 -0.0021144 0.40662 0.0092305 -0.0022024 0.067951 -0.05339 3.0838e-05 -0.052317 0.062982 3.0838e-05 -0.040477 -0.15012 0.076805 0.066485 0.17202 -0.0768 0.014206 -0.17325 -0.1333 -0.040581 -0.024125 -0.16895 -0.081688 -0.15353 -0.21221 -0.055809 -0.10492 -0.18461 -0.075526 -0.27214 0.074464 -0.36556 0.065171 0.029499 -0.43152 0.016581 -0.067278 -0.26874 -0.0031062 0.21475 -0.70122 -0.0088784 0.00039044 -0.32771 0.019773 0.1646 -0.61737 0.03037 -0.067574 0.59197
-0.11109 0.031276 0.32898 0.12939 -0.028039 0.28368 0.024435 -0.014676 0.40814 0.0059483 -0.005036 0.068141 -0.04634 0.003978 -0.058517 0.064079 0.003978 -0.038418 -0.1808 0.051051 0.073248 0.17432 -0.080246 0.026991 -0.19398 -0.16663 -0.019176 -0.016632 -0.17567 -0.075945 -0.17464 -0.24595 -0.032725 -0.094719 -0.20181 -0.072217 -0.31922 0.008649 -0.33752 0.051502 0.034776 -0.42784 -0.01286 -0.080575 -0.23555 -0.0088703 0.21142 -0.7049 -0.044394 -0.0097539 -0.2842 0.0068638 0.1845 -0.61479 0.013203 -0.077278 0.59487
-0.11129 0.042267 0.3316 0.13606 -0.030129 0.29199 0.022539 -0.011694 0.4084 0.0046495 -0.0049982 0.068259 -0.049617 0.0012764 -0.055862 0.065248 0.0012764 -0.036388 -0.17982 0.065811 0.075887 0.1839 -0.081778 0.035654 -0.20246 -0.15484 -0.0091804 -0.0098525 -0.16712 -0.07097 -0.19182 -0.23596 -0.020617 -0.088592 -0.19616 -0.068017 -0.29594 0.058051 -0.34966 0.067647 0.072673 -0.4172 0.0069966 -0.050904 -0.26825 0.026668 0.23709 -0.70458 -0.029739 0.048387 -0.30266 0.038856 0.21104 -0.61741 0.0088518 -0.070177 0.5963
-0.1158 0.048946 0.33163 0.13852 -0.022994 0.30112 0.016895 -0.0072369 0.409 0.0035123 -0.0041298 0.068422 -0.047223 -0.00072544 -0.058034 0.066344 -0.00072544 -0.034853 -0.18413 0.073352 0.075925 0.1897 -0.072938 0.045126 -0.19206 -0.15216 0.0075001 0.0051633 -0.16774 -0.068905 -0.18035 -0.23248 -0.0078725 -0.075166 -0.17152 -0.057189 -0.35097 -0.0068348 -0.31532 0.074433 0.1076 -0.41126 -0.044484 -0.11119 -0.22786 0.048953 0.25347 -0.71066 -0.048066 -0.10029 -0.27466 0.068062 0.21462 -0.62659 0.0053606 -0.063121 0.5978
-0.11361 0.040686 0.33012 0.14602 -0.010958 0.30127 0.02263 -0.00531 0.40816 0.0051723 -0.0033988 0.068251 -0.045507 0.00074676 -0.058861 0.064216 0.00074676 -0.038038 -0.18328 0.061271 0.074437 0.20481 -0.051686 0.04529 -0.16432 -0.16828 0.017234 0.049659 -0.17563 -0.084061 -0.1395 -0.24482 -0.001856 -0.030387 -0.16802 -0.069225 -0.27611 -0.11828 -0.30702 0.071653 0.14164 -0.39992 0.04578 -0.16176 -0.23687 0.048753 0.27361 -0.70575 0.057898 -0.21962 -0.30434 0.069898 0.22846 -0.62691 0.016126 -0.06306 0.59667
-0.066129 0.049238 0.32467 0.18128 0.0055551 0.28242 0.070886 0.0060674 0.4029 0.013287 -0.0011405 0.067272 -0.05949 0.00029005 -0.045159 0.056987 0.00029005 -0.048396 -0.13584 0.069791 0.068995 0.24639 -0.023782 0.026394 -0.12094 -0.15514 -0.0041719 0.12152 -0.1628 -0.11933 -0.087061 -0.22912 -0.018937 0.044231 -0.19117 -0.11959 0.069516 -0.077084 -0.39685 0.11082 0.18772 -0.38566 0.40221 -0.062289 -0.41944 0.084106 0.31584 -0.69284 0.36314 -0.0099348 -0.48219 0.10035 0.25966 -0.61981 0.061485 -0.05679 0.58964
-0.039503 0.062182 0.31802 0.19902 0.014899 0.27156 0.095269 0.015427 0.39803 0.017752 0.00064493 0.066314 -0.062697 -0.001661 -0.041306 0.052986 -0.001661 -0.052918 -0.10839 0.085263 0.062348 0.26656 -0.0077464 0.015461 -0.089765 -0.13908 -0.011666 0.15497 -0.14908 -0.13889 -0.059163 -0.21456 -0.025789 0.083585 -0.19252 -0.1453 0.15227 -0.096939 -0.37424 0.14285 0.14979 -0.40096 0.47318 -0.05828 -0.43611 0.11559 0.27953 -0.70743 0.41852 -0.002535 -0.4937 0.1254 0.22073 -0.63515 0.08424 -0.051097 0.58342
-0.038377 0.070939 0.31351 0.19285 0.020891 0.26882 0.092645 0.02122 0.39786 0.016776 0.0015079 0.066455 -0.061377 -0.0027783 -0.042429 0.051594 -0.0027783 -0.05402 -0.10649 0.09625 0.057831 0.26224 0.0034977 0.012848 -0.081925 -0.12985 -0.0090211 0.16287 -0.14206 -0.14532 -0.054033 -0.20579 -0.026345 0.095887 -0.1889 -0.15371 0.16001 -0.10976 -0.33369 0.14773 0.077563 -0.42322 0.50911 -0.047404 -0.38041 0.12231 0.21402 -0.72688 0.45188 0.017149 -0.43824 0.12959 0.15805 -0.65221 0.080345 -0.048043 0.58215
-0.039462 0.077122 0.31128 0.1863 0.025441 0.26765 0.08867 0.025325 0.39877 0.015146 0.001981 0.066889 -0.061153 -0.0029345 -0.043033 0.050629 -0.0029345 -0.055003 -0.10694 0.10401 0.055597 0.2575 0.012596 0.011883 -0.086485 -0.12358 -0.007091 0.16704 -0.13796 -0.14735 -0.055787 -0.19778 -0.02678 0.1019 -0.18803 -0.15798 0.19754 -0.090867 -0.32454 0.14524 0.068296 -0.4255 0.45253 -0.062066 -0.46521 0.12078 0.21167 -0.72608 0.4195 -0.033394 -0.51261 0.12524 0.15527 -0.65159 0.074581 -0.045557 0.58233
-0.036007 0.082679 0.31096 0.18873 0.027442 0.26673 0.091268 0.02801 0.39795 0.015305 0.0023126 0.066827 -0.060903 -0.0030015 -0.043319 0.050406 -0.0030015 -0.055182 -0.1029 0.11099 0.055273 0.26067 0.017178 0.011061 -0.09027 -0.11759 -0.0060881 0.17037 -0.13374 -0.1478 -0.05677 -0.19057 -0.025859 0.10618 -0.1846 -0.15922 0.204 -0.08126 -0.31818 0.1494 0.12977 -0.40817 0.23701 -0.14782 -0.64755 0.12412 0.27715 -0.70672 0.24735 -0.23813 -0.67821 0.12243 0.2156 -0.63621 0.075927 -0.042986 0.58136
-0.044335 0.084304 0.31352 0.18021 0.02829 0.26841 0.082893 0.028321 0.39973 0.013816 0.0021524 0.067153 -0.061239 -0.0028237 -0.04285 0.052309 -0.0028237 -0.053379 -0.11098 0.1132 0.057837 0.2528 0.019904 0.012853 -0.093325 -0.11529 -0.0025493 0.16758 -0.13238 -0.14748 -0.061482 -0.18878 -0.023168 0.10381 -0.18372 -0.15906 0.20522 -0.072691 -0.31803 0.14393 0.16469 -0.39367 0.21494 -0.16271 -0.65106 0.11776 0.31691 -0.68969 0.2078 -0.25466 -0.6871 0.11292 0.25273 -0.6217 0.066835 -0.042711 0.58306
-0.053887 0.085292 0.31607 0.17059 0.028549 0.27038 0.073207 0.02797 0.40166 0.012183 0.0019402 0.06748 -0.060792 -0.0027275 -0.043505 0.053968 -0.0027275 -0.051734 -0.12034 0.11447 0.060368 0.2438 0.021417 0.014953 -0.09478 -0.11347 0.00068596 0.16272 -0.13184 -0.14663 -0.066022 -0.18793 -0.020871 0.099206 -0.1835 -0.1584 0.21236 -0.06354 -0.31607 0.13721 0.18012 -0.38553 0.17463 -0.16436 -0.62428 0.11102 0.3346 -0.68039 0.154 -0.24886 -0.64753 0.10482 0.26957 -0.61338 0.05692 -0.043006 0.585
-0.059433 0.084916 0.31765 0.16579 0.028932 0.2716 0.068025 0.027745 0.40259 0.01123 0.0018969 0.067648 -0.059729 -0.0028829 -0.044916 0.055056 -0.0028829 -0.050548 -0.12579 0.11471 0.061991 0.23934 0.0224 0.016289 -0.095305 -0.11249 0.0018723 0.16032 -0.13092 -0.14628 -0.067937 -0.18728 -0.020594 0.097087 -0.18286 -0.15827 0.19077 -0.065638 -0.33526 0.13443 0.1905 -0.37962 0.12367 -0.18515 -0.63754 0.10818 0.34539 -0.67426 0.1101 -0.2788 -0.64532 0.10148 0.2799 -0.60771 0.051815 -0.042802 0.58609
-0.064397 0.086776 0.3195 0.16107 0.028843 0.27288 0.062783 0.02712 0.40346 0.010016 0.0018382 0.067834 -0.058705 -0.0031083 -0.04627 0.056262 -0.0031083 -0.049194 -0.13065 0.11623 0.063783 0.23526 0.02311 0.017681 -0.094631 -0.11031 0.0041494 0.15749 -0.13031 -0.14532 -0.068965 -0.18544 -0.018898 0.094378 -0.18237 -0.15734 0.14693 -0.067624 -0.3715 0.13127 0.19861 -0.37421 0.14338 -0.19135 -0.68638 0.10505 0.35398 -0.66859 0.13579 -0.28389 -0.69672 0.098334 0.28811 -0.60243 0.046661 -0.042717 0.58725
-0.074635 0.088613 0.32264 0.15119 0.027631 0.27495 0.052273 0.025566 0.40505 0.0079268 0.0015897 0.068115 -0.056731 -0.003268 -0.048694 0.057568 -0.003268 -0.047648 -0.14071 0.11773 0.066847 0.2258 0.023127 0.019783 -0.093426 -0.10657 0.0064167 0.14865 -0.13026 -0.1434 -0.074352 -0.1837 -0.016116 0.085422 -0.18216 -0.15539 0.13299 -0.041675 -0.38742 0.12282 0.20449 -0.37102 0.12251 -0.13418 -0.72394 0.097301 0.36009 -0.66534 0.11143 -0.22554 -0.74019 0.090784 0.29397 -0.59941 0.035897 -0.043347 0.58917
-0.092989 0.057922 0.32567 0.14334 0.027653 0.27673 0.043687 0.023437 0.40624 0.0070629 0.0013727 0.068224 -0.051615 -0.0036148 -0.053897 0.058918 -0.0036148 -0.045944 -0.15994 0.094342 0.070894 0.21538 0.022962 0.02147 -0.097176 -0.11995 -0.0082936 0.14017 -0.12855 -0.14561 -0.088347 -0.19979 -0.030368 0.07706 -0.18095 -0.15719 0.12363 -0.010774 -0.40108 0.11694 0.20679 -0.36839 -0.10252 -0.019472 -0.56898 0.090666 0.36253 -0.66261 -0.1245 -0.10757 -0.59359 0.085359 0.29629 -0.59666 0.026696 -0.043643 0.59097
-0.10372 0.026521 0.32817 0.14145 0.019827 0.27858 0.040245 0.017236 0.40685 0.006682 4.2663e-05 0.068267 -0.049391 -0.0021095 -0.056175 0.060037 -0.0021095 -0.04456 -0.17217 0.05197 0.072957 0.22549 0.023554 0.02451 -0.083889 -0.15032 -0.012504 0.12654 -0.13072 -0.12347 -0.093612 -0.22792 -0.03496 0.059869 -0.17891 -0.12854 0.12281 -0.00086073 -0.40769 0.12331 0.21221 -0.36556 -0.23329 0.054261 -0.43444 0.10671 0.36784 -0.66042 -0.27848 -0.024728 -0.45378 0.097897 0.3018 -0.59476 0.024654 -0.04857 0.59216
-0.10573 0.015979 0.33059 0.14204 0.0050418 0.281 0.038279 0.0070375 0.40732 0.0055028 -0.0026207 0.068327 -0.050501 0.00087139 -0.055169 0.06117 0.00087139 -0.043039 -0.17724 0.019257 0.074461 0.20831 -0.0043588 0.026112 -0.067573 -0.17743 -0.00010423 0.066214 -0.15965 -0.084444 -0.095988 -0.25255 -0.024776 -0.0079408 -0.19651 -0.079669 0.091633 0.014096 -0.41613 0.1368 0.18205 -0.37819 -0.22211 0.10772 -0.41085 0.14047 0.34015 -0.6723 -0.28857 0.042646 -0.41458 0.12583 0.27624 -0.60548 0.025017 -0.058676 0.59285
-0.11327 0.012789 0.33337 0.13936 -0.0063617 0.28517 0.031327 -0.0044066 0.40784 0.0032279 -0.0055251 0.068299 -0.050216 0.0027129 -0.055372 0.062344 0.0027129 -0.04124 -0.18871 0.015571 0.078478 0.14151 -0.058471 0.025072 -0.085032 -0.18509 0.0063743 -0.019349 -0.20136 -0.075353 -0.10563 -0.26077 -0.023017 -0.096741 -0.23086 -0.070491 0.0018832 0.066264 -0.4357 0.14076 0.095295 -0.41105 -0.28678 0.21963 -0.3745 0.16492 0.25716 -0.70212 -0.36188 0.16592 -0.36816 0.14822 0.19789 -0.63162 0.018779 -0.070308 0.59335
-0.1263 0.011151 0.33614 0.13379 -0.014301 0.29336 0.017645 -0.017771 0.40819 0.00019779 -0.0078618 0.068135 -0.050852 0.0031665 -0.054762 0.062245 0.0031665 -0.041363 -0.20024 0.025137 0.081302 0.16471 -0.040816 0.03217 -0.11972 -0.18502 0.0079618 0.025062 -0.16897 -0.10715 -0.089693 -0.24783 -0.026543 -0.042205 -0.21337 -0.11819 -0.048677 0.10772 -0.43164 0.12792 0.0462 -0.42439 -0.31604 0.2957 -0.35367 0.17421 0.20137 -0.71626 -0.40927 0.24858 -0.34134 0.15283 0.14555 -0.64426 0.0071512 -0.083975 0.59372
-0.13788 0.0084597 0.33809 0.12899 -0.017548 0.30102 0.0058259 -0.026043 0.40826 -0.001539 -0.0086199 0.068046 -0.051738 0.0028821 -0.053946 0.061454 0.0028821 -0.042543 -0.20868 0.032069 0.082917 0.19446 -0.013045 0.041566 -0.13478 -0.1796 0.005702 0.060651 -0.13707 -0.1109 -0.080164 -0.23715 -0.02749 -0.0017489 -0.19008 -0.12742 -0.06556 0.12337 -0.42376 0.11209 0.025032 -0.42778 -0.31828 0.32697 -0.34973 0.17238 0.17399 -0.72062 -0.36238 0.32318 -0.38266 0.1478 0.11953 -0.64854 -0.00070156 -0.093696 0.59344
-0.14528 0.0055999 0.339 0.12633 -0.017496 0.30627 -0.00095872 -0.028129 0.40816 -0.0017484 -0.0081367 0.068084 -0.05224 0.0024859 -0.053475 0.060605 0.0024859 -0.043774 -0.21413 0.034012 0.083897 0.19051 -0.0096481 0.04974 -0.12927 -0.17185 0.0026384 0.042531 -0.1388 -0.082722 -0.086533 -0.23469 -0.025734 -0.024523 -0.18617 -0.090502 -0.071575 0.12312 -0.42398 0.10038 0.015158 -0.43165 -0.31831 0.33746 -0.35294 0.16607 0.15997 -0.72512 -0.27447 0.39306 -0.44949 0.14136 0.10536 -0.65325 -0.0026107 -0.097883 0.59268
-0.15033 0.0056375 0.33919 0.1248 -0.018225 0.31106 -0.0062357 -0.029621 0.40809 -0.002021 -0.0078549 0.068116 -0.052773 0.0024375 -0.052954 0.059843 0.0024375 -0.04481 -0.21766 0.037915 0.084089 0.20909 0.0003671 0.059661 -0.13334 -0.16866 0.0041982 0.078895 -0.13115 -0.088398 -0.082652 -0.22586 -0.027417 0.011692 -0.17888 -0.095115 -0.071939 0.12504 -0.42248 0.089559 0.025387 -0.4328 -0.31122 0.34865 -0.35743 0.16209 0.15619 -0.73133 -0.27704 0.3998 -0.42798 0.13683 0.10086 -0.66018 -0.0035184 -0.10017 0.59229
