-0.15763 0.018387 0.32939 0.12256 0.023149 0.33246 -0.017765 -0.011685 0.40869 -0.0030731 -0.0043904 0.068387 -0.051408 -0.0010397 -0.054325 0.05327 -0.0010397 -0.0525 -0.21543 0.016093 0.069961 0.16991 -0.0071512 0.072672 -0.22101 0.0073402 -0.16681 0.16479 -0.17873 0.23608 -0.20349 0.010986 -0.24755 0.18461 -0.2212 0.30422 -0.042552 0.078535 -0.43581 0.096625 0.0057744 -0.43982 0.011422 0.12581 -0.76191 0.10244 0.012419 -0.7736 -0.043032 0.09986 -0.83348 0.09137 -0.041272 -0.84947 0.014779 -0.062238 0.59657
-0.15749 0.019418 0.32912 0.12272 0.021007 0.33262 -0.017984 -0.011553 0.40868 -0.003158 -0.0043452 0.068386 -0.051254 -0.0014043 -0.054459 0.05333 -0.0014043 -0.052429 -0.21584 0.018436 0.069814 0.17297 -0.012681 0.074009 -0.22109 0.010328 -0.16699 0.16317 -0.17936 0.24174 -0.20435 0.013468 -0.24791 0.18197 -0.21312 0.3136 -0.041294 0.079142 -0.43571 0.096322 0.0044252 -0.43981 0.013426 0.12616 -0.76172 0.10206 0.011855 -0.77357 -0.041453 0.10128 -0.83333 0.092077 -0.041303 -0.85025 0.014446 -0.063145 0.59631
-0.15738 0.020349 0.32883 0.12284 0.019323 0.33266 -0.018212 -0.011357 0.40868 -0.0032402 -0.0042934 0.068386 -0.051117 -0.0017294 -0.054577 0.053398 -0.0017294 -0.052349 -0.21623 0.020598 0.069637 0.17512 -0.017501 0.074957 -0.22116 0.013052 -0.16719 0.16189 -0.17971 0.24665 -0.20515 0.015795 -0.24827 0.18024 -0.20741 0.32113 -0.040123 0.079596 -0.43563 0.096072 0.0031149 -0.43977 0.015296 0.12642 -0.76155 0.10175 0.01128 -0.77352 -0.039965 0.10255 -0.83321 0.093454 -0.040164 -0.8515 0.014115 -0.064032 0.59602
-0.1573 0.021194 0.32853 0.12291 0.017988 0.33258 -0.018443 -0.011111 0.40867 -0.0033193 -0.0042368 0.068385 -0.050997 -0.0020158 -0.054679 0.053473 -0.0020158 -0.052263 -0.2166 0.022598 0.06944 0.17652 -0.021679 0.075566 -0.22122 0.015545 -0.16741 0.16089 -0.1798 0.2509 -0.20588 0.017989 -0.24863 0.17928 -0.2037 0.32704 -0.039032 0.079926 -0.43557 0.095861 0.0018534 -0.43973 0.017042 0.1266 -0.7614 0.10149 0.010713 -0.77346 -0.038563 0.1037 -0.83312 0.095345 -0.038117 -0.85309 0.01379 -0.064891 0.59572
-0.15725 0.021968 0.32823 0.12295 0.016894 0.33241 -0.018672 -0.010831 0.40867 -0.0033954 -0.0041771 0.068385 -0.050893 -0.0022641 -0.054767 0.053552 -0.0022641 -0.052172 -0.21695 0.024461 0.069235 0.1773 -0.025281 0.075884 -0.22128 0.01784 -0.16763 0.16014 -0.17964 0.25454 -0.20655 0.020074 -0.24897 0.17896 -0.2016 0.33156 -0.038013 0.080162 -0.43553 0.095676 0.00065092 -0.43968 0.018671 0.12674 -0.76127 0.10128 0.010174 -0.77339 -0.03724 0.10476 -0.83303 0.097589 -0.035423 -0.85488 0.013474 -0.065714 0.59541
-0.15721 0.022686 0.32793 0.12295 0.015931 0.33215 -0.018897 -0.01053 0.40867 -0.0034681 -0.0041161 0.068385 -0.050806 -0.0024751 -0.054841 0.053634 -0.0024751 -0.052079 -0.21728 0.026208 0.069033 0.17764 -0.028374 0.07596 -0.22133 0.019969 -0.16785 0.15959 -0.17924 0.25767 -0.20716 0.022074 -0.2493 0.17917 -0.20075 0.33491 -0.037061 0.080333 -0.43549 0.095504 -0.00048264 -0.43962 0.020195 0.12685 -0.76114 0.10111 0.0096806 -0.77331 -0.035991 0.10575 -0.83296 0.10003 -0.032345 -0.85675 0.013169 -0.066493 0.5951
-0.15718 0.023362 0.32765 0.12292 0.014993 0.33183 -0.01911 -0.010223 0.40867 -0.0035374 -0.0040557 0.068385 -0.050733 -0.0026494 -0.054901 0.053716 -0.0026494 -0.051986 -0.21759 0.027861 0.068845 0.17769 -0.031024 0.075843 -0.22136 0.021964 -0.16805 0.1592 -0.17862 0.26034 -0.20771 0.024011 -0.24959 0.17976 -0.20078 0.33731 -0.036169 0.080469 -0.43546 0.095334 -0.0015372 -0.43956 0.021621 0.12697 -0.76101 0.10096 0.0092535 -0.77323 -0.034811 0.10671 -0.83289 0.10251 -0.029146 -0.85856 0.01288 -0.06722 0.59479
-0.15715 0.02401 0.3274 0.12287 0.01397 0.33145 -0.019309 -0.0099235 0.40867 -0.003603 -0.0039977 0.068386 -0.050676 -0.0027877 -0.054948 0.053797 -0.0027877 -0.051896 -0.21787 0.029442 0.068683 0.17759 -0.033299 0.075581 -0.22139 0.023858 -0.16823 0.15891 -0.17779 0.26263 -0.20819 0.02591 -0.24984 0.18061 -0.20131 0.33897 -0.035331 0.0806 -0.43542 0.095151 -0.0025028 -0.4395 0.022959 0.12712 -0.76088 0.10083 0.0089116 -0.77316 -0.033694 0.10766 -0.83281 0.10487 -0.026087 -0.86017 0.012609 -0.067888 0.59451
-0.15712 0.024647 0.32718 0.1228 0.012754 0.33104 -0.019489 -0.0096471 0.40867 -0.0036648 -0.0039439 0.068385 -0.050634 -0.0028908 -0.054982 0.053873 -0.0028908 -0.051812 -0.21814 0.030973 0.068557 0.1775 -0.035265 0.075223 -0.22141 0.025683 -0.16836 0.15869 -0.17677 0.26461 -0.20861 0.027793 -0.25004 0.1816 -0.20198 0.34014 -0.034539 0.080755 -0.43537 0.094943 -0.0033693 -0.43944 0.024218 0.12732 -0.76074 0.10069 0.0086741 -0.77308 -0.032634 0.10863 -0.83271 0.10696 -0.023432 -0.86147 0.012359 -0.068487 0.59424
-0.15708 0.025286 0.32702 0.12272 0.011236 0.3306 -0.019644 -0.0094078 0.40867 -0.0037226 -0.003896 0.068385 -0.050607 -0.0029593 -0.055004 0.053943 -0.0029593 -0.051735 -0.21838 0.032477 0.068479 0.17757 -0.036989 0.074818 -0.22141 0.027471 -0.16845 0.15849 -0.17557 0.26635 -0.20897 0.029684 -0.25018 0.18259 -0.20241 0.34102 -0.033788 0.080964 -0.4353 0.094697 -0.0041268 -0.4394 0.025407 0.1276 -0.76058 0.10054 0.0085603 -0.77301 -0.031626 0.10964 -0.8326 0.10861 -0.021442 -0.8623 0.012134 -0.069011 0.59401
-0.15702 0.025943 0.32691 0.12262 0.0093078 0.33015 -0.01977 -0.0092201 0.40866 -0.0037763 -0.0038559 0.068384 -0.050594 -0.0029939 -0.055013 0.054005 -0.0029939 -0.051668 -0.2186 0.033975 0.068461 0.17797 -0.038537 0.074415 -0.2214 0.029256 -0.16848 0.15826 -0.17421 0.26793 -0.20926 0.031607 -0.25025 0.18345 -0.20223 0.34184 -0.033071 0.081257 -0.4352 0.0944 -0.0047651 -0.43937 0.026536 0.12797 -0.7604 0.10037 0.0085895 -0.77295 -0.030664 0.11072 -0.83246 0.10966 -0.020379 -0.86255 0.011937 -0.06945 0.59382
-0.15694 0.026631 0.32687 0.12252 0.0068614 0.32971 -0.019864 -0.0090983 0.40866 -0.0038256 -0.0038253 0.068383 -0.050595 -0.0029953 -0.055012 0.054056 -0.0029953 -0.051614 -0.21879 0.03549 0.068514 0.17883 -0.039977 0.074063 -0.22138 0.031068 -0.16843 0.15795 -0.17271 0.26942 -0.20948 0.033584 -0.25023 0.18405 -0.20107 0.34282 -0.032382 0.081663 -0.43507 0.09404 -0.0052743 -0.43935 0.027613 0.12848 -0.76019 0.10016 0.0087808 -0.7729 -0.029743 0.11191 -0.83228 0.10997 -0.020507 -0.86207 0.01177 -0.069798 0.59368
-0.15683 0.027366 0.3269 0.12241 0.003788 0.32929 -0.019919 -0.009057 0.40866 -0.0038705 -0.0038062 0.068382 -0.050609 -0.0029642 -0.055 0.054095 -0.0029642 -0.051575 -0.21897 0.037044 0.068648 0.18032 -0.041375 0.07381 -0.22134 0.032942 -0.1683 0.15753 -0.17106 0.27088 -0.20964 0.03564 -0.25013 0.18427 -0.19856 0.34419 -0.031714 0.082211 -0.43491 0.093603 -0.0056444 -0.43936 0.028647 0.12913 -0.75994 0.099901 0.0091537 -0.77287 -0.028857 0.11322 -0.83206 0.10937 -0.022086 -0.86074 0.011637 -0.070046 0.59359
-0.15668 0.02816 0.32702 0.12231 1.6368e-05 0.3289 -0.019932 -0.0091065 0.40866 -0.0039107 -0.0037997 0.06838 -0.050637 -0.0029015 -0.054977 0.054119 -0.0029015 -0.051553 -0.21911 0.038655 0.068873 0.18256 -0.042803 0.073702 -0.22129 0.034903 -0.16809 0.15694 -0.16934 0.27238 -0.20974 0.037791 -0.24993 0.18399 -0.19445 0.34612 -0.031061 0.082927 -0.4347 0.09308 -0.0058685 -0.43939 0.029647 0.12996 -0.75965 0.099586 0.0097214 -0.77286 -0.028002 0.11468 -0.83179 0.10774 -0.025306 -0.85846 0.011541 -0.070187 0.59357
-0.1565 0.02901 0.32722 0.12222 -0.0042776 0.32856 -0.019905 -0.009231 0.40865 -0.0039459 -0.003804 0.068377 -0.050676 -0.0028091 -0.054946 0.05413 -0.0028091 -0.051546 -0.21923 0.040316 0.06918 0.18547 -0.044365 0.073761 -0.22122 0.03694 -0.16779 0.15618 -0.16779 0.27382 -0.20977 0.040016 -0.24963 0.18313 -0.18937 0.34845 -0.030427 0.08379 -0.43446 0.092484 -0.0059614 -0.43944 0.03061 0.13093 -0.75933 0.099223 0.010459 -0.77286 -0.027179 0.11627 -0.83148 0.10525 -0.029853 -0.85536 0.011474 -0.070226 0.5936
-0.15629 0.029906 0.32749 0.12214 -0.0088171 0.32826 -0.019843 -0.0094035 0.40865 -0.003976 -0.0038158 0.068374 -0.050724 -0.0026895 -0.054907 0.05413 -0.0026895 -0.051553 -0.21932 0.04201 0.069554 0.18887 -0.046179 0.073999 -0.22114 0.039026 -0.16742 0.15524 -0.1668 0.27508 -0.20974 0.042281 -0.24926 0.18162 -0.18428 0.35088 -0.029818 0.084767 -0.43419 0.091837 -0.0059464 -0.43951 0.03153 0.13204 -0.75898 0.098829 0.011325 -0.77288 -0.026395 0.11796 -0.83114 0.10218 -0.035213 -0.85169 0.011428 -0.070168 0.59369
-0.15606 0.030839 0.3278 0.12208 -0.013325 0.32801 -0.019747 -0.0095974 0.40865 -0.0040006 -0.0038316 0.068372 -0.05078 -0.0025452 -0.054863 0.054121 -0.0025452 -0.051571 -0.21938 0.043719 0.06998 0.19261 -0.048362 0.074431 -0.22106 0.041135 -0.167 0.15412 -0.16671 0.27603 -0.20964 0.044548 -0.24883 0.17943 -0.18015 0.35313 -0.029239 0.085821 -0.4339 0.09116 -0.005847 -0.43959 0.0324 0.13323 -0.75861 0.098424 0.01228 -0.77291 -0.025654 0.11972 -0.83078 0.098791 -0.040871 -0.84766 0.011393 -0.07002 0.59382
-0.1558 0.031798 0.32816 0.12204 -0.017524 0.32781 -0.019623 -0.0097857 0.40865 -0.0040195 -0.0038483 0.06837 -0.05084 -0.0023785 -0.054815 0.054104 -0.0023785 -0.051597 -0.21941 0.045427 0.070442 0.19652 -0.051034 0.075069 -0.22097 0.043239 -0.16654 0.15281 -0.1679 0.27652 -0.20949 0.04678 -0.24836 0.17648 -0.17796 0.3549 -0.028697 0.086919 -0.4336 0.090476 -0.0056866 -0.43968 0.033216 0.13449 -0.75824 0.098023 0.013281 -0.77295 -0.024962 0.1215 -0.8304 0.095373 -0.04631 -0.84352 0.01136 -0.069791 0.59399
-0.15553 0.032774 0.32854 0.12202 -0.021138 0.32768 -0.019475 -0.0099418 0.40866 -0.0040325 -0.0038625 0.068369 -0.050904 -0.0021919 -0.054763 0.054081 -0.0021919 -0.051628 -0.2194 0.047115 0.070926 0.20044 -0.05431 0.075926 -0.22089 0.045313 -0.16606 0.1513 -0.17073 0.27643 -0.20927 0.048942 -0.24786 0.17273 -0.17867 0.35589 -0.028198 0.088024 -0.4333 0.089807 -0.0054889 -0.43977 0.033969 0.13578 -0.75786 0.097644 0.014289 -0.77299 -0.024324 0.12327 -0.83002 0.092198 -0.051015 -0.8395 0.01132 -0.069488 0.59418
-0.15525 0.033752 0.32894 0.12205 -0.023919 0.3276 -0.019303 -0.010047 0.40867 -0.0040388 -0.0038719 0.068369 -0.050968 -0.0019882 -0.054711 0.054055 -0.0019882 -0.051663 -0.21935 0.048759 0.071417 0.2042 -0.058303 0.077019 -0.22081 0.047321 -0.16557 0.14962 -0.17551 0.27564 -0.209 0.050992 -0.24735 0.16815 -0.18314 0.35585 -0.027752 0.089104 -0.43301 0.089173 -0.0052705 -0.43987 0.034651 0.13708 -0.7575 0.097302 0.015271 -0.77304 -0.023749 0.12501 -0.82965 0.089518 -0.054517 -0.83581 0.011268 -0.069117 0.5944
-0.15493 0.034667 0.32935 0.12213 -0.025889 0.32757 -0.019086 -0.010149 0.40869 -0.0040351 -0.0038838 0.06837 -0.051035 -0.0017737 -0.054657 0.054026 -0.0017737 -0.051701 -0.21925 0.050278 0.071916 0.20779 -0.063074 0.078392 -0.22071 0.049177 -0.16508 0.14794 -0.18226 0.27428 -0.20869 0.052856 -0.24682 0.16302 -0.19121 0.3549 -0.027395 0.09015 -0.43273 0.088574 -0.0049919 -0.43997 0.035202 0.1384 -0.75715 0.096984 0.016279 -0.77309 -0.023292 0.12671 -0.82928 0.087374 -0.056752 -0.83251 0.011237 -0.068697 0.59463
-0.15456 0.035426 0.32978 0.12232 -0.027205 0.32758 -0.018789 -0.010334 0.4087 -0.0040165 -0.00391 0.06837 -0.051105 -0.0015562 -0.054597 0.053992 -0.0015562 -0.051744 -0.21909 0.051558 0.072432 0.21123 -0.068655 0.080107 -0.22059 0.050764 -0.16456 0.14651 -0.19082 0.27257 -0.20836 0.054439 -0.24628 0.15776 -0.2022 0.35332 -0.027178 0.091163 -0.43246 0.088002 -0.004584 -0.44006 0.035545 0.13975 -0.75681 0.096664 0.017403 -0.77313 -0.023026 0.12837 -0.82893 0.085696 -0.057862 -0.82961 0.011277 -0.068248 0.5949
-0.15412 0.035939 0.33023 0.12264 -0.028026 0.32759 -0.018378 -0.010687 0.40871 -0.003978 -0.0039625 0.068369 -0.051182 -0.0013436 -0.054531 0.053953 -0.0013436 -0.05179 -0.21887 0.052487 0.072973 0.21457 -0.075079 0.082224 -0.22041 0.051963 -0.16402 0.14559 -0.20104 0.27074 -0.20803 0.055646 -0.24572 0.15281 -0.21544 0.35141 -0.027154 0.092146 -0.4322 0.087448 -0.0039775 -0.44016 0.035598 0.14116 -0.75647 0.096313 0.018738 -0.77317 -0.023026 0.13 -0.82859 0.084415 -0.057994 -0.82709 0.011442 -0.06779 0.5952
-0.15357 0.036115 0.33072 0.12314 -0.028512 0.32759 -0.01782 -0.011291 0.40872 -0.0039148 -0.0040532 0.068367 -0.051267 -0.0011439 -0.054456 0.053908 -0.0011439 -0.051842 -0.21858 0.052951 0.073546 0.21783 -0.082379 0.084804 -0.22014 0.052658 -0.16345 0.14543 -0.21274 0.26902 -0.20772 0.056384 -0.24513 0.1486 -0.23023 0.34946 -0.027374 0.0931 -0.43194 0.086903 -0.0031032 -0.44025 0.035282 0.14266 -0.75615 0.095905 0.020375 -0.77321 -0.023367 0.13161 -0.82826 0.083461 -0.057293 -0.82494 0.011783 -0.067346 0.59555
-0.15288 0.035861 0.33125 0.12386 -0.02882 0.32757 -0.01708 -0.012231 0.40871 -0.003822 -0.0041942 0.068362 -0.051363 -0.00096501 -0.054369 0.053856 -0.00096501 -0.051901 -0.21821 0.052838 0.074161 0.22106 -0.090589 0.087908 -0.21978 0.052732 -0.16283 0.1463 -0.22578 0.26765 -0.20746 0.056559 -0.24452 0.14555 -0.2459 0.34778 -0.02789 0.094028 -0.43169 0.086358 -0.0018919 -0.44035 0.034516 0.14426 -0.75584 0.095414 0.022408 -0.77324 -0.024123 0.13319 -0.82795 0.082764 -0.055903 -0.82315 0.012351 -0.066936 0.59595
-0.15205 0.035098 0.33182 0.12483 -0.029104 0.3275 -0.016128 -0.013582 0.40869 -0.0036953 -0.0043959 0.068355 -0.051471 -0.00081434 -0.054269 0.053795 -0.00081434 -0.051966 -0.21775 0.052047 0.074824 0.22429 -0.099727 0.091587 -0.2193 0.052081 -0.16217 0.14842 -0.23998 0.26684 -0.20725 0.056086 -0.24388 0.14406 -0.26179 0.34664 -0.028746 0.094931 -0.43144 0.085806 -0.00028241 -0.44044 0.033229 0.14599 -0.75553 0.094813 0.024918 -0.77326 -0.025362 0.13477 -0.82765 0.082256 -0.05397 -0.8217 0.013194 -0.066579 0.59641
-0.15109 0.033857 0.33242 0.12603 -0.02945 0.32738 -0.014987 -0.015299 0.40865 -0.0035371 -0.0046525 0.068344 -0.051591 -0.00069365 -0.054155 0.053728 -0.00069365 -0.052037 -0.21722 0.050617 0.075524 0.22748 -0.10964 0.095775 -0.21871 0.050748 -0.16147 0.1517 -0.25501 0.26669 -0.20711 0.055008 -0.24323 0.14411 -0.2775 0.34617 -0.029922 0.095804 -0.43119 0.085241 0.0016929 -0.44053 0.031455 0.14783 -0.75524 0.094103 0.027865 -0.77328 -0.027053 0.13632 -0.82737 0.081888 -0.051614 -0.82056 0.014289 -0.066272 0.59691
-0.15004 0.032248 0.33303 0.12737 -0.029898 0.32724 -0.013711 -0.017258 0.40861 -0.0033545 -0.0049476 0.068331 -0.05172 -0.00060106 -0.054032 0.053654 -0.00060106 -0.052113 -0.21666 0.048676 0.076238 0.23055 -0.12005 0.10033 -0.21806 0.048876 -0.16076 0.15585 -0.27044 0.26719 -0.20704 0.053447 -0.24257 0.14543 -0.29281 0.34638 -0.03135 0.096639 -0.43094 0.08466 0.0039411 -0.44061 0.029294 0.14974 -0.75495 0.093297 0.031131 -0.77328 -0.029105 0.13783 -0.8271 0.081621 -0.048942 -0.81967 0.015569 -0.065996 0.59744
-0.14897 0.030378 0.33362 0.1288 -0.030488 0.32708 -0.012358 -0.019337 0.40856 -0.0031546 -0.0052646 0.068316 -0.051857 -0.00053458 -0.053901 0.053577 -0.00053458 -0.052192 -0.21611 0.046353 0.076942 0.23344 -0.1307 0.10512 -0.2174 0.046607 -0.16005 0.16056 -0.28583 0.26834 -0.20703 0.051526 -0.24193 0.14773 -0.3075 0.34731 -0.032963 0.097427 -0.4307 0.08406 0.0063685 -0.4407 0.026846 0.15168 -0.75467 0.09241 0.034593 -0.77329 -0.031427 0.1393 -0.82684 0.08142 -0.046061 -0.81896 0.016969 -0.065732 0.59798
-0.14791 0.028357 0.33418 0.13024 -0.031263 0.32691 -0.010983 -0.02141 0.40851 -0.0029445 -0.0055868 0.068301 -0.051998 -0.00049227 -0.053766 0.053498 -0.00049227 -0.052274 -0.2156 0.04378 0.077613 0.23606 -0.14132 0.11 -0.21677 0.044084 -0.15938 0.16554 -0.30076 0.27016 -0.20709 0.049367 -0.24133 0.15072 -0.32134 0.34896 -0.034695 0.09816 -0.43046 0.08344 0.0088811 -0.44078 0.024213 0.1536 -0.7544 0.091457 0.03813 -0.77329 -0.033926 0.14069 -0.82659 0.081247 -0.043079 -0.81838 0.018421 -0.065461 0.59849
-0.14692 0.026294 0.33469 0.13163 -0.03226 0.32676 -0.0096415 -0.023355 0.40845 -0.0027312 -0.0058976 0.068287 -0.052142 -0.00047214 -0.053628 0.053419 -0.00047214 -0.052356 -0.21517 0.041087 0.078228 0.23834 -0.15164 0.11483 -0.21621 0.041448 -0.15877 0.17049 -0.31478 0.27263 -0.2072 0.047096 -0.24078 0.15412 -0.33411 0.35137 -0.036478 0.098827 -0.43024 0.082796 0.011385 -0.44085 0.021497 0.15547 -0.75415 0.090453 0.041624 -0.77329 -0.03651 0.14199 -0.82635 0.081064 -0.040102 -0.81786 0.019858 -0.065165 0.59896
-0.14605 0.02429 0.33512 0.1329 -0.033519 0.32663 -0.0083846 -0.025054 0.40841 -0.0025211 -0.0061811 0.068273 -0.052286 -0.00047281 -0.05349 0.053341 -0.00047281 -0.052438 -0.21485 0.038395 0.078765 0.24022 -0.1614 0.11947 -0.21577 0.038834 -0.15823 0.17512 -0.32749 0.27576 -0.20737 0.044825 -0.2403 0.15767 -0.34562 0.35454 -0.038249 0.09942 -0.43002 0.082124 0.013793 -0.44093 0.018791 0.15724 -0.7539 0.089409 0.044958 -0.7733 -0.039093 0.14319 -0.82612 0.080835 -0.03723 -0.81735 0.021219 -0.064825 0.59936
-0.14526 0.022344 0.33548 0.13409 -0.035036 0.32652 -0.0071717 -0.026489 0.40837 -0.0023088 -0.0064342 0.068261 -0.052429 -0.00050169 -0.053353 0.053268 -0.00050169 -0.052515 -0.21459 0.035708 0.079227 0.24181 -0.17057 0.12401 -0.21541 0.036232 -0.15777 0.17963 -0.33893 0.27951 -0.20757 0.04252 -0.23988 0.1615 -0.35607 0.3584 -0.040021 0.099925 -0.42981 0.081401 0.016115 -0.44099 0.016062 0.15889 -0.75367 0.088289 0.04814 -0.77329 -0.041698 0.14427 -0.82589 0.080508 -0.034455 -0.81681 0.022515 -0.064437 0.5997
-0.14445 0.020367 0.3358 0.13528 -0.036772 0.32638 -0.0058892 -0.027721 0.40832 -0.0020796 -0.0066638 0.068249 -0.052573 -0.00057333 -0.053213 0.053206 -0.00057333 -0.05258 -0.21426 0.032932 0.079636 0.24337 -0.17933 0.12865 -0.21504 0.033517 -0.15737 0.18452 -0.34953 0.28377 -0.20774 0.04003 -0.23952 0.16607 -0.36598 0.3628 -0.041866 0.10032 -0.42961 0.080583 0.01844 -0.44102 0.013179 0.16044 -0.75344 0.08702 0.051269 -0.77325 -0.044434 0.14518 -0.82566 0.080023 -0.03168 -0.81625 0.023817 -0.064006 0.59999
-0.14352 0.018271 0.33611 0.1366 -0.038687 0.32617 -0.0044216 -0.028817 0.40827 -0.0018186 -0.0068772 0.068235 -0.05272 -0.00070248 -0.053067 0.053161 -0.00070248 -0.052626 -0.21374 0.029972 0.080015 0.24515 -0.18783 0.13362 -0.21457 0.03056 -0.15699 0.19035 -0.3597 0.28846 -0.20783 0.037198 -0.23918 0.17184 -0.37588 0.36757 -0.043857 0.1006 -0.42941 0.079629 0.020859 -0.441 0.010005 0.1619 -0.75321 0.085528 0.054448 -0.77317 -0.047413 0.14589 -0.82544 0.079322 -0.028807 -0.81566 0.025199 -0.063537 0.60024
-0.14237 0.015965 0.33643 0.13815 -0.040744 0.32587 -0.0026533 -0.02984 0.40819 -0.0015107 -0.0070816 0.06822 -0.05287 -0.00090388 -0.052913 0.053136 -0.00090388 -0.052646 -0.21291 0.026731 0.080385 0.24742 -0.19624 0.13914 -0.2139 0.027234 -0.15662 0.19764 -0.36987 0.2935 -0.20778 0.033868 -0.23885 0.17927 -0.38629 0.37258 -0.046069 0.10072 -0.4292 0.078497 0.023464 -0.44092 0.0064057 0.16327 -0.75299 0.083738 0.057781 -0.77301 -0.050747 0.14638 -0.82521 0.078343 -0.025736 -0.81504 0.026734 -0.063036 0.60045
-0.14091 0.013361 0.33681 0.14003 -0.042903 0.32543 -0.00046883 -0.030855 0.4081 -0.0011411 -0.0072841 0.068202 -0.053024 -0.0011923 -0.052749 0.053139 -0.0011923 -0.052633 -0.21162 0.023112 0.080771 0.25045 -0.20473 0.14545 -0.21295 0.02341 -0.15623 0.20695 -0.38045 0.29878 -0.20755 0.029883 -0.23851 0.18883 -0.39776 0.37766 -0.048574 0.10069 -0.42898 0.077145 0.026345 -0.44074 0.0022447 0.16457 -0.75276 0.081575 0.06137 -0.77277 -0.054547 0.1466 -0.82498 0.077027 -0.022369 -0.81438 0.028493 -0.062507 0.60066
-0.13904 0.010373 0.33726 0.14234 -0.045125 0.32483 0.0022414 -0.031925 0.40797 -0.00069538 -0.0074918 0.06818 -0.053184 -0.0015814 -0.05257 0.053174 -0.0015814 -0.05258 -0.20978 0.019027 0.081193 0.25447 -0.21346 0.15275 -0.21163 0.018967 -0.1558 0.21878 -0.39186 0.30423 -0.20708 0.025099 -0.23813 0.20096 -0.41078 0.38266 -0.051442 0.10047 -0.42876 0.075532 0.029591 -0.44046 -0.0026059 0.1658 -0.75253 0.078969 0.065315 -0.77242 -0.058919 0.14654 -0.82475 0.075316 -0.018612 -0.81367 0.030548 -0.061957 0.60086
-0.13676 0.007047 0.33778 0.14508 -0.047376 0.32408 0.0054474 -0.033048 0.40781 -0.00017753 -0.0077041 0.068155 -0.053349 -0.0020607 -0.052379 0.053239 -0.0020607 -0.05249 -0.20741 0.014538 0.081658 0.25947 -0.22238 0.16103 -0.20995 0.013972 -0.15532 0.23306 -0.40405 0.30974 -0.20637 0.019619 -0.23772 0.21559 -0.42529 0.3875 -0.054649 0.10008 -0.42852 0.073671 0.033177 -0.44008 -0.0081046 0.16695 -0.75229 0.07594 0.069591 -0.77197 -0.063824 0.14619 -0.82452 0.073214 -0.014491 -0.81294 0.032882 -0.061388 0.60106
-0.13422 0.0035568 0.33836 0.14811 -0.049627 0.32328 0.0089794 -0.034162 0.40763 0.0003906 -0.007913 0.068127 -0.053518 -0.0025957 -0.052178 0.053325 -0.0025957 -0.052374 -0.20469 0.0098557 0.082158 0.26515 -0.23129 0.17006 -0.20805 0.0086744 -0.1548 0.24913 -0.4166 0.31523 -0.20546 0.013794 -0.23727 0.23216 -0.44065 0.39215 -0.058078 0.099563 -0.42827 0.071621 0.036973 -0.43962 -0.01404 0.16801 -0.75205 0.072597 0.074057 -0.77145 -0.069082 0.14562 -0.82428 0.070785 -0.010149 -0.81219 0.035395 -0.060802 0.60125
-0.13153 8.164e-05 0.33896 0.1513 -0.051849 0.32251 0.012662 -0.035203 0.40744 0.00098632 -0.00811 0.068098 -0.053688 -0.0031507 -0.051972 0.053423 -0.0031507 -0.052244 -0.20182 0.0052012 0.082682 0.27119 -0.23996 0.17958 -0.20606 0.0033342 -0.15426 0.26633 -0.42901 0.32059 -0.20439 0.007987 -0.23679 0.25008 -0.45621 0.39658 -0.061606 0.098955 -0.42802 0.069446 0.040842 -0.43911 -0.020194 0.16898 -0.75181 0.069055 0.078564 -0.77087 -0.074503 0.14488 -0.82405 0.068098 -0.005738 -0.81145 0.037984 -0.060198 0.60143
-0.12883 -0.0031989 0.33956 0.15453 -0.054012 0.32187 0.016319 -0.036105 0.40725 0.001587 -0.008287 0.068068 -0.053859 -0.0036901 -0.051764 0.053523 -0.0036901 -0.05211 -0.19899 0.00079363 0.083223 0.27727 -0.24815 0.18934 -0.20411 -0.00179 -0.1537 0.28396 -0.44083 0.32573 -0.20323 0.0025608 -0.23626 0.26877 -0.4713 0.40077 -0.065111 0.0983 -0.42778 0.067211 0.044647 -0.43858 -0.026348 0.16982 -0.75158 0.065427 0.082964 -0.77026 -0.079899 0.14404 -0.82382 0.065218 -0.0014062 -0.81074 0.040546 -0.059578 0.60158
-0.12625 -0.0061053 0.34013 0.15765 -0.056087 0.32144 0.019775 -0.036803 0.40707 0.0021698 -0.0084354 0.068038 -0.054027 -0.0041783 -0.051558 0.053617 -0.0041783 -0.051984 -0.19639 -0.0031475 0.08377 0.2831 -0.25564 0.1991 -0.20234 -0.0064391 -0.15313 0.30134 -0.45158 0.33057 -0.202 -0.002122 -0.23571 0.28764 -0.48526 0.40469 -0.068471 0.097638 -0.42753 0.064977 0.048254 -0.43804 -0.032282 0.17052 -0.75135 0.061828 0.087111 -0.76966 -0.085083 0.14315 -0.8236 0.062215 0.0026962 -0.81008 0.042977 -0.058942 0.6017
-0.12391 -0.0084619 0.34064 0.16055 -0.058045 0.32132 0.022858 -0.037233 0.40691 0.0027127 -0.0085473 0.068011 -0.054192 -0.0045802 -0.051357 0.053694 -0.0045802 -0.051878 -0.1942 -0.0064068 0.084314 0.28836 -0.26221 0.20861 -0.20088 -0.010359 -0.15256 0.31782 -0.46081 0.33499 -0.20077 -0.0057057 -0.23513 0.3061 -0.49744 0.40833 -0.071568 0.097009 -0.4273 0.062807 0.051526 -0.43753 -0.037784 0.17107 -0.75113 0.05837 0.090857 -0.76908 -0.08987 0.14227 -0.82339 0.059154 0.0064224 -0.80948 0.045176 -0.058291 0.60179
-0.12185 -0.01022 0.34109 0.16316 -0.059892 0.3215 0.025528 -0.037382 0.40677 0.0032106 -0.0086202 0.067984 -0.054353 -0.004882 -0.051164 0.053749 -0.004882 -0.051799 -0.19249 -0.0089131 0.084852 0.29298 -0.26776 0.21764 -0.19977 -0.013456 -0.152 0.33311 -0.46831 0.33878 -0.19956 -0.0080765 -0.23452 0.32395 -0.50756 0.41143 -0.074375 0.096422 -0.42707 0.060716 0.054423 -0.43706 -0.042804 0.17146 -0.75092 0.055081 0.094156 -0.76854 -0.094219 0.14141 -0.82319 0.056054 0.0097217 -0.80895 0.047119 -0.057629 0.60183
-0.11996 -0.01149 0.34149 0.16555 -0.061669 0.32187 0.027912 -0.037295 0.40664 0.0036796 -0.0086594 0.067958 -0.054513 -0.0050962 -0.050975 0.053781 -0.0050962 -0.051747 -0.1911 -0.010775 0.085388 0.29715 -0.27236 0.22601 -0.19893 -0.01584 -0.15144 0.34745 -0.47425 0.34155 -0.19841 -0.0094211 -0.23387 0.34139 -0.51579 0.41349 -0.076988 0.095843 -0.42686 0.058657 0.057016 -0.43661 -0.0475 0.17167 -0.75073 0.051888 0.097081 -0.76804 -0.098267 0.14051 -0.823 0.052878 0.012664 -0.80849 0.048884 -0.056967 0.60183
-0.11814 -0.01239 0.34186 0.16776 -0.063425 0.3223 0.030144 -0.037024 0.4065 0.0041371 -0.0086703 0.067931 -0.054672 -0.0052369 -0.050789 0.053788 -0.0052369 -0.051724 -0.1899 -0.01211 0.085928 0.30108 -0.27609 0.23355 -0.19828 -0.017632 -0.15087 0.36111 -0.47881 0.34292 -0.19735 -0.0099452 -0.23319 0.35868 -0.52233 0.41398 -0.079507 0.095238 -0.42665 0.056581 0.059382 -0.4362 -0.052043 0.17169 -0.75055 0.048712 0.099715 -0.76757 -0.10216 0.13952 -0.82283 0.049583 0.015325 -0.80807 0.050553 -0.056313 0.60179
-0.11629 -0.013042 0.34222 0.16987 -0.065205 0.32268 0.032361 -0.03662 0.40635 0.0046008 -0.0086585 0.0679 -0.054834 -0.0053183 -0.050603 0.053771 -0.0053183 -0.051731 -0.18874 -0.01304 0.086477 0.305 -0.27903 0.24007 -0.19774 -0.018953 -0.15029 0.37434 -0.48215 0.3425 -0.19641 -0.0098543 -0.23246 0.37605 -0.5274 0.41239 -0.082032 0.094573 -0.42644 0.054439 0.061599 -0.4358 -0.056602 0.1715 -0.75039 0.045473 0.10214 -0.76711 -0.10606 0.13836 -0.82267 0.046126 0.017783 -0.80769 0.052206 -0.055678 0.60171
-0.11432 -0.013565 0.34257 0.17191 -0.067055 0.32288 0.034698 -0.036134 0.40617 0.005088 -0.0086296 0.067865 -0.055 -0.0053545 -0.050414 0.053726 -0.0053545 -0.05177 -0.18748 -0.013682 0.08704 0.30913 -0.28125 0.2454 -0.19721 -0.019924 -0.14968 0.3874 -0.48446 0.33988 -0.19561 -0.009354 -0.23168 0.39376 -0.53119 0.40818 -0.084665 0.093811 -0.42624 0.05218 0.063746 -0.43542 -0.061348 0.17111 -0.75024 0.042091 0.10443 -0.76668 -0.1101 0.137 -0.82252 0.042467 0.020114 -0.80732 0.053926 -0.05507 0.60159
-0.11211 -0.014077 0.34295 0.17396 -0.069022 0.32279 0.03729 -0.035616 0.40596 0.0056161 -0.008589 0.067823 -0.055172 -0.0053596 -0.050222 0.053654 -0.0053596 -0.05184 -0.18598 -0.014156 0.087621 0.31367 -0.28284 0.24936 -0.19662 -0.020666 -0.14905 0.40056 -0.48591 0.33471 -0.195 -0.008649 -0.23086 0.41205 -0.5339 0.40085 -0.087506 0.092919 -0.42603 0.049757 0.065901 -0.43504 -0.066448 0.17049 -0.75011 0.038489 0.10668 -0.76625 -0.11443 0.13535 -0.82238 0.038563 0.022395 -0.80696 0.055795 -0.054501 0.60144
-0.10964 -0.014643 0.34335 0.17604 -0.071086 0.32236 0.040173 -0.035089 0.4057 0.0061884 -0.0085388 0.067775 -0.055352 -0.0053431 -0.050024 0.053556 -0.0053431 -0.051941 -0.18418 -0.014541 0.088221 0.31868 -0.28386 0.25195 -0.19594 -0.021267 -0.14838 0.41389 -0.4866 0.32707 -0.19457 -0.0078878 -0.22998 0.43091 -0.53564 0.39052 -0.090584 0.091885 -0.42583 0.047159 0.068093 -0.43467 -0.071956 0.16965 -0.74999 0.034646 0.10891 -0.76583 -0.1191 0.13342 -0.82225 0.034421 0.024657 -0.8066 0.057841 -0.053972 0.60126
-0.10702 -0.015238 0.34378 0.17811 -0.073132 0.32169 0.043233 -0.034531 0.40542 0.0067874 -0.008476 0.067723 -0.055537 -0.0053073 -0.049822 0.053437 -0.0053073 -0.052067 -0.18219 -0.014856 0.088831 0.32398 -0.28436 0.25345 -0.19521 -0.021764 -0.1477 0.42718 -0.48649 0.31787 -0.19435 -0.0071314 -0.22909 0.44991 -0.53635 0.37829 -0.093824 0.090736 -0.42562 0.044438 0.07028 -0.43432 -0.077743 0.1686 -0.74989 0.030636 0.11108 -0.76542 -0.124 0.13124 -0.82213 0.030124 0.026861 -0.80624 0.060014 -0.05348 0.60104
-0.10435 -0.015832 0.34421 0.18013 -0.075036 0.32086 0.046346 -0.033918 0.40513 0.0073931 -0.008397 0.06767 -0.055725 -0.0052541 -0.049617 0.053302 -0.0052541 -0.052211 -0.18013 -0.015114 0.089442 0.32936 -0.2844 0.25414 -0.19448 -0.02219 -0.147 0.44022 -0.48555 0.30803 -0.19431 -0.0064334 -0.22818 0.46862 -0.53596 0.36535 -0.097137 0.089501 -0.42541 0.041648 0.072413 -0.43397 -0.083668 0.16738 -0.74979 0.02654 0.11316 -0.76503 -0.12901 0.12888 -0.82202 0.025757 0.028962 -0.8059 0.062255 -0.053018 0.60081
-0.10176 -0.016396 0.34464 0.18207 -0.076673 0.31997 0.049383 -0.033224 0.40484 0.0079862 -0.008298 0.067617 -0.055916 -0.0051851 -0.04941 0.053155 -0.0051851 -0.052368 -0.1781 -0.015329 0.090044 0.33463 -0.28404 0.25434 -0.19382 -0.022576 -0.14631 0.45276 -0.48374 0.29851 -0.19445 -0.0058475 -0.22729 0.4866 -0.5344 0.35289 -0.10044 0.088208 -0.4252 0.038846 0.074443 -0.43365 -0.089586 0.16601 -0.74971 0.022439 0.11509 -0.76465 -0.13399 0.12637 -0.82191 0.021409 0.030916 -0.80556 0.064508 -0.052582 0.60056
-0.099346 -0.016899 0.34507 0.18389 -0.077919 0.31912 0.05222 -0.032425 0.40457 0.0085468 -0.0081757 0.067567 -0.056107 -0.0051022 -0.049203 0.053003 -0.0051022 -0.052532 -0.17622 -0.015514 0.09063 0.33956 -0.28331 0.25434 -0.19326 -0.022956 -0.14563 0.46458 -0.48101 0.29026 -0.19478 -0.0054274 -0.22644 0.50339 -0.5316 0.34211 -0.10364 0.086887 -0.42498 0.036088 0.07632 -0.43334 -0.095355 0.1645 -0.74963 0.018415 0.11684 -0.7643 -0.13883 0.12379 -0.82181 0.017167 0.032679 -0.80525 0.066713 -0.052163 0.60031
-0.097224 -0.01731 0.34547 0.18555 -0.07865 0.31841 0.05473 -0.031496 0.40433 0.0090554 -0.0080263 0.067522 -0.056297 -0.005007 -0.048997 0.052851 -0.005007 -0.052695 -0.1746 -0.015682 0.091189 0.34397 -0.28229 0.25443 -0.19288 -0.023363 -0.14498 0.47545 -0.47734 0.2842 -0.19528 -0.0052264 -0.22564 0.51855 -0.52749 0.33417 -0.10666 0.085566 -0.42477 0.03343 0.077997 -0.43306 -0.10083 0.16289 -0.74954 0.014547 0.11835 -0.76398 -0.1434 0.12117 -0.82172 0.013118 0.034206 -0.80496 0.068813 -0.051758 0.60005
-0.095452 -0.017612 0.34585 0.18704 -0.078815 0.31788 0.056847 -0.030433 0.40413 0.0095015 -0.0078498 0.067484 -0.056484 -0.0049012 -0.048792 0.052701 -0.0049012 -0.052856 -0.17331 -0.015842 0.091717 0.34775 -0.281 0.2548 -0.19268 -0.023812 -0.14436 0.48526 -0.47275 0.28081 -0.19594 -0.005273 -0.2249 0.53187 -0.52214 0.32958 -0.10945 0.084268 -0.42456 0.030909 0.079448 -0.43281 -0.10593 0.16119 -0.74946 0.010889 0.1196 -0.76368 -0.14763 0.11856 -0.82162 0.0093148 0.035477 -0.8047 0.07077 -0.051358 0.59979
-0.093982 -0.017815 0.34621 0.18837 -0.078506 0.31751 0.058622 -0.029269 0.40397 0.0098917 -0.0076523 0.067452 -0.056668 -0.0047863 -0.04859 0.052555 -0.0047863 -0.053012 -0.17231 -0.015987 0.092219 0.35099 -0.27951 0.25545 -0.19266 -0.024289 -0.14377 0.4941 -0.46748 0.27958 -0.19674 -0.0055472 -0.22423 0.5436 -0.51585 0.32746 -0.11201 0.082999 -0.42434 0.028525 0.080694 -0.43258 -0.11066 0.15944 -0.74938 0.0074357 0.12063 -0.76342 -0.15153 0.11598 -0.82153 0.0057389 0.036521 -0.80446 0.072579 -0.05095 0.59954
-0.092754 -0.017929 0.34655 0.18958 -0.077828 0.31726 0.06012 -0.028044 0.40384 0.010235 -0.0074411 0.067424 -0.056848 -0.0046636 -0.048391 0.052412 -0.0046636 -0.053164 -0.17155 -0.016111 0.092701 0.35383 -0.27784 0.25632 -0.19277 -0.024775 -0.1432 0.50211 -0.46175 0.27993 -0.19765 -0.0060235 -0.22361 0.55404 -0.50896 0.32677 -0.11437 0.081765 -0.42413 0.026277 0.081761 -0.43238 -0.11506 0.15764 -0.7493 0.0041763 0.12146 -0.76318 -0.15514 0.11344 -0.82144 0.0023651 0.037374 -0.80425 0.074241 -0.050522 0.59931
-0.091709 -0.017967 0.34686 0.19068 -0.076891 0.31709 0.061405 -0.026795 0.40372 0.01054 -0.0072232 0.067399 -0.057025 -0.0045344 -0.048194 0.052272 -0.0045344 -0.053312 -0.171 -0.016208 0.093168 0.35639 -0.27605 0.25738 -0.193 -0.025254 -0.14264 0.50941 -0.4558 0.28125 -0.19864 -0.0066764 -0.22305 0.56348 -0.50182 0.32649 -0.11655 0.080572 -0.42392 0.024161 0.082676 -0.4322 -0.11915 0.15583 -0.74922 0.0011003 0.12215 -0.76296 -0.15847 0.11096 -0.82135 -0.00083199 0.038069 -0.80405 0.075758 -0.05006 0.59908
-0.090786 -0.017939 0.34716 0.19172 -0.0758 0.31695 0.06254 -0.025562 0.40362 0.010815 -0.0070057 0.067377 -0.057198 -0.0044003 -0.048001 0.052135 -0.0044003 -0.053457 -0.17059 -0.016271 0.093626 0.35878 -0.27416 0.25859 -0.19331 -0.025705 -0.1421 0.51613 -0.44986 0.28294 -0.19969 -0.0074802 -0.22252 0.57222 -0.49475 0.32559 -0.11858 0.079425 -0.42371 0.022174 0.083465 -0.43205 -0.12296 0.15403 -0.74914 -0.0018031 0.1227 -0.76277 -0.16156 0.10854 -0.82127 -0.0038778 0.038642 -0.80388 0.07713 -0.049551 0.59887
-0.089926 -0.017859 0.34743 0.1927 -0.074663 0.31681 0.06359 -0.024383 0.40352 0.011069 -0.0067956 0.067356 -0.057366 -0.0042625 -0.047812 0.052001 -0.0042625 -0.053598 -0.1703 -0.016294 0.094081 0.36114 -0.27224 0.25991 -0.19367 -0.026111 -0.14156 0.52239 -0.44417 0.28441 -0.20076 -0.0084095 -0.22203 0.58056 -0.48811 0.32304 -0.12047 0.078331 -0.4235 0.020314 0.084153 -0.43191 -0.12652 0.15227 -0.74905 -0.0045446 0.12318 -0.76259 -0.16443 0.10621 -0.82118 -0.0067978 0.039128 -0.80372 0.078358 -0.048984 0.59869
-0.089087 -0.017735 0.34769 0.19365 -0.073559 0.31664 0.064602 -0.023284 0.40342 0.011309 -0.0065978 0.067335 -0.05753 -0.0041225 -0.047627 0.05187 -0.0041225 -0.053735 -0.17007 -0.016275 0.094536 0.36355 -0.2703 0.26127 -0.19406 -0.026461 -0.14102 0.52829 -0.43887 0.28522 -0.20182 -0.0094388 -0.22157 0.5887 -0.48212 0.31821 -0.12224 0.077294 -0.42329 0.018577 0.084763 -0.4318 -0.12985 0.15055 -0.74897 -0.0071328 0.12359 -0.76244 -0.16712 0.10397 -0.82109 -0.009609 0.039551 -0.80358 0.079447 -0.048351 0.59853
-0.088269 -0.017576 0.34793 0.19457 -0.072496 0.31644 0.065574 -0.022262 0.40332 0.011535 -0.0064119 0.067314 -0.057689 -0.003982 -0.047446 0.051743 -0.003982 -0.053868 -0.16991 -0.016217 0.094988 0.36598 -0.26833 0.26259 -0.19448 -0.026759 -0.1405 0.53386 -0.43393 0.28532 -0.20288 -0.010543 -0.22113 0.59657 -0.47672 0.31145 -0.1239 0.076312 -0.42309 0.016955 0.085302 -0.4317 -0.13297 0.14889 -0.74888 -0.0095714 0.12394 -0.7623 -0.16962 0.10182 -0.821 -0.012308 0.039917 -0.80345 0.080413 -0.047669 0.59838
-0.087479 -0.017389 0.34816 0.19545 -0.071471 0.31623 0.066503 -0.021309 0.40322 0.011747 -0.0062368 0.067294 -0.057842 -0.0038427 -0.04727 0.051619 -0.0038427 -0.053997 -0.1698 -0.01613 0.095432 0.3684 -0.26632 0.26375 -0.19492 -0.027012 -0.13998 0.53909 -0.42928 0.28472 -0.20392 -0.011699 -0.22072 0.6041 -0.47182 0.30327 -0.12545 0.075386 -0.42289 0.015442 0.085777 -0.43162 -0.13588 0.14729 -0.74879 -0.011863 0.12424 -0.76217 -0.17194 0.099764 -0.82091 -0.01489 0.040229 -0.80333 0.081274 -0.046952 0.59826
-0.086725 -0.017182 0.34837 0.19628 -0.070484 0.31599 0.06738 -0.020415 0.40312 0.011945 -0.0060711 0.067275 -0.057991 -0.0037062 -0.047099 0.0515 -0.0037062 -0.05412 -0.16973 -0.016019 0.095865 0.3708 -0.26425 0.26466 -0.19538 -0.02723 -0.13948 0.54401 -0.42483 0.28344 -0.20492 -0.01288 -0.22033 0.61119 -0.46732 0.29416 -0.1269 0.074515 -0.4227 0.01403 0.086193 -0.43155 -0.13859 0.14573 -0.7487 -0.01401 0.12448 -0.76206 -0.17411 0.097798 -0.82082 -0.017347 0.040487 -0.80323 0.082046 -0.046219 0.59815
-0.086015 -0.016962 0.34856 0.19705 -0.069532 0.31575 0.068202 -0.019573 0.40303 0.012128 -0.0059136 0.067256 -0.058134 -0.0035743 -0.046932 0.051387 -0.0035743 -0.054237 -0.1697 -0.015891 0.096281 0.37312 -0.26212 0.2652 -0.19585 -0.027418 -0.13899 0.54861 -0.42052 0.28147 -0.20587 -0.014062 -0.21997 0.61776 -0.46313 0.28462 -0.12824 0.073697 -0.42251 0.012713 0.086558 -0.4315 -0.14112 0.14424 -0.74862 -0.016016 0.12467 -0.76197 -0.17612 0.095922 -0.82074 -0.019674 0.040693 -0.80315 0.082747 -0.045486 0.59804
-0.085354 -0.016736 0.34874 0.19776 -0.068613 0.31551 0.068961 -0.018774 0.40294 0.012296 -0.0057632 0.067239 -0.058272 -0.0034487 -0.046771 0.05128 -0.0034487 -0.054347 -0.16971 -0.015755 0.096678 0.37534 -0.2599 0.26529 -0.19633 -0.027584 -0.13852 0.55292 -0.41628 0.27884 -0.20677 -0.015221 -0.21963 0.6237 -0.45916 0.27515 -0.12949 0.072932 -0.42232 0.011482 0.086876 -0.43144 -0.14346 0.1428 -0.74853 -0.017882 0.1248 -0.76188 -0.17798 0.094133 -0.82065 -0.021865 0.04085 -0.80308 0.083395 -0.04477 0.59795
-0.084751 -0.016512 0.3489 0.19841 -0.067726 0.31528 0.069651 -0.01801 0.40286 0.01245 -0.0056186 0.067224 -0.058404 -0.003331 -0.046615 0.051179 -0.003331 -0.054449 -0.16973 -0.015616 0.09705 0.37743 -0.25759 0.26481 -0.19683 -0.027736 -0.13808 0.55693 -0.41203 0.27556 -0.2076 -0.016331 -0.2193 0.62895 -0.4553 0.26625 -0.13064 0.072219 -0.42214 0.010332 0.087155 -0.4314 -0.14564 0.14142 -0.74844 -0.019613 0.12489 -0.7618 -0.17971 0.092432 -0.82056 -0.023914 0.040959 -0.80302 0.084007 -0.044088 0.59786
-0.084213 -0.016297 0.34905 0.19898 -0.066867 0.31506 0.070267 -0.017273 0.40278 0.012587 -0.0054786 0.06721 -0.05853 -0.0032229 -0.046465 0.051085 -0.0032229 -0.054544 -0.16977 -0.015481 0.097394 0.37936 -0.25516 0.26366 -0.19733 -0.027882 -0.13767 0.56067 -0.40769 0.27163 -0.20836 -0.017368 -0.219 0.63339 -0.45147 0.25842 -0.13171 0.071557 -0.42196 0.0092542 0.0874 -0.43135 -0.14767 0.1401 -0.74836 -0.02121 0.12492 -0.76173 -0.18131 0.090818 -0.82048 -0.025814 0.041021 -0.80299 0.0846 -0.043457 0.59778
-0.083746 -0.016099 0.34919 0.19947 -0.066036 0.31486 0.070802 -0.016554 0.40272 0.01271 -0.0053419 0.067198 -0.05865 -0.0031262 -0.04632 0.051 -0.0031262 -0.05463 -0.16982 -0.015358 0.097706 0.38109 -0.25261 0.26174 -0.19783 -0.028029 -0.13729 0.56413 -0.40321 0.26707 -0.20902 -0.018308 -0.21871 0.63695 -0.44757 0.25215 -0.13268 0.070946 -0.42179 0.008242 0.087618 -0.4313 -0.14954 0.13884 -0.74828 -0.022676 0.1249 -0.76167 -0.18279 0.089288 -0.82039 -0.027559 0.041039 -0.80297 0.085192 -0.042893 0.59769
-0.083358 -0.015925 0.34931 0.19987 -0.065229 0.31468 0.07125 -0.015845 0.40267 0.012816 -0.0052073 0.067188 -0.058763 -0.0030425 -0.046182 0.050923 -0.0030425 -0.054706 -0.16987 -0.015253 0.097981 0.3826 -0.24991 0.25893 -0.19834 -0.028184 -0.13695 0.56733 -0.3985 0.26189 -0.20959 -0.019125 -0.21844 0.63953 -0.4435 0.24796 -0.13358 0.070384 -0.42162 0.0072881 0.087815 -0.43125 -0.15128 0.13764 -0.7482 -0.024014 0.12483 -0.76161 -0.18416 0.087842 -0.82031 -0.029143 0.041014 -0.80296 0.0858 -0.042413 0.59759
-0.083057 -0.015783 0.34943 0.20017 -0.064447 0.31454 0.071606 -0.015138 0.40263 0.012906 -0.0050736 0.067181 -0.05887 -0.0029735 -0.046049 0.050855 -0.0029735 -0.054773 -0.16991 -0.015174 0.098215 0.38384 -0.24706 0.25515 -0.19884 -0.028355 -0.13664 0.57027 -0.39349 0.2561 -0.21004 -0.019795 -0.21818 0.64105 -0.43917 0.24632 -0.13439 0.069871 -0.42146 0.0063854 0.087998 -0.43119 -0.15289 0.1365 -0.74812 -0.025227 0.12472 -0.76156 -0.18543 0.08648 -0.82023 -0.030561 0.040948 -0.80298 0.086441 -0.042035 0.59749
-0.082849 -0.015679 0.34953 0.20038 -0.063685 0.31444 0.071864 -0.014423 0.40261 0.01298 -0.0049397 0.067176 -0.058971 -0.0029209 -0.045923 0.050797 -0.0029209 -0.054829 -0.16994 -0.015128 0.098403 0.38479 -0.24404 0.25029 -0.19934 -0.028549 -0.13638 0.57297 -0.3881 0.2497 -0.21037 -0.020293 -0.21793 0.64141 -0.43449 0.24776 -0.13513 0.069405 -0.42131 0.0055268 0.088172 -0.43112 -0.15438 0.13543 -0.74805 -0.026318 0.12456 -0.7615 -0.18661 0.085199 -0.82015 -0.031805 0.040843 -0.80301 0.087133 -0.041775 0.59738
