-0.22616 -0.10628 0.31009 0.078184 -0.17888 0.34544 -0.082429 -0.15863 0.36802 -0.012203 -0.030149 0.060396 -0.0442 0.015345 -0.05836 0.06342 0.015345 -0.036571 -0.29117 0.012567 0.081396 0.14534 -0.19322 0.088666 -0.29597 0.034268 -0.15456 0.10156 -0.20032 -0.14415 -0.31239 0.02108 -0.23453 0.065269 -0.1985 -0.21844 -0.18244 0.04657 -0.42148 0.097198 0.10246 -0.41501 -0.26477 -0.00808 -0.74043 0.14747 0.30855 -0.67287 -0.33484 -0.047044 -0.78872 0.13228 0.25944 -0.75109 -0.15301 -0.24989 0.52804
-0.23275 -0.14657 0.29827 0.078169 -0.18311 0.33967 -0.084526 -0.18607 0.35466 -0.013241 -0.032381 0.058977 -0.041361 0.018757 -0.059342 0.064491 0.018757 -0.032833 -0.30436 -0.032665 0.069201 0.13875 -0.1953 0.081201 -0.31396 -0.044142 -0.16716 0.080383 -0.20503 -0.14822 -0.32309 -0.054384 -0.2488 0.045149 -0.19922 -0.22295 -0.18319 0.036267 -0.42179 0.075622 0.091979 -0.41553 -0.25189 -0.02357 -0.74285 0.098555 0.30873 -0.66802 -0.32695 -0.041965 -0.78938 0.10222 0.30868 -0.75988 -0.14677 -0.2862 0.51268
-0.24497 -0.17622 0.28866 0.069948 -0.19511 0.33684 -0.092837 -0.21038 0.33858 -0.01414 -0.034535 0.05759 -0.039951 0.021227 -0.059655 0.064465 0.021227 -0.031514 -0.32014 -0.066227 0.058488 0.12334 -0.21013 0.076849 -0.32734 -0.097086 -0.17644 0.061469 -0.21484 -0.15191 -0.32986 -0.11166 -0.25774 0.022253 -0.21277 -0.22459 -0.1875 0.030633 -0.42058 0.063961 0.069775 -0.4183 -0.24937 -0.029372 -0.7433 0.073754 0.2981 -0.66228 -0.32723 -0.038803 -0.80099 0.083537 0.33145 -0.75104 -0.14983 -0.31553 0.49558
-0.25912 -0.18936 0.28114 0.056519 -0.20687 0.33263 -0.1057 -0.22516 0.32491 -0.015704 -0.036295 0.056039 -0.038037 0.023421 -0.059971 0.064107 0.023421 -0.030591 -0.32948 -0.078613 0.050027 0.1004 -0.22715 0.071272 -0.33222 -0.11833 -0.18362 0.037735 -0.22668 -0.15728 -0.33233 -0.139 -0.2637 -0.0060701 -0.22758 -0.22743 -0.18452 0.036663 -0.42088 0.063623 0.04305 -0.41988 -0.24022 -0.014375 -0.74609 0.07015 0.26765 -0.66672 -0.32275 -0.023166 -0.78711 0.080491 0.30272 -0.75245 -0.16235 -0.33191 0.48078
-0.26999 -0.18966 0.27532 0.044638 -0.21367 0.32363 -0.11754 -0.23022 0.31682 -0.017538 -0.037801 0.054397 -0.035709 0.025881 -0.060208 0.063798 0.025881 -0.029109 -0.32796 -0.074053 0.04341 0.077437 -0.23861 0.061112 -0.32661 -0.11231 -0.19063 0.011231 -0.23818 -0.16637 -0.32964 -0.13647 -0.26964 -0.034829 -0.23722 -0.235 -0.17012 0.053207 -0.4245 0.072554 0.018254 -0.4186 -0.21641 0.020452 -0.75344 0.080468 0.2165 -0.68636 -0.30184 0.010205 -0.73189 0.091363 0.21813 -0.77754 -0.17783 -0.33767 0.47054
-0.26996 -0.20459 0.27022 0.048744 -0.22057 0.30992 -0.11446 -0.24151 0.3116 -0.016291 -0.04022 0.053461 -0.03811 0.028542 -0.058461 0.062965 0.028542 -0.028988 -0.32489 -0.091986 0.035089 0.076073 -0.24554 0.046573 -0.31475 -0.11141 -0.20078 0.0073594 -0.24827 -0.18049 -0.3203 -0.13574 -0.2797 -0.040139 -0.24926 -0.24846 -0.15935 0.057552 -0.42936 0.078456 -0.0017864 -0.4176 -0.19601 0.040966 -0.76092 0.085109 0.16576 -0.70768 -0.2585 0.039329 -0.68306 0.096335 0.13297 -0.79618 -0.17469 -0.35589 0.46182
-0.28234 -0.17925 0.26697 0.028283 -0.22689 0.29911 -0.13411 -0.23161 0.30828 -0.019379 -0.039169 0.052617 -0.033397 0.028252 -0.060099 0.064128 0.028252 -0.025827 -0.32157 -0.068998 0.028757 0.047539 -0.25066 0.035153 -0.30553 -0.07545 -0.20737 -0.017875 -0.24515 -0.19241 -0.31446 -0.096473 -0.28681 -0.065061 -0.24311 -0.26006 -0.1425 0.078729 -0.42979 0.076003 -0.03219 -0.41062 -0.17286 0.073219 -0.76224 0.081094 0.091326 -0.72022 -0.21084 0.057843 -0.68265 0.081757 0.039957 -0.79802 -0.20811 -0.33954 0.45505
-0.32187 -0.060687 0.26572 -0.057372 -0.22588 0.29579 -0.2093 -0.1699 0.30519 -0.03352 -0.030447 0.050922 -0.01165 0.022524 -0.0693 0.069241 0.022524 -0.015873 -0.30733 0.056791 0.028525 -0.056971 -0.25002 0.031208 -0.29686 0.04157 -0.20661 -0.11121 -0.21719 -0.19685 -0.31262 0.026149 -0.28628 -0.15369 -0.19654 -0.26425 -0.1044 0.14279 -0.42548 0.060082 -0.08349 -0.39073 -0.13066 0.14847 -0.75821 0.060172 -0.02372 -0.71852 -0.17771 0.079606 -0.7369 0.0334 -0.078274 -0.78913 -0.32348 -0.23715 0.44977
-0.33147 0.049454 0.26089 -0.14734 -0.20849 0.28607 -0.26904 -0.098924 0.29524 -0.044191 -0.020019 0.04941 0.001572 0.015234 -0.074494 0.073204 0.015234 -0.0089494 -0.26584 0.15623 0.026117 -0.15646 -0.22387 0.020818 -0.25931 0.15786 -0.21602 -0.19548 -0.17134 -0.20722 -0.27762 0.14665 -0.29563 -0.2284 -0.13606 -0.27483 -0.064781 0.1782 -0.42846 0.014965 -0.12302 -0.36927 -0.080276 0.19792 -0.76192 -0.020763 -0.093926 -0.70049 -0.13914 0.12718 -0.79435 -0.070438 -0.13613 -0.76785 -0.4059 -0.11737 0.43711
-0.31837 0.12837 0.2536 -0.18702 -0.15537 0.27035 -0.28878 -0.02879 0.28719 -0.047181 -0.0066994 0.048887 -0.00068883 0.0035231 -0.074199 0.07373 0.0035231 -0.010109 -0.22494 0.21808 0.021503 -0.19686 -0.15739 0.0047352 -0.22463 0.18142 -0.2075 -0.22751 -0.096726 -0.22226 -0.24807 0.18235 -0.28756 -0.24909 -0.056772 -0.29126 -0.010778 0.22716 -0.38993 -0.022589 -0.11116 -0.36895 -0.023677 0.23291 -0.72298 -0.075447 -0.08568 -0.69696 -0.08394 0.18999 -0.7799 -0.13301 -0.11612 -0.76412 -0.42655 -0.015729 0.42767
-0.31855 0.1929 0.24809 -0.16943 -0.070967 0.25745 -0.28746 0.03754 0.28774 -0.047113 0.0082673 0.048828 -0.009571 -0.01068 -0.073084 0.072459 -0.01068 -0.014492 -0.21768 0.28293 0.019301 -0.18212 -0.065152 -0.0079824 -0.20827 0.13581 -0.16581 -0.21653 -0.0019882 -0.23378 -0.23257 0.15671 -0.24445 -0.22935 0.038227 -0.30482 0.0238 0.29932 -0.31242 -0.02349 -0.043658 -0.38972 -0.0028244 0.26579 -0.64344 -0.054382 -0.02597 -0.72067 -0.057597 0.22269 -0.70579 -0.10884 -0.059843 -0.78855 -0.42241 0.056501 0.43025
-0.33566 0.21653 0.24558 -0.15033 -0.014144 0.25131 -0.29238 0.061934 0.28229 -0.049082 0.010532 0.047245 -0.014675 -0.0099204 -0.072914 0.07345 -0.0099204 -0.0087744 -0.23764 0.31907 0.020308 -0.16871 -0.0064424 -0.013761 -0.13935 0.21914 -0.14986 -0.20779 0.047359 -0.24128 -0.11867 0.23852 -0.21809 -0.21736 0.089261 -0.31216 -0.096142 0.22199 -0.3442 -0.032739 0.016958 -0.38434 -0.12359 0.21315 -0.67563 -0.10368 0.02615 -0.71723 -0.16896 0.16436 -0.74181 -0.15618 -0.018661 -0.78229 -0.42526 0.074972 0.42822
-0.36981 0.16722 0.24567 -0.14341 -0.01031 0.24559 -0.29971 0.023838 0.27544 -0.05039 0.0010811 0.046261 -0.016566 -0.00032327 -0.072918 0.074851 -0.00032327 -0.0032782 -0.30259 0.2853 0.017372 -0.16071 -0.0029049 -0.019495 -0.12268 0.29781 -0.15064 -0.20641 0.033918 -0.24905 -0.058957 0.30567 -0.20894 -0.21974 0.076024 -0.31868 -0.22747 0.083194 -0.40364 -0.058599 0.036246 -0.36716 -0.25276 0.10718 -0.73622 -0.093896 0.074966 -0.68565 -0.28432 0.052796 -0.80503 -0.13661 0.019973 -0.74509 -0.42819 0.014997 0.4241
-0.41055 0.072295 0.24031 -0.1446 -0.040708 0.23299 -0.30344 -0.047092 0.26965 -0.049819 -0.0099126 0.046021 -0.019499 0.005369 -0.072024 0.074538 0.005369 -0.0044304 -0.37748 0.20524 0.011708 -0.15246 -0.034318 -0.032593 -0.20887 0.26229 -0.1493 -0.20556 -0.010597 -0.26233 -0.1481 0.2732 -0.20618 -0.22645 0.030927 -0.33049 -0.24337 0.0033623 -0.39446 -0.0892 0.019009 -0.35774 -0.27543 0.016213 -0.72664 0.040184 0.12692 -0.63987 -0.29195 -0.044761 -0.79533 0.014066 0.065982 -0.70301 -0.42484 -0.087141 0.41958
-0.43416 0.03486 0.21701 -0.1563 -0.054934 0.21449 -0.31478 -0.072442 0.25273 -0.052661 -0.012719 0.042173 -0.024373 0.0046907 -0.070492 0.074406 0.0046907 0.0020884 -0.35219 0.18449 0.019422 -0.16273 -0.053773 -0.051323 -0.24788 0.27895 -0.163 -0.21153 -0.028783 -0.28185 -0.20499 0.3138 -0.22047 -0.23492 0.022317 -0.34425 -0.2502 -0.053312 -0.37838 -0.11577 -5.1586e-06 -0.33838 -0.2831 -0.034936 -0.70995 0.075727 0.14659 -0.58014 -0.29376 -0.096586 -0.78175 0.049401 0.082728 -0.66479 -0.43364 -0.12092 0.40304
-0.44059 0.041385 0.20422 -0.16325 -0.052823 0.20576 -0.32154 -0.062724 0.24502 -0.053227 -0.010766 0.041804 -0.027715 0.0035146 -0.069442 0.074594 0.0035146 0.0047668 -0.30517 0.19552 0.03134 -0.18038 -0.058371 -0.059358 -0.25926 0.32208 -0.16717 -0.2201 -0.028066 -0.29107 -0.23225 0.37619 -0.2257 -0.23797 0.04029 -0.33086 -0.26501 -0.074939 -0.37013 -0.13172 -0.017089 -0.32526 -0.29864 -0.046084 -0.70117 0.050381 0.13516 -0.56071 -0.31537 -0.10494 -0.76804 0.043752 0.077839 -0.59006 -0.44279 -0.10925 0.39335
-0.43885 0.063394 0.2108 -0.16258 -0.0457 0.20727 -0.31983 -0.04108 0.25168 -0.050069 -0.0077521 0.046233 -0.028843 0.0036669 -0.06893 0.074707 0.0036669 -0.00061935 -0.29796 0.20675 0.036572 -0.18897 -0.056553 -0.056993 -0.28203 0.34865 -0.15289 -0.22243 -0.024973 -0.28949 -0.26788 0.40198 -0.21472 -0.23036 0.056909 -0.29589 -0.27748 -0.057816 -0.3629 -0.13371 -0.033068 -0.32798 -0.31504 -0.03103 -0.6936 0.066237 0.1156 -0.55173 -0.34467 -0.088896 -0.75938 0.081727 0.069217 -0.47457 -0.44663 -0.087952 0.39534
-0.43595 0.10556 0.20699 -0.17047 -0.034468 0.2013 -0.32456 -0.0068827 0.24815 -0.050781 -0.0023299 0.046024 -0.031085 0.00018685 -0.067934 0.07474 0.00018685 0.0005022 -0.28397 0.24002 0.036318 -0.18524 -0.050957 -0.063523 -0.29243 0.38931 -0.14662 -0.21427 -0.018207 -0.29644 -0.29392 0.43498 -0.21474 -0.21541 0.063072 -0.28419 -0.29221 -0.034342 -0.35487 -0.12219 -0.042883 -0.3327 -0.32865 -0.0089258 -0.68579 0.14446 0.10893 -0.4348 -0.3676 -0.067098 -0.77336 0.10306 0.060048 -0.37621 -0.45832 -0.048068 0.38718
-0.43224 0.13161 0.19738 -0.175 -0.025375 0.20876 -0.33044 0.011541 0.24163 -0.052693 0.001573 0.043911 -0.030153 -0.0019071 -0.068529 0.074788 -0.0019071 0.002157 -0.26704 0.2648 0.036907 -0.18451 -0.056185 -0.054996 -0.29146 0.41991 -0.14096 -0.21321 -0.02382 -0.28802 -0.30085 0.46593 -0.2092 -0.21212 0.057402 -0.25801 -0.29331 -0.012483 -0.35597 -0.10007 -0.064846 -0.3417 -0.32975 0.012706 -0.68692 0.20279 0.089182 -0.31488 -0.36825 -0.02686 -0.69608 0.1176 0.03547 -0.31292 -0.46645 -0.018817 0.38123
-0.4331 0.10952 0.18873 -0.17274 -0.037677 0.2299 -0.33404 -0.011778 0.23597 -0.05379 -0.00062136 0.042573 -0.023324 0.0015184 -0.071049 0.074781 0.0015184 0.00068953 -0.26605 0.2537 0.040555 -0.18503 -0.086604 -0.031073 -0.30078 0.41525 -0.12935 -0.21796 -0.057342 -0.26394 -0.31244 0.46931 -0.19085 -0.22854 0.019302 -0.23617 -0.27494 0.0010193 -0.36877 -0.05764 -0.11375 -0.34723 -0.3158 0.024075 -0.69936 0.21271 0.057762 -0.2532 -0.34524 0.0033275 -0.61317 0.14293 -6.4845e-05 -0.27585 -0.46378 -0.033378 0.383
-0.43992 0.032195 0.18103 -0.16804 -0.088922 0.24017 -0.33152 -0.082164 0.22655 -0.054015 -0.011124 0.0413 -0.014216 0.0099265 -0.07274 0.074175 0.0099265 0.00072786 -0.28747 0.20289 0.044925 -0.16347 -0.14416 -0.019665 -0.34217 0.36766 -0.11696 -0.20248 -0.12028 -0.25223 -0.36395 0.42264 -0.1754 -0.24587 -0.073475 -0.28195 -0.24835 -0.0049799 -0.38443 0.018859 -0.17857 -0.33397 -0.29386 0.012135 -0.71479 0.21893 0.052183 -0.20392 -0.31141 -0.03224 -0.73573 0.17566 -0.017108 -0.24681 -0.44847 -0.10613 0.38369
-0.41448 -0.080772 0.18364 -0.12934 -0.14683 0.2503 -0.28821 -0.1728 0.22909 -0.045834 -0.027156 0.042125 -0.013852 0.021103 -0.070225 0.07158 0.021103 0.0026027 -0.30267 0.11949 0.051635 -0.10663 -0.20061 -0.0091185 -0.39084 0.27117 -0.10647 -0.15065 -0.18611 -0.24149 -0.41803 0.31156 -0.17205 -0.21093 -0.16723 -0.30538 -0.22296 -0.029946 -0.39446 0.1061 -0.19773 -0.31872 -0.27133 -0.023794 -0.72473 0.21258 0.079964 -0.16709 -0.27397 -0.091835 -0.81437 0.19971 0.0082933 -0.22594 -0.39459 -0.21321 0.38993
-0.36965 -0.175 0.18956 -0.076891 -0.18327 0.25986 -0.22849 -0.24137 0.23931 -0.034477 -0.040484 0.043539 -0.020848 0.030004 -0.065321 0.068419 0.030004 0.0041813 -0.30186 0.045074 0.056348 -0.045626 -0.23413 0.00086759 -0.42068 0.17484 -0.10267 -0.092193 -0.22896 -0.23146 -0.44542 0.19693 -0.17865 -0.14907 -0.22246 -0.29016 -0.20598 -0.056145 -0.3975 0.17279 -0.17066 -0.31335 -0.25505 -0.060089 -0.72776 0.19445 0.11831 -0.14711 -0.2457 -0.12745 -0.78949 0.20629 0.05503 -0.21517 -0.33044 -0.3007 0.39749
-0.34954 -0.20476 0.18372 -0.058349 -0.19302 0.25746 -0.20624 -0.26121 0.23965 -0.031495 -0.044151 0.042377 -0.025206 0.03245 -0.062606 0.067344 0.03245 0.0037057 -0.29654 0.02102 0.052964 -0.023308 -0.24232 -0.001351 -0.4238 0.13859 -0.1092 -0.070373 -0.24056 -0.23364 -0.44753 0.15657 -0.1868 -0.12722 -0.23848 -0.29234 -0.19961 -0.064687 -0.39768 0.2016 -0.14466 -0.31675 -0.24844 -0.070873 -0.72795 0.17929 0.13859 -0.14046 -0.23704 -0.12488 -0.79969 0.19828 0.082147 -0.21295 -0.30756 -0.32716 0.39565
-0.33826 -0.21937 0.17448 -0.0504 -0.19685 0.24968 -0.19573 -0.26993 0.23633 -0.030574 -0.045362 0.041184 -0.027204 0.032902 -0.061369 0.067059 0.032902 0.0036228 -0.29198 0.0093129 0.047687 -0.013154 -0.24481 -0.0091009 -0.42003 0.11822 -0.11912 -0.060348 -0.24489 -0.24134 -0.44984 0.13622 -0.19372 -0.11786 -0.24547 -0.30148 -0.19574 -0.068706 -0.39768 0.21363 -0.12359 -0.3219 -0.24642 -0.076186 -0.72761 0.16486 0.15187 -0.13997 -0.23425 -0.12311 -0.80986 0.18705 0.099527 -0.21416 -0.2958 -0.33881 0.39168
-0.32468 -0.23661 0.17235 -0.038179 -0.2016 0.24691 -0.18086 -0.28076 0.23663 -0.028071 -0.046995 0.041369 -0.028359 0.033964 -0.060316 0.066578 0.033964 0.0028885 -0.28755 -0.0052406 0.046815 0.00038471 -0.24767 -0.01201 -0.41643 0.095393 -0.12478 -0.047088 -0.24994 -0.2442 -0.45368 0.11302 -0.19659 -0.10416 -0.253 -0.30386 -0.19093 -0.07272 -0.39819 0.22669 -0.10243 -0.32524 -0.24354 -0.083077 -0.72776 0.15343 0.16545 -0.13987 -0.22955 -0.12994 -0.80722 0.18018 0.11458 -0.21378 -0.27809 -0.35331 0.39219
-0.31117 -0.24698 0.17833 -0.024883 -0.20375 0.25186 -0.16527 -0.28675 0.24072 -0.025262 -0.04791 0.042112 -0.029437 0.035219 -0.059064 0.065984 0.035219 0.00042044 -0.28222 -0.01586 0.050253 0.01346 -0.24767 -0.007471 -0.41069 0.07835 -0.12525 -0.034162 -0.2517 -0.2396 -0.44914 0.097124 -0.19611 -0.091351 -0.25612 -0.29911 -0.18649 -0.075541 -0.39824 0.24194 -0.079898 -0.32773 -0.23775 -0.088247 -0.72794 0.14685 0.17859 -0.13905 -0.22322 -0.13406 -0.80803 0.17687 0.12683 -0.21105 -0.2595 -0.36245 0.39662
-0.30457 -0.25621 0.17726 -0.019175 -0.20567 0.25018 -0.15761 -0.29199 0.2395 -0.024723 -0.048811 0.041347 -0.030591 0.035081 -0.058546 0.066035 0.035081 0.0012273 -0.281 -0.025191 0.047949 0.017209 -0.24795 -0.0096992 -0.40715 0.06399 -0.13172 -0.030551 -0.25322 -0.24178 -0.44573 0.084613 -0.20178 -0.08834 -0.25786 -0.30079 -0.18409 -0.085065 -0.39603 0.241 -0.063434 -0.33291 -0.23262 -0.098209 -0.72612 0.13478 0.19021 -0.14332 -0.21739 -0.14477 -0.806 0.16682 0.13704 -0.21336 -0.24958 -0.36995 0.39567
-0.30417 -0.26067 0.17431 -0.019247 -0.20529 0.243 -0.15743 -0.29242 0.23924 -0.025615 -0.049159 0.040424 -0.031456 0.034163 -0.058646 0.066483 0.034163 0.0030112 -0.28291 -0.030736 0.042661 0.014093 -0.24628 -0.0175 -0.40622 0.053076 -0.14163 -0.033784 -0.25222 -0.24954 -0.44611 0.074453 -0.21095 -0.092508 -0.25619 -0.30763 -0.18343 -0.096223 -0.39312 0.22922 -0.053669 -0.34011 -0.23011 -0.10875 -0.72351 0.12095 0.20007 -0.15216 -0.21415 -0.15773 -0.80165 0.15384 0.14513 -0.22042 -0.24859 -0.37453 0.39368
-0.30836 -0.25403 0.17847 -0.022028 -0.20063 0.23739 -0.1625 -0.28365 0.24631 -0.026528 -0.04806 0.041148 -0.031276 0.033436 -0.059161 0.066886 0.033436 0.0019802 -0.28507 -0.027874 0.040741 0.0074753 -0.24083 -0.023695 -0.40336 0.052678 -0.14827 -0.040645 -0.24651 -0.25569 -0.44341 0.075665 -0.21703 -0.10056 -0.24872 -0.31266 -0.1844 -0.099683 -0.39202 0.21983 -0.04921 -0.34685 -0.23089 -0.11144 -0.72246 0.11368 0.20748 -0.16181 -0.2153 -0.1627 -0.79926 0.14607 0.15028 -0.22843 -0.25456 -0.37134 0.39711
-0.32054 -0.23918 0.18231 -0.032055 -0.19529 0.23298 -0.17554 -0.27163 0.25069 -0.028415 -0.045777 0.04242 -0.029411 0.032204 -0.060743 0.067507 0.032204 0.00022438 -0.2883 -0.016821 0.040382 -0.0079312 -0.23634 -0.028515 -0.39223 0.07116 -0.15327 -0.056748 -0.24032 -0.26039 -0.4268 0.1039 -0.22041 -0.11798 -0.23922 -0.31595 -0.18831 -0.094834 -0.39319 0.2109 -0.052806 -0.35249 -0.23475 -0.10486 -0.72367 0.11259 0.21112 -0.17179 -0.22098 -0.15805 -0.79914 0.14328 0.1523 -0.23788 -0.26925 -0.35831 0.40113
-0.33023 -0.23305 0.18264 -0.040229 -0.19241 0.23164 -0.18488 -0.26625 0.24989 -0.02966 -0.04414 0.043345 -0.028147 0.031043 -0.06197 0.068053 0.031043 2.6781e-05 -0.29291 -0.011349 0.04084 -0.020344 -0.23113 -0.030561 -0.38275 0.083258 -0.15716 -0.068556 -0.23447 -0.26259 -0.41222 0.12456 -0.22265 -0.13121 -0.23161 -0.3165 -0.18854 -0.092607 -0.39503 0.18686 -0.062886 -0.35877 -0.23432 -0.10199 -0.72567 0.114 0.21737 -0.19422 -0.22107 -0.15695 -0.80081 0.14326 0.15787 -0.26016 -0.27588 -0.34954 0.40378
-0.33064 -0.24019 0.18251 -0.039989 -0.19219 0.23258 -0.18352 -0.26886 0.24799 -0.02927 -0.043963 0.043775 -0.028715 0.030526 -0.061958 0.068273 0.030526 0.0013581 -0.29738 -0.016479 0.04289 -0.019589 -0.22316 -0.03061 -0.38084 0.075217 -0.15911 -0.067836 -0.22763 -0.26261 -0.41017 0.11723 -0.22402 -0.13169 -0.22583 -0.31514 -0.18299 -0.097869 -0.3961 0.14917 -0.077209 -0.36429 -0.22763 -0.10826 -0.72687 0.11556 0.22491 -0.22707 -0.21353 -0.16468 -0.80069 0.14398 0.16516 -0.29316 -0.26735 -0.35177 0.40612
-0.32937 -0.24031 0.18861 -0.037868 -0.19072 0.23188 -0.18081 -0.26738 0.25156 -0.028959 -0.043673 0.044267 -0.028982 0.030189 -0.062003 0.06842 0.030189 0.0015023 -0.29829 -0.016978 0.047817 -0.012544 -0.21432 -0.031721 -0.37636 0.070904 -0.15794 -0.067395 -0.21862 -0.26221 -0.40582 0.11331 -0.22297 -0.13158 -0.21734 -0.31435 -0.18041 -0.10038 -0.39666 0.12705 -0.094695 -0.36332 -0.22433 -0.11055 -0.72722 0.11866 0.21941 -0.24575 -0.21188 -0.16779 -0.79589 0.14486 0.15894 -0.3132 -0.26188 -0.35123 0.41071
-0.32831 -0.22915 0.19897 -0.03635 -0.18285 0.24214 -0.17996 -0.25874 0.26111 -0.029406 -0.042549 0.045058 -0.028147 0.029478 -0.062711 0.068751 0.029478 0.00052858 -0.29445 -0.0086792 0.054493 -0.018282 -0.20461 -0.022041 -0.36601 0.076981 -0.1546 -0.075227 -0.21005 -0.25202 -0.39328 0.11807 -0.21997 -0.13936 -0.2088 -0.30422 -0.18117 -0.097465 -0.39795 0.11498 -0.10821 -0.36109 -0.22552 -0.10867 -0.7293 0.12557 0.20912 -0.26514 -0.21025 -0.16701 -0.81025 0.14751 0.14757 -0.33003 -0.26422 -0.34327 0.41814
-0.32364 -0.21096 0.21418 -0.031597 -0.16993 0.26101 -0.17637 -0.24413 0.27715 -0.029548 -0.040633 0.046704 -0.026584 0.028465 -0.063858 0.069154 0.028465 -0.0016421 -0.28505 0.0049345 0.064024 -0.036447 -0.19198 -0.003818 -0.35077 0.087276 -0.14828 -0.088019 -0.20039 -0.23498 -0.37651 0.12992 -0.21401 -0.15179 -0.19755 -0.28756 -0.18138 -0.091695 -0.40081 0.10452 -0.12075 -0.35999 -0.22558 -0.10076 -0.73181 0.13312 0.20019 -0.27432 -0.21398 -0.16024 -0.80561 0.15104 0.13642 -0.33988 -0.26605 -0.3306 0.43011
-0.31445 -0.18952 0.23642 -0.021641 -0.15891 0.26645 -0.16721 -0.22497 0.29852 -0.028244 -0.038148 0.049577 -0.025265 0.027453 -0.064854 0.069365 0.027453 -0.0054825 -0.27191 0.019425 0.077358 -0.048442 -0.17411 0.0024278 -0.33505 0.094442 -0.13838 -0.099079 -0.18328 -0.22896 -0.36278 0.14512 -0.20501 -0.16085 -0.17418 -0.2833 -0.1794 -0.086656 -0.40438 0.097336 -0.13853 -0.35778 -0.22149 -0.08654 -0.73194 0.13687 0.18911 -0.25545 -0.24327 -0.14049 -0.70512 0.15226 0.12072 -0.33104 -0.25998 -0.31672 0.44652
-0.32875 -0.15711 0.24368 -0.035725 -0.14438 0.26365 -0.18371 -0.20044 0.30514 -0.030763 -0.034089 0.050833 -0.024632 0.024437 -0.06624 0.070345 0.024437 -0.0066595 -0.27003 0.042078 0.078428 -0.080671 -0.15429 0.0018505 -0.33135 0.11491 -0.13859 -0.13408 -0.16073 -0.22889 -0.34305 0.12926 -0.20807 -0.18969 -0.14372 -0.28748 -0.18742 -0.08031 -0.40428 0.082462 -0.11715 -0.36834 -0.23729 -0.10595 -0.74371 0.1557 0.1864 -0.37399 -0.28113 -0.12396 -0.64616 0.15477 0.11531 -0.39514 -0.28155 -0.29078 0.45054
-0.36028 -0.12298 0.23777 -0.067783 -0.12587 0.2585 -0.218 -0.17684 0.29793 -0.036142 -0.02934 0.050394 -0.025932 0.020297 -0.067162 0.071775 0.020297 -0.0056574 -0.28114 0.065768 0.068107 -0.12859 -0.13769 1.9565e-05 -0.34136 0.14325 -0.14763 -0.18541 -0.1409 -0.23006 -0.32544 0.093043 -0.21245 -0.2355 -0.11979 -0.2924 -0.19922 -0.09011 -0.39848 0.048759 -0.07304 -0.38349 -0.24319 -0.087434 -0.72718 0.16514 0.17482 -0.57772 -0.28838 -0.081588 -0.64698 0.14599 0.11518 -0.50636 -0.32065 -0.2608 0.444
-0.37221 -0.10716 0.24271 -0.080735 -0.11089 0.25132 -0.22859 -0.16399 0.29763 -0.037681 -0.026234 0.051022 -0.030085 0.018291 -0.065995 0.072174 0.018291 -0.0075205 -0.29266 0.072138 0.062575 -0.15515 -0.12826 -0.003283 -0.35257 0.15274 -0.15224 -0.21658 -0.13132 -0.23241 -0.32888 0.081298 -0.19483 -0.26842 -0.11341 -0.29446 -0.20118 -0.12246 -0.38909 -0.0017067 -0.068239 -0.38036 -0.18289 0.079978 -0.62298 0.11827 0.12502 -0.63827 -0.23929 0.034194 -0.58621 0.1063 0.097143 -0.54376 -0.32871 -0.24812 0.44556
-0.36971 -0.098291 0.25239 -0.083079 -0.10415 0.24852 -0.22661 -0.15722 0.30209 -0.036789 -0.024381 0.052494 -0.033786 0.017623 -0.064315 0.071725 0.017623 -0.011448 -0.30206 0.065509 0.055762 -0.16391 -0.12485 -0.0036547 -0.3496 0.14317 -0.16276 -0.23825 -0.12552 -0.22806 -0.33381 0.070198 -0.19139 -0.28634 -0.11244 -0.29367 -0.22892 -0.080526 -0.38097 -0.034688 -0.062229 -0.37771 -0.12144 0.22139 -0.50786 0.064539 0.078164 -0.65388 -0.19265 0.15372 -0.48983 0.056526 0.067132 -0.56558 -0.32371 -0.24164 0.45089
-0.36092 -0.11038 0.25993 -0.07463 -0.097759 0.24727 -0.21286 -0.16099 0.31025 -0.034355 -0.024023 0.054299 -0.038668 0.018285 -0.061443 0.071034 0.018285 -0.014813 -0.31563 0.046245 0.049185 -0.15573 -0.12688 -0.004356 -0.33958 0.12389 -0.17355 -0.25035 -0.1325 -0.22199 -0.32986 0.045961 -0.20238 -0.28989 -0.12568 -0.29445 -0.26796 -0.019304 -0.37593 -0.039031 -0.036384 -0.38495 -0.10699 0.26754 -0.43712 0.053669 0.092422 -0.68231 -0.17692 0.20804 -0.42396 0.045635 0.080817 -0.588 -0.30446 -0.25343 0.45909
-0.34449 -0.1296 0.26725 -0.058099 -0.089646 0.24526 -0.18921 -0.16589 0.3237 -0.031196 -0.023949 0.056232 -0.043717 0.019354 -0.058288 0.070305 0.019354 -0.017301 -0.31763 0.030965 0.052047 -0.13911 -0.12829 -0.0062432 -0.31696 0.11533 -0.16994 -0.24699 -0.14274 -0.21951 -0.30894 0.034161 -0.2009 -0.28247 -0.1416 -0.2949 -0.27433 -0.033436 -0.37272 -0.034907 -0.022551 -0.39178 -0.11183 0.26713 -0.4179 0.063671 0.12516 -0.69403 -0.16274 0.18641 -0.42444 0.060131 0.1136 -0.59157 -0.27337 -0.26896 0.47346
-0.31038 -0.017687 0.28476 -0.07861 -0.11663 0.2623 -0.20292 -0.10925 0.33688 -0.032323 -0.017571 0.057991 -0.030501 0.014754 -0.065124 0.068594 0.014754 -0.02515 -0.2307 0.088979 0.06531 -0.16165 -0.11047 0.012553 -0.20509 0.1527 -0.16037 -0.25115 -0.071114 -0.19736 -0.23724 0.097204 -0.19527 -0.28086 -0.055013 -0.27145 -0.26166 0.042866 -0.36965 -0.054926 -0.080456 -0.37896 -0.018134 0.21629 -0.43832 -0.049186 -0.099223 -0.68048 -0.084796 0.17044 -0.43285 -0.092493 -0.12742 -0.63845 -0.30738 -0.15651 0.48902
-0.27475 0.058241 0.29784 -0.07623 -0.17039 0.2791 -0.20319 -0.083063 0.34326 -0.030736 -0.015757 0.05898 -0.017995 0.013251 -0.071528 0.065348 0.013251 -0.033949 -0.14004 0.13675 0.080273 -0.1627 -0.13198 0.030786 -0.11442 0.17557 -0.15247 -0.24113 -0.041779 -0.17472 -0.18054 0.13162 -0.18018 -0.26801 -0.013117 -0.2476 -0.26115 0.095212 -0.36324 -0.05792 -0.15629 -0.36329 0.057882 0.16266 -0.44747 -0.098245 -0.28577 -0.66245 -0.032771 0.15592 -0.4173 -0.17455 -0.3362 -0.70199 -0.32723 -0.086059 0.49728
-0.25439 -0.073399 0.29209 0.0056872 -0.21666 0.27485 -0.136 -0.17036 0.34213 -0.020117 -0.027677 0.058959 -0.02902 0.023259 -0.064547 0.060271 0.023259 -0.037625 -0.15832 0.061593 0.080309 -0.08234 -0.22951 0.025552 -0.16748 0.09291 -0.15527 -0.19295 -0.17046 -0.17474 -0.21048 0.020367 -0.1691 -0.22699 -0.15658 -0.24856 -0.2808 -0.0324 -0.35022 -0.0069018 -0.17501 -0.36633 -0.017217 0.15443 -0.40608 0.080064 -0.11846 -0.66404 -0.094521 0.11096 -0.3797 0.036104 -0.17528 -0.72821 -0.24324 -0.22516 0.49638
-0.22832 -0.14592 0.28984 0.064222 -0.24124 0.28301 -0.085065 -0.21276 0.34395 -0.012664 -0.034028 0.058806 -0.038379 0.030468 -0.057166 0.053416 0.030468 -0.042604 -0.20423 -0.070456 0.049137 -0.019179 -0.28786 0.033481 -0.22815 -0.093215 -0.18237 -0.14565 -0.2517 -0.16511 -0.25859 -0.13312 -0.2287 -0.18905 -0.24533 -0.23538 -0.27427 -0.1284 -0.33271 0.02478 -0.18354 -0.36755 -0.066802 0.15103 -0.35956 0.1299 -0.071189 -0.67843 -0.13143 0.082624 -0.34084 0.10656 -0.12506 -0.74957 -0.17597 -0.29642 0.50041
-0.18892 -0.15041 0.29206 0.101 -0.24381 0.29116 -0.047475 -0.20702 0.34843 -0.0064871 -0.034216 0.058917 -0.043146 0.02985 -0.05306 0.050732 0.02985 -0.046134 -0.18245 -0.13396 0.023284 0.027318 -0.29936 0.042321 -0.21175 -0.22503 -0.19526 -0.09811 -0.27452 -0.15665 -0.24656 -0.23166 -0.27363 -0.1446 -0.26695 -0.22475 -0.26145 -0.12669 -0.3329 0.047771 -0.19654 -0.36351 -0.054417 0.10849 -0.41089 0.087764 -0.12975 -0.68647 -0.11547 0.044132 -0.38415 0.067365 -0.1799 -0.76313 -0.12532 -0.2918 0.50784
-0.15361 -0.16841 0.29382 0.13817 -0.22971 0.2817 -0.0064006 -0.20524 0.35363 0.00064792 -0.033492 0.059849 -0.049246 0.02464 -0.050504 0.05545 0.02464 -0.043716 -0.12682 -0.083888 0.040671 0.075187 -0.29873 0.033018 -0.16198 -0.20727 -0.15978 -0.054022 -0.29775 -0.16539 -0.19458 -0.2429 -0.22694 -0.099632 -0.29324 -0.23451 -0.27158 -0.068598 -0.35592 0.07949 -0.19539 -0.36507 -0.03817 0.033835 -0.56157 0.09894 -0.10484 -0.68526 -0.095638 -0.023067 -0.51509 0.085787 -0.15505 -0.76321 -0.067825 -0.30072 0.51465
-0.1579 -0.15097 0.30317 0.12689 -0.20693 0.27646 -0.0095683 -0.1858 0.36425 -0.0014319 -0.027789 0.062504 -0.051652 0.020433 -0.050268 0.060662 0.020433 -0.038709 -0.23309 -0.040645 0.08567 0.071603 -0.27971 0.02674 -0.22903 -0.17878 -0.10412 -0.060402 -0.28779 -0.17019 -0.25096 -0.21768 -0.17308 -0.1169 -0.28877 -0.22929 -0.28142 0.0017444 -0.36504 0.067954 -0.15794 -0.38302 -0.056829 0.0028348 -0.62121 0.078373 -0.058848 -0.70233 -0.11122 -0.053446 -0.57068 0.065135 -0.11188 -0.77821 -0.066586 -0.28187 0.52715
-0.17673 -0.11832 0.31838 0.10288 -0.20403 0.28378 -0.030859 -0.16977 0.37132 -0.0041949 -0.024779 0.06393 -0.049995 0.018934 -0.052253 0.061062 0.018934 -0.03883 -0.31883 -0.052946 0.10219 0.050315 -0.27284 0.032439 -0.29648 -0.1934 -0.087726 -0.085871 -0.27604 -0.16165 -0.30512 -0.22369 -0.16448 -0.15027 -0.27598 -0.21415 -0.27265 0.056099 -0.37026 0.046828 -0.12428 -0.40237 -0.054082 -0.0018907 -0.6178 0.049648 -0.035672 -0.7242 -0.11841 -0.056135 -0.57247 0.028993 -0.091993 -0.79618 -0.090963 -0.2574 0.53754
-0.17338 -0.10723 0.33904 0.11672 -0.21426 0.30387 -0.025731 -0.17022 0.37118 0.00071621 -0.026463 0.063311 -0.047765 0.018474 -0.054513 0.055524 0.018474 -0.046603 -0.25551 -0.10883 0.087097 0.068835 -0.28094 0.051012 -0.25946 -0.24235 -0.10866 -0.073408 -0.28702 -0.13863 -0.25663 -0.28013 -0.18215 -0.13456 -0.28377 -0.19442 -0.24377 0.074374 -0.38694 0.053023 -0.11017 -0.41488 -0.045159 -0.023153 -0.63986 0.048045 -0.029264 -0.73881 -0.11131 -0.069985 -0.58994 0.022822 -0.090162 -0.80537 -0.082358 -0.25079 0.54217
-0.14018 -0.1197 0.36854 0.1722 -0.18216 0.33186 0.01706 -0.16031 0.37489 0.0088342 -0.021552 0.064358 -0.048938 0.016011 -0.054234 0.047959 0.016011 -0.055016 -0.20594 -0.1653 0.11298 0.14388 -0.25385 0.077794 -0.19388 -0.29338 -0.085335 0.0010855 -0.29193 -0.10639 -0.18056 -0.33494 -0.15581 -0.062407 -0.30361 -0.15654 -0.21077 0.048294 -0.40647 0.069902 -0.070591 -0.43319 -0.15203 -0.062522 -0.70259 0.047212 -0.00082007 -0.75877 -0.16128 -0.10884 -0.63205 0.03153 -0.071317 -0.81751 -0.020477 -0.24084 0.55062
-0.10842 -0.11932 0.38384 0.21335 -0.12968 0.34138 0.055306 -0.12864 0.38376 0.014415 -0.013184 0.065836 -0.049661 0.013425 -0.054314 0.045625 0.013425 -0.057755 -0.17575 -0.18744 0.13672 0.20239 -0.20622 0.086907 -0.13922 -0.31098 -0.062732 0.063105 -0.27619 -0.092278 -0.11538 -0.3556 -0.12784 -0.0026122 -0.30497 -0.1345 -0.18833 0.022433 -0.41903 0.076004 -0.02885 -0.44466 -0.21578 -0.039086 -0.74993 0.039084 0.028394 -0.77163 -0.19352 -0.10165 -0.68184 0.035978 -0.049662 -0.82384 0.034816 -0.21197 0.56163
-0.097557 -0.098138 0.38169 0.21714 -0.090686 0.33188 0.06549 -0.091202 0.39284 0.015067 -0.0072414 0.066531 -0.048989 0.012165 -0.055202 0.049048 0.012165 -0.055147 -0.14705 -0.1782 0.13314 0.21315 -0.16749 0.077451 -0.10767 -0.29909 -0.066881 0.077119 -0.24949 -0.098464 -0.076036 -0.34858 -0.12508 0.013205 -0.28479 -0.13733 -0.17846 0.020032 -0.4228 0.069189 -0.006699 -0.44398 -0.18976 0.034214 -0.75625 0.029175 0.040397 -0.77212 -0.18228 -0.046543 -0.70956 0.031625 -0.039881 -0.82022 0.050334 -0.17537 0.57061
-0.09881 -0.086115 0.3856 0.21465 -0.075144 0.33245 0.064109 -0.076981 0.3965 0.012736 -0.0056711 0.067146 -0.050957 0.011234 -0.053557 0.051528 0.011234 -0.053091 -0.13962 -0.17096 0.13678 0.21566 -0.15176 0.077768 -0.098872 -0.29628 -0.060062 0.079284 -0.23713 -0.096165 -0.066355 -0.34629 -0.11752 0.015423 -0.27385 -0.13356 -0.1715 0.022233 -0.42397 0.066097 0.0040979 -0.44244 -0.22007 0.046614 -0.75253 0.026589 0.044441 -0.77149 -0.19736 -0.026992 -0.69779 0.028817 -0.037103 -0.81631 0.050566 -0.15961 0.57503
-0.10428 -0.073617 0.38986 0.20885 -0.070474 0.33458 0.058878 -0.066804 0.39913 0.010574 -0.0062884 0.067499 -0.053139 0.0099182 -0.051737 0.053906 0.0099182 -0.050848 -0.14569 -0.15956 0.14188 0.19742 -0.15118 0.081969 -0.10811 -0.29162 -0.051386 0.056716 -0.24108 -0.086204 -0.074351 -0.34161 -0.10779 -0.0059655 -0.27808 -0.12547 -0.16624 0.024849 -0.42451 0.06621 0.0079419 -0.44055 -0.23172 0.066171 -0.7487 0.027674 0.0435 -0.77038 -0.21532 -0.008682 -0.70476 0.029609 -0.038224 -0.81858 0.042542 -0.15023 0.57725
-0.11031 -0.05715 0.39058 0.20087 -0.060004 0.33404 0.052727 -0.051451 0.40258 0.0093966 -0.0064804 0.067639 -0.053057 0.0082819 -0.052065 0.056272 0.0082819 -0.048585 -0.15434 -0.14271 0.1428 0.16726 -0.1489 0.085763 -0.11884 -0.28083 -0.046467 0.024064 -0.24796 -0.075025 -0.082306 -0.3337 -0.098565 -0.035765 -0.2866 -0.11706 -0.16341 0.026487 -0.42548 0.062099 0.012448 -0.4383 -0.2078 0.11 -0.74585 0.030148 0.042349 -0.7693 -0.21461 0.019008 -0.72167 0.026181 -0.040758 -0.81133 0.033415 -0.13232 0.58143
-0.11635 -0.044519 0.39203 0.1958 -0.039293 0.33741 0.046793 -0.040628 0.40459 0.008125 -0.0051504 0.06791 -0.050998 0.0070067 -0.054244 0.056554 0.0070067 -0.048486 -0.16169 -0.1282 0.14382 0.15413 -0.13614 0.093208 -0.11703 -0.27216 -0.038968 0.014779 -0.24453 -0.064986 -0.082716 -0.33096 -0.086303 -0.044021 -0.28581 -0.10602 -0.16213 0.027265 -0.42736 0.051064 0.023157 -0.43784 -0.21307 0.12738 -0.74236 0.036973 0.044227 -0.77066 -0.20811 0.035039 -0.70113 0.01202 -0.042956 -0.77687 0.030497 -0.10667 0.58947
-0.12084 -0.027095 0.39388 0.19163 -0.037102 0.34082 0.041971 -0.034002 0.40567 0.0075163 -0.0041576 0.068063 -0.050561 0.0066397 -0.054722 0.054663 0.0066397 -0.050588 -0.17176 -0.10455 0.14479 0.14066 -0.1391 0.10091 -0.12919 -0.25196 -0.035834 -0.0042643 -0.24473 -0.053783 -0.10442 -0.31917 -0.076368 -0.065397 -0.28302 -0.094032 -0.15807 0.037013 -0.42807 0.05091 0.025153 -0.43991 -0.20657 0.15633 -0.73548 0.052412 0.036068 -0.77373 -0.22924 0.087987 -0.73403 0.0067806 -0.045952 -0.75541 0.024669 -0.088717 0.59475
-0.1231 -0.0071173 0.39949 0.18992 -0.05147 0.34736 0.038751 -0.030303 0.40631 0.007537 -0.0039488 0.068067 -0.051181 0.0066385 -0.054151 0.051926 0.0066385 -0.053437 -0.18229 -0.075044 0.14944 0.12883 -0.15273 0.10928 -0.15397 -0.22442 -0.03238 -0.029832 -0.2481 -0.038778 -0.1389 -0.2987 -0.065714 -0.094746 -0.27973 -0.079147 -0.15237 0.052219 -0.42785 0.058695 0.02014 -0.44296 -0.18082 0.19546 -0.72827 0.069169 0.020091 -0.77668 -0.24783 0.17315 -0.79578 0.0099216 -0.050028 -0.76031 0.020522 -0.074635 0.59754
-0.12247 0.0050163 0.40596 0.19089 -0.05811 0.35451 0.038044 -0.028201 0.40653 0.007717 -0.0036859 0.068063 -0.050934 0.0059058 -0.054503 0.050125 0.0059058 -0.055218 -0.18534 -0.05667 0.15532 0.13173 -0.1524 0.1131 -0.16662 -0.20774 -0.026347 -0.035853 -0.2444 -0.0271 -0.15203 -0.28391 -0.055408 -0.10285 -0.27297 -0.066349 -0.14722 0.060737 -0.42831 0.060472 0.019474 -0.44466 -0.1611 0.21169 -0.72599 0.077827 0.0075175 -0.77786 -0.21815 0.23308 -0.80239 0.0096417 -0.055748 -0.77457 0.028481 -0.055457 0.60145
-0.11649 0.0072955 0.38813 0.18252 -0.051504 0.33126 0.0421 -0.024028 0.40636 0.0087471 -0.0032951 0.067953 -0.053614 0.0041412 -0.051877 0.050099 0.0041412 -0.055374 -0.1758 -0.059965 0.13724 0.13354 -0.14074 0.08583 -0.15692 -0.20802 -0.046891 -0.037682 -0.23826 -0.04573 -0.13599 -0.28343 -0.073523 -0.10489 -0.26829 -0.08334 -0.13583 0.059748 -0.42868 0.063302 0.018256 -0.4447 -0.14431 0.2087 -0.72724 0.086483 -0.004303 -0.77708 -0.18714 0.21844 -0.80395 0.015828 -0.06656 -0.78272 0.039962 -0.051632 0.60175
-0.10754 0.0038571 0.35975 0.17046 -0.038044 0.29836 0.047871 -0.020058 0.40596 0.010089 -0.0030909 0.067782 -0.057439 0.0022987 -0.047905 0.050769 0.0022987 -0.054889 -0.16704 -0.050318 0.10711 0.13234 -0.12514 0.050059 -0.14031 -0.19817 -0.076114 -0.039181 -0.23268 -0.073221 -0.11202 -0.27295 -0.09705 -0.10633 -0.26704 -0.10721 -0.12151 0.055475 -0.42876 0.065498 0.019808 -0.444 -0.13 0.20009 -0.72969 0.095265 -0.013604 -0.77486 -0.16673 0.16925 -0.81234 0.029376 -0.077514 -0.79095 0.051364 -0.060007 0.59911
-0.10005 0.00019026 0.34543 0.16528 -0.026078 0.28842 0.050903 -0.020196 0.40558 0.010719 -0.0033556 0.067672 -0.058773 0.0014143 -0.046275 0.050894 0.0014143 -0.0548 -0.17084 -0.0026691 0.090075 0.13524 -0.10866 0.037412 -0.13306 -0.15863 -0.084245 -0.033222 -0.22503 -0.082037 -0.10122 -0.23399 -0.095875 -0.10003 -0.26399 -0.11171 -0.1096 0.055883 -0.42894 0.062752 0.027937 -0.4435 -0.11827 0.19287 -0.73346 0.099789 -0.016428 -0.77233 -0.14864 0.15101 -0.81391 0.043786 -0.082578 -0.80643 0.0618 -0.067618 0.59676
-0.095824 -0.0018236 0.33724 0.16217 -0.016504 0.28606 0.051141 -0.02328 0.40538 0.010529 -0.0039598 0.067667 -0.058661 0.0012166 -0.04637 0.051171 0.0012166 -0.054544 -0.17346 0.034852 0.084683 0.14237 -0.086762 0.030998 -0.12423 -0.12374 -0.084489 -0.015961 -0.20855 -0.096359 -0.09283 -0.19955 -0.095437 -0.078379 -0.25023 -0.12943 -0.095427 0.062272 -0.42953 0.060777 0.034016 -0.44286 -0.102 0.1778 -0.74239 0.10073 -0.012946 -0.77104 -0.145 0.16455 -0.81936 0.054669 -0.083683 -0.81358 0.066108 -0.07758 0.59442
-0.094558 -0.0023422 0.33155 0.15919 -0.0091585 0.28542 0.049426 -0.026491 0.40541 0.0099092 -0.0047026 0.067714 -0.058192 0.0013411 -0.046984 0.052001 0.0013411 -0.053751 -0.17115 0.050655 0.082952 0.14291 -0.068462 0.026265 -0.11422 -0.10659 -0.084948 -0.00088812 -0.19466 -0.11367 -0.082205 -0.1809 -0.10186 -0.061184 -0.24033 -0.1493 -0.081423 0.071457 -0.42975 0.060551 0.036989 -0.44182 -0.084562 0.16551 -0.75026 0.10068 -0.0023101 -0.771 -0.1409 0.1858 -0.82445 0.066202 -0.071029 -0.82307 0.06526 -0.086954 0.59252
-0.095205 -0.0019572 0.32832 0.15682 -0.0032354 0.28745 0.046603 -0.027824 0.40566 0.0092155 -0.0053943 0.06776 -0.057893 0.0016639 -0.047337 0.053309 0.0016639 -0.052445 -0.16936 0.060457 0.081053 0.14324 -0.050955 0.02575 -0.1087 -0.099228 -0.083184 0.011572 -0.18369 -0.11993 -0.071995 -0.16981 -0.10565 -0.046859 -0.23041 -0.15763 -0.070958 0.080325 -0.4289 0.061333 0.039662 -0.4403 -0.070169 0.16569 -0.75176 0.10208 0.018251 -0.77106 -0.12531 0.19698 -0.82135 0.080642 -0.038194 -0.84205 0.062578 -0.091822 0.59157
-0.09715 -0.000668 0.32632 0.15536 0.0024751 0.29118 0.043096 -0.027591 0.40606 0.0083735 -0.0059056 0.067829 -0.057743 0.0023102 -0.047492 0.054687 0.0023102 -0.050977 -0.17403 0.077583 0.082526 0.1772 -0.0077325 0.028592 -0.10761 -0.088367 -0.07371 0.048995 -0.14926 -0.11166 -0.066479 -0.15521 -0.10007 0.0099835 -0.17913 -0.17315 -0.062224 0.088751 -0.42754 0.064402 0.043533 -0.43849 -0.055509 0.16884 -0.75156 0.10557 0.051709 -0.76959 -0.11596 0.20424 -0.8124 0.091767 0.0047743 -0.85029 0.059401 -0.093595 0.59124
-0.10067 0.0014033 0.3253 0.15365 0.0054923 0.29516 0.038461 -0.026765 0.40657 0.0070575 -0.006271 0.067942 -0.05716 0.0028112 -0.048162 0.055747 0.0028112 -0.049795 -0.1676 0.056621 0.076616 0.21448 0.032873 0.036861 -0.098258 -0.099463 -0.086672 0.085304 -0.11541 -0.095459 -0.056857 -0.16293 -0.11963 0.055007 -0.13491 -0.17109 -0.05589 0.095101 -0.42689 0.069642 0.049946 -0.43647 -0.043092 0.17231 -0.75151 0.10883 0.089947 -0.76568 -0.111 0.20908 -0.80493 0.1049 0.048141 -0.84891 0.055452 -0.093922 0.59127
-0.10543 0.0039815 0.3252 0.15114 0.0049664 0.29848 0.032968 -0.025941 0.40709 0.0053266 -0.0064836 0.068081 -0.055964 0.0028129 -0.049548 0.056316 0.0028129 -0.049149 -0.14625 -0.0039339 0.063274 0.2299 0.048009 0.048232 -0.077935 -0.13583 -0.12119 0.099435 -0.10217 -0.080584 -0.037888 -0.19446 -0.16361 0.054319 -0.13053 -0.14376 -0.052375 0.098931 -0.4273 0.07516 0.057262 -0.43466 -0.035063 0.17593 -0.75174 0.11144 0.12214 -0.76018 -0.10516 0.21171 -0.80247 0.12231 0.081305 -0.84364 0.050692 -0.0937 0.59151
-0.11018 0.0067001 0.32567 0.14865 0.0037618 0.30125 0.027834 -0.024962 0.40754 0.0037331 -0.0064175 0.068198 -0.054678 0.0024346 -0.050992 0.056479 0.0024346 -0.048983 -0.13357 -0.030538 0.061136 0.23675 0.049592 0.053969 -0.062387 -0.15708 -0.12689 0.10379 -0.098743 -0.074582 -0.017232 -0.20702 -0.17462 0.050141 -0.13357 -0.12793 -0.050239 0.10213 -0.4278 0.078345 0.060871 -0.43378 -0.029511 0.17852 -0.75217 0.11638 0.14164 -0.75555 -0.10046 0.21414 -0.80158 0.13681 0.095143 -0.83429 0.04592 -0.09289 0.59186
-0.11607 0.0092844 0.32629 0.14531 0.001852 0.30406 0.021765 -0.023731 0.40795 0.0020793 -0.0060738 0.068291 -0.053157 0.001671 -0.052587 0.056302 0.001671 -0.049216 -0.13152 -0.036629 0.067506 0.22014 0.027832 0.052419 -0.058491 -0.16407 -0.11765 0.087754 -0.11423 -0.083115 -0.006352 -0.206 -0.16672 0.037943 -0.15065 -0.13691 -0.048763 0.10519 -0.42837 0.080737 0.061719 -0.43356 -0.024829 0.18076 -0.75272 0.12296 0.1505 -0.75262 -0.096363 0.21707 -0.80111 0.14919 0.099437 -0.82638 0.040533 -0.091186 0.59237
-0.12496 0.011491 0.32665 0.1397 -0.0018063 0.30764 0.012638 -0.022183 0.40843 -8.5042e-05 -0.0054972 0.068376 -0.051027 0.0004654 -0.054691 0.055839 0.0004654 -0.049768 -0.13445 -0.065395 0.072387 0.15525 -0.034857 0.044362 -0.069835 -0.17199 -0.12918 0.032538 -0.16481 -0.11128 -0.017637 -0.21327 -0.17828 -0.0036333 -0.20247 -0.17541 -0.047501 0.10809 -0.42932 0.085231 0.062606 -0.43346 -0.01961 0.18394 -0.75329 0.12926 0.15351 -0.75171 -0.091346 0.22079 -0.80081 0.16301 0.11002 -0.82741 0.033452 -0.088218 0.59314
