-0.14922 0.020419 0.27862 0.098268 0.058832 0.33731 -0.046472 0.025972 0.40578 -0.0096901 0.0034145 0.067823 -0.050245 -0.0051891 -0.055169 0.055884 -0.0051891 -0.049448 -0.28265 -0.093522 0.078965 0.27518 -0.11623 0.24403 -0.33689 -0.24266 -0.097059 0.23545 -0.22332 0.45169 -0.33233 -0.28866 -0.16564 0.26386 -0.28315 0.50122 -0.087141 0.010756 -0.44289 -0.035163 0.021489 -0.42753 -0.031967 0.032341 -0.77149 -0.054751 0.12113 -0.74561 -0.016203 -0.046511 -0.8194 0.01914 0.13916 -0.80016 -0.035845 -0.020656 0.59716
-0.15232 0.02184 0.27835 0.096629 0.060602 0.34033 -0.049345 0.026485 0.40529 -0.010143 0.0033633 0.067732 -0.050271 -0.0050927 -0.055139 0.056415 -0.0050927 -0.048829 -0.28736 -0.092713 0.079595 0.27873 -0.11676 0.25949 -0.33973 -0.24377 -0.095314 0.24538 -0.22841 0.47944 -0.33598 -0.29151 -0.16268 0.23874 -0.28591 0.52612 -0.085388 0.011948 -0.44296 -0.047398 0.01703 -0.42344 -0.029236 0.038548 -0.77101 -0.063187 0.12168 -0.74023 -0.012014 -0.038458 -0.82118 0.010354 0.14146 -0.79459 -0.03854 -0.018733 0.59701
-0.15525 0.023225 0.2779 0.094657 0.06243 0.34293 -0.052288 0.026955 0.40485 -0.010594 0.0033503 0.067653 -0.050295 -0.0051106 -0.05511 0.056873 -0.0051106 -0.048286 -0.29271 -0.090381 0.080093 0.2781 -0.1187 0.27272 -0.34378 -0.2427 -0.094105 0.24756 -0.22405 0.50072 -0.34085 -0.29195 -0.16041 0.21766 -0.27717 0.54777 -0.083943 0.012948 -0.44302 -0.055957 0.014404 -0.42044 -0.02674 0.044205 -0.77046 -0.070093 0.1225 -0.73623 -0.0085464 -0.031643 -0.82205 0.0032236 0.14348 -0.79045 -0.041734 -0.017166 0.59684
-0.15801 0.024474 0.27731 0.092466 0.064134 0.34515 -0.055233 0.027263 0.40446 -0.011037 0.0033455 0.067587 -0.050312 -0.0052075 -0.055087 0.057265 -0.0052075 -0.047815 -0.29852 -0.086893 0.080489 0.27409 -0.12191 0.28406 -0.34876 -0.23991 -0.093349 0.24321 -0.21213 0.51632 -0.34662 -0.29045 -0.15872 0.19998 -0.25916 0.56626 -0.082751 0.013771 -0.44305 -0.061463 0.01326 -0.41835 -0.024481 0.049328 -0.76988 -0.075694 0.12348 -0.73341 -0.0057262 -0.025931 -0.82219 -0.0025019 0.14522 -0.78752 -0.045271 -0.016043 0.59666
-0.16059 0.025489 0.27668 0.090168 0.06553 0.34705 -0.058107 0.027292 0.4041 -0.011464 0.0033195 0.06753 -0.050317 -0.0053482 -0.055076 0.057596 -0.0053482 -0.047409 -0.30459 -0.082614 0.080814 0.26753 -0.12626 0.2938 -0.35437 -0.23587 -0.092965 0.23358 -0.19451 0.52706 -0.35297 -0.28747 -0.15755 0.18506 -0.23408 0.58167 -0.081756 0.014429 -0.44309 -0.064537 0.013248 -0.41699 -0.022462 0.053929 -0.76929 -0.080219 0.12454 -0.73154 -0.0034786 -0.021187 -0.82177 -0.0070744 0.14668 -0.78557 -0.048998 -0.015451 0.59647
-0.163 0.026171 0.27606 0.087876 0.066436 0.3487 -0.060841 0.026921 0.40379 -0.011868 0.0032425 0.067481 -0.050305 -0.0054975 -0.055081 0.057874 -0.0054975 -0.047065 -0.31075 -0.077911 0.081098 0.25921 -0.13158 0.30227 -0.36032 -0.23103 -0.09287 0.21988 -0.17307 0.53375 -0.35958 -0.28348 -0.1568 0.17224 -0.20413 0.59408 -0.080902 0.014935 -0.44314 -0.065802 0.014017 -0.41619 -0.020685 0.058023 -0.76872 -0.083893 0.12557 -0.73041 -0.0017292 -0.017279 -0.82098 -0.010745 0.14788 -0.78438 -0.05276 -0.015476 0.59628
-0.16524 0.02642 0.27553 0.085702 0.066669 0.35013 -0.063365 0.026032 0.40353 -0.012243 0.0030848 0.067438 -0.050271 -0.0056202 -0.05511 0.058106 -0.0056202 -0.046777 -0.31679 -0.073149 0.08137 0.24997 -0.13775 0.30977 -0.36633 -0.22585 -0.092983 0.20333 -0.14969 0.53717 -0.36612 -0.27896 -0.15639 0.16089 -0.17153 0.60358 -0.080133 0.015304 -0.44321 -0.065879 0.015217 -0.41578 -0.019151 0.061626 -0.76821 -0.086943 0.12648 -0.72981 -0.00040355 -0.014069 -0.81999 -0.013766 0.14882 -0.78373 -0.056403 -0.016207 0.5961
-0.1673 0.026137 0.27515 0.083759 0.066046 0.35141 -0.065608 0.024507 0.40332 -0.01258 0.0028169 0.0674 -0.05021 -0.0056809 -0.055168 0.058296 -0.0056809 -0.046541 -0.32253 -0.068695 0.081661 0.24061 -0.14462 0.31664 -0.37211 -0.22078 -0.09322 0.18518 -0.12623 0.53815 -0.3723 -0.27438 -0.15622 0.15034 -0.13849 0.61025 -0.079393 0.015548 -0.4433 -0.065391 0.016499 -0.41557 -0.017864 0.06475 -0.76779 -0.089597 0.12718 -0.7295 0.00057292 -0.011425 -0.81899 -0.016388 0.1495 -0.78339 -0.059772 -0.017731 0.59592
-0.16918 0.025225 0.27499 0.08216 0.064384 0.3526 -0.0675 0.022226 0.40316 -0.012872 0.0024089 0.067365 -0.050116 -0.0056446 -0.05526 0.058453 -0.0056446 -0.046351 -0.32778 -0.064915 0.082 0.23194 -0.15204 0.32317 -0.37736 -0.21629 -0.0935 0.16665 -0.10458 0.53747 -0.37778 -0.27021 -0.15623 0.13997 -0.10721 0.61418 -0.078628 0.015681 -0.44344 -0.064959 0.017511 -0.4154 -0.016824 0.067412 -0.76749 -0.092081 0.12757 -0.72929 0.0012747 -0.0092115 -0.81815 -0.018862 0.14994 -0.78315 -0.062713 -0.020134 0.59577
-0.17089 0.023583 0.27513 0.081017 0.0615 0.35374 -0.06897 0.01907 0.40305 -0.013113 0.0018314 0.067331 -0.049985 -0.0054759 -0.055393 0.058583 -0.0054759 -0.046203 -0.33236 -0.062174 0.082417 0.22479 -0.15987 0.32969 -0.3818 -0.21282 -0.093741 0.14896 -0.086608 0.53596 -0.38224 -0.26691 -0.15632 0.12912 -0.079902 0.61545 -0.07778 0.015715 -0.44363 -0.065206 0.017904 -0.41509 -0.016035 0.069624 -0.76733 -0.094621 0.12756 -0.72895 0.0017762 -0.0072939 -0.81765 -0.021441 0.15013 -0.78277 -0.065073 -0.023504 0.59563
-0.17242 0.021113 0.27562 0.080444 0.057212 0.35489 -0.069949 0.014921 0.40299 -0.013295 0.0010545 0.067297 -0.049811 -0.0051396 -0.055571 0.058692 -0.0051396 -0.046092 -0.33608 -0.060839 0.082943 0.21995 -0.16797 0.33652 -0.38513 -0.21085 -0.09386 0.13334 -0.074184 0.5344 -0.38537 -0.26496 -0.15641 0.11714 -0.058779 0.61415 -0.076795 0.015665 -0.44388 -0.066754 0.017327 -0.41446 -0.015498 0.071401 -0.76734 -0.097446 0.12705 -0.72827 0.002152 -0.0055377 -0.81766 -0.024375 0.15008 -0.78203 -0.066696 -0.027928 0.59552
-0.17377 0.017724 0.27654 0.080543 0.051358 0.3561 -0.070373 0.009675 0.40298 -0.013412 5.1958e-05 0.06726 -0.04959 -0.0046035 -0.055801 0.058786 -0.0046035 -0.046014 -0.33875 -0.06125 0.083603 0.21821 -0.17617 0.34391 -0.3871 -0.2108 -0.093781 0.12096 -0.069059 0.53356 -0.38687 -0.2648 -0.15641 0.10344 -0.045927 0.61037 -0.075621 0.015545 -0.4442 -0.070166 0.015472 -0.41336 -0.015214 0.072762 -0.76757 -0.10076 0.12596 -0.72704 0.0024736 -0.0038126 -0.81837 -0.027898 0.14982 -0.78074 -0.067443 -0.033479 0.59545
-0.17495 0.013472 0.2778 0.081257 0.044122 0.35736 -0.070289 0.0034619 0.40301 -0.013466 -0.0011469 0.06722 -0.049332 -0.0038867 -0.05607 0.058865 -0.0038867 -0.045965 -0.34043 -0.063298 0.084342 0.21971 -0.18402 0.3514 -0.38777 -0.21256 -0.093542 0.11208 -0.070903 0.5333 -0.38686 -0.2664 -0.15631 0.08841 -0.041373 0.60432 -0.074283 0.015393 -0.44458 -0.075018 0.012726 -0.41188 -0.015166 0.073797 -0.76797 -0.10446 0.1245 -0.72538 0.0027605 -0.0020584 -0.81969 -0.031921 0.14951 -0.77901 -0.067422 -0.039996 0.5954
-0.17593 0.0085342 0.27923 0.082394 0.035979 0.3586 -0.069839 -0.0033905 0.40305 -0.013469 -0.0024666 0.067175 -0.049057 -0.0030507 -0.056356 0.058923 -0.0030507 -0.045948 -0.34135 -0.066506 0.085041 0.22403 -0.19083 0.35788 -0.38751 -0.21563 -0.09327 0.10617 -0.077654 0.53273 -0.38578 -0.26932 -0.15615 0.073211 -0.043437 0.59631 -0.072869 0.015265 -0.44499 -0.080068 0.010057 -0.41032 -0.015323 0.074658 -0.76847 -0.10818 0.1231 -0.72362 0.0029899 -0.00027331 -0.82136 -0.036091 0.14946 -0.77724 -0.066947 -0.04712 0.59536
-0.1767 0.00309 0.28065 0.08376 0.027411 0.35974 -0.069166 -0.010549 0.40306 -0.013431 -0.0038303 0.067125 -0.048788 -0.0021584 -0.056635 0.058955 -0.0021584 -0.045962 -0.34173 -0.070384 0.085575 0.23076 -0.1959 0.36221 -0.38668 -0.21944 -0.093096 0.10268 -0.087199 0.53097 -0.38409 -0.27314 -0.15595 0.059049 -0.05039 0.58666 -0.071467 0.015221 -0.44538 -0.08405 0.0084468 -0.409 -0.015651 0.075495 -0.76901 -0.11155 0.12219 -0.72212 0.0031372 0.0015427 -0.82311 -0.040048 0.14999 -0.77582 -0.066337 -0.054488 0.59532
-0.17726 -0.0026799 0.28187 0.085159 0.0189 0.36072 -0.068414 -0.017681 0.40301 -0.013364 -0.005161 0.067069 -0.048545 -0.0012727 -0.056883 0.058955 -0.0012727 -0.046009 -0.34182 -0.074442 0.085824 0.23948 -0.19852 0.36328 -0.38567 -0.22347 -0.093154 0.10109 -0.097426 0.5271 -0.38225 -0.2774 -0.15577 0.047123 -0.060499 0.57568 -0.070168 0.015318 -0.44573 -0.085695 0.008881 -0.40822 -0.016118 0.07646 -0.7695 -0.11419 0.1222 -0.72124 0.0031781 0.0033896 -0.82467 -0.043428 0.15141 -0.77516 -0.065913 -0.061737 0.59526
-0.17759 -0.0085971 0.2827 0.086399 0.010925 0.36146 -0.067723 -0.024456 0.40286 -0.013279 -0.0063829 0.067004 -0.048351 -0.00045552 -0.057075 0.058917 -0.00045552 -0.046088 -0.34183 -0.078196 0.085666 0.24978 -0.19801 0.35999 -0.38483 -0.22718 -0.093571 0.10085 -0.10625 0.52025 -0.38072 -0.28169 -0.15562 0.038626 -0.072053 0.5637 -0.06906 0.015612 -0.44599 -0.08376 0.012324 -0.4083 -0.016691 0.077706 -0.76987 -0.11572 0.12357 -0.72133 0.003089 0.0052681 -0.82577 -0.045878 0.15402 -0.77565 -0.065987 -0.068511 0.59515
-0.17764 -0.014583 0.28308 0.087437 0.0037157 0.36195 -0.067108 -0.030756 0.40261 -0.013176 -0.0074698 0.066931 -0.04821 0.00026757 -0.057206 0.058839 0.00026757 -0.046199 -0.34186 -0.081389 0.085065 0.26117 -0.19441 0.35231 -0.38425 -0.23029 -0.094401 0.10198 -0.11314 0.51053 -0.37964 -0.28571 -0.15556 0.034319 -0.084333 0.55116 -0.068158 0.016137 -0.44617 -0.078165 0.018788 -0.40932 -0.017332 0.079306 -0.77009 -0.11611 0.12623 -0.72253 0.0028912 0.0072123 -0.82633 -0.047295 0.15773 -0.77738 -0.06657 -0.07478 0.59497
-0.17733 -0.020706 0.28308 0.088444 -0.0028543 0.36222 -0.066396 -0.036766 0.40227 -0.01304 -0.0084681 0.066847 -0.048104 0.00092462 -0.057291 0.058724 0.00092462 -0.046341 -0.34175 -0.084093 0.08411 0.27306 -0.18879 0.34183 -0.38362 -0.23288 -0.095583 0.10528 -0.11979 0.4995 -0.3787 -0.28945 -0.15564 0.034336 -0.098066 0.5387 -0.067374 0.016886 -0.44629 -0.070523 0.026897 -0.41108 -0.017998 0.08123 -0.7702 -0.11576 0.12935 -0.72468 0.002671 0.0093047 -0.82651 -0.04795 0.16184 -0.78005 -0.067224 -0.080995 0.59462
-0.17655 -0.027042 0.28281 0.089608 -0.0089406 0.36232 -0.065401 -0.042694 0.40183 -0.012856 -0.0094301 0.06675 -0.048014 0.0015479 -0.057349 0.058573 0.0015479 -0.046511 -0.34135 -0.086408 0.082896 0.28485 -0.18232 0.33024 -0.38259 -0.23506 -0.097048 0.11162 -0.1281 0.48883 -0.37756 -0.29288 -0.1559 0.038762 -0.11409 0.52699 -0.06661 0.017852 -0.44636 -0.062582 0.035167 -0.41333 -0.018642 0.083435 -0.77023 -0.11511 0.13208 -0.72758 0.00252 0.011632 -0.82651 -0.048145 0.16564 -0.78328 -0.06748 -0.087641 0.59403
-0.17519 -0.033672 0.28234 0.091119 -0.014699 0.36231 -0.063936 -0.04875 0.40131 -0.012605 -0.010408 0.066638 -0.047921 0.0021695 -0.057399 0.058391 0.0021695 -0.046707 -0.34049 -0.088432 0.081521 0.29597 -0.17618 0.31924 -0.38083 -0.23695 -0.098728 0.12187 -0.13995 0.48019 -0.37588 -0.296 -0.15638 0.047683 -0.13325 0.51669 -0.065769 0.019026 -0.44642 -0.056087 0.042114 -0.41583 -0.01922 0.085882 -0.77024 -0.11461 0.13354 -0.73106 0.0025295 0.01428 -0.82651 -0.048178 0.16839 -0.78672 -0.066866 -0.095206 0.5931
-0.17317 -0.040673 0.28179 0.093166 -0.020284 0.36224 -0.061814 -0.055144 0.40073 -0.012273 -0.011453 0.066508 -0.047805 0.0028218 -0.05746 0.058179 0.0028218 -0.046927 -0.33901 -0.090267 0.080083 0.3058 -0.17153 0.31052 -0.37798 -0.23866 -0.10055 0.13689 -0.15722 0.47525 -0.37332 -0.29878 -0.15715 0.061182 -0.15638 0.50846 -0.064753 0.0204 -0.4465 -0.052784 0.046253 -0.41834 -0.019686 0.088528 -0.77025 -0.1147 0.13287 -0.73491 0.0027909 0.017335 -0.8267 -0.048351 0.16936 -0.79001 -0.064914 -0.10418 0.59176
-0.17045 -0.04805 0.28123 0.095854 -0.025832 0.36215 -0.058949 -0.06199 0.40008 -0.011854 -0.012595 0.06636 -0.047657 0.0035271 -0.057539 0.057944 0.0035271 -0.047165 -0.33688 -0.091982 0.078705 0.31399 -0.16919 0.30517 -0.37399 -0.24029 -0.10238 0.15675 -0.18061 0.47491 -0.36982 -0.30126 -0.15813 0.078899 -0.18363 0.50276 -0.063513 0.02201 -0.44659 -0.053297 0.047077 -0.42062 -0.020008 0.091359 -0.77029 -0.11542 0.13015 -0.73877 0.0033349 0.020841 -0.82719 -0.048711 0.16862 -0.7928 -0.06139 -0.11477 0.58997
-0.16723 -0.055617 0.28066 0.099073 -0.031424 0.36209 -0.055507 -0.069165 0.39935 -0.011366 -0.013797 0.066197 -0.047494 0.0042822 -0.057623 0.057696 0.0042822 -0.047405 -0.33445 -0.093574 0.077583 0.32069 -0.16905 0.30263 -0.36955 -0.24192 -0.10388 0.17942 -0.20776 0.47809 -0.36603 -0.30351 -0.15899 0.099306 -0.21334 0.49954 -0.062128 0.023997 -0.44668 -0.055307 0.046633 -0.42234 -0.020193 0.094424 -0.77035 -0.11571 0.12794 -0.7418 0.004033 0.024728 -0.82786 -0.048649 0.16831 -0.79477 -0.056689 -0.12653 0.58781
-0.16372 -0.063154 0.28008 0.10268 -0.037134 0.3621 -0.051699 -0.076502 0.39853 -0.010834 -0.015016 0.066023 -0.047336 0.0050797 -0.05769 0.057448 0.0050797 -0.047628 -0.33211 -0.095028 0.076925 0.3262 -0.17086 0.30209 -0.36545 -0.24362 -0.10469 0.20251 -0.23577 0.48337 -0.36274 -0.30566 -0.15933 0.12068 -0.24356 0.49869 -0.060696 0.026525 -0.4467 -0.056019 0.047384 -0.42321 -0.020251 0.097784 -0.77038 -0.11436 0.12917 -0.74309 0.004731 0.028908 -0.82857 -0.047447 0.17089 -0.79561 -0.051306 -0.13886 0.58539
-0.16013 -0.070444 0.2795 0.10653 -0.043036 0.36222 -0.047736 -0.083836 0.39759 -0.010283 -0.016205 0.065841 -0.047205 0.0059122 -0.057721 0.057213 0.0059122 -0.047818 -0.33026 -0.096329 0.076937 0.33079 -0.17438 0.30273 -0.36251 -0.24545 -0.10445 0.22365 -0.26178 0.48934 -0.36072 -0.30779 -0.15876 0.14132 -0.27234 0.50006 -0.059316 0.029754 -0.44662 -0.052639 0.051791 -0.4229 -0.020193 0.1015 -0.77036 -0.11015 0.13681 -0.74171 0.0052745 0.033294 -0.82916 -0.044387 0.17884 -0.79502 -0.045735 -0.15118 0.58281
-0.15668 -0.077269 0.27893 0.11048 -0.049203 0.3625 -0.043827 -0.091003 0.39653 -0.0097356 -0.01732 0.065655 -0.047122 0.0067724 -0.057695 0.057003 0.0067724 -0.047957 -0.32931 -0.097463 0.077825 0.33473 -0.17934 0.30373 -0.36154 -0.24749 -0.10279 0.24046 -0.28291 0.49457 -0.36074 -0.31003 -0.1569 0.15948 -0.29772 0.50354 -0.058086 0.033848 -0.4464 -0.04237 0.062315 -0.4211 -0.020031 0.10563 -0.77026 -0.10186 0.15381 -0.73676 0.0055092 0.037798 -0.82949 -0.038753 0.19465 -0.79267 -0.040471 -0.1629 0.58019
-0.15355 -0.083449 0.27834 0.1144 -0.055681 0.36294 -0.040154 -0.097863 0.39533 -0.0092142 -0.018325 0.065469 -0.047103 0.0076506 -0.057598 0.056828 0.0076506 -0.048031 -0.32955 -0.098427 0.079745 0.33826 -0.1855 0.30443 -0.36315 -0.24979 -0.09945 0.25111 -0.2969 0.49796 -0.36341 -0.31247 -0.15342 0.17382 -0.31812 0.50898 -0.057099 0.038914 -0.44599 -0.023303 0.080645 -0.41764 -0.019782 0.11021 -0.77006 -0.088704 0.1821 -0.72765 0.0053123 0.042337 -0.82943 -0.030079 0.21997 -0.78835 -0.035916 -0.17357 0.57759
-0.15075 -0.089007 0.27773 0.11819 -0.062379 0.36346 -0.03676 -0.10441 0.39401 -0.008727 -0.019225 0.065282 -0.047143 0.008526 -0.05744 0.056683 0.008526 -0.048052 -0.33088 -0.099292 0.082588 0.34146 -0.19265 0.30486 -0.36709 -0.25237 -0.094569 0.25641 -0.30463 0.49991 -0.36848 -0.31518 -0.14841 0.18469 -0.33374 0.51612 -0.056411 0.044805 -0.4454 0.0020843 0.10463 -0.41298 -0.019496 0.1151 -0.76974 -0.07212 0.21859 -0.71548 0.0047163 0.046861 -0.82903 -0.01915 0.25244 -0.78233 -0.032007 -0.1833 0.57498
-0.14821 -0.094022 0.27704 0.1218 -0.069166 0.36392 -0.033645 -0.11068 0.39257 -0.0082781 -0.020041 0.065093 -0.047228 0.0093744 -0.057236 0.056559 0.0093744 -0.048038 -0.33303 -0.10015 0.086164 0.34437 -0.2006 0.30529 -0.37284 -0.25523 -0.088433 0.25799 -0.30794 0.50126 -0.37545 -0.31821 -0.14203 0.19299 -0.34532 0.52469 -0.05607 0.051292 -0.44464 0.029957 0.13092 -0.40778 -0.019234 0.12015 -0.7693 -0.054211 0.25861 -0.70188 0.0038021 0.051325 -0.82836 -0.0071361 0.28846 -0.77501 -0.028538 -0.19238 0.57228
-0.14589 -0.098576 0.27623 0.12515 -0.075908 0.36417 -0.030808 -0.11672 0.39103 -0.0078718 -0.020793 0.064902 -0.047345 0.010172 -0.057003 0.056448 0.010172 -0.048008 -0.33576 -0.10109 0.090284 0.34701 -0.20913 0.30597 -0.37986 -0.25836 -0.081325 0.25748 -0.30865 0.50288 -0.3838 -0.32163 -0.13449 0.19962 -0.35361 0.53441 -0.056123 0.058146 -0.44372 0.056481 0.15618 -0.40271 -0.019054 0.12519 -0.76873 -0.037083 0.29752 -0.68847 0.0026503 0.055688 -0.82752 0.0047908 0.32443 -0.7668 -0.025302 -0.2011 0.5694
-0.14373 -0.10275 0.27528 0.12817 -0.082473 0.36409 -0.028249 -0.12254 0.38942 -0.0075124 -0.0215 0.064707 -0.047482 0.010893 -0.05676 0.05634 0.010893 -0.04798 -0.33881 -0.10221 0.094758 0.34941 -0.21806 0.30716 -0.38761 -0.26176 -0.073528 0.25651 -0.30861 0.50562 -0.39302 -0.3255 -0.12596 0.20549 -0.35938 0.545 -0.056616 0.065138 -0.44266 0.077818 0.17707 -0.39843 -0.019017 0.13003 -0.76803 -0.022845 0.33065 -0.67687 0.0013418 0.059905 -0.82657 0.01546 0.35674 -0.75812 -0.022092 -0.20977 0.56628
-0.14167 -0.10662 0.27415 0.13081 -0.088736 0.36356 -0.025963 -0.1282 0.38774 -0.007203 -0.022181 0.064509 -0.047626 0.011519 -0.05652 0.056227 0.011519 -0.047971 -0.34194 -0.10358 0.099408 0.35158 -0.22719 0.30913 -0.39561 -0.26542 -0.065305 0.25655 -0.30948 0.51026 -0.40262 -0.32984 -0.11663 0.21136 -0.3633 0.55619 -0.057583 0.072048 -0.44146 0.090531 0.19057 -0.39554 -0.019174 0.13454 -0.76719 -0.01339 0.35379 -0.66854 -4.4921e-05 0.063938 -0.82561 0.023803 0.38211 -0.74936 -0.018717 -0.21865 0.56283
-0.1397 -0.11022 0.27288 0.13312 -0.094656 0.36262 -0.023901 -0.13368 0.38601 -0.0069365 -0.022846 0.064306 -0.047772 0.012057 -0.056287 0.056105 0.012057 -0.047985 -0.34502 -0.10514 0.10416 0.3533 -0.23657 0.31216 -0.40366 -0.26923 -0.056714 0.25728 -0.31128 0.5167 -0.4124 -0.33452 -0.1066 0.21673 -0.36546 0.56773 -0.058925 0.07874 -0.44016 0.095065 0.19698 -0.39397 -0.019497 0.13867 -0.76623 -0.0085095 0.36717 -0.66339 -0.0014528 0.067783 -0.82466 0.029766 0.40038 -0.7408 -0.015124 -0.22773 0.55908
-0.1378 -0.11352 0.27156 0.13519 -0.10024 0.36142 -0.021988 -0.13896 0.38426 -0.0066999 -0.023501 0.064096 -0.047919 0.012535 -0.056059 0.055974 0.012535 -0.048017 -0.34797 -0.10674 0.109 0.35422 -0.24632 0.31657 -0.41177 -0.27299 -0.047696 0.25741 -0.31309 0.52437 -0.42229 -0.33925 -0.095896 0.22037 -0.36559 0.57936 -0.060468 0.085125 -0.4388 0.094077 0.19845 -0.39324 -0.019911 0.1425 -0.7652 -0.0068039 0.3735 -0.66047 -0.0028372 0.071453 -0.82372 0.03387 0.41319 -0.73269 -0.01134 -0.23687 0.55506
-0.13597 -0.11652 0.2703 0.13713 -0.10549 0.3601 -0.02015 -0.14401 0.38249 -0.0064802 -0.024149 0.063878 -0.048064 0.012979 -0.05583 0.055832 0.012979 -0.048062 -0.35072 -0.10822 0.11391 0.35398 -0.25659 0.32268 -0.41993 -0.27653 -0.038191 0.25562 -0.31399 0.53269 -0.43224 -0.3438 -0.084581 0.22107 -0.3634 0.59086 -0.062037 0.091116 -0.43743 0.090246 0.19714 -0.3929 -0.020342 0.14607 -0.76411 -0.0068584 0.37555 -0.65879 -0.0041533 0.074963 -0.8228 0.036641 0.42217 -0.72523 -0.0073944 -0.24591 0.55085
-0.1342 -0.11921 0.26916 0.13905 -0.11041 0.3588 -0.018312 -0.14882 0.38074 -0.0062642 -0.024796 0.063651 -0.048208 0.013416 -0.055599 0.05568 0.013416 -0.048114 -0.35321 -0.10944 0.11887 0.35222 -0.26753 0.33079 -0.42816 -0.27966 -0.028139 0.2506 -0.31304 0.54106 -0.44218 -0.34787 -0.072698 0.21757 -0.35863 0.60199 -0.063458 0.096625 -0.4361 0.08625 0.19523 -0.39246 -0.020716 0.14945 -0.763 -0.0072588 0.37607 -0.65738 -0.0053567 0.07833 -0.82188 0.038607 0.42897 -0.71865 -0.0033145 -0.2547 0.54649
-0.13248 -0.12158 0.26825 0.14104 -0.115 0.35767 -0.016403 -0.15336 0.37901 -0.0060393 -0.025447 0.063414 -0.048349 0.013873 -0.05536 0.055517 0.013873 -0.048169 -0.35537 -0.11024 0.12388 0.34862 -0.27925 0.34119 -0.43644 -0.2822 -0.017492 0.24112 -0.30937 0.54893 -0.45205 -0.35123 -0.060301 0.20872 -0.35104 0.6125 -0.064559 0.10157 -0.43483 0.084691 0.19483 -0.39149 -0.020959 0.15269 -0.76191 -0.0066299 0.37775 -0.65529 -0.006404 0.081567 -0.82098 0.040286 0.4352 -0.71317 0.00086789 -0.26309 0.54204
-0.13083 -0.12361 0.26758 0.14308 -0.11924 0.35675 -0.014445 -0.15759 0.37734 -0.005804 -0.026096 0.06317 -0.048487 0.014358 -0.055113 0.055342 0.014358 -0.048226 -0.35718 -0.11057 0.12886 0.34334 -0.29149 0.35346 -0.44469 -0.28403 -0.0064373 0.22741 -0.30331 0.55598 -0.46172 -0.35372 -0.047643 0.19484 -0.34112 0.6221 -0.065292 0.10595 -0.43366 0.086329 0.19662 -0.3899 -0.021047 0.15582 -0.76085 -0.0044943 0.38157 -0.65227 -0.0072838 0.084681 -0.8201 0.041984 0.44157 -0.70878 0.0050472 -0.2709 0.53763
-0.12929 -0.1253 0.26709 0.14507 -0.12307 0.35598 -0.012554 -0.16145 0.37577 -0.0055675 -0.026726 0.062926 -0.048625 0.014861 -0.054858 0.055155 0.014861 -0.048287 -0.3587 -0.11042 0.1337 0.33703 -0.30356 0.36647 -0.45273 -0.28511 0.0046002 0.21126 -0.29645 0.56216 -0.471 -0.35532 -0.035167 0.17771 -0.33014 0.63048 -0.065728 0.10984 -0.43256 0.090088 0.19983 -0.38801 -0.021005 0.15882 -0.75982 -0.0012723 0.38681 -0.64876 -0.0080163 0.08767 -0.81923 0.043797 0.44792 -0.70525 0.0090435 -0.27798 0.53344
-0.12792 -0.12662 0.26673 0.14685 -0.12642 0.35531 -0.010849 -0.16489 0.37432 -0.0053396 -0.027323 0.06269 -0.048763 0.015373 -0.054594 0.054956 0.015373 -0.048355 -0.35999 -0.10982 0.13827 0.33037 -0.31476 0.37909 -0.46039 -0.28537 0.015184 0.19448 -0.29041 0.56744 -0.47968 -0.35599 -0.023329 0.15922 -0.31939 0.63728 -0.065942 0.11335 -0.43151 0.094811 0.20364 -0.38613 -0.020859 0.16169 -0.75882 0.0025766 0.39267 -0.64521 -0.0086231 0.090532 -0.81837 0.04581 0.45401 -0.70236 0.012673 -0.28417 0.52964
-0.12676 -0.12755 0.26644 0.1483 -0.12924 0.35468 -0.0094484 -0.16786 0.37304 -0.0051301 -0.027871 0.062468 -0.048905 0.015884 -0.054322 0.054744 0.015884 -0.048433 -0.36111 -0.10877 0.14245 0.32403 -0.32439 0.39015 -0.46749 -0.28476 0.024879 0.17891 -0.2868 0.57179 -0.48756 -0.35572 -0.012582 0.14121 -0.31016 0.64219 -0.06601 0.11656 -0.43052 0.099342 0.20723 -0.38459 -0.020635 0.16443 -0.75785 0.0065931 0.39837 -0.64209 -0.0091257 0.093264 -0.81754 0.048108 0.45964 -0.69987 0.015754 -0.2893 0.52643
-0.12586 -0.12809 0.26616 0.14929 -0.13145 0.35404 -0.008471 -0.1703 0.37197 -0.0049488 -0.028353 0.062267 -0.049052 0.016383 -0.054042 0.054518 0.016383 -0.048523 -0.3621 -0.10729 0.14612 0.3187 -0.33175 0.39853 -0.47386 -0.28325 0.033252 0.16635 -0.28723 0.57518 -0.49443 -0.35448 -0.0033776 0.12555 -0.30372 0.64487 -0.066008 0.11956 -0.42955 0.10253 0.20978 -0.3837 -0.020358 0.16703 -0.75689 0.01032 0.40311 -0.63987 -0.0095458 0.095865 -0.81673 0.050777 0.4646 -0.69754 0.018103 -0.2932 0.52398
-0.12524 -0.12825 0.26588 0.14978 -0.1331 0.35337 -0.0079519 -0.17221 0.37111 -0.0047998 -0.028764 0.062093 -0.049205 0.016865 -0.053755 0.054279 0.016865 -0.048626 -0.36301 -0.10541 0.14925 0.31474 -0.33663 0.40374 -0.47939 -0.28083 0.040079 0.1577 -0.29214 0.5776 -0.50023 -0.3523 0.0040664 0.11326 -0.30053 0.64527 -0.065982 0.1224 -0.42861 0.1039 0.21093 -0.38356 -0.020049 0.16949 -0.75596 0.013526 0.4065 -0.63871 -0.0099051 0.098342 -0.81593 0.053834 0.46877 -0.69522 0.01965 -0.29587 0.52234
-0.12485 -0.1281 0.26565 0.14994 -0.13443 0.35274 -0.0077797 -0.1737 0.37043 -0.0046779 -0.029113 0.06194 -0.04936 0.017327 -0.053465 0.05403 0.017327 -0.048742 -0.36386 -0.10319 0.15197 0.312 -0.33963 0.40654 -0.48415 -0.27766 0.045511 0.15216 -0.29987 0.57909 -0.5051 -0.34932 0.0099434 0.10387 -0.29956 0.64381 -0.065925 0.12512 -0.42769 0.10412 0.21113 -0.38386 -0.019712 0.17184 -0.75505 0.016372 0.4088 -0.63828 -0.010225 0.10072 -0.81516 0.057178 0.47228 -0.69291 0.020522 -0.29761 0.52133
-0.12465 -0.12772 0.26552 0.14992 -0.13569 0.35223 -0.0078284 -0.17487 0.36988 -0.0045768 -0.029414 0.061804 -0.049514 0.01777 -0.053176 0.053771 0.01777 -0.048868 -0.36465 -0.10069 0.15443 0.31025 -0.34144 0.40779 -0.48819 -0.2739 0.049735 0.14881 -0.30857 0.57971 -0.50923 -0.34569 0.014489 0.096777 -0.29963 0.64096 -0.065825 0.12772 -0.42679 0.10401 0.2109 -0.38424 -0.019352 0.17412 -0.75416 0.019063 0.41036 -0.63819 -0.010528 0.10304 -0.81441 0.060695 0.47525 -0.69062 0.020863 -0.29873 0.52075
-0.12461 -0.12721 0.26554 0.1499 -0.13713 0.35192 -0.0079719 -0.17582 0.36943 -0.0044902 -0.029679 0.061682 -0.049663 0.018193 -0.052893 0.053505 0.018193 -0.049003 -0.36539 -0.097986 0.15677 0.30929 -0.34276 0.40834 -0.49157 -0.26971 0.052937 0.14669 -0.31637 0.5795 -0.51278 -0.34157 0.017937 0.091369 -0.29957 0.63721 -0.065672 0.13021 -0.4259 0.10436 0.21077 -0.38435 -0.018974 0.17636 -0.75328 0.021801 0.41154 -0.63806 -0.010835 0.10531 -0.81368 0.064272 0.4778 -0.68837 0.02082 -0.29955 0.52036
-0.12468 -0.12663 0.26578 0.15004 -0.13901 0.35188 -0.0080839 -0.17666 0.36902 -0.0044116 -0.029921 0.061569 -0.049805 0.018595 -0.052619 0.053235 0.018595 -0.049146 -0.36609 -0.095133 0.15914 0.3089 -0.34427 0.40906 -0.49436 -0.26524 0.055304 0.14485 -0.32142 0.57852 -0.51594 -0.3371 0.020524 0.087037 -0.29821 0.63301 -0.065452 0.13262 -0.42504 0.10598 0.21127 -0.38384 -0.018581 0.17858 -0.75242 0.024789 0.41266 -0.6375 -0.011167 0.10758 -0.81297 0.067795 0.48007 -0.68617 0.02054 -0.30038 0.51998
-0.12481 -0.12605 0.26627 0.15047 -0.14147 0.35217 -0.0080684 -0.17748 0.36863 -0.0043356 -0.030149 0.061463 -0.049936 0.018975 -0.052358 0.052962 0.018975 -0.049295 -0.36676 -0.09219 0.16162 0.30892 -0.34647 0.41048 -0.49661 -0.2606 0.056966 0.14267 -0.32248 0.57679 -0.51884 -0.33238 0.022397 0.083349 -0.29477 0.62873 -0.065162 0.13494 -0.4242 0.10935 0.21274 -0.38251 -0.018178 0.1808 -0.75159 0.028142 0.41398 -0.63627 -0.011538 0.10985 -0.81227 0.071165 0.48215 -0.68406 0.020146 -0.30145 0.51945
-0.12499 -0.12548 0.26697 0.15112 -0.14433 0.35269 -0.0079257 -0.17825 0.36826 -0.004259 -0.030364 0.061362 -0.050058 0.01933 -0.052111 0.05269 0.01933 -0.049447 -0.36735 -0.089187 0.16411 0.30939 -0.34916 0.41208 -0.49836 -0.25574 0.057861 0.14043 -0.32036 0.57427 -0.52144 -0.32732 0.023416 0.08045 -0.28983 0.62432 -0.064816 0.13717 -0.42338 0.1139 0.21487 -0.38064 -0.017768 0.183 -0.75077 0.031685 0.41544 -0.63459 -0.01193 0.1121 -0.81158 0.074329 0.48402 -0.68214 0.019693 -0.30268 0.5188
-0.12517 -0.12492 0.26781 0.15193 -0.14732 0.35335 -0.0076757 -0.17894 0.36793 -0.0041789 -0.030567 0.061267 -0.05017 0.01966 -0.05188 0.052423 0.01966 -0.049602 -0.36779 -0.08615 0.16649 0.31038 -0.35203 0.41313 -0.49963 -0.25056 0.05789 0.13864 -0.31628 0.57091 -0.52369 -0.3218 0.023388 0.0786 -0.28422 0.61964 -0.064434 0.13931 -0.42259 0.11882 0.21723 -0.3786 -0.017355 0.18514 -0.74997 0.035188 0.41691 -0.63279 -0.012319 0.11429 -0.81092 0.077245 0.48563 -0.68055 0.019223 -0.30397 0.51812
-0.12533 -0.12434 0.26874 0.15282 -0.15019 0.35404 -0.0073384 -0.17953 0.36765 -0.0040925 -0.030756 0.061178 -0.050274 0.01996 -0.051665 0.052164 0.01996 -0.049755 -0.36805 -0.083106 0.16861 0.31195 -0.35477 0.4129 -0.50044 -0.24499 0.056955 0.1378 -0.31145 0.56666 -0.52553 -0.3157 0.022115 0.078059 -0.27877 0.61456 -0.064037 0.14135 -0.42183 0.12334 0.2194 -0.37678 -0.016942 0.18719 -0.7492 0.03842 0.41827 -0.6312 -0.012682 0.11639 -0.81027 0.079869 0.48695 -0.67942 0.018776 -0.30517 0.51748
-0.12543 -0.12376 0.26971 0.15371 -0.15269 0.35464 -0.0069338 -0.17998 0.36744 -0.0039972 -0.030932 0.061096 -0.050369 0.020228 -0.051466 0.051916 0.020228 -0.049906 -0.36806 -0.080078 0.17035 0.31418 -0.35705 0.41066 -0.50083 -0.23892 0.054955 0.1384 -0.3071 0.56145 -0.5269 -0.3089 0.019403 0.079089 -0.27432 0.60895 -0.063645 0.14328 -0.4211 0.12667 0.22095 -0.37556 -0.016532 0.1891 -0.74847 0.041149 0.41938 -0.63012 -0.012994 0.11834 -0.80963 0.082158 0.48794 -0.67888 0.018394 -0.30616 0.51695
-0.12546 -0.12316 0.27065 0.15451 -0.15461 0.35509 -0.0064877 -0.18027 0.36731 -0.0038927 -0.031092 0.061022 -0.050458 0.020462 -0.051286 0.051684 0.020462 -0.050051 -0.36778 -0.077081 0.17158 0.31708 -0.35863 0.40583 -0.50081 -0.2323 0.05184 0.14083 -0.30426 0.55528 -0.52776 -0.3013 0.015133 0.081857 -0.27156 0.60272 -0.063271 0.14509 -0.4204 0.12816 0.2215 -0.37525 -0.016124 0.19086 -0.74776 0.043198 0.42013 -0.62983 -0.013235 0.12014 -0.80902 0.084092 0.48855 -0.67902 0.018103 -0.30684 0.51661
-0.12545 -0.12249 0.27158 0.1552 -0.15603 0.35546 -0.0060633 -0.18038 0.36726 -0.003794 -0.031227 0.06096 -0.050537 0.020661 -0.051128 0.051468 0.020661 -0.050192 -0.36726 -0.074042 0.17234 0.32037 -0.3596 0.39874 -0.50051 -0.22516 0.047845 0.14471 -0.30295 0.54833 -0.52825 -0.293 0.0096691 0.085971 -0.27036 0.596 -0.062897 0.14678 -0.41975 0.12813 0.22112 -0.37575 -0.015688 0.19249 -0.7471 0.044735 0.42053 -0.63022 -0.013393 0.1218 -0.80843 0.085802 0.48875 -0.67973 0.017833 -0.30721 0.51644
-0.12549 -0.12169 0.27252 0.15572 -0.15716 0.35586 -0.0057377 -0.18032 0.3673 -0.0037222 -0.031324 0.060915 -0.050604 0.020824 -0.050996 0.051267 0.020824 -0.05033 -0.36658 -0.070861 0.17271 0.32365 -0.3602 0.39008 -0.50004 -0.21758 0.043318 0.14936 -0.30275 0.54088 -0.52857 -0.28416 0.0035578 0.090825 -0.27029 0.58897 -0.062493 0.14832 -0.41916 0.12723 0.22 -0.37681 -0.015181 0.19402 -0.74649 0.046056 0.42059 -0.63106 -0.013465 0.12337 -0.80787 0.087474 0.48854 -0.68082 0.017482 -0.30735 0.51641
-0.12563 -0.12072 0.27347 0.15606 -0.15818 0.35644 -0.0055881 -0.18008 0.36741 -0.0036981 -0.031372 0.060892 -0.050655 0.02095 -0.050894 0.051082 0.02095 -0.050466 -0.3658 -0.067435 0.17276 0.3265 -0.36066 0.38053 -0.49952 -0.20965 0.038604 0.15411 -0.30327 0.53321 -0.52893 -0.27496 -0.0026536 0.095809 -0.27089 0.58184 -0.062028 0.14971 -0.41863 0.12611 0.21834 -0.37819 -0.014562 0.1955 -0.74593 0.047458 0.42035 -0.63211 -0.013444 0.12489 -0.80737 0.089296 0.48788 -0.68208 0.016945 -0.3073 0.51647
-0.12594 -0.11952 0.27445 0.15617 -0.15932 0.35732 -0.0056918 -0.17966 0.36761 -0.0037427 -0.031356 0.060896 -0.050687 0.021038 -0.050826 0.050911 0.021038 -0.050601 -0.36502 -0.063662 0.17258 0.32852 -0.36124 0.37079 -0.49909 -0.20145 0.03405 0.1583 -0.3041 0.5256 -0.52951 -0.26555 -0.0084179 0.10032 -0.27171 0.57482 -0.06147 0.15093 -0.41819 0.12545 0.21634 -0.37962 -0.013788 0.19698 -0.74543 0.049238 0.41984 -0.63313 -0.013324 0.1264 -0.80692 0.091455 0.48676 -0.68331 0.016119 -0.30712 0.51658
-0.12649 -0.11804 0.27549 0.15603 -0.16073 0.35862 -0.0061169 -0.17907 0.36789 -0.0038749 -0.031266 0.060933 -0.050697 0.021087 -0.050796 0.050757 0.021087 -0.050736 -0.36429 -0.059455 0.17224 0.32934 -0.36213 0.36152 -0.49885 -0.19307 0.029979 0.16129 -0.30486 0.51833 -0.53051 -0.2561 -0.01323 0.10377 -0.27233 0.56812 -0.060795 0.15196 -0.41784 0.12584 0.2142 -0.38088 -0.012826 0.19848 -0.745 0.051659 0.41908 -0.6339 -0.013104 0.12796 -0.80654 0.094111 0.48518 -0.68435 0.014912 -0.30686 0.51671
-0.12725 -0.11629 0.27658 0.15565 -0.1622 0.36019 -0.0068152 -0.17825 0.36827 -0.0040853 -0.031098 0.061005 -0.050693 0.021083 -0.050803 0.050628 0.021083 -0.050867 -0.36363 -0.054927 0.17178 0.32895 -0.36326 0.35326 -0.49872 -0.18471 0.026399 0.16291 -0.30529 0.51175 -0.53178 -0.2468 -0.017118 0.10599 -0.2725 0.56204 -0.060045 0.15269 -0.41761 0.12724 0.21195 -0.38195 -0.011739 0.20003 -0.74464 0.05457 0.41807 -0.63441 -0.012806 0.12956 -0.80622 0.09709 0.48327 -0.68516 0.013396 -0.30637 0.51698
-0.12811 -0.11435 0.27768 0.1551 -0.16327 0.36176 -0.0076588 -0.17714 0.36879 -0.0043455 -0.030853 0.061111 -0.050687 0.021008 -0.050841 0.050538 0.021008 -0.050988 -0.36302 -0.050326 0.17121 0.32762 -0.36434 0.34642 -0.4985 -0.17661 0.0231 0.16333 -0.30524 0.50623 -0.53296 -0.23789 -0.020474 0.10704 -0.27209 0.55696 -0.059311 0.15296 -0.41755 0.12912 0.20953 -0.38295 -0.010658 0.20164 -0.74435 0.057531 0.41677 -0.63481 -0.012473 0.13121 -0.80596 0.099991 0.48131 -0.68583 0.011751 -0.30536 0.51755
-0.12899 -0.1123 0.27878 0.15443 -0.16345 0.36302 -0.0085181 -0.17565 0.36947 -0.0046265 -0.030534 0.061251 -0.050693 0.02084 -0.050904 0.050503 0.02084 -0.051091 -0.36244 -0.045903 0.17052 0.32562 -0.36507 0.34142 -0.49797 -0.16902 0.019872 0.16271 -0.30454 0.50217 -0.53371 -0.22956 -0.023699 0.10702 -0.27099 0.55325 -0.058683 0.15259 -0.41769 0.13096 0.20687 -0.38403 -0.0097152 0.2033 -0.74414 0.060098 0.41514 -0.63523 -0.012149 0.13289 -0.80575 0.10241 0.47956 -0.68648 0.010162 -0.30353 0.51862
-0.1298 -0.1102 0.27985 0.15371 -0.16227 0.36369 -0.0092636 -0.17372 0.37036 -0.0048995 -0.030142 0.061424 -0.050723 0.02056 -0.050986 0.050538 0.02056 -0.051169 -0.36185 -0.041909 0.16973 0.32322 -0.36516 0.33869 -0.4969 -0.1622 0.016501 0.16121 -0.30306 0.49996 -0.53366 -0.22203 -0.027195 0.10602 -0.26907 0.55128 -0.058253 0.15143 -0.41809 0.13223 0.20392 -0.38531 -0.0090427 0.20503 -0.744 0.061827 0.41314 -0.63582 -0.011877 0.13459 -0.80558 0.10393 0.47828 -0.68718 0.0088126 -0.3006 0.52038
-0.13043 -0.10813 0.28087 0.15298 -0.15926 0.36347 -0.0097687 -0.17127 0.37148 -0.0051362 -0.02968 0.06163 -0.05079 0.020147 -0.051083 0.050658 0.020147 -0.051215 -0.36123 -0.03859 0.16883 0.32067 -0.36432 0.33862 -0.49511 -0.15641 0.012779 0.159 -0.30064 0.49995 -0.53246 -0.21553 -0.031355 0.10412 -0.26624 0.55141 -0.058109 0.1493 -0.41878 0.13243 0.2006 -0.38692 -0.0087697 0.20682 -0.74395 0.062282 0.41074 -0.63673 -0.011699 0.13631 -0.80544 0.10415 0.47773 -0.68804 0.007882 -0.29628 0.52301
-0.13087 -0.1061 0.28181 0.15227 -0.15435 0.36231 -0.010006 -0.16826 0.37284 -0.0053253 -0.02915 0.061867 -0.050897 0.019595 -0.05119 0.05087 0.019595 -0.051222 -0.36057 -0.036015 0.16781 0.31822 -0.36218 0.34074 -0.49249 -0.15171 0.0086129 0.15635 -0.2972 0.50179 -0.52998 -0.21012 -0.036334 0.10158 -0.26249 0.55331 -0.058265 0.14617 -0.41977 0.1314 0.19687 -0.3889 -0.0089265 0.20864 -0.74395 0.061364 0.40792 -0.63797 -0.011638 0.13801 -0.8053 0.10296 0.47754 -0.68913 0.0074103 -0.29049 0.52653
-0.13115 -0.10406 0.28267 0.15154 -0.14794 0.36046 -0.010065 -0.1647 0.37442 -0.0054763 -0.028555 0.062131 -0.051039 0.01891 -0.051307 0.05117 0.01891 -0.051182 -0.35987 -0.034046 0.16662 0.31605 -0.35832 0.3436 -0.48913 -0.148 0.0040483 0.15367 -0.29277 0.50424 -0.52632 -0.20572 -0.042001 0.098863 -0.25801 0.55583 -0.058644 0.14216 -0.421 0.12943 0.19271 -0.39117 -0.0094245 0.21045 -0.74398 0.059373 0.40472 -0.63944 -0.011696 0.13965 -0.80515 0.10054 0.47666 -0.6905 0.0072686 -0.2834 0.53078
-0.13135 -0.10194 0.28344 0.15076 -0.14046 0.35818 -0.010046 -0.1606 0.37619 -0.0056002 -0.027901 0.062416 -0.051205 0.018102 -0.051433 0.051555 0.018102 -0.051088 -0.35911 -0.032529 0.16519 0.31434 -0.35229 0.34563 -0.4851 -0.14514 -0.00086031 0.15137 -0.28738 0.50602 -0.52161 -0.20223 -0.048206 0.096441 -0.253 0.55775 -0.059164 0.13737 -0.42242 0.12683 0.18809 -0.39366 -0.010168 0.21216 -0.744 0.056633 0.40113 -0.641 -0.011871 0.14116 -0.80495 0.09712 0.47398 -0.69219 0.007318 -0.27522 0.53556
-0.13151 -0.099697 0.28412 0.14989 -0.13234 0.35571 -0.010047 -0.15595 0.37812 -0.0057075 -0.027189 0.062719 -0.05139 0.017179 -0.051565 0.052022 0.017179 -0.050931 -0.3583 -0.03131 0.16349 0.31327 -0.34365 0.34532 -0.48048 -0.143 -0.0060585 0.14987 -0.28105 0.50582 -0.51598 -0.19957 -0.054802 0.094785 -0.24763 0.55789 -0.059742 0.13194 -0.42397 0.12392 0.18299 -0.39628 -0.01106 0.21372 -0.74395 0.053468 0.3972 -0.64253 -0.012162 0.1425 -0.80467 0.092905 0.46839 -0.69425 0.0074197 -0.26611 0.5407
-0.13169 -0.097257 0.28468 0.1489 -0.12402 0.35332 -0.010164 -0.15078 0.38019 -0.0058092 -0.026425 0.063036 -0.051584 0.016149 -0.051705 0.052567 0.016149 -0.050704 -0.35744 -0.030238 0.16144 0.31303 -0.33198 0.34112 -0.47536 -0.14144 -0.011492 0.14958 -0.27383 0.50236 -0.50955 -0.19762 -0.06164 0.094366 -0.24211 0.55504 -0.060295 0.12598 -0.42562 0.12101 0.17738 -0.39894 -0.012007 0.21505 -0.7438 0.050204 0.39294 -0.64391 -0.01257 0.14362 -0.80428 0.088116 0.45879 -0.69672 0.0074348 -0.25628 0.546
-0.13194 -0.094566 0.28513 0.14775 -0.11591 0.35128 -0.010498 -0.14508 0.38237 -0.005916 -0.025612 0.06336 -0.051779 0.015021 -0.05185 0.053186 0.015021 -0.050398 -0.35653 -0.02916 0.15901 0.3138 -0.31682 0.33149 -0.4698 -0.14035 -0.017106 0.15091 -0.26574 0.49435 -0.50245 -0.19631 -0.068571 0.095656 -0.23661 0.548 -0.060743 0.11961 -0.4273 0.11842 0.17126 -0.40157 -0.012911 0.2161 -0.74351 0.047165 0.38837 -0.64501 -0.013093 0.14446 -0.80375 0.08297 0.44406 -0.69965 0.0072244 -0.2459 0.55128
-0.13233 -0.091564 0.28545 0.14641 -0.10846 0.34982 -0.011145 -0.13885 0.38463 -0.0060386 -0.024753 0.063689 -0.051969 0.013804 -0.052 0.053876 0.013804 -0.050007 -0.35556 -0.027922 0.15614 0.31577 -0.29774 0.3149 -0.4639 -0.13959 -0.022847 0.15427 -0.25681 0.48051 -0.49481 -0.19553 -0.075446 0.099126 -0.23133 0.53556 -0.061001 0.11296 -0.42896 0.11646 0.16458 -0.40409 -0.013677 0.2168 -0.74303 0.044675 0.38352 -0.64572 -0.01373 0.14496 -0.80305 0.077683 0.4231 -0.70308 0.0066497 -0.23517 0.55636
-0.13291 -0.088192 0.28564 0.14484 -0.10208 0.34922 -0.012204 -0.13212 0.38695 -0.0061878 -0.023853 0.064018 -0.052145 0.012505 -0.052153 0.054634 0.012505 -0.049522 -0.35453 -0.026371 0.15277 0.31911 -0.2743 0.2898 -0.45773 -0.13902 -0.02866 0.16008 -0.24708 0.45953 -0.48675 -0.19519 -0.082116 0.10525 -0.22646 0.51653 -0.060988 0.10615 -0.43054 0.11544 0.15733 -0.40641 -0.014209 0.21709 -0.74233 0.043059 0.3784 -0.64589 -0.01448 0.14509 -0.80216 0.072473 0.3948 -0.70707 0.0055718 -0.22428 0.56105
-0.13372 -0.08439 0.28569 0.143 -0.097223 0.34973 -0.013773 -0.12488 0.3893 -0.0063745 -0.022915 0.064341 -0.052298 0.011135 -0.05231 0.055455 0.011135 -0.048936 -0.35345 -0.024355 0.14885 0.32401 -0.24606 0.25466 -0.45137 -0.13852 -0.034491 0.16875 -0.23656 0.43014 -0.4784 -0.19518 -0.088434 0.11449 -0.22218 0.4897 -0.060622 0.09929 -0.43201 0.11568 0.14949 -0.40844 -0.014411 0.21689 -0.74137 0.042642 0.37303 -0.64543 -0.015343 0.14477 -0.80103 0.067555 0.35805 -0.71165 0.0038518 -0.21341 0.56517
-0.13484 -0.080099 0.28559 0.14087 -0.094303 0.35161 -0.015951 -0.11714 0.39165 -0.0066093 -0.021943 0.064656 -0.052422 0.0096996 -0.052468 0.056337 0.0096996 -0.04824 -0.35229 -0.021721 0.14433 0.33065 -0.21259 0.20795 -0.44491 -0.13796 -0.040286 0.1807 -0.22529 0.39103 -0.46989 -0.19543 -0.09425 0.12734 -0.21868 0.45387 -0.05982 0.092512 -0.4333 0.1175 0.14103 -0.41012 -0.014188 0.21615 -0.74009 0.043747 0.36745 -0.64419 -0.016318 0.14396 -0.79964 0.063147 0.31176 -0.71687 0.001351 -0.20275 0.56853
