-0.12996 -0.00010872 0.32567 0.14495 -0.0076857 0.31665 0.010166 -0.013995 0.4089 0.0021005 -0.0039543 0.068451 -0.053893 -0.00011076 -0.05187 0.051033 -0.00011076 -0.054687 -0.22836 0.018752 0.079476 0.23931 0.01174 0.068923 -0.35847 -0.13566 -0.04461 0.38341 -0.14313 -0.037943 -0.4175 -0.18407 -0.076426 0.44762 -0.19467 -0.045606 -0.077824 0.084744 -0.43157 0.073776 0.098812 -0.43104 -0.089056 0.17537 -0.75274 0.079455 0.19201 -0.75162 -0.11443 0.18354 -0.84246 0.13162 0.18528 -0.82904 0.012219 -0.067251 0.59883
-0.12985 6.313e-07 0.3257 0.14505 -0.007675 0.31662 0.010284 -0.013949 0.4089 0.0020847 -0.0039984 0.068449 -0.053918 -0.00010048 -0.051844 0.05103 -0.00010048 -0.05469 -0.23754 0.015001 0.083463 0.24684 0.0074599 0.070952 -0.37192 -0.15086 -0.019079 0.3967 -0.15833 -0.0062158 -0.43297 -0.20153 -0.041878 0.4663 -0.20476 -0.0053846 -0.077798 0.084776 -0.43154 0.073832 0.098857 -0.43103 -0.089039 0.17549 -0.75269 0.079495 0.19203 -0.75162 -0.091214 0.12757 -0.83236 0.13168 0.18522 -0.82902 0.012286 -0.06715 0.59885
-0.12966 0.00010761 0.32573 0.14522 -0.0076147 0.31657 0.010494 -0.013891 0.4089 0.0020608 -0.0040436 0.068446 -0.053941 -9.2598e-05 -0.051821 0.05103 -9.2598e-05 -0.05469 -0.2486 0.0071529 0.087953 0.25495 -0.0066239 0.074844 -0.38298 -0.16955 0.0047031 0.40441 -0.18205 0.018547 -0.44171 -0.22602 -0.010088 0.47097 -0.2283 0.032098 -0.077724 0.084759 -0.43153 0.073883 0.098896 -0.43102 -0.089041 0.17558 -0.75264 0.079511 0.19205 -0.75161 -0.11177 0.13042 -0.82906 0.13171 0.18516 -0.829 0.012343 -0.067051 0.59886
-0.12934 0.00029573 0.32579 0.14554 -0.0074287 0.31645 0.010879 -0.013363 0.4089 0.0020543 -0.0040505 0.068446 -0.053964 -9.2003e-05 -0.051797 0.051031 -9.2003e-05 -0.054689 -0.26008 -0.0079833 0.09437 0.26055 -0.025773 0.077876 -0.38724 -0.19656 0.027546 0.40148 -0.21247 0.039089 -0.43934 -0.26036 0.019161 0.46277 -0.26266 0.061361 -0.077621 0.0847 -0.43153 0.073924 0.098922 -0.43101 -0.08907 0.17564 -0.7526 0.079506 0.19206 -0.75161 -0.14588 0.16331 -0.82369 0.13172 0.1851 -0.82898 0.012405 -0.066876 0.59877
-0.12887 0.00063938 0.32591 0.14605 -0.0070486 0.31624 0.011506 -0.011951 0.40892 0.0020907 -0.0039651 0.068451 -0.053987 -0.00010382 -0.051773 0.051028 -0.00010382 -0.054692 -0.26942 -0.032087 0.10303 0.25998 -0.046649 0.078064 -0.37968 -0.2348 0.049356 0.3824 -0.24853 0.057756 -0.42111 -0.30569 0.04615 0.4409 -0.30535 0.078953 -0.077511 0.084604 -0.43153 0.073948 0.098927 -0.431 -0.089129 0.17567 -0.75256 0.079478 0.19205 -0.75161 -0.1658 0.19674 -0.8097 0.13169 0.18504 -0.82898 0.012496 -0.066433 0.59851
-0.12819 0.001135 0.32588 0.14656 -0.0064713 0.31578 0.012304 -0.0095977 0.40896 0.0021922 -0.0036088 0.068467 -0.054014 -0.0001351 -0.051745 0.05102 -0.0001351 -0.054699 -0.26519 -0.053927 0.10482 0.24454 -0.077855 0.079761 -0.3501 -0.27109 0.062331 0.3382 -0.29537 0.073512 -0.37912 -0.34843 0.07168 0.388 -0.35529 0.098715 -0.077416 0.084467 -0.43153 0.073953 0.09891 -0.43101 -0.089229 0.17565 -0.75252 0.079427 0.19201 -0.75162 -0.16508 0.19501 -0.80037 0.13164 0.18497 -0.82898 0.012708 -0.064506 0.59843
-0.1274 0.0017354 0.32568 0.14695 -0.005754 0.31515 0.01313 -0.0065316 0.409 0.0023591 -0.0028726 0.068495 -0.054045 -0.00018884 -0.051712 0.051007 -0.00018884 -0.054711 -0.24372 -0.066458 0.096377 0.21259 -0.12241 0.08734 -0.29675 -0.29527 0.064533 0.26956 -0.35166 0.084963 -0.31266 -0.37641 0.090251 0.30193 -0.40599 0.13239 -0.077355 0.084292 -0.43153 0.073938 0.098871 -0.43102 -0.089373 0.17558 -0.75249 0.079355 0.19196 -0.75163 -0.15003 0.14615 -0.80699 0.13157 0.18488 -0.82899 0.013093 -0.060302 0.5988
-0.12694 0.0023787 0.32597 0.14753 -0.0050262 0.31504 0.013834 -0.003252 0.40903 0.002538 -0.0019888 0.068522 -0.054079 -0.00025473 -0.051676 0.050995 -0.00025473 -0.054721 -0.23302 -0.090279 0.10131 0.18739 -0.15315 0.096636 -0.24632 -0.32592 0.078822 0.20633 -0.39102 0.093782 -0.2436 -0.40047 0.080327 0.2402 -0.43534 0.16211 -0.077317 0.084095 -0.43153 0.073923 0.098815 -0.43102 -0.089548 0.17548 -0.75245 0.079279 0.1919 -0.75164 -0.13226 0.10845 -0.80941 0.13149 0.18479 -0.829 0.013507 -0.055485 0.59926
-0.12623 0.0029461 0.32565 0.14765 -0.0044001 0.31441 0.014439 -0.00042741 0.40903 0.0027174 -0.00094514 0.068537 -0.054113 -0.00032564 -0.05164 0.050983 -0.00032564 -0.054733 -0.23288 -0.12317 0.11759 0.17617 -0.16308 0.10289 -0.19862 -0.35696 0.09852 0.15018 -0.39894 0.089651 -0.17398 -0.42027 0.054296 0.18392 -0.43738 0.15806 -0.077285 0.083898 -0.43153 0.073909 0.098757 -0.43103 -0.089725 0.17537 -0.75241 0.079206 0.19183 -0.75165 -0.11871 0.10122 -0.8027 0.13141 0.18469 -0.82901 0.013788 -0.050841 0.59975
-0.1245 0.0033872 0.32349 0.14663 -0.0038732 0.31198 0.015066 0.001752 0.40902 0.0029242 0.00048414 0.068531 -0.054144 -0.00039982 -0.051607 0.050961 -0.00039982 -0.054752 -0.21783 -0.14117 0.1206 0.16822 -0.16746 0.10396 -0.1312 -0.35975 0.093737 0.078623 -0.37862 0.060245 -0.090325 -0.42285 0.053316 0.057776 -0.42277 0.10012 -0.077254 0.083708 -0.43152 0.073888 0.098706 -0.43105 -0.089888 0.17526 -0.75238 0.07913 0.19177 -0.75167 -0.11051 0.098191 -0.79917 0.13133 0.18461 -0.82903 0.013884 -0.045673 0.60049
-0.12603 0.0043254 0.32712 0.1489 -0.0029677 0.31523 0.015451 0.0064098 0.40893 0.0031203 0.0020771 0.068495 -0.05417 -0.00047636 -0.05158 0.050942 -0.00047636 -0.05477 -0.20292 -0.14798 0.12327 0.1627 -0.16863 0.10775 -0.068597 -0.3399 0.087616 0.013421 -0.34468 0.049616 -0.020954 -0.40665 0.080437 -0.060284 -0.39347 0.059797 -0.077355 0.083448 -0.43153 0.073901 0.098624 -0.43106 -0.090193 0.17507 -0.75236 0.07906 0.19169 -0.75169 -0.10624 0.093648 -0.79631 0.13125 0.18453 -0.82906 0.014305 -0.038043 0.60112
-0.13245 0.0058337 0.33973 0.15608 -0.0016164 0.32736 0.015415 0.014136 0.40873 0.0032663 0.0035909 0.068425 -0.054191 -0.00055845 -0.051556 0.05093 -0.00055845 -0.05478 -0.20078 -0.15051 0.13575 0.16036 -0.16532 0.11796 -0.033088 -0.31373 0.099593 -0.024401 -0.31035 0.082224 0.012019 -0.37993 0.11883 -0.098166 -0.35751 0.085777 -0.077704 0.083044 -0.43156 0.073988 0.098468 -0.43109 -0.090769 0.17472 -0.75236 0.079017 0.19153 -0.75172 -0.10352 0.091187 -0.79351 0.13119 0.18441 -0.8291 0.015212 -0.028101 0.60142
-0.13753 0.006634 0.35073 0.1616 -0.00073977 0.33816 0.015194 0.019155 0.40854 0.0033644 0.0050377 0.068328 -0.054212 -0.0006555 -0.051533 0.050914 -0.0006555 -0.054794 -0.19393 -0.14385 0.13939 0.15818 -0.15859 0.1244 -0.012636 -0.29405 0.10842 -0.044357 -0.2799 0.11121 0.024882 -0.36063 0.1416 -0.095175 -0.3382 0.12547 -0.078284 0.082501 -0.4316 0.074153 0.098219 -0.43113 -0.091581 0.17422 -0.75238 0.079021 0.19129 -0.75176 -0.10002 0.096459 -0.80249 0.13117 0.18422 -0.82916 0.015809 -0.020403 0.6018
-0.13812 0.0067012 0.35301 0.16224 -0.00031241 0.34057 0.015091 0.021224 0.40838 0.003428 0.0064116 0.068211 -0.05423 -0.00076372 -0.051513 0.050888 -0.00076372 -0.054817 -0.18069 -0.13179 0.13015 0.15316 -0.15032 0.12133 -0.0039571 -0.28782 0.10604 -0.055101 -0.26256 0.10637 0.02833 -0.35718 0.13733 -0.092025 -0.3343 0.12462 -0.078951 0.081907 -0.43164 0.074355 0.097926 -0.43119 -0.092477 0.17366 -0.7524 0.079057 0.191 -0.75182 -0.096421 0.10749 -0.81852 0.13119 0.18399 -0.82924 0.015855 -0.016882 0.60193
-0.13472 0.0067625 0.34554 0.15858 0.00021537 0.3334 0.015288 0.023366 0.4082 0.003472 0.0077197 0.068074 -0.054237 -0.00087244 -0.051503 0.050853 -0.00087244 -0.054848 -0.17021 -0.12274 0.11599 0.14553 -0.14198 0.10908 -0.0091786 -0.29509 0.097316 -0.055263 -0.26833 0.071511 0.025828 -0.36758 0.11204 -0.10256 -0.33476 0.068788 -0.079523 0.081375 -0.43169 0.07454 0.097659 -0.43124 -0.093274 0.17314 -0.75244 0.079095 0.19074 -0.75187 -0.094634 0.11821 -0.82862 0.13121 0.18378 -0.82931 0.015574 -0.016838 0.60132
-0.13094 0.0067663 0.33716 0.15446 0.00065559 0.32533 0.015463 0.024864 0.40802 0.0034975 0.009129 0.067895 -0.054233 -0.00098076 -0.051506 0.050816 -0.00098076 -0.05488 -0.16331 -0.11683 0.1041 0.14618 -0.13216 0.095395 -0.018882 -0.30449 0.090217 -0.017822 -0.29472 0.072964 0.018769 -0.37825 0.093822 -0.069336 -0.35831 0.065281 -0.079969 0.080921 -0.43173 0.074702 0.097413 -0.4313 -0.093924 0.17267 -0.75248 0.079139 0.19051 -0.75193 -0.093389 0.12726 -0.83419 0.13123 0.18359 -0.82939 0.01523 -0.017764 0.60063
-0.12873 0.0066498 0.3328 0.15192 0.00086517 0.32119 0.015447 0.025199 0.40785 0.0035088 0.010635 0.067676 -0.054221 -0.0010862 -0.051517 0.050779 -0.0010862 -0.054912 -0.16166 -0.11269 0.097555 0.15548 -0.12162 0.085414 -0.031886 -0.3108 0.087264 0.047982 -0.32656 0.11875 0.0047298 -0.38465 0.090457 0.01394 -0.40013 0.13134 -0.080307 0.080539 -0.43178 0.074846 0.097177 -0.43136 -0.09443 0.17227 -0.75252 0.079197 0.19028 -0.75198 -0.091819 0.13411 -0.83791 0.13127 0.18339 -0.82945 0.014956 -0.018203 0.60029
-0.12706 0.0065566 0.32957 0.14993 0.00097871 0.3181 0.015411 0.02519 0.40768 0.0035143 0.012001 0.067449 -0.054209 -0.0011841 -0.051526 0.050739 -0.0011841 -0.054947 -0.16922 -0.10913 0.094188 0.15897 -0.11417 0.07857 -0.059681 -0.31915 0.084121 0.087829 -0.33953 0.13282 -0.023892 -0.39562 0.081469 0.076357 -0.42058 0.14772 -0.080567 0.080217 -0.43182 0.074972 0.096946 -0.43141 -0.094817 0.17193 -0.75256 0.079273 0.19006 -0.75204 -0.09048 0.13831 -0.83984 0.13133 0.18318 -0.82952 0.014712 -0.018567 0.60003
-0.12567 0.0064732 0.32674 0.14824 0.0010651 0.31537 0.015367 0.025069 0.40749 0.0034928 0.013314 0.067201 -0.054203 -0.001291 -0.051531 0.050706 -0.001291 -0.054975 -0.17856 -0.10256 0.090086 0.15761 -0.1086 0.073448 -0.10137 -0.32656 0.084802 0.12414 -0.33688 0.12161 -0.081211 -0.40567 0.083322 0.13143 -0.41863 0.13137 -0.080762 0.079918 -0.43185 0.075077 0.096711 -0.43147 -0.095109 0.17163 -0.75259 0.079346 0.18984 -0.75209 -0.089225 0.14346 -0.84169 0.13138 0.18296 -0.82959 0.014502 -0.018959 0.59978
-0.1247 0.0063353 0.32465 0.14698 0.0011469 0.31337 0.015279 0.024793 0.40726 0.0034279 0.014691 0.066916 -0.054202 -0.0014195 -0.051528 0.050686 -0.0014195 -0.05499 -0.18334 -0.097003 0.086449 0.15798 -0.10306 0.069138 -0.15248 -0.33189 0.099255 0.18988 -0.32994 0.11782 -0.1647 -0.40893 0.11972 0.21065 -0.40747 0.13716 -0.080904 0.079608 -0.43188 0.075157 0.096471 -0.4315 -0.095336 0.17131 -0.75261 0.079392 0.18961 -0.75212 -0.088202 0.14916 -0.84363 0.13142 0.18274 -0.82963 0.014342 -0.019304 0.59953
-0.12396 0.0061594 0.32302 0.14601 0.0012339 0.31182 0.015195 0.024445 0.40702 0.0033513 0.015933 0.066638 -0.054203 -0.001547 -0.051524 0.050674 -0.001547 -0.054998 -0.19301 -0.11602 0.097551 0.16074 -0.10006 0.066487 -0.21429 -0.34742 0.13943 0.2491 -0.31665 0.11414 -0.22458 -0.41566 0.18371 0.28311 -0.38705 0.14086 -0.081027 0.079293 -0.4319 0.075207 0.096245 -0.43153 -0.095548 0.17098 -0.75264 0.079396 0.18939 -0.75215 -0.089137 0.14093 -0.84025 0.13142 0.18254 -0.82966 0.014219 -0.019618 0.5993
-0.12337 0.0059758 0.32166 0.14525 0.0013762 0.31053 0.015122 0.024076 0.40679 0.0032698 0.016993 0.066379 -0.054206 -0.0016631 -0.051517 0.050665 -0.0016631 -0.055003 -0.20159 -0.13298 0.10863 0.16479 -0.097525 0.064584 -0.26432 -0.35251 0.17178 0.28287 -0.29918 0.10531 -0.25042 -0.41193 0.22751 0.32878 -0.36281 0.13133 -0.081139 0.078973 -0.43193 0.075227 0.096038 -0.43156 -0.095758 0.17065 -0.75267 0.079354 0.1892 -0.75217 -0.091409 0.12536 -0.83432 0.13137 0.18238 -0.82969 0.014098 -0.020041 0.59906
-0.12295 0.00581 0.32056 0.14471 0.0016352 0.30954 0.01503 0.023682 0.40656 0.0031666 0.01798 0.066122 -0.054214 -0.0017721 -0.051505 0.050664 -0.0017721 -0.055001 -0.1925 -0.091175 0.087554 0.16855 -0.090503 0.061406 -0.27008 -0.30857 0.14053 0.29923 -0.28433 0.09436 -0.27024 -0.36994 0.19286 0.35026 -0.3444 0.12018 -0.081229 0.078643 -0.43196 0.07522 0.095845 -0.43158 -0.095949 0.17031 -0.7527 0.079272 0.18901 -0.75219 -0.092533 0.12445 -0.83452 0.1313 0.18224 -0.82971 0.013939 -0.020762 0.59876
-0.12265 0.0056546 0.31965 0.14431 0.0019284 0.30876 0.014933 0.023269 0.40635 0.003058 0.018847 0.065886 -0.054224 -0.0018708 -0.051491 0.050668 -0.0018708 -0.054994 -0.17988 -0.031936 0.060282 0.17184 -0.084278 0.058835 -0.26488 -0.25136 0.093158 0.31395 -0.27296 0.087481 -0.28904 -0.31728 0.13896 0.3696 -0.32716 0.11566 -0.081297 0.078313 -0.43199 0.075188 0.095672 -0.43159 -0.096122 0.16996 -0.75273 0.079156 0.18885 -0.7522 -0.092712 0.12916 -0.83686 0.13118 0.18213 -0.82972 0.013771 -0.021682 0.59842
-0.12241 0.0054939 0.31889 0.14399 0.0021957 0.30811 0.014845 0.022831 0.40616 0.0029571 0.019559 0.065683 -0.054237 -0.0019587 -0.051474 0.050676 -0.0019587 -0.054983 -0.17937 -0.014201 0.056613 0.17507 -0.083194 0.058356 -0.26891 -0.23318 0.086214 0.32141 -0.27022 0.086583 -0.29345 -0.29941 0.13086 0.38181 -0.31744 0.11823 -0.081342 0.077994 -0.43202 0.075146 0.095512 -0.43161 -0.096273 0.16962 -0.75276 0.07903 0.1887 -0.75221 -0.092707 0.13013 -0.83751 0.13106 0.18203 -0.82973 0.013619 -0.022679 0.5981
-0.12224 0.005319 0.31825 0.14377 0.0024906 0.3076 0.014756 0.022343 0.40598 0.0028546 0.020185 0.065497 -0.054251 -0.0020438 -0.051456 0.05069 -0.0020438 -0.054967 -0.1906 -0.063696 0.0774 0.17859 -0.084627 0.058761 -0.24621 -0.28473 0.12778 0.28131 -0.29021 0.08596 -0.25768 -0.35253 0.17224 0.33223 -0.34493 0.1189 -0.081354 0.077686 -0.43205 0.075125 0.095328 -0.43162 -0.096376 0.16929 -0.75279 0.078947 0.18853 -0.75222 -0.092718 0.13419 -0.83966 0.13099 0.1819 -0.82974 0.013467 -0.023763 0.59778
-0.12215 0.0051638 0.31773 0.14362 0.0027876 0.30721 0.014663 0.021812 0.40582 0.002756 0.020734 0.06533 -0.054264 -0.0021258 -0.051439 0.050705 -0.0021258 -0.054951 -0.20405 -0.12138 0.098374 0.18063 -0.092305 0.061798 -0.21041 -0.34768 0.16947 0.22744 -0.32251 0.096872 -0.22 -0.41587 0.21538 0.25766 -0.39261 0.12892 -0.081333 0.077393 -0.43208 0.075127 0.095116 -0.43164 -0.096424 0.16898 -0.75282 0.078913 0.18833 -0.75224 -0.093377 0.13455 -0.83975 0.13096 0.18172 -0.82975 0.013322 -0.024899 0.59747
-0.12215 0.0050708 0.31735 0.14352 0.0030359 0.30692 0.014567 0.021271 0.40568 0.0026723 0.02118 0.065191 -0.054273 -0.0021982 -0.051426 0.050716 -0.0021982 -0.054937 -0.20944 -0.11307 0.094447 0.17968 -0.10905 0.068918 -0.1922 -0.34373 0.15647 0.20922 -0.34363 0.12589 -0.22234 -0.40686 0.20577 0.21943 -0.42044 0.1564 -0.08129 0.077126 -0.43211 0.075139 0.094899 -0.43166 -0.096428 0.1687 -0.75285 0.078909 0.18812 -0.75226 -0.095062 0.12215 -0.83334 0.13096 0.18153 -0.82977 0.013196 -0.025998 0.59719
-0.12221 0.0050185 0.31706 0.14344 0.0032973 0.3067 0.014449 0.020761 0.40556 0.0025928 0.021564 0.065068 -0.054293 -0.002257 -0.051402 0.050736 -0.002257 -0.054916 -0.21074 -0.094772 0.087436 0.17993 -0.11899 0.073407 -0.15811 -0.32035 0.12754 0.1574 -0.34186 0.12466 -0.17419 -0.3829 0.16727 0.14826 -0.41908 0.15213 -0.081251 0.076914 -0.43212 0.075156 0.094718 -0.43167 -0.096417 0.16848 -0.75286 0.078926 0.18795 -0.75227 -0.096202 0.11429 -0.82952 0.13099 0.18136 -0.82977 0.013074 -0.026903 0.59697
-0.12229 0.0049599 0.31683 0.1434 0.0034783 0.30655 0.014345 0.020231 0.40544 0.0025229 0.021909 0.064955 -0.054295 -0.0023191 -0.051397 0.050744 -0.0023191 -0.054907 -0.21206 -0.10036 0.089996 0.1822 -0.11736 0.072976 -0.10098 -0.30782 0.11027 0.061167 -0.3164 0.089789 -0.063896 -0.37511 0.12758 0.032599 -0.39082 0.11157 -0.081172 0.076712 -0.43215 0.075221 0.094472 -0.4317 -0.096323 0.16828 -0.7529 0.079037 0.1877 -0.7523 -0.095959 0.11849 -0.83221 0.1311 0.18109 -0.8298 0.012968 -0.027649 0.59681
-0.12231 0.0048442 0.31665 0.14346 0.0033082 0.30644 0.014338 0.01954 0.40534 0.002488 0.022203 0.064857 -0.054206 -0.0024198 -0.051486 0.050685 -0.0024198 -0.054956 -0.21326 -0.10451 0.091941 0.18215 -0.11649 0.072367 -0.058491 -0.28531 0.094834 0.0024069 -0.278 0.078922 0.0019036 -0.3509 0.098184 -0.043186 -0.34593 0.093186 -0.080945 0.0764 -0.4323 0.07543 0.093915 -0.43185 -0.095988 0.16798 -0.75304 0.079388 0.18714 -0.75245 -0.094979 0.12373 -0.83556 0.13145 0.18046 -0.82995 0.012921 -0.028479 0.59666
-0.12232 0.0046888 0.3165 0.14356 0.0028354 0.30637 0.014372 0.01872 0.40524 0.0024739 0.022454 0.064771 -0.05404 -0.0025397 -0.051655 0.050578 -0.0025397 -0.05505 -0.21023 -0.10363 0.090298 0.17937 -0.11747 0.072075 -0.033284 -0.26084 0.082079 -0.016594 -0.2488 0.085497 0.018298 -0.32259 0.092214 -0.067738 -0.311 0.10282 -0.080624 0.075983 -0.43254 0.075779 0.093074 -0.4321 -0.095474 0.16759 -0.75328 0.079967 0.18628 -0.7527 -0.094402 0.1227 -0.83535 0.13203 0.17949 -0.83019 0.012915 -0.029353 0.59655
-0.12237 0.0045214 0.31638 0.14365 0.0022421 0.30637 0.014367 0.017878 0.40515 0.0024576 0.022672 0.064695 -0.053849 -0.0026459 -0.051849 0.050462 -0.0026459 -0.055151 -0.20105 -0.10308 0.086499 0.17545 -0.11734 0.071125 -0.01547 -0.24959 0.076457 -0.023872 -0.24314 0.084457 0.021102 -0.3127 0.10976 -0.064065 -0.30508 0.1198 -0.080312 0.075537 -0.43281 0.076205 0.092117 -0.43238 -0.094929 0.16718 -0.75356 0.080664 0.1853 -0.75298 -0.09486 0.11427 -0.83057 0.13271 0.17836 -0.83046 0.012909 -0.030139 0.59648
-0.12242 0.0043255 0.31625 0.14372 0.0016727 0.30639 0.014338 0.017103 0.40508 0.0024399 0.022843 0.064636 -0.053678 -0.002733 -0.052022 0.050362 -0.002733 -0.055238 -0.19264 -0.10244 0.083137 0.17207 -0.11665 0.070062 -0.0061519 -0.24996 0.077351 -0.027479 -0.24627 0.079539 0.024917 -0.31592 0.11907 -0.051428 -0.3132 0.1224 -0.080051 0.075142 -0.43305 0.076599 0.09125 -0.43263 -0.094448 0.16681 -0.7538 0.081315 0.18441 -0.75323 -0.095382 0.10645 -0.82549 0.13335 0.17734 -0.83071 0.012884 -0.030818 0.59643
-0.12254 0.0041905 0.31621 0.14377 0.0012274 0.30645 0.014272 0.016422 0.40502 0.0024232 0.022971 0.064591 -0.053539 -0.0028067 -0.05216 0.050288 -0.0028067 -0.055302 -0.18794 -0.10175 0.081365 0.16989 -0.11647 0.069562 -0.013247 -0.26209 0.087839 -0.020702 -0.25757 0.076634 0.020189 -0.33064 0.12002 -0.032432 -0.33032 0.11417 -0.079827 0.074828 -0.43325 0.076911 0.090557 -0.43282 -0.094043 0.16652 -0.75399 0.081847 0.18369 -0.75343 -0.095606 0.10195 -0.82175 0.13388 0.17652 -0.8309 0.012834 -0.031388 0.5964
-0.12287 0.0042573 0.31637 0.14382 0.00094716 0.30661 0.014133 0.015816 0.40497 0.0024086 0.023068 0.064557 -0.053423 -0.0028753 -0.052276 0.050234 -0.0028753 -0.055348 -0.18543 -0.10186 0.08085 0.1689 -0.11716 0.069841 -0.042736 -0.28623 0.11041 0.0059047 -0.28554 0.077416 -0.010802 -0.35767 0.13595 -0.0016853 -0.35925 0.11423 -0.079603 0.074579 -0.4334 0.077148 0.090004 -0.43296 -0.093669 0.16629 -0.75415 0.082283 0.1831 -0.75358 -0.095822 0.098333 -0.81843 0.13431 0.17583 -0.83105 0.012762 -0.031858 0.59639
-0.12329 0.0044401 0.31663 0.14386 0.00074822 0.30679 0.013967 0.01529 0.40494 0.0023977 0.023143 0.06453 -0.053333 -0.0029346 -0.052364 0.050195 -0.0029346 -0.05538 -0.18414 -0.10195 0.080775 0.17004 -0.1158 0.069291 -0.069423 -0.30541 0.12616 0.025532 -0.30599 0.072021 -0.037117 -0.37753 0.15168 0.017661 -0.37863 0.11079 -0.079402 0.074383 -0.43353 0.077335 0.089554 -0.43307 -0.093335 0.16612 -0.75428 0.082655 0.18261 -0.7537 -0.095975 0.095903 -0.8161 0.13468 0.17526 -0.83116 0.012661 -0.032246 0.59639
-0.12369 0.0046598 0.31692 0.14387 0.00056121 0.30694 0.013814 0.014844 0.40491 0.002392 0.023199 0.06451 -0.053271 -0.0029815 -0.052425 0.050168 -0.0029815 -0.055401 -0.18372 -0.10177 0.080868 0.17221 -0.11523 0.069265 -0.082181 -0.31166 0.12729 0.034269 -0.31139 0.071341 -0.049581 -0.38192 0.15799 0.027277 -0.38428 0.10986 -0.079238 0.074228 -0.43362 0.077497 0.089177 -0.43316 -0.09305 0.16598 -0.75437 0.08299 0.18219 -0.7538 -0.096072 0.094126 -0.8142 0.13502 0.17476 -0.83125 0.012535 -0.032568 0.59639
-0.12414 0.0049561 0.31728 0.14388 0.00039995 0.30711 0.013661 0.014455 0.40489 0.0023929 0.023239 0.064496 -0.053225 -0.0030216 -0.052469 0.050152 -0.0030216 -0.055414 -0.18447 -0.10267 0.081856 0.17083 -0.12696 0.075596 -0.10574 -0.31908 0.13316 0.078158 -0.33361 0.11782 -0.093836 -0.38899 0.17291 0.076896 -0.40764 0.15463 -0.079091 0.074096 -0.43369 0.077645 0.088855 -0.43323 -0.092792 0.16587 -0.75444 0.083298 0.18183 -0.75388 -0.096335 0.090446 -0.81026 0.13533 0.17432 -0.83132 0.012412 -0.032836 0.5964
-0.12461 0.005299 0.3177 0.14389 0.00025294 0.30729 0.013508 0.014106 0.40488 0.002401 0.023257 0.064489 -0.05319 -0.0030584 -0.052503 0.050143 -0.0030584 -0.05542 -0.18597 -0.10414 0.083371 0.16534 -0.13634 0.080291 -0.13453 -0.32763 0.14359 0.14066 -0.35655 0.16618 -0.15713 -0.39276 0.18942 0.14024 -0.42967 0.20478 -0.078956 0.073977 -0.43375 0.07778 0.088573 -0.43329 -0.092557 0.16576 -0.75449 0.083583 0.1815 -0.75394 -0.096187 0.091475 -0.81116 0.13562 0.17393 -0.83138 0.012295 -0.033066 0.59642
-0.12505 0.0056279 0.31811 0.1439 9.3161e-05 0.30747 0.013364 0.013781 0.40488 0.0024173 0.02325 0.064491 -0.053167 -0.0030943 -0.052523 0.050141 -0.0030943 -0.055419 -0.18758 -0.10518 0.084734 0.15831 -0.12434 0.073313 -0.14955 -0.33063 0.1489 0.17834 -0.34953 0.1512 -0.20061 -0.37886 0.1915 0.16741 -0.41581 0.1999 -0.07884 0.073868 -0.43379 0.077903 0.088319 -0.43333 -0.092348 0.16567 -0.75454 0.083849 0.1812 -0.754 -0.095115 0.10306 -0.82299 0.13589 0.17357 -0.83142 0.012172 -0.033278 0.59645
-0.12547 0.0059436 0.31854 0.14393 -9.037e-05 0.30765 0.013246 0.013462 0.40489 0.0024455 0.023209 0.064505 -0.053163 -0.0031327 -0.052526 0.050156 -0.0031327 -0.055404 -0.18942 -0.10696 0.086572 0.15357 -0.11106 0.066127 -0.15536 -0.33177 0.15235 0.19416 -0.33674 0.12264 -0.22667 -0.35875 0.18871 0.19096 -0.38833 0.18643 -0.07874 0.073757 -0.43381 0.078031 0.088086 -0.43335 -0.092161 0.16557 -0.75456 0.084108 0.18092 -0.75403 -0.094417 0.11022 -0.83051 0.13616 0.17323 -0.83144 0.012036 -0.033495 0.59648
-0.12587 0.0062561 0.319 0.14396 -0.00028872 0.30783 0.013153 0.013146 0.40491 0.0024829 0.023143 0.064527 -0.053173 -0.0031718 -0.052513 0.050185 -0.0031718 -0.055376 -0.19138 -0.1093 0.088776 0.15164 -0.10851 0.065128 -0.16153 -0.33405 0.15717 0.20092 -0.3334 0.11955 -0.23581 -0.35428 0.19167 0.22333 -0.37542 0.18777 -0.078652 0.073647 -0.43382 0.078164 0.087875 -0.43336 -0.091992 0.16546 -0.75457 0.084361 0.18067 -0.75405 -0.094711 0.10715 -0.82782 0.13643 0.17292 -0.83144 0.011891 -0.033716 0.59653
-0.12626 0.0065678 0.31946 0.14399 -0.00047745 0.30799 0.013065 0.012858 0.40493 0.00252 0.023072 0.064551 -0.053189 -0.0032047 -0.052495 0.050215 -0.0032047 -0.055346 -0.19292 -0.11033 0.090242 0.14966 -0.1103 0.066063 -0.173 -0.33654 0.16224 0.20603 -0.33209 0.1376 -0.2165 -0.38451 0.20229 0.23349 -0.39239 0.17968 -0.078568 0.07355 -0.43382 0.078284 0.087691 -0.43336 -0.09184 0.16538 -0.75457 0.084591 0.18044 -0.75406 -0.095308 0.10303 -0.82428 0.13667 0.17264 -0.83144 0.011753 -0.033918 0.59657
-0.12662 0.0068568 0.31989 0.14402 -0.00065725 0.30816 0.012978 0.012597 0.40495 0.0025562 0.023001 0.064575 -0.053208 -0.0032309 -0.052474 0.050245 -0.0032309 -0.055318 -0.19397 -0.11041 0.091069 0.15053 -0.11187 0.066829 -0.16155 -0.33447 0.15802 0.17778 -0.33091 0.14724 -0.15797 -0.40918 0.19588 0.18594 -0.41161 0.16791 -0.078487 0.073465 -0.43382 0.078389 0.087531 -0.43336 -0.0917 0.1653 -0.75457 0.084799 0.18024 -0.75407 -0.09494 0.10389 -0.82508 0.1369 0.17239 -0.83143 0.011606 -0.034096 0.59661
-0.12694 0.0070964 0.32027 0.14403 -0.00082933 0.30831 0.012891 0.012361 0.40497 0.0025913 0.02293 0.064599 -0.05323 -0.0032525 -0.052451 0.050276 -0.0032525 -0.055288 -0.19465 -0.11031 0.091626 0.15618 -0.11155 0.066985 -0.11418 -0.32557 0.14041 0.10489 -0.32886 0.1312 -0.073462 -0.39484 0.16055 0.081439 -0.4035 0.16096 -0.078412 0.073386 -0.43381 0.07848 0.087399 -0.43335 -0.09157 0.16523 -0.75456 0.084982 0.18006 -0.75407 -0.092789 0.11118 -0.83084 0.1371 0.17217 -0.83141 0.011435 -0.034251 0.59665
-0.12722 0.0072743 0.32058 0.14404 -0.00097348 0.30845 0.012801 0.012161 0.405 0.0026188 0.022864 0.064621 -0.053253 -0.0032705 -0.052425 0.050306 -0.0032705 -0.055259 -0.19516 -0.10948 0.091658 0.16102 -0.11118 0.067159 -0.079946 -0.31608 0.12443 0.054269 -0.32077 0.11948 -0.024606 -0.37725 0.13521 -0.000625 -0.37444 0.14395 -0.078347 0.073329 -0.4338 0.078536 0.087316 -0.43334 -0.091462 0.16517 -0.75455 0.085119 0.17993 -0.75407 -0.089635 0.11998 -0.83666 0.13726 0.17201 -0.83139 0.011259 -0.034377 0.59669
-0.12745 0.0074017 0.32082 0.14404 -0.0011017 0.30858 0.012719 0.011994 0.40501 0.0026407 0.022818 0.064637 -0.053266 -0.0032822 -0.052412 0.050323 -0.0032822 -0.055244 -0.19493 -0.10684 0.090509 0.16306 -0.11133 0.067456 -0.065439 -0.30412 0.11376 0.03397 -0.30363 0.11888 -0.011732 -0.36574 0.12653 -0.039513 -0.34097 0.12362 -0.078294 0.07327 -0.4338 0.078592 0.087232 -0.43333 -0.091366 0.16511 -0.75456 0.085251 0.17979 -0.75408 -0.088195 0.12477 -0.83899 0.13742 0.17184 -0.83139 0.011095 -0.034472 0.59672
-0.1276 0.0075034 0.32098 0.14406 -0.0012436 0.30868 0.012667 0.01185 0.40501 0.0026642 0.022805 0.06464 -0.053252 -0.0032844 -0.052426 0.050313 -0.0032844 -0.055253 -0.19318 -0.10166 0.087696 0.1639 -0.11126 0.067533 -0.043632 -0.2837 0.10215 0.0062493 -0.27895 0.11564 0.0087225 -0.34597 0.1145 -0.065916 -0.3191 0.12 -0.078251 0.073169 -0.43384 0.078706 0.087073 -0.43337 -0.091269 0.16501 -0.75459 0.085451 0.17958 -0.75413 -0.090352 0.12112 -0.83652 0.13764 0.17158 -0.83142 0.010951 -0.03454 0.59674
-0.12772 0.0075871 0.3211 0.14409 -0.0013781 0.30877 0.012623 0.011727 0.40501 0.0026864 0.022808 0.064638 -0.053229 -0.0032835 -0.05245 0.050291 -0.0032835 -0.055273 -0.1908 -0.096258 0.084683 0.16432 -0.11109 0.067515 -0.02366 -0.26485 0.089893 -0.016592 -0.25852 0.11261 0.027697 -0.329 0.1031 -0.086459 -0.30299 0.1214 -0.07822 0.073055 -0.43388 0.078835 0.086898 -0.43342 -0.091184 0.16489 -0.75464 0.085665 0.17935 -0.7542 -0.088003 0.10891 -0.83097 0.13787 0.17132 -0.83147 0.010829 -0.034584 0.59676
-0.12784 0.0076506 0.3212 0.1441 -0.0014833 0.30886 0.01257 0.011622 0.40501 0.0027026 0.02281 0.064637 -0.053207 -0.003285 -0.052471 0.050269 -0.003285 -0.055293 -0.18878 -0.09238 0.08259 0.16472 -0.11098 0.06754 -0.018007 -0.25729 0.084058 -0.02123 -0.25131 0.11304 0.034085 -0.32126 0.097615 -0.092825 -0.29443 0.12043 -0.078198 0.072958 -0.43392 0.078928 0.08677 -0.43346 -0.091119 0.16479 -0.75469 0.085831 0.17916 -0.75425 -0.086947 0.10164 -0.82673 0.13805 0.17113 -0.83151 0.010715 -0.034615 0.59677
-0.12795 0.0076869 0.32128 0.1441 -0.0015594 0.30894 0.012512 0.011534 0.405 0.0027111 0.02281 0.064636 -0.053182 -0.0032882 -0.052497 0.050246 -0.0032882 -0.055313 -0.18743 -0.089537 0.081152 0.16521 -0.11084 0.067563 -0.026947 -0.26231 0.095982 -0.015334 -0.25678 0.11362 0.036167 -0.31268 0.094505 -0.06855 -0.313 0.12892 -0.078173 0.072882 -0.43396 0.078975 0.086696 -0.4335 -0.091067 0.16471 -0.75473 0.085937 0.17903 -0.7543 -0.11428 0.12744 -0.82938 0.13817 0.171 -0.83155 0.010589 -0.034648 0.59678
-0.12806 0.0077183 0.32135 0.1441 -0.0016159 0.30901 0.012453 0.011459 0.405 0.0027155 0.022811 0.064636 -0.053151 -0.003293 -0.052527 0.050224 -0.003293 -0.055333 -0.18647 -0.087474 0.080152 0.16575 -0.11075 0.067622 -0.041941 -0.27363 0.10593 -0.0043463 -0.26869 0.11566 0.028664 -0.31445 0.092564 -0.032668 -0.34218 0.14257 -0.078143 0.072823 -0.43401 0.078989 0.086658 -0.43352 -0.091026 0.16465 -0.75477 0.086002 0.17894 -0.75434 -0.15164 0.16856 -0.82726 0.13826 0.1709 -0.83157 0.010457 -0.034681 0.59679
-0.12817 0.0077749 0.32144 0.1441 -0.0016644 0.30909 0.012391 0.011394 0.405 0.0027197 0.022811 0.064636 -0.053122 -0.0032987 -0.052557 0.050206 -0.0032987 -0.055349 -0.18566 -0.085988 0.079461 0.16657 -0.11057 0.067668 -0.055182 -0.2836 0.093791 0.010798 -0.28099 0.12117 0.003334 -0.33914 0.093498 -0.010495 -0.35663 0.1512 -0.078113 0.072778 -0.43404 0.078991 0.086637 -0.43354 -0.090998 0.1646 -0.75481 0.086048 0.17887 -0.75437 -0.16464 0.19095 -0.81197 0.13832 0.17082 -0.83159 0.010327 -0.034707 0.5968
-0.12831 0.0078562 0.32152 0.14408 -0.001712 0.30917 0.012309 0.011341 0.405 0.00272 0.022811 0.064636 -0.053103 -0.0033017 -0.052576 0.050195 -0.0033017 -0.055358 -0.18585 -0.084386 0.078964 0.16885 -0.10902 0.067264 -0.074479 -0.2927 0.092704 0.035802 -0.29671 0.12551 -0.030567 -0.3641 0.10238 0.016858 -0.36975 0.15799 -0.078092 0.072747 -0.43407 0.078987 0.086628 -0.43355 -0.090978 0.16457 -0.75484 0.086084 0.17881 -0.75439 -0.15351 0.19372 -0.81424 0.13838 0.17076 -0.83161 0.010153 -0.034765 0.5968
-0.12846 0.007953 0.32161 0.14404 -0.0017552 0.30926 0.012211 0.011295 0.40501 0.0027187 0.022809 0.064637 -0.053098 -0.0033006 -0.052581 0.050194 -0.0033006 -0.05536 -0.18805 -0.083815 0.079371 0.17195 -0.10788 0.067163 -0.10076 -0.30138 0.11313 0.075527 -0.31496 0.13139 -0.068903 -0.37785 0.12142 0.06425 -0.38812 0.16807 -0.078071 0.072731 -0.43408 0.078975 0.086639 -0.43355 -0.090958 0.16455 -0.75485 0.086105 0.17877 -0.75441 -0.12967 0.18514 -0.83662 0.13842 0.17072 -0.8316 0.0099108 -0.034893 0.59678
-0.12862 0.0080527 0.32172 0.14401 -0.001783 0.30935 0.012121 0.011246 0.40501 0.0027245 0.022803 0.064638 -0.053098 -0.0032969 -0.052581 0.050199 -0.0032969 -0.055355 -0.19281 -0.086818 0.081897 0.1735 -0.11117 0.068927 -0.12468 -0.30847 0.13229 0.12968 -0.32892 0.14745 -0.11412 -0.38727 0.14771 0.12953 -0.40326 0.18364 -0.078028 0.072725 -0.43408 0.078956 0.086678 -0.43354 -0.090928 0.16454 -0.75485 0.086109 0.17877 -0.75441 -0.1078 0.1753 -0.84774 0.13844 0.17071 -0.83159 0.0096178 -0.035114 0.59673
-0.12876 0.0081457 0.32182 0.144 -0.0018006 0.30944 0.012044 0.011196 0.40501 0.0027347 0.022795 0.064641 -0.053102 -0.0032915 -0.052577 0.050209 -0.0032915 -0.055347 -0.19794 -0.091314 0.085233 0.17379 -0.11424 0.070429 -0.14019 -0.31342 0.14421 0.17965 -0.33398 0.16028 -0.1516 -0.39157 0.17031 0.18907 -0.40945 0.19288 -0.077974 0.072726 -0.43408 0.078932 0.086734 -0.43352 -0.090894 0.16453 -0.75485 0.086101 0.17879 -0.7544 -0.091509 0.16718 -0.84814 0.13846 0.17074 -0.83156 0.0092883 -0.035417 0.59667
-0.12889 0.0082275 0.32192 0.144 -0.0018138 0.30952 0.011977 0.01115 0.40502 0.0027449 0.022785 0.064644 -0.053112 -0.0032846 -0.052568 0.050224 -0.0032846 -0.055333 -0.20135 -0.094569 0.087754 0.17317 -0.11244 0.069588 -0.14661 -0.31634 0.15087 0.20549 -0.33019 0.15906 -0.16905 -0.39012 0.18201 0.21818 -0.40626 0.18924 -0.077921 0.072733 -0.43408 0.078909 0.086803 -0.43349 -0.090863 0.16453 -0.75485 0.086089 0.17882 -0.75439 -0.080266 0.16105 -0.84757 0.13848 0.17078 -0.83153 0.0089349 -0.035776 0.5966
-0.129 0.0083025 0.32202 0.144 -0.0018154 0.30961 0.011917 0.011108 0.40502 0.002757 0.022775 0.064647 -0.053128 -0.0032764 -0.052552 0.050246 -0.0032764 -0.055314 -0.20337 -0.096417 0.089316 0.16991 -0.10843 0.067533 -0.15097 -0.31791 0.15533 0.20121 -0.32507 0.15649 -0.17333 -0.38938 0.18965 0.20911 -0.401 0.18785 -0.077867 0.072753 -0.43406 0.078889 0.086894 -0.43346 -0.090834 0.16455 -0.75484 0.086067 0.17888 -0.75436 -0.074118 0.15743 -0.84681 0.13848 0.17085 -0.83149 0.0085681 -0.036187 0.5965
-0.12912 0.0083807 0.32213 0.14401 -0.0018117 0.30969 0.011863 0.011068 0.40502 0.0027707 0.022765 0.06465 -0.053148 -0.0032679 -0.052533 0.050272 -0.0032679 -0.055291 -0.20455 -0.097317 0.090206 0.16613 -0.10493 0.065708 -0.15347 -0.31846 0.15843 0.18642 -0.32175 0.1591 -0.1684 -0.38958 0.19787 0.18537 -0.39713 0.1931 -0.077807 0.072784 -0.43405 0.07887 0.087001 -0.43341 -0.090803 0.16457 -0.75482 0.086038 0.17896 -0.75432 -0.071226 0.15545 -0.8459 0.13848 0.17095 -0.83144 0.0081979 -0.036634 0.5964
-0.12924 0.0084682 0.32224 0.14402 -0.0018149 0.30977 0.01181 0.011029 0.40503 0.0027836 0.022756 0.064652 -0.053168 -0.0032606 -0.052513 0.050299 -0.0032606 -0.055267 -0.20537 -0.097886 0.090845 0.16572 -0.10336 0.065086 -0.14877 -0.31759 0.15953 0.18523 -0.31943 0.16414 -0.15296 -0.38651 0.20617 0.17735 -0.39425 0.19845 -0.077743 0.072822 -0.43403 0.07885 0.087109 -0.43337 -0.09077 0.16461 -0.7548 0.086013 0.17904 -0.75428 -0.068844 0.15362 -0.84507 0.13848 0.17104 -0.83138 0.0078364 -0.03709 0.59629
-0.12935 0.0085423 0.32234 0.14402 -0.0018178 0.30985 0.011758 0.010989 0.40503 0.0027937 0.022747 0.064655 -0.053188 -0.0032544 -0.052492 0.050324 -0.0032544 -0.055244 -0.20603 -0.09842 0.091409 0.16677 -0.10251 0.064923 -0.13384 -0.31359 0.15972 0.16305 -0.31787 0.15971 -0.12086 -0.38057 0.20509 0.14965 -0.39147 0.19531 -0.077682 0.072863 -0.434 0.078822 0.087223 -0.43333 -0.090742 0.16465 -0.75477 0.085978 0.17913 -0.75425 -0.066815 0.15224 -0.84445 0.13847 0.17114 -0.83133 0.0075069 -0.03752 0.59619
-0.12945 0.008595 0.32242 0.14403 -0.0018097 0.30993 0.011704 0.01095 0.40503 0.0028002 0.022739 0.064658 -0.053209 -0.0032488 -0.052472 0.050348 -0.0032488 -0.055223 -0.20629 -0.098776 0.091734 0.16744 -0.10143 0.06462 -0.1093 -0.30494 0.15725 0.11169 -0.31595 0.14448 -0.075917 -0.37161 0.1915 0.089599 -0.38613 0.18271 -0.077628 0.072908 -0.43398 0.078786 0.087347 -0.43328 -0.090722 0.1647 -0.75475 0.085928 0.17924 -0.75421 -0.065437 0.1511 -0.84388 0.13844 0.17126 -0.83128 0.0072207 -0.037898 0.5961
-0.12955 0.0086459 0.32249 0.14403 -0.0017882 0.31 0.011651 0.01092 0.40503 0.0028045 0.022739 0.064658 -0.053225 -0.0032439 -0.052456 0.050366 -0.0032439 -0.055207 -0.20548 -0.098387 0.091358 0.16832 -0.10057 0.064433 -0.080497 -0.29156 0.14673 0.078562 -0.31091 0.13405 -0.036611 -0.35739 0.17422 0.038878 -0.37311 0.17026 -0.077581 0.07296 -0.43396 0.078745 0.087478 -0.43324 -0.090709 0.16475 -0.75472 0.085875 0.17935 -0.75417 -0.064594 0.14907 -0.84305 0.13841 0.17139 -0.83123 0.006969 -0.038226 0.59602
-0.12964 0.0086636 0.32256 0.14402 -0.0017927 0.31006 0.011594 0.010869 0.40504 0.0028051 0.022728 0.064661 -0.053243 -0.0032405 -0.052438 0.050386 -0.0032405 -0.055189 -0.20446 -0.097491 0.090643 0.16937 -0.10002 0.064386 -0.056739 -0.27798 0.13314 0.057556 -0.29906 0.12679 -0.0072245 -0.33956 0.1568 -0.002316 -0.34784 0.15652 -0.077544 0.073004 -0.43394 0.078699 0.087603 -0.4332 -0.090707 0.1648 -0.7547 0.085815 0.17946 -0.75413 -0.063624 0.14945 -0.84306 0.13838 0.17153 -0.83118 0.0067475 -0.038537 0.59596
-0.12973 0.0086401 0.3226 0.14399 -0.0018289 0.31012 0.011526 0.010797 0.40504 0.0027991 0.022709 0.064669 -0.053262 -0.0032377 -0.052419 0.050406 -0.0032377 -0.05517 -0.2036 -0.096492 0.089903 0.17018 -0.099645 0.064363 -0.043537 -0.26831 0.1236 0.024735 -0.27838 0.11564 0.015979 -0.32204 0.13993 -0.047403 -0.31223 0.13844 -0.077529 0.073035 -0.43391 0.07865 0.087723 -0.43316 -0.090731 0.16483 -0.75467 0.085745 0.17956 -0.7541 -0.06318 0.15192 -0.84396 0.13833 0.17166 -0.83112 0.0065581 -0.038819 0.59591
-0.12983 0.0087116 0.32259 0.14394 -0.0017487 0.31014 0.011441 0.010841 0.40502 0.0027835 0.022774 0.064646 -0.053245 -0.003229 -0.052436 0.050387 -0.003229 -0.055189 -0.19966 -0.094987 0.088061 0.17054 -0.099299 0.064325 -0.030332 -0.25842 0.11491 -0.0051938 -0.25318 0.10666 0.035483 -0.30883 0.1259 -0.078304 -0.28526 0.12634 -0.077561 0.07311 -0.43391 0.078608 0.087881 -0.43314 -0.090801 0.16491 -0.75467 0.085682 0.17971 -0.75409 -0.068196 0.13961 -0.84058 0.13829 0.17183 -0.8311 0.0064085 -0.038894 0.59585
-0.12992 0.0089038 0.32253 0.14387 -0.0015595 0.31014 0.011343 0.011008 0.40497 0.002762 0.022923 0.064595 -0.053192 -0.003216 -0.052491 0.050326 -0.003216 -0.055245 -0.1932 -0.093052 0.085369 0.17053 -0.098974 0.064272 -0.015464 -0.24836 0.10661 -0.02163 -0.23225 0.10305 0.04535 -0.30342 0.11967 -0.089365 -0.27442 0.12386 -0.077631 0.073242 -0.43394 0.078582 0.088065 -0.43315 -0.090895 0.16505 -0.75469 0.08565 0.17988 -0.7541 -0.077435 0.11558 -0.83255 0.13828 0.17202 -0.8311 0.0062857 -0.038767 0.59579
-0.13 0.0091055 0.32246 0.1438 -0.0014287 0.31013 0.011242 0.011153 0.40493 0.0027426 0.023056 0.064548 -0.053137 -0.0032076 -0.052548 0.050264 -0.0032076 -0.055302 -0.18866 -0.091321 0.083433 0.17049 -0.098757 0.064234 -0.0075751 -0.243 0.10202 -0.025934 -0.22565 0.10262 0.035951 -0.30719 0.12569 -0.090983 -0.27372 0.12532 -0.077696 0.073396 -0.43396 0.078576 0.088224 -0.43317 -0.090956 0.16522 -0.75471 0.085664 0.18003 -0.75412 -0.083741 0.10232 -0.82485 0.1383 0.17217 -0.83112 0.0061621 -0.038629 0.59574
-0.13009 0.0092295 0.32239 0.14371 -0.0013532 0.31013 0.011127 0.011219 0.4049 0.0027198 0.023148 0.064516 -0.053084 -0.0031979 -0.052602 0.050209 -0.0031979 -0.055352 -0.18608 -0.089958 0.082232 0.17037 -0.098631 0.064212 -0.0045282 -0.24158 0.098991 -0.022897 -0.23023 0.10316 0.025863 -0.31222 0.13073 -0.078203 -0.28613 0.12551 -0.077752 0.073544 -0.43398 0.078561 0.088384 -0.43318 -0.091012 0.16538 -0.75472 0.085663 0.18018 -0.75414 -0.087251 0.097609 -0.81887 0.13831 0.17232 -0.83112 0.0060522 -0.038506 0.59573
-0.13021 0.0092358 0.32233 0.14361 -0.0012856 0.31016 0.01099 0.011191 0.40488 0.0026877 0.023196 0.0645 -0.053031 -0.0031814 -0.052656 0.050163 -0.0031814 -0.055395 -0.18433 -0.088919 0.081323 0.17037 -0.098601 0.064264 -0.0053488 -0.24414 0.096378 -0.015472 -0.24067 0.10293 0.027392 -0.31471 0.12549 -0.048093 -0.31198 0.12283 -0.077807 0.073671 -0.434 0.078508 0.088586 -0.43318 -0.091103 0.16551 -0.75475 0.085587 0.18037 -0.75414 -0.089981 0.093672 -0.81443 0.13825 0.17254 -0.83112 0.0059583 -0.038466 0.59573
-0.13034 0.0091563 0.3223 0.14353 -0.0012241 0.31024 0.010837 0.011069 0.40488 0.0026491 0.023195 0.064502 -0.05299 -0.0031649 -0.052698 0.050131 -0.0031649 -0.055425 -0.18332 -0.0881 0.080667 0.17136 -0.098801 0.064572 -0.01967 -0.25676 0.099196 -0.0008544 -0.25711 0.10093 0.019481 -0.32579 0.12145 -0.013605 -0.33934 0.12221 -0.07787 0.073788 -0.43402 0.078411 0.088833 -0.43316 -0.09123 0.16563 -0.75476 0.085434 0.18062 -0.75412 -0.092067 0.090563 -0.81115 0.13811 0.17282 -0.83109 0.0058271 -0.038788 0.59568
-0.1305 0.0090313 0.32232 0.1435 -0.0011716 0.3104 0.010676 0.010857 0.4049 0.0026083 0.023139 0.064524 -0.052975 -0.0031565 -0.052713 0.050122 -0.0031565 -0.055434 -0.1831 -0.087394 0.080273 0.1743 -0.09938 0.065339 -0.058366 -0.28621 0.11319 0.024435 -0.28036 0.096247 -0.022828 -0.35833 0.13254 0.010454 -0.35484 0.12936 -0.077948 0.073905 -0.434 0.078267 0.089122 -0.43311 -0.091391 0.16575 -0.75474 0.085207 0.18091 -0.75407 -0.093428 0.089263 -0.80865 0.1379 0.17317 -0.83104 0.0055983 -0.039779 0.59549
