-0.18196 -0.015876 0.26891 0.064354 -0.017136 0.33871 -0.085463 -0.045383 0.39765 -0.014519 -0.0097868 0.066325 -0.046923 0.0049125 -0.058045 0.059664 0.0049125 -0.044846 -0.2878 -0.027362 0.025364 0.18311 0.053271 0.11158 -0.31024 -0.089077 -0.20236 0.24418 0.10377 -0.11178 -0.31096 -0.098336 -0.28453 0.27099 0.13677 -0.18271 -0.0077686 0.099731 -0.4341 0.11306 0.088376 -0.42184 -0.010372 0.14945 -0.76427 0.069825 0.19028 -0.73686 0.017471 0.12386 -0.84989 0.14391 0.20575 -0.79194 -0.042812 -0.11942 0.57545
-0.18666 -0.01513 0.2681 0.060337 -0.015556 0.33855 -0.089811 -0.043322 0.39687 -0.016416 -0.0092976 0.065937 -0.046631 0.0047605 -0.058286 0.060305 0.0047605 -0.043983 -0.28679 -0.034011 0.022448 0.18312 0.05622 0.114 -0.29068 -0.099017 -0.20516 0.24188 0.10954 -0.10933 -0.27609 -0.10627 -0.28559 0.27024 0.14461 -0.17864 -0.0070336 0.10176 -0.4337 0.12003 0.085734 -0.42088 -0.0074434 0.15278 -0.76368 0.11165 0.20213 -0.73279 0.019868 0.12631 -0.8492 0.18504 0.22956 -0.80585 -0.046832 -0.12451 0.57144
-0.18822 -0.013876 0.26734 0.058123 -0.014271 0.33842 -0.092011 -0.042749 0.39643 -0.01757 -0.0090382 0.065688 -0.046519 0.004707 -0.058385 0.060522 0.004707 -0.043701 -0.27956 -0.037993 0.018867 0.18419 0.058623 0.11607 -0.27066 -0.10556 -0.20809 0.24289 0.11298 -0.10703 -0.25035 -0.11364 -0.2878 0.27161 0.14916 -0.17562 -0.0069882 0.10335 -0.43341 0.13252 0.082691 -0.41882 -0.0054763 0.15547 -0.76322 0.14446 0.20823 -0.72789 0.021535 0.12838 -0.84864 0.19378 0.21295 -0.80944 -0.04874 -0.13017 0.5679
-0.18807 -0.012579 0.26673 0.056911 -0.013543 0.33816 -0.092942 -0.043515 0.39614 -0.018206 -0.0089946 0.065528 -0.046462 0.0047794 -0.058429 0.060486 0.0047794 -0.043752 -0.26869 -0.040149 0.015067 0.18552 0.060272 0.11757 -0.25096 -0.11004 -0.21078 0.24351 0.11371 -0.10588 -0.23084 -0.12038 -0.2904 0.27176 0.15026 -0.17446 -0.0079175 0.10448 -0.43332 0.14759 0.079493 -0.41611 -0.0047809 0.15752 -0.76297 0.17008 0.21039 -0.72271 0.022119 0.13007 -0.84831 0.19147 0.18001 -0.80466 -0.049777 -0.13624 0.56482
-0.18766 -0.011705 0.26637 0.055899 -0.013635 0.33757 -0.093481 -0.045472 0.39578 -0.018552 -0.0091526 0.065405 -0.046338 0.0050045 -0.058508 0.060366 0.0050045 -0.043889 -0.25677 -0.041319 0.011488 0.18629 0.060964 0.11829 -0.23233 -0.11377 -0.21285 0.24007 0.11135 -0.1069 -0.21464 -0.12645 -0.29265 0.26738 0.14775 -0.17594 -0.010106 0.10512 -0.4335 0.16232 0.076388 -0.41322 -0.0056671 0.15896 -0.76301 0.19034 0.21038 -0.71782 0.02127 0.13136 -0.84829 0.19947 0.15485 -0.79348 -0.051185 -0.14255 0.56221
-0.18815 -0.011677 0.26638 0.054487 -0.014708 0.33653 -0.094299 -0.048419 0.39519 -0.018799 -0.0094885 0.065281 -0.046071 0.0053899 -0.058672 0.060305 0.0053899 -0.043911 -0.24588 -0.042247 0.0085573 0.1859 0.060632 0.11811 -0.2151 -0.11775 -0.214 0.23023 0.10592 -0.11064 -0.19867 -0.13157 -0.29386 0.25645 0.14181 -0.18042 -0.013676 0.10528 -0.434 0.17415 0.073675 -0.41052 -0.0082911 0.1598 -0.76337 0.20744 0.20984 -0.71363 0.018784 0.13227 -0.84863 0.23627 0.15828 -0.77805 -0.053813 -0.14888 0.56008
-0.18803 -0.012513 0.2669 0.054128 -0.015881 0.33569 -0.093976 -0.051631 0.39486 -0.018785 -0.0098815 0.065227 -0.046103 0.0057435 -0.058611 0.060133 0.0057435 -0.044098 -0.23285 -0.042733 0.0065033 0.18584 0.060625 0.11786 -0.19504 -0.11958 -0.21454 0.2254 0.10131 -0.11284 -0.17818 -0.13346 -0.2943 0.25028 0.13606 -0.18369 -0.01709 0.10522 -0.43432 0.18451 0.072193 -0.40756 -0.011256 0.16045 -0.76357 0.22734 0.20887 -0.70928 0.015973 0.13304 -0.84882 0.29153 0.17807 -0.76222 -0.054568 -0.15446 0.55855
-0.18464 -0.013996 0.26806 0.057114 -0.015882 0.33599 -0.090242 -0.054189 0.3955 -0.018198 -0.010174 0.06536 -0.047078 0.0057945 -0.05787 0.059551 0.0057945 -0.044933 -0.21213 -0.042049 0.0054073 0.18847 0.062782 0.11872 -0.16611 -0.11518 -0.21516 0.24351 0.10313 -0.10702 -0.14824 -0.1289 -0.29473 0.26649 0.13573 -0.17937 -0.018146 0.10528 -0.43379 0.19675 0.072869 -0.40356 -0.012525 0.1614 -0.7629 0.2575 0.20646 -0.70331 0.01476 0.134 -0.84813 0.33912 0.18396 -0.75067 -0.048654 -0.15828 0.55779
-0.18223 -0.01597 0.26909 0.059518 -0.017193 0.33592 -0.087281 -0.057079 0.39583 -0.017663 -0.01055 0.065455 -0.04799 0.005921 -0.057146 0.059102 0.005921 -0.045549 -0.19001 -0.039886 0.0046997 0.1901 0.063112 0.11878 -0.13672 -0.10568 -0.21654 0.27699 0.10703 -0.095758 -0.11746 -0.11924 -0.2958 0.29724 0.13824 -0.16947 -0.019894 0.10491 -0.43335 0.20769 0.07272 -0.39979 -0.014733 0.162 -0.76231 0.29305 0.19791 -0.69717 0.012426 0.13445 -0.84753 0.36923 0.16589 -0.74445 -0.041734 -0.1617 0.55672
-0.19074 -0.018361 0.26847 0.052354 -0.025383 0.33199 -0.094526 -0.062879 0.39298 -0.018572 -0.011482 0.06501 -0.046485 0.0070327 -0.058078 0.060011 0.0070327 -0.043986 -0.18253 -0.036342 0.0032915 0.18213 0.052886 0.11362 -0.12722 -0.096527 -0.21925 0.29683 0.10033 -0.089312 -0.10561 -0.10969 -0.29801 0.31338 0.13442 -0.16307 -0.029704 0.10282 -0.4353 0.20875 0.065593 -0.39927 -0.024355 0.16064 -0.76409 0.31888 0.17563 -0.69472 0.0024332 0.13286 -0.84937 0.38623 0.13139 -0.74153 -0.048052 -0.16802 0.5533
-0.2093 -0.022271 0.26659 0.036717 -0.040921 0.32419 -0.11074 -0.072589 0.38698 -0.020807 -0.013139 0.064004 -0.042638 0.0091043 -0.060615 0.062036 0.0091043 -0.04061 -0.19236 -0.032987 0.001429 0.16557 0.033127 0.10376 -0.13969 -0.090249 -0.22255 0.29307 0.079655 -0.091988 -0.11583 -0.10331 -0.30076 0.3055 0.11798 -0.16509 -0.047978 0.099115 -0.4394 0.20032 0.052115 -0.40209 -0.041699 0.1574 -0.76806 0.33143 0.14079 -0.69617 -0.015591 0.12924 -0.85345 0.39654 0.090366 -0.74018 -0.067471 -0.17832 0.54778
-0.22326 -0.030251 0.26618 0.02654 -0.057745 0.31696 -0.12112 -0.085143 0.38155 -0.022327 -0.0153 0.063032 -0.039625 0.010916 -0.062546 0.063069 0.010916 -0.038749 -0.20502 -0.033192 0.0010449 0.15366 0.017264 0.095987 -0.15277 -0.08544 -0.22408 0.28053 0.053658 -0.10031 -0.12994 -0.10025 -0.30209 0.28991 0.086685 -0.17485 -0.066206 0.095719 -0.44224 0.19415 0.041548 -0.40469 -0.059201 0.15454 -0.77089 0.34206 0.10571 -0.69703 -0.03414 0.12562 -0.85628 0.40843 0.05492 -0.73918 -0.081456 -0.19083 0.54333
-0.22502 -0.04243 0.26771 0.028286 -0.071153 0.31311 -0.11888 -0.098084 0.37896 -0.022137 -0.017535 0.062489 -0.039247 0.011739 -0.062653 0.062263 0.011739 -0.039783 -0.21123 -0.036819 0.0023303 0.15279 0.011452 0.093522 -0.15458 -0.079445 -0.22362 0.26895 0.028754 -0.11109 -0.1364 -0.097899 -0.30191 0.27724 0.044663 -0.18989 -0.079842 0.093704 -0.44189 0.19616 0.039425 -0.40499 -0.074392 0.15308 -0.77061 0.35602 0.08028 -0.6951 -0.050139 0.12359 -0.85595 0.42432 0.032462 -0.73736 -0.079878 -0.20286 0.54148
-0.22184 -0.054232 0.26713 0.03295 -0.079762 0.31184 -0.11392 -0.10661 0.37837 -0.021429 -0.019072 0.062321 -0.040362 0.011907 -0.061838 0.061346 0.011907 -0.04111 -0.21359 -0.036955 0.0020275 0.15504 0.0067893 0.092127 -0.15364 -0.067746 -0.22523 0.2556 0.0057863 -0.12265 -0.13857 -0.088731 -0.30382 0.26442 0.0075264 -0.20513 -0.092805 0.092342 -0.43958 0.19992 0.043283 -0.40408 -0.095244 0.15154 -0.76813 0.36544 0.068575 -0.69299 -0.069724 0.12372 -0.85383 0.43538 0.021382 -0.73363 -0.07048 -0.21033 0.54046
-0.2191 -0.062812 0.26349 0.035114 -0.083802 0.31204 -0.11204 -0.10921 0.37872 -0.020872 -0.019675 0.062408 -0.041957 0.011932 -0.060792 0.061501 0.011932 -0.040876 -0.21483 -0.029766 -0.00018204 0.15444 -0.0043138 0.087901 -0.15819 -0.049362 -0.22975 0.23898 -0.016575 -0.13391 -0.14165 -0.069354 -0.30844 0.24925 -0.016497 -0.217 -0.10798 0.091255 -0.43647 0.19962 0.050435 -0.40331 -0.1261 0.14919 -0.76443 0.3642 0.071771 -0.69307 -0.097525 0.12528 -0.8509 0.43512 0.020991 -0.72907 -0.060596 -0.21237 0.53917
-0.21232 -0.071651 0.26589 0.04426 -0.087024 0.31274 -0.10248 -0.1144 0.37936 -0.018985 -0.020727 0.06258 -0.044284 0.012513 -0.058972 0.061587 0.012513 -0.040566 -0.21442 -0.022181 0.0047422 0.15485 -0.021103 0.080188 -0.16932 -0.033859 -0.22765 0.22487 -0.044062 -0.14509 -0.15142 -0.049502 -0.30687 0.23605 -0.043551 -0.22707 -0.12272 0.091605 -0.43251 0.19488 0.060017 -0.40377 -0.15785 0.1483 -0.75966 0.35517 0.084662 -0.69564 -0.13108 0.12408 -0.84607 0.42702 0.035978 -0.73086 -0.050898 -0.21753 0.53945
-0.1973 -0.084411 0.28147 0.068357 -0.092623 0.31309 -0.076054 -0.12958 0.3796 -0.014542 -0.023428 0.062651 -0.047582 0.014177 -0.05587 0.060401 0.014177 -0.041757 -0.21192 -0.021607 0.023699 0.16012 -0.041467 0.069422 -0.18626 -0.030368 -0.21133 0.21863 -0.080657 -0.15631 -0.17152 -0.039151 -0.29197 0.22923 -0.087771 -0.23718 -0.13452 0.093749 -0.42761 0.18638 0.071323 -0.40616 -0.18238 0.14956 -0.75383 0.34162 0.1022 -0.7005 -0.16709 0.11564 -0.83813 0.4147 0.069321 -0.74448 -0.040468 -0.23317 0.5425
-0.1788 -0.1007 0.30118 0.097356 -0.09866 0.31248 -0.043339 -0.14946 0.37822 -0.0090789 -0.026936 0.062392 -0.051049 0.01657 -0.052083 0.058262 0.01657 -0.043883 -0.20984 -0.029276 0.04707 0.16639 -0.063753 0.058296 -0.2054 -0.038025 -0.18963 0.21819 -0.11933 -0.16607 -0.19573 -0.039295 -0.27169 0.22841 -0.13585 -0.24628 -0.1458 0.093339 -0.42237 0.17499 0.082936 -0.40982 -0.20633 0.14427 -0.74692 0.32167 0.12495 -0.70695 -0.20407 0.09659 -0.82704 0.39478 0.11241 -0.76313 -0.026555 -0.2542 0.54428
-0.16277 -0.119 0.31316 0.11837 -0.10228 0.31023 -0.017924 -0.16645 0.37406 -0.004568 -0.030021 0.061604 -0.05374 0.019173 -0.048397 0.055858 0.019173 -0.045879 -0.21067 -0.044229 0.062534 0.16913 -0.086567 0.049541 -0.22251 -0.05311 -0.17423 0.21996 -0.15129 -0.17306 -0.21601 -0.048199 -0.25666 0.23196 -0.1697 -0.25315 -0.15947 0.085704 -0.41748 0.16143 0.09315 -0.41382 -0.23813 0.12336 -0.73906 0.29279 0.15367 -0.71417 -0.24088 0.065033 -0.81323 0.3631 0.15385 -0.77799 -0.0065994 -0.27326 0.5401
-0.14677 -0.13755 0.31674 0.13275 -0.10396 0.30458 0.0027685 -0.18081 0.36728 -0.00083802 -0.032611 0.06037 -0.05565 0.022028 -0.044855 0.053568 0.022028 -0.047299 -0.21136 -0.062034 0.070172 0.17352 -0.10945 0.041867 -0.23402 -0.070983 -0.16564 0.22425 -0.17639 -0.1799 -0.23017 -0.062224 -0.2478 0.23854 -0.18982 -0.26034 -0.17273 0.072737 -0.41313 0.14502 0.099595 -0.41824 -0.27085 0.092395 -0.73129 0.25787 0.18025 -0.72169 -0.27529 0.027031 -0.79846 0.32326 0.18491 -0.78914 0.017206 -0.2907 0.53064
-0.12623 -0.15497 0.3159 0.1469 -0.10622 0.29358 0.026526 -0.19613 0.35833 0.0029887 -0.035137 0.05885 -0.057063 0.025429 -0.041253 0.051607 0.025429 -0.047927 -0.20745 -0.077357 0.07505 0.18751 -0.13286 0.032478 -0.2376 -0.086989 -0.1598 0.23242 -0.19859 -0.1905 -0.23879 -0.07717 -0.24205 0.24665 -0.20493 -0.27163 -0.18058 0.059151 -0.40939 0.1249 0.0998 -0.42341 -0.29156 0.063115 -0.72512 0.22218 0.19351 -0.72911 -0.30372 -0.0076806 -0.78525 0.28229 0.19855 -0.80002 0.040247 -0.31013 0.51845
-0.11196 -0.17487 0.31422 0.15691 -0.11894 0.27818 0.043501 -0.21665 0.34502 0.0056185 -0.038215 0.056747 -0.05707 0.029902 -0.038177 0.049827 0.029902 -0.047235 -0.20518 -0.091102 0.079778 0.20411 -0.16314 0.020533 -0.24167 -0.10057 -0.15422 0.23978 -0.2275 -0.20459 -0.24611 -0.091514 -0.23662 0.25195 -0.2287 -0.28637 -0.18048 0.050344 -0.40726 0.10471 0.093276 -0.42791 -0.29226 0.047572 -0.72271 0.19206 0.19011 -0.73546 -0.31257 -0.025525 -0.77875 0.24853 0.19462 -0.80961 0.053085 -0.33603 0.50152
-0.12318 -0.20369 0.31484 0.15297 -0.15559 0.26094 0.033977 -0.2466 0.32362 0.0045711 -0.04253 0.053506 -0.054142 0.036039 -0.036636 0.047854 0.036039 -0.044583 -0.21683 -0.10809 0.085316 0.20775 -0.20951 0.0063301 -0.26046 -0.11392 -0.14753 0.23833 -0.27524 -0.21944 -0.2583 -0.10562 -0.22916 0.2488 -0.27659 -0.30138 -0.1715 0.051686 -0.40827 0.090667 0.080947 -0.42932 -0.26856 0.057026 -0.72648 0.17407 0.17196 -0.7395 -0.28335 -0.011854 -0.78523 0.23056 0.17735 -0.8143 0.044267 -0.37293 0.4752
-0.15345 -0.24134 0.31716 0.13744 -0.20955 0.24127 0.0028534 -0.28254 0.29455 0.00096687 -0.047723 0.049133 -0.049372 0.042799 -0.036079 0.045396 0.042799 -0.041049 -0.24067 -0.13312 0.090626 0.19802 -0.26476 -0.011738 -0.28983 -0.13296 -0.14123 0.23077 -0.33351 -0.2363 -0.27381 -0.12409 -0.22116 0.24211 -0.33921 -0.3178 -0.15345 0.059438 -0.41179 0.084057 0.06726 -0.42803 -0.22725 0.083031 -0.73496 0.16497 0.14688 -0.74208 -0.22566 0.021175 -0.80147 0.22408 0.15321 -0.81495 0.022544 -0.41601 0.43915
-0.1729 -0.28168 0.31718 0.12387 -0.2558 0.21571 -0.022387 -0.31397 0.26201 -0.00079747 -0.052491 0.044158 -0.046235 0.047668 -0.034545 0.042255 0.047668 -0.039254 -0.26203 -0.17074 0.09287 0.18864 -0.30672 -0.036902 -0.30884 -0.16679 -0.13936 0.22951 -0.37549 -0.25992 -0.28398 -0.15517 -0.2176 0.2463 -0.38457 -0.3407 -0.12691 0.061579 -0.41521 0.081584 0.059772 -0.42694 -0.18527 0.099336 -0.74312 0.1527 0.12794 -0.74585 -0.17468 0.037283 -0.81544 0.21317 0.13063 -0.81653 0.014974 -0.45197 0.39712
-0.16905 -0.3204 0.31386 0.11939 -0.28316 0.187 -0.029454 -0.33619 0.2308 0.00045928 -0.056275 0.03905 -0.045881 0.050028 -0.031396 0.038863 0.050028 -0.039667 -0.27014 -0.21844 0.09061 0.18878 -0.32691 -0.065603 -0.30621 -0.21458 -0.14343 0.23902 -0.39185 -0.28788 -0.2816 -0.19796 -0.22052 0.2623 -0.40277 -0.36757 -0.098307 0.053043 -0.41681 0.08233 0.060564 -0.42692 -0.15332 0.098488 -0.74594 0.13487 0.12029 -0.75091 -0.14279 0.031162 -0.81779 0.19497 0.11481 -0.82062 0.029601 -0.4763 0.35454
-0.15438 -0.35595 0.31032 0.12176 -0.30024 0.16645 -0.027916 -0.35258 0.20631 0.0013787 -0.05957 0.034177 -0.04618 0.051898 -0.027886 0.036514 0.051898 -0.03975 -0.26036 -0.2641 0.084419 0.20059 -0.33629 -0.084991 -0.2848 -0.26188 -0.15136 0.25238 -0.39807 -0.30781 -0.26195 -0.23888 -0.22772 0.27225 -0.41508 -0.38551 -0.081916 0.038676 -0.41616 0.088819 0.064105 -0.42588 -0.13307 0.09945 -0.73866 0.12269 0.118 -0.75376 -0.1101 0.040748 -0.80326 0.18483 0.10645 -0.82403 0.047644 -0.49678 0.31887
-0.14521 -0.38209 0.30867 0.12381 -0.31358 0.16136 -0.029671 -0.36252 0.19316 -0.00049493 -0.061997 0.030496 -0.045735 0.053743 -0.025866 0.036564 0.053743 -0.037855 -0.24083 -0.29417 0.076503 0.2134 -0.34348 -0.088135 -0.25694 -0.2932 -0.16003 0.25658 -0.4044 -0.31282 -0.23397 -0.26574 -0.23624 0.26097 -0.43319 -0.38783 -0.082144 0.02723 -0.41436 0.098906 0.065138 -0.42285 -0.12172 0.10992 -0.72756 0.12075 0.11325 -0.75282 -0.067078 0.081105 -0.78184 0.18474 0.099373 -0.82525 0.04933 -0.51479 0.2958
-0.16206 -0.38267 0.30838 0.10977 -0.32272 0.16979 -0.04816 -0.35603 0.19436 -0.0051323 -0.061259 0.030165 -0.045114 0.052495 -0.028127 0.040366 0.052495 -0.034571 -0.24468 -0.29356 0.072083 0.19162 -0.34964 -0.081413 -0.25209 -0.29305 -0.1648 0.22785 -0.40706 -0.30852 -0.23391 -0.27096 -0.24204 0.22143 -0.44501 -0.38193 -0.082303 0.033907 -0.41544 0.10051 0.060057 -0.41952 -0.10878 0.111 -0.74119 0.11828 0.096045 -0.75098 -0.029834 0.11476 -0.79359 0.16701 0.074217 -0.82689 0.016771 -0.51691 0.28706
-0.20999 -0.35418 0.30684 0.074314 -0.33021 0.18273 -0.08616 -0.33446 0.20549 -0.011461 -0.057151 0.033519 -0.044532 0.047505 -0.035136 0.047331 0.047505 -0.030879 -0.28936 -0.26297 0.071722 0.12422 -0.35881 -0.075281 -0.28512 -0.26258 -0.16546 0.16099 -0.4085 -0.30453 -0.27976 -0.25889 -0.24499 0.15894 -0.44685 -0.37858 -0.07063 0.065024 -0.42126 0.090483 0.047949 -0.41717 -0.085601 0.10251 -0.78142 0.10982 0.066679 -0.75014 -0.010298 0.12262 -0.84618 0.12133 0.02798 -0.83003 -0.050659 -0.50299 0.28771
-0.24501 -0.33569 0.29603 0.04759 -0.35054 0.17284 -0.11306 -0.33747 0.19992 -0.016125 -0.056628 0.034843 -0.042377 0.04687 -0.039872 0.050895 0.04687 -0.028125 -0.33479 -0.25219 0.060525 0.084976 -0.38684 -0.087784 -0.31974 -0.25424 -0.17604 0.11181 -0.43564 -0.31819 -0.32323 -0.26884 -0.2572 0.11365 -0.46975 -0.39357 -0.058331 0.097175 -0.42591 0.096795 0.035554 -0.41488 -0.052237 0.15173 -0.75987 0.11194 0.057978 -0.74771 0.0019409 0.16154 -0.83648 0.10201 0.01294 -0.82946 -0.10119 -0.51909 0.27374
-0.22247 -0.35657 0.27541 0.059963 -0.38569 0.12486 -0.098237 -0.38776 0.16236 -0.0154 -0.064053 0.029951 -0.038114 0.055899 -0.036349 0.045261 0.055899 -0.028208 -0.33091 -0.29923 0.031869 0.13924 -0.43187 -0.12601 -0.30997 -0.30751 -0.20283 0.13231 -0.49298 -0.35607 -0.30776 -0.3272 -0.28351 0.12314 -0.52312 -0.43196 -0.056686 0.10488 -0.42397 0.1373 0.03193 -0.41191 -0.018566 0.30017 -0.60558 0.13163 0.09538 -0.74101 0.013205 0.27122 -0.67916 0.14712 0.06934 -0.82078 -0.082952 -0.58796 0.23205
-0.13941 -0.36073 0.28486 0.11054 -0.36701 0.097921 -0.041514 -0.39198 0.15213 -0.0058946 -0.064868 0.027502 -0.038011 0.058577 -0.030401 0.033767 0.058577 -0.035308 -0.23257 -0.34121 0.032755 0.23452 -0.39679 -0.13777 -0.21022 -0.35309 -0.2022 0.20063 -0.45575 -0.36645 -0.19796 -0.36689 -0.28264 0.18071 -0.48124 -0.44276 -0.056297 0.079961 -0.41954 0.15302 0.050189 -0.4105 -0.03352 0.40446 -0.4135 0.10975 0.13933 -0.73121 -0.010139 0.33983 -0.47542 0.15817 0.1294 -0.80908 0.0086004 -0.57879 0.2188
-0.012576 -0.28266 0.36327 0.18544 -0.22605 0.15846 0.043846 -0.24865 0.2349 0.013847 -0.042964 0.037783 -0.04852 0.037041 -0.030183 0.022536 0.037041 -0.052497 -0.018585 -0.30144 0.11125 0.29137 -0.18555 -0.06652 0.0041454 -0.30701 -0.12859 0.27346 -0.19793 -0.29355 0.017378 -0.31047 -0.2115 0.26306 -0.21591 -0.37146 -0.044276 0.022317 -0.41853 0.078974 0.10029 -0.41298 -0.14303 0.30045 -0.31008 -0.013985 0.13983 -0.72049 -0.10243 0.23835 -0.36288 0.02466 0.10991 -0.8002 0.15616 -0.35247 0.29605
0.086859 -0.17753 0.4511 0.24323 -0.054527 0.26099 0.11176 -0.055905 0.35684 0.031478 -0.013026 0.054556 -0.062201 0.0073537 -0.034792 0.018178 0.0073537 -0.069392 0.16239 -0.22617 0.20309 0.29191 0.076046 0.044087 0.20093 -0.21911 -0.034112 0.31198 0.12523 -0.18207 0.21493 -0.21249 -0.11676 0.32144 0.11669 -0.26243 -0.027838 -0.046201 -0.41888 -0.022719 0.15925 -0.41557 -0.28283 0.082409 -0.28675 -0.16059 0.11411 -0.71013 -0.21355 0.048574 -0.33481 -0.14764 0.053727 -0.7845 0.28432 -0.051991 0.4143
0.072592 -0.14681 0.45259 0.23532 -0.0041444 0.31572 0.10714 0.011597 0.4173 0.030079 -0.0016228 0.064943 -0.066376 -0.0014534 -0.039438 0.026598 -0.0014534 -0.070939 0.1083 -0.20947 0.20271 0.24742 0.17826 0.11064 0.19742 -0.19146 -0.0075019 0.28371 0.25178 -0.11643 0.22881 -0.17858 -0.079354 0.30167 0.25205 -0.19904 -0.021804 -0.095928 -0.41526 -0.041615 0.19218 -0.41205 -0.34657 -0.051953 -0.27693 -0.19913 0.10683 -0.70065 -0.26137 -0.063805 -0.32228 -0.17126 0.053433 -0.74697 0.30053 0.071548 0.48014
-0.020507 -0.18332 0.37971 0.18043 -0.064699 0.31559 0.049425 -0.041441 0.41121 0.014171 -0.0085987 0.067144 -0.061921 0.0086453 -0.042288 0.042157 0.0086453 -0.060351 -0.084216 -0.24352 0.12775 0.18323 0.1256 0.12311 0.072046 -0.21689 -0.039611 0.2101 0.18687 -0.10608 0.1269 -0.20114 -0.097249 0.22684 0.19076 -0.1886 -0.021602 -0.12452 -0.40649 0.012967 0.20257 -0.40083 -0.3297 -0.083029 -0.2578 -0.14273 0.12297 -0.68864 -0.24372 -0.084318 -0.30011 -0.068342 0.1047 -0.69403 0.22918 0.021275 0.48554
-0.078999 -0.20833 0.3155 0.14103 -0.11905 0.30869 0.0064755 -0.091632 0.39701 0.0022862 -0.01608 0.066788 -0.058612 0.015264 -0.043583 0.051825 0.015264 -0.052777 -0.12643 -0.25365 0.076695 0.13299 0.064511 0.12057 0.071225 -0.21647 -0.056973 0.14746 0.11269 -0.11031 0.12764 -0.19829 -0.11352 0.17011 0.10948 -0.18777 -0.010052 -0.14753 -0.39435 0.052458 0.21888 -0.38357 -0.29523 -0.10923 -0.23629 -0.099688 0.14085 -0.6684 -0.21152 -0.098598 -0.27301 0.00081702 0.1392 -0.64615 0.17103 -0.031315 0.47942
-0.077296 -0.19854 0.29059 0.13185 -0.12537 0.31352 -0.0049526 -0.095085 0.39748 -0.00016963 -0.01726 0.066627 -0.058604 0.012175 -0.044719 0.052992 0.012175 -0.052147 0.016389 -0.22392 0.078109 0.10392 0.051968 0.12065 0.21972 -0.17229 -0.039567 0.1131 0.10121 -0.11053 0.25609 -0.15165 -0.10822 0.14936 0.083249 -0.18019 0.016318 -0.1643 -0.38413 0.040937 0.24288 -0.36504 -0.26702 -0.15183 -0.21553 -0.11261 0.14815 -0.64424 -0.18352 -0.12446 -0.24285 -0.019013 0.13439 -0.61368 0.15523 -0.024077 0.48229
-0.07844 -0.18713 0.28205 0.11947 -0.11896 0.31809 -0.019704 -0.089351 0.39863 -0.0011243 -0.016703 0.066391 -0.056345 0.0095853 -0.048148 0.053537 0.0095853 -0.051017 0.12364 -0.19795 0.089451 0.07696 0.052981 0.11869 0.31968 -0.12848 -0.021741 0.08488 0.11101 -0.11114 0.34292 -0.10739 -0.099328 0.12664 0.082218 -0.17729 0.047009 -0.15803 -0.38436 -0.0030954 0.24964 -0.35292 -0.22886 -0.15364 -0.19443 -0.15638 0.14263 -0.63031 -0.14571 -0.1109 -0.20823 -0.075446 0.11464 -0.59643 0.13832 -0.0070249 0.48529
-0.10806 -0.19077 0.2749 0.091233 -0.12198 0.31622 -0.050272 -0.095222 0.39382 -0.0053914 -0.017392 0.065821 -0.05085 0.01171 -0.053387 0.057474 0.01171 -0.045791 0.098458 -0.19736 0.08547 0.046124 0.046405 0.11389 0.28934 -0.1101 -0.022137 0.054123 0.11305 -0.11379 0.31751 -0.09157 -0.09861 0.088293 0.081771 -0.18266 0.070185 -0.12992 -0.39542 -0.048066 0.23458 -0.34898 -0.18447 -0.10761 -0.17771 -0.19774 0.13081 -0.62986 -0.10443 -0.055625 -0.17371 -0.12051 0.099742 -0.59007 0.10279 -0.0085282 0.48521
-0.13111 -0.19818 0.2693 0.068055 -0.13232 0.31227 -0.072998 -0.1036 0.38953 -0.012335 -0.019239 0.064865 -0.048323 0.012907 -0.055581 0.062452 0.012907 -0.039273 0.042232 -0.20758 0.070957 0.026394 0.037372 0.11253 0.23195 -0.11027 -0.032755 0.034491 0.10384 -0.11462 0.26682 -0.096436 -0.10622 0.059873 0.071778 -0.18656 0.073 -0.10867 -0.40548 -0.046807 0.2248 -0.34612 -0.1693 -0.085257 -0.17898 -0.19588 0.13141 -0.62953 -0.09793 -0.032174 -0.15281 -0.11977 0.099687 -0.58493 0.074015 -0.017918 0.48897
-0.12824 -0.1941 0.26749 0.062774 -0.14293 0.31062 -0.072807 -0.10175 0.3908 -0.018894 -0.020488 0.063879 -0.051653 0.0092498 -0.052836 0.065856 0.0092498 -0.034805 0.031939 -0.21205 0.060089 0.027405 0.034488 0.11836 0.22538 -0.11808 -0.038432 0.036428 0.090061 -0.11093 0.25758 -0.109 -0.11299 0.05898 0.054882 -0.18274 0.054258 -0.11017 -0.40789 0.014374 0.23406 -0.34169 -0.19897 -0.12255 -0.20234 -0.14086 0.15177 -0.62372 -0.13949 -0.075368 -0.15326 -0.068373 0.11551 -0.57728 0.07257 -0.022282 0.49679
-0.12514 -0.15938 0.27364 0.064584 -0.1402 0.31384 -0.059832 -0.07424 0.39714 -0.017636 -0.016272 0.064084 -0.055174 0.0023076 -0.050518 0.065615 0.0023076 -0.035799 0.056064 -0.19628 0.082369 0.04339 0.049365 0.12832 0.25923 -0.11955 -0.012951 0.059388 0.09617 -0.10359 0.28443 -0.11068 -0.09137 0.07884 0.059239 -0.17491 0.03852 -0.11739 -0.40955 0.072937 0.24117 -0.34433 -0.23993 -0.16358 -0.2294 -0.091818 0.17203 -0.62672 -0.18191 -0.12168 -0.16857 -0.023979 0.13035 -0.57734 0.10105 -0.010641 0.49238
-0.14164 -0.09202 0.29175 0.066055 -0.11821 0.32211 -0.044158 -0.021963 0.40566 -0.0049659 -0.0051271 0.066074 -0.054474 -0.004485 -0.052281 0.060791 -0.004485 -0.043482 0.085196 -0.1577 0.14954 0.069546 0.079312 0.13594 0.30009 -0.11149 0.050738 0.099791 0.12601 -0.096943 0.32 -0.097965 -0.031392 0.11083 0.091933 -0.17024 0.040483 -0.1135 -0.41603 0.083066 0.22618 -0.36114 -0.26041 -0.15212 -0.2441 -0.08788 0.17721 -0.64954 -0.18665 -0.11254 -0.19071 -0.025161 0.13154 -0.59395 0.14884 0.011444 0.46847
-0.15791 -0.049199 0.3246 0.081621 -0.099838 0.32834 -0.024484 -0.0018143 0.40774 0.0078924 0.0015803 0.067963 -0.053141 -0.0038869 -0.052774 0.054018 -0.0038869 -0.051739 0.069303 -0.13291 0.20692 0.11117 0.072314 0.1265 0.27671 -0.12835 0.090483 0.14879 0.10625 -0.10558 0.29522 -0.12051 0.0096219 0.15098 0.077998 -0.18305 0.030272 -0.09699 -0.42236 0.08901 0.18878 -0.38893 -0.25666 -0.071793 -0.24823 -0.070336 0.18092 -0.68337 -0.17126 -0.049779 -0.21302 -0.018527 0.1285 -0.62501 0.16902 -0.016211 0.4556
-0.14969 -0.083713 0.3698 0.12586 -0.10903 0.32485 0.0031764 -0.064666 0.39496 0.0099547 -0.0069154 0.067533 -0.055328 0.0094511 -0.046317 0.04812 0.0094511 -0.054524 -0.024854 -0.15704 0.2006 0.1696 -0.017169 0.089559 0.13919 -0.2004 0.048242 0.19464 -0.027133 -0.1404 0.16066 -0.22024 -0.023414 0.19222 -0.049423 -0.22249 -0.019992 -0.070272 -0.42268 0.13527 0.13023 -0.41928 -0.23115 0.074322 -0.24871 0.015475 0.19266 -0.71412 -0.15912 0.048859 -0.23201 0.046474 0.12714 -0.66204 0.12315 -0.14226 0.47994
-0.11303 -0.1607 0.39935 0.19025 -0.14405 0.30878 0.04438 -0.16873 0.3661 0.0076826 -0.024233 0.063549 -0.059368 0.026844 -0.035332 0.043016 0.026844 -0.054203 -0.12034 -0.21508 0.15321 0.21438 -0.14697 0.046111 -0.0093079 -0.29503 -0.036909 0.21634 -0.20539 -0.18178 0.014918 -0.3407 -0.1004 0.20628 -0.22519 -0.26277 -0.079051 -0.039469 -0.41787 0.16927 0.038766 -0.42757 -0.18839 0.22511 -0.26003 0.096107 0.16953 -0.72215 -0.14271 0.14873 -0.25955 0.10505 0.090994 -0.67528 0.056803 -0.29544 0.50394
-0.05628 -0.22086 0.38313 0.25517 -0.19407 0.28085 0.098846 -0.24778 0.32401 0.011232 -0.039353 0.05552 -0.061958 0.036485 -0.024817 0.038179 0.036485 -0.054967 -0.12298 -0.27472 0.10857 0.2097 -0.25166 0.023974 -0.039307 -0.36157 -0.10086 0.19268 -0.32689 -0.20323 -0.017841 -0.40103 -0.16818 0.1628 -0.35061 -0.27136 -0.102 -0.010965 -0.41122 0.1189 -0.094383 -0.38971 -0.13522 0.31082 -0.29601 0.073909 0.065241 -0.68939 -0.10817 0.21489 -0.30914 0.070662 -0.017717 -0.63501 0.03151 -0.37755 0.4783
-0.035386 -0.23856 0.34197 0.27147 -0.24218 0.25808 0.11364 -0.2829 0.2861 0.014357 -0.049004 0.046467 -0.061885 0.038506 -0.019281 0.037213 0.038506 -0.053487 -0.092486 -0.29585 0.08002 0.16083 -0.3092 0.022878 -0.015474 -0.36898 -0.13374 0.12596 -0.37546 -0.20309 -0.00037568 -0.38292 -0.2119 0.071466 -0.40444 -0.25407 -0.090267 0.016651 -0.40775 0.012224 -0.21754 -0.3293 -0.092626 0.34639 -0.34477 -0.0041122 -0.052975 -0.62571 -0.072372 0.25543 -0.36687 -0.012564 -0.13364 -0.56959 0.014742 -0.39002 0.42824
-0.12003 -0.208 0.31904 0.18407 -0.2692 0.26304 0.019922 -0.2797 0.27486 0.0042015 -0.053798 0.040857 -0.059118 0.038691 -0.022406 0.044941 0.038691 -0.043618 -0.15291 -0.2406 0.065395 0.094593 -0.31964 0.028781 -0.085203 -0.3006 -0.15215 0.032899 -0.37688 -0.19218 -0.074801 -0.30175 -0.23606 -0.036173 -0.40441 -0.23488 -0.067479 0.047175 -0.41257 -0.075752 -0.25631 -0.29045 -0.086523 0.38339 -0.38414 -0.027064 -0.071398 -0.55395 -0.065573 0.2961 -0.40832 -0.042622 -0.14948 -0.5321 -0.063833 -0.38182 0.41171
-0.24371 -0.1679 0.31675 0.058707 -0.26637 0.28293 -0.11014 -0.26062 0.28341 -0.011213 -0.055065 0.039074 -0.055693 0.039354 -0.02971 0.05473 0.039354 -0.031871 -0.26393 -0.15601 0.057052 0.055661 -0.2912 0.029165 -0.21105 -0.20506 -0.16778 -0.030518 -0.35323 -0.18331 -0.20106 -0.21098 -0.25049 -0.099677 -0.37741 -0.22687 -0.048045 0.063969 -0.42022 -0.1054 -0.23613 -0.27375 -0.11497 0.39988 -0.42502 0.009663 -0.010173 -0.48462 -0.092723 0.31201 -0.45175 -0.010906 -0.08408 -0.52055 -0.15321 -0.37767 0.42931
-0.24588 -0.18692 0.3083 0.044479 -0.23342 0.28024 -0.10714 -0.25927 0.28399 -0.0093689 -0.054636 0.038543 -0.05501 0.040246 -0.031061 0.052118 0.040246 -0.033428 -0.26983 -0.14768 0.043845 0.098738 -0.23853 0.013321 -0.22532 -0.17588 -0.1881 0.016318 -0.32372 -0.19005 -0.21087 -0.18932 -0.26821 -0.041816 -0.35636 -0.23458 -0.039216 0.036949 -0.41799 -0.064823 -0.25215 -0.24921 -0.15558 0.32332 -0.5011 0.034251 0.01559 -0.42014 -0.13976 0.24422 -0.54462 0.023673 -0.04602 -0.49453 -0.11865 -0.3839 0.4404
-0.12663 -0.26298 0.28808 0.14634 -0.19129 0.25245 0.027006 -0.2825 0.26956 0.0090809 -0.054171 0.037933 -0.056555 0.041738 -0.025511 0.038394 0.041738 -0.046478 -0.1648 -0.2197 0.026427 0.20041 -0.18966 -0.012933 -0.118 -0.22721 -0.20802 0.144 -0.30836 -0.20745 -0.095107 -0.24629 -0.28516 0.09988 -0.35971 -0.24959 -0.041442 -0.022051 -0.40626 0.018596 -0.30122 -0.22612 -0.18694 0.17568 -0.60358 0.02736 -0.013271 -0.39027 -0.18291 0.11954 -0.6753 0.039221 -0.060008 -0.47148 0.025712 -0.39727 0.433
-0.060203 -0.31755 0.27391 0.2129 -0.18306 0.23513 0.10481 -0.30809 0.25579 0.018362 -0.055102 0.037339 -0.05562 0.044888 -0.022088 0.031873 0.044888 -0.050867 -0.10626 -0.26602 0.018113 0.2538 -0.18619 -0.026205 -0.051084 -0.28688 -0.2092 0.20531 -0.32768 -0.21084 -0.018085 -0.31644 -0.27909 0.16532 -0.38991 -0.25 -0.048038 -0.056155 -0.39966 0.076324 -0.27356 -0.25633 -0.18956 0.081085 -0.6777 0.027826 -0.01076 -0.45352 -0.18891 0.056962 -0.76836 0.055219 -0.058426 -0.53114 0.10472 -0.40469 0.42701
-0.11079 -0.31501 0.27128 0.18123 -0.21293 0.24416 0.055281 -0.31988 0.25309 0.0094859 -0.056793 0.037541 -0.051714 0.048302 -0.024578 0.039246 0.048302 -0.040701 -0.15386 -0.24159 0.020753 0.22419 -0.22321 -0.016893 -0.084968 -0.31258 -0.18927 0.15534 -0.36995 -0.19074 -0.041237 -0.35516 -0.24661 0.10871 -0.42887 -0.22884 -0.053717 -0.044323 -0.4041 0.078747 -0.14158 -0.34596 -0.16385 0.085984 -0.70062 0.04844 0.055989 -0.60348 -0.15453 0.094744 -0.79241 0.073267 -0.0046292 -0.68035 0.057072 -0.39627 0.43425
-0.15384 -0.29411 0.26423 0.14156 -0.22163 0.26101 0.0074173 -0.31368 0.26164 0.0021481 -0.055339 0.04029 -0.051377 0.046636 -0.02765 0.047371 0.046636 -0.034203 -0.19875 -0.20713 0.016984 0.19823 -0.22076 0.0012603 -0.10493 -0.31648 -0.17225 0.1213 -0.37218 -0.16347 -0.048621 -0.35697 -0.21583 0.075735 -0.42721 -0.20393 -0.055992 -0.026077 -0.41059 0.061431 -0.016843 -0.42508 -0.14164 0.1052 -0.70398 0.055991 0.127 -0.72837 -0.12507 0.13546 -0.79132 0.063296 0.081371 -0.80516 0.015292 -0.36798 0.45115
-0.11301 -0.28272 0.24578 0.15439 -0.17803 0.27192 0.041982 -0.29086 0.27957 0.0081948 -0.049063 0.046049 -0.057354 0.037819 -0.028302 0.047605 0.037819 -0.042006 -0.17193 -0.20249 -0.0006277 0.22647 -0.14518 0.016893 -0.044443 -0.3118 -0.17072 0.17447 -0.30995 -0.14266 0.025196 -0.32926 -0.20396 0.14594 -0.36892 -0.1889 -0.054489 -0.026036 -0.41338 0.053689 0.02664 -0.44766 -0.14083 0.083709 -0.71337 0.035461 0.15923 -0.75802 -0.12654 0.11797 -0.80004 0.019096 0.16928 -0.8338 0.059492 -0.32353 0.47329
-0.067016 -0.26705 0.23495 0.17679 -0.13174 0.28176 0.08218 -0.26352 0.30226 0.014658 -0.042302 0.052004 -0.061843 0.028429 -0.031035 0.046249 0.028429 -0.051509 -0.13521 -0.1954 -0.011757 0.24745 -0.089155 0.029287 0.010853 -0.30267 -0.1643 0.21635 -0.26171 -0.13021 0.087507 -0.30175 -0.19554 0.2005 -0.3242 -0.18211 -0.053287 -0.020394 -0.41762 0.056069 0.03395 -0.44073 -0.13935 0.066293 -0.72844 0.024991 0.16971 -0.74406 -0.12862 0.096474 -0.81638 -0.0019149 0.2163 -0.8208 0.10357 -0.28377 0.49731
-0.087038 -0.23329 0.24675 0.16684 -0.12542 0.29551 0.057787 -0.24094 0.32537 0.0099731 -0.038739 0.055738 -0.058625 0.024121 -0.039173 0.049319 0.024121 -0.051315 -0.14623 -0.15657 -0.00034523 0.20995 -0.12371 0.039179 -0.013281 -0.29101 -0.13673 0.16471 -0.28768 -0.12465 0.059796 -0.29674 -0.17529 0.14038 -0.34607 -0.17819 -0.05508 0.011193 -0.42729 0.064724 0.053199 -0.43442 -0.11791 0.093477 -0.74481 0.05487 0.17907 -0.74054 -0.10433 0.12123 -0.83297 0.042673 0.19648 -0.82177 0.071274 -0.26361 0.52051
-0.13378 -0.18999 0.26767 0.14159 -0.13325 0.30853 0.0068109 -0.2163 0.3472 0.0009758 -0.036455 0.058063 -0.052901 0.022533 -0.047739 0.053803 0.022533 -0.046852 -0.17736 -0.10639 0.019208 0.15996 -0.17314 0.04697 -0.068031 -0.27562 -0.1044 0.08788 -0.32634 -0.11861 1.1897e-05 -0.29752 -0.1461 0.045065 -0.37864 -0.16623 -0.055119 0.050527 -0.4363 0.075093 0.079955 -0.43126 -0.088738 0.1368 -0.75703 0.098237 0.189 -0.74557 -0.069018 0.16647 -0.84356 0.10632 0.15209 -0.82887 0.011179 -0.24699 0.54196
-0.15307 -0.14935 0.28084 0.12711 -0.1212 0.31542 -0.017857 -0.18201 0.36647 -0.0030645 -0.032811 0.060292 -0.051243 0.02005 -0.051037 0.055515 0.02005 -0.045885 -0.18938 -0.071388 0.02926 0.15341 -0.14922 0.053195 -0.089472 -0.2553 -0.086724 0.070606 -0.30545 -0.10527 -0.018192 -0.28269 -0.11511 0.014882 -0.35677 -0.13822 -0.048448 0.074984 -0.43776 0.083249 0.099806 -0.42803 -0.068095 0.1591 -0.76066 0.12188 0.19695 -0.74664 -0.043828 0.19497 -0.84381 0.13368 0.13247 -0.82423 -0.012202 -0.21551 0.56091
-0.15025 -0.11543 0.28785 0.12377 -0.09817 0.31893 -0.019756 -0.14701 0.38125 -0.0030174 -0.028393 0.06239 -0.053136 0.016354 -0.050126 0.055362 0.016354 -0.047549 -0.18791 -0.048228 0.033462 0.17572 -0.084251 0.059631 -0.088204 -0.23311 -0.077583 0.094951 -0.25059 -0.088697 -0.0097921 -0.25482 -0.089868 0.036054 -0.30485 -0.10982 -0.03865 0.087037 -0.4334 0.089818 0.11 -0.42473 -0.054332 0.16371 -0.7581 0.131 0.20108 -0.74369 -0.027802 0.20325 -0.83887 0.13524 0.13801 -0.81561 -0.0065288 -0.17782 0.57564
-0.14938 -0.088998 0.29581 0.12341 -0.085543 0.32396 -0.020476 -0.12411 0.38977 -0.0029752 -0.024752 0.063908 -0.055688 0.012275 -0.048297 0.055789 0.012275 -0.048289 -0.19231 -0.024116 0.041682 0.19051 -0.046077 0.067895 -0.097412 -0.21295 -0.063607 0.11105 -0.21636 -0.076353 -0.016411 -0.22453 -0.076893 0.057967 -0.27347 -0.10213 -0.031863 0.09715 -0.42774 0.096652 0.1122 -0.42243 -0.040392 0.16692 -0.75398 0.14244 0.20011 -0.7408 -0.013064 0.19976 -0.83652 0.14157 0.15205 -0.81765 -0.0023163 -0.15027 0.58449
-0.15312 -0.067667 0.30301 0.12284 -0.08028 0.32849 -0.023881 -0.10809 0.39427 -0.0036504 -0.021815 0.064942 -0.057231 0.0085201 -0.047369 0.056774 0.0085201 -0.047938 -0.20185 0.0036483 0.051696 0.19042 -0.037665 0.074146 -0.11543 -0.19286 -0.047779 0.10984 -0.2061 -0.071595 -0.036207 -0.19796 -0.071697 0.062925 -0.26318 -0.10881 -0.029915 0.10758 -0.42328 0.10208 0.11055 -0.42126 -0.027853 0.17235 -0.75074 0.15524 0.19608 -0.73942 -0.00021804 0.19242 -0.8374 0.15334 0.16066 -0.8252 -0.005245 -0.13148 0.5893
-0.15324 -0.04757 0.30387 0.12178 -0.067215 0.32743 -0.024545 -0.085016 0.39887 -0.0039899 -0.018696 0.065863 -0.056845 0.0056833 -0.048284 0.057037 0.0056833 -0.048075 -0.20578 0.032219 0.055701 0.18367 -0.028642 0.072418 -0.12312 -0.1682 -0.040782 0.10392 -0.19689 -0.074772 -0.045458 -0.17851 -0.064111 0.051692 -0.24916 -0.10958 -0.032236 0.11626 -0.42132 0.10282 0.11029 -0.42086 -0.022526 0.17695 -0.74959 0.15949 0.1926 -0.73958 0.0059429 0.18846 -0.83845 0.15609 0.15241 -0.82335 -0.0079295 -0.11113 0.59363
-0.15021 -0.028337 0.306 0.12371 -0.046559 0.32656 -0.020571 -0.056121 0.40408 -0.0036842 -0.015329 0.066745 -0.054946 0.0037742 -0.050591 0.056279 0.0037742 -0.049139 -0.20553 0.056723 0.060135 0.1791 -0.011558 0.069308 -0.12067 -0.1425 -0.036584 0.1024 -0.18496 -0.073697 -0.042707 -0.16439 -0.047115 0.037647 -0.22996 -0.095947 -0.036905 0.12236 -0.4215 0.099759 0.11226 -0.42104 -0.023866 0.17988 -0.7502 0.15521 0.19095 -0.74083 0.006242 0.18913 -0.8386 0.14892 0.13187 -0.81141 -0.0069643 -0.087469 0.59832
-0.15134 -0.012295 0.3268 0.13476 -0.03052 0.3397 -0.012983 -0.034412 0.40757 -0.0030266 -0.012295 0.067428 -0.052987 0.0023376 -0.052766 0.054988 0.0023376 -0.05065 -0.21194 0.070993 0.082043 0.18551 0.0028415 0.080777 -0.1233 -0.12539 -0.01654 0.11119 -0.18155 -0.047196 -0.043937 -0.14982 -0.016666 0.043306 -0.22237 -0.069232 -0.041008 0.12611 -0.4222 0.097034 0.11391 -0.42175 -0.026364 0.18209 -0.75103 0.15024 0.19052 -0.74234 0.0058741 0.191 -0.83835 0.14161 0.11598 -0.79985 -0.0022539 -0.065525 0.60206
-0.15663 0.0010425 0.36044 0.15145 -0.0223 0.36272 -0.0044932 -0.022654 0.40865 -0.0022995 -0.0097971 0.067865 -0.051823 0.00095356 -0.053962 0.053589 0.00095356 -0.052174 -0.22509 0.077474 0.1158 0.20004 0.011389 0.10345 -0.13394 -0.11716 0.015969 0.12756 -0.18658 -0.0031985 -0.052812 -0.13245 0.017889 0.068658 -0.22749 -0.041029 -0.043596 0.12795 -0.4224 0.096124 0.11368 -0.42287 -0.027755 0.18415 -0.75114 0.14776 0.19086 -0.7436 0.0064303 0.19175 -0.8379 0.13816 0.11107 -0.7934 0.004656 -0.048047 0.60406
-0.1574 0.01549 0.37399 0.15913 -0.014248 0.37053 0.00034298 -0.011351 0.40868 -0.0017514 -0.0075832 0.06815 -0.051566 -0.00073773 -0.054164 0.05241 -0.00073773 -0.053361 -0.23229 0.088573 0.12923 0.20638 0.020304 0.11129 -0.14072 -0.10703 0.031654 0.13888 -0.18635 0.016425 -0.058113 -0.11411 0.031838 0.087272 -0.22762 -0.034406 -0.046033 0.12858 -0.42185 0.09531 0.11136 -0.42423 -0.029714 0.18622 -0.75033 0.14525 0.19175 -0.74443 0.0051728 0.19046 -0.83707 0.13539 0.11073 -0.7897 0.010432 -0.034877 0.60424
-0.14982 0.032386 0.35373 0.15165 -0.0022258 0.35263 -0.00019402 0.0042173 0.40859 -0.0014697 -0.0055253 0.068352 -0.052049 -0.0027609 -0.053612 0.051618 -0.0027609 -0.054055 -0.22553 0.10675 0.10853 0.19768 0.032848 0.093252 -0.13568 -0.092286 0.0164 0.13907 -0.17422 -0.0062667 -0.052779 -0.099899 0.013746 0.085414 -0.21404 -0.056486 -0.04934 0.12843 -0.42067 0.0934 0.1075 -0.42559 -0.033549 0.18827 -0.74879 0.14086 0.19319 -0.74478 0.0005028 0.18746 -0.8359 0.1311 0.11064 -0.78692 0.013317 -0.025258 0.603
-0.13922 0.048468 0.32166 0.13859 0.010797 0.32569 -0.0027603 0.019346 0.40847 -0.0012689 -0.0037553 0.068484 -0.052691 -0.0045689 -0.052904 0.051114 -0.0045689 -0.054423 -0.20613 0.11637 0.074125 0.18476 0.046268 0.066339 -0.1191 -0.08511 -0.015239 0.13432 -0.15699 -0.044673 -0.038365 -0.1001 -0.023454 0.073804 -0.19536 -0.085794 -0.053711 0.12751 -0.41964 0.090423 0.10397 -0.42674 -0.039546 0.19006 -0.74732 0.13443 0.19546 -0.74484 -0.0067939 0.18511 -0.83488 0.12541 0.11122 -0.78482 0.014445 -0.017676 0.60152
-0.13184 0.060022 0.30332 0.13111 0.021147 0.30907 -0.0035112 0.0284 0.40833 -0.00093636 -0.0024313 0.068555 -0.052872 -0.0055582 -0.052673 0.05077 -0.0055582 -0.054664 -0.17632 0.10001 0.049844 0.18019 0.057218 0.050328 -0.092046 -0.09917 -0.045875 0.13201 -0.14284 -0.067788 -0.017277 -0.12554 -0.06442 0.065575 -0.18188 -0.098031 -0.059263 0.12577 -0.4196 0.086529 0.10271 -0.42741 -0.047893 0.19133 -0.74678 0.12596 0.19888 -0.74477 -0.015696 0.18596 -0.83454 0.11869 0.11342 -0.78333 0.015236 -0.010544 0.60104
-0.13389 0.063333 0.32426 0.14037 0.025153 0.32212 0.0013979 0.025743 0.40816 -0.00025926 -0.0017109 0.068575 -0.05197 -0.005125 -0.053552 0.05046 -0.005125 -0.054978 -0.13834 0.040243 0.059504 0.19654 0.062349 0.064998 -0.055592 -0.14813 -0.058121 0.13954 -0.1399 -0.044608 0.0080797 -0.18702 -0.093807 0.073863 -0.18391 -0.068893 -0.066111 0.12315 -0.42137 0.081869 0.1057 -0.42737 -0.058775 0.19184 -0.74805 0.11547 0.20376 -0.74477 -0.025181 0.19254 -0.83541 0.11131 0.11814 -0.78235 0.017109 -0.0022744 0.60279
