-0.1385 -0.0076754 0.32114 0.13792 -0.018346 0.3239 -0.0017088 -0.029394 0.40816 -0.00071068 -0.0077055 0.068159 -0.053145 0.002391 -0.052583 0.052274 0.002391 -0.053449 -0.3618 -0.0095015 0.17698 0.30605 -0.010285 0.11819 -0.55219 -0.11093 0.078842 0.5171 -0.078193 0.034438 -0.62953 -0.13835 0.068525 0.54458 -0.078918 -0.043558 -0.10075 0.083909 -0.43078 0.048206 0.078948 -0.43564 -0.12726 0.16313 -0.75406 0.012619 0.17116 -0.75457 -0.1356 0.082969 -0.80167 0.00072143 0.10473 -0.81942 0.012299 -0.075353 0.59949
-0.1388 -0.0079127 0.32269 0.13793 -0.018906 0.32267 -0.001075 -0.030031 0.40814 -0.00033919 -0.0078953 0.068142 -0.053146 0.0023081 -0.052619 0.052246 0.0023081 -0.053481 -0.38581 -0.016078 0.21246 0.35293 -0.028365 0.15739 -0.59463 -0.11498 0.1754 0.591 -0.093822 0.11465 -0.67953 -0.13377 0.17465 0.65487 -0.093378 0.079934 -0.098956 0.082093 -0.43146 0.049239 0.07804 -0.43585 -0.1258 0.16097 -0.75479 0.013278 0.16794 -0.7554 -0.13394 0.080842 -0.80248 -0.0043381 0.10884 -0.81823 0.011129 -0.074094 0.59994
-0.13983 -0.0078675 0.3254 0.13921 -0.018475 0.32373 -0.00043483 -0.029733 0.40816 -9.9505e-05 -0.0078532 0.068148 -0.052797 0.0021317 -0.052972 0.052217 0.0021317 -0.053517 -0.40009 -0.02525 0.25489 0.38321 -0.04404 0.20787 -0.61384 -0.12213 0.27106 0.62485 -0.10965 0.20912 -0.69874 -0.13653 0.28222 0.7035 -0.11017 0.20961 -0.095817 0.080195 -0.43249 0.050732 0.077274 -0.43601 -0.1229 0.15873 -0.75589 0.014742 0.16551 -0.75602 -0.13058 0.078591 -0.80364 -0.0027175 0.10215 -0.81342 0.0097163 -0.072249 0.60043
-0.14132 -0.0077039 0.32912 0.1416 -0.017385 0.32673 0.00030464 -0.028728 0.40822 4.799e-05 -0.0076375 0.068171 -0.052221 0.0018816 -0.053531 0.0522 0.0018816 -0.053542 -0.4057 -0.036256 0.30186 0.39922 -0.057634 0.26572 -0.61326 -0.13155 0.36392 0.62683 -0.1255 0.31177 -0.69275 -0.14487 0.38817 0.70421 -0.12848 0.34003 -0.091757 0.078247 -0.43374 0.052546 0.076621 -0.43611 -0.11903 0.15644 -0.75721 0.016785 0.16377 -0.75645 -0.12602 0.076262 -0.80499 0.0030782 0.089588 -0.8068 0.0082761 -0.070031 0.60092
-0.14299 -0.0075858 0.33369 0.14491 -0.015971 0.33129 0.0012365 -0.027243 0.40831 0.00014293 -0.0073063 0.068205 -0.051538 0.0015778 -0.054181 0.052208 0.0015778 -0.053543 -0.40367 -0.048334 0.35096 0.4033 -0.069473 0.327 -0.59633 -0.14243 0.45211 0.60508 -0.14117 0.41652 -0.66711 -0.15707 0.48941 0.67071 -0.14747 0.46577 -0.087198 0.076284 -0.43508 0.054544 0.076051 -0.43615 -0.11465 0.15413 -0.75861 0.01918 0.1626 -0.7567 -0.12077 0.073901 -0.80643 0.010544 0.076055 -0.80017 0.007024 -0.067653 0.60134
-0.14457 -0.0076772 0.33894 0.14898 -0.014564 0.33706 0.0024537 -0.025507 0.4084 0.00022493 -0.0069178 0.068244 -0.050873 0.0012401 -0.05481 0.052253 0.0012401 -0.053507 -0.39506 -0.060721 0.39979 0.3978 -0.079881 0.38778 -0.56651 -0.15392 0.53373 0.56779 -0.15648 0.51727 -0.62743 -0.17136 0.58286 0.61673 -0.16631 0.58138 -0.082562 0.074336 -0.43636 0.056587 0.075535 -0.43613 -0.11022 0.15184 -0.75996 0.021702 0.16188 -0.75678 -0.11534 0.071556 -0.8078 0.017175 0.066468 -0.79533 0.0061756 -0.065329 0.60167
-0.14578 -0.0081422 0.3447 0.15364 -0.013497 0.34366 0.0040493 -0.023748 0.4085 0.00033364 -0.0065303 0.068283 -0.050347 0.00088837 -0.055306 0.052348 0.00088837 -0.053421 -0.38093 -0.072655 0.44593 0.38506 -0.089182 0.44413 -0.52724 -0.16522 0.60689 0.5231 -0.17124 0.60794 -0.57926 -0.18602 0.66546 0.55599 -0.18418 0.68144 -0.07827 0.072439 -0.43745 0.058536 0.075044 -0.43605 -0.10622 0.1496 -0.76111 0.024124 0.1615 -0.75672 -0.11022 0.069272 -0.80899 0.020467 0.065739 -0.79409 0.0059464 -0.063273 0.60186
-0.14635 -0.0091446 0.35081 0.15872 -0.013104 0.35072 0.0061162 -0.022193 0.40859 0.00050867 -0.006202 0.068314 -0.050083 0.00054253 -0.055556 0.052505 0.00054253 -0.053272 -0.36232 -0.083374 0.48697 0.36741 -0.097702 0.49212 -0.48196 -0.1755 0.66972 0.47919 -0.18526 0.68244 -0.52819 -0.19929 0.73413 0.50222 -0.20025 0.7605 -0.074743 0.070624 -0.43821 0.060253 0.074549 -0.4359 -0.1031 0.14744 -0.76192 0.02622 0.16136 -0.75652 -0.10593 0.067097 -0.80986 0.017914 0.078781 -0.79826 0.0065518 -0.061696 0.60185
-0.14629 -0.010694 0.357 0.16381 -0.013557 0.35799 0.0084746 -0.020943 0.40866 0.00074898 -0.0059596 0.068336 -0.050144 0.00021492 -0.055503 0.052737 0.00021492 -0.053047 -0.3405 -0.092237 0.5211 0.34707 -0.10555 0.52912 -0.43356 -0.18413 0.72067 0.44113 -0.1982 0.73649 -0.47822 -0.20984 0.78683 0.4638 -0.21383 0.81518 -0.072262 0.068914 -0.43857 0.061633 0.073998 -0.4357 -0.10112 0.14538 -0.76232 0.027868 0.16132 -0.75621 -0.10276 0.065061 -0.81034 0.0084609 0.10707 -0.80843 0.0078638 -0.060663 0.60167
-0.14664 -0.012265 0.36264 0.16771 -0.014472 0.36557 0.0099978 -0.019655 0.40872 0.00091252 -0.0057201 0.068355 -0.050388 -0.00010818 -0.055278 0.053053 -0.00010818 -0.052732 -0.31748 -0.099023 0.5485 0.32579 -0.1121 0.55695 -0.3829 -0.19114 0.75947 0.40331 -0.2092 0.77201 -0.42791 -0.2177 0.82515 0.43067 -0.22465 0.8492 -0.070621 0.067296 -0.43868 0.062684 0.073267 -0.43545 -0.099798 0.14343 -0.76248 0.029299 0.16126 -0.75582 -0.1003 0.063138 -0.81058 -0.0039221 0.14018 -0.82111 0.0085624 -0.059712 0.60152
-0.14867 -0.013215 0.36701 0.16903 -0.015344 0.37365 0.0093537 -0.017889 0.40878 0.00082664 -0.0053772 0.068382 -0.050631 -0.00044616 -0.055055 0.053462 -0.00044616 -0.052314 -0.29546 -0.1036 0.56978 0.30521 -0.11656 0.57843 -0.33043 -0.19672 0.78613 0.35778 -0.21726 0.79229 -0.37462 -0.22321 0.85144 0.38873 -0.23254 0.86781 -0.069506 0.06575 -0.43873 0.063442 0.072216 -0.43515 -0.098512 0.14157 -0.76262 0.030827 0.16106 -0.75536 -0.097994 0.061291 -0.81074 -0.014175 0.16508 -0.8319 0.0070694 -0.058269 0.60166
-0.15351 -0.012942 0.36948 0.16651 -0.015684 0.38239 0.0053245 -0.015234 0.40886 0.00033207 -0.0048267 0.068425 -0.050699 -0.0008176 -0.054995 0.053971 -0.0008176 -0.051781 -0.27651 -0.10589 0.58561 0.28687 -0.11822 0.59627 -0.27673 -0.20101 0.80079 0.29725 -0.22147 0.80068 -0.316 -0.22667 0.8681 0.32487 -0.23738 0.87625 -0.068622 0.064253 -0.43891 0.063943 0.070713 -0.43483 -0.096661 0.13979 -0.76293 0.03274 0.16059 -0.75488 -0.095299 0.059485 -0.811 -0.01749 0.1695 -0.83658 0.0020059 -0.055819 0.60229
-0.16062 -0.011528 0.37061 0.16084 -0.01527 0.3914 -0.0013922 -0.011735 0.40894 -0.00050621 -0.0040047 0.068478 -0.050627 -0.0012273 -0.055062 0.054568 -0.0012273 -0.051142 -0.26099 -0.10639 0.59718 0.27036 -0.11764 0.61176 -0.22433 -0.20372 0.80622 0.22522 -0.22195 0.80162 -0.25431 -0.22823 0.87781 0.24206 -0.23942 0.8789 -0.06792 0.062787 -0.43918 0.06427 0.06883 -0.43447 -0.094277 0.13809 -0.7634 0.034991 0.15986 -0.75437 -0.092247 0.057744 -0.81138 -0.013299 0.15331 -0.83446 -0.004663 -0.052799 0.60297
-0.168 -0.0096156 0.37195 0.15439 -0.014103 0.39982 -0.0085097 -0.0078196 0.40901 -0.0014372 -0.0028812 0.068524 -0.050623 -0.0016689 -0.055055 0.055225 -0.0016689 -0.050421 -0.24778 -0.10616 0.60613 0.25362 -0.11645 0.62498 -0.1774 -0.20413 0.80735 0.15418 -0.21968 0.80049 -0.19567 -0.22786 0.88352 0.15666 -0.23926 0.87948 -0.06756 0.06133 -0.43936 0.064543 0.066798 -0.43404 -0.091909 0.13646 -0.76378 0.037246 0.15899 -0.75379 -0.089333 0.056136 -0.81177 -0.0045498 0.12649 -0.8277 -0.0081971 -0.050445 0.60269
-0.17363 -0.0078683 0.37512 0.14955 -0.012187 0.40681 -0.013694 -0.0039263 0.40905 -0.0022042 -0.0014268 0.068546 -0.0509 -0.0021354 -0.054767 0.05591 -0.0021354 -0.049644 -0.23577 -0.10623 0.61412 0.23458 -0.11631 0.63601 -0.14017 -0.20154 0.80919 0.096878 -0.21567 0.80267 -0.1463 -0.22551 0.88817 0.085405 -0.23751 0.88171 -0.067711 0.059862 -0.43924 0.064881 0.064856 -0.43354 -0.090122 0.13489 -0.76383 0.039165 0.1581 -0.75313 -0.087066 0.054731 -0.81206 0.0057042 0.099337 -0.81856 -0.0037741 -0.050012 0.60044
-0.17623 -0.0067245 0.38096 0.14785 -0.009712 0.41186 -0.01549 -0.00043047 0.40905 -0.002654 0.00031172 0.06853 -0.051564 -0.0026002 -0.054099 0.056569 -0.0026002 -0.048875 -0.22432 -0.10717 0.62233 0.21296 -0.11799 0.6449 -0.11559 -0.19585 0.81529 0.062614 -0.21067 0.81172 -0.11093 -0.22143 0.8941 0.040517 -0.23457 0.88823 -0.068445 0.058443 -0.43872 0.065322 0.063198 -0.43298 -0.089272 0.13345 -0.76342 0.040507 0.1573 -0.7524 -0.085784 0.053628 -0.81217 0.014745 0.080209 -0.80936 0.010654 -0.052173 0.59582
-0.1768 -0.0059493 0.38814 0.1481 -0.0074184 0.41549 -0.015099 0.0024814 0.40902 -0.0029449 0.0020586 0.068486 -0.052393 -0.0029779 -0.053273 0.057057 -0.0029779 -0.048288 -0.21425 -0.10811 0.6305 0.19397 -0.11965 0.6518 -0.10276 -0.1888 0.82489 0.050334 -0.20469 0.82575 -0.089794 -0.21673 0.90177 0.02055 -0.23016 0.89849 -0.069551 0.057368 -0.43799 0.065654 0.061883 -0.43256 -0.089077 0.13242 -0.76277 0.041321 0.15671 -0.7518 -0.085304 0.053008 -0.81215 0.020868 0.07167 -0.80258 0.028778 -0.055841 0.5904
-0.17679 -0.005182 0.39492 0.14866 -0.0061496 0.41845 -0.014217 0.0046582 0.40896 -0.0032936 0.0034953 0.068423 -0.053105 -0.0031715 -0.052572 0.057219 -0.0031715 -0.048079 -0.20669 -0.10791 0.63808 0.18384 -0.11894 0.65685 -0.10009 -0.18251 0.83641 0.057035 -0.19757 0.84181 -0.082278 -0.21266 0.91131 0.0215 -0.22391 0.91135 -0.070766 0.056979 -0.4373 0.065616 0.060945 -0.43248 -0.089138 0.13212 -0.76212 0.041715 0.15642 -0.75155 -0.085348 0.053069 -0.81209 0.02256 0.075194 -0.80071 0.04272 -0.059596 0.58605
-0.17755 -0.0040843 0.39965 0.14796 -0.0066635 0.42142 -0.014439 0.0059663 0.40887 -0.0038966 0.0043269 0.068355 -0.053435 -0.0030933 -0.052262 0.056911 -0.0030933 -0.048427 -0.2028 -0.10549 0.64453 0.18833 -0.11367 0.66016 -0.10619 -0.17887 0.84826 0.07978 -0.18916 0.85702 -0.08791 -0.21031 0.9227 0.039572 -0.21544 0.9256 -0.071834 0.057587 -0.43687 0.06497 0.060414 -0.43293 -0.08907 0.13282 -0.76172 0.041795 0.15655 -0.75185 -0.085639 0.053988 -0.81207 0.018503 0.091927 -0.80596 0.045165 -0.062102 0.58455
-0.17926 -0.002637 0.40212 0.14594 -0.008533 0.42421 -0.015947 0.0065151 0.40877 -0.0046705 0.00459 0.06829 -0.053339 -0.0027786 -0.052381 0.056198 -0.0027786 -0.049254 -0.20442 -0.10099 0.64905 0.20653 -0.10397 0.66139 -0.1227 -0.17716 0.85882 0.11655 -0.17905 0.86916 -0.10816 -0.20852 0.93437 0.073938 -0.20415 0.939 -0.072619 0.059066 -0.43675 0.063769 0.060273 -0.43384 -0.088678 0.13443 -0.76164 0.041673 0.15707 -0.75263 -0.085935 0.05566 -0.81212 0.010101 0.11845 -0.81659 0.036629 -0.063153 0.58579
-0.18123 -0.0010542 0.40317 0.14367 -0.010463 0.42601 -0.017884 0.0065922 0.40869 -0.0053272 0.0045636 0.068241 -0.052937 -0.0023534 -0.052801 0.055296 -0.0023534 -0.050295 -0.21383 -0.095375 0.65064 0.23265 -0.091631 0.65985 -0.15347 -0.17473 0.86641 0.16597 -0.16667 0.87649 -0.14591 -0.20447 0.9436 0.12594 -0.18933 0.94857 -0.073072 0.060976 -0.43689 0.062277 0.060468 -0.43493 -0.087905 0.13658 -0.76178 0.041466 0.15793 -0.75361 -0.086018 0.057772 -0.81225 0.00075276 0.14801 -0.82794 0.023359 -0.063371 0.58828
-0.18276 0.00044493 0.40366 0.14221 -0.011139 0.42599 -0.019374 0.0064889 0.40863 -0.005574 0.0045318 0.068219 -0.052354 -0.0019454 -0.053387 0.054424 -0.0019454 -0.05128 -0.23336 -0.089643 0.64833 0.26078 -0.078481 0.65485 -0.20241 -0.16889 0.86937 0.22672 -0.15144 0.8773 -0.20407 -0.19528 0.94762 0.19696 -0.17026 0.95133 -0.073147 0.062866 -0.4372 0.060763 0.060944 -0.43592 -0.0867 0.13887 -0.76205 0.041288 0.15903 -0.7545 -0.085673 0.060006 -0.81246 -0.0060995 0.17377 -0.83527 0.01173 -0.063397 0.59051
-0.18337 0.0017007 0.40398 0.1422 -0.0097773 0.42359 -0.019852 0.0064182 0.40861 -0.0052558 0.0046749 0.068228 -0.051719 -0.0016433 -0.054009 0.053745 -0.0016433 -0.052016 -0.26345 -0.084206 0.64092 0.28672 -0.065669 0.64502 -0.27011 -0.15761 0.86523 0.29641 -0.13281 0.86891 -0.2822 -0.17898 0.94329 0.28521 -0.14665 0.94378 -0.072857 0.064486 -0.43758 0.059439 0.061711 -0.4366 -0.085094 0.14108 -0.76235 0.041234 0.16034 -0.75508 -0.084815 0.062175 -0.81271 -0.0082889 0.19119 -0.83579 0.0059259 -0.063664 0.59149
-0.18317 0.0027104 0.40324 0.14311 -0.0069816 0.41894 -0.01958 0.0063876 0.40863 -0.0045787 0.0048992 0.06826 -0.051174 -0.0014328 -0.054534 0.053275 -0.0014328 -0.052501 -0.29964 -0.07794 0.62669 0.31077 -0.052533 0.62724 -0.34853 -0.14065 0.84946 0.36995 -0.11032 0.84617 -0.37103 -0.15585 0.92642 0.38056 -0.11937 0.92114 -0.072386 0.066101 -0.43786 0.058364 0.062948 -0.43692 -0.083337 0.14336 -0.76251 0.041336 0.16194 -0.75536 -0.083716 0.064438 -0.81283 -0.0069928 0.20172 -0.83175 0.0043837 -0.064058 0.59158
-0.18235 0.0034963 0.40033 0.1442 -0.0035819 0.41228 -0.01895 0.0063712 0.40866 -0.0038074 0.0050668 0.068301 -0.050863 -0.0012833 -0.054831 0.053005 -0.0012833 -0.052766 -0.33669 -0.069471 0.60382 0.33395 -0.038119 0.59811 -0.42821 -0.11804 0.81719 0.44181 -0.083516 0.8035 -0.45986 -0.12658 0.89269 0.47153 -0.089487 0.87842 -0.071938 0.068061 -0.43784 0.057573 0.064861 -0.43689 -0.081718 0.14596 -0.76237 0.041619 0.1639 -0.75536 -0.082703 0.067009 -0.81264 -0.0039305 0.20775 -0.82619 0.0046085 -0.064377 0.59135
-0.18109 0.0040896 0.3943 0.1448 -0.00035704 0.40388 -0.018331 0.0063438 0.40869 -0.0031894 0.0050507 0.06834 -0.050913 -0.0011644 -0.054784 0.052921 -0.0011644 -0.052845 -0.36958 -0.057548 0.57081 0.35709 -0.021588 0.55482 -0.50014 -0.089973 0.76426 0.50664 -0.052118 0.73625 -0.53857 -0.091982 0.83838 0.54737 -0.058033 0.81141 -0.071709 0.070689 -0.43734 0.057094 0.067633 -0.4365 -0.080503 0.14909 -0.76178 0.0421 0.16631 -0.75513 -0.082079 0.070083 -0.81195 -0.000753 0.2117 -0.82198 0.0042604 -0.06443 0.59136
-0.1794 0.0046232 0.38561 0.14477 0.0025008 0.39437 -0.017794 0.0062889 0.40873 -0.0027726 0.0048509 0.068373 -0.051254 -0.0010525 -0.054464 0.052962 -0.0010525 -0.052805 -0.39622 -0.042322 0.52967 0.37898 -0.0034432 0.50117 -0.56034 -0.058469 0.69493 0.56129 -0.017842 0.65021 -0.60379 -0.054733 0.76705 0.60582 -0.025879 0.72491 -0.071719 0.073996 -0.43642 0.056885 0.071172 -0.43583 -0.079719 0.15273 -0.7608 0.04272 0.16913 -0.75472 -0.08186 0.073648 -0.81083 0.0016858 0.21583 -0.81963 0.002799 -0.064137 0.59174
-0.17719 0.005295 0.37568 0.14429 0.0051785 0.38462 -0.017216 0.0061958 0.40877 -0.0024763 0.0045491 0.068403 -0.051686 -0.00092821 -0.054057 0.053032 -0.00092821 -0.05274 -0.41633 -0.024855 0.48471 0.3971 0.014946 0.4453 -0.6081 -0.026712 0.61887 0.60403 0.016313 0.55797 -0.65647 -0.018686 0.68694 0.65009 0.0062255 0.62956 -0.071882 0.077793 -0.43529 0.056855 0.07521 -0.43501 -0.079237 0.15674 -0.75964 0.043372 0.17226 -0.75421 -0.081883 0.077557 -0.80948 0.0030458 0.22232 -0.81815 0.00084468 -0.06349 0.59239
-0.17436 0.0063037 0.36592 0.14357 0.0078683 0.3755 -0.016473 0.0060535 0.40882 -0.0022175 0.0042282 0.06843 -0.052009 -0.00077225 -0.053756 0.053036 -0.00077225 -0.052741 -0.42969 -0.0062217 0.44026 0.4089 0.032197 0.39536 -0.64274 0.0020983 0.54583 0.63316 0.047328 0.47216 -0.69765 0.01229 0.60636 0.68347 0.037529 0.53605 -0.07211 0.081888 -0.43416 0.056915 0.079475 -0.43417 -0.078928 0.16096 -0.75849 0.043947 0.17559 -0.75368 -0.081979 0.081662 -0.80812 0.0029987 0.23333 -0.81653 -0.00096372 -0.062484 0.59316
-0.1709 0.0077134 0.35731 0.14271 0.010584 0.3675 -0.015504 0.0058015 0.40888 -0.0019439 0.0039276 0.068458 -0.052116 -0.00057653 -0.053658 0.052932 -0.00057653 -0.052849 -0.436 0.012651 0.39866 0.41243 0.047332 0.35551 -0.66363 0.026313 0.48035 0.64716 0.073185 0.39929 -0.72727 0.03658 0.52922 0.70694 0.067227 0.44999 -0.072342 0.086077 -0.43316 0.057027 0.083709 -0.4334 -0.078693 0.16523 -0.75748 0.044411 0.17897 -0.75318 -0.082039 0.085792 -0.80688 0.001962 0.24778 -0.81432 -0.0022333 -0.061231 0.59396
-0.167 0.0092797 0.34977 0.14162 0.01293 0.36031 -0.014403 0.0052661 0.40894 -0.0016729 0.0035867 0.068484 -0.05212 -0.00035852 -0.053656 0.052797 -0.00035852 -0.052986 -0.43472 0.031171 0.35775 0.40709 0.060303 0.32066 -0.67017 0.047845 0.41503 0.64507 0.094154 0.33168 -0.74279 0.057724 0.44927 0.71616 0.094396 0.36533 -0.072584 0.090136 -0.43225 0.057276 0.087681 -0.43268 -0.078512 0.1693 -0.75657 0.044893 0.18214 -0.7527 -0.082094 0.089727 -0.80573 0.0020623 0.25712 -0.81245 -0.0031343 -0.060108 0.59474
-0.16289 0.010715 0.3431 0.14015 0.014454 0.35347 -0.013283 0.0042576 0.409 -0.0014316 0.0031312 0.068511 -0.05216 -0.00013929 -0.053614 0.052724 -0.00013929 -0.053059 -0.42532 0.048795 0.31472 0.39249 0.071189 0.28445 -0.66179 0.069101 0.34083 0.62593 0.11082 0.25971 -0.7413 0.079982 0.35887 0.70604 0.11809 0.27437 -0.072852 0.093838 -0.43135 0.057763 0.091162 -0.43198 -0.07837 0.17294 -0.7557 0.045548 0.18483 -0.75224 -0.082191 0.093241 -0.80463 0.0056647 0.25175 -0.812 -0.0039159 -0.059531 0.59544
-0.15879 0.011756 0.3371 0.13821 0.014762 0.3466 -0.012249 0.0026177 0.40905 -0.0012445 0.0024977 0.068538 -0.052363 6.1021e-05 -0.053411 0.052797 6.1021e-05 -0.052985 -0.40738 0.064961 0.26725 0.36847 0.080073 0.24133 -0.63797 0.092128 0.25006 0.58915 0.12374 0.1751 -0.72015 0.10696 0.25168 0.67216 0.13736 0.1707 -0.073156 0.096974 -0.4304 0.058573 0.093947 -0.43127 -0.078255 0.17593 -0.75479 0.04651 0.1868 -0.75177 -0.082373 0.096127 -0.80354 0.014682 0.22381 -0.81394 -0.0048042 -0.059867 0.59601
-0.15491 0.012373 0.33181 0.13596 0.01403 0.33992 -0.011339 0.00049506 0.4091 -0.0011122 0.0017324 0.068562 -0.052703 0.00023104 -0.053073 0.052987 0.00023104 -0.052793 -0.38178 0.078931 0.21778 0.3372 0.087064 0.19393 -0.5988 0.11543 0.14858 0.53704 0.13299 0.082878 -0.67902 0.13584 0.13419 0.61655 0.15108 0.060343 -0.073459 0.099521 -0.42945 0.059622 0.096044 -0.43058 -0.078136 0.17825 -0.7539 0.047711 0.18806 -0.75133 -0.082599 0.098375 -0.80249 0.026581 0.18225 -0.81772 -0.0058021 -0.061012 0.59644
-0.15143 0.012669 0.32737 0.13377 0.012759 0.33398 -0.010551 -0.0017876 0.40913 -0.0010217 0.00094321 0.06858 -0.053067 0.00036443 -0.052711 0.053206 0.00036443 -0.052573 -0.35015 0.089868 0.17147 0.30214 0.092287 0.14949 -0.5447 0.13552 0.049962 0.47364 0.13841 -0.0043924 -0.61889 0.16017 0.020132 0.5449 0.15807 -0.043597 -0.073697 0.10156 -0.42858 0.060729 0.097583 -0.42998 -0.077972 0.18002 -0.75311 0.048971 0.1888 -0.75097 -0.082784 0.10009 -0.80157 0.036305 0.14562 -0.82193 -0.0067858 -0.062591 0.59675
-0.14854 0.012748 0.32395 0.13196 0.011453 0.32933 -0.0098816 -0.0039062 0.40914 -0.00095982 0.00023881 0.06859 -0.053342 0.00045498 -0.052436 0.053363 0.00045498 -0.052414 -0.31414 0.096938 0.13347 0.26678 0.095864 0.1153 -0.47616 0.14887 -0.032203 0.40303 0.13984 -0.074096 -0.54083 0.17348 -0.07669 0.46296 0.15714 -0.12797 -0.073807 0.10318 -0.4279 0.061715 0.098693 -0.42954 -0.077723 0.18134 -0.7525 0.050107 0.18918 -0.75073 -0.082843 0.10137 -0.80086 0.038793 0.13248 -0.82518 -0.0076303 -0.064228 0.59695
-0.14631 0.012712 0.32156 0.13072 0.010451 0.32621 -0.0093218 -0.005656 0.40914 -0.00091451 -0.0003168 0.068591 -0.053472 0.00050879 -0.052304 0.053413 0.00050879 -0.052363 -0.27691 0.099762 0.10669 0.23514 0.097419 0.094967 -0.39934 0.15328 -0.089754 0.33307 0.13686 -0.119 -0.45248 0.17265 -0.14747 0.38058 0.1482 -0.18485 -0.073781 0.10444 -0.42744 0.062468 0.0995 -0.42928 -0.077406 0.1823 -0.75212 0.050992 0.18937 -0.75065 -0.082757 0.1023 -0.80041 0.032109 0.15053 -0.82655 -0.0082699 -0.065656 0.59707
-0.1446 0.01265 0.31994 0.1299 0.0097586 0.32421 -0.0088507 -0.0070714 0.40913 -0.00087622 -0.00074891 0.068587 -0.053517 0.00055674 -0.052257 0.053401 0.00055674 -0.052374 -0.24471 0.098878 0.08943 0.21225 0.095577 0.084788 -0.33192 0.1492 -0.12546 0.27929 0.1286 -0.14265 -0.37462 0.16133 -0.19344 0.31576 0.13333 -0.21677 -0.073723 0.10539 -0.42715 0.063016 0.10012 -0.42912 -0.077148 0.18295 -0.7519 0.051608 0.18946 -0.75065 -0.082634 0.10293 -0.80014 0.020595 0.18565 -0.82614 -0.0087578 -0.066819 0.59714
-0.14321 0.012655 0.31879 0.1293 0.009344 0.32286 -0.0084455 -0.0082157 0.40912 -0.00083572 -0.0010935 0.068582 -0.053548 0.00063263 -0.052223 0.053384 0.00063263 -0.052391 -0.22416 0.094935 0.079481 0.20329 0.088846 0.080166 -0.29291 0.13739 -0.1434 0.25814 0.11413 -0.1499 -0.32964 0.14396 -0.21698 0.28749 0.11489 -0.22751 -0.073752 0.10605 -0.42695 0.0634 0.10066 -0.429 -0.077092 0.18334 -0.75177 0.05195 0.18954 -0.75065 -0.082599 0.10329 -0.79996 0.0093448 0.22112 -0.82414 -0.0091614 -0.067692 0.59721
-0.14199 0.012796 0.31782 0.12875 0.009153 0.32169 -0.0080835 -0.0091643 0.40911 -0.00078515 -0.0013925 0.068582 -0.053627 0.00076005 -0.052143 0.053408 0.00076005 -0.052366 -0.22108 0.088571 0.07493 0.21258 0.075998 0.077368 -0.29867 0.1187 -0.14697 0.28338 0.092732 -0.14471 -0.33679 0.12458 -0.2201 0.31169 0.095023 -0.22038 -0.07396 0.10644 -0.42679 0.063663 0.10121 -0.42886 -0.077346 0.18351 -0.75165 0.052023 0.18968 -0.75061 -0.082753 0.10342 -0.7998 0.0029108 0.24195 -0.82082 -0.0095503 -0.06826 0.59732
-0.14083 0.01298 0.31691 0.12824 0.0089525 0.32057 -0.0077411 -0.010097 0.4091 -0.00072857 -0.001738 0.06858 -0.053708 0.00087701 -0.052061 0.053445 0.00087701 -0.052329 -0.23467 0.080364 0.07648 0.23755 0.058044 0.079827 -0.34332 0.094921 -0.13393 0.34641 0.065646 -0.12364 -0.3892 0.10358 -0.20114 0.37836 0.073913 -0.19466 -0.074224 0.10648 -0.42671 0.063826 0.10158 -0.42875 -0.077736 0.18336 -0.75162 0.051913 0.18969 -0.7506 -0.082972 0.10324 -0.79972 0.0013426 0.2476 -0.81691 -0.010015 -0.068624 0.59748
-0.13964 0.013029 0.31597 0.12785 0.0084203 0.31951 -0.0073944 -0.011245 0.40907 -0.00067593 -0.0022472 0.068564 -0.053694 0.00087889 -0.052075 0.053425 0.00087889 -0.052349 -0.26083 0.070859 0.086139 0.27219 0.037104 0.094548 -0.40987 0.068285 -0.099254 0.42751 0.035056 -0.079587 -0.46703 0.079587 -0.15666 0.46463 0.050797 -0.14766 -0.074314 0.10602 -0.42685 0.063904 0.10147 -0.4288 -0.077945 0.18276 -0.75179 0.051746 0.18924 -0.75072 -0.083025 0.1026 -0.79986 0.0024445 0.24472 -0.81338 -0.010656 -0.068941 0.59769
-0.13837 0.012766 0.31494 0.12764 0.0072356 0.31852 -0.0070194 -0.012839 0.40902 -0.0006372 -0.003036 0.068523 -0.053488 0.00066186 -0.052281 0.053281 0.00066186 -0.052493 -0.29542 0.060592 0.10592 0.31045 0.015306 0.1285 -0.4813 0.041016 -0.037917 0.50692 0.003157 -0.0054844 -0.55034 0.051217 -0.083237 0.54761 0.024911 -0.076676 -0.074002 0.10492 -0.42732 0.06391 0.10055 -0.42913 -0.07766 0.18155 -0.75229 0.051648 0.18804 -0.75113 -0.082682 0.10137 -0.80033 0.0040131 0.23999 -0.8112 -0.011572 -0.06937 0.59795
-0.13718 0.012036 0.31405 0.12777 0.0052708 0.31788 -0.0066174 -0.014991 0.40893 -0.0006179 -0.004099 0.068456 -0.053068 0.00021641 -0.0527 0.053002 0.00021641 -0.052771 -0.33334 0.049494 0.13725 0.34661 -0.0055058 0.18308 -0.54417 0.01431 0.050261 0.56993 -0.027994 0.09866 -0.623 0.018376 0.018523 0.6111 -0.0036443 0.018869 -0.073243 0.10304 -0.42818 0.063788 0.098703 -0.42978 -0.076846 0.17957 -0.75317 0.051552 0.18592 -0.75186 -0.081898 0.099394 -0.80121 0.0045825 0.23735 -0.81077 -0.012748 -0.07007 0.59824
-0.1366 0.010717 0.31401 0.12857 0.0027385 0.31835 -0.0062327 -0.017603 0.40881 -0.00061573 -0.005217 0.068381 -0.052541 -0.00030067 -0.053226 0.05268 -0.00030067 -0.053094 -0.36775 0.036424 0.18058 0.37551 -0.023989 0.24989 -0.59138 -0.012459 0.15697 0.6107 -0.056583 0.22039 -0.67554 -0.016759 0.14096 0.65064 -0.033247 0.13584 -0.072322 0.10023 -0.42935 0.063359 0.09609 -0.43065 -0.075951 0.17667 -0.75436 0.051055 0.18304 -0.7528 -0.080955 0.09649 -0.80241 0.0039864 0.23591 -0.8115 -0.013967 -0.071206 0.59848
-0.13724 0.008696 0.3156 0.1304 -0.00011428 0.32076 -0.0059144 -0.020555 0.40867 -0.00062762 -0.0061489 0.068315 -0.052026 -0.00071571 -0.053736 0.052413 -0.00071571 -0.05336 -0.39163 0.020132 0.23625 0.39205 -0.03885 0.31953 -0.61647 -0.040104 0.27303 0.62429 -0.080818 0.34596 -0.69917 -0.051781 0.27568 0.66298 -0.062121 0.27071 -0.071556 0.096358 -0.43076 0.062431 0.092918 -0.43162 -0.075473 0.17267 -0.7558 0.049719 0.1796 -0.75382 -0.080168 0.092478 -0.80384 0.0021908 0.2343 -0.8127 -0.014991 -0.072941 0.59863
-0.13956 0.0058902 0.31948 0.13352 -0.0030552 0.32574 -0.0056996 -0.023726 0.4085 -0.00065035 -0.0066948 0.068275 -0.05163 -0.00087866 -0.054123 0.052288 -0.00087866 -0.053485 -0.39915 -0.00024317 0.30367 0.39219 -0.049072 0.38334 -0.61425 -0.069111 0.38948 0.60728 -0.099234 0.46262 -0.68711 -0.084461 0.414 0.6462 -0.088623 0.41869 -0.071216 0.09135 -0.43231 0.060869 0.089393 -0.43258 -0.075836 0.16747 -0.75739 0.047204 0.17577 -0.75482 -0.079808 0.08725 -0.80544 -0.00078215 0.23134 -0.81377 -0.015611 -0.075396 0.59863
-0.14318 0.002465 0.32531 0.13759 -0.0059592 0.33284 -0.0055415 -0.026975 0.40831 -0.00067974 -0.0069483 0.068252 -0.051355 -0.00080915 -0.054386 0.052289 -0.00080915 -0.053484 -0.39295 -0.022793 0.3756 0.37965 -0.055608 0.4382 -0.58864 -0.097651 0.49881 0.56706 -0.1127 0.56447 -0.64713 -0.11387 0.54515 0.60782 -0.11207 0.56584 -0.071258 0.08563 -0.43391 0.058925 0.085726 -0.43347 -0.076902 0.16149 -0.75902 0.043853 0.17178 -0.75574 -0.079825 0.081227 -0.80707 -0.0045079 0.22718 -0.81459 -0.01583 -0.078383 0.59849
-0.14732 -0.0013072 0.33237 0.14201 -0.0087482 0.34112 -0.0053563 -0.030157 0.4081 -0.00071118 -0.0071309 0.068227 -0.051161 -0.00060082 -0.054567 0.052355 -0.00060082 -0.053419 -0.37935 -0.044395 0.44189 0.3615 -0.060269 0.48333 -0.54753 -0.12288 0.5942 0.51571 -0.1231 0.64862 -0.59331 -0.13965 0.65741 0.5595 -0.13219 0.69421 -0.071498 0.079838 -0.43541 0.057023 0.082136 -0.43429 -0.078293 0.15536 -0.76058 0.040306 0.16788 -0.75656 -0.08003 0.075061 -0.80863 -0.0083862 0.22257 -0.81524 -0.015742 -0.081581 0.59827
-0.15123 -0.0051537 0.3399 0.14618 -0.011345 0.34963 -0.005062 -0.033123 0.40789 -0.00074031 -0.0074626 0.068183 -0.051007 -0.00034707 -0.05471 0.052427 -0.00034707 -0.053351 -0.36464 -0.061954 0.49252 0.34478 -0.064858 0.51804 -0.4988 -0.14199 0.66887 0.46526 -0.1323 0.71222 -0.53964 -0.16144 0.73922 0.51282 -0.14873 0.78605 -0.071754 0.074611 -0.43668 0.055584 0.078836 -0.43502 -0.079631 0.14972 -0.76193 0.037203 0.1643 -0.75727 -0.080236 0.069398 -0.80999 -0.01182 0.21826 -0.81584 -0.015443 -0.084669 0.59802
-0.15448 -0.0088242 0.34748 0.14971 -0.013739 0.35792 -0.0046649 -0.035761 0.40766 -0.0007769 -0.0080168 0.068114 -0.05088 -0.00010987 -0.054828 0.052494 -0.00010987 -0.05329 -0.35188 -0.074086 0.52417 0.33276 -0.070337 0.54326 -0.44787 -0.15411 0.72101 0.42143 -0.14142 0.75563 -0.49268 -0.17899 0.78821 0.47226 -0.16185 0.83615 -0.071919 0.070284 -0.43767 0.054826 0.075897 -0.43562 -0.080683 0.14491 -0.76301 0.034914 0.16113 -0.75784 -0.080335 0.064597 -0.81109 -0.014441 0.21464 -0.8164 -0.015045 -0.087453 0.59775
-0.15723 -0.012103 0.35517 0.15254 -0.01602 0.36624 -0.0043097 -0.038006 0.40745 -0.0008527 -0.0086404 0.068039 -0.050815 9.7644e-05 -0.054889 0.052622 9.7644e-05 -0.053165 -0.33915 -0.082066 0.54393 0.32283 -0.07636 0.56252 -0.3964 -0.16138 0.75651 0.38019 -0.15037 0.78404 -0.44747 -0.19219 0.81622 0.43139 -0.1724 0.85873 -0.071999 0.066728 -0.43839 0.054649 0.073168 -0.43606 -0.081437 0.14085 -0.76382 0.033395 0.15826 -0.75824 -0.080349 0.060565 -0.81193 -0.016236 0.21154 -0.81686 -0.014689 -0.089934 0.59748
-0.15965 -0.014778 0.36307 0.15465 -0.018289 0.37491 -0.0041525 -0.039797 0.40728 -0.0010013 -0.0091606 0.067974 -0.050851 0.00026651 -0.054855 0.052883 0.00026651 -0.052901 -0.32409 -0.087396 0.55981 0.3119 -0.082473 0.57959 -0.3457 -0.16621 0.7819 0.33669 -0.15895 0.8031 -0.39804 -0.20095 0.83634 0.38283 -0.18128 0.86966 -0.072015 0.063772 -0.43887 0.054931 0.07048 -0.43632 -0.081899 0.13742 -0.76439 0.032567 0.15553 -0.75843 -0.080308 0.057169 -0.81253 -0.017222 0.20875 -0.81714 -0.014518 -0.092132 0.59719
-0.16191 -0.016678 0.37118 0.15602 -0.020614 0.38414 -0.0043182 -0.041088 0.40714 -0.0012465 -0.0094346 0.067937 -0.051016 0.00038981 -0.0547 0.053327 0.00038981 -0.052443 -0.30495 -0.091429 0.57856 0.29753 -0.088251 0.59756 -0.29724 -0.17069 0.803 0.28758 -0.167 0.81792 -0.34002 -0.20535 0.85975 0.32139 -0.18931 0.88283 -0.071985 0.061265 -0.43914 0.055543 0.067704 -0.43637 -0.082086 0.13452 -0.76475 0.032337 0.15285 -0.7584 -0.080241 0.054293 -0.81292 -0.017442 0.20611 -0.81719 -0.014645 -0.094054 0.59689
-0.16396 -0.017897 0.37907 0.15676 -0.022868 0.39326 -0.0047389 -0.041903 0.40706 -0.0015505 -0.0095027 0.067922 -0.05127 0.00047323 -0.054461 0.053876 0.00047323 -0.051875 -0.28373 -0.094605 0.59938 0.2813 -0.093466 0.61563 -0.25335 -0.17503 0.82115 0.23882 -0.17459 0.83038 -0.27871 -0.20642 0.88605 0.25556 -0.19692 0.89963 -0.071935 0.059176 -0.43925 0.056335 0.064972 -0.43628 -0.082067 0.13211 -0.76493 0.032531 0.15032 -0.75821 -0.080166 0.051911 -0.81315 -0.017093 0.20365 -0.81708 -0.015 -0.09566 0.59658
-0.16569 -0.018625 0.38611 0.15702 -0.02485 0.40127 -0.0052726 -0.042298 0.40701 -0.0018526 -0.0094751 0.067916 -0.051548 0.00052725 -0.054198 0.054397 0.00052725 -0.051333 -0.26387 -0.097013 0.61858 0.26631 -0.097964 0.63146 -0.2167 -0.17871 0.836 0.19992 -0.18186 0.84113 -0.22312 -0.20556 0.91041 0.199 -0.20442 0.91674 -0.071892 0.057522 -0.43927 0.057151 0.062512 -0.43616 -0.081933 0.13021 -0.76501 0.032945 0.14813 -0.75799 -0.080095 0.050028 -0.81326 -0.01643 0.20152 -0.81696 -0.015439 -0.096888 0.5963
-0.167 -0.019057 0.3917 0.15696 -0.026361 0.40721 -0.0057787 -0.042327 0.40699 -0.0020923 -0.0094609 0.067908 -0.051787 0.00056228 -0.053971 0.054763 0.00056228 -0.050951 -0.2488 -0.098744 0.63251 0.25564 -0.10159 0.64276 -0.18996 -0.18122 0.84721 0.18029 -0.18892 0.85079 -0.18218 -0.20417 0.92803 0.16523 -0.21204 0.93084 -0.071884 0.056315 -0.43924 0.057836 0.060551 -0.4361 -0.081775 0.12881 -0.76503 0.033376 0.14645 -0.75783 -0.08004 0.048651 -0.81332 -0.015707 0.19984 -0.81697 -0.015824 -0.09768 0.59607
-0.16786 -0.019349 0.39575 0.15672 -0.027356 0.41086 -0.0061669 -0.042102 0.407 -0.0022384 -0.009504 0.067893 -0.051954 0.00058431 -0.053811 0.054918 0.00058431 -0.050788 -0.24032 -0.099969 0.63992 0.2514 -0.10404 0.64844 -0.17575 -0.18254 0.85481 0.18399 -0.19503 0.85891 -0.16122 -0.20322 0.93723 0.16089 -0.21882 0.93979 -0.071913 0.055484 -0.43921 0.058321 0.059143 -0.43615 -0.081647 0.12783 -0.76503 0.033703 0.14532 -0.7578 -0.080001 0.047696 -0.81337 -0.015083 0.19864 -0.81718 -0.016072 -0.098089 0.5959
-0.16834 -0.019619 0.39883 0.15643 -0.027999 0.41305 -0.0064162 -0.041808 0.40702 -0.0022997 -0.0095598 0.067882 -0.052064 0.00059332 -0.053704 0.054905 0.00059332 -0.050799 -0.23811 -0.10097 0.64287 0.25441 -0.10484 0.64905 -0.17668 -0.18332 0.85936 0.20779 -0.1982 0.86358 -0.16063 -0.20312 0.94045 0.18313 -0.22209 0.94309 -0.071949 0.054835 -0.4392 0.058656 0.058107 -0.43632 -0.081553 0.12707 -0.76505 0.033919 0.14451 -0.75789 -0.079962 0.046959 -0.81342 -0.014591 0.19776 -0.81756 -0.016176 -0.098324 0.59577
-0.16856 -0.019977 0.40162 0.15624 -0.028466 0.41467 -0.0065105 -0.041636 0.40704 -0.0022878 -0.0095773 0.067886 -0.052135 0.00058888 -0.053634 0.054778 0.00058888 -0.050932 -0.24168 -0.10205 0.64364 0.26533 -0.10347 0.64527 -0.19534 -0.18425 0.86144 0.24797 -0.19641 0.86279 -0.18046 -0.20425 0.94047 0.22846 -0.21906 0.94033 -0.07196 0.054171 -0.43922 0.058901 0.057244 -0.43657 -0.081494 0.12632 -0.7651 0.034023 0.14382 -0.75809 -0.079905 0.046229 -0.81351 -0.014251 0.19704 -0.81806 -0.016139 -0.098605 0.59566
-0.16858 -0.020452 0.40454 0.15624 -0.028836 0.4164 -0.006445 -0.04166 0.40707 -0.0022138 -0.0094941 0.067912 -0.052183 0.00056896 -0.053587 0.054581 0.00056896 -0.051142 -0.25066 -0.10328 0.64381 0.28441 -0.099451 0.63747 -0.23318 -0.18564 0.86121 0.30055 -0.18799 0.85463 -0.22006 -0.2065 0.93927 0.29264 -0.20768 0.93097 -0.071917 0.053386 -0.43929 0.059111 0.056436 -0.43689 -0.081462 0.12546 -0.76518 0.034035 0.1431 -0.75837 -0.079813 0.04539 -0.81362 -0.014052 0.19635 -0.81865 -0.015966 -0.099031 0.59557
-0.16852 -0.020621 0.40692 0.1564 -0.028656 0.41754 -0.0062762 -0.041325 0.40713 -0.0020871 -0.009187 0.067967 -0.052223 0.00052315 -0.05355 0.054332 0.00052315 -0.051408 -0.26528 -0.10361 0.64119 0.30929 -0.092304 0.6244 -0.28559 -0.18565 0.85637 0.3604 -0.1734 0.83783 -0.27505 -0.20712 0.93472 0.36752 -0.18976 0.9138 -0.07182 0.052893 -0.43932 0.059328 0.055979 -0.43721 -0.081406 0.12491 -0.76522 0.034073 0.14268 -0.75867 -0.079686 0.044856 -0.81369 -0.013811 0.19591 -0.81928 -0.015682 -0.099067 0.59552
-0.16843 -0.019917 0.40772 0.15664 -0.027295 0.41701 -0.0060806 -0.039869 0.40729 -0.0019166 -0.0085128 0.068052 -0.052266 0.00043822 -0.053508 0.054036 0.00043822 -0.05172 -0.286 -0.1016 0.63239 0.3368 -0.081569 0.60426 -0.34597 -0.18177 0.84382 0.42197 -0.15381 0.81129 -0.33983 -0.20255 0.92331 0.44364 -0.1684 0.88739 -0.071672 0.053274 -0.43923 0.059591 0.05631 -0.43746 -0.081257 0.12525 -0.76514 0.034286 0.14306 -0.7589 -0.079525 0.045214 -0.81363 -0.013284 0.19601 -0.81991 -0.01532 -0.097966 0.59558
-0.16841 -0.017785 0.40591 0.15688 -0.024141 0.41371 -0.0059345 -0.03655 0.40758 -0.0017111 -0.0073336 0.06817 -0.052326 0.00030145 -0.05345 0.053702 0.00030145 -0.052067 -0.31319 -0.09585 0.61405 0.36377 -0.066815 0.57532 -0.40776 -0.17154 0.82048 0.47979 -0.13037 0.77392 -0.40885 -0.18929 0.90151 0.51171 -0.1466 0.85027 -0.071482 0.055098 -0.4389 0.059937 0.057854 -0.43754 -0.080951 0.12706 -0.76482 0.034821 0.14472 -0.75897 -0.079334 0.047035 -0.81333 -0.01224 0.19694 -0.8205 -0.014915 -0.095002 0.59577
-0.16841 -0.014173 0.40123 0.15697 -0.019193 0.40747 -0.0058981 -0.031329 0.40799 -0.0014802 -0.0057002 0.068311 -0.052409 0.00011578 -0.053369 0.053346 0.00011578 -0.052432 -0.34489 -0.085803 0.58494 0.38747 -0.048576 0.53743 -0.4666 -0.15432 0.78371 0.53024 -0.10392 0.72447 -0.47798 -0.167 0.86556 0.5674 -0.1247 0.8002 -0.071315 0.058484 -0.4383 0.060347 0.060703 -0.43743 -0.080544 0.13045 -0.76422 0.035659 0.14775 -0.75883 -0.079184 0.050433 -0.81277 -0.010759 0.19906 -0.82094 -0.014474 -0.090171 0.59609
-0.16824 -0.0096321 0.39434 0.15664 -0.013182 0.39924 -0.006012 -0.025017 0.40844 -0.0012344 -0.00389 0.068447 -0.052511 -9.6928e-05 -0.053269 0.052998 -9.6928e-05 -0.052783 -0.37633 -0.071928 0.54641 0.40571 -0.028549 0.49236 -0.52075 -0.1317 0.73146 0.57194 -0.074911 0.66146 -0.54485 -0.13916 0.81137 0.61244 -0.099762 0.73397 -0.071304 0.063007 -0.43746 0.060743 0.064549 -0.43711 -0.080243 0.13497 -0.76339 0.036584 0.1518 -0.7585 -0.079224 0.054962 -0.81196 -0.0092998 0.20281 -0.82108 -0.013977 -0.084334 0.59641
-0.16769 -0.004751 0.38592 0.15563 -0.0068823 0.39001 -0.0063161 -0.018472 0.40882 -0.00098428 -0.0021938 0.068553 -0.05263 -0.00031369 -0.053151 0.052689 -0.00031369 -0.053092 -0.40254 -0.054757 0.49994 0.41635 -0.0084997 0.44201 -0.56862 -0.1054 0.66169 0.60363 -0.043765 0.58339 -0.60721 -0.10946 0.73482 0.64888 -0.068661 0.64832 -0.071588 0.068213 -0.43641 0.061038 0.069057 -0.43658 -0.080259 0.14014 -0.76236 0.037367 0.15647 -0.75796 -0.079607 0.060144 -0.81095 -0.0083417 0.20859 -0.82076 -0.013403 -0.078408 0.59663
-0.16661 -4.5247e-05 0.37665 0.15376 -0.00098245 0.38067 -0.0068308 -0.012447 0.40906 -0.00074129 -0.00085087 0.068608 -0.052762 -0.00051348 -0.053018 0.052445 -0.00051348 -0.053333 -0.41946 -0.034945 0.44728 0.41778 0.010015 0.3884 -0.60855 -0.076986 0.57372 0.62421 -0.011155 0.49007 -0.66245 -0.080825 0.63376 0.6781 -0.029468 0.54184 -0.072265 0.07368 -0.43519 0.061171 0.073901 -0.43585 -0.080751 0.14553 -0.76115 0.03783 0.1614 -0.75724 -0.080448 0.065546 -0.80977 -0.0081679 0.21632 -0.81991 -0.012736 -0.07318 0.59664
-0.16498 0.0043043 0.36696 0.15118 0.0042296 0.37155 -0.0074875 -0.0072033 0.40917 -0.00052135 0.00013876 0.068619 -0.052913 -0.00068428 -0.052866 0.052269 -0.00068428 -0.053504 -0.42708 -0.013739 0.39138 0.41104 0.026411 0.3341 -0.63841 -0.047335 0.4732 0.63318 0.021133 0.3873 -0.70645 -0.052678 0.51498 0.69827 0.014243 0.42182 -0.073253 0.079153 -0.43384 0.061172 0.078782 -0.43499 -0.081631 0.15091 -0.75983 0.038033 0.1663 -0.75639 -0.081674 0.070934 -0.80847 -0.0081499 0.22342 -0.81894 -0.011994 -0.068855 0.59649
-0.16283 0.0082133 0.35725 0.14814 0.0085816 0.36286 -0.008192 -0.0028563 0.40919 -0.00034163 0.00084394 0.068602 -0.053085 -0.0008167 -0.052692 0.052157 -0.0008167 -0.05361 -0.42652 0.0074484 0.3355 0.39792 0.040381 0.28187 -0.65597 -0.017123 0.36761 0.63025 0.050989 0.28258 -0.73465 -0.023412 0.38789 0.70663 0.057309 0.298 -0.074417 0.084424 -0.43245 0.0611 0.083408 -0.43409 -0.082735 0.15609 -0.75846 0.0381 0.17095 -0.75549 -0.083159 0.076131 -0.80712 -0.0073961 0.22662 -0.81841 -0.011204 -0.065469 0.59623
-0.1602 0.011597 0.34791 0.14487 0.011901 0.35477 -0.0088501 0.00047641 0.40916 -0.00021929 0.0013335 0.068572 -0.053283 -0.00090133 -0.052489 0.052107 -0.00090133 -0.053656 -0.41896 0.027201 0.28295 0.38018 0.051623 0.23444 -0.65899 0.012975 0.26441 0.6151 0.076305 0.18343 -0.74248 0.0085776 0.26186 0.70041 0.094568 0.18014 -0.075622 0.089285 -0.43107 0.061016 0.087488 -0.43321 -0.083903 0.1609 -0.75709 0.03816 0.17508 -0.7546 -0.084776 0.08096 -0.80576 -0.0050152 0.22263 -0.81884 -0.010393 -0.063057 0.59591
-0.15711 0.014372 0.33932 0.14163 0.014016 0.34748 -0.0093676 0.0026776 0.40911 -0.0001715 0.0016764 0.068545 -0.053512 -0.00092876 -0.052254 0.052116 -0.00092876 -0.053646 -0.40552 0.044106 0.23698 0.35963 0.059829 0.19456 -0.64522 0.042281 0.17107 0.58744 0.094972 0.097358 -0.72538 0.044894 0.1463 0.67686 0.12086 0.078003 -0.076733 0.093527 -0.42976 0.060978 0.090732 -0.43245 -0.084971 0.16516 -0.75578 0.038338 0.17846 -0.75382 -0.086399 0.085246 -0.80448 -0.00011562 0.20818 -0.8208 -0.009588 -0.061655 0.59561
-0.1536 0.016453 0.33187 0.13866 0.014753 0.34118 -0.0096502 0.0036301 0.40909 -0.00021542 0.0019413 0.068536 -0.053777 -0.0008896 -0.051982 0.052179 -0.0008896 -0.053584 -0.38736 0.056748 0.20088 0.33804 0.064694 0.16499 -0.61244 0.07012 0.095054 0.54694 0.10488 0.031873 -0.6788 0.087142 0.050581 0.63321 0.13101 0.0013356 -0.077615 0.096944 -0.42859 0.061045 0.092848 -0.43188 -0.085779 0.1687 -0.75459 0.03876 0.18083 -0.7532 -0.087902 0.088812 -0.80331 0.0081941 0.17998 -0.82483 -0.0088155 -0.0613 0.59538
-0.1497 0.017757 0.32596 0.13621 0.013941 0.33605 -0.0096039 0.0032168 0.40913 -0.00036822 0.0021973 0.068561 -0.054081 -0.00077443 -0.051669 0.052295 -0.00077443 -0.053476 -0.36563 0.063713 0.17794 0.31719 0.065915 0.14845 -0.55839 0.095814 0.043839 0.49332 0.10392 -0.0055108 -0.59816 0.13692 -0.015895 0.56672 0.11987 -0.040102 -0.078134 0.099326 -0.42763 0.061278 0.093546 -0.43159 -0.086164 0.17133 -0.75357 0.039553 0.18195 -0.75284 -0.089158 0.091481 -0.80232 0.020805 0.13476 -0.83146 -0.0081027 -0.062026 0.59529
