-0.13729 -0.18318 0.22295 0.098626 -0.15937 0.26093 -0.025945 -0.24157 0.32758 -0.0060603 -0.029637 0.061567 -0.048549 0.026708 -0.050246 0.060087 0.026708 -0.035655 -0.23579 -0.04615 0.017589 0.16966 -0.10283 0.011121 -0.18666 0.0061855 -0.20828 0.1239 -0.10892 -0.22134 -0.1936 0.040874 -0.28303 0.0741 -0.13734 -0.28093 -0.17774 0.028401 -0.41801 -0.0092452 0.0031213 -0.41851 -0.16473 0.066471 -0.74948 -0.018736 0.07605 -0.74421 -0.17136 -0.00090136 -0.81411 -0.03165 -0.0032369 -0.79225 -0.094858 -0.33133 0.48916
-0.1414 -0.18187 0.22465 0.1006 -0.17164 0.26417 -0.029952 -0.24795 0.3228 -0.0059097 -0.03121 0.060843 -0.048094 0.027313 -0.050536 0.060233 0.027313 -0.0351 -0.20995 -0.044811 0.010725 0.17792 -0.10625 0.019009 -0.16995 0.016235 -0.21387 0.13493 -0.09768 -0.21331 -0.16606 0.034072 -0.28975 0.079527 -0.12154 -0.26949 -0.15861 0.032635 -0.4231 0.0093922 0.0105 -0.42001 -0.15624 0.097257 -0.74857 -0.0015069 0.08157 -0.74605 -0.15718 0.025257 -0.81217 -0.016753 0.0050651 -0.79806 -0.10342 -0.33349 0.48416
-0.1465 -0.18105 0.22482 0.10025 -0.18121 0.26572 -0.034999 -0.25351 0.31808 -0.0062022 -0.032498 0.060151 -0.047281 0.028137 -0.050879 0.060353 0.028137 -0.034249 -0.18979 -0.040273 0.0069388 0.18422 -0.10886 0.02482 -0.156 0.027721 -0.21662 0.14324 -0.087349 -0.20695 -0.14383 0.033408 -0.2935 0.084738 -0.1082 -0.26147 -0.14556 0.036442 -0.42679 0.024424 0.017504 -0.42092 -0.15008 0.1197 -0.74816 0.010753 0.08858 -0.74683 -0.15011 0.046047 -0.81125 -0.0053309 0.014953 -0.80266 -0.11279 -0.33635 0.47874
-0.15232 -0.18037 0.22385 0.097904 -0.18859 0.26596 -0.040993 -0.25823 0.3135 -0.00685 -0.033512 0.059509 -0.046206 0.029111 -0.051258 0.060445 0.029111 -0.033198 -0.17419 -0.033346 0.0057811 0.18889 -0.11121 0.028992 -0.14399 0.039903 -0.21696 0.14943 -0.0784 -0.20192 -0.12585 0.037346 -0.29469 0.089925 -0.097479 -0.25625 -0.13729 0.039893 -0.42935 0.036573 0.023877 -0.42132 -0.14544 0.13516 -0.74818 0.019341 0.096494 -0.74671 -0.14847 0.062309 -0.8111 0.0035546 0.025763 -0.80616 -0.12295 -0.33944 0.47308
-0.15861 -0.17949 0.22214 0.093888 -0.19432 0.26525 -0.047844 -0.26205 0.30918 -0.0077659 -0.034265 0.058936 -0.044966 0.030168 -0.051655 0.060506 0.030168 -0.032041 -0.16202 -0.024837 0.0068023 0.19225 -0.11386 0.031967 -0.13313 0.052038 -0.21531 0.15411 -0.071306 -0.19788 -0.11107 0.044351 -0.29372 0.095281 -0.089525 -0.25319 -0.1325 0.043061 -0.43103 0.046559 0.029361 -0.42127 -0.14151 0.14501 -0.74856 0.025553 0.10473 -0.74584 -0.15057 0.074889 -0.8115 0.010842 0.036833 -0.80863 -0.13387 -0.34223 0.4674
-0.16511 -0.17806 0.22008 0.088522 -0.19891 0.26394 -0.055459 -0.26494 0.30521 -0.0088623 -0.034769 0.05845 -0.043658 0.031239 -0.052054 0.060532 0.031239 -0.030876 -0.15216 -0.015558 0.0095531 0.19464 -0.11737 0.034183 -0.12259 0.063382 -0.21208 0.15788 -0.066536 -0.19447 -0.098407 0.052886 -0.29102 0.101 -0.08449 -0.25165 -0.12987 0.046017 -0.43208 0.055105 0.033699 -0.42085 -0.13747 0.15061 -0.74923 0.030688 0.1127 -0.74438 -0.15476 0.084629 -0.81221 0.017471 0.047499 -0.81019 -0.14555 -0.34424 0.46188
-0.17159 -0.17573 0.21809 0.08213 -0.20289 0.26241 -0.063747 -0.26684 0.3017 -0.010052 -0.035036 0.05807 -0.042376 0.032259 -0.052437 0.060523 0.032259 -0.029799 -0.1435 -0.006316 0.013584 0.19638 -0.12231 0.036081 -0.11157 0.073194 -0.20771 0.16134 -0.064563 -0.19137 -0.086806 0.061417 -0.28699 0.10727 -0.082526 -0.25101 -0.12811 0.048834 -0.43276 0.062933 0.036634 -0.42012 -0.13252 0.15333 -0.75011 0.036042 0.11981 -0.7425 -0.15935 0.092372 -0.81301 0.024379 0.057097 -0.81093 -0.15797 -0.34496 0.45673
-0.17778 -0.17216 0.21655 0.075033 -0.20676 0.26101 -0.072617 -0.26772 0.29873 -0.011247 -0.035079 0.057813 -0.041218 0.033158 -0.052787 0.060474 0.033158 -0.028906 -0.13491 0.0020793 0.018445 0.1978 -0.12924 0.0381 -0.099255 0.080731 -0.20262 0.16509 -0.065858 -0.18822 -0.075203 0.068408 -0.28204 0.11428 -0.083784 -0.25062 -0.12592 0.051583 -0.43333 0.070763 0.03791 -0.41916 -0.12584 0.15455 -0.75112 0.042912 0.1255 -0.74036 -0.16267 0.098963 -0.81365 0.032505 0.064964 -0.81093 -0.1711 -0.34389 0.45214
-0.18343 -0.16701 0.21586 0.067554 -0.21105 0.2601 -0.081976 -0.26753 0.29642 -0.01236 -0.034909 0.0577 -0.04028 0.033869 -0.053088 0.060383 0.033869 -0.028291 -0.12527 0.0088187 0.023688 0.19922 -0.13871 0.040681 -0.084831 0.08525 -0.19722 0.16975 -0.070892 -0.18469 -0.062532 0.072322 -0.27658 0.12224 -0.088415 -0.24986 -0.12198 0.054337 -0.43403 0.079319 0.037268 -0.41804 -0.11661 0.15561 -0.7522 0.052596 0.12916 -0.7381 -0.16304 0.10524 -0.81391 0.042788 0.070437 -0.81031 -0.18494 -0.34053 0.44832
-0.18829 -0.15994 0.21643 0.060017 -0.21629 0.26005 -0.091734 -0.26623 0.29486 -0.013303 -0.03454 0.057748 -0.039658 0.034325 -0.053321 0.060248 0.034325 -0.028053 -0.11345 0.013093 0.028862 0.20097 -0.1513 0.044263 -0.06749 0.086009 -0.19194 0.17591 -0.080138 -0.18043 -0.047729 0.071626 -0.27103 0.13132 -0.09657 -0.24809 -0.115 0.057166 -0.43513 0.08932 0.034453 -0.41682 -0.10404 0.1579 -0.75328 0.066391 0.13022 -0.73589 -0.1588 0.11206 -0.81356 0.056165 0.072852 -0.80914 -0.19945 -0.33437 0.44546
-0.19205 -0.15087 0.21853 0.052866 -0.22279 0.26111 -0.10158 -0.26388 0.29411 -0.013988 -0.034001 0.057962 -0.039437 0.034474 -0.053463 0.060072 0.034474 -0.028252 -0.098713 0.014327 0.033597 0.20338 -0.16709 0.049163 -0.04681 0.082556 -0.18713 0.18401 -0.093581 -0.1752 -0.030099 0.065263 -0.26574 0.14164 -0.10798 -0.24483 -0.10408 0.060003 -0.43679 0.1012 0.029369 -0.41557 -0.087758 0.16237 -0.75426 0.08503 0.12829 -0.73388 -0.14883 0.11993 -0.81242 0.073146 0.071772 -0.80754 -0.21432 -0.32526 0.44369
-0.1941 -0.14132 0.22171 0.047261 -0.22968 0.26299 -0.10994 -0.26116 0.29399 -0.014311 -0.033428 0.05827 -0.039645 0.034359 -0.053439 0.0599 0.034359 -0.028749 -0.082434 0.0133 0.037979 0.20681 -0.18336 0.054981 -0.024646 0.076137 -0.18273 0.19351 -0.10838 -0.16931 -0.011097 0.054996 -0.26076 0.15276 -0.11995 -0.24043 -0.090746 0.061959 -0.43867 0.11365 0.022878 -0.41434 -0.070049 0.16755 -0.75498 0.10595 0.1242 -0.7321 -0.13541 0.12752 -0.81073 0.091718 0.068067 -0.80568 -0.22746 -0.31504 0.44282
-0.19371 -0.13339 0.22525 0.044619 -0.23566 0.26513 -0.11478 -0.25897 0.29423 -0.014168 -0.032995 0.058569 -0.040284 0.034057 -0.05316 0.059789 0.034057 -0.02933 -0.066773 0.011285 0.042262 0.21162 -0.19641 0.061056 -0.0036796 0.068614 -0.17852 0.20352 -0.12067 -0.16332 0.0070433 0.043601 -0.25599 0.16407 -0.12889 -0.23559 -0.077376 0.061846 -0.44023 0.12478 0.016187 -0.41319 -0.054158 0.17111 -0.75524 0.1254 0.1192 -0.73056 -0.12203 0.13279 -0.80887 0.10896 0.063087 -0.80377 -0.23611 -0.30629 0.44251
-0.19015 -0.12917 0.22846 0.046358 -0.23945 0.26703 -0.11407 -0.25823 0.29455 -0.013452 -0.032877 0.058757 -0.041359 0.033646 -0.052537 0.0598 0.033646 -0.029784 -0.053893 0.0095567 0.046698 0.21818 -0.20251 0.066727 0.01341 0.061847 -0.17427 0.21315 -0.12657 -0.15775 0.022088 0.033859 -0.25138 0.17495 -0.13121 -0.23097 -0.066365 0.058479 -0.44094 0.13267 0.010501 -0.41214 -0.043329 0.1707 -0.75484 0.13962 0.11454 -0.72928 -0.11216 0.13374 -0.80722 0.12195 0.058179 -0.80201 -0.23753 -0.30158 0.44242
-0.18271 -0.13073 0.23061 0.053876 -0.23975 0.26814 -0.10579 -0.25983 0.2947 -0.012059 -0.033246 0.058735 -0.042873 0.033203 -0.05148 0.059988 0.033203 -0.029899 -0.045938 0.0093755 0.051533 0.22685 -0.19799 0.071335 0.023966 0.057682 -0.16979 0.22149 -0.12227 -0.15314 0.031823 0.028524 -0.24684 0.1848 -0.12336 -0.22725 -0.060074 0.050687 -0.44028 0.13543 0.0070163 -0.41126 -0.040767 0.16403 -0.75358 0.1449 0.11146 -0.72826 -0.10925 0.12836 -0.80614 0.12779 0.054681 -0.80058 -0.22902 -0.30345 0.44222
-0.17155 -0.13856 0.23131 0.067152 -0.23639 0.26801 -0.089872 -0.26409 0.29441 -0.010034 -0.03415 0.058459 -0.044747 0.032825 -0.04998 0.060327 0.032825 -0.029618 -0.043945 0.011187 0.056505 0.23756 -0.1822 0.074395 0.027124 0.056814 -0.16521 0.22817 -0.10698 -0.1499 0.035468 0.028575 -0.24256 0.19335 -0.1047 -0.2249 -0.059015 0.038531 -0.43821 0.13291 0.0061241 -0.41062 -0.047031 0.15076 -0.75158 0.14052 0.11055 -0.72754 -0.11421 0.11649 -0.80588 0.12599 0.053227 -0.79965 -0.2105 -0.31264 0.44157
-0.15826 -0.15051 0.23063 0.08384 -0.23094 0.26625 -0.069408 -0.27037 0.29345 -0.0076648 -0.035435 0.057982 -0.046766 0.032647 -0.048152 0.060654 0.032647 -0.029135 -0.047134 0.014098 0.060519 0.24958 -0.15948 0.075706 0.024953 0.058047 -0.16125 0.23359 -0.084882 -0.14826 0.034594 0.032082 -0.23914 0.20095 -0.079317 -0.2241 -0.060666 0.02408 -0.43549 0.1278 0.0068995 -0.41043 -0.058345 0.1338 -0.74948 0.13068 0.11131 -0.72726 -0.12374 0.10094 -0.80647 0.11992 0.0533 -0.79923 -0.18621 -0.32692 0.44014
-0.14459 -0.16418 0.22868 0.10138 -0.22518 0.26246 -0.047781 -0.27796 0.29159 -0.0052631 -0.036927 0.057365 -0.048704 0.032803 -0.046127 0.060794 0.032803 -0.028665 -0.054558 0.017091 0.062405 0.26208 -0.13458 0.075092 0.019795 0.060014 -0.15872 0.23823 -0.060628 -0.14843 0.030991 0.036846 -0.23722 0.208 -0.05174 -0.22495 -0.06222 0.0095939 -0.43294 0.12307 0.0082957 -0.41085 -0.070526 0.11636 -0.74796 0.12003 0.11315 -0.72751 -0.13415 0.084803 -0.80792 0.11334 0.054275 -0.79938 -0.16079 -0.34378 0.43758
-0.13228 -0.17719 0.22559 0.1172 -0.22085 0.25629 -0.028378 -0.28613 0.28859 -0.0031398 -0.038452 0.056671 -0.050335 0.033431 -0.044034 0.06057 0.033431 -0.028427 -0.065267 0.01915 0.060991 0.27426 -0.1123 0.072378 0.013991 0.061346 -0.15837 0.24257 -0.03887 -0.15063 0.026446 0.040667 -0.23745 0.21487 -0.026501 -0.22758 -0.060875 -0.0026701 -0.4314 0.12167 0.0092657 -0.41208 -0.079395 0.10167 -0.74769 0.11323 0.11545 -0.72843 -0.14178 0.071178 -0.81023 0.11001 0.055525 -0.80011 -0.13888 -0.3607 0.43354
-0.12289 -0.18728 0.22148 0.1289 -0.21957 0.24755 -0.014361 -0.29414 0.28431 -0.0015879 -0.039843 0.055961 -0.05144 0.03463 -0.042021 0.059844 0.03463 -0.028595 -0.078394 0.019499 0.055512 0.28529 -0.097145 0.067566 0.0095223 0.060845 -0.16069 0.24696 -0.024037 -0.15487 0.022432 0.041601 -0.24015 0.22184 -0.0079417 -0.23195 -0.054406 -0.010797 -0.43152 0.126 0.008696 -0.41416 -0.081326 0.09251 -0.74915 0.11427 0.11747 -0.73 -0.14343 0.062807 -0.81327 0.11308 0.056296 -0.80134 -0.12471 -0.37523 0.42784
-0.11663 -0.19333 0.21665 0.13539 -0.22173 0.23791 -0.0069766 -0.30101 0.27933 -0.00074199 -0.040968 0.055305 -0.051855 0.036192 -0.040408 0.058797 0.036192 -0.02898 -0.093771 0.019477 0.04874 0.29425 -0.091334 0.06221 0.0052449 0.058806 -0.16336 0.25049 -0.018647 -0.15963 0.017663 0.039918 -0.24302 0.228 0.0012659 -0.23658 -0.045638 -0.015854 -0.43238 0.13346 0.0048947 -0.41589 -0.077523 0.088116 -0.75092 0.12142 0.11699 -0.73104 -0.14024 0.059374 -0.81561 0.12052 0.05469 -0.80195 -0.11904 -0.38525 0.42148
-0.113 -0.19483 0.21145 0.13622 -0.22706 0.22998 -0.0064822 -0.30564 0.27461 -0.00065513 -0.041716 0.054773 -0.051449 0.037748 -0.039602 0.057776 0.037748 -0.029207 -0.11159 0.021508 0.045271 0.30016 -0.095894 0.058661 -0.0015962 0.056293 -0.16267 0.25157 -0.024232 -0.16256 0.0094361 0.037028 -0.24241 0.23184 -0.00069367 -0.23924 -0.039998 -0.020445 -0.43225 0.13891 -0.0041278 -0.41545 -0.071677 0.085863 -0.75064 0.12999 0.11106 -0.72976 -0.13555 0.058989 -0.81518 0.12762 0.048223 -0.80031 -0.12082 -0.38888 0.41612
-0.11148 -0.19125 0.20625 0.131 -0.23532 0.22636 -0.013127 -0.30693 0.27113 -0.0013797 -0.041977 0.054439 -0.050089 0.03893 -0.04001 0.057128 0.03893 -0.028898 -0.13204 0.028026 0.049712 0.30203 -0.11184 0.059278 -0.013769 0.054375 -0.15486 0.24866 -0.042316 -0.16128 -0.0049662 0.034352 -0.23464 0.23185 -0.015628 -0.23768 -0.042932 -0.027187 -0.4294 0.13719 -0.020364 -0.41099 -0.067501 0.083113 -0.74593 0.13528 0.096741 -0.72437 -0.13274 0.059747 -0.80989 0.12966 0.034404 -0.79476 -0.12902 -0.3842 0.41343
-0.11158 -0.18207 0.2014 0.11931 -0.24625 0.22967 -0.027154 -0.30379 0.26984 -0.0029676 -0.041642 0.054374 -0.047643 0.039369 -0.042038 0.057201 0.039369 -0.027677 -0.15533 0.041452 0.066662 0.29891 -0.14019 0.066413 -0.034035 0.054117 -0.13622 0.24018 -0.074413 -0.15347 -0.028252 0.033306 -0.21605 0.22653 -0.045336 -0.22969 -0.059874 -0.038691 -0.4221 0.12314 -0.045797 -0.40067 -0.068699 0.077236 -0.73442 0.13259 0.071077 -0.7131 -0.13517 0.059747 -0.79766 0.12193 0.010753 -0.78365 -0.14256 -0.36933 0.41506
-0.1129 -0.168 0.19749 0.10198 -0.25935 0.24066 -0.047528 -0.29636 0.27101 -0.0052948 -0.040752 0.054582 -0.044265 0.038934 -0.045625 0.05813 0.038934 -0.025442 -0.18162 0.061154 0.098061 0.29106 -0.1798 0.08074 -0.063408 0.055228 -0.10513 0.22595 -0.11957 -0.13839 -0.061175 0.033892 -0.18508 0.21569 -0.08899 -0.21458 -0.092663 -0.056162 -0.40958 0.094752 -0.080504 -0.38385 -0.077105 0.066845 -0.71519 0.11959 0.033616 -0.69533 -0.14441 0.057756 -0.7778 0.10233 -0.023072 -0.76643 -0.15993 -0.34481 0.42139
-0.11536 -0.15263 0.19561 0.082731 -0.27365 0.25589 -0.070257 -0.28765 0.27328 -0.0078319 -0.039703 0.054913 -0.040765 0.03804 -0.049634 0.05956 0.03804 -0.022726 -0.21107 0.079435 0.1397 0.28163 -0.22458 0.099059 -0.09887 0.054291 -0.064908 0.20891 -0.17113 -0.11904 -0.099968 0.032857 -0.145 0.20216 -0.1397 -0.19529 -0.13483 -0.077559 -0.39329 0.057262 -0.12015 -0.36259 -0.090231 0.05343 -0.6907 0.099387 -0.01034 -0.67319 -0.1579 0.054089 -0.75289 0.074802 -0.062475 -0.74507 -0.17853 -0.31681 0.4299
-0.1189 -0.13991 0.19691 0.065668 -0.28805 0.27126 -0.090931 -0.28109 0.27509 -0.0099922 -0.038939 0.055192 -0.038045 0.037181 -0.052775 0.061069 0.037181 -0.020149 -0.24379 0.087606 0.18652 0.27418 -0.26773 0.11762 -0.13683 0.047448 -0.019545 0.19249 -0.22165 -0.098982 -0.14023 0.026484 -0.099783 0.18922 -0.18973 -0.17525 -0.17875 -0.10038 -0.37497 0.016934 -0.15977 -0.33934 -0.10498 0.03889 -0.66389 0.075848 -0.054681 -0.6492 -0.17248 0.049277 -0.72595 0.044142 -0.10216 -0.72188 -0.19562 -0.2923 0.43766
-0.12347 -0.13382 0.20255 0.054911 -0.30151 0.28273 -0.10514 -0.28008 0.27486 -0.011189 -0.038904 0.055247 -0.037009 0.036851 -0.05376 0.062234 0.036851 -0.018332 -0.27992 0.076977 0.23345 0.27226 -0.30246 0.13269 -0.17371 0.030838 0.026956 0.18008 -0.26365 -0.081739 -0.17756 0.01106 -0.053402 0.18015 -0.23133 -0.15788 -0.21678 -0.12213 -0.35639 -0.019969 -0.19442 -0.31656 -0.11825 0.025121 -0.63769 0.052852 -0.093297 -0.62586 -0.18502 0.043852 -0.70001 0.015151 -0.13684 -0.6992 -0.20846 -0.27826 0.4417
-0.12895 -0.1379 0.21357 0.054309 -0.31289 0.28654 -0.10874 -0.2876 0.27122 -0.010873 -0.039984 0.054926 -0.038481 0.037488 -0.051419 0.06265 0.037488 -0.017871 -0.3193 0.039847 0.27547 0.27914 -0.32234 0.14073 -0.20597 0.0010345 0.070593 0.17487 -0.29015 -0.070634 -0.20769 -0.016729 -0.0098267 0.17797 -0.25723 -0.1464 -0.2417 -0.1405 -0.33923 -0.047481 -0.21946 -0.2966 -0.12713 0.013826 -0.61492 0.0341 -0.12048 -0.6056 -0.19256 0.038227 -0.67796 -0.007599 -0.16157 -0.67927 -0.21437 -0.28098 0.43943
-0.1342 -0.14993 0.22945 0.064102 -0.32014 0.28322 -0.10113 -0.30063 0.2657 -0.0089966 -0.041763 0.054362 -0.042225 0.038782 -0.046215 0.062182 0.038782 -0.018991 -0.35761 -0.018077 0.30838 0.29395 -0.32566 0.1413 -0.23091 -0.03956 0.10732 0.17691 -0.30038 -0.065971 -0.22836 -0.054747 0.026885 0.18243 -0.26661 -0.14118 -0.25177 -0.1556 -0.32427 -0.063667 -0.23482 -0.28077 -0.13096 0.0040758 -0.5969 0.020905 -0.13594 -0.5897 -0.19466 0.03123 -0.66105 -0.022574 -0.17623 -0.66336 -0.21155 -0.29762 0.43258
-0.13734 -0.16354 0.24854 0.081926 -0.3206 0.27639 -0.084278 -0.31185 0.26187 -0.0058745 -0.043248 0.053893 -0.047242 0.039888 -0.039789 0.060887 0.039888 -0.021657 -0.38756 -0.081427 0.32856 0.31286 -0.31419 0.13617 -0.24643 -0.08434 0.13307 0.18398 -0.29806 -0.065882 -0.23872 -0.096935 0.052616 0.19096 -0.26329 -0.14048 -0.24924 -0.16935 -0.31164 -0.069493 -0.24371 -0.26955 -0.13076 -0.0069523 -0.58385 0.012862 -0.14333 -0.57862 -0.19275 0.020544 -0.64931 -0.030433 -0.18418 -0.65204 -0.19888 -0.31876 0.42609
-0.13646 -0.17226 0.26915 0.10536 -0.31158 0.26974 -0.060197 -0.31383 0.26337 -0.0018296 -0.04343 0.053865 -0.052515 0.039946 -0.033804 0.058826 0.039946 -0.025826 -0.40179 -0.13462 0.33238 0.332 -0.28974 0.12714 -0.25042 -0.1266 0.14377 0.19385 -0.28701 -0.068453 -0.23793 -0.13715 0.063247 0.20089 -0.25119 -0.14256 -0.23642 -0.18369 -0.30143 -0.065991 -0.24938 -0.26343 -0.12758 -0.022125 -0.57599 0.00953 -0.14636 -0.5728 -0.18826 0.0038259 -0.64276 -0.031882 -0.18885 -0.64586 -0.17522 -0.33483 0.42493
-0.12968 -0.16962 0.2896 0.13198 -0.29037 0.26695 -0.030908 -0.29914 0.27384 0.0028155 -0.041305 0.054619 -0.057026 0.038098 -0.029927 0.056062 0.038098 -0.031453 -0.39295 -0.16207 0.31624 0.34747 -0.25414 0.11603 -0.2408 -0.15965 0.13534 0.20425 -0.27106 -0.071768 -0.22519 -0.16923 0.054659 0.20957 -0.23423 -0.14564 -0.21565 -0.20055 -0.29377 -0.054193 -0.25513 -0.26291 -0.12246 -0.044307 -0.57352 0.010466 -0.14875 -0.57267 -0.18264 -0.021266 -0.6414 -0.027626 -0.19367 -0.64538 -0.13944 -0.33627 0.43409
-0.11616 -0.15163 0.30842 0.15945 -0.25586 0.2705 0.0013511 -0.26357 0.29514 0.007718 -0.036303 0.056343 -0.060041 0.033848 -0.029262 0.052738 0.033848 -0.038324 -0.35767 -0.15411 0.27928 0.35653 -0.2097 0.10449 -0.21725 -0.17896 0.10644 0.21352 -0.25339 -0.07423 -0.20099 -0.18906 0.025524 0.21526 -0.21585 -0.14825 -0.18937 -0.22104 -0.28855 -0.035561 -0.26331 -0.26786 -0.11631 -0.074908 -0.57616 0.015024 -0.15333 -0.5781 -0.17699 -0.055738 -0.6448 -0.018638 -0.20116 -0.65053 -0.092031 -0.31699 0.4563
-0.098564 -0.12245 0.3248 0.18571 -0.21214 0.27881 0.033621 -0.21356 0.32328 0.012468 -0.029301 0.0587 -0.061755 0.027905 -0.031046 0.049272 0.027905 -0.045647 -0.30572 -0.12066 0.22978 0.3603 -0.16041 0.09367 -0.18541 -0.18718 0.064769 0.22196 -0.23511 -0.075296 -0.17017 -0.19922 -0.016224 0.21913 -0.19789 -0.14985 -0.16045 -0.24355 -0.28502 -0.012987 -0.27334 -0.27621 -0.10951 -0.1105 -0.58198 0.021887 -0.15993 -0.58699 -0.17127 -0.096155 -0.65107 -0.0067613 -0.21086 -0.65921 -0.038748 -0.28248 0.48688
-0.08028 -0.087937 0.33808 0.20877 -0.16438 0.28949 0.06279 -0.1578 0.35307 0.016643 -0.021478 0.061244 -0.062555 0.021228 -0.034133 0.046141 0.021228 -0.052509 -0.24966 -0.075705 0.17789 0.36067 -0.11061 0.084605 -0.15218 -0.18846 0.019903 0.23026 -0.21689 -0.074644 -0.13847 -0.20368 -0.060737 0.223 -0.18185 -0.15012 -0.13184 -0.26587 -0.28229 0.01034 -0.284 -0.28548 -0.10238 -0.14666 -0.58873 0.029597 -0.16778 -0.59682 -0.1652 -0.13817 -0.65797 0.0059757 -0.22167 -0.6689 0.01354 -0.24063 0.51959
-0.0647 -0.05396 0.34759 0.22662 -0.11777 0.30014 0.085749 -0.10494 0.37929 0.019819 -0.014013 0.063531 -0.06283 0.014775 -0.037375 0.043821 0.014775 -0.058002 -0.202 -0.03324 0.13379 0.35955 -0.064608 0.078329 -0.12441 -0.18696 -0.018579 0.23913 -0.19941 -0.071949 -0.11164 -0.20639 -0.098163 0.22867 -0.16923 -0.14871 -0.10649 -0.28581 -0.27945 0.031233 -0.29407 -0.29317 -0.095189 -0.17895 -0.59415 0.036698 -0.17611 -0.6051 -0.1585 -0.17742 -0.6633 0.017546 -0.2325 -0.67706 0.057965 -0.19931 0.5482
-0.05511 -0.026216 0.35273 0.23735 -0.077346 0.30841 0.099507 -0.06339 0.39692 0.02159 -0.0080497 0.065131 -0.062959 0.0094777 -0.039657 0.042765 0.0094777 -0.061249 -0.17485 -0.0067894 0.1073 0.35877 -0.026617 0.07583 -0.10875 -0.1867 -0.041418 0.24923 -0.1833 -0.066923 -0.095226 -0.21121 -0.11898 0.23788 -0.16148 -0.14531 -0.087246 -0.30125 -0.27565 0.04661 -0.30239 -0.29689 -0.088239 -0.20312 -0.59605 0.041778 -0.18414 -0.60942 -0.15092 -0.20971 -0.66492 0.025987 -0.24228 -0.68127 0.087895 -0.16617 0.56669
-0.052318 -0.0066776 0.35394 0.24091 -0.045138 0.31353 0.10385 -0.035644 0.40487 0.021948 -0.0039383 0.065945 -0.063112 0.0056268 -0.040626 0.042961 0.0056268 -0.06219 -0.17024 0.00066455 0.10005 0.35877 0.0021114 0.076893 -0.10634 -0.18883 -0.046606 0.26016 -0.16889 -0.060104 -0.090271 -0.21905 -0.12117 0.2506 -0.15851 -0.14009 -0.074623 -0.31173 -0.27073 0.055811 -0.30858 -0.29622 -0.081634 -0.21882 -0.59409 0.044459 -0.19147 -0.60934 -0.14244 -0.23436 -0.66254 0.030805 -0.25056 -0.68106 0.10211 -0.14348 0.57392
-0.05466 0.0064116 0.35271 0.23913 -0.02018 0.31627 0.10133 -0.018285 0.40603 0.021283 -0.0012358 0.066205 -0.063252 0.0028736 -0.040689 0.043928 0.0028736 -0.061581 -0.18016 -0.0033112 0.10549 0.35861 0.023262 0.080111 -0.11281 -0.19164 -0.039388 0.27044 -0.15612 -0.052853 -0.093315 -0.22789 -0.11024 0.26511 -0.15877 -0.13372 -0.066796 -0.31849 -0.26524 0.060601 -0.31306 -0.29272 -0.0753 -0.22958 -0.58977 0.045401 -0.19802 -0.6064 -0.13336 -0.25422 -0.65771 0.032977 -0.25753 -0.67798 0.1048 -0.12815 0.57364
-0.060364 0.014968 0.35061 0.23392 -0.0013681 0.31745 0.09464 -0.0076368 0.40344 0.020001 0.00053535 0.066158 -0.063333 0.00084185 -0.040286 0.045163 0.00084185 -0.060213 -0.19616 -0.010691 0.11672 0.35727 0.038648 0.084024 -0.12357 -0.19328 -0.025326 0.27859 -0.14494 -0.046571 -0.1007 -0.2356 -0.092003 0.27958 -0.16059 -0.12687 -0.061837 -0.32283 -0.25974 0.06285 -0.31629 -0.28803 -0.069155 -0.23913 -0.58465 0.045308 -0.20376 -0.60222 -0.12396 -0.27229 -0.65207 0.033547 -0.26336 -0.67366 0.10039 -0.11682 0.56981
-0.067656 0.02091 0.34918 0.22717 0.012399 0.31791 0.086447 -2.4478e-05 0.40014 0.01851 0.0018528 0.066052 -0.063308 -0.000845 -0.039856 0.046164 -0.000845 -0.058878 -0.20977 -0.01345 0.12683 0.35375 0.050086 0.087172 -0.13401 -0.1919 -0.0099811 0.28309 -0.13527 -0.042654 -0.10878 -0.24002 -0.072295 0.29219 -0.16234 -0.12023 -0.057819 -0.32603 -0.25483 0.06443 -0.31873 -0.28382 -0.063118 -0.25118 -0.5803 0.044884 -0.20863 -0.59845 -0.11454 -0.29155 -0.64724 0.033554 -0.26826 -0.66971 0.093305 -0.10616 0.5664
-0.074974 0.025915 0.34964 0.22054 0.022201 0.31834 0.07905 0.0076474 0.39867 0.017157 0.0031307 0.066089 -0.063145 -0.0024953 -0.039758 0.046533 -0.0024953 -0.058221 -0.21422 -0.0053176 0.13023 0.34735 0.059172 0.088372 -0.14045 -0.18619 0.0019519 0.28295 -0.12708 -0.042141 -0.11455 -0.23957 -0.056052 0.30149 -0.16272 -0.11441 -0.053159 -0.3292 -0.25098 0.06685 -0.3208 -0.28139 -0.057135 -0.26862 -0.57797 0.044733 -0.21265 -0.5964 -0.10534 -0.31433 -0.64452 0.033889 -0.27246 -0.66747 0.087293 -0.093497 0.56659
-0.081755 0.030511 0.35161 0.21446 0.029005 0.31874 0.072899 0.015676 0.39902 0.016003 0.0044762 0.066252 -0.062891 -0.0040892 -0.039958 0.046378 -0.0040892 -0.058182 -0.21064 0.011508 0.12752 0.33891 0.066465 0.087783 -0.14373 -0.17733 0.0099663 0.27967 -0.12038 -0.044336 -0.11832 -0.23518 -0.043945 0.30772 -0.16208 -0.10963 -0.047933 -0.33234 -0.24818 0.069891 -0.32265 -0.28047 -0.051283 -0.29031 -0.57736 0.04499 -0.21623 -0.59587 -0.096464 -0.33973 -0.64364 0.034713 -0.27635 -0.66673 0.082835 -0.079401 0.56994
-0.087739 0.034876 0.35421 0.20899 0.033745 0.31891 0.067882 0.023513 0.40042 0.015021 0.0059039 0.066459 -0.062615 -0.0055075 -0.040304 0.045957 -0.0055075 -0.058493 -0.20261 0.032276 0.12123 0.32973 0.07221 0.085964 -0.146 -0.16725 0.014816 0.27551 -0.11524 -0.048018 -0.12134 -0.22861 -0.035359 0.31164 -0.16126 -0.10601 -0.042719 -0.33515 -0.24629 0.072809 -0.32436 -0.28029 -0.045679 -0.31389 -0.57772 0.045644 -0.21986 -0.59622 -0.087945 -0.36584 -0.64381 0.035967 -0.28039 -0.66685 0.079427 -0.065413 0.57487
-0.092668 0.039191 0.35658 0.20418 0.037355 0.31865 0.063891 0.030614 0.4021 0.014186 0.0074288 0.066628 -0.062386 -0.0066313 -0.040643 0.045527 -0.0066313 -0.05888 -0.19368 0.052235 0.11386 0.32112 0.076649 0.08348 -0.14945 -0.15789 0.017257 0.27272 -0.11168 -0.051965 -0.12489 -0.22159 -0.02968 0.31403 -0.16113 -0.10368 -0.038093 -0.33734 -0.24514 0.074862 -0.32604 -0.28009 -0.04044 -0.33701 -0.57829 0.046684 -0.22406 -0.5968 -0.079824 -0.39079 -0.64428 0.037591 -0.28502 -0.66721 0.076566 -0.053075 0.57981
-0.096287 0.043633 0.35786 0.20007 0.04076 0.31775 0.060816 0.036439 0.4033 0.013471 0.0090649 0.066678 -0.062271 -0.0073438 -0.040825 0.045344 -0.0073438 -0.059077 -0.18739 0.066693 0.10788 0.31435 0.080029 0.080886 -0.1562 -0.15116 0.01804 0.27352 -0.10976 -0.054972 -0.1302 -0.21583 -0.026291 0.31564 -0.16251 -0.10273 -0.034626 -0.33861 -0.24458 0.075317 -0.32777 -0.27913 -0.035685 -0.35735 -0.57831 0.048098 -0.22931 -0.59699 -0.072144 -0.41269 -0.64427 0.039523 -0.29068 -0.66716 0.073754 -0.043905 0.58322
-0.098606 0.048294 0.35772 0.19666 0.044518 0.31621 0.0585 0.040848 0.40368 0.012857 0.010807 0.066572 -0.062293 -0.0076284 -0.040792 0.045518 -0.0076284 -0.058962 -0.18528 0.073637 0.10448 0.30994 0.082624 0.07852 -0.1667 -0.14792 0.017789 0.2785 -0.10924 -0.056487 -0.13762 -0.21231 -0.024614 0.31714 -0.16536 -0.10306 -0.03256 -0.33892 -0.24447 0.073958 -0.32953 -0.27716 -0.031551 -0.37381 -0.57744 0.049742 -0.23558 -0.5965 -0.065049 -0.43071 -0.64346 0.041565 -0.29728 -0.66645 0.070752 -0.038256 0.58449
-0.1 0.05315 0.3566 0.19379 0.048679 0.31431 0.056728 0.044247 0.40343 0.012334 0.01262 0.06634 -0.062407 -0.0076078 -0.040611 0.045955 -0.0076078 -0.058614 -0.18621 0.07477 0.10304 0.30726 0.084748 0.076417 -0.17904 -0.14755 0.01695 0.28597 -0.10951 -0.056869 -0.14623 -0.21097 -0.024117 0.31903 -0.16843 -0.10424 -0.031684 -0.33856 -0.24467 0.071279 -0.33119 -0.27463 -0.028209 -0.38703 -0.57592 0.051296 -0.24208 -0.59559 -0.058825 -0.44538 -0.64206 0.04333 -0.30402 -0.66536 0.067683 -0.03487 0.58429
-0.10088 0.058164 0.35496 0.19134 0.053254 0.31235 0.055277 0.047085 0.40281 0.011891 0.014468 0.066014 -0.062567 -0.0074148 -0.040362 0.046546 -0.0074148 -0.058129 -0.18884 0.07207 0.10282 0.30564 0.086721 0.074587 -0.19116 -0.14933 0.015958 0.2941 -0.10993 -0.056544 -0.15503 -0.21166 -0.024273 0.32182 -0.17035 -0.1058 -0.031755 -0.33786 -0.24505 0.067829 -0.3326 -0.27206 -0.02583 -0.39777 -0.57402 0.052423 -0.248 -0.59453 -0.053768 -0.45736 -0.64037 0.044417 -0.31002 -0.6642 0.064696 -0.032366 0.58341
-0.10164 0.063302 0.3533 0.18914 0.058254 0.31061 0.053925 0.049811 0.40207 0.01152 0.016317 0.065626 -0.062723 -0.0071823 -0.040121 0.047183 -0.0071823 -0.057601 -0.19181 0.067516 0.10308 0.30439 0.08886 0.073042 -0.20098 -0.15253 0.015245 0.30104 -0.10987 -0.055936 -0.16299 -0.21425 -0.024555 0.326 -0.16979 -0.10729 -0.032529 -0.33714 -0.24548 0.064156 -0.33363 -0.26994 -0.024586 -0.40679 -0.57201 0.052789 -0.25249 -0.59361 -0.050177 -0.4673 -0.63864 0.044427 -0.31444 -0.66328 0.061939 -0.029368 0.58261
-0.10264 0.068498 0.35203 0.18705 0.06366 0.30934 0.052468 0.052812 0.40143 0.011207 0.018137 0.065204 -0.062833 -0.0070331 -0.039958 0.047766 -0.0070331 -0.057117 -0.19393 0.06293 0.10312 0.30289 0.091453 0.071781 -0.20673 -0.15645 0.015171 0.30519 -0.10875 -0.055446 -0.16924 -0.21852 -0.024514 0.33196 -0.16559 -0.10832 -0.033748 -0.3367 -0.24583 0.060791 -0.33414 -0.26874 -0.024573 -0.41476 -0.57014 0.052167 -0.25491 -0.59309 -0.048255 -0.4758 -0.63714 0.0431 -0.31659 -0.66289 0.059529 -0.024675 0.58258
-0.10398 0.073452 0.35109 0.18494 0.069246 0.30847 0.05082 0.056051 0.40092 0.010909 0.019953 0.064737 -0.062888 -0.0070198 -0.039874 0.04826 -0.0070198 -0.056701 -0.19512 0.059045 0.10271 0.30094 0.094568 0.070716 -0.20878 -0.16049 0.015571 0.30663 -0.10648 -0.055301 -0.1738 -0.22374 -0.024258 0.33922 -0.158 -0.10892 -0.035061 -0.33656 -0.2461 0.058144 -0.3342 -0.26843 -0.02535 -0.42188 -0.5685 0.051103 -0.25583 -0.59309 -0.047555 -0.483 -0.63598 0.041183 -0.31715 -0.6631 0.057356 -0.018356 0.58332
-0.10563 0.077763 0.35021 0.18265 0.074693 0.30774 0.048944 0.059305 0.40046 0.010571 0.021815 0.064198 -0.062898 -0.0071646 -0.039841 0.048657 -0.0071646 -0.056351 -0.19578 0.056119 0.10177 0.29853 0.098181 0.069721 -0.20841 -0.16411 0.016053 0.30616 -0.10315 -0.055649 -0.17708 -0.22893 -0.024136 0.34691 -0.14787 -0.10934 -0.036072 -0.33666 -0.24631 0.056571 -0.33393 -0.26883 -0.026244 -0.4281 -0.56709 0.050477 -0.25641 -0.59369 -0.047346 -0.4889 -0.6352 0.039862 -0.31738 -0.66392 0.055212 -0.011025 0.58452
-0.10754 0.081031 0.34911 0.18004 0.079683 0.30692 0.046808 0.062351 0.4 0.01014 0.023772 0.063561 -0.062869 -0.0074894 -0.039832 0.048947 -0.0074894 -0.056063 -0.1963 0.05441 0.10026 0.29567 0.10227 0.068668 -0.20694 -0.16677 0.016225 0.30459 -0.098859 -0.05664 -0.1795 -0.23312 -0.024498 0.35418 -0.13607 -0.10979 -0.036389 -0.33692 -0.2465 0.05643 -0.33348 -0.26973 -0.026579 -0.43339 -0.56592 0.051172 -0.25776 -0.59495 -0.046896 -0.49346 -0.63484 0.04032 -0.31853 -0.66533 0.052888 -0.0033017 0.58586
-0.10968 0.082857 0.34754 0.17697 0.083898 0.30579 0.044377 0.064965 0.39947 0.009561 0.025873 0.062799 -0.06281 -0.0080159 -0.039818 0.049122 -0.0080159 -0.055837 -0.1971 0.054172 0.098106 0.29235 0.10679 0.067431 -0.20565 -0.16793 0.015697 0.30272 -0.093714 -0.058425 -0.18146 -0.23537 -0.025692 0.36018 -0.12344 -0.1105 -0.03562 -0.33727 -0.24669 0.058074 -0.33296 -0.27092 -0.025687 -0.43771 -0.56499 0.054065 -0.26103 -0.59694 -0.045477 -0.49666 -0.63493 0.043736 -0.32186 -0.66732 0.050177 0.0041971 0.58706
-0.11199 0.083178 0.34538 0.17345 0.087171 0.30421 0.041697 0.067031 0.39882 0.008825 0.028123 0.061901 -0.062728 -0.0087255 -0.039788 0.049189 -0.0087255 -0.055665 -0.19832 0.055462 0.095353 0.28866 0.1116 0.065949 -0.20543 -0.16736 0.014362 0.30108 -0.087967 -0.061029 -0.18331 -0.23519 -0.027798 0.36422 -0.11092 -0.11175 -0.033714 -0.33765 -0.24692 0.061491 -0.33247 -0.27225 -0.023402 -0.44102 -0.56434 0.059498 -0.26685 -0.59959 -0.042857 -0.49855 -0.63548 0.05055 -0.32807 -0.66977 0.047006 0.011028 0.58791
-0.11428 0.082574 0.34285 0.16976 0.089622 0.30234 0.038964 0.068631 0.39807 0.0080127 0.030447 0.060891 -0.062627 -0.0095211 -0.039758 0.049182 -0.0095211 -0.055536 -0.19968 0.057949 0.092214 0.28488 0.11623 0.064278 -0.20632 -0.16546 0.01267 0.29958 -0.082164 -0.064246 -0.18523 -0.23306 -0.030382 0.366 -0.099608 -0.11384 -0.031277 -0.33801 -0.24724 0.065956 -0.33202 -0.27361 -0.020541 -0.44328 -0.56402 0.066773 -0.27487 -0.60255 -0.039761 -0.49936 -0.63636 0.059758 -0.33678 -0.67232 0.043567 0.017085 0.58842
-0.11637 0.0817 0.34017 0.16624 0.091403 0.30034 0.036395 0.069871 0.39723 0.0072146 0.03276 0.059795 -0.062515 -0.010297 -0.039745 0.04914 -0.010297 -0.055437 -0.20085 0.061258 0.088927 0.2813 0.12022 0.062492 -0.20829 -0.16268 0.011132 0.29809 -0.076886 -0.06784 -0.18737 -0.22958 -0.032946 0.36521 -0.090614 -0.1171 -0.028995 -0.3383 -0.24766 0.070662 -0.33159 -0.27491 -0.018035 -0.44442 -0.56412 0.075074 -0.28465 -0.60547 -0.037026 -0.49934 -0.63746 0.070194 -0.34749 -0.67459 0.040082 0.0223 0.58861
-0.1181 0.081213 0.3376 0.16322 0.092669 0.29835 0.034206 0.07086 0.39631 0.0065212 0.034977 0.058639 -0.062396 -0.010946 -0.03977 0.0491 -0.010946 -0.055355 -0.20148 0.065013 0.085728 0.27822 0.12309 0.060662 -0.2113 -0.15949 0.010261 0.29645 -0.072713 -0.071576 -0.18991 -0.22533 -0.034996 0.36159 -0.085048 -0.12185 -0.027549 -0.33847 -0.24824 0.074805 -0.33118 -0.27606 -0.016814 -0.44441 -0.56472 0.083582 -0.29572 -0.60797 -0.035488 -0.49871 -0.63863 0.080692 -0.35972 -0.67619 0.036773 0.026606 0.58852
-0.11928 0.081707 0.33535 0.16098 0.093559 0.29654 0.032592 0.071696 0.39533 0.0060157 0.037017 0.057451 -0.062275 -0.011373 -0.03985 0.049098 -0.011373 -0.055277 -0.20126 0.068852 0.082837 0.27591 0.1244 0.058862 -0.21528 -0.15631 0.010488 0.29455 -0.070172 -0.075229 -0.19296 -0.22089 -0.036104 0.35493 -0.083859 -0.12835 -0.027563 -0.33847 -0.249 0.077655 -0.33078 -0.27696 -0.01772 -0.44321 -0.56587 0.09153 -0.30765 -0.60971 -0.035908 -0.49771 -0.63977 0.090161 -0.37296 -0.67677 0.033842 0.029964 0.58817
-0.11994 0.083127 0.33344 0.15951 0.094068 0.29495 0.031533 0.072382 0.39432 0.005702 0.03884 0.056271 -0.062158 -0.011575 -0.039979 0.049142 -0.011575 -0.0552 -0.20027 0.07253 0.080299 0.27442 0.12423 0.057171 -0.21957 -0.1533 0.011401 0.2924 -0.069215 -0.078677 -0.19626 -0.21657 -0.0366 0.34607 -0.086224 -0.13613 -0.029005 -0.33832 -0.24993 0.079332 -0.33037 -0.27764 -0.020658 -0.44093 -0.56752 0.098666 -0.32002 -0.61065 -0.038232 -0.4964 -0.64082 0.098327 -0.38676 -0.67632 0.031302 0.032634 0.58766
-0.12019 0.085017 0.33178 0.15861 0.0941 0.29355 0.030879 0.072867 0.39334 0.0055357 0.040433 0.055147 -0.062048 -0.01161 -0.040137 0.04922 -0.01161 -0.055122 -0.19885 0.075876 0.078048 0.27363 0.12294 0.05567 -0.2232 -0.15044 0.012067 0.29008 -0.069443 -0.081861 -0.19932 -0.21257 -0.03727 0.33646 -0.090242 -0.1443 -0.031447 -0.33803 -0.25097 0.08047 -0.3299 -0.27813 -0.024959 -0.43779 -0.56951 0.10506 -0.33248 -0.61093 -0.041909 -0.49476 -0.64179 0.10541 -0.40068 -0.67507 0.029045 0.035061 0.5871
-0.12018 0.08692 0.33025 0.15805 0.093561 0.29233 0.030476 0.073097 0.39246 0.0054718 0.041783 0.05413 -0.061949 -0.011538 -0.040306 0.049323 -0.011538 -0.055042 -0.19731 0.078723 0.07602 0.27344 0.1209 0.054442 -0.2252 -0.14772 0.011547 0.2877 -0.070449 -0.08472 -0.20162 -0.20905 -0.038909 0.32756 -0.093995 -0.15195 -0.034451 -0.33764 -0.25206 0.081712 -0.32935 -0.2785 -0.029946 -0.434 -0.5717 0.11077 -0.34463 -0.61068 -0.04638 -0.49275 -0.64267 0.11166 -0.41428 -0.67322 0.026963 0.037693 0.5866
-0.12001 0.088376 0.32875 0.15763 0.092353 0.29124 0.030172 0.073021 0.39172 0.0054651 0.042877 0.053266 -0.061865 -0.011415 -0.040465 0.049439 -0.011415 -0.054959 -0.19598 0.080901 0.074148 0.27372 0.11847 0.053568 -0.22457 -0.14511 0.0089023 0.28536 -0.071831 -0.087198 -0.20266 -0.20619 -0.042311 0.32081 -0.095568 -0.15818 -0.037584 -0.33717 -0.25315 0.0837 -0.32867 -0.27881 -0.034944 -0.42979 -0.57394 0.11588 -0.35612 -0.61004 -0.051087 -0.49036 -0.64346 0.11728 -0.42715 -0.67098 0.024947 0.040975 0.58628
-0.11978 0.089072 0.32721 0.15719 0.090451 0.29029 0.029858 0.072611 0.39118 0.0054807 0.043717 0.052585 -0.061798 -0.011287 -0.040601 0.049559 -0.011287 -0.054875 -0.19509 0.082317 0.07239 0.27438 0.11595 0.053092 -0.22082 -0.14261 0.0036435 0.28314 -0.073291 -0.089259 -0.20216 -0.2041 -0.04789 0.31709 -0.093831 -0.16241 -0.040514 -0.33666 -0.25421 0.086832 -0.32786 -0.27911 -0.03945 -0.42534 -0.57612 0.12044 -0.36664 -0.60913 -0.055609 -0.48757 -0.64415 0.12245 -0.43891 -0.66856 0.022933 0.045144 0.58622
-0.1195 0.089101 0.32568 0.15675 0.088027 0.28946 0.029555 0.071916 0.39079 0.0055119 0.044341 0.052064 -0.061744 -0.011164 -0.040716 0.04968 -0.011164 -0.05479 -0.19457 0.083096 0.070768 0.27535 0.11335 0.052947 -0.21477 -0.14029 -0.0034822 0.28107 -0.074827 -0.090941 -0.20046 -0.20266 -0.055004 0.31565 -0.089825 -0.16494 -0.043203 -0.33613 -0.2552 0.090835 -0.32696 -0.27939 -0.043447 -0.42081 -0.57819 0.12444 -0.37612 -0.60804 -0.059904 -0.48449 -0.64479 0.12709 -0.44948 -0.6661 0.020975 0.049845 0.58635
-0.11918 0.088626 0.32422 0.15637 0.085284 0.28876 0.029303 0.070998 0.39053 0.005557 0.044794 0.051669 -0.061702 -0.011048 -0.040813 0.049797 -0.011048 -0.054708 -0.19433 0.083397 0.069315 0.27656 0.11065 0.053049 -0.20746 -0.13821 -0.011515 0.27918 -0.076488 -0.092289 -0.198 -0.2017 -0.062836 0.31548 -0.084963 -0.16625 -0.045658 -0.3356 -0.25613 0.09532 -0.32601 -0.27965 -0.047001 -0.41634 -0.58011 0.12787 -0.3845 -0.60685 -0.063995 -0.48123 -0.64541 0.13112 -0.45876 -0.66373 0.019149 0.054625 0.58659
-0.11879 0.087808 0.32289 0.15609 0.082428 0.28817 0.029142 0.069919 0.39034 0.0056139 0.045122 0.051368 -0.061666 -0.010944 -0.040896 0.049908 -0.010944 -0.05463 -0.19426 0.083379 0.068064 0.27793 0.10782 0.053313 -0.19994 -0.13645 -0.019495 0.2775 -0.078324 -0.093352 -0.19522 -0.20106 -0.070565 0.31556 -0.080659 -0.16679 -0.047891 -0.33508 -0.25697 0.0999 -0.32507 -0.27988 -0.050178 -0.41208 -0.58186 0.13073 -0.39173 -0.60563 -0.067904 -0.47789 -0.64602 0.13441 -0.46669 -0.66157 0.017529 0.059031 0.58687
-0.11834 0.086811 0.32175 0.15598 0.079661 0.28771 0.029112 0.068739 0.39021 0.0056809 0.045369 0.051127 -0.061634 -0.010852 -0.04097 0.050007 -0.010852 -0.054559 -0.19426 0.083201 0.067049 0.27941 0.10486 0.053656 -0.19326 -0.13506 -0.026462 0.27607 -0.080383 -0.094176 -0.19257 -0.2006 -0.077373 0.31485 -0.078325 -0.16702 -0.04991 -0.33461 -0.25772 0.10419 -0.3242 -0.28009 -0.053043 -0.40818 -0.58341 0.133 -0.39778 -0.60447 -0.071653 -0.47459 -0.64668 0.13689 -0.47319 -0.65977 0.016191 0.06261 0.5871
-0.11782 0.085796 0.32087 0.15609 0.077188 0.28737 0.029254 0.06752 0.39009 0.005756 0.045581 0.050914 -0.061603 -0.010778 -0.041038 0.050093 -0.010778 -0.054496 -0.19423 0.083024 0.066303 0.28093 0.10173 0.053992 -0.18845 -0.13413 -0.031458 0.27489 -0.082716 -0.094809 -0.1905 -0.20014 -0.082439 0.31234 -0.079376 -0.16741 -0.051727 -0.33421 -0.25837 0.10779 -0.32345 -0.28025 -0.055662 -0.40477 -0.58472 0.13466 -0.40258 -0.60344 -0.075266 -0.47143 -0.6474 0.13844 -0.47819 -0.65846 0.01521 0.064908 0.58721
-0.11723 0.084926 0.3203 0.15646 0.075215 0.28715 0.029609 0.066323 0.38994 0.0058374 0.045803 0.050696 -0.061568 -0.010723 -0.041105 0.050161 -0.010723 -0.054445 -0.19407 0.083006 0.065859 0.28241 0.098415 0.054236 -0.18658 -0.13371 -0.033521 0.27401 -0.08537 -0.095298 -0.18944 -0.19954 -0.084944 0.30701 -0.085223 -0.16841 -0.053349 -0.33388 -0.25889 0.11032 -0.32286 -0.28038 -0.058101 -0.402 -0.58576 0.13572 -0.4061 -0.60262 -0.078765 -0.46853 -0.64823 0.13897 -0.48162 -0.65777 0.014662 0.065471 0.58711
-0.11656 0.084363 0.32012 0.15715 0.073944 0.28705 0.030218 0.06521 0.38973 0.0059232 0.04608 0.050439 -0.061527 -0.010692 -0.041175 0.050207 -0.010692 -0.054408 -0.19367 0.083308 0.06575 0.28379 0.094895 0.054306 -0.18867 -0.13389 -0.031692 0.27345 -0.088396 -0.095691 -0.18985 -0.19863 -0.084069 0.29784 -0.097282 -0.17049 -0.054787 -0.33367 -0.25929 0.11139 -0.3225 -0.28046 -0.060425 -0.40002 -0.5865 0.13616 -0.40829 -0.6021 -0.082174 -0.46599 -0.64919 0.13838 -0.4834 -0.65782 0.014621 0.063846 0.58673
-0.11581 0.08427 0.32038 0.15822 0.07358 0.28707 0.031119 0.064243 0.38941 0.0060116 0.046457 0.050111 -0.061475 -0.010686 -0.041252 0.050229 -0.010686 -0.054387 -0.19292 0.084089 0.06601 0.285 0.091149 0.054115 -0.19579 -0.13472 -0.025012 0.27325 -0.091843 -0.096035 -0.19216 -0.19726 -0.078994 0.2838 -0.11696 -0.17412 -0.056051 -0.33358 -0.25955 0.11062 -0.32242 -0.28049 -0.0627 -0.39896 -0.58691 0.13597 -0.40909 -0.60194 -0.085513 -0.46393 -0.65031 0.13656 -0.48347 -0.65877 0.015163 0.05958 0.58598
