-0.19011 0.073338 0.29673 0.083506 0.050466 0.31476 -0.059397 0.057529 0.39379 -0.0092828 0.036291 0.057466 -0.047228 -0.0060265 -0.057691 0.059239 -0.0060265 -0.045271 -0.31718 0.071081 0.063285 0.18545 0.061038 0.069511 -0.29035 -0.089275 -0.10915 0.19292 -0.14087 -0.054374 -0.29544 -0.16227 -0.14769 0.25177 -0.19782 -0.065912 -0.10824 -0.29493 -0.31217 0.15214 -0.28327 -0.30305 -0.12187 -0.26829 -0.64472 0.15528 -0.20437 -0.62748 -0.13528 -0.33019 -0.71364 0.21967 -0.2444 -0.68238 -0.068648 0.041652 0.5902
-0.18973 0.073369 0.29645 0.083802 0.050252 0.31437 -0.059032 0.057459 0.39352 -0.0090389 0.03687 0.057135 -0.047242 -0.0061235 -0.05767 0.059225 -0.0061235 -0.045277 -0.31723 0.070839 0.063238 0.18642 0.061421 0.069428 -0.29163 -0.096605 -0.10272 0.19316 -0.13862 -0.057451 -0.29488 -0.16664 -0.14641 0.25248 -0.19523 -0.068444 -0.10855 -0.29498 -0.31212 0.15207 -0.28358 -0.30285 -0.12213 -0.26829 -0.64467 0.15515 -0.20461 -0.62726 -0.13549 -0.33012 -0.71366 0.21968 -0.24456 -0.68204 -0.067872 0.041321 0.58993
-0.18937 0.073372 0.29624 0.084081 0.049962 0.31402 -0.058684 0.057234 0.39328 -0.0088139 0.037378 0.056839 -0.047254 -0.0062164 -0.057649 0.05921 -0.0062164 -0.045283 -0.31721 0.070745 0.06322 0.18757 0.061818 0.069479 -0.29484 -0.097751 -0.10211 0.19356 -0.13658 -0.059999 -0.29607 -0.16692 -0.14739 0.2531 -0.193 -0.070761 -0.10886 -0.29503 -0.31208 0.15194 -0.28386 -0.30269 -0.12237 -0.26828 -0.64463 0.155 -0.20484 -0.62708 -0.13568 -0.33002 -0.71371 0.21946 -0.24511 -0.68171 -0.066873 0.040778 0.58969
-0.18903 0.073358 0.29609 0.084347 0.049633 0.31371 -0.058354 0.056921 0.39308 -0.0086076 0.037822 0.056577 -0.047266 -0.0063043 -0.05763 0.059196 -0.0063043 -0.04529 -0.31714 0.070756 0.063209 0.18875 0.062254 0.069602 -0.29928 -0.094924 -0.1052 0.194 -0.13473 -0.062089 -0.2984 -0.16454 -0.14984 0.25355 -0.1911 -0.072742 -0.10917 -0.29507 -0.31204 0.15176 -0.28413 -0.30256 -0.12261 -0.26827 -0.64459 0.15484 -0.20505 -0.62695 -0.13585 -0.32991 -0.71377 0.21913 -0.24579 -0.68143 -0.065733 0.040099 0.58949
-0.18873 0.073336 0.29598 0.084598 0.0493 0.31343 -0.058045 0.056583 0.3929 -0.0084197 0.038209 0.056345 -0.047276 -0.0063866 -0.057613 0.059181 -0.0063866 -0.045297 -0.31699 0.070832 0.063185 0.18984 0.062756 0.069731 -0.30423 -0.090338 -0.1099 0.19435 -0.13303 -0.06379 -0.30125 -0.1609 -0.15293 0.25378 -0.18952 -0.07427 -0.10947 -0.29512 -0.312 0.15156 -0.28437 -0.30247 -0.12285 -0.26826 -0.64455 0.15469 -0.20524 -0.62684 -0.136 -0.3298 -0.71383 0.21882 -0.24639 -0.68121 -0.064532 0.039362 0.58931
-0.18846 0.073317 0.29589 0.084838 0.048999 0.31319 -0.057759 0.056286 0.39275 -0.0082499 0.038548 0.056139 -0.047284 -0.0064626 -0.057598 0.059166 -0.0064626 -0.045306 -0.31678 0.070933 0.063124 0.19069 0.06335 0.069805 -0.30899 -0.086204 -0.11408 0.19451 -0.13143 -0.065174 -0.304 -0.1574 -0.15586 0.25374 -0.18824 -0.075224 -0.10976 -0.29516 -0.31195 0.15133 -0.28459 -0.3024 -0.12307 -0.26825 -0.6445 0.15455 -0.20541 -0.62675 -0.13616 -0.3297 -0.71388 0.21865 -0.24667 -0.68106 -0.063352 0.038644 0.58915
-0.18822 0.073296 0.29581 0.085069 0.048743 0.313 -0.057498 0.05604 0.39262 -0.0080978 0.038843 0.055957 -0.04729 -0.0065314 -0.057585 0.05915 -0.0065314 -0.045317 -0.31651 0.071015 0.063031 0.19123 0.06408 0.06979 -0.31289 -0.084419 -0.11593 0.19442 -0.12988 -0.066304 -0.30614 -0.15533 -0.15786 0.25341 -0.18721 -0.075543 -0.11004 -0.29521 -0.31189 0.15111 -0.2848 -0.30233 -0.12328 -0.26826 -0.64443 0.15442 -0.20555 -0.62667 -0.13631 -0.32962 -0.71391 0.21872 -0.24644 -0.68102 -0.062269 0.03799 0.589
-0.18804 0.07317 0.29585 0.085315 0.048376 0.31291 -0.057274 0.055431 0.39252 -0.0079629 0.039093 0.055802 -0.047294 -0.006592 -0.057574 0.059135 -0.006592 -0.045329 -0.31638 0.07104 0.063101 0.19172 0.065124 0.069905 -0.31557 -0.084432 -0.11583 0.19443 -0.1281 -0.067199 -0.30799 -0.15486 -0.15838 0.25295 -0.18611 -0.075609 -0.11031 -0.29527 -0.31182 0.1509 -0.28499 -0.30227 -0.12348 -0.26827 -0.64436 0.15429 -0.2057 -0.6266 -0.13646 -0.32956 -0.71391 0.21894 -0.24589 -0.68105 -0.061315 0.03721 0.5889
-0.18794 0.072789 0.29617 0.085609 0.047664 0.31304 -0.057104 0.053852 0.39248 -0.0078441 0.039293 0.055678 -0.047296 -0.0066432 -0.057567 0.059119 -0.0066432 -0.045342 -0.31666 0.070965 0.06362 0.19261 0.066722 0.070479 -0.31683 -0.084551 -0.11521 0.1951 -0.12574 -0.067855 -0.31022 -0.15566 -0.15699 0.25261 -0.18453 -0.07601 -0.11056 -0.29533 -0.31174 0.1507 -0.28518 -0.3022 -0.12365 -0.26829 -0.64428 0.15415 -0.20589 -0.62653 -0.13661 -0.32952 -0.71388 0.2191 -0.24539 -0.68114 -0.060501 0.036002 0.58891
-0.18794 0.072091 0.2968 0.085973 0.046524 0.3134 -0.05698 0.051115 0.39248 -0.0077402 0.039447 0.055584 -0.047296 -0.0066857 -0.057562 0.059102 -0.0066857 -0.045357 -0.31745 0.070791 0.064689 0.19406 0.06892 0.071623 -0.31658 -0.083648 -0.11506 0.19656 -0.12258 -0.06833 -0.31255 -0.15674 -0.15436 0.25273 -0.18211 -0.076759 -0.11079 -0.29539 -0.31166 0.15054 -0.28535 -0.30213 -0.1238 -0.26831 -0.6442 0.15401 -0.20614 -0.62648 -0.13674 -0.3295 -0.71384 0.21912 -0.24516 -0.68125 -0.059763 0.034023 0.589
-0.18798 0.071231 0.29756 0.086398 0.04523 0.31384 -0.056837 0.048035 0.3925 -0.0076493 0.039584 0.055499 -0.047297 -0.006725 -0.057557 0.059085 -0.006725 -0.045374 -0.31841 0.070615 0.065971 0.1956 0.071305 0.072922 -0.31505 -0.081945 -0.11536 0.19786 -0.11883 -0.068825 -0.31239 -0.15554 -0.1538 0.25381 -0.17878 -0.076494 -0.111 -0.29545 -0.31158 0.1504 -0.2855 -0.30207 -0.12394 -0.26835 -0.64413 0.15388 -0.2064 -0.62644 -0.13685 -0.3295 -0.71381 0.21907 -0.24507 -0.68137 -0.05886 0.030831 0.58903
-0.18798 0.070375 0.29824 0.086865 0.04408 0.3142 -0.056616 0.045488 0.39253 -0.0075693 0.039731 0.055404 -0.047303 -0.0067664 -0.057547 0.059066 -0.0067664 -0.045392 -0.3192 0.070535 0.06709 0.19667 0.073409 0.073924 -0.31256 -0.079862 -0.11595 0.19805 -0.11477 -0.069526 -0.3071 -0.14951 -0.15875 0.25622 -0.17456 -0.073883 -0.11117 -0.29551 -0.3115 0.15032 -0.28562 -0.30202 -0.12408 -0.26843 -0.64405 0.1538 -0.20659 -0.62642 -0.13691 -0.3295 -0.71382 0.21908 -0.24493 -0.68147 -0.057542 0.025985 0.5888
-0.18799 0.069374 0.29889 0.087268 0.042887 0.31457 -0.056439 0.04295 0.39253 -0.0074933 0.03984 0.055335 -0.047306 -0.0068033 -0.05754 0.059048 -0.0068033 -0.045411 -0.31989 0.070434 0.06812 0.19742 0.074974 0.074811 -0.30979 -0.077834 -0.11648 0.19815 -0.11157 -0.069984 -0.29804 -0.13976 -0.16797 0.25824 -0.1713 -0.071404 -0.11133 -0.29557 -0.31143 0.15022 -0.28573 -0.30199 -0.12425 -0.26852 -0.64398 0.15374 -0.20674 -0.62639 -0.13696 -0.32949 -0.71385 0.21913 -0.24474 -0.68154 -0.055856 0.019336 0.58833
-0.18816 0.067816 0.29977 0.087427 0.041059 0.31522 -0.056584 0.038733 0.3925 -0.0074106 0.039803 0.055375 -0.047296 -0.0068188 -0.057547 0.059034 -0.0068188 -0.045426 -0.32089 0.070017 0.069501 0.19854 0.075917 0.07629 -0.30778 -0.076312 -0.11647 0.20089 -0.11105 -0.069221 -0.29 -0.13043 -0.17635 0.2564 -0.1723 -0.074691 -0.11154 -0.29562 -0.31134 0.15002 -0.28588 -0.30192 -0.12446 -0.2686 -0.6439 0.1536 -0.20692 -0.62633 -0.13706 -0.32948 -0.71387 0.21908 -0.24463 -0.68157 -0.054099 0.010974 0.58779
-0.18857 0.065405 0.30109 0.087206 0.038183 0.31637 -0.057247 0.031681 0.39245 -0.0073134 0.039529 0.055586 -0.047259 -0.0067996 -0.057579 0.059029 -0.0067996 -0.045436 -0.32253 0.069093 0.071544 0.20066 0.076282 0.078966 -0.30723 -0.075567 -0.11559 0.20801 -0.11389 -0.066292 -0.2866 -0.1247 -0.17992 0.24912 -0.17908 -0.086245 -0.11184 -0.29565 -0.31124 0.14964 -0.2861 -0.30181 -0.12471 -0.26864 -0.64379 0.15332 -0.20718 -0.62623 -0.13727 -0.32944 -0.71384 0.21883 -0.24469 -0.68157 -0.052525 0.0011408 0.58732
-0.18915 0.062393 0.30262 0.08669 0.034696 0.31778 -0.058233 0.023152 0.39239 -0.0072083 0.039026 0.055955 -0.047195 -0.0067497 -0.057638 0.059032 -0.0067497 -0.045439 -0.32448 0.06798 0.073921 0.20399 0.07665 0.082898 -0.3073 -0.075067 -0.11429 0.21672 -0.1154 -0.060456 -0.28601 -0.12103 -0.18025 0.24356 -0.18481 -0.094177 -0.11219 -0.29567 -0.31111 0.14914 -0.28635 -0.30166 -0.125 -0.26864 -0.64366 0.15294 -0.20749 -0.62609 -0.13755 -0.32941 -0.71373 0.21844 -0.24486 -0.68154 -0.05117 -0.009271 0.58687
-0.18976 0.059179 0.30406 0.086019 0.031266 0.31912 -0.059246 0.015184 0.39235 -0.0071055 0.038327 0.056442 -0.047104 -0.0066775 -0.057721 0.059042 -0.0066775 -0.045437 -0.32627 0.067127 0.07613 0.2086 0.077742 0.087982 -0.30675 -0.074064 -0.11319 0.22304 -0.10956 -0.051131 -0.28494 -0.11661 -0.18044 0.24905 -0.18059 -0.083005 -0.11256 -0.29569 -0.31096 0.14863 -0.28659 -0.3015 -0.12529 -0.26862 -0.64351 0.15255 -0.20778 -0.62594 -0.13784 -0.32942 -0.71356 0.21802 -0.24505 -0.68149 -0.050014 -0.019196 0.58636
-0.19034 0.055969 0.30529 0.085292 0.028219 0.32028 -0.060131 0.0087328 0.39237 -0.0070123 0.037436 0.057039 -0.04698 -0.0065813 -0.057832 0.059059 -0.0065813 -0.045428 -0.32768 0.066763 0.077982 0.21373 0.079606 0.093562 -0.30517 -0.072356 -0.11249 0.22363 -0.098607 -0.043041 -0.28223 -0.11102 -0.18159 0.2624 -0.16832 -0.058055 -0.1129 -0.29575 -0.31078 0.14817 -0.28678 -0.30134 -0.12557 -0.26863 -0.64334 0.1522 -0.208 -0.62579 -0.13809 -0.32947 -0.71335 0.21764 -0.24519 -0.68142 -0.04908 -0.027902 0.58584
-0.19099 0.052683 0.30653 0.084542 0.025387 0.32141 -0.060943 0.0031804 0.39253 -0.0069308 0.036311 0.057777 -0.046814 -0.0064447 -0.057983 0.059085 -0.0064447 -0.045414 -0.32888 0.066793 0.07974 0.21737 0.081315 0.098173 -0.30335 -0.070526 -0.1117 0.21616 -0.096828 -0.048621 -0.2799 -0.10733 -0.18191 0.26223 -0.16566 -0.054932 -0.1132 -0.29584 -0.31054 0.1478 -0.28693 -0.30115 -0.12583 -0.26874 -0.6431 0.15188 -0.20816 -0.6256 -0.1383 -0.32953 -0.71317 0.21735 -0.24522 -0.68129 -0.048455 -0.035146 0.58562
-0.19179 0.049167 0.308 0.083779 0.022541 0.32272 -0.061767 -0.0022128 0.39288 -0.0068661 0.034897 0.058689 -0.046592 -0.0062494 -0.058182 0.059121 -0.0062494 -0.045395 -0.33007 0.067079 0.081691 0.21786 0.082055 0.1007 -0.30207 -0.069053 -0.1104 0.2001 -0.11492 -0.076056 -0.27991 -0.10834 -0.17966 0.23066 -0.1858 -0.10234 -0.11343 -0.29601 -0.31021 0.14751 -0.28703 -0.30092 -0.12606 -0.26899 -0.64277 0.15161 -0.20827 -0.62538 -0.13847 -0.32957 -0.71304 0.21718 -0.24514 -0.68107 -0.048219 -0.040976 0.58591
-0.19297 0.044803 0.30964 0.082861 0.019289 0.32441 -0.062806 -0.0081743 0.39333 -0.006849 0.033028 0.05978 -0.046315 -0.0059704 -0.058432 0.059174 -0.0059704 -0.045364 -0.33171 0.067318 0.084021 0.2175 0.082673 0.10363 -0.30115 -0.066943 -0.10904 0.19018 -0.12419 -0.091217 -0.28191 -0.1121 -0.17545 0.19289 -0.19222 -0.14824 -0.11357 -0.29624 -0.30976 0.14734 -0.28704 -0.30065 -0.12621 -0.26927 -0.64233 0.15141 -0.20827 -0.6251 -0.1385 -0.32975 -0.71271 0.21697 -0.24509 -0.68086 -0.048333 -0.047644 0.58619
-0.19479 0.03874 0.31125 0.081565 0.015152 0.32666 -0.064322 -0.015424 0.39371 -0.0069239 0.030485 0.061045 -0.045986 -0.0055792 -0.05873 0.059251 -0.0055792 -0.045313 -0.3344 0.067122 0.086865 0.22062 0.08487 0.11128 -0.29987 -0.062445 -0.10851 0.20896 -0.075754 -0.038264 -0.28435 -0.11425 -0.17111 0.19625 -0.12295 -0.099093 -0.11359 -0.29652 -0.30918 0.14732 -0.2869 -0.30035 -0.12618 -0.26937 -0.64174 0.15132 -0.2081 -0.6248 -0.13831 -0.33029 -0.71175 0.21646 -0.24531 -0.68076 -0.048693 -0.058536 0.58554
-0.19737 0.030644 0.31268 0.079831 0.0099954 0.32951 -0.066398 -0.024131 0.39393 -0.0071075 0.027269 0.062433 -0.045608 -0.0050746 -0.059069 0.059352 -0.0050746 -0.045238 -0.33834 0.066346 0.090236 0.22923 0.089399 0.12556 -0.29809 -0.055519 -0.10884 0.26352 0.048184 0.10394 -0.28618 -0.11254 -0.16768 0.26129 0.043862 0.084908 -0.1135 -0.29685 -0.30847 0.14743 -0.28661 -0.30004 -0.12595 -0.26918 -0.64099 0.15134 -0.20773 -0.62447 -0.1379 -0.33111 -0.71012 0.21557 -0.24588 -0.68085 -0.049215 -0.074814 0.58356
-0.20039 0.021548 0.3139 0.078024 0.0045849 0.33253 -0.068636 -0.033015 0.39402 -0.0073445 0.02396 0.063782 -0.045187 -0.0045264 -0.059436 0.059461 -0.0045264 -0.045154 -0.34279 0.065474 0.093825 0.23931 0.094514 0.14194 -0.29713 -0.050615 -0.10769 0.32026 0.18336 0.26496 -0.28766 -0.11039 -0.16416 0.33779 0.22406 0.30171 -0.11334 -0.29724 -0.30766 0.14763 -0.28625 -0.29972 -0.12556 -0.26884 -0.64013 0.15141 -0.20727 -0.62412 -0.13767 -0.33138 -0.70871 0.21458 -0.24644 -0.681 -0.049857 -0.09179 0.58126
-0.20347 0.012627 0.31491 0.076554 -0.00024085 0.33525 -0.070584 -0.040686 0.39401 -0.0075723 0.021177 0.064916 -0.044731 -0.0040087 -0.059817 0.059557 -0.0040087 -0.045077 -0.34687 0.065035 0.097309 0.24599 0.09813 0.15508 -0.2985 -0.052669 -0.10249 0.34095 0.25553 0.36287 -0.28927 -0.11195 -0.15925 0.36693 0.32065 0.43117 -0.11318 -0.2977 -0.30681 0.14782 -0.28592 -0.29941 -0.1251 -0.26853 -0.63922 0.15144 -0.20681 -0.62378 -0.138 -0.33015 -0.70849 0.21385 -0.24661 -0.68108 -0.050587 -0.10411 0.57983
-0.20639 0.00354 0.31582 0.075319 -0.0050755 0.33767 -0.072173 -0.0482 0.39374 -0.0078206 0.018449 0.065817 -0.044319 -0.0034534 -0.060156 0.059653 -0.0034534 -0.044995 -0.3508 0.064348 0.10108 0.24774 0.099465 0.16382 -0.30228 -0.061786 -0.093231 0.32588 0.25499 0.38054 -0.29136 -0.118 -0.1526 0.34586 0.32092 0.44906 -0.11321 -0.29807 -0.30592 0.14788 -0.2856 -0.29907 -0.12457 -0.26782 -0.63825 0.15132 -0.20637 -0.62342 -0.13822 -0.32758 -0.70907 0.21331 -0.24636 -0.68103 -0.051419 -0.11207 0.57933
-0.20909 -0.0074397 0.31683 0.073754 -0.011817 0.34021 -0.073686 -0.058842 0.39285 -0.0082024 0.014311 0.066607 -0.044094 -0.0026627 -0.060362 0.059786 -0.0026627 -0.044873 -0.35573 0.06163 0.10617 0.24606 0.098918 0.17077 -0.30728 -0.073673 -0.082241 0.31045 0.23087 0.3599 -0.29417 -0.12627 -0.14467 0.32269 0.28891 0.41856 -0.11373 -0.29802 -0.30502 0.14763 -0.28518 -0.29867 -0.12392 -0.26584 -0.63721 0.15092 -0.20582 -0.62299 -0.13666 -0.32476 -0.70883 0.21253 -0.24599 -0.68089 -0.052407 -0.12107 0.57884
-0.21149 -0.021698 0.31795 0.071494 -0.022043 0.34311 -0.07531 -0.075114 0.39101 -0.0087995 0.0076975 0.067343 -0.044168 -0.0014617 -0.06036 0.059987 -0.0014617 -0.044673 -0.36259 0.055413 0.11333 0.24251 0.096869 0.17822 -0.31248 -0.084362 -0.071814 0.32346 0.22542 0.33826 -0.29793 -0.1345 -0.13619 0.33715 0.27997 0.39453 -0.11496 -0.2973 -0.3041 0.14695 -0.28451 -0.29818 -0.12309 -0.26184 -0.63602 0.15017 -0.20503 -0.62246 -0.13217 -0.32247 -0.70648 0.21117 -0.24563 -0.6807 -0.053523 -0.13563 0.57747
-0.21336 -0.038679 0.31825 0.069259 -0.035496 0.34548 -0.076688 -0.095243 0.38795 -0.0095213 -0.00030611 0.067744 -0.044483 0.00018981 -0.060147 0.060237 0.00018981 -0.044361 -0.37097 0.045977 0.12166 0.2384 0.093361 0.18608 -0.31785 -0.092296 -0.063706 0.35477 0.23634 0.31931 -0.30285 -0.14126 -0.12883 0.37811 0.29223 0.37493 -0.11655 -0.29601 -0.30308 0.14604 -0.28342 -0.29763 -0.12181 -0.25603 -0.63454 0.14922 -0.20365 -0.62184 -0.12618 -0.31969 -0.70279 0.20947 -0.24462 -0.6806 -0.054311 -0.15481 0.57466
-0.21446 -0.057222 0.31651 0.068094 -0.051349 0.34609 -0.0773 -0.11615 0.38344 -0.010225 -0.0079586 0.067428 -0.044931 0.0022878 -0.059748 0.060505 0.0022878 -0.043905 -0.38003 0.034141 0.12975 0.23499 0.088339 0.19352 -0.3237 -0.096691 -0.059475 0.38233 0.2476 0.29642 -0.30908 -0.14538 -0.12459 0.41889 0.30623 0.3404 -0.11801 -0.29436 -0.30183 0.14521 -0.28172 -0.29711 -0.11978 -0.2489 -0.63261 0.14828 -0.20132 -0.62117 -0.12088 -0.31486 -0.69912 0.20784 -0.24205 -0.68079 -0.054188 -0.17603 0.56998
-0.2147 -0.075712 0.3127 0.068465 -0.068416 0.34459 -0.076956 -0.13554 0.3777 -0.010808 -0.014184 0.066345 -0.045425 0.0046885 -0.059209 0.060753 0.0046885 -0.043335 -0.38914 0.020531 0.13683 0.23264 0.081784 0.19928 -0.32969 -0.098427 -0.058875 0.39379 0.2493 0.2704 -0.31534 -0.14701 -0.12381 0.44294 0.30945 0.29061 -0.11901 -0.29259 -0.30038 0.14464 -0.27944 -0.29671 -0.11702 -0.24122 -0.63027 0.14748 -0.19795 -0.62051 -0.11736 -0.30781 -0.69622 0.2065 -0.23762 -0.68136 -0.052887 -0.19714 0.56356
-0.21425 -0.091809 0.30862 0.069913 -0.084936 0.34197 -0.075995 -0.15242 0.37167 -0.011235 -0.018971 0.064975 -0.04591 0.0070242 -0.058621 0.060939 0.0070242 -0.042783 -0.39803 0.0054611 0.14306 0.23026 0.073743 0.20142 -0.33447 -0.10105 -0.058767 0.39233 0.24136 0.25391 -0.318 -0.14845 -0.12424 0.44988 0.30052 0.25566 -0.11942 -0.29097 -0.29892 0.14439 -0.27687 -0.29654 -0.11408 -0.23417 -0.6279 0.14681 -0.194 -0.61999 -0.11485 -0.30064 -0.69383 0.20541 -0.23206 -0.68227 -0.050644 -0.21677 0.55641
-0.21335 -0.10348 0.30603 0.071896 -0.099305 0.33926 -0.074807 -0.16605 0.36623 -0.011487 -0.022442 0.063797 -0.046342 0.0089712 -0.058059 0.061027 0.0089712 -0.042364 -0.40643 -0.010629 0.1487 0.22683 0.064344 0.19836 -0.33683 -0.10778 -0.056113 0.38247 0.22459 0.25974 -0.31417 -0.15184 -0.12356 0.44118 0.27914 0.26551 -0.11921 -0.28973 -0.29763 0.14447 -0.27435 -0.29668 -0.11151 -0.22882 -0.62586 0.14623 -0.1899 -0.6197 -0.11249 -0.29536 -0.69163 0.20448 -0.22607 -0.68341 -0.047721 -0.23377 0.54952
-0.2126 -0.1123 0.3043 0.073901 -0.11195 0.33657 -0.073815 -0.17734 0.36121 -0.011663 -0.025075 0.062795 -0.046708 0.010835 -0.05745 0.061029 0.010835 -0.041935 -0.41412 -0.025825 0.15403 0.22309 0.054441 0.19275 -0.33772 -0.11615 -0.051382 0.36804 0.19992 0.29137 -0.31033 -0.156 -0.12109 0.4216 0.24588 0.32164 -0.11874 -0.28853 -0.29643 0.14457 -0.27186 -0.29686 -0.10955 -0.22472 -0.62406 0.14564 -0.18559 -0.61939 -0.11028 -0.29162 -0.68947 0.20357 -0.21977 -0.68447 -0.044197 -0.2485 0.54279
-0.21284 -0.1219 0.30147 0.075429 -0.12445 0.33346 -0.073462 -0.1881 0.3558 -0.011931 -0.02755 0.061674 -0.047019 0.013279 -0.056633 0.060989 0.013279 -0.04121 -0.42093 -0.037377 0.15937 0.2208 0.045304 0.18957 -0.33933 -0.12052 -0.047037 0.35249 0.1684 0.34698 -0.31827 -0.15786 -0.11712 0.39776 0.20184 0.4094 -0.11864 -0.2867 -0.29502 0.14419 -0.26922 -0.29662 -0.10821 -0.22051 -0.62213 0.14488 -0.18069 -0.61858 -0.10867 -0.28772 -0.68728 0.20249 -0.21289 -0.68495 -0.040045 -0.26218 0.53555
-0.21401 -0.13479 0.29652 0.076585 -0.13741 0.32982 -0.073391 -0.19954 0.34961 -0.012295 -0.030312 0.06027 -0.047303 0.016699 -0.05546 0.060865 0.016699 -0.040084 -0.42648 -0.044625 0.16501 0.22059 0.038175 0.19141 -0.34278 -0.11772 -0.044579 0.33833 0.13392 0.41073 -0.34333 -0.15592 -0.11191 0.37502 0.15257 0.49897 -0.11875 -0.28388 -0.29328 0.14365 -0.26575 -0.29601 -0.10709 -0.21522 -0.61984 0.14408 -0.17426 -0.61722 -0.10742 -0.28242 -0.68505 0.20142 -0.20443 -0.68482 -0.034708 -0.27566 0.52744
-0.21353 -0.15012 0.29114 0.07923 -0.14852 0.32637 -0.070932 -0.21097 0.34345 -0.012283 -0.033102 0.058803 -0.04764 0.020703 -0.05382 0.060373 0.020703 -0.038986 -0.42993 -0.053032 0.17127 0.21979 0.034209 0.19371 -0.34611 -0.11198 -0.04266 0.32549 0.10879 0.42607 -0.37191 -0.15333 -0.10572 0.35482 0.1167 0.51695 -0.11664 -0.28059 -0.29145 0.14561 -0.25937 -0.29666 -0.10447 -0.20897 -0.61736 0.14425 -0.16353 -0.61658 -0.10418 -0.27594 -0.68279 0.20157 -0.19121 -0.68524 -0.026088 -0.28872 0.51911
-0.20849 -0.16642 0.28743 0.085424 -0.15506 0.32396 -0.063159 -0.2214 0.33828 -0.011364 -0.035545 0.057557 -0.048113 0.024757 -0.051625 0.059205 0.024757 -0.038421 -0.43038 -0.06886 0.17842 0.21527 0.034474 0.19089 -0.34691 -0.10866 -0.039484 0.3134 0.10608 0.33267 -0.38755 -0.15386 -0.098824 0.33783 0.1141 0.38678 -0.10966 -0.27747 -0.28982 0.15299 -0.24788 -0.30036 -0.09855 -0.20211 -0.61491 0.14645 -0.14567 -0.61806 -0.096385 -0.26875 -0.68055 0.20422 -0.16992 -0.68756 -0.011979 -0.30092 0.5114
-0.1994 -0.18225 0.28553 0.094429 -0.15714 0.32239 -0.050993 -0.2304 0.33421 -0.0096802 -0.037474 0.056623 -0.048632 0.028394 -0.049179 0.05751 0.028394 -0.038446 -0.42831 -0.09141 0.1859 0.20789 0.038381 0.18358 -0.34547 -0.1089 -0.034912 0.30076 0.1215 0.15193 -0.38663 -0.15668 -0.092753 0.32262 0.13896 0.13988 -0.098925 -0.27479 -0.28868 0.16455 -0.23268 -0.3067 -0.090164 -0.19502 -0.61277 0.15002 -0.12268 -0.62144 -0.085141 -0.26134 -0.67856 0.20857 -0.14282 -0.69158 0.0059882 -0.31127 0.5049
-0.19016 -0.19617 0.28361 0.10271 -0.1577 0.32046 -0.039198 -0.23813 0.33051 -0.0080421 -0.038927 0.055905 -0.048936 0.031212 -0.047174 0.055901 0.031212 -0.038671 -0.4255 -0.11301 0.1923 0.20248 0.043691 0.17863 -0.34481 -0.10955 -0.030457 0.28561 0.13342 -0.013007 -0.37838 -0.15631 -0.090257 0.30566 0.15979 -0.084292 -0.089367 -0.2724 -0.28825 0.17493 -0.21872 -0.31302 -0.082801 -0.18819 -0.61129 0.15258 -0.10145 -0.62482 -0.075246 -0.25422 -0.67719 0.21172 -0.1177 -0.69553 0.022338 -0.31827 0.49995
-0.18411 -0.20692 0.28013 0.10734 -0.15927 0.3172 -0.031815 -0.24471 0.32659 -0.0071341 -0.039957 0.055314 -0.048824 0.032906 -0.046178 0.054898 0.032906 -0.038754 -0.42344 -0.12689 0.1964 0.2029 0.048402 0.18156 -0.34729 -0.10772 -0.027466 0.26668 0.12401 -0.075659 -0.3712 -0.14824 -0.093341 0.28426 0.15051 -0.16903 -0.085116 -0.2701 -0.28876 0.17969 -0.2101 -0.31713 -0.079393 -0.18196 -0.61078 0.15223 -0.087683 -0.62668 -0.070728 -0.24774 -0.67684 0.21138 -0.10111 -0.69797 0.032506 -0.32086 0.49675
-0.18051 -0.21412 0.27576 0.10934 -0.16157 0.31335 -0.027974 -0.24984 0.32299 -0.0067785 -0.040639 0.054856 -0.04846 0.033697 -0.045972 0.054412 0.033697 -0.038746 -0.42154 -0.13293 0.19842 0.20669 0.052241 0.18925 -0.351 -0.10303 -0.025964 0.24667 0.10072 -0.061404 -0.3658 -0.13437 -0.099598 0.26102 0.12125 -0.14939 -0.085023 -0.2676 -0.29054 0.18045 -0.20522 -0.31991 -0.079176 -0.17593 -0.61156 0.15015 -0.07943 -0.6278 -0.070497 -0.24153 -0.67778 0.20914 -0.091067 -0.69951 0.037886 -0.32072 0.49483
-0.17722 -0.21771 0.27194 0.1111 -0.16336 0.31022 -0.025129 -0.25306 0.32059 -0.0065038 -0.041056 0.054565 -0.048137 0.033986 -0.04607 0.054144 0.033986 -0.03883 -0.41849 -0.13325 0.19907 0.20926 0.055523 0.19564 -0.35261 -0.095933 -0.025531 0.22967 0.079586 -0.03375 -0.36027 -0.11875 -0.10513 0.24029 0.094446 -0.11214 -0.086143 -0.26453 -0.29391 0.18088 -0.20052 -0.32327 -0.080124 -0.16942 -0.61392 0.14862 -0.072129 -0.62978 -0.071722 -0.23492 -0.68026 0.20791 -0.082691 -0.70146 0.041893 -0.32044 0.49348
-0.17344 -0.21826 0.26941 0.11363 -0.16405 0.30837 -0.022099 -0.25435 0.31977 -0.0060827 -0.041285 0.054437 -0.047934 0.034065 -0.046229 0.053916 0.034065 -0.039071 -0.41383 -0.12979 0.19831 0.20801 0.058264 0.19718 -0.35121 -0.086479 -0.026313 0.21786 0.069794 -0.029715 -0.35391 -0.10331 -0.10832 0.22506 0.083468 -0.1072 -0.086992 -0.25993 -0.29955 0.18251 -0.19324 -0.32873 -0.081227 -0.16132 -0.6185 0.14832 -0.062416 -0.63397 -0.072996 -0.22675 -0.68492 0.20828 -0.072078 -0.70536 0.046145 -0.32139 0.49233
-0.17066 -0.21748 0.26772 0.11561 -0.16422 0.30711 -0.020112 -0.2544 0.3199 -0.0057187 -0.041398 0.054395 -0.04756 0.034037 -0.046638 0.053764 0.034037 -0.039316 -0.40861 -0.12404 0.19485 0.20386 0.059943 0.19478 -0.35027 -0.074018 -0.029458 0.21012 0.068398 -0.039599 -0.34817 -0.086247 -0.11156 0.21593 0.085648 -0.11948 -0.088659 -0.25178 -0.30867 0.18297 -0.18201 -0.3371 -0.083275 -0.14973 -0.62655 0.14722 -0.049044 -0.64127 -0.075427 -0.21501 -0.69317 0.2068 -0.057045 -0.71311 0.049083 -0.32271 0.49155
-0.1705 -0.21702 0.26634 0.11553 -0.16452 0.30565 -0.020538 -0.2539 0.32032 -0.0056448 -0.041459 0.054361 -0.046724 0.033977 -0.047497 0.053736 0.033977 -0.039412 -0.4039 -0.11732 0.18742 0.19811 0.060006 0.18979 -0.35327 -0.057966 -0.036081 0.20498 0.071535 -0.049748 -0.34456 -0.06562 -0.11744 0.21296 0.096698 -0.12871 -0.09234 -0.23825 -0.32229 0.17981 -0.16593 -0.34892 -0.087102 -0.13298 -0.63912 0.14328 -0.031332 -0.65233 -0.080214 -0.19791 -0.70618 0.20009 -0.03608 -0.72632 0.048947 -0.32337 0.49137
-0.173 -0.21647 0.26496 0.11319 -0.16518 0.30399 -0.023634 -0.253 0.32084 -0.0059359 -0.041469 0.054322 -0.04558 0.033893 -0.048649 0.053789 0.033893 -0.039408 -0.39968 -0.10946 0.17653 0.19214 0.05809 0.18319 -0.35909 -0.0393 -0.045812 0.20111 0.078861 -0.055465 -0.34277 -0.04234 -0.12629 0.213 0.11244 -0.13052 -0.097488 -0.2209 -0.33852 0.17333 -0.14761 -0.36238 -0.09205 -0.11296 -0.65444 0.13735 -0.012489 -0.66564 -0.086706 -0.17744 -0.72207 0.18978 -0.013181 -0.74287 0.045356 -0.32279 0.49197
-0.17721 -0.21416 0.26341 0.10917 -0.16617 0.30259 -0.028958 -0.25148 0.32158 -0.0065676 -0.041386 0.05431 -0.044555 0.033748 -0.04971 0.053824 0.033748 -0.039486 -0.39523 -0.09936 0.16376 0.18737 0.053951 0.1758 -0.36376 -0.019978 -0.057354 0.19726 0.092228 -0.057655 -0.3414 -0.019097 -0.13701 0.21096 0.12877 -0.13051 -0.10247 -0.20338 -0.35366 0.16564 -0.1319 -0.37421 -0.096526 -0.093771 -0.669 0.13214 0.0018399 -0.67831 -0.093096 -0.15792 -0.73707 0.18068 0.0042116 -0.75833 0.038792 -0.32065 0.49345
-0.18182 -0.20946 0.26167 0.10439 -0.16723 0.3017 -0.035408 -0.24935 0.32258 -0.0073982 -0.041205 0.054342 -0.043983 0.033503 -0.050396 0.05382 0.033503 -0.039708 -0.39 -0.087337 0.15071 0.18469 0.048126 0.16837 -0.36443 -0.0023132 -0.069302 0.19243 0.11185 -0.057492 -0.33943 0.0012962 -0.14837 0.20342 0.14301 -0.13268 -0.10571 -0.18869 -0.36497 0.15872 -0.12153 -0.38221 -0.09928 -0.078684 -0.68019 0.12959 0.0084591 -0.68833 -0.097812 -0.14279 -0.74838 0.17626 0.011741 -0.76957 0.030586 -0.31688 0.49578
-0.1844 -0.20514 0.25999 0.10092 -0.16726 0.30088 -0.039774 -0.24736 0.32364 -0.0079121 -0.041038 0.054399 -0.043876 0.033097 -0.050748 0.05403 0.033097 -0.039763 -0.38402 -0.078321 0.1389 0.18313 0.043665 0.16167 -0.36214 0.01028 -0.079958 0.18656 0.13256 -0.056745 -0.3372 0.015729 -0.15876 0.19257 0.15711 -0.13531 -0.10594 -0.17756 -0.37294 0.1542 -0.11229 -0.38765 -0.10023 -0.068242 -0.6884 0.12914 0.012199 -0.69643 -0.1001 -0.13244 -0.75652 0.17558 0.015196 -0.77772 0.02478 -0.31222 0.49839
-0.18237 -0.20454 0.25873 0.10094 -0.16508 0.29953 -0.038577 -0.24637 0.32451 -0.0075435 -0.041018 0.054454 -0.044173 0.032473 -0.05088 0.054741 0.032473 -0.039284 -0.37741 -0.077933 0.12977 0.18138 0.043978 0.1564 -0.35865 0.014345 -0.087639 0.17978 0.14826 -0.057248 -0.33527 0.021206 -0.16659 0.18168 0.17384 -0.13564 -0.10201 -0.17024 -0.37869 0.15349 -0.098793 -0.39247 -0.099526 -0.06237 -0.69465 0.12975 0.019316 -0.70388 -0.099406 -0.12663 -0.7627 0.1768 0.022179 -0.78472 0.025755 -0.30757 0.50067
-0.17662 -0.20749 0.25811 0.10404 -0.16095 0.29793 -0.032623 -0.2461 0.32533 -0.0064262 -0.041098 0.054529 -0.044628 0.031712 -0.050963 0.055739 0.031712 -0.0385 -0.37026 -0.085132 0.1229 0.17881 0.048457 0.15225 -0.35444 0.011425 -0.092838 0.17284 0.15739 -0.059283 -0.3333 0.019552 -0.17227 0.17286 0.19261 -0.13322 -0.094986 -0.1653 -0.38343 0.1556 -0.080755 -0.39757 -0.097808 -0.059408 -0.70003 0.13057 0.030803 -0.71129 -0.096592 -0.12364 -0.76808 0.17864 0.033917 -0.79152 0.032242 -0.30365 0.50255
-0.17177 -0.20999 0.25821 0.10695 -0.15675 0.29724 -0.027414 -0.24501 0.32669 -0.0054616 -0.041035 0.054695 -0.044788 0.031039 -0.051241 0.056263 0.031039 -0.038294 -0.36254 -0.091565 0.11591 0.17557 0.052081 0.14779 -0.34854 0.0085516 -0.098433 0.16719 0.16339 -0.061433 -0.32991 0.01789 -0.17845 0.16691 0.20916 -0.13015 -0.088341 -0.15955 -0.38846 0.1568 -0.063557 -0.40275 -0.096209 -0.055949 -0.70577 0.13096 0.041872 -0.71851 -0.09404 -0.12019 -0.77381 0.18043 0.044641 -0.79792 0.036765 -0.30105 0.50462
-0.17183 -0.20847 0.2591 0.10678 -0.1541 0.29844 -0.027764 -0.24177 0.32909 -0.005438 -0.040617 0.055016 -0.044297 0.030632 -0.051903 0.055695 0.030632 -0.039385 -0.35419 -0.089853 0.10672 0.17183 0.050452 0.14179 -0.34009 0.011841 -0.10693 0.16415 0.16915 -0.062591 -0.32395 0.022438 -0.18741 0.16448 0.21962 -0.12849 -0.085078 -0.1502 -0.39484 0.15398 -0.051915 -0.40774 -0.095649 -0.048984 -0.71289 0.13047 0.048312 -0.72535 -0.093764 -0.11335 -0.78082 0.18166 0.049288 -0.80369 0.03288 -0.3001 0.50741
-0.17589 -0.20312 0.26058 0.10399 -0.15265 0.30106 -0.032762 -0.23651 0.33242 -0.0062028 -0.039869 0.055476 -0.043449 0.030321 -0.052794 0.054483 0.030321 -0.041271 -0.34485 -0.080932 0.096043 0.16791 0.044383 0.13462 -0.3292 0.020037 -0.11782 0.16406 0.17282 -0.0641 -0.31575 0.032172 -0.19857 0.16566 0.22358 -0.12932 -0.084463 -0.13743 -0.40228 0.14847 -0.04469 -0.41225 -0.095525 -0.038511 -0.72102 0.12971 0.051297 -0.73149 -0.095032 -0.1031 -0.78876 0.18277 0.049348 -0.80856 0.022444 -0.29964 0.51085
-0.18114 -0.19561 0.26241 0.10028 -0.15126 0.30404 -0.039318 -0.22994 0.3363 -0.0072464 -0.038908 0.056029 -0.042788 0.029804 -0.053629 0.053477 0.029804 -0.04299 -0.33402 -0.068899 0.085629 0.16419 0.036668 0.12724 -0.31636 0.029079 -0.12945 0.16689 0.17078 -0.068227 -0.30622 0.043315 -0.21026 0.17033 0.22197 -0.13334 -0.084342 -0.12261 -0.40996 0.14333 -0.038523 -0.41604 -0.094659 -0.025673 -0.72931 0.12972 0.054039 -0.73657 -0.096069 -0.090497 -0.79682 0.18458 0.048798 -0.81223 0.010465 -0.29799 0.51469
-0.18582 -0.18702 0.2645 0.09675 -0.14923 0.30673 -0.045415 -0.22252 0.3405 -0.0082313 -0.03781 0.056642 -0.042589 0.028931 -0.054261 0.053149 0.028931 -0.043998 -0.32167 -0.056726 0.076675 0.16106 0.029138 0.12036 -0.30217 0.035999 -0.14058 0.17224 0.16146 -0.075938 -0.29586 0.052544 -0.22132 0.17797 0.21428 -0.14101 -0.083365 -0.10698 -0.41722 0.14028 -0.031365 -0.41899 -0.092401 -0.01166 -0.73709 0.13091 0.058491 -0.74045 -0.095797 -0.07665 -0.80436 0.18734 0.050116 -0.81467 -8.3017e-05 -0.29398 0.51883
-0.1902 -0.17742 0.26716 0.093312 -0.14659 0.30914 -0.051122 -0.21424 0.34497 -0.009156 -0.036564 0.057313 -0.042612 0.027844 -0.054807 0.053233 0.027844 -0.044571 -0.30868 -0.045189 0.06929 0.15903 0.021742 0.11418 -0.28748 0.039957 -0.15088 0.17901 0.14741 -0.085664 -0.28436 0.057435 -0.23166 0.18728 0.19724 -0.15225 -0.081753 -0.091693 -0.42371 0.1385 -0.023714 -0.42137 -0.08912 0.0022535 -0.74404 0.13254 0.064151 -0.74346 -0.0945 -0.06272 -0.8112 0.1902 0.052855 -0.81632 -0.010184 -0.28747 0.52356
-0.1947 -0.16675 0.27067 0.089785 -0.14345 0.3114 -0.056678 -0.20501 0.34967 -0.010048 -0.035156 0.058041 -0.042577 0.026707 -0.055404 0.053397 0.026707 -0.045062 -0.29599 -0.034791 0.063458 0.15854 0.014285 0.10886 -0.27314 0.040424 -0.16009 0.18602 0.13143 -0.095642 -0.27145 0.055939 -0.24126 0.19685 0.16777 -0.1668 -0.079867 -0.077773 -0.42916 0.13691 -0.016274 -0.42345 -0.085278 0.014867 -0.74991 0.13381 0.070312 -0.74591 -0.092586 -0.049808 -0.81717 0.19229 0.056316 -0.81764 -0.021089 -0.27848 0.52917
-0.19872 -0.15527 0.27492 0.086644 -0.13936 0.31364 -0.061487 -0.19485 0.35465 -0.010815 -0.033591 0.058827 -0.042475 0.02549 -0.056056 0.053558 0.02549 -0.04558 -0.28397 -0.025735 0.059167 0.15932 0.0074725 0.10439 -0.25994 0.037716 -0.16787 0.19227 0.11396 -0.10533 -0.25827 0.049484 -0.24964 0.2049 0.12904 -0.18268 -0.077597 -0.065278 -0.43361 0.13548 -0.0086477 -0.42525 -0.081021 0.026079 -0.75475 0.13471 0.077217 -0.74792 -0.090029 -0.038089 -0.82229 0.19371 0.060868 -0.81871 -0.031687 -0.26744 0.53553
-0.20096 -0.14347 0.27951 0.08482 -0.13352 0.31604 -0.064375 -0.1838 0.35997 -0.011283 -0.031891 0.059675 -0.042484 0.024037 -0.056677 0.0538 0.024037 -0.046074 -0.27264 -0.018017 0.056408 0.16057 0.0026332 0.10069 -0.24863 0.032729 -0.17385 0.19688 0.093791 -0.115 -0.24697 0.041888 -0.25602 0.20936 0.088572 -0.1967 -0.074508 -0.053594 -0.43732 0.13488 0.00031709 -0.4266 -0.076278 0.036542 -0.75882 0.13578 0.085764 -0.74938 -0.086508 -0.027107 -0.82668 0.19524 0.067615 -0.81935 -0.039238 -0.25505 0.5422
-0.20062 -0.1319 0.284 0.084878 -0.12565 0.31871 -0.064669 -0.17219 0.36553 -0.011351 -0.030124 0.060562 -0.042716 0.022291 -0.057194 0.054169 0.022291 -0.046495 -0.26216 -0.011631 0.055029 0.16171 0.0005734 0.097766 -0.23977 0.026284 -0.17785 0.19942 0.070708 -0.12457 -0.23905 0.036078 -0.25995 0.20923 0.052939 -0.20647 -0.070471 -0.042432 -0.44046 0.13549 0.011123 -0.42741 -0.071157 0.046582 -0.76228 0.13737 0.096256 -0.75027 -0.081978 -0.016681 -0.83042 0.19742 0.076958 -0.81944 -0.042173 -0.24203 0.54877
-0.19882 -0.12149 0.28779 0.08604 -0.1173 0.32162 -0.063542 -0.16134 0.37066 -0.011192 -0.02852 0.061365 -0.043037 0.020571 -0.057603 0.054558 0.020571 -0.046837 -0.25322 -0.0065555 0.054359 0.16278 0.00018483 0.09589 -0.23337 0.018884 -0.18044 0.2011 0.048168 -0.13243 -0.23363 0.031614 -0.26211 0.20718 0.025044 -0.21242 -0.066482 -0.032721 -0.44295 0.13664 0.021882 -0.4278 -0.066422 0.055313 -0.76504 0.13902 0.10681 -0.75071 -0.077412 -0.0076852 -0.83339 0.19975 0.086728 -0.81906 -0.043239 -0.22915 0.55488
-0.19705 -0.1132 0.29026 0.087248 -0.1104 0.32472 -0.062553 -0.15274 0.37454 -0.011036 -0.027339 0.061947 -0.043259 0.019269 -0.057912 0.05483 0.019269 -0.047103 -0.24663 -0.0027607 0.053626 0.16399 -3.8442e-05 0.095397 -0.22927 0.01097 -0.18232 0.20346 0.030338 -0.13672 -0.22935 0.027306 -0.26346 0.20663 0.0068689 -0.2156 -0.063755 -0.025623 -0.44463 0.13747 0.030223 -0.42795 -0.062955 0.061616 -0.76694 0.14012 0.11511 -0.75087 -0.073976 -0.0011834 -0.83546 0.20153 0.09424 -0.81835 -0.046063 -0.21715 0.56019
-0.1959 -0.10671 0.29156 0.088025 -0.10532 0.32771 -0.062273 -0.14636 0.37716 -0.010956 -0.026523 0.062325 -0.043381 0.01838 -0.058121 0.054958 0.01838 -0.047323 -0.24237 0.00013295 0.052623 0.1653 -0.00053723 0.095958 -0.22688 0.0032711 -0.1838 0.20654 0.017703 -0.13743 -0.22561 0.022062 -0.26454 0.20861 -0.0028483 -0.21708 -0.062404 -0.020849 -0.44559 0.13771 0.035697 -0.42796 -0.060676 0.065765 -0.76805 0.14067 0.1207 -0.75084 -0.071757 0.0031396 -0.83673 0.2027 0.09893 -0.81746 -0.051369 -0.20638 0.5646
-0.19488 -0.10016 0.29275 0.088601 -0.10064 0.33005 -0.062089 -0.14031 0.37941 -0.01084 -0.025636 0.062701 -0.043619 0.017419 -0.058221 0.05505 0.017419 -0.047557 -0.23941 0.0029238 0.051822 0.16638 -0.0004687 0.096451 -0.22509 -0.0031377 -0.18465 0.2086 0.0063053 -0.1368 -0.22275 0.014919 -0.26539 0.21119 -0.0092792 -0.21792 -0.061208 -0.016364 -0.44618 0.13785 0.040162 -0.4278 -0.058349 0.069711 -0.76878 0.14147 0.12537 -0.75063 -0.069539 0.0072636 -0.8376 0.20396 0.10279 -0.81655 -0.056384 -0.19665 0.56835
-0.19348 -0.091926 0.29477 0.089232 -0.095014 0.33125 -0.061391 -0.13291 0.3821 -0.01058 -0.02429 0.063256 -0.044159 0.015954 -0.058206 0.055205 0.015954 -0.04786 -0.23681 0.0062713 0.051657 0.16695 0.00093544 0.095889 -0.22294 -0.0075179 -0.18465 0.20809 -0.0074436 -0.13687 -0.22108 0.0050816 -0.26598 0.21248 -0.017311 -0.21899 -0.059059 -0.010356 -0.44674 0.13831 0.045296 -0.42749 -0.054881 0.075189 -0.76947 0.14318 0.1308 -0.75024 -0.066234 0.012949 -0.83845 0.20595 0.10772 -0.81573 -0.058537 -0.18776 0.57165
-0.1917 -0.082759 0.29743 0.090078 -0.088549 0.33168 -0.060108 -0.12455 0.38512 -0.010183 -0.022604 0.063942 -0.044903 0.014117 -0.058111 0.055396 0.014117 -0.048216 -0.23452 0.0097053 0.052001 0.16723 0.0034012 0.094542 -0.22093 -0.011594 -0.18378 0.20582 -0.02277 -0.13738 -0.22038 -0.0071102 -0.26597 0.21192 -0.028263 -0.21982 -0.056143 -0.0032824 -0.44728 0.13877 0.050561 -0.42719 -0.050655 0.081745 -0.77012 0.14548 0.13707 -0.74963 -0.062163 0.019757 -0.8393 0.20846 0.11384 -0.81486 -0.058096 -0.17961 0.5746
-0.18972 -0.074391 0.30006 0.091259 -0.081977 0.33203 -0.058389 -0.11654 0.38798 -0.0097052 -0.020908 0.064614 -0.045634 0.012274 -0.057989 0.055545 0.012274 -0.048578 -0.23288 0.01228 0.052495 0.16766 0.0062167 0.093211 -0.22012 -0.018124 -0.18214 0.20352 -0.037064 -0.13715 -0.22017 -0.020839 -0.26491 0.20953 -0.041945 -0.21941 -0.053194 0.0034493 -0.44764 0.13859 0.054492 -0.4271 -0.046674 0.088005 -0.77059 0.1476 0.14358 -0.74876 -0.058236 0.026324 -0.84004 0.21098 0.12057 -0.81368 -0.056522 -0.17212 0.57724
-0.18763 -0.067675 0.30226 0.092855 -0.075643 0.33275 -0.056333 -0.10948 0.3904 -0.009182 -0.01937 0.065185 -0.046219 0.010629 -0.057868 0.0556 0.010629 -0.048922 -0.23217 0.013329 0.052911 0.1685 0.0089763 0.092392 -0.22111 -0.028514 -0.17985 0.20218 -0.048746 -0.13542 -0.22015 -0.035391 -0.2626 0.20549 -0.057793 -0.21714 -0.050639 0.0091061 -0.44774 0.1375 0.056008 -0.42737 -0.043488 0.093266 -0.77078 0.14917 0.14964 -0.74763 -0.054968 0.031955 -0.84056 0.21319 0.12711 -0.81208 -0.054807 -0.16503 0.57965
-0.18529 -0.061571 0.30417 0.094865 -0.069062 0.33377 -0.053922 -0.1026 0.39257 -0.0086008 -0.017805 0.065697 -0.046713 0.0090384 -0.057729 0.055564 0.0090384 -0.049268 -0.23247 0.012783 0.053298 0.16973 0.011935 0.091927 -0.2234 -0.041277 -0.17714 0.20114 -0.058455 -0.1324 -0.22032 -0.050273 -0.25944 0.20028 -0.074453 -0.21326 -0.048256 0.014413 -0.44754 0.13602 0.054867 -0.42794 -0.040679 0.098267 -0.77065 0.15065 0.1544 -0.7463 -0.05202 0.037388 -0.84084 0.21521 0.13224 -0.81036 -0.052918 -0.1577 0.58197
-0.18254 -0.054793 0.30602 0.09728 -0.061646 0.33494 -0.051124 -0.094941 0.39475 -0.0079435 -0.015982 0.06621 -0.047196 0.0073111 -0.057545 0.055449 0.0073111 -0.049644 -0.23387 0.010654 0.053745 0.17125 0.015432 0.091574 -0.2264 -0.054548 -0.17424 0.19949 -0.067117 -0.12841 -0.22075 -0.065024 -0.25585 0.19446 -0.090467 -0.20815 -0.045733 0.020281 -0.44704 0.13475 0.050936 -0.42874 -0.0377 0.10393 -0.77019 0.1526 0.15697 -0.74489 -0.048937 0.043548 -0.84081 0.21723 0.13469 -0.80882 -0.05069 -0.14941 0.58437
-0.17922 -0.046056 0.30801 0.10009 -0.052803 0.33613 -0.047906 -0.085526 0.39721 -0.0071921 -0.013671 0.066782 -0.047746 0.0052572 -0.057288 0.055265 0.0052572 -0.050079 -0.23644 0.0069507 0.05434 0.17299 0.019808 0.091091 -0.22946 -0.066463 -0.17141 0.19636 -0.075657 -0.12379 -0.22149 -0.07918 -0.2523 0.18857 -0.10438 -0.20215 -0.042762 0.027625 -0.44622 0.13431 0.04408 -0.4297 -0.034008 0.11119 -0.76937 0.15558 0.15646 -0.74348 -0.04527 0.051358 -0.84046 0.21945 0.1332 -0.80779 -0.047958 -0.13945 0.58699
-0.17517 -0.034074 0.31038 0.10328 -0.041944 0.3372 -0.044235 -0.073393 0.40018 -0.0063282 -0.01064 0.067471 -0.048442 0.0026866 -0.056932 0.055024 0.0026866 -0.050598 -0.24027 0.001684 0.055171 0.17485 0.025404 0.090235 -0.23199 -0.075158 -0.16887 0.19084 -0.085002 -0.11887 -0.22261 -0.092279 -0.24924 0.18316 -0.11473 -0.19566 -0.039033 0.037357 -0.44507 0.1353 0.034166 -0.43074 -0.029055 0.12097 -0.76818 0.16016 0.15199 -0.74217 -0.040565 0.061743 -0.83974 0.22205 0.12651 -0.8076 -0.044559 -0.12712 0.59
