-0.16565 -0.020805 0.30855 0.1072 0.029866 0.35102 -0.035036 -0.028297 0.40673 -0.0056699 -0.0077006 0.067927 -0.04802 0.0054952 -0.057087 0.057663 0.0054952 -0.047326 -0.21592 0.034166 0.053406 0.2284 0.21042 0.19819 -0.20172 0.01936 -0.1827 0.29442 0.0043813 0.29492 -0.18881 0.034745 -0.26293 0.31687 -0.069171 0.32534 -0.015199 0.12284 -0.42735 0.097741 0.046074 -0.43293 0.050541 0.18935 -0.74789 0.11149 0.059227 -0.76629 0.057675 0.10918 -0.79567 0.13115 0.0086483 -0.84255 -0.014085 -0.10098 0.58892
-0.16606 -0.020199 0.30853 0.10694 0.029588 0.35123 -0.035475 -0.028309 0.40669 -0.005776 -0.0076777 0.06792 -0.048033 0.0053833 -0.057087 0.057691 0.0053833 -0.047306 -0.21602 0.03416 0.053189 0.23235 0.19932 0.19236 -0.20173 0.018755 -0.18286 0.30061 -0.0052089 0.29443 -0.1888 0.034262 -0.26307 0.3206 -0.080252 0.32239 -0.015314 0.12237 -0.42745 0.098032 0.045911 -0.43289 0.050325 0.19363 -0.74752 0.11158 0.058702 -0.76627 0.052693 0.11092 -0.79222 0.13325 0.014058 -0.8446 -0.014741 -0.10108 0.58887
-0.16643 -0.019623 0.3085 0.10672 0.029266 0.35138 -0.035869 -0.028338 0.40665 -0.005869 -0.0076684 0.067913 -0.048036 0.0052882 -0.057093 0.057715 0.0052882 -0.047286 -0.21612 0.03427 0.053017 0.2362 0.18888 0.18695 -0.20181 0.018477 -0.183 0.30521 -0.014789 0.2928 -0.18883 0.034017 -0.26319 0.32276 -0.091101 0.31871 -0.015334 0.12205 -0.4275 0.098226 0.04569 -0.43287 0.050349 0.19642 -0.74727 0.11161 0.058183 -0.76626 0.049353 0.11174 -0.78952 0.13515 0.018883 -0.84638 -0.015339 -0.10121 0.58882
-0.16675 -0.019075 0.30848 0.10654 0.028898 0.35146 -0.036222 -0.028382 0.40662 -0.0059506 -0.007671 0.067906 -0.048031 0.0052083 -0.057104 0.057738 0.0052083 -0.047268 -0.21624 0.034477 0.052883 0.23991 0.17902 0.18191 -0.20195 0.018482 -0.18311 0.30832 -0.024376 0.29013 -0.18888 0.033969 -0.26331 0.32347 -0.10175 0.31438 -0.015268 0.12188 -0.42753 0.098325 0.045419 -0.43286 0.050586 0.19783 -0.74713 0.1116 0.057674 -0.76627 0.047517 0.11173 -0.78753 0.13686 0.023162 -0.8479 -0.015886 -0.10134 0.58877
-0.16703 -0.018555 0.30846 0.10639 0.028482 0.35148 -0.036539 -0.028438 0.40659 -0.0060222 -0.0076838 0.067898 -0.04802 0.0051416 -0.05712 0.057758 0.0051416 -0.047251 -0.21637 0.034765 0.052784 0.24348 0.16967 0.17724 -0.20214 0.018727 -0.18321 0.31004 -0.033983 0.28654 -0.18895 0.03408 -0.26341 0.32281 -0.11222 0.30947 -0.015124 0.1218 -0.42753 0.098333 0.045107 -0.43287 0.051009 0.19798 -0.74711 0.11153 0.057181 -0.76629 0.047049 0.11096 -0.78617 0.13839 0.026934 -0.84919 -0.016386 -0.10149 0.58872
-0.16728 -0.018064 0.30844 0.10626 0.028015 0.35145 -0.036825 -0.028503 0.40656 -0.0060853 -0.0077053 0.06789 -0.048003 0.0050863 -0.057139 0.057776 0.0050863 -0.047235 -0.2165 0.035117 0.052711 0.24686 0.16075 0.17292 -0.20237 0.019165 -0.1833 0.31047 -0.043627 0.28214 -0.18904 0.034311 -0.26351 0.3209 -0.12255 0.30405 -0.014908 0.12181 -0.42752 0.098252 0.044761 -0.4329 0.051592 0.19698 -0.74718 0.1114 0.056707 -0.76632 0.047812 0.10952 -0.7854 0.13972 0.03024 -0.85026 -0.016846 -0.10165 0.58867
-0.1675 -0.0176 0.30842 0.10617 0.027496 0.35138 -0.037083 -0.028577 0.40653 -0.0061414 -0.0077337 0.067882 -0.047982 0.0050406 -0.057161 0.057792 0.0050406 -0.04722 -0.21664 0.035516 0.052661 0.25006 0.15218 0.16891 -0.20263 0.019755 -0.18337 0.30972 -0.053322 0.27702 -0.18913 0.034624 -0.26361 0.31784 -0.13276 0.29821 -0.01463 0.12187 -0.42749 0.098084 0.04439 -0.43293 0.052306 0.19494 -0.74735 0.11121 0.056258 -0.76636 0.049669 0.10749 -0.78515 0.14088 0.033119 -0.85112 -0.01727 -0.10181 0.58863
-0.1677 -0.017164 0.3084 0.10611 0.026922 0.35127 -0.037318 -0.028656 0.4065 -0.0061921 -0.0077675 0.067873 -0.047957 0.0050027 -0.057185 0.057806 0.0050027 -0.047207 -0.21678 0.035945 0.052626 0.25303 0.14389 0.16521 -0.20291 0.02045 -0.18344 0.30788 -0.063085 0.27129 -0.18923 0.034978 -0.2637 0.31372 -0.14289 0.29202 -0.014297 0.12196 -0.42746 0.097832 0.044002 -0.43298 0.053126 0.19199 -0.74762 0.11095 0.055839 -0.76641 0.052482 0.10494 -0.78538 0.14187 0.035611 -0.8518 -0.017665 -0.10197 0.58858
-0.16787 -0.016755 0.30837 0.10607 0.026292 0.35113 -0.037534 -0.028738 0.40647 -0.0062388 -0.0078049 0.067865 -0.047931 0.0049707 -0.05721 0.057818 0.0049707 -0.047195 -0.21693 0.036387 0.052602 0.25577 0.1358 0.16178 -0.20319 0.021208 -0.1835 0.30507 -0.072929 0.26507 -0.18932 0.035336 -0.2638 0.30867 -0.15296 0.28554 -0.013917 0.12204 -0.42744 0.097498 0.043604 -0.43304 0.054024 0.18824 -0.74796 0.11063 0.055453 -0.76647 0.056116 0.10196 -0.78602 0.14269 0.037755 -0.85232 -0.018035 -0.10213 0.58854
-0.16803 -0.016373 0.30835 0.10605 0.025603 0.35096 -0.037737 -0.028821 0.40645 -0.006283 -0.0078444 0.067857 -0.047904 0.0049429 -0.057235 0.057829 0.0049429 -0.047185 -0.21707 0.036824 0.052582 0.25824 0.12782 0.15861 -0.20347 0.021983 -0.18356 0.30137 -0.082872 0.25846 -0.1894 0.035658 -0.2639 0.30277 -0.163 0.27887 -0.013497 0.1221 -0.42742 0.097084 0.043205 -0.43311 0.054974 0.1838 -0.74838 0.11025 0.055106 -0.76654 0.060432 0.098624 -0.78701 0.14334 0.039591 -0.85268 -0.018387 -0.10228 0.5885
-0.16818 -0.016018 0.30831 0.10605 0.024854 0.35077 -0.037931 -0.028903 0.40642 -0.0063263 -0.0078843 0.067848 -0.047877 0.0049173 -0.057259 0.057838 0.0049173 -0.047176 -0.21721 0.037241 0.052561 0.26042 0.11989 0.15568 -0.20374 0.022732 -0.18362 0.2969 -0.092928 0.25156 -0.18946 0.035905 -0.264 0.29614 -0.17305 0.27206 -0.013047 0.12209 -0.42741 0.096594 0.042813 -0.43319 0.055948 0.17878 -0.74888 0.10979 0.054801 -0.76661 0.065295 0.09502 -0.78831 0.14383 0.041159 -0.85291 -0.018724 -0.10242 0.58847
-0.16831 -0.01569 0.30828 0.10608 0.024041 0.35057 -0.038119 -0.02898 0.4064 -0.0063701 -0.007923 0.06784 -0.047852 0.0048921 -0.057282 0.057846 0.0048921 -0.047169 -0.21734 0.037619 0.052533 0.2623 0.11193 0.15296 -0.20398 0.023411 -0.18368 0.29176 -0.10311 0.24449 -0.1895 0.036039 -0.26411 0.28887 -0.18312 0.26521 -0.012573 0.122 -0.42743 0.09603 0.042435 -0.43327 0.05692 0.1733 -0.74944 0.10926 0.054545 -0.76669 0.070566 0.091224 -0.78985 0.14417 0.042497 -0.85302 -0.019054 -0.10255 0.58844
-0.16845 -0.015388 0.30823 0.10612 0.023164 0.35036 -0.038308 -0.029052 0.40637 -0.006416 -0.0079588 0.067831 -0.04783 0.0048656 -0.057303 0.057853 0.0048656 -0.047164 -0.21746 0.037941 0.052493 0.26385 0.10386 0.15043 -0.20418 0.023974 -0.18375 0.28604 -0.11344 0.23734 -0.18951 0.036021 -0.26424 0.28107 -0.19326 0.25837 -0.012083 0.12179 -0.42747 0.095394 0.042081 -0.43336 0.057863 0.16748 -0.75005 0.10865 0.05434 -0.76677 0.07611 0.087317 -0.79158 0.14436 0.043647 -0.85304 -0.019382 -0.10266 0.58841
-0.16859 -0.015113 0.30819 0.10617 0.02222 0.35015 -0.0385 -0.029115 0.40635 -0.0064655 -0.00799 0.067823 -0.047812 0.0048359 -0.05732 0.057858 0.0048359 -0.04716 -0.21757 0.038192 0.052434 0.26504 0.095602 0.14808 -0.20434 0.024379 -0.18383 0.27984 -0.12393 0.23023 -0.18948 0.035811 -0.26437 0.27284 -0.20349 0.25163 -0.011586 0.12145 -0.42755 0.094689 0.041758 -0.43345 0.058749 0.16142 -0.75072 0.10796 0.054193 -0.76686 0.081789 0.083381 -0.79345 0.14441 0.044647 -0.85297 -0.019712 -0.10275 0.58839
-0.16873 -0.014864 0.30813 0.10623 0.021207 0.34994 -0.0387 -0.029167 0.40633 -0.00652 -0.0080151 0.067815 -0.0478 0.0048011 -0.057334 0.057862 0.0048011 -0.047159 -0.21767 0.038353 0.052351 0.26586 0.087077 0.14587 -0.20443 0.02458 -0.18392 0.27328 -0.13459 0.22327 -0.18941 0.035371 -0.26451 0.26429 -0.21383 0.24506 -0.01109 0.12094 -0.42767 0.093917 0.041473 -0.43355 0.059553 0.15525 -0.75143 0.1072 0.054108 -0.76695 0.087467 0.079495 -0.79538 0.14432 0.045537 -0.85285 -0.02005 -0.10282 0.58837
-0.16888 -0.01464 0.30806 0.10631 0.020122 0.34975 -0.038914 -0.029206 0.4063 -0.0065811 -0.0080323 0.067807 -0.047794 0.0047595 -0.057342 0.057865 0.0047595 -0.047159 -0.21776 0.038407 0.052239 0.26629 0.07821 0.14379 -0.20446 0.024534 -0.18402 0.26645 -0.14544 0.21655 -0.18929 0.034662 -0.26468 0.25552 -0.22432 0.23874 -0.010602 0.12023 -0.42783 0.09308 0.041236 -0.43364 0.060246 0.14908 -0.75219 0.10635 0.054089 -0.76703 0.093006 0.07574 -0.79733 0.14409 0.046357 -0.85267 -0.020403 -0.10286 0.58836
-0.16905 -0.014442 0.30799 0.10639 0.018965 0.34957 -0.039145 -0.02923 0.40628 -0.0066503 -0.0080401 0.067799 -0.047795 0.0047091 -0.057345 0.057867 0.0047091 -0.047162 -0.21782 0.038338 0.052091 0.26629 0.068923 0.14182 -0.20441 0.024196 -0.18414 0.25946 -0.1565 0.21019 -0.18911 0.033644 -0.26486 0.24663 -0.23499 0.23274 -0.010129 0.11929 -0.42805 0.092182 0.041054 -0.43374 0.060802 0.14302 -0.75297 0.10541 0.05414 -0.76712 0.098269 0.072197 -0.79925 0.14373 0.047146 -0.85247 -0.020775 -0.10287 0.58836
-0.16924 -0.014269 0.30791 0.10648 0.017732 0.34941 -0.039398 -0.029236 0.40625 -0.0067291 -0.0080369 0.067792 -0.047806 0.0046483 -0.057341 0.057868 0.0046483 -0.047166 -0.21787 0.038129 0.051901 0.26585 0.05914 0.13993 -0.20426 0.023522 -0.18428 0.2524 -0.16777 0.20429 -0.18888 0.03228 -0.26506 0.23773 -0.24587 0.22714 -0.0096812 0.11811 -0.42833 0.091224 0.040935 -0.43384 0.061195 0.13718 -0.75378 0.10438 0.054267 -0.76721 0.10312 0.068946 -0.80107 0.14324 0.047944 -0.85225 -0.021171 -0.10284 0.58836
-0.16945 -0.014121 0.30781 0.10658 0.016422 0.34929 -0.039677 -0.029222 0.40623 -0.006819 -0.0080208 0.067784 -0.047826 0.004575 -0.05733 0.057869 0.004575 -0.047173 -0.2179 0.037762 0.051665 0.26495 0.048782 0.13811 -0.20401 0.022468 -0.18444 0.24538 -0.17929 0.19896 -0.18857 0.03053 -0.26528 0.22893 -0.25698 0.222 -0.009265 0.11665 -0.42868 0.09021 0.040887 -0.43393 0.061397 0.13169 -0.75462 0.10326 0.054475 -0.7673 0.10742 0.066068 -0.80274 0.14264 0.048791 -0.85204 -0.021598 -0.10278 0.58837
-0.16969 -0.013997 0.3077 0.10668 0.015033 0.34919 -0.039987 -0.029185 0.4062 -0.0069212 -0.0079905 0.067777 -0.047858 0.0044877 -0.057311 0.057869 0.0044877 -0.047182 -0.2179 0.037223 0.051376 0.26356 0.037788 0.13634 -0.20365 0.020997 -0.18462 0.2385 -0.19104 0.1943 -0.1882 0.028361 -0.26553 0.2203 -0.26835 0.21741 -0.0088896 0.11488 -0.4291 0.089141 0.040918 -0.43402 0.061387 0.12665 -0.75546 0.10205 0.054767 -0.76738 0.11105 0.063635 -0.8042 0.14192 0.049723 -0.85186 -0.022059 -0.10267 0.58839
-0.16995 -0.013885 0.30759 0.10677 0.013575 0.34912 -0.040321 -0.029121 0.40617 -0.0070345 -0.0079454 0.067771 -0.0479 0.0043854 -0.057284 0.057868 0.0043854 -0.047193 -0.21787 0.036521 0.05104 0.26172 0.026215 0.13462 -0.20319 0.019137 -0.18483 0.23175 -0.203 0.19033 -0.18775 0.025805 -0.2658 0.2119 -0.27993 0.21342 -0.0085713 0.11283 -0.42959 0.088019 0.04103 -0.4341 0.061197 0.1221 -0.75631 0.10075 0.055145 -0.76746 0.11404 0.061663 -0.80546 0.14108 0.050744 -0.85169 -0.022554 -0.10252 0.58842
-0.17022 -0.013768 0.30746 0.10687 0.01206 0.34907 -0.040672 -0.029022 0.40615 -0.0071565 -0.0078856 0.067765 -0.047951 0.0042675 -0.057251 0.057864 0.0042675 -0.04721 -0.21782 0.035675 0.050664 0.25946 0.014186 0.133 -0.20264 0.016949 -0.18506 0.22512 -0.21506 0.18703 -0.18726 0.02292 -0.26609 0.20373 -0.29163 0.21006 -0.0083306 0.11052 -0.43013 0.086842 0.041224 -0.43418 0.060885 0.11804 -0.75713 0.099366 0.055609 -0.76753 0.11646 0.060132 -0.80654 0.14014 0.051844 -0.85156 -0.023077 -0.1023 0.58846
-0.1705 -0.013628 0.30734 0.10696 0.010501 0.34902 -0.041029 -0.028883 0.40613 -0.0072846 -0.0078111 0.06776 -0.048009 0.0041335 -0.057212 0.057857 0.0041335 -0.047231 -0.21774 0.034707 0.050257 0.25685 0.0018245 0.13151 -0.20204 0.014495 -0.1853 0.21858 -0.22716 0.1844 -0.18673 0.019768 -0.26639 0.19579 -0.30336 0.20739 -0.008188 0.108 -0.43074 0.085612 0.041499 -0.43425 0.060511 0.11449 -0.75792 0.097908 0.05616 -0.7676 0.11843 0.059024 -0.80747 0.13909 0.053012 -0.85145 -0.023623 -0.10201 0.58852
-0.17078 -0.013449 0.30722 0.10705 0.008913 0.34895 -0.041385 -0.028697 0.40611 -0.0074163 -0.0077218 0.067756 -0.048073 0.003983 -0.05717 0.057845 0.003983 -0.047259 -0.21762 0.033635 0.049827 0.25392 -0.010748 0.13017 -0.20139 0.011834 -0.18555 0.21209 -0.23921 0.1824 -0.18618 0.01641 -0.2667 0.18808 -0.31504 0.20545 -0.0081638 0.10528 -0.43138 0.084329 0.041856 -0.43432 0.060133 0.11145 -0.75866 0.096381 0.056798 -0.76767 0.12003 0.058322 -0.80827 0.13793 0.054236 -0.85136 -0.024187 -0.10164 0.58859
-0.17105 -0.013213 0.3071 0.10714 0.0073082 0.34886 -0.041729 -0.028458 0.40609 -0.0075493 -0.0076179 0.067753 -0.04814 0.0038154 -0.057124 0.057828 0.0038154 -0.047294 -0.21747 0.032482 0.049383 0.25072 -0.023408 0.12903 -0.20073 0.0090297 -0.1858 0.20563 -0.25113 0.18103 -0.18562 0.012906 -0.26701 0.18061 -0.32657 0.20428 -0.0082784 0.10242 -0.43206 0.082991 0.042294 -0.43438 0.059811 0.10893 -0.75932 0.094794 0.057522 -0.76773 0.12136 0.058007 -0.80897 0.13666 0.055506 -0.8513 -0.024764 -0.10117 0.58869
-0.17129 -0.012903 0.30699 0.10722 0.0057001 0.34873 -0.042052 -0.028159 0.40608 -0.0076809 -0.0074994 0.067752 -0.04821 0.0036301 -0.057078 0.057804 0.0036301 -0.047338 -0.21728 0.031266 0.048932 0.2473 -0.036034 0.1281 -0.20007 0.0061423 -0.18606 0.19916 -0.26284 0.18027 -0.18506 0.0093185 -0.26731 0.17338 -0.33789 0.20392 -0.0085524 0.099426 -0.43278 0.0816 0.042813 -0.43444 0.059602 0.10694 -0.7599 0.093153 0.058334 -0.76778 0.12251 0.058062 -0.80958 0.1353 0.056811 -0.85125 -0.025349 -0.1006 0.58881
-0.17151 -0.012503 0.30689 0.10729 0.0041022 0.34855 -0.042347 -0.027794 0.40608 -0.0078088 -0.0073662 0.067752 -0.04828 0.0034268 -0.05703 0.057772 0.0034268 -0.047391 -0.21705 0.030008 0.048484 0.24371 -0.048502 0.12744 -0.19942 0.0032332 -0.18631 0.19267 -0.27426 0.1801 -0.18453 0.0057074 -0.26761 0.16639 -0.34888 0.20442 -0.0090062 0.096351 -0.43351 0.080156 0.043413 -0.4345 0.059567 0.10548 -0.76037 0.091466 0.059233 -0.76783 0.12357 0.058467 -0.81015 0.13383 0.058139 -0.85123 -0.025937 -0.09991 0.58896
-0.1717 -0.011994 0.30681 0.10735 0.0025277 0.34831 -0.042603 -0.027356 0.40608 -0.0079303 -0.0072185 0.067754 -0.048349 0.0032047 -0.056984 0.057731 0.0032047 -0.047455 -0.21678 0.028729 0.048045 0.24 -0.060691 0.12705 -0.19882 0.00036389 -0.18656 0.18612 -0.28531 0.1805 -0.18403 0.0021338 -0.2679 0.15965 -0.35948 0.20583 -0.0096601 0.093222 -0.43426 0.078658 0.044095 -0.43454 0.059763 0.10457 -0.76072 0.08974 0.060219 -0.76787 0.12465 0.059206 -0.81068 0.13227 0.059479 -0.85123 -0.026522 -0.099097 0.58914
-0.17183 -0.011362 0.30675 0.1074 0.00098933 0.34798 -0.042811 -0.02684 0.4061 -0.0080432 -0.0070563 0.067757 -0.048416 0.0029638 -0.056939 0.05768 0.0029638 -0.047531 -0.21646 0.027449 0.047626 0.2362 -0.072483 0.12699 -0.19828 -0.0024068 -0.18679 0.17948 -0.29591 0.18147 -0.18357 -0.0013439 -0.26817 0.15317 -0.36959 0.20817 -0.010534 0.090072 -0.43501 0.077106 0.044858 -0.43458 0.060239 0.10419 -0.76093 0.087982 0.061293 -0.7679 0.12583 0.060256 -0.81121 0.13062 0.060822 -0.85125 -0.0271 -0.098147 0.58935
-0.17192 -0.010609 0.30672 0.10744 -0.00050882 0.34758 -0.042969 -0.026249 0.40612 -0.0081461 -0.0068812 0.067763 -0.04848 0.0027062 -0.056896 0.057619 0.0027062 -0.047618 -0.2161 0.026181 0.04723 0.23233 -0.083863 0.12729 -0.1978 -0.0050521 -0.18701 0.17275 -0.30607 0.183 -0.18317 -0.0047035 -0.26842 0.14691 -0.37921 0.21145 -0.011643 0.08691 -0.43576 0.07551 0.045693 -0.43462 0.060898 0.10426 -0.76102 0.086196 0.062447 -0.76793 0.12703 0.061559 -0.81176 0.12888 0.06217 -0.85128 -0.027665 -0.097068 0.5896
-0.17197 -0.0097509 0.3067 0.10748 -0.001969 0.34712 -0.043075 -0.025594 0.40615 -0.0082384 -0.0066958 0.06777 -0.048543 0.0024365 -0.056854 0.057549 0.0024365 -0.047717 -0.21571 0.024939 0.046862 0.22838 -0.094883 0.12798 -0.19739 -0.0075684 -0.18721 0.16597 -0.31585 0.18511 -0.18281 -0.0079481 -0.26864 0.14086 -0.38836 0.21564 -0.012995 0.083728 -0.43651 0.073882 0.046585 -0.43465 0.061537 0.1046 -0.76104 0.084385 0.06367 -0.76795 0.12811 0.063027 -0.81233 0.12709 0.063536 -0.85131 -0.028211 -0.095877 0.58987
-0.17197 -0.0088055 0.3067 0.10751 -0.0033934 0.3466 -0.04313 -0.024886 0.40619 -0.0083196 -0.0065027 0.067778 -0.048604 0.0021589 -0.056812 0.057469 0.0021589 -0.047826 -0.21529 0.023734 0.046526 0.22434 -0.1056 0.1291 -0.19703 -0.0099526 -0.18739 0.15915 -0.32531 0.18781 -0.1825 -0.011082 -0.26883 0.13499 -0.39708 0.22071 -0.014602 0.08052 -0.43724 0.072235 0.047519 -0.43467 0.061952 0.10503 -0.76104 0.082552 0.064951 -0.76796 0.12889 0.064574 -0.81294 0.12526 0.064933 -0.85133 -0.028733 -0.094592 0.59016
-0.17192 -0.0077892 0.30672 0.10756 -0.0047846 0.34604 -0.043135 -0.024135 0.40624 -0.0083892 -0.0063045 0.067788 -0.048666 0.0018779 -0.056769 0.05738 0.0018779 -0.047944 -0.21486 0.022576 0.046224 0.22019 -0.11606 0.13069 -0.19673 -0.012202 -0.18754 0.15233 -0.33451 0.19113 -0.18222 -0.014109 -0.26897 0.12925 -0.4054 0.22662 -0.016473 0.077277 -0.43797 0.070584 0.048479 -0.4347 0.061939 0.1054 -0.76107 0.080699 0.066279 -0.76798 0.12921 0.066112 -0.8136 0.12343 0.066372 -0.85134 -0.029225 -0.093232 0.59048
-0.17183 -0.0067188 0.30676 0.1076 -0.0061447 0.34546 -0.043088 -0.023352 0.40629 -0.0084465 -0.0061038 0.0678 -0.048729 0.001598 -0.056724 0.057283 0.001598 -0.048071 -0.21441 0.021478 0.04596 0.21591 -0.12633 0.13278 -0.19647 -0.014312 -0.18766 0.14553 -0.34352 0.19508 -0.18198 -0.017032 -0.26907 0.12362 -0.41335 0.23335 -0.018617 0.073992 -0.43867 0.068942 0.049452 -0.43472 0.061293 0.10552 -0.76117 0.07883 0.067643 -0.76799 0.12889 0.067552 -0.81433 0.1216 0.067868 -0.85132 -0.029682 -0.091814 0.5908
-0.17169 -0.0056109 0.30682 0.10767 -0.0074762 0.34485 -0.042991 -0.022548 0.40635 -0.0084911 -0.0059031 0.067812 -0.048794 0.0013233 -0.056676 0.057177 0.0013233 -0.048206 -0.21396 0.020452 0.045739 0.21151 -0.13645 0.13543 -0.19626 -0.016282 -0.18775 0.13878 -0.3524 0.19968 -0.18176 -0.019857 -0.26912 0.11807 -0.42098 0.24085 -0.021045 0.070658 -0.43935 0.067323 0.050421 -0.43475 0.059809 0.10522 -0.76139 0.076947 0.06903 -0.768 0.12778 0.068808 -0.81513 0.11982 0.069433 -0.85127 -0.030096 -0.090358 0.59114
-0.17151 -0.0044823 0.3069 0.10774 -0.0087814 0.34424 -0.042842 -0.021733 0.40641 -0.0085223 -0.0057052 0.067825 -0.048862 0.0010585 -0.056624 0.057063 0.0010585 -0.048348 -0.21352 0.019508 0.045562 0.20695 -0.14649 0.13866 -0.19609 -0.018107 -0.1878 0.1321 -0.36121 0.20493 -0.18157 -0.022586 -0.26911 0.11257 -0.4283 0.24911 -0.023767 0.067267 -0.44001 0.065739 0.051372 -0.43478 0.057284 0.10433 -0.76179 0.075052 0.07043 -0.76801 0.1257 0.069792 -0.81603 0.1181 0.071079 -0.85116 -0.030464 -0.08888 0.59148
-0.17129 -0.0033499 0.307 0.10784 -0.010063 0.34363 -0.042642 -0.020918 0.40647 -0.0085398 -0.0055126 0.067839 -0.048934 0.00080779 -0.056567 0.056942 0.00080779 -0.048497 -0.21309 0.018658 0.045435 0.20223 -0.15649 0.14251 -0.19595 -0.019784 -0.1878 0.12552 -0.37001 0.21087 -0.1814 -0.025224 -0.26904 0.10709 -0.43536 0.25807 -0.026791 0.063811 -0.44063 0.064205 0.05229 -0.43481 0.053512 0.10269 -0.7624 0.073149 0.071832 -0.76802 0.12249 0.070416 -0.81703 0.11646 0.072819 -0.85101 -0.030779 -0.0874 0.59182
-0.17103 -0.0022301 0.30711 0.10797 -0.011322 0.34303 -0.042391 -0.020114 0.40654 -0.0085429 -0.0053278 0.067854 -0.049011 0.00057551 -0.056504 0.056814 0.00057551 -0.048651 -0.21268 0.017913 0.04536 0.19734 -0.16652 0.14702 -0.19584 -0.021311 -0.18776 0.11907 -0.37887 0.21749 -0.18124 -0.027775 -0.2689 0.1016 -0.44219 0.26772 -0.030128 0.060284 -0.44121 0.062733 0.053161 -0.43485 0.048298 0.10011 -0.76329 0.07124 0.073223 -0.76803 0.11798 0.070596 -0.81814 0.11493 0.074666 -0.85078 -0.031035 -0.085935 0.59216
-0.17074 -0.001136 0.30724 0.10812 -0.012568 0.34246 -0.042094 -0.019326 0.40661 -0.0085322 -0.005152 0.067869 -0.049093 0.00036234 -0.056436 0.056679 0.00036234 -0.04881 -0.21229 0.017268 0.045336 0.19232 -0.17655 0.15215 -0.19576 -0.022699 -0.18768 0.11281 -0.38781 0.22472 -0.1811 -0.03024 -0.26869 0.09616 -0.44886 0.2779 -0.033755 0.056697 -0.44176 0.061329 0.053979 -0.43489 0.041657 0.096612 -0.76443 0.069327 0.0746 -0.76805 0.11219 0.070326 -0.81937 0.1135 0.076606 -0.8505 -0.03123 -0.084495 0.59249
-0.17041 -7.7117e-05 0.30739 0.10828 -0.013813 0.3419 -0.041756 -0.018555 0.40668 -0.0085093 -0.0049846 0.067885 -0.049179 0.0001654 -0.056362 0.05654 0.0001654 -0.048971 -0.21193 0.016703 0.045359 0.18725 -0.18651 0.15782 -0.19569 -0.023972 -0.18755 0.10688 -0.39679 0.23235 -0.18097 -0.032616 -0.26842 0.090952 -0.45546 0.28835 -0.037624 0.053076 -0.44226 0.059988 0.054753 -0.43493 0.033811 0.092357 -0.76576 0.067412 0.075964 -0.76807 0.10529 0.069679 -0.82067 0.11215 0.078608 -0.85016 -0.031365 -0.083085 0.59281
-0.17007 0.0009374 0.30754 0.10844 -0.015069 0.34135 -0.041386 -0.017801 0.40675 -0.0084759 -0.0048252 0.067901 -0.049269 -1.833e-05 -0.056283 0.056399 -1.833e-05 -0.049134 -0.21159 0.016197 0.045422 0.18225 -0.19632 0.1639 -0.19565 -0.025154 -0.18739 0.10139 -0.40581 0.2402 -0.18085 -0.034903 -0.2681 0.086141 -0.46209 0.2988 -0.041682 0.04945 -0.4427 0.058707 0.055489 -0.43497 0.024994 0.087522 -0.76724 0.065496 0.077318 -0.76808 0.097453 0.068732 -0.82202 0.11086 0.080635 -0.84979 -0.031442 -0.081707 0.59312
-0.16971 0.0018982 0.30772 0.10859 -0.01635 0.34081 -0.040991 -0.017066 0.40683 -0.0084337 -0.0046734 0.067916 -0.049362 -0.00019186 -0.056201 0.056256 -0.00019186 -0.049296 -0.21129 0.015729 0.045522 0.17738 -0.20591 0.17032 -0.19562 -0.026269 -0.18719 0.096469 -0.41483 0.24806 -0.18073 -0.037098 -0.26775 0.081899 -0.46885 0.309 -0.045879 0.045847 -0.44309 0.057482 0.056194 -0.43501 0.015439 0.082281 -0.76878 0.063581 0.078662 -0.76809 0.088869 0.067559 -0.82339 0.10959 0.082652 -0.84941 -0.03146 -0.080364 0.59342
-0.16936 0.0027961 0.3079 0.10873 -0.017668 0.34027 -0.040579 -0.016349 0.4069 -0.0083843 -0.0045287 0.067932 -0.049457 -0.00035821 -0.056116 0.056114 -0.00035821 -0.049456 -0.211 0.015277 0.045651 0.17276 -0.21519 0.17695 -0.19559 -0.027342 -0.18697 0.092232 -0.42383 0.25575 -0.18063 -0.0392 -0.26737 0.078396 -0.47583 0.31868 -0.050163 0.042296 -0.44342 0.056308 0.056875 -0.43504 0.0053769 0.07681 -0.77033 0.061669 0.079999 -0.7681 0.079717 0.066237 -0.82475 0.10832 0.084625 -0.84902 -0.031422 -0.07906 0.59371
-0.16901 0.0036217 0.30809 0.10884 -0.019036 0.33973 -0.040157 -0.015651 0.40697 -0.0083293 -0.0043906 0.067948 -0.049555 -0.0005204 -0.056028 0.055975 -0.0005204 -0.049613 -0.21075 0.01482 0.045806 0.16848 -0.22408 0.1837 -0.19557 -0.028399 -0.18672 0.088805 -0.43279 0.26306 -0.18054 -0.041207 -0.26698 0.075805 -0.48313 0.32757 -0.054484 0.038824 -0.44368 0.055181 0.05754 -0.43507 -0.0049583 0.071286 -0.77183 0.05976 0.08133 -0.76809 0.070176 0.064842 -0.82607 0.10703 0.086517 -0.84864 -0.031327 -0.077798 0.59398
-0.16868 0.0043657 0.30829 0.10891 -0.020467 0.33919 -0.039733 -0.014973 0.40703 -0.0082704 -0.0042586 0.067963 -0.049653 -0.00068145 -0.055939 0.055839 -0.00068145 -0.049763 -0.21052 0.014338 0.045981 0.16462 -0.23251 0.19047 -0.19555 -0.029462 -0.18645 0.086309 -0.44169 0.26981 -0.18045 -0.043118 -0.26657 0.074296 -0.49085 0.33541 -0.058789 0.03546 -0.44387 0.054097 0.058196 -0.43509 -0.015334 0.065883 -0.77321 0.057857 0.082658 -0.76807 0.060429 0.06345 -0.82733 0.10569 0.088295 -0.84829 -0.031178 -0.07658 0.59424
-0.16838 0.005019 0.3085 0.10893 -0.021974 0.33864 -0.039314 -0.014315 0.4071 -0.0082093 -0.0041322 0.067978 -0.049752 -0.00084438 -0.055848 0.05571 -0.00084438 -0.049907 -0.21032 0.01381 0.04617 0.16129 -0.24039 0.19715 -0.19553 -0.030557 -0.18617 0.084866 -0.4505 0.27579 -0.18037 -0.044929 -0.26617 0.074039 -0.49909 0.34193 -0.063028 0.032232 -0.44399 0.053053 0.05885 -0.4351 -0.025519 0.060776 -0.77441 0.055961 0.083985 -0.76804 0.050657 0.062137 -0.82848 0.10427 0.089922 -0.84798 -0.030974 -0.07541 0.59448
-0.16811 0.0055721 0.30871 0.10889 -0.023569 0.33808 -0.038907 -0.013677 0.40716 -0.0081477 -0.004011 0.067993 -0.049851 -0.0010122 -0.055757 0.055587 -0.0010122 -0.050041 -0.21015 0.013213 0.046368 0.15857 -0.24766 0.20365 -0.19549 -0.031709 -0.18587 0.084596 -0.4592 0.28081 -0.18029 -0.046641 -0.26579 0.075205 -0.50793 0.34688 -0.06715 0.029169 -0.44402 0.052045 0.059509 -0.4351 -0.035281 0.05614 -0.77537 0.054073 0.085312 -0.76799 0.041038 0.060977 -0.82951 0.10274 0.091365 -0.84772 -0.030718 -0.074291 0.59471
-0.16787 0.0060163 0.30892 0.10879 -0.025255 0.3375 -0.038516 -0.013062 0.40722 -0.0080859 -0.0038941 0.068007 -0.049949 -0.0011874 -0.055667 0.055472 -0.0011874 -0.050167 -0.21001 0.012532 0.046572 0.1565 -0.25428 0.20993 -0.19544 -0.032934 -0.18557 0.085556 -0.46775 0.28482 -0.18021 -0.048263 -0.26542 0.077867 -0.51735 0.35022 -0.071118 0.026278 -0.44397 0.051067 0.060179 -0.43508 -0.044507 0.052043 -0.77606 0.052195 0.08664 -0.76793 0.031674 0.06 -0.8304 0.1011 0.092618 -0.84753 -0.030409 -0.073224 0.59491
-0.16767 0.0063433 0.30914 0.10863 -0.027019 0.33692 -0.038136 -0.012469 0.40727 -0.008023 -0.0037805 0.068021 -0.050044 -0.0013721 -0.055579 0.055362 -0.0013721 -0.050288 -0.20989 0.011753 0.04678 0.15502 -0.2603 0.21604 -0.19536 -0.034241 -0.18526 0.087711 -0.47608 0.28795 -0.18011 -0.049823 -0.26507 0.081967 -0.5271 0.35221 -0.074919 0.023544 -0.44385 0.050119 0.060866 -0.43505 -0.053242 0.048411 -0.77651 0.050324 0.087971 -0.76785 0.022556 0.059166 -0.83113 0.099361 0.093714 -0.84739 -0.030045 -0.072206 0.59511
-0.16749 0.0065448 0.30936 0.10843 -0.028846 0.33634 -0.037764 -0.011901 0.40732 -0.0079577 -0.0036688 0.068035 -0.050133 -0.001568 -0.055494 0.055252 -0.001568 -0.050405 -0.20977 0.010865 0.046993 0.15407 -0.26579 0.22204 -0.19524 -0.035636 -0.18495 0.091017 -0.48415 0.29036 -0.17997 -0.051347 -0.26473 0.087436 -0.53693 0.35314 -0.078539 0.020946 -0.44368 0.049197 0.061576 -0.43501 -0.061546 0.045158 -0.77674 0.04846 0.089303 -0.76776 0.013668 0.058432 -0.83173 0.097543 0.094692 -0.84729 -0.029624 -0.071233 0.59529
-0.16732 0.0066125 0.30959 0.10819 -0.030725 0.33578 -0.037397 -0.011359 0.40737 -0.0078888 -0.003558 0.068048 -0.050215 -0.001777 -0.055415 0.05514 -0.001777 -0.050522 -0.20966 0.0098545 0.047208 0.15358 -0.27081 0.228 -0.19505 -0.037128 -0.18464 0.095435 -0.49187 0.2922 -0.17978 -0.052865 -0.26441 0.094207 -0.54661 0.35332 -0.081966 0.018468 -0.44346 0.048298 0.062314 -0.43496 -0.069475 0.0422 -0.77678 0.046601 0.090638 -0.76765 0.0049942 0.057757 -0.83218 0.095662 0.09559 -0.84722 -0.029144 -0.070302 0.59545
-0.16717 0.0065382 0.30981 0.10793 -0.03264 0.33523 -0.03703 -0.010845 0.40742 -0.0078152 -0.0034467 0.068063 -0.050288 -0.0020012 -0.055341 0.055023 -0.0020012 -0.050641 -0.20955 0.0087107 0.047426 0.1535 -0.2754 0.23397 -0.19481 -0.038724 -0.18432 0.10092 -0.4992 0.29363 -0.17952 -0.054405 -0.26409 0.10221 -0.55589 0.35302 -0.085185 0.016089 -0.44321 0.047421 0.063084 -0.4349 -0.077089 0.039449 -0.77667 0.044747 0.091975 -0.76753 -0.0034823 0.057098 -0.83249 0.093736 0.096443 -0.84717 -0.028604 -0.069411 0.59561
-0.16702 0.0063136 0.31004 0.10764 -0.034578 0.3347 -0.036659 -0.010359 0.40747 -0.0077356 -0.0033338 0.068077 -0.05035 -0.0022422 -0.055276 0.054898 -0.0022422 -0.050766 -0.20942 0.0074211 0.047645 0.15375 -0.27964 0.24001 -0.19447 -0.04043 -0.184 0.10744 -0.50606 0.29478 -0.17917 -0.055995 -0.26379 0.11138 -0.56451 0.35253 -0.088184 0.013791 -0.44295 0.046561 0.063893 -0.43483 -0.084445 0.036823 -0.77642 0.042896 0.093315 -0.76741 -0.011778 0.056411 -0.83265 0.091781 0.097291 -0.84713 -0.028001 -0.068555 0.59576
-0.16687 0.0059304 0.31026 0.10734 -0.036525 0.33421 -0.036281 -0.0099031 0.40752 -0.0076489 -0.0032181 0.068093 -0.050398 -0.002502 -0.055219 0.054761 -0.002502 -0.0509 -0.20927 0.0059736 0.047865 0.15429 -0.28357 0.24618 -0.19405 -0.042254 -0.18368 0.11494 -0.5124 0.29582 -0.17871 -0.057662 -0.26349 0.12165 -0.57223 0.35216 -0.090949 0.011555 -0.44267 0.045716 0.064746 -0.43475 -0.0916 0.034233 -0.77607 0.041046 0.094658 -0.76728 -0.019908 0.055654 -0.83267 0.089815 0.098169 -0.84709 -0.027334 -0.067733 0.59591
-0.16671 0.0053805 0.31048 0.10703 -0.038468 0.33376 -0.035891 -0.0094791 0.40756 -0.0075538 -0.0030983 0.068109 -0.050432 -0.0027826 -0.055173 0.054609 -0.0027826 -0.051044 -0.20909 0.0043562 0.048085 0.15504 -0.28725 0.25255 -0.19351 -0.044204 -0.18337 0.12338 -0.51816 0.2969 -0.17812 -0.059436 -0.26319 0.13295 -0.57881 0.35218 -0.093468 0.0093631 -0.44241 0.044884 0.065649 -0.43467 -0.098614 0.031597 -0.77565 0.039197 0.096004 -0.76714 -0.027889 0.054785 -0.83255 0.087855 0.099117 -0.84703 -0.0266 -0.06694 0.59605
-0.16653 0.0046556 0.3107 0.10672 -0.040394 0.33336 -0.035486 -0.0090881 0.40761 -0.0074492 -0.0029732 0.068126 -0.050449 -0.0030857 -0.05514 0.054439 -0.0030857 -0.051203 -0.20887 0.0025569 0.048304 0.15594 -0.29075 0.25918 -0.19286 -0.046287 -0.18305 0.13272 -0.52326 0.29816 -0.1774 -0.061343 -0.26289 0.14521 -0.584 0.3529 -0.095728 0.0071954 -0.44216 0.044062 0.066606 -0.43458 -0.10554 0.028828 -0.77518 0.037347 0.097354 -0.76699 -0.035738 0.05376 -0.83229 0.085919 0.10017 -0.84696 -0.025798 -0.066174 0.59619
-0.16633 0.0037573 0.31092 0.10643 -0.042288 0.333 -0.035061 -0.0087298 0.40766 -0.0073338 -0.0028421 0.068145 -0.050447 -0.0034109 -0.055118 0.054251 -0.0034109 -0.051377 -0.20861 0.00057544 0.048521 0.15697 -0.29409 0.26607 -0.19207 -0.0485 -0.18275 0.14291 -0.52768 0.2997 -0.17652 -0.063395 -0.26259 0.15836 -0.58767 0.35444 -0.097728 0.0050461 -0.44194 0.043249 0.067621 -0.43449 -0.1124 0.025891 -0.77468 0.035498 0.098708 -0.76685 -0.043444 0.052572 -0.83189 0.084019 0.10135 -0.84685 -0.024926 -0.06543 0.59633
-0.16611 0.0027063 0.31114 0.10617 -0.044138 0.3327 -0.034608 -0.0084003 0.40771 -0.0072063 -0.0027049 0.068165 -0.05043 -0.0037526 -0.055109 0.054044 -0.0037526 -0.051565 -0.20829 -0.0015656 0.04874 0.15815 -0.29725 0.27315 -0.19117 -0.050822 -0.18244 0.15386 -0.5314 0.30148 -0.1755 -0.065569 -0.26229 0.17227 -0.58996 0.35668 -0.099493 0.0029332 -0.44175 0.042448 0.068694 -0.43439 -0.11913 0.022846 -0.77417 0.033657 0.10007 -0.7667 -0.050948 0.051275 -0.83138 0.08216 0.10265 -0.84671 -0.023985 -0.064703 0.59647
-0.16584 0.0015255 0.31135 0.10594 -0.045934 0.33244 -0.034122 -0.0080954 0.40776 -0.0070654 -0.0025617 0.068186 -0.0504 -0.0041049 -0.055109 0.053823 -0.0041049 -0.051765 -0.20791 -0.0038411 0.04896 0.15954 -0.30019 0.28032 -0.19015 -0.053229 -0.18215 0.16546 -0.53443 0.30344 -0.17436 -0.067837 -0.26199 0.18684 -0.59099 0.35943 -0.10105 0.00087727 -0.44157 0.041661 0.069823 -0.43429 -0.12564 0.019765 -0.77365 0.031829 0.10144 -0.76654 -0.058183 0.049935 -0.83079 0.080343 0.10407 -0.84655 -0.022974 -0.063986 0.59661
-0.16553 0.00023771 0.31158 0.10576 -0.047663 0.33222 -0.033594 -0.007811 0.40782 -0.0069097 -0.0024125 0.068208 -0.050357 -0.004462 -0.055119 0.053588 -0.004462 -0.051976 -0.20746 -0.006226 0.049184 0.16116 -0.30289 0.2875 -0.18904 -0.055698 -0.18185 0.17764 -0.53677 0.30554 -0.17311 -0.070174 -0.26169 0.20196 -0.59093 0.36253 -0.10243 -0.0011008 -0.44141 0.040893 0.071007 -0.43418 -0.13186 0.01672 -0.77314 0.030022 0.10281 -0.76638 -0.065085 0.048615 -0.83013 0.078572 0.10558 -0.84636 -0.021895 -0.063274 0.59676
-0.16517 -0.0011342 0.3118 0.10564 -0.049313 0.33204 -0.033018 -0.0075427 0.40788 -0.0067379 -0.0022573 0.06823 -0.050305 -0.0048179 -0.055136 0.053343 -0.0048179 -0.052196 -0.20692 -0.008695 0.049413 0.16306 -0.3053 0.29459 -0.18783 -0.058206 -0.18156 0.19028 -0.53843 0.30773 -0.17175 -0.072553 -0.26139 0.21752 -0.58991 0.3658 -0.10365 -0.0029804 -0.44127 0.040147 0.072246 -0.43407 -0.13772 0.013781 -0.77263 0.028244 0.1042 -0.76622 -0.071587 0.047378 -0.82942 0.07685 0.10719 -0.84615 -0.020747 -0.06256 0.59691
-0.16474 -0.0025674 0.31204 0.10559 -0.050872 0.33189 -0.032386 -0.0072864 0.40793 -0.0065486 -0.0020963 0.068254 -0.050246 -0.0051666 -0.05516 0.053089 -0.0051666 -0.052423 -0.20629 -0.011223 0.04965 0.16529 -0.30741 0.3015 -0.18653 -0.060729 -0.18127 0.20331 -0.5394 0.30995 -0.17031 -0.074946 -0.2611 0.2334 -0.58809 0.36908 -0.10475 -0.0047408 -0.44114 0.039425 0.073539 -0.43394 -0.14313 0.01102 -0.77214 0.0265 0.10561 -0.76604 -0.077623 0.046289 -0.8287 0.075179 0.10888 -0.84592 -0.01953 -0.061839 0.59707
-0.16425 -0.0040389 0.31229 0.10563 -0.052328 0.33178 -0.031692 -0.0070377 0.40799 -0.0063406 -0.0019293 0.068278 -0.050181 -0.0055023 -0.055189 0.052829 -0.0055023 -0.052655 -0.20555 -0.013785 0.049895 0.16787 -0.30918 0.30814 -0.18517 -0.063243 -0.18098 0.21662 -0.53969 0.31215 -0.16879 -0.077327 -0.2608 0.24949 -0.58561 0.37218 -0.10576 -0.0063612 -0.44101 0.038731 0.074884 -0.43381 -0.14802 0.008509 -0.77169 0.024798 0.10703 -0.76586 -0.083127 0.04541 -0.82798 0.073563 0.11064 -0.84567 -0.018246 -0.061104 0.59723
-0.16368 -0.0055261 0.31254 0.10577 -0.05367 0.33169 -0.030928 -0.0067926 0.40806 -0.0061124 -0.0017567 0.068303 -0.050114 -0.0058189 -0.055221 0.052565 -0.0058189 -0.052891 -0.2047 -0.016355 0.050151 0.17086 -0.31057 0.31443 -0.18373 -0.065726 -0.1807 0.23013 -0.5393 0.31428 -0.16721 -0.079669 -0.26052 0.26568 -0.58262 0.37493 -0.10669 -0.007821 -0.44089 0.038067 0.07628 -0.43367 -0.15231 0.0063189 -0.77126 0.023146 0.10846 -0.76568 -0.088035 0.044807 -0.82729 0.072003 0.11247 -0.84541 -0.016893 -0.06035 0.59739
-0.16302 -0.0070059 0.31281 0.10603 -0.054885 0.33162 -0.030087 -0.0065467 0.40812 -0.0058628 -0.0015782 0.068327 -0.050045 -0.0061105 -0.055256 0.052298 -0.0061105 -0.053129 -0.20374 -0.01891 0.050418 0.17429 -0.31155 0.32027 -0.18224 -0.068153 -0.18041 0.24374 -0.53823 0.3163 -0.16558 -0.081946 -0.26023 0.28186 -0.57926 0.37716 -0.10758 -0.0090993 -0.44077 0.037439 0.077726 -0.43352 -0.15593 0.0045212 -0.77089 0.021549 0.10992 -0.76548 -0.09228 0.044543 -0.82664 0.070504 0.11434 -0.84514 -0.015473 -0.059569 0.59757
-0.16227 -0.0084555 0.3131 0.1064 -0.055962 0.33157 -0.029162 -0.0062959 0.40819 -0.0055904 -0.0013941 0.068353 -0.049977 -0.0063713 -0.055293 0.052033 -0.0063713 -0.053367 -0.20263 -0.021422 0.050699 0.17821 -0.3121 0.32556 -0.1807 -0.070502 -0.18013 0.25735 -0.53649 0.31814 -0.16391 -0.08413 -0.25996 0.29792 -0.57568 0.3787 -0.10846 -0.010176 -0.44065 0.036847 0.079222 -0.43336 -0.1588 0.0031874 -0.77056 0.020014 0.1114 -0.76528 -0.095796 0.044681 -0.82608 0.069068 0.11626 -0.84485 -0.013985 -0.058757 0.59775
-0.16143 -0.0098522 0.3134 0.10691 -0.056889 0.33153 -0.028146 -0.0060358 0.40827 -0.0052939 -0.0012044 0.068378 -0.049913 -0.0065952 -0.05533 0.05177 -0.0065952 -0.053603 -0.20139 -0.023868 0.050996 0.18265 -0.31218 0.33022 -0.17911 -0.072748 -0.17985 0.27088 -0.53408 0.31976 -0.16223 -0.086196 -0.25968 0.31374 -0.57204 0.37938 -0.10935 -0.011029 -0.44052 0.036297 0.080766 -0.43318 -0.16084 0.0023889 -0.7703 0.01855 0.1129 -0.76506 -0.098518 0.045286 -0.82561 0.067697 0.11821 -0.84455 -0.012431 -0.057907 0.59795
-0.16048 -0.011173 0.31372 0.10757 -0.057653 0.33151 -0.027032 -0.0057623 0.40834 -0.004972 -0.001009 0.068404 -0.049853 -0.0067764 -0.055365 0.051511 -0.0067764 -0.053836 -0.2 -0.026222 0.051309 0.18766 -0.31176 0.33417 -0.1775 -0.074869 -0.17956 0.28423 -0.53099 0.32111 -0.16053 -0.088115 -0.25942 0.32922 -0.56846 0.37902 -0.11028 -0.011639 -0.44039 0.03579 0.082358 -0.433 -0.16198 0.0021972 -0.77011 0.017162 0.11442 -0.76484 -0.10038 0.046421 -0.82526 0.066394 0.12018 -0.84425 -0.010809 -0.057014 0.59815
-0.15941 -0.012395 0.31407 0.10838 -0.058243 0.3315 -0.025812 -0.0054712 0.40842 -0.0046233 -0.00080816 0.068429 -0.049802 -0.0069088 -0.055398 0.05126 -0.0069088 -0.054063 -0.19844 -0.028459 0.051641 0.19327 -0.31081 0.33729 -0.17587 -0.07684 -0.17928 0.29731 -0.52724 0.32213 -0.15884 -0.089862 -0.25916 0.34423 -0.56511 0.37744 -0.11128 -0.011984 -0.44024 0.035331 0.083996 -0.4328 -0.16213 0.0026836 -0.76999 0.015858 0.11598 -0.7646 -0.10132 0.04815 -0.82505 0.065163 0.12216 -0.84394 -0.0091212 -0.05607 0.59837
-0.15822 -0.013496 0.31444 0.10937 -0.058647 0.33148 -0.024481 -0.0051582 0.4085 -0.0042464 -0.0006018 0.068455 -0.049759 -0.0069866 -0.055427 0.051019 -0.0069866 -0.054284 -0.19672 -0.030554 0.051992 0.19953 -0.30929 0.33952 -0.17422 -0.07864 -0.179 0.31001 -0.52283 0.32278 -0.15716 -0.091409 -0.25891 0.35868 -0.56213 0.37448 -0.11238 -0.012045 -0.44008 0.034921 0.085679 -0.43259 -0.16123 0.0039197 -0.76997 0.014645 0.11756 -0.76435 -0.10126 0.050537 -0.82501 0.064006 0.12414 -0.84363 -0.0073668 -0.055071 0.59859
-0.15689 -0.014452 0.31483 0.11054 -0.058853 0.33147 -0.02303 -0.004819 0.40859 -0.0038401 -0.00039002 0.06848 -0.049729 -0.0070039 -0.055451 0.050788 -0.0070039 -0.054497 -0.19482 -0.032481 0.052366 0.20648 -0.30718 0.34075 -0.17258 -0.080243 -0.17871 0.32226 -0.51775 0.323 -0.15551 -0.09273 -0.25867 0.37244 -0.55967 0.36997 -0.1136 -0.0118 -0.43989 0.034566 0.087406 -0.43237 -0.15919 0.0059769 -0.77004 0.013529 0.11917 -0.76409 -0.10015 0.053645 -0.82516 0.062927 0.12612 -0.84331 -0.0055464 -0.054009 0.59884
-0.15543 -0.01524 0.31525 0.11192 -0.058849 0.33146 -0.021452 -0.0044496 0.40868 -0.003403 -0.00017286 0.068505 -0.049712 -0.0069546 -0.055469 0.050572 -0.0069546 -0.054699 -0.19272 -0.034216 0.052764 0.21416 -0.30444 0.34089 -0.17093 -0.081626 -0.17843 0.33396 -0.51201 0.32274 -0.1539 -0.093799 -0.25844 0.3854 -0.55787 0.36372 -0.11497 -0.011228 -0.43969 0.034267 0.089177 -0.43213 -0.15595 0.0089266 -0.77021 0.012518 0.12082 -0.76382 -0.09791 0.057538 -0.82552 0.061926 0.12808 -0.843 -0.0036601 -0.052879 0.59909
-0.15383 -0.015839 0.3157 0.1135 -0.058623 0.33144 -0.01974 -0.0040456 0.40878 -0.0029338 4.9632e-05 0.068529 -0.049711 -0.0068329 -0.05548 0.050371 -0.0068329 -0.054889 -0.19043 -0.035734 0.053186 0.22261 -0.30104 0.33985 -0.1693 -0.082767 -0.17814 0.34501 -0.50561 0.32195 -0.15234 -0.094587 -0.25822 0.39747 -0.55687 0.35557 -0.11652 -0.010309 -0.43946 0.034028 0.09099 -0.43187 -0.15141 0.01284 -0.7705 0.011618 0.1225 -0.76353 -0.094485 0.062281 -0.82612 0.061009 0.13001 -0.8427 -0.0017083 -0.051676 0.59936
-0.15207 -0.016225 0.31618 0.1153 -0.058164 0.33141 -0.017888 -0.0036027 0.40888 -0.0024311 0.0002774 0.068553 -0.049728 -0.0066328 -0.055481 0.050189 -0.0066328 -0.055065 -0.18793 -0.037008 0.053635 0.23187 -0.29696 0.33755 -0.16769 -0.083642 -0.17785 0.35531 -0.49856 0.32058 -0.15086 -0.09507 -0.25801 0.40851 -0.55684 0.34535 -0.11828 -0.0090228 -0.4392 0.033852 0.092844 -0.4316 -0.14551 0.017789 -0.77091 0.010836 0.12422 -0.76323 -0.089805 0.067937 -0.82697 0.060177 0.1319 -0.8424 0.00030878 -0.050392 0.59965
