-0.10512 -0.1031 0.34644 0.18924 -0.069706 0.34101 0.049469 -0.1454 0.3791 0.0099284 -0.029066 0.061336 -0.054566 0.020084 -0.047056 0.046029 0.020084 -0.055434 -0.15932 -0.042273 0.09343 0.22104 0.055259 0.10859 -0.17253 -0.020081 -0.14216 0.2123 0.1427 -0.11152 -0.17803 -0.012863 -0.22436 0.21022 0.16151 -0.19202 -0.086855 0.093759 -0.42847 0.091185 -0.029555 -0.43941 -0.091452 0.14915 -0.75771 0.11407 0.017444 -0.7692 -0.15243 0.13094 -0.82635 0.11017 -0.050599 -0.83335 0.082481 -0.30633 0.48832
-0.094772 -0.11133 0.34875 0.20065 -0.070278 0.3382 0.062662 -0.14976 0.37523 0.011852 -0.029667 0.06067 -0.056189 0.019601 -0.045285 0.045819 0.019601 -0.055812 -0.15262 -0.035244 0.10102 0.23259 0.058507 0.10805 -0.16653 -0.016059 -0.13505 0.22151 0.14761 -0.11121 -0.1757 -0.0065797 -0.21635 0.22188 0.16783 -0.19142 -0.0875 0.082707 -0.42855 0.10255 -0.019085 -0.43922 -0.093169 0.134 -0.75843 0.12149 0.054719 -0.76409 -0.15245 0.1149 -0.82744 0.11827 -0.018602 -0.82353 0.086532 -0.31457 0.48031
-0.082783 -0.11185 0.34307 0.20954 -0.069532 0.33589 0.073262 -0.15204 0.37254 0.013137 -0.030117 0.060206 -0.056474 0.020119 -0.044727 0.045509 0.020119 -0.055862 -0.14626 -0.033899 0.097077 0.24106 0.062377 0.10736 -0.16269 -0.010139 -0.13825 0.22743 0.15212 -0.11155 -0.17261 0.0013884 -0.21942 0.23071 0.17491 -0.19098 -0.087185 0.074335 -0.42948 0.1098 -0.013415 -0.43877 -0.09332 0.12245 -0.75984 0.12564 0.081609 -0.75841 -0.15471 0.10527 -0.82801 0.12165 0.010885 -0.82009 0.090305 -0.31955 0.47511
-0.070984 -0.10904 0.33334 0.2164 -0.069775 0.33332 0.081491 -0.15437 0.37004 0.01399 -0.030617 0.059782 -0.056062 0.02127 -0.044723 0.045134 0.02127 -0.055708 -0.14092 -0.03557 0.087532 0.24847 0.064515 0.1061 -0.16127 -0.0025474 -0.14613 0.23197 0.15476 -0.11246 -0.17081 0.0096258 -0.22756 0.2385 0.18091 -0.19065 -0.086934 0.066993 -0.43064 0.11437 -0.0098426 -0.43816 -0.09333 0.11275 -0.76133 0.12792 0.10101 -0.75289 -0.15768 0.097462 -0.82826 0.12179 0.036988 -0.82032 0.0927 -0.32396 0.4705
-0.061202 -0.10729 0.32347 0.22176 -0.073314 0.32971 0.087574 -0.15891 0.36672 0.014622 -0.031368 0.059238 -0.055596 0.022685 -0.044616 0.044727 0.022685 -0.055474 -0.13726 -0.037588 0.078298 0.25685 0.062569 0.10387 -0.16256 0.0064905 -0.15307 0.23702 0.15406 -0.1139 -0.17236 0.016717 -0.23475 0.24707 0.18401 -0.19034 -0.087771 0.059036 -0.43141 0.11771 -0.0056643 -0.43745 -0.094623 0.10314 -0.76231 0.12972 0.1158 -0.74828 -0.15986 0.08687 -0.82841 0.12018 0.058831 -0.82152 0.092617 -0.33049 0.46426
-0.055258 -0.11096 0.31737 0.22609 -0.08244 0.3243 0.091716 -0.16777 0.3616 0.015237 -0.032569 0.058414 -0.05571 0.023998 -0.043756 0.044325 0.023998 -0.055281 -0.13598 -0.037294 0.075243 0.2682 0.054204 0.10029 -0.16681 0.016753 -0.15348 0.24448 0.14855 -0.1158 -0.17931 0.021265 -0.23502 0.25821 0.18239 -0.18998 -0.090719 0.048833 -0.43119 0.12122 0.0017837 -0.43672 -0.098615 0.091894 -0.76221 0.13243 0.12886 -0.74529 -0.15978 0.06897 -0.82865 0.11832 0.075532 -0.82099 0.088948 -0.34181 0.45423
-0.054194 -0.1205 0.31577 0.2287 -0.098123 0.31791 0.092783 -0.18142 0.35465 0.015636 -0.034278 0.057318 -0.056408 0.025107 -0.042191 0.044181 0.025107 -0.054933 -0.13757 -0.03285 0.079731 0.28198 0.038612 0.096449 -0.17381 0.028445 -0.14636 0.25485 0.13703 -0.11737 -0.19186 0.023389 -0.22674 0.27179 0.17461 -0.189 -0.096751 0.036163 -0.42978 0.12522 0.011923 -0.43585 -0.10607 0.078822 -0.76083 0.13646 0.13966 -0.74421 -0.15887 0.044579 -0.8287 0.11711 0.085484 -0.81805 0.080064 -0.35815 0.44083
-0.057705 -0.12962 0.31394 0.22674 -0.11904 0.31406 0.087302 -0.1975 0.34754 0.014922 -0.036317 0.056249 -0.056597 0.026373 -0.041183 0.044919 0.026373 -0.053686 -0.14227 -0.023852 0.085302 0.29331 0.017638 0.096038 -0.18249 0.042509 -0.13863 0.26625 0.11874 -0.11659 -0.20707 0.025842 -0.21582 0.28434 0.15988 -0.18601 -0.10675 0.023261 -0.42774 0.12803 0.018533 -0.43443 -0.11663 0.066452 -0.75869 0.14055 0.14189 -0.74447 -0.16366 0.023816 -0.8274 0.11645 0.085823 -0.81543 0.063426 -0.37552 0.42905
-0.065379 -0.13277 0.30778 0.21764 -0.14367 0.31532 0.072384 -0.21356 0.34166 0.012346 -0.038479 0.055445 -0.055292 0.028105 -0.041835 0.047 0.028105 -0.050916 -0.14924 -0.010412 0.086102 0.29768 -0.007172 0.10154 -0.19077 0.059791 -0.13647 0.27669 0.093158 -0.11223 -0.22112 0.031715 -0.20793 0.29311 0.13756 -0.18019 -0.12099 0.012684 -0.42563 0.12825 0.016293 -0.43202 -0.12978 0.05736 -0.75636 0.14347 0.13047 -0.74533 -0.17921 0.01551 -0.82402 0.116 0.07475 -0.81545 0.036845 -0.39011 0.4228
-0.076935 -0.13126 0.29885 0.201 -0.17072 0.3183 0.049116 -0.22834 0.3362 0.0082219 -0.04056 0.054726 -0.052561 0.030153 -0.04387 0.049895 0.030153 -0.046857 -0.15266 0.0055295 0.083041 0.29459 -0.037015 0.10833 -0.19215 0.080292 -0.13839 0.28496 0.060509 -0.10753 -0.22733 0.044424 -0.20403 0.30022 0.10747 -0.17404 -0.13674 0.0073671 -0.42374 0.12691 0.0069944 -0.42829 -0.14483 0.053054 -0.75436 0.14486 0.10939 -0.74555 -0.20114 0.017688 -0.82006 0.1146 0.056251 -0.81648 0.00025967 -0.40104 0.41848
-0.091935 -0.12845 0.29035 0.17748 -0.19875 0.31806 0.020101 -0.24094 0.32979 0.0032273 -0.042364 0.053802 -0.048796 0.032244 -0.046595 0.052777 0.032244 -0.042035 -0.14577 0.021418 0.079 0.28493 -0.073372 0.11005 -0.17943 0.10358 -0.14072 0.29017 0.021728 -0.1068 -0.21881 0.067001 -0.20352 0.30904 0.070033 -0.17085 -0.15041 0.0099757 -0.42228 0.12567 -0.0054253 -0.42304 -0.16102 0.054375 -0.75313 0.14457 0.085291 -0.74386 -0.22241 0.024974 -0.81765 0.11095 0.035978 -0.81588 -0.045131 -0.40842 0.41048
-0.10673 -0.12734 0.28375 0.15377 -0.22347 0.31438 -0.0070257 -0.25105 0.32269 -0.0012743 -0.043819 0.052704 -0.044497 0.034343 -0.049316 0.054861 0.034343 -0.037444 -0.13118 0.03368 0.075536 0.27287 -0.10886 0.10648 -0.15568 0.12624 -0.14128 0.29297 -0.014897 -0.10992 -0.1985 0.09456 -0.20434 0.31914 0.033672 -0.17102 -0.15961 0.016957 -0.42134 0.1249 -0.017205 -0.41733 -0.17706 0.056657 -0.75256 0.14207 0.063781 -0.74084 -0.23978 0.029882 -0.81696 0.1051 0.018126 -0.81363 -0.088229 -0.4142 0.39763
-0.11509 -0.13066 0.27913 0.14144 -0.23825 0.31079 -0.020603 -0.25883 0.31643 -0.0033738 -0.044951 0.051717 -0.040246 0.036606 -0.051339 0.055396 0.036606 -0.034453 -0.11908 0.037945 0.073141 0.26513 -0.12897 0.10242 -0.13226 0.14249 -0.13911 0.29531 -0.035176 -0.11322 -0.1773 0.11585 -0.20322 0.32695 0.013183 -0.17254 -0.16286 0.019758 -0.42095 0.12397 -0.024745 -0.41327 -0.19127 0.050812 -0.75211 0.13648 0.049591 -0.73854 -0.25312 0.023264 -0.81666 0.098232 0.0056967 -0.81184 -0.11 -0.42187 0.38235
-0.11489 -0.1386 0.27626 0.14448 -0.241 0.30885 -0.017062 -0.26455 0.31192 -0.0025384 -0.045797 0.051012 -0.036671 0.038928 -0.052293 0.054349 0.038928 -0.033557 -0.11392 0.033367 0.072047 0.2645 -0.12838 0.10023 -0.11584 0.15 -0.13409 0.29867 -0.034 -0.11477 -0.16167 0.12569 -0.19873 0.33105 0.013644 -0.17456 -0.16044 0.01501 -0.42108 0.12261 -0.026967 -0.41174 -0.20262 0.034387 -0.75144 0.12814 0.043708 -0.738 -0.26273 0.0033986 -0.81593 0.09143 -0.00091489 -0.81161 -0.10442 -0.43242 0.36707
-0.11268 -0.1462 0.27429 0.15081 -0.23923 0.3057 -0.0098797 -0.26871 0.30855 -0.0011265 -0.046402 0.050508 -0.034482 0.040638 -0.052483 0.053168 0.040638 -0.033418 -0.10788 0.026476 0.072018 0.26529 -0.12118 0.096903 -0.10285 0.15379 -0.12779 0.30362 -0.02547 -0.11656 -0.1485 0.13189 -0.19322 0.33451 0.019553 -0.17874 -0.15621 0.010419 -0.42155 0.12137 -0.028025 -0.41103 -0.21151 0.018969 -0.75068 0.12003 0.039391 -0.73805 -0.26969 -0.015922 -0.81513 0.085571 -0.0066514 -0.81189 -0.09296 -0.44172 0.35399
-0.11456 -0.14905 0.27242 0.14893 -0.23999 0.29841 -0.01163 -0.27181 0.30564 -0.001331 -0.046824 0.050102 -0.034152 0.041196 -0.052272 0.053152 0.041196 -0.032748 -0.093669 0.023523 0.072776 0.26208 -0.12071 0.089419 -0.089477 0.15891 -0.12176 0.3104 -0.022765 -0.1206 -0.1345 0.14197 -0.18893 0.34038 0.016745 -0.18642 -0.15381 0.013125 -0.42217 0.1209 -0.031739 -0.4095 -0.21847 0.01504 -0.74996 0.11485 0.03047 -0.73751 -0.27512 -0.022181 -0.81459 0.081395 -0.015966 -0.81161 -0.095738 -0.44606 0.34469
-0.11771 -0.14973 0.27048 0.14246 -0.24073 0.28685 -0.017019 -0.27446 0.30305 -0.0022376 -0.047163 0.049752 -0.034692 0.041228 -0.051887 0.053626 0.041228 -0.031927 -0.07638 0.02366 0.074153 0.25699 -0.12136 0.078702 -0.078227 0.16514 -0.11596 0.3182 -0.019498 -0.12615 -0.12258 0.15218 -0.18462 0.34801 0.014107 -0.19541 -0.15298 0.018802 -0.42261 0.12173 -0.036114 -0.40775 -0.22392 0.016211 -0.749 0.11199 0.019836 -0.7368 -0.27989 -0.02182 -0.8137 0.078984 -0.026492 -0.81115 -0.10466 -0.44794 0.3371
-0.11639 -0.15313 0.26853 0.1401 -0.23577 0.27204 -0.01485 -0.27724 0.30079 -0.0019031 -0.047534 0.049435 -0.034643 0.041742 -0.051495 0.053255 0.041742 -0.031887 -0.065266 0.023554 0.076003 0.2547 -0.11136 0.067129 -0.073583 0.17043 -0.10988 0.32584 -0.0030009 -0.13145 -0.11761 0.15504 -0.17789 0.35549 0.027908 -0.20229 -0.1521 0.019321 -0.4225 0.12422 -0.037339 -0.40711 -0.22827 0.010524 -0.74738 0.10964 0.013327 -0.7368 -0.28481 -0.02757 -0.81152 0.078106 -0.03366 -0.81134 -0.1023 -0.45194 0.32798
-0.11257 -0.15896 0.26644 0.14093 -0.22773 0.25706 -0.0076424 -0.28043 0.29828 -0.00071138 -0.048 0.049045 -0.033945 0.042762 -0.051123 0.052211 0.042762 -0.032294 -0.062065 0.022205 0.077857 0.25521 -0.094786 0.057386 -0.073273 0.17417 -0.10384 0.33289 0.020437 -0.13485 -0.11752 0.15136 -0.16942 0.36267 0.051886 -0.20532 -0.15131 0.015097 -0.42181 0.12652 -0.03844 -0.40661 -0.23261 -0.0010178 -0.74515 0.10641 0.0089031 -0.73651 -0.29098 -0.038192 -0.80823 0.076916 -0.039249 -0.81116 -0.092468 -0.45765 0.31702
-0.11558 -0.16196 0.2639 0.13473 -0.22718 0.24702 -0.011054 -0.28396 0.2944 -0.001275 -0.048578 0.048394 -0.033879 0.043367 -0.050659 0.052097 0.043367 -0.031602 -0.061306 0.020855 0.078935 0.25403 -0.090959 0.052445 -0.068554 0.17717 -0.098995 0.33966 0.026374 -0.13475 -0.11361 0.14991 -0.16283 0.37101 0.058198 -0.20437 -0.15246 0.014731 -0.42087 0.12464 -0.048978 -0.40316 -0.23867 -0.0049953 -0.74286 0.10137 -0.0030225 -0.73307 -0.29978 -0.039064 -0.80502 0.072024 -0.051118 -0.8078 -0.099321 -0.45986 0.30678
-0.13041 -0.1588 0.2607 0.1157 -0.23926 0.24435 -0.0337 -0.28729 0.28871 -0.0050372 -0.049179 0.047416 -0.03511 0.042977 -0.050131 0.053787 0.042977 -0.02905 -0.059189 0.020326 0.078651 0.24849 -0.11007 0.053863 -0.054769 0.1797 -0.096335 0.34609 0.0022253 -0.13022 -0.10098 0.15577 -0.16065 0.38045 0.031582 -0.19978 -0.15633 0.023374 -0.41998 0.11606 -0.073221 -0.3952 -0.24722 0.0063714 -0.74085 0.093664 -0.026922 -0.72513 -0.31155 -0.021953 -0.80257 0.061333 -0.072769 -0.79995 -0.13589 -0.4551 0.29888
-0.15044 -0.1514 0.25685 0.089875 -0.25481 0.24466 -0.065355 -0.28863 0.28251 -0.010306 -0.04947 0.046356 -0.036626 0.041966 -0.049918 0.056192 0.041966 -0.025952 -0.056807 0.020162 0.076933 0.24085 -0.13811 0.05963 -0.038094 0.18064 -0.096375 0.35115 -0.03326 -0.12196 -0.0849 0.1641 -0.1625 0.38688 -0.009745 -0.19288 -0.16083 0.036768 -0.41933 0.10204 -0.1016 -0.38529 -0.25655 0.025576 -0.73903 0.082632 -0.053778 -0.71518 -0.32401 0.0041208 -0.80027 0.046122 -0.096266 -0.79014 -0.1855 -0.44461 0.29242
-0.1678 -0.14262 0.25252 0.064979 -0.26385 0.24326 -0.093651 -0.28652 0.27728 -0.015032 -0.049169 0.045484 -0.037299 0.040853 -0.050362 0.058042 0.040853 -0.023755 -0.055758 0.019748 0.073922 0.23408 -0.15904 0.067252 -0.025688 0.17891 -0.0993 0.35396 -0.058792 -0.11113 -0.071715 0.16923 -0.16736 0.38652 -0.044302 -0.18515 -0.16381 0.049352 -0.41904 0.08484 -0.12356 -0.3764 -0.26473 0.043202 -0.73726 0.068277 -0.073642 -0.70613 -0.33463 0.028037 -0.7975 0.028586 -0.11298 -0.78128 -0.22828 -0.43082 0.28634
-0.17872 -0.13618 0.24869 0.047803 -0.26633 0.24071 -0.11159 -0.28338 0.27369 -0.018036 -0.048676 0.044893 -0.036997 0.040178 -0.051119 0.058955 0.040178 -0.022566 -0.0559 0.018691 0.070711 0.2309 -0.16901 0.074663 -0.01988 0.17549 -0.10345 0.35578 -0.069406 -0.10051 -0.064208 0.17033 -0.17309 0.38273 -0.064077 -0.17809 -0.16555 0.056519 -0.41882 0.069957 -0.13666 -0.36986 -0.27084 0.052937 -0.73567 0.055051 -0.084742 -0.69936 -0.34217 0.04256 -0.79516 0.013837 -0.12201 -0.77473 -0.2545 -0.4194 0.28142
-0.18133 -0.13604 0.24664 0.044447 -0.26647 0.23978 -0.1148 -0.28317 0.27205 -0.01857 -0.048664 0.044599 -0.036032 0.040459 -0.051562 0.058957 0.040459 -0.021906 -0.056359 0.016719 0.068766 0.23381 -0.16964 0.080097 -0.020814 0.17222 -0.10642 0.35872 -0.067455 -0.093473 -0.063522 0.16874 -0.17715 0.38175 -0.067233 -0.17314 -0.16742 0.054237 -0.41822 0.064023 -0.14212 -0.36626 -0.27449 0.050047 -0.73445 0.049145 -0.088977 -0.69556 -0.34604 0.042357 -0.79471 0.0080272 -0.12586 -0.7711 -0.25921 -0.4172 0.2792
-0.17785 -0.14166 0.24639 0.052706 -0.2664 0.24133 -0.10645 -0.28639 0.27193 -0.01716 -0.049225 0.044523 -0.03491 0.041406 -0.051578 0.058465 0.041406 -0.021451 -0.057355 0.01416 0.068168 0.2427 -0.16483 0.085093 -0.027018 0.16985 -0.10777 0.36263 -0.059134 -0.089949 -0.068548 0.16587 -0.17918 0.38407 -0.059203 -0.17003 -0.17066 0.04284 -0.41685 0.066283 -0.14387 -0.36436 -0.27721 0.035995 -0.7332 0.050253 -0.090347 -0.69355 -0.34838 0.027756 -0.79445 0.010302 -0.12822 -0.7692 -0.24753 -0.42379 0.27972
-0.17513 -0.14739 0.24652 0.06096 -0.26581 0.24395 -0.098314 -0.28954 0.27206 -0.015775 -0.049785 0.044484 -0.03435 0.041805 -0.051647 0.058347 0.041805 -0.021048 -0.06035 0.012018 0.067422 0.25445 -0.16107 0.09493 -0.035198 0.16795 -0.10929 0.36482 -0.054961 -0.085968 -0.075627 0.16324 -0.18128 0.38356 -0.05364 -0.16651 -0.17641 0.02762 -0.41437 0.067594 -0.14888 -0.36089 -0.28268 0.019271 -0.7308 0.050693 -0.095214 -0.69001 -0.35441 0.005498 -0.78911 0.011846 -0.13408 -0.76579 -0.23603 -0.43051 0.28135
-0.17776 -0.14866 0.24615 0.0608 -0.26451 0.24673 -0.098843 -0.28976 0.2718 -0.015842 -0.049873 0.044392 -0.034839 0.040855 -0.05207 0.059157 0.040855 -0.020614 -0.06575 0.011261 0.065665 0.26607 -0.16338 0.11252 -0.042121 0.16637 -0.11206 0.36268 -0.062436 -0.078827 -0.081267 0.16214 -0.18478 0.37612 -0.061199 -0.16076 -0.18523 0.013295 -0.41064 0.0613 -0.16156 -0.3536 -0.29312 0.006915 -0.72658 0.044921 -0.10751 -0.6827 -0.36717 -0.017416 -0.77608 0.0062657 -0.14632 -0.75863 -0.23678 -0.43051 0.28304
-0.18284 -0.14501 0.24641 0.054981 -0.26288 0.25057 -0.10528 -0.28668 0.2725 -0.016918 -0.049444 0.044447 -0.036111 0.039134 -0.052526 0.060441 0.039134 -0.020241 -0.070592 0.012624 0.064175 0.2752 -0.17196 0.13304 -0.045029 0.16598 -0.11473 0.35437 -0.079311 -0.070246 -0.082895 0.16318 -0.1882 0.36462 -0.082213 -0.15252 -0.19606 0.0020659 -0.40605 0.049549 -0.17812 -0.34367 -0.30593 0.00048445 -0.72136 0.035021 -0.12349 -0.67276 -0.3826 -0.034233 -0.76138 -0.0042927 -0.16125 -0.74886 -0.24653 -0.42379 0.28571
-0.18641 -0.13708 0.24858 0.048255 -0.26143 0.25653 -0.11283 -0.28059 0.27563 -0.018232 -0.048561 0.044864 -0.037741 0.037403 -0.052662 0.061618 0.037403 -0.020027 -0.071836 0.016594 0.06445 0.28022 -0.18562 0.15101 -0.042021 0.16767 -0.11567 0.33905 -0.10122 -0.062253 -0.078858 0.16663 -0.1897 0.35328 -0.11425 -0.14164 -0.20757 -0.0048393 -0.40104 0.036019 -0.19356 -0.33291 -0.31792 -0.00012192 -0.71612 0.024301 -0.1383 -0.66199 -0.39576 -0.039669 -0.75184 -0.016234 -0.17435 -0.73826 -0.25911 -0.41202 0.29048
-0.18746 -0.12859 0.25231 0.044576 -0.26037 0.26438 -0.11741 -0.27367 0.28066 -0.019165 -0.047566 0.045541 -0.0391 0.035701 -0.052856 0.062671 0.035701 -0.019851 -0.071389 0.021799 0.06636 0.28444 -0.19909 0.1679 -0.038069 0.17083 -0.11489 0.32359 -0.1211 -0.0522 -0.074172 0.17105 -0.18929 0.34631 -0.14734 -0.12622 -0.21893 -0.010676 -0.39565 0.023324 -0.20575 -0.32318 -0.32849 -0.00068126 -0.71088 0.014293 -0.14992 -0.65225 -0.40531 -0.041126 -0.74726 -0.027284 -0.18445 -0.72866 -0.26773 -0.40039 0.29694
-0.18656 -0.1248 0.25642 0.047383 -0.25972 0.27315 -0.11539 -0.26901 0.286 -0.019195 -0.046934 0.046211 -0.03947 0.0337 -0.053849 0.063871 0.0337 -0.019484 -0.073655 0.025934 0.068932 0.29369 -0.20513 0.18871 -0.041561 0.17403 -0.11327 0.31868 -0.13068 -0.035084 -0.077171 0.17413 -0.1879 0.34779 -0.16787 -0.10356 -0.22961 -0.020954 -0.38966 0.013462 -0.21412 -0.31629 -0.33842 -0.0097666 -0.70515 0.0055745 -0.15786 -0.64533 -0.41184 -0.0524 -0.74375 -0.035908 -0.19218 -0.72189 -0.26543 -0.39574 0.30389
-0.18414 -0.12604 0.26044 0.055926 -0.25818 0.28101 -0.10721 -0.26696 0.29104 -0.018263 -0.046702 0.046833 -0.03902 0.031475 -0.055495 0.065094 0.031475 -0.01922 -0.078784 0.028539 0.071784 0.30843 -0.20401 0.2147 -0.052461 0.17679 -0.11117 0.32532 -0.13053 -0.010303 -0.087784 0.17552 -0.18592 0.35589 -0.17381 -0.074618 -0.23977 -0.03668 -0.38257 0.0062038 -0.22011 -0.31156 -0.34797 -0.027913 -0.69837 -0.0020642 -0.16349 -0.64053 -0.4172 -0.075224 -0.73845 -0.042332 -0.19889 -0.71724 -0.25285 -0.39832 0.31068
-0.18039 -0.12599 0.26496 0.063831 -0.25273 0.28499 -0.098798 -0.26422 0.29645 -0.016937 -0.046321 0.047674 -0.039108 0.029643 -0.056452 0.06568 0.029643 -0.020055 -0.08117 0.031651 0.07534 0.3219 -0.20614 0.24202 -0.059375 0.17993 -0.10825 0.33138 -0.13302 0.016796 -0.094612 0.17741 -0.18303 0.36092 -0.17883 -0.045378 -0.25046 -0.052788 -0.37343 -0.0016696 -0.2278 -0.30486 -0.35677 -0.044816 -0.68985 -0.0098818 -0.17068 -0.63373 -0.42488 -0.095049 -0.72993 -0.049148 -0.20683 -0.71063 -0.24088 -0.39947 0.31741
-0.17531 -0.11986 0.27043 0.066574 -0.24216 0.28368 -0.094556 -0.25833 0.3028 -0.015765 -0.045405 0.048883 -0.040674 0.028596 -0.05582 0.065242 0.028596 -0.02256 -0.076348 0.036842 0.079958 0.32899 -0.21936 0.26723 -0.053385 0.18413 -0.10421 0.32784 -0.14766 0.04156 -0.088736 0.18159 -0.17893 0.35593 -0.19394 -0.020694 -0.26246 -0.064756 -0.36205 -0.012613 -0.23975 -0.29353 -0.36475 -0.052353 -0.67955 -0.018851 -0.18182 -0.62229 -0.43624 -0.10094 -0.71855 -0.058345 -0.21717 -0.69941 -0.23766 -0.3925 0.32469
-0.16826 -0.11001 0.27666 0.067775 -0.23249 0.28161 -0.092008 -0.25078 0.30987 -0.015074 -0.044315 0.050109 -0.042847 0.027758 -0.054624 0.064516 0.027758 -0.025596 -0.065456 0.043374 0.085557 0.33253 -0.23962 0.28964 -0.037483 0.18933 -0.098982 0.32029 -0.17043 0.063358 -0.073147 0.18757 -0.17357 0.34617 -0.21657 -0.0001454 -0.2752 -0.071586 -0.35106 -0.025537 -0.25227 -0.28095 -0.37317 -0.053077 -0.66968 -0.028635 -0.19336 -0.60958 -0.44445 -0.099286 -0.71097 -0.069141 -0.22698 -0.68696 -0.23894 -0.38008 0.33483
-0.15848 -0.1004 0.28329 0.072715 -0.23033 0.28411 -0.08711 -0.2439 0.31722 -0.015031 -0.043544 0.050933 -0.044411 0.026496 -0.054175 0.064358 0.026496 -0.027752 -0.051066 0.049997 0.091909 0.33707 -0.25974 0.30923 -0.017612 0.19522 -0.092653 0.31721 -0.19388 0.082446 -0.053767 0.1943 -0.16706 0.33939 -0.24056 0.017805 -0.2875 -0.073775 -0.34326 -0.038148 -0.26066 -0.27157 -0.383 -0.052217 -0.66256 -0.038235 -0.20081 -0.60009 -0.44127 -0.10005 -0.71412 -0.079743 -0.23279 -0.67771 -0.23766 -0.36699 0.35012
-0.14567 -0.094372 0.28975 0.084557 -0.23096 0.29049 -0.075761 -0.23865 0.32415 -0.014557 -0.043174 0.051429 -0.044878 0.026008 -0.054094 0.064115 0.026008 -0.02891 -0.037562 0.055652 0.098259 0.3467 -0.2678 0.32619 -0.0025227 0.20072 -0.086303 0.32213 -0.20639 0.098753 -0.039109 0.19973 -0.16051 0.34099 -0.2541 0.033748 -0.29462 -0.079549 -0.33627 -0.043652 -0.2649 -0.26623 -0.38827 -0.057797 -0.65611 -0.042564 -0.20435 -0.59463 -0.42341 -0.10951 -0.72259 -0.08411 -0.23579 -0.67248 -0.22662 -0.3579 0.36832
-0.12984 -0.094811 0.29537 0.10506 -0.22271 0.29632 -0.053933 -0.23518 0.32977 -0.011827 -0.043035 0.051978 -0.044229 0.028598 -0.052958 0.062212 0.028598 -0.029757 -0.030389 0.059405 0.10352 0.36509 -0.24916 0.34079 -0.0025557 0.20425 -0.08161 0.3354 -0.19403 0.11199 -0.03914 0.20129 -0.15568 0.3547 -0.24209 0.04765 -0.28972 -0.10179 -0.32453 -0.032615 -0.26787 -0.2635 -0.37884 -0.079421 -0.64549 -0.034114 -0.2071 -0.59179 -0.39083 -0.13151 -0.72332 -0.0737 -0.24007 -0.66986 -0.19875 -0.35733 0.38445
-0.1132 -0.10151 0.29909 0.13058 -0.20357 0.29937 -0.024893 -0.23388 0.33336 -0.0068605 -0.043068 0.052655 -0.043056 0.034061 -0.050428 0.05872 0.034061 -0.030581 -0.030343 0.060873 0.10679 0.3898 -0.20473 0.35094 -0.017156 0.20593 -0.07912 0.3518 -0.1597 0.12057 -0.053284 0.19936 -0.15313 0.37554 -0.207 0.057486 -0.27412 -0.14116 -0.30632 -0.0074112 -0.27159 -0.26124 -0.35517 -0.1158 -0.62912 -0.014697 -0.21094 -0.58943 -0.34927 -0.16253 -0.71103 -0.050593 -0.24723 -0.66771 -0.15816 -0.36459 0.39668
-0.10142 -0.10928 0.29929 0.14891 -0.18711 0.30105 -0.0035449 -0.23552 0.33436 -0.002649 -0.043402 0.053042 -0.042921 0.03816 -0.047912 0.05635 0.03816 -0.031013 -0.030776 0.060547 0.10746 0.4086 -0.16035 0.3507 -0.028345 0.20858 -0.077553 0.35723 -0.13316 0.12089 -0.064094 0.19903 -0.15151 0.38461 -0.17941 0.058063 -0.26219 -0.17871 -0.28612 0.010682 -0.27662 -0.25629 -0.33468 -0.14823 -0.61062 -0.0010575 -0.21576 -0.58439 -0.31369 -0.18739 -0.69299 -0.033879 -0.25481 -0.66286 -0.1268 -0.37067 0.40825
-0.098052 -0.11292 0.29605 0.15175 -0.18383 0.3026 -0.00025428 -0.2393 0.33318 -0.0014337 -0.043953 0.052914 -0.044999 0.037478 -0.046588 0.057062 0.037478 -0.031032 -0.026556 0.059676 0.10597 0.41241 -0.13649 0.33537 -0.023035 0.21371 -0.075844 0.34214 -0.13733 0.11027 -0.058899 0.20356 -0.14971 0.36867 -0.18326 0.046056 -0.2646 -0.19902 -0.26843 0.0057645 -0.28319 -0.24692 -0.33098 -0.16254 -0.59377 -0.005841 -0.2216 -0.57497 -0.29678 -0.19552 -0.67649 -0.038018 -0.26101 -0.65361 -0.1201 -0.36765 0.42236
-0.095963 -0.10898 0.29725 0.15148 -0.18456 0.30306 -0.00080285 -0.23713 0.33429 -0.00098976 -0.043628 0.053085 -0.048383 0.033794 -0.045926 0.058456 0.033794 -0.032422 -0.022186 0.062501 0.10735 0.40991 -0.12009 0.30719 -0.016585 0.21593 -0.074586 0.32048 -0.15425 0.090973 -0.052716 0.20626 -0.14836 0.34487 -0.20227 0.027615 -0.27027 -0.20997 -0.25539 -0.0069329 -0.29077 -0.23824 -0.33415 -0.1715 -0.58096 -0.017759 -0.22991 -0.56642 -0.29764 -0.20133 -0.66393 -0.050384 -0.26853 -0.64522 -0.1178 -0.35551 0.43995
-0.085798 -0.095038 0.31192 0.16492 -0.17562 0.30102 0.014364 -0.21988 0.34278 0.0019083 -0.041166 0.054566 -0.051654 0.030156 -0.044986 0.057161 0.030156 -0.037255 -0.024091 0.073616 0.11732 0.41374 -0.090376 0.27042 -0.03029 0.20852 -0.074697 0.31137 -0.15644 0.066637 -0.066325 0.19835 -0.14842 0.33708 -0.21059 0.011051 -0.26324 -0.22502 -0.24835 -0.0050556 -0.29858 -0.23679 -0.32871 -0.1939 -0.57408 -0.019966 -0.24226 -0.56545 -0.31126 -0.22457 -0.65625 -0.052049 -0.28093 -0.64439 -0.091881 -0.33649 0.46119
-0.068582 -0.076122 0.3349 0.19168 -0.1566 0.2979 0.044413 -0.19146 0.35644 0.0072243 -0.03691 0.057051 -0.054293 0.027285 -0.043706 0.053098 0.027285 -0.044651 -0.02835 0.090931 0.13361 0.42327 -0.047937 0.23048 -0.058526 0.19255 -0.075255 0.31563 -0.14152 0.040936 -0.09403 0.18059 -0.14896 0.34646 -0.20383 -0.001671 -0.24286 -0.24549 -0.24684 0.013104 -0.30555 -0.24271 -0.31239 -0.22904 -0.57274 -0.01031 -0.25685 -0.57208 -0.32761 -0.26322 -0.65298 -0.040554 -0.2967 -0.65116 -0.043328 -0.31354 0.48396
-0.053024 -0.062769 0.35055 0.21852 -0.13691 0.29713 0.073402 -0.16543 0.36767 0.012503 -0.03239 0.059265 -0.056447 0.024172 -0.042678 0.04863 0.024172 -0.051546 -0.023446 0.10742 0.14802 0.42806 -0.0091636 0.19368 -0.075793 0.17487 -0.073976 0.3205 -0.12574 0.017554 -0.11059 0.1608 -0.14767 0.35728 -0.19353 -0.013313 -0.21984 -0.26373 -0.24899 0.033938 -0.31032 -0.25144 -0.2927 -0.26179 -0.57493 0.0024544 -0.26935 -0.58137 -0.33299 -0.2991 -0.65259 -0.02566 -0.31058 -0.66056 0.0053271 -0.29016 0.5045
-0.044227 -0.05796 0.35204 0.23684 -0.12109 0.29973 0.091807 -0.14698 0.37284 0.016189 -0.028414 0.060539 -0.058227 0.020424 -0.042176 0.045269 0.020424 -0.056115 -0.0089954 0.11988 0.15586 0.42085 0.016242 0.16256 -0.073266 0.16154 -0.070199 0.31743 -0.11921 -0.0024865 -0.10738 0.1457 -0.14386 0.35889 -0.18759 -0.026496 -0.20129 -0.27531 -0.25292 0.048879 -0.31249 -0.25947 -0.27497 -0.28323 -0.57867 0.012581 -0.27749 -0.58963 -0.32205 -0.32174 -0.65357 -0.013819 -0.31968 -0.66892 0.040059 -0.26707 0.52034
-0.04008 -0.050088 0.34973 0.24735 -0.10404 0.30199 0.10299 -0.12496 0.37603 0.018542 -0.024368 0.06141 -0.059641 0.016889 -0.041854 0.042798 0.016889 -0.058987 -0.0061196 0.13264 0.1593 0.4009 0.032013 0.13258 -0.074707 0.15688 -0.066397 0.30638 -0.1196 -0.023216 -0.1082 0.13966 -0.14002 0.35106 -0.1863 -0.043369 -0.18693 -0.28243 -0.25675 0.05963 -0.31331 -0.26552 -0.25988 -0.29702 -0.58227 0.020534 -0.28306 -0.59575 -0.30552 -0.33597 -0.65441 -0.0046465 -0.32581 -0.67512 0.063977 -0.23972 0.53164
-0.037989 -0.029492 0.35368 0.25196 -0.081479 0.30078 0.11103 -0.090517 0.38121 0.019998 -0.019784 0.062408 -0.060692 0.01432 -0.041387 0.040911 0.01432 -0.060945 -0.03211 0.14931 0.16118 0.37025 0.042659 0.10044 -0.10106 0.16321 -0.064652 0.28925 -0.1233 -0.047462 -0.13405 0.14501 -0.13826 0.33605 -0.18871 -0.064347 -0.17592 -0.28762 -0.25903 0.068491 -0.31407 -0.2689 -0.24775 -0.3075 -0.58442 0.027161 -0.28798 -0.59917 -0.29423 -0.34724 -0.65403 0.0026949 -0.33097 -0.67863 0.08132 -0.20532 0.53903
-0.037079 -0.0056996 0.362 0.25326 -0.059339 0.29874 0.11612 -0.057019 0.38691 0.020847 -0.015824 0.063328 -0.061425 0.012229 -0.040938 0.039849 0.012229 -0.062116 -0.070879 0.16519 0.16371 0.3417 0.048812 0.073896 -0.13864 0.17349 -0.06307 0.27308 -0.12743 -0.068583 -0.17131 0.1547 -0.13669 0.32302 -0.1916 -0.080867 -0.16891 -0.29134 -0.26044 0.074833 -0.3152 -0.2706 -0.23967 -0.31541 -0.58583 0.031654 -0.29257 -0.60091 -0.29005 -0.35513 -0.65346 0.0073673 -0.33551 -0.68046 0.092124 -0.17376 0.54422
-0.037028 0.0062541 0.36895 0.25397 -0.046353 0.30012 0.11731 -0.043937 0.39004 0.021323 -0.01407 0.063745 -0.061897 0.0097539 -0.040811 0.040001 0.0097539 -0.06243 -0.096389 0.17326 0.16871 0.33067 0.050102 0.063648 -0.16335 0.17806 -0.058703 0.2661 -0.12936 -0.077335 -0.19591 0.15909 -0.13232 0.32254 -0.1912 -0.082223 -0.16683 -0.29342 -0.26233 0.077245 -0.3168 -0.27211 -0.23674 -0.32042 -0.58778 0.032835 -0.29663 -0.60244 -0.29168 -0.35756 -0.65428 0.0081759 -0.33922 -0.68206 0.09524 -0.15816 0.54921
-0.037173 0.0077163 0.37124 0.25427 -0.040084 0.30332 0.11593 -0.047167 0.39029 0.021574 -0.013844 0.06374 -0.062188 0.0068466 -0.040966 0.041066 0.0068466 -0.062115 -0.10441 0.17498 0.17381 0.33462 0.051557 0.06634 -0.17152 0.17784 -0.053581 0.26711 -0.1267 -0.074852 -0.20404 0.15879 -0.1272 0.32842 -0.18642 -0.073432 -0.16686 -0.29492 -0.2646 0.077992 -0.31846 -0.27384 -0.23567 -0.32464 -0.59008 0.032896 -0.30015 -0.60419 -0.29376 -0.3587 -0.65575 0.0076579 -0.34231 -0.68386 0.093469 -0.15358 0.55464
-0.036552 0.014442 0.36772 0.25211 -0.028279 0.30159 0.11531 -0.041872 0.38979 0.021666 -0.012476 0.063838 -0.062389 0.0041722 -0.041052 0.042135 0.0041722 -0.061668 -0.10989 0.17929 0.173 0.33516 0.062934 0.066277 -0.17747 0.18298 -0.054108 0.26658 -0.11728 -0.071394 -0.20967 0.16344 -0.12773 0.31977 -0.17862 -0.073327 -0.16287 -0.29792 -0.2659 0.082563 -0.31929 -0.27533 -0.22934 -0.33232 -0.59126 0.036984 -0.30326 -0.60571 -0.28738 -0.36822 -0.65505 0.011624 -0.34531 -0.6854 0.093081 -0.1392 0.55999
-0.034951 0.034365 0.35943 0.24679 -0.0053929 0.29207 0.11719 -0.015497 0.38997 0.021683 -0.0086979 0.064315 -0.062643 0.0021877 -0.040774 0.04264 0.0021877 -0.06142 -0.12216 0.19055 0.16428 0.32252 0.087166 0.054976 -0.19002 0.19792 -0.062601 0.26051 -0.10207 -0.07293 -0.22149 0.1773 -0.13623 0.28879 -0.16969 -0.090575 -0.15213 -0.30317 -0.26558 0.093237 -0.31893 -0.27623 -0.2147 -0.34491 -0.59066 0.047166 -0.30603 -0.60666 -0.26913 -0.3896 -0.65106 0.022414 -0.34845 -0.68633 0.096997 -0.10498 0.56481
-0.033878 0.056528 0.35215 0.2408 0.018106 0.28109 0.11951 0.014999 0.39038 0.021761 -0.0045788 0.064853 -0.063198 0.00082013 -0.039978 0.042838 0.00082013 -0.061308 -0.13622 0.20221 0.15502 0.30765 0.11131 0.041305 -0.2041 0.21345 -0.071756 0.25798 -0.089084 -0.07498 -0.23478 0.19167 -0.1454 0.25854 -0.16262 -0.10966 -0.13988 -0.30826 -0.26471 0.10474 -0.31817 -0.27657 -0.19833 -0.35735 -0.58969 0.058277 -0.30828 -0.60707 -0.24838 -0.41184 -0.64677 0.034225 -0.35114 -0.68672 0.10026 -0.066697 0.56894
-0.034857 0.06945 0.35084 0.23641 0.031608 0.27515 0.11986 0.031894 0.39043 0.021939 -0.0021851 0.065118 -0.064133 -0.00016817 -0.038734 0.043064 -0.00016817 -0.061207 -0.14617 0.20771 0.15232 0.30191 0.12262 0.034654 -0.21382 0.22049 -0.074505 0.26708 -0.085661 -0.072918 -0.24403 0.19807 -0.14816 0.25164 -0.15987 -0.11503 -0.1318 -0.31082 -0.26447 0.11164 -0.31793 -0.27645 -0.1871 -0.36524 -0.5897 0.065038 -0.31004 -0.60701 -0.23471 -0.42465 -0.64498 0.041109 -0.35298 -0.68666 0.097716 -0.040708 0.57233
-0.037955 0.075276 0.35098 0.23167 0.038026 0.27338 0.11706 0.039113 0.39027 0.021568 -0.00054956 0.065238 -0.064323 -0.0016144 -0.038425 0.043438 -0.0016144 -0.060925 -0.15327 0.21021 0.15279 0.30032 0.12407 0.032174 -0.22072 0.22341 -0.074048 0.27767 -0.088183 -0.070635 -0.25075 0.20075 -0.1477 0.25989 -0.1596 -0.11264 -0.12912 -0.31195 -0.26534 0.11437 -0.31896 -0.27592 -0.18111 -0.37429 -0.58968 0.067945 -0.31282 -0.60653 -0.22757 -0.43518 -0.64393 0.043524 -0.3555 -0.68618 0.090187 -0.024048 0.5751
-0.042635 0.081402 0.34454 0.22306 0.045461 0.27207 0.11051 0.048894 0.39032 0.019772 0.0024311 0.065512 -0.062241 -0.0045385 -0.040872 0.043991 -0.0045385 -0.060256 -0.16151 0.21654 0.14916 0.29201 0.12472 0.026527 -0.22914 0.23157 -0.077465 0.27309 -0.088767 -0.075049 -0.25906 0.20881 -0.15113 0.26353 -0.15823 -0.11651 -0.13124 -0.31404 -0.26751 0.11568 -0.32187 -0.275 -0.17776 -0.39387 -0.58778 0.069776 -0.31859 -0.60571 -0.22245 -0.45703 -0.64015 0.044463 -0.36091 -0.68526 0.080847 -0.00631 0.57745
-0.047842 0.089601 0.33135 0.21131 0.055919 0.26991 0.10167 0.06399 0.3906 0.016914 0.0068094 0.065941 -0.05837 -0.0085203 -0.04547 0.044669 -0.0085203 -0.059278 -0.17133 0.22688 0.14039 0.28206 0.12905 0.020957 -0.23953 0.24537 -0.085803 0.25764 -0.08269 -0.083484 -0.26929 0.22243 -0.15948 0.26294 -0.15191 -0.12599 -0.13536 -0.31746 -0.27037 0.11747 -0.32573 -0.27395 -0.17468 -0.42186 -0.58415 0.072328 -0.32639 -0.60477 -0.21637 -0.48927 -0.63356 0.046081 -0.36845 -0.68417 0.072275 0.014797 0.57944
-0.051982 0.095771 0.31946 0.20154 0.065042 0.26808 0.094175 0.077233 0.39075 0.014641 0.010496 0.066216 -0.055283 -0.011638 -0.049096 0.045334 -0.011638 -0.058365 -0.17947 0.23455 0.13198 0.29221 0.13676 0.029749 -0.24827 0.25584 -0.093813 0.25746 -0.068535 -0.083252 -0.27778 0.2326 -0.1675 0.27945 -0.13653 -0.12511 -0.13647 -0.32054 -0.2725 0.12075 -0.32796 -0.27325 -0.16974 -0.44419 -0.58102 0.076368 -0.33224 -0.60416 -0.20799 -0.51585 -0.62758 0.049649 -0.37433 -0.68338 0.066417 0.033082 0.58099
-0.054371 0.097338 0.3143 0.1967 0.06995 0.2674 0.090058 0.083695 0.39062 0.013941 0.012133 0.066162 -0.05465 -0.012623 -0.049746 0.04591 -0.012623 -0.05776 -0.18401 0.23538 0.12771 0.33237 0.14611 0.059816 -0.25317 0.25735 -0.09791 0.2868 -0.047852 -0.067289 -0.28232 0.23371 -0.1716 0.32329 -0.11198 -0.10507 -0.13192 -0.32221 -0.27299 0.1256 -0.32725 -0.27311 -0.16189 -0.45269 -0.57951 0.081804 -0.33388 -0.60406 -0.19697 -0.52715 -0.62414 0.055318 -0.37639 -0.68312 0.06357 0.044439 0.58212
-0.056877 0.096651 0.3131 0.19324 0.072615 0.26737 0.086759 0.085831 0.39069 0.013826 0.01263 0.066009 -0.055398 -0.012185 -0.048808 0.046512 -0.012185 -0.057314 -0.18707 0.23297 0.1257 0.37812 0.15219 0.096529 -0.25644 0.25472 -0.099869 0.32463 -0.02986 -0.04517 -0.28526 0.23068 -0.17356 0.37168 -0.089118 -0.078533 -0.12588 -0.32336 -0.2724 0.12964 -0.32589 -0.27297 -0.15292 -0.45679 -0.57743 0.086332 -0.33414 -0.60395 -0.18549 -0.53316 -0.62061 0.060298 -0.37727 -0.68283 0.059601 0.051532 0.58306
-0.061371 0.096437 0.31199 0.18714 0.075755 0.26731 0.081401 0.08715 0.39143 0.013158 0.013204 0.066001 -0.056139 -0.011334 -0.048037 0.047274 -0.011334 -0.056816 -0.19128 0.23144 0.12339 0.40267 0.15102 0.12374 -0.26085 0.25344 -0.10212 0.34682 -0.022915 -0.027897 -0.28949 0.22908 -0.17581 0.3993 -0.078324 -0.060034 -0.12222 -0.32503 -0.27148 0.13121 -0.32605 -0.2723 -0.14383 -0.46729 -0.57247 0.088414 -0.336 -0.60331 -0.1746 -0.5455 -0.61407 0.06259 -0.37973 -0.68197 0.050575 0.057831 0.58403
-0.066292 0.095769 0.30942 0.17963 0.08148 0.26705 0.074837 0.089636 0.39224 0.012252 0.014473 0.065931 -0.056691 -0.010811 -0.047535 0.048261 -0.010811 -0.05609 -0.19767 0.2287 0.12035 0.40703 0.15059 0.14235 -0.26765 0.25028 -0.10508 0.3522 -0.018 -0.015339 -0.29576 0.2253 -0.17877 0.40542 -0.071198 -0.049786 -0.11302 -0.32706 -0.27037 0.13759 -0.32405 -0.27188 -0.12534 -0.48209 -0.56567 0.095664 -0.33635 -0.60292 -0.15305 -0.56228 -0.60574 0.070559 -0.38091 -0.68136 0.040156 0.064072 0.58475
-0.06851 0.092046 0.30501 0.17437 0.091507 0.26666 0.069651 0.094477 0.39209 0.012098 0.016745 0.06539 -0.057435 -0.011207 -0.046636 0.049506 -0.011207 -0.054972 -0.20644 0.21977 0.11713 0.40533 0.16427 0.16121 -0.27726 0.23803 -0.10827 0.35056 0.001757 -0.002167 -0.30381 0.21159 -0.18196 0.40106 -0.050792 -0.041282 -0.085153 -0.3287 -0.26896 0.15996 -0.31357 -0.27304 -0.083728 -0.49302 -0.55965 0.11967 -0.3294 -0.60411 -0.10434 -0.57525 -0.59873 0.097076 -0.37543 -0.68237 0.035482 0.069679 0.58475
-0.067943 0.08563 0.29929 0.17209 0.10395 0.26666 0.066093 0.10093 0.39099 0.0128 0.019651 0.064414 -0.057976 -0.012475 -0.045718 0.051162 -0.012475 -0.0532 -0.21542 0.20428 0.11256 0.40435 0.19183 0.18028 -0.28742 0.21702 -0.11281 0.34926 0.035373 0.011232 -0.31159 0.18846 -0.18651 0.3944 -0.017356 -0.033951 -0.04217 -0.32983 -0.26771 0.1949 -0.29601 -0.27573 -0.024933 -0.49741 -0.55593 0.15684 -0.31608 -0.60683 -0.035467 -0.58159 -0.59444 0.13818 -0.36409 -0.6849 0.037356 0.074234 0.58421
-0.068274 0.080554 0.29394 0.16989 0.11251 0.2681 0.061515 0.10584 0.39027 0.013365 0.021988 0.063592 -0.056968 -0.013783 -0.046453 0.053526 -0.013783 -0.050387 -0.21951 0.18757 0.10338 0.40165 0.21624 0.18848 -0.29251 0.19688 -0.1219 0.35253 0.05976 0.017373 -0.31489 0.16674 -0.1956 0.39004 0.0075574 -0.034608 -0.008246 -0.3311 -0.26781 0.22099 -0.28233 -0.27814 0.020867 -0.49948 -0.55468 0.18478 -0.30568 -0.60925 0.017519 -0.58524 -0.5921 0.16911 -0.35541 -0.68699 0.038725 0.077525 0.58417
-0.072075 0.079648 0.29018 0.16568 0.11307 0.27153 0.054169 0.10708 0.39086 0.01305 0.022948 0.063343 -0.05365 -0.01452 -0.049794 0.056615 -0.01452 -0.046507 -0.21566 0.17397 0.088105 0.39358 0.22309 0.17733 -0.28911 0.18476 -0.13697 0.362 0.057418 0.010271 -0.31125 0.15439 -0.21066 0.39049 0.0073207 -0.048422 -0.00017718 -0.33292 -0.26993 0.2235 -0.28013 -0.27898 0.032869 -0.50262 -0.55566 0.18816 -0.30468 -0.61011 0.029856 -0.58942 -0.59092 0.17283 -0.3552 -0.68735 0.034101 0.079403 0.58526
-0.077479 0.08103 0.28759 0.16058 0.10969 0.27571 0.045875 0.10623 0.39208 0.012159 0.023188 0.06341 -0.049386 -0.01495 -0.054057 0.059475 -0.01495 -0.04276 -0.2082 0.16331 0.071565 0.37445 0.21003 0.14924 -0.28166 0.17781 -0.15329 0.37146 0.033786 -0.009654 -0.30437 0.14792 -0.22698 0.39198 -0.0141 -0.073627 -0.0062082 -0.33485 -0.2729 0.21364 -0.28407 -0.27903 0.026149 -0.50619 -0.55768 0.17863 -0.3085 -0.61019 0.019947 -0.59365 -0.59048 0.16205 -0.35882 -0.6873 0.024753 0.079889 0.58648
-0.081947 0.082054 0.28543 0.15625 0.1077 0.27916 0.038954 0.10551 0.393 0.011174 0.023598 0.063425 -0.045854 -0.015483 -0.057189 0.061062 -0.015483 -0.040461 -0.20253 0.15453 0.059406 0.3392 0.17796 0.10922 -0.2758 0.17146 -0.16536 0.37371 -0.0010808 -0.040171 -0.29891 0.14191 -0.23906 0.38997 -0.048427 -0.10662 -0.0099748 -0.3363 -0.2753 0.20673 -0.28675 -0.27939 0.021569 -0.50882 -0.55941 0.17214 -0.31087 -0.61062 0.013154 -0.59673 -0.59046 0.1543 -0.36017 -0.6884 0.013254 0.079081 0.58669
-0.085376 0.082126 0.28353 0.15268 0.10793 0.28166 0.033456 0.10529 0.39347 0.010169 0.024331 0.06332 -0.043462 -0.016134 -0.058829 0.061428 -0.016134 -0.039619 -0.2001 0.1473 0.052361 0.29329 0.13538 0.066344 -0.27311 0.16472 -0.17245 0.3679 -0.03825 -0.074126 -0.29622 0.13517 -0.24615 0.38478 -0.086652 -0.13972 -0.00779 -0.33716 -0.27678 0.20606 -0.28653 -0.2802 0.024003 -0.5102 -0.56056 0.17212 -0.31105 -0.61147 0.01561 -0.59837 -0.59088 0.15388 -0.36007 -0.68949 0.0012755 0.077499 0.58599
-0.089059 0.081832 0.28205 0.14887 0.10864 0.28375 0.028119 0.10493 0.39383 0.0089807 0.025122 0.063199 -0.041893 -0.016693 -0.059595 0.061254 -0.016693 -0.039486 -0.20007 0.14164 0.048344 0.24826 0.095161 0.031989 -0.2728 0.15867 -0.17657 0.35686 -0.069432 -0.10153 -0.29575 0.12898 -0.25027 0.37949 -0.11935 -0.16288 -0.0032527 -0.33757 -0.27767 0.20805 -0.28511 -0.28108 0.029136 -0.5106 -0.56141 0.17478 -0.31151 -0.61226 0.022394 -0.59881 -0.59192 0.15748 -0.36334 -0.68782 -0.010025 0.075909 0.58527
-0.09431 0.081772 0.28114 0.14385 0.10809 0.28596 0.021671 0.10377 0.3944 0.0074468 0.025697 0.063169 -0.040822 -0.016948 -0.060115 0.061227 -0.016948 -0.039304 -0.20154 0.13761 0.045232 0.21569 0.07023 0.017556 -0.27405 0.1544 -0.17976 0.34344 -0.086345 -0.11237 -0.29692 0.12463 -0.25346 0.37721 -0.13709 -0.16605 -4.8826e-05 -0.33769 -0.27826 0.209 -0.28423 -0.28163 0.03254 -0.51029 -0.56225 0.17625 -0.31476 -0.61247 0.028455 -0.5983 -0.59377 0.16172 -0.37485 -0.68064 -0.019499 0.075077 0.5854
-0.10244 0.082545 0.28096 0.13662 0.10451 0.28883 0.012834 0.10114 0.39551 0.0054029 0.025787 0.063335 -0.039921 -0.016686 -0.061016 0.062036 -0.016686 -0.038317 -0.20365 0.13525 0.040904 0.2072 0.073509 0.03445 -0.27607 0.15301 -0.18406 0.33051 -0.080707 -0.096627 -0.29914 0.12342 -0.25776 0.38107 -0.13043 -0.13916 -0.0018643 -0.33767 -0.27887 0.20523 -0.28564 -0.28143 0.029791 -0.50956 -0.56338 0.17266 -0.3233 -0.6116 0.028741 -0.59705 -0.59661 0.16321 -0.39945 -0.66519 -0.025996 0.075773 0.58725
