-0.15791 0.088698 0.29332 0.12044 0.1006 0.34114 -0.032329 0.089173 0.39813 -0.0065086 0.013999 0.066837 -0.052712 -0.013355 -0.051363 0.056529 -0.013355 -0.047129 -0.25245 0.1054 0.045464 0.22386 0.093189 0.096397 -0.19738 -0.10902 -0.039165 0.24406 -0.09831 -0.041766 -0.18246 -0.15492 -0.10632 0.32155 -0.098409 -0.070653 -0.094036 -0.31972 -0.2888 0.24252 -0.28953 -0.24981 -0.040876 -0.23917 -0.60845 0.18167 -0.25224 -0.57599 -0.0012991 -0.29231 -0.67455 0.18847 -0.33789 -0.61312 -0.015109 0.050762 0.59086
-0.15871 0.089003 0.29321 0.11947 0.10045 0.34043 -0.033073 0.088884 0.3979 -0.0064521 0.014209 0.066825 -0.05289 -0.013953 -0.051043 0.056542 -0.013953 -0.046965 -0.25462 0.10425 0.046046 0.22329 0.092866 0.095803 -0.19781 -0.10894 -0.040193 0.24373 -0.098527 -0.042416 -0.18178 -0.15606 -0.10745 0.32662 -0.08407 -0.062377 -0.092434 -0.31992 -0.28935 0.24441 -0.28821 -0.25071 -0.039721 -0.23908 -0.60899 0.18371 -0.25093 -0.57692 0.00015805 -0.29194 -0.67518 0.2291 -0.29732 -0.62395 -0.012831 0.04942 0.59037
-0.15849 0.089238 0.29369 0.11977 0.10003 0.3403 -0.032634 0.088204 0.39811 -0.0064751 0.014132 0.066838 -0.052911 -0.013873 -0.051045 0.056669 -0.013873 -0.046835 -0.25458 0.10454 0.046569 0.22302 0.092628 0.095438 -0.19831 -0.10874 -0.039837 0.24338 -0.098819 -0.042724 -0.18183 -0.15613 -0.10672 0.32763 -0.083056 -0.058095 -0.092667 -0.31976 -0.28942 0.24362 -0.28856 -0.25085 -0.040302 -0.23892 -0.60912 0.18323 -0.25106 -0.57709 -0.00055182 -0.292 -0.6752 0.24769 -0.28079 -0.62982 -0.00988 0.045364 0.58954
-0.1576 0.088921 0.29464 0.12089 0.098855 0.34078 -0.031446 0.086597 0.39871 -0.0065712 0.013846 0.06687 -0.052802 -0.013279 -0.051297 0.05688 -0.013279 -0.046733 -0.25342 0.1057 0.047341 0.2229 0.09207 0.095408 -0.1991 -0.10837 -0.038532 0.24278 -0.099539 -0.042634 -0.1826 -0.15548 -0.1048 0.3253 -0.092181 -0.056501 -0.094243 -0.31934 -0.28912 0.24077 -0.29019 -0.25037 -0.042199 -0.23879 -0.60895 0.18081 -0.25229 -0.57665 -0.0029263 -0.29247 -0.67481 0.24993 -0.28145 -0.63199 -0.0065292 0.038979 0.58857
-0.15639 0.08757 0.29593 0.12242 0.096441 0.34186 -0.029942 0.083528 0.39964 -0.0067338 0.013432 0.066917 -0.052591 -0.012335 -0.051728 0.057143 -0.012335 -0.046652 -0.25222 0.10722 0.048669 0.22275 0.090789 0.095815 -0.20041 -0.1078 -0.036712 0.24172 -0.10104 -0.042089 -0.18411 -0.15445 -0.10235 0.32035 -0.10826 -0.056288 -0.096666 -0.31876 -0.28856 0.23649 -0.29273 -0.24943 -0.044991 -0.23879 -0.6086 0.17706 -0.25427 -0.57574 -0.0064629 -0.29333 -0.67418 0.24151 -0.29245 -0.63169 -0.0030523 0.030648 0.58769
-0.15519 0.084706 0.29743 0.12393 0.092303 0.34355 -0.028555 0.078463 0.40082 -0.0069567 0.01297 0.066973 -0.052305 -0.011202 -0.052266 0.057425 -0.011202 -0.046584 -0.25204 0.10855 0.050862 0.22243 0.088378 0.096762 -0.20244 -0.10696 -0.034811 0.23997 -0.10368 -0.041032 -0.18635 -0.15339 -0.10004 0.31348 -0.12812 -0.056147 -0.099443 -0.31813 -0.28785 0.2314 -0.29577 -0.24817 -0.048254 -0.23902 -0.60818 0.17256 -0.25664 -0.57451 -0.010659 -0.29453 -0.67348 0.22813 -0.30693 -0.63015 0.00027668 0.020756 0.58714
-0.15435 0.079845 0.29902 0.12499 0.085955 0.34586 -0.027719 0.070865 0.40219 -0.0072332 0.012538 0.067033 -0.051972 -0.010045 -0.05284 0.057696 -0.010045 -0.046523 -0.25397 0.10916 0.054226 0.22177 0.084434 0.098355 -0.20541 -0.10581 -0.033263 0.23729 -0.10781 -0.039408 -0.18934 -0.15265 -0.09853 0.30541 -0.14856 -0.054773 -0.10208 -0.31753 -0.28709 0.22613 -0.29893 -0.24674 -0.051567 -0.23958 -0.60781 0.16791 -0.25905 -0.5731 -0.015013 -0.29606 -0.67288 0.21546 -0.31804 -0.62863 0.003184 0.0096849 0.58713
-0.1542 0.072516 0.30056 0.12518 0.076923 0.3488 -0.027857 0.060214 0.4037 -0.0075557 0.012213 0.067093 -0.05162 -0.0090235 -0.053379 0.057924 -0.0090235 -0.046462 -0.25906 0.10852 0.059062 0.22062 0.078567 0.10069 -0.20954 -0.10431 -0.032495 0.23349 -0.11377 -0.037165 -0.19308 -0.15258 -0.098462 0.29685 -0.16644 -0.050887 -0.10409 -0.31708 -0.28639 0.2213 -0.30183 -0.24529 -0.054515 -0.24058 -0.60761 0.1637 -0.26117 -0.57166 -0.019028 -0.29788 -0.67256 0.20912 -0.31905 -0.62835 0.0053997 -0.0021901 0.58788
-0.15476 0.062685 0.30199 0.12448 0.065274 0.35211 -0.028941 0.046605 0.40521 -0.0078568 0.011867 0.067165 -0.051276 -0.0081876 -0.053844 0.058092 -0.0081876 -0.046409 -0.26708 0.10655 0.065321 0.21901 0.071087 0.10361 -0.21459 -0.10252 -0.032504 0.22871 -0.12122 -0.034483 -0.19812 -0.15352 -0.098864 0.28839 -0.18015 -0.044603 -0.10539 -0.31678 -0.2858 0.2172 -0.30425 -0.24391 -0.056973 -0.24198 -0.60758 0.16021 -0.26278 -0.57029 -0.022541 -0.29988 -0.67257 0.21071 -0.30859 -0.62961 0.0068419 -0.014964 0.58922
-0.15558 0.050944 0.30329 0.12347 0.051853 0.35519 -0.030294 0.031019 0.4065 -0.0079833 0.011078 0.067287 -0.05097 -0.0074252 -0.054238 0.058204 -0.0074252 -0.046392 -0.27598 0.10382 0.072452 0.2172 0.063312 0.10659 -0.21969 -0.10071 -0.032679 0.22364 -0.12887 -0.031871 -0.20576 -0.15581 -0.096474 0.28042 -0.19026 -0.038028 -0.10643 -0.31649 -0.28522 0.21366 -0.30623 -0.24264 -0.059232 -0.24357 -0.60762 0.15729 -0.26393 -0.56902 -0.025863 -0.30189 -0.6728 0.21615 -0.29301 -0.63143 0.0076979 -0.029401 0.59046
-0.15619 0.037936 0.30449 0.12273 0.037562 0.35743 -0.031188 0.014504 0.40736 -0.0077757 0.0094061 0.067498 -0.050733 -0.0066123 -0.054567 0.058263 -0.0066123 -0.046441 -0.28357 0.10095 0.079867 0.21552 0.056634 0.10909 -0.22394 -0.099113 -0.032362 0.21903 -0.13533 -0.029865 -0.21736 -0.15981 -0.087855 0.27333 -0.19754 -0.03342 -0.10775 -0.3161 -0.28459 0.21046 -0.30782 -0.2415 -0.061616 -0.24514 -0.60759 0.15478 -0.26463 -0.56788 -0.029342 -0.30369 -0.6731 0.22089 -0.27924 -0.63273 0.0081756 -0.046319 0.59083
-0.15628 0.024355 0.30555 0.12263 0.023288 0.35834 -0.031178 -0.0019524 0.40761 -0.007167 0.0065974 0.067809 -0.050597 -0.0056299 -0.054822 0.058284 -0.0056299 -0.046562 -0.28839 0.098396 0.087083 0.2141 0.052101 0.11067 -0.22672 -0.097821 -0.031179 0.21552 -0.13953 -0.028916 -0.23292 -0.16528 -0.071723 0.2676 -0.20259 -0.032293 -0.10962 -0.31549 -0.28381 0.20754 -0.30902 -0.24049 -0.064334 -0.24642 -0.60734 0.15258 -0.26486 -0.56687 -0.033192 -0.30504 -0.67333 0.22169 -0.27214 -0.6327 0.0084306 -0.065886 0.58987
-0.15625 0.011075 0.30636 0.12263 0.009858 0.35804 -0.030791 -0.017587 0.40734 -0.0064133 0.0030614 0.068122 -0.050608 -0.004375 -0.054937 0.058311 -0.004375 -0.046675 -0.29158 0.096108 0.093988 0.21262 0.04955 0.11139 -0.2285 -0.096284 -0.029747 0.21347 -0.14141 -0.029171 -0.24767 -0.16991 -0.054322 0.26401 -0.2055 -0.033553 -0.11158 -0.31473 -0.28275 0.20524 -0.30962 -0.23946 -0.067199 -0.247 -0.6067 0.151 -0.2643 -0.5658 -0.037161 -0.30557 -0.67324 0.21991 -0.26936 -0.63156 0.008436 -0.086005 0.58803
-0.15661 -0.00098839 0.30679 0.12201 -0.0019148 0.35676 -0.030768 -0.031683 0.40668 -0.0058413 -0.00064865 0.068318 -0.050817 -0.0027482 -0.05483 0.058392 -0.0027482 -0.046678 -0.29483 0.093913 0.10055 0.21063 0.048556 0.11139 -0.22997 -0.093819 -0.028898 0.21314 -0.14114 -0.030715 -0.25582 -0.17095 -0.043536 0.26341 -0.20624 -0.035536 -0.11296 -0.31387 -0.28129 0.20404 -0.30939 -0.23824 -0.069937 -0.24645 -0.60547 0.15041 -0.26259 -0.56447 -0.040896 -0.30489 -0.67256 0.21789 -0.26698 -0.6297 0.0081253 -0.10409 0.58597
-0.15781 -0.011052 0.3067 0.12014 -0.011394 0.35474 -0.031756 -0.043649 0.40572 -0.0057383 -0.0040242 0.068289 -0.051256 -0.00067479 -0.05444 0.05857 -0.00067479 -0.046488 -0.29966 0.091627 0.10672 0.20778 0.048669 0.11086 -0.23174 -0.089866 -0.029369 0.21474 -0.13893 -0.033614 -0.25233 -0.16606 -0.046243 0.26633 -0.20483 -0.036894 -0.11318 -0.313 -0.27931 0.20434 -0.30812 -0.23671 -0.072281 -0.24438 -0.6035 0.15112 -0.25939 -0.56271 -0.04406 -0.30267 -0.67108 0.21773 -0.26144 -0.62758 0.0074674 -0.11787 0.58429
-0.15955 -0.019577 0.30608 0.11749 -0.01961 0.3522 -0.033491 -0.054065 0.40445 -0.0060216 -0.0069809 0.068041 -0.051825 0.0016867 -0.053855 0.058786 0.0016867 -0.046167 -0.30572 0.088946 0.11239 0.20479 0.049219 0.11036 -0.23358 -0.085012 -0.030995 0.21756 -0.13509 -0.037755 -0.23945 -0.1566 -0.059901 0.27051 -0.2015 -0.03924 -0.11216 -0.31216 -0.27703 0.20597 -0.30591 -0.23506 -0.074029 -0.24116 -0.60104 0.15295 -0.25489 -0.56075 -0.046471 -0.2993 -0.66902 0.21931 -0.25285 -0.62576 0.0067646 -0.1281 0.58287
-0.16113 -0.027711 0.30494 0.1151 -0.028511 0.34937 -0.035214 -0.064154 0.40279 -0.0064056 -0.0096664 0.06764 -0.052352 0.00405 -0.053245 0.058934 0.00405 -0.045858 -0.31163 0.085504 0.11736 0.20291 0.049414 0.11066 -0.2348 -0.080477 -0.03311 0.2204 -0.13006 -0.042931 -0.22342 -0.14598 -0.076802 0.27211 -0.19665 -0.045812 -0.11011 -0.3114 -0.27484 0.20846 -0.30306 -0.23369 -0.075014 -0.23752 -0.59856 0.15544 -0.24951 -0.55897 -0.048027 -0.29555 -0.66686 0.22124 -0.24328 -0.62489 0.0065023 -0.13721 0.58124
-0.16187 -0.036575 0.30331 0.11398 -0.039998 0.34646 -0.036177 -0.075112 0.40063 -0.0066077 -0.012227 0.067155 -0.052663 0.0061315 -0.052779 0.058907 0.0061315 -0.045702 -0.31606 0.080944 0.12149 0.20337 0.04847 0.11249 -0.23471 -0.077457 -0.035058 0.22213 -0.12424 -0.048933 -0.21041 -0.13756 -0.089311 0.26741 -0.19066 -0.059765 -0.10723 -0.31075 -0.27311 0.21134 -0.29984 -0.233 -0.075078 -0.23419 -0.59652 0.15812 -0.24367 -0.55781 -0.048637 -0.29219 -0.66506 0.22216 -0.23479 -0.62561 0.0071547 -0.14756 0.57891
-0.16165 -0.046241 0.30137 0.11434 -0.05405 0.34367 -0.036192 -0.086906 0.3981 -0.0065326 -0.014664 0.066648 -0.052713 0.007783 -0.052522 0.058696 0.007783 -0.045732 -0.31871 0.075431 0.12481 0.20586 0.045931 0.1155 -0.23343 -0.076133 -0.036522 0.22324 -0.11807 -0.055542 -0.20318 -0.13245 -0.094459 0.25797 -0.18354 -0.080747 -0.10385 -0.31025 -0.27198 0.21424 -0.29657 -0.23306 -0.07433 -0.23159 -0.59513 0.16067 -0.23779 -0.55735 -0.048451 -0.28967 -0.66382 0.22171 -0.2282 -0.62779 0.0087289 -0.15964 0.57586
-0.16109 -0.055445 0.29947 0.11536 -0.0682 0.34108 -0.035786 -0.097943 0.39562 -0.0063218 -0.016795 0.066176 -0.052616 0.0090288 -0.052407 0.05842 0.0090288 -0.045843 -0.32063 0.069783 0.12768 0.20816 0.041755 0.11789 -0.23205 -0.075397 -0.037618 0.22631 -0.112 -0.062533 -0.20008 -0.12887 -0.095191 0.25198 -0.17486 -0.10396 -0.10048 -0.30993 -0.27127 0.2169 -0.29356 -0.23356 -0.073223 -0.22975 -0.59424 0.16292 -0.23226 -0.55731 -0.047927 -0.28798 -0.66302 0.22075 -0.22275 -0.63033 0.010639 -0.17148 0.57267
-0.16086 -0.06284 0.298 0.11614 -0.079829 0.33881 -0.035529 -0.10653 0.3936 -0.0061325 -0.018428 0.065794 -0.052493 0.0099043 -0.052358 0.058206 0.0099043 -0.045924 -0.32294 0.064862 0.13045 0.20787 0.035928 0.1178 -0.23173 -0.074058 -0.038494 0.23409 -0.10645 -0.069676 -0.19921 -0.12484 -0.094834 0.25806 -0.16414 -0.1243 -0.097599 -0.3098 -0.27076 0.21909 -0.29115 -0.23416 -0.072231 -0.22869 -0.59367 0.16472 -0.22747 -0.55739 -0.04754 -0.28711 -0.6625 0.22023 -0.21756 -0.63209 0.012261 -0.18098 0.56992
-0.16129 -0.06778 0.29715 0.11619 -0.087255 0.33696 -0.035691 -0.11177 0.39227 -0.0060607 -0.019487 0.065525 -0.052422 0.010489 -0.052321 0.058122 0.010489 -0.045908 -0.32633 0.060967 0.13334 0.20349 0.028628 0.11416 -0.23311 -0.071606 -0.039291 0.24777 -0.10153 -0.076781 -0.19895 -0.11935 -0.095846 0.27986 -0.15128 -0.13833 -0.095316 -0.30984 -0.27035 0.22084 -0.28932 -0.2347 -0.071531 -0.22817 -0.59327 0.16614 -0.22343 -0.55743 -0.047426 -0.28681 -0.66214 0.22089 -0.21182 -0.63243 0.013318 -0.18683 0.56801
-0.16167 -0.071769 0.29651 0.1163 -0.09168 0.33562 -0.035617 -0.1152 0.39128 -0.0060173 -0.020267 0.065294 -0.052336 0.010995 -0.052311 0.058068 0.010995 -0.045864 -0.3302 0.056679 0.13607 0.1961 0.020622 0.10833 -0.23514 -0.06961 -0.040141 0.26394 -0.096323 -0.083768 -0.19856 -0.11423 -0.098036 0.30581 -0.13729 -0.14756 -0.092478 -0.30984 -0.27014 0.22309 -0.28697 -0.23562 -0.070392 -0.2273 -0.59298 0.1679 -0.2191 -0.55786 -0.046677 -0.2861 -0.66184 0.22275 -0.20488 -0.63232 0.014591 -0.19026 0.56669
-0.1611 -0.076719 0.29557 0.11747 -0.094847 0.33489 -0.034477 -0.11881 0.39017 -0.0058778 -0.021128 0.065005 -0.052141 0.011663 -0.052353 0.05791 0.011663 -0.04589 -0.33367 0.050255 0.13827 0.18727 0.012789 0.10212 -0.23644 -0.070035 -0.041176 0.27829 -0.089693 -0.090578 -0.19749 -0.11185 -0.10071 0.32145 -0.12341 -0.15448 -0.087703 -0.30958 -0.27029 0.2269 -0.28281 -0.23744 -0.067912 -0.22503 -0.59272 0.17085 -0.21322 -0.55916 -0.044184 -0.28388 -0.66153 0.22573 -0.19612 -0.63302 0.017065 -0.19293 0.56557
-0.15882 -0.08427 0.29392 0.12059 -0.098279 0.33482 -0.031547 -0.12433 0.38854 -0.0055308 -0.022381 0.064581 -0.051766 0.012691 -0.052464 0.05753 0.012691 -0.046072 -0.33601 0.040189 0.13968 0.17864 0.0061106 0.097255 -0.2359 -0.074449 -0.042533 0.28688 -0.080449 -0.097137 -0.19532 -0.1141 -0.10327 0.31445 -0.11049 -0.16134 -0.079845 -0.30881 -0.27099 0.23317 -0.27572 -0.24065 -0.063342 -0.22046 -0.5925 0.1757 -0.20468 -0.5618 -0.039035 -0.27919 -0.6612 0.22971 -0.185 -0.63568 0.02158 -0.19629 0.56435
-0.15499 -0.09387 0.29183 0.1253 -0.10169 0.33506 -0.026958 -0.13127 0.38654 -0.0049697 -0.023901 0.064069 -0.051312 0.013966 -0.052576 0.05695 0.013966 -0.046412 -0.33732 0.02691 0.1406 0.17222 0.0023981 0.094698 -0.23429 -0.081232 -0.044413 0.28863 -0.066825 -0.10324 -0.19281 -0.1189 -0.10597 0.28937 -0.096268 -0.16866 -0.069701 -0.30723 -0.27256 0.24125 -0.26593 -0.24535 -0.057174 -0.21388 -0.5928 0.18201 -0.19348 -0.56587 -0.031898 -0.27233 -0.66138 0.23432 -0.17168 -0.64035 0.02783 -0.2 0.56313
-0.15022 -0.10391 0.28995 0.13071 -0.10391 0.33504 -0.021252 -0.13812 0.38457 -0.0042387 -0.025358 0.06358 -0.050965 0.015218 -0.05258 0.056258 0.015218 -0.046875 -0.33815 0.011783 0.14166 0.17022 0.0038639 0.09503 -0.23327 -0.087221 -0.047047 0.28383 -0.046779 -0.1086 -0.1913 -0.12224 -0.10944 0.25898 -0.07698 -0.17611 -0.059006 -0.30449 -0.27541 0.24974 -0.25431 -0.25146 -0.050499 -0.20615 -0.59434 0.18878 -0.18018 -0.57127 -0.024202 -0.26422 -0.66286 0.23909 -0.15665 -0.6466 0.034958 -0.20286 0.56224
-0.14515 -0.11279 0.28887 0.13591 -0.10382 0.33423 -0.014973 -0.14335 0.38305 -0.0033827 -0.026427 0.063222 -0.050907 0.016186 -0.052369 0.055543 0.016186 -0.047422 -0.33901 -0.0038275 0.14344 0.17475 0.012622 0.098802 -0.23449 -0.08933 -0.050646 0.27285 -0.018393 -0.11294 -0.19206 -0.12023 -0.11429 0.23578 -0.049014 -0.18334 -0.049465 -0.30027 -0.27994 0.25725 -0.24175 -0.25886 -0.044389 -0.19811 -0.59781 0.19503 -0.16535 -0.57788 -0.017354 -0.25577 -0.66641 0.24352 -0.14039 -0.65396 0.042109 -0.2037 0.56196
-0.14011 -0.11972 0.2886 0.14041 -0.10147 0.33252 -0.0086037 -0.14663 0.38202 -0.0024586 -0.027034 0.063015 -0.051189 0.016804 -0.051907 0.054864 0.016804 -0.048001 -0.33996 -0.018657 0.1459 0.18544 0.027898 0.10571 -0.23759 -0.086987 -0.0549 0.25764 0.016687 -0.11563 -0.19468 -0.11236 -0.12029 0.22374 -0.013363 -0.18908 -0.041796 -0.2947 -0.28592 0.2631 -0.22906 -0.26715 -0.039293 -0.19025 -0.60311 0.20018 -0.1498 -0.58534 -0.011947 -0.24752 -0.67191 0.24729 -0.12367 -0.6619 0.048744 -0.20257 0.56226
-0.13512 -0.12478 0.28848 0.14423 -0.098275 0.3303 -0.0025564 -0.14888 0.38121 -0.0015362 -0.027386 0.062884 -0.051711 0.017224 -0.05124 0.054251 0.017224 -0.048539 -0.34053 -0.031559 0.14828 0.19909 0.045664 0.11448 -0.24007 -0.082448 -0.05891 0.24193 0.052801 -0.11564 -0.19684 -0.10194 -0.12624 0.21714 0.023797 -0.19104 -0.035596 -0.28844 -0.29247 0.26741 -0.21698 -0.27557 -0.034953 -0.18263 -0.60919 0.20413 -0.13465 -0.59291 -0.007654 -0.23958 -0.67828 0.25023 -0.10754 -0.66975 0.054674 -0.20092 0.56265
-0.13016 -0.12811 0.28778 0.14739 -0.095707 0.328 0.0027596 -0.15111 0.38029 -0.00068625 -0.027705 0.062748 -0.052368 0.017612 -0.050421 0.053732 0.017612 -0.048965 -0.34018 -0.041393 0.14978 0.21235 0.061718 0.12381 -0.23927 -0.078121 -0.061747 0.22954 0.08408 -0.11193 -0.19613 -0.092454 -0.1309 0.20977 0.056018 -0.18686 -0.030408 -0.28215 -0.29866 0.27032 -0.20626 -0.28336 -0.031074 -0.17533 -0.615 0.20679 -0.121 -0.59988 -0.0041016 -0.23206 -0.68439 0.25215 -0.093058 -0.67684 0.059728 -0.20027 0.56265
-0.1254 -0.12986 0.28615 0.1498 -0.09459 0.32592 0.0069864 -0.15383 0.37913 1.5892e-05 -0.028111 0.062569 -0.053047 0.018056 -0.049536 0.05333 0.018056 -0.049237 -0.3385 -0.047481 0.14963 0.22249 0.073195 0.13234 -0.23452 -0.075249 -0.06344 0.22233 0.10633 -0.10455 -0.19193 -0.0859 -0.13401 0.19756 0.078638 -0.17615 -0.026082 -0.27616 -0.30409 0.27189 -0.19718 -0.29021 -0.027619 -0.1682 -0.62003 0.20806 -0.10937 -0.60598 -0.0012044 -0.22488 -0.68968 0.25293 -0.080749 -0.68296 0.063686 -0.20143 0.56201
-0.12137 -0.13023 0.2841 0.15115 -0.094013 0.32405 0.0099018 -0.15617 0.37812 0.00048254 -0.028452 0.062417 -0.053624 0.018441 -0.048771 0.053057 0.018441 -0.049389 -0.33525 -0.050384 0.14716 0.22847 0.080791 0.13875 -0.23044 -0.071975 -0.066582 0.21705 0.11985 -0.096515 -0.18848 -0.080181 -0.13792 0.18223 0.09178 -0.16369 -0.023299 -0.26979 -0.30977 0.27189 -0.18884 -0.29707 -0.025237 -0.1607 -0.62533 0.20785 -0.09872 -0.61215 0.00034995 -0.21753 -0.69516 0.25247 -0.069652 -0.68909 0.066198 -0.20336 0.56123
-0.11866 -0.12941 0.28235 0.15103 -0.092777 0.32235 0.011306 -0.15706 0.37772 0.00062395 -0.028528 0.062381 -0.053971 0.018617 -0.048327 0.052922 0.018617 -0.049473 -0.33022 -0.050866 0.14172 0.2295 0.085792 0.14168 -0.2325 -0.065928 -0.074189 0.20954 0.12567 -0.09133 -0.19079 -0.072534 -0.14543 0.1664 0.096359 -0.15515 -0.022877 -0.26219 -0.31696 0.27007 -0.1801 -0.30512 -0.024691 -0.15216 -0.6322 0.20605 -0.087718 -0.61953 -0.00025351 -0.2094 -0.70211 0.25071 -0.058561 -0.69644 0.066889 -0.2047 0.56091
-0.11781 -0.12758 0.2815 0.14916 -0.089895 0.32078 0.011049 -0.1556 0.37831 0.00037244 -0.02818 0.062533 -0.053982 0.018468 -0.04837 0.052917 0.018468 -0.049543 -0.3234 -0.049645 0.13293 0.22519 0.089391 0.14017 -0.24525 -0.055077 -0.088465 0.19639 0.12487 -0.091797 -0.20299 -0.06064 -0.15859 0.15238 0.09346 -0.15512 -0.025474 -0.25269 -0.32663 0.26626 -0.1701 -0.31527 -0.026586 -0.14208 -0.64168 0.2026 -0.075322 -0.62904 -0.0036634 -0.2 -0.71153 0.24762 -0.046495 -0.70592 0.065464 -0.2043 0.56155
-0.11878 -0.12482 0.28169 0.14589 -0.085873 0.31939 0.0093183 -0.15228 0.37969 -0.00018561 -0.027503 0.062829 -0.053708 0.018111 -0.048802 0.052906 0.018111 -0.049692 -0.31612 -0.047112 0.12256 0.21792 0.092132 0.13591 -0.26676 -0.039762 -0.10594 0.1792 0.11879 -0.095868 -0.22284 -0.045287 -0.17433 0.14007 0.085373 -0.161 -0.03065 -0.2417 -0.33803 0.26075 -0.15965 -0.32676 -0.030432 -0.13085 -0.65301 0.19787 -0.062404 -0.63992 -0.0093672 -0.18965 -0.72271 0.24349 -0.034023 -0.71666 0.06217 -0.2025 0.56296
-0.1213 -0.12116 0.28284 0.14184 -0.081847 0.31828 0.0064483 -0.14813 0.3814 -0.00089826 -0.026704 0.063172 -0.053262 0.017764 -0.049417 0.052699 0.017764 -0.050031 -0.31027 -0.043518 0.11325 0.21124 0.094283 0.13178 -0.29233 -0.021331 -0.12072 0.16173 0.10884 -0.099423 -0.24542 -0.028583 -0.1874 0.12834 0.0749 -0.16712 -0.03749 -0.23009 -0.34966 0.25408 -0.15029 -0.33808 -0.035273 -0.11926 -0.66463 0.19237 -0.050653 -0.65073 -0.016358 -0.17899 -0.73416 0.23878 -0.022379 -0.727 0.057487 -0.20027 0.56466
-0.12512 -0.11664 0.28485 0.13762 -0.07892 0.31754 0.0027656 -0.14416 0.383 -0.001618 -0.025984 0.063472 -0.052758 0.017635 -0.050013 0.052119 0.017635 -0.050662 -0.30766 -0.039114 0.10752 0.20855 0.096098 0.13051 -0.31729 -0.0011539 -0.12715 0.14758 0.096473 -0.098485 -0.26594 -0.012556 -0.19276 0.11611 0.064776 -0.16798 -0.045095 -0.2187 -0.36007 0.24674 -0.14348 -0.34779 -0.040174 -0.10805 -0.67506 0.1866 -0.041683 -0.66006 -0.023648 -0.16867 -0.74445 0.23391 -0.012764 -0.73537 0.051885 -0.19858 0.56617
-0.12995 -0.11141 0.28742 0.13353 -0.07735 0.31737 -0.0015711 -0.1406 0.38437 -0.0023064 -0.025384 0.063701 -0.052229 0.017713 -0.050547 0.051249 0.017713 -0.051503 -0.30833 -0.034129 0.10555 0.2099 0.097503 0.13244 -0.33787 0.019005 -0.12509 0.13718 0.083002 -0.092425 -0.28264 0.002817 -0.19049 0.1033 0.056123 -0.16266 -0.0529 -0.20768 -0.3689 0.23884 -0.13902 -0.35574 -0.044704 -0.097295 -0.6839 0.18075 -0.035324 -0.66778 -0.030764 -0.15871 -0.75316 0.22915 -0.0056987 -0.74192 0.045658 -0.19776 0.56723
-0.13549 -0.10573 0.29 0.12952 -0.076548 0.31801 -0.0065717 -0.13689 0.38564 -0.0030338 -0.024794 0.063898 -0.051635 0.017766 -0.051133 0.05044 0.017766 -0.052288 -0.31058 -0.028773 0.10508 0.21202 0.098101 0.1355 -0.35125 0.036986 -0.11992 0.12778 0.069641 -0.08397 -0.29684 0.019603 -0.18581 0.09088 0.048454 -0.15481 -0.06067 -0.19646 -0.37687 0.23003 -0.13506 -0.36309 -0.048941 -0.086324 -0.69186 0.17467 -0.02962 -0.67505 -0.037743 -0.14851 -0.76092 0.22461 -0.0010155 -0.74852 0.038922 -0.19754 0.56781
-0.14142 -0.0999 0.29204 0.12556 -0.07589 0.31974 -0.012253 -0.1324 0.38701 -0.0038751 -0.024095 0.064106 -0.050929 0.017555 -0.051891 0.050052 0.017555 -0.052742 -0.31263 -0.023253 0.10379 0.21148 0.097481 0.1375 -0.35461 0.050617 -0.11725 0.11648 0.057597 -0.075987 -0.30998 0.039953 -0.18414 0.079837 0.04121 -0.14825 -0.068188 -0.18443 -0.38479 0.22 -0.12966 -0.37106 -0.052986 -0.074455 -0.69969 0.1682 -0.02254 -0.68303 -0.044642 -0.13749 -0.76838 0.22039 0.0014811 -0.7571 0.031782 -0.19763 0.56788
-0.14737 -0.094027 0.29318 0.12159 -0.074947 0.32251 -0.018481 -0.12695 0.38852 -0.0048572 -0.023233 0.064346 -0.050152 0.016958 -0.052824 0.050268 0.016958 -0.052725 -0.31311 -0.01765 0.10018 0.20642 0.095448 0.13705 -0.34744 0.059087 -0.12044 0.10185 0.047533 -0.070419 -0.32222 0.064009 -0.18878 0.070841 0.033945 -0.14538 -0.075142 -0.17128 -0.39303 0.20876 -0.1217 -0.38023 -0.056746 -0.061291 -0.70776 0.16113 -0.013019 -0.69232 -0.051294 -0.12525 -0.77586 0.21572 0.0016629 -0.76832 0.024388 -0.19759 0.56756
-0.15271 -0.087871 0.29351 0.11757 -0.073744 0.32546 -0.024776 -0.12124 0.38999 -0.0058942 -0.022304 0.064588 -0.049547 0.016138 -0.053652 0.050858 0.016138 -0.052409 -0.31166 -0.011749 0.094735 0.19876 0.092314 0.13456 -0.33451 0.064777 -0.12753 0.085812 0.038843 -0.067037 -0.33076 0.087203 -0.19805 0.063782 0.026476 -0.14516 -0.081 -0.15738 -0.40111 0.19721 -0.11196 -0.38975 -0.059681 -0.047102 -0.71555 0.15312 -0.0022643 -0.70203 -0.057002 -0.11195 -0.78296 0.20783 -0.0013577 -0.77984 0.016988 -0.19676 0.56732
-0.15682 -0.081132 0.29319 0.11347 -0.072374 0.32764 -0.030605 -0.11612 0.3912 -0.0068836 -0.021427 0.064798 -0.049384 0.015295 -0.054058 0.051534 0.015295 -0.05201 -0.30808 -0.0052912 0.088226 0.19091 0.088461 0.13071 -0.32138 0.070526 -0.13582 0.070799 0.030733 -0.065301 -0.33237 0.10429 -0.20954 0.058442 0.018659 -0.14608 -0.085201 -0.14318 -0.40836 0.18634 -0.1015 -0.39855 -0.061188 -0.032254 -0.72238 0.14383 0.0081961 -0.71104 -0.060991 -0.097843 -0.78916 0.19364 -0.0085774 -0.78887 0.0098444 -0.19442 0.56769
-0.1592 -0.073635 0.29237 0.10928 -0.070887 0.32827 -0.035506 -0.11226 0.39197 -0.0077352 -0.020698 0.064948 -0.049867 0.014597 -0.053797 0.052055 0.014597 -0.05171 -0.30225 0.0018493 0.081363 0.18494 0.084319 0.12617 -0.31268 0.078549 -0.14302 0.058883 0.022614 -0.0647 -0.32483 0.11119 -0.22098 0.054611 0.010471 -0.14682 -0.087338 -0.12907 -0.41429 0.17702 -0.091219 -0.40571 -0.060832 -0.017189 -0.72777 0.13312 0.017106 -0.71845 -0.062677 -0.083255 -0.79407 0.17133 -0.020108 -0.79322 0.0031976 -0.19002 0.56906
-0.16025 -0.065925 0.29132 0.1052 -0.06908 0.3277 -0.03945 -0.10928 0.39245 -0.0084309 -0.020079 0.065056 -0.050786 0.014002 -0.053081 0.052461 0.014002 -0.05147 -0.29468 0.0089989 0.074515 0.18077 0.080593 0.12147 -0.30748 0.087269 -0.14915 0.050006 0.015104 -0.064914 -0.31216 0.11084 -0.23082 0.052139 0.0026417 -0.14712 -0.087943 -0.11513 -0.41905 0.16917 -0.081155 -0.41131 -0.059195 -0.0027898 -0.73218 0.12199 0.024869 -0.72432 -0.062621 -0.069119 -0.79815 0.14663 -0.030713 -0.79431 -0.002843 -0.18418 0.57117
-0.16069 -0.058819 0.29033 0.1015 -0.066656 0.32665 -0.042566 -0.10641 0.39288 -0.0089797 -0.019482 0.065159 -0.051775 0.013387 -0.052289 0.052901 0.013387 -0.051169 -0.28609 0.015184 0.067925 0.17749 0.078094 0.1171 -0.30276 0.093694 -0.15518 0.043313 0.0092733 -0.065688 -0.30066 0.10877 -0.23778 0.050897 -0.0038213 -0.14716 -0.087899 -0.10127 -0.4231 0.16234 -0.071 -0.41576 -0.057242 0.0098943 -0.73646 0.11187 0.032511 -0.72914 -0.061814 -0.05659 -0.80219 0.12809 -0.03315 -0.79487 -0.008217 -0.17793 0.57345
-0.16121 -0.053096 0.28968 0.098451 -0.06334 0.32585 -0.04497 -0.1029 0.39351 -0.0093885 -0.018821 0.065291 -0.052486 0.01264 -0.051783 0.053515 0.01264 -0.050696 -0.27717 0.01948 0.06183 0.17427 0.077558 0.11353 -0.2956 0.094973 -0.16197 0.037989 0.0061055 -0.066783 -0.29632 0.11031 -0.24068 0.050768 -0.0079896 -0.14711 -0.088043 -0.087445 -0.42685 0.15614 -0.060466 -0.41947 -0.055888 0.019866 -0.74139 0.10417 0.041001 -0.73334 -0.0612 -0.046767 -0.80691 0.12381 -0.020629 -0.79752 -0.012853 -0.17227 0.5754
-0.1617 -0.04879 0.28947 0.096495 -0.05927 0.32571 -0.046471 -0.098652 0.39443 -0.0096253 -0.018086 0.065465 -0.052872 0.011762 -0.051606 0.054258 0.011762 -0.050103 -0.26802 0.021835 0.056397 0.17108 0.078362 0.11071 -0.285 0.090901 -0.16948 0.033956 0.0049075 -0.068212 -0.29863 0.11578 -0.24024 0.05179 -0.01045 -0.14725 -0.088336 -0.073488 -0.43038 0.15051 -0.049618 -0.42265 -0.055115 0.027113 -0.74704 0.099347 0.050255 -0.73719 -0.060818 -0.039692 -0.81234 0.13349 0.0052177 -0.80249 -0.016475 -0.16743 0.57691
-0.16136 -0.045271 0.28963 0.096199 -0.054952 0.32634 -0.046613 -0.094096 0.39553 -0.0096233 -0.017332 0.065671 -0.053153 0.010857 -0.051509 0.054927 0.010857 -0.049587 -0.25817 0.022981 0.05173 0.16867 0.07868 0.10816 -0.27164 0.083632 -0.17686 0.031799 0.0034989 -0.070206 -0.30132 0.12114 -0.23882 0.054143 -0.013135 -0.14795 -0.087955 -0.059172 -0.43346 0.1458 -0.038828 -0.42529 -0.054077 0.032497 -0.75275 0.097035 0.059256 -0.74075 -0.059911 -0.03447 -0.81788 0.14935 0.035271 -0.80781 -0.018625 -0.16296 0.57829
-0.15937 -0.041891 0.29011 0.09813 -0.050903 0.32786 -0.044929 -0.089696 0.39675 -0.0093154 -0.016616 0.065898 -0.053559 0.010034 -0.051238 0.05531 0.010034 -0.04935 -0.24713 0.023674 0.04793 0.16781 0.076646 0.10537 -0.25627 0.075396 -0.1832 0.032118 -0.00034328 -0.073006 -0.29792 0.1222 -0.23885 0.058008 -0.018014 -0.14956 -0.086057 -0.04427 -0.43583 0.14232 -0.028481 -0.42738 -0.051903 0.03691 -0.75789 0.096842 0.066957 -0.74409 -0.057695 -0.030175 -0.82291 0.16337 0.060179 -0.81149 -0.018842 -0.15838 0.57982
-0.15557 -0.03827 0.29079 0.10223 -0.047394 0.33026 -0.041515 -0.085696 0.39799 -0.0087203 -0.015969 0.066135 -0.054187 0.0093539 -0.050686 0.055311 0.0093539 -0.049486 -0.23501 0.024404 0.044969 0.16854 0.071437 0.10217 -0.23994 0.067727 -0.18803 0.034714 -0.0074096 -0.076657 -0.28559 0.117 -0.24161 0.06305 -0.025708 -0.15223 -0.082429 -0.028928 -0.43739 0.14009 -0.018844 -0.42896 -0.048353 0.040941 -0.76203 0.098205 0.072826 -0.74722 -0.053984 -0.026205 -0.827 0.17085 0.074847 -0.81246 -0.017235 -0.1534 0.58166
-0.15123 -0.034589 0.29143 0.10716 -0.04419 0.33333 -0.03762 -0.081892 0.39918 -0.0080347 -0.01537 0.066363 -0.05487 0.0087782 -0.050051 0.055059 0.0087782 -0.049865 -0.22303 0.025118 0.042556 0.16949 0.064374 0.099061 -0.22434 0.060723 -0.19176 0.037742 -0.015529 -0.080807 -0.26888 0.10816 -0.246 0.067866 -0.034038 -0.15558 -0.078166 -0.014074 -0.43831 0.13851 -0.0099482 -0.43019 -0.044492 0.044561 -0.7652 0.1002 0.077401 -0.75011 -0.049832 -0.022629 -0.83015 0.17394 0.082979 -0.81158 -0.01509 -0.14816 0.5836
-0.14775 -0.031099 0.2918 0.11139 -0.040992 0.33682 -0.034636 -0.078027 0.40024 -0.0074776 -0.014792 0.066564 -0.055403 0.0082573 -0.04957 0.054715 0.0082573 -0.05033 -0.21261 0.025694 0.04037 0.16909 0.057048 0.096607 -0.21126 0.054305 -0.19489 0.039151 -0.022162 -0.085052 -0.25324 0.098895 -0.25064 0.070921 -0.040482 -0.15917 -0.074526 -0.00073091 -0.43878 0.13689 -0.0017932 -0.43124 -0.041545 0.047662 -0.76749 0.10187 0.081353 -0.75271 -0.046444 -0.019597 -0.8324 0.17564 0.08937 -0.80997 -0.01384 -0.14281 0.5854
-0.14627 -0.028016 0.29169 0.11366 -0.037542 0.3404 -0.033674 -0.073907 0.4011 -0.007228 -0.014208 0.066722 -0.055611 0.0077455 -0.049443 0.054432 0.0077455 -0.050726 -0.2049 0.025994 0.038133 0.16621 0.050838 0.095206 -0.20214 0.048294 -0.19786 0.037653 -0.025235 -0.089188 -0.24311 0.091701 -0.25445 0.071265 -0.043044 -0.16278 -0.072481 0.010299 -0.439 0.13466 0.0056902 -0.43221 -0.040486 0.050192 -0.76903 0.10244 0.085252 -0.75496 -0.044779 -0.017201 -0.83385 0.17827 0.097615 -0.80866 -0.014613 -0.13751 0.58686
-0.14632 -0.025387 0.29109 0.11402 -0.033804 0.34335 -0.034359 -0.069669 0.40179 -0.0072575 -0.013603 0.066845 -0.055461 0.0072186 -0.049699 0.054336 0.0072186 -0.050915 -0.19986 0.025811 0.035818 0.162 0.046014 0.094305 -0.19667 0.041995 -0.20071 0.035979 -0.025111 -0.094047 -0.23742 0.085424 -0.25792 0.071014 -0.042482 -0.16726 -0.071525 0.019369 -0.43912 0.13176 0.012939 -0.43298 -0.040963 0.052379 -0.77007 0.10219 0.089147 -0.75681 -0.044486 -0.015205 -0.83473 0.18063 0.10499 -0.8083 -0.016948 -0.13239 0.58801
-0.14694 -0.023198 0.29005 0.11292 -0.029814 0.34478 -0.03583 -0.065557 0.40235 -0.007469 -0.012963 0.066946 -0.054967 0.0066593 -0.050306 0.054538 0.0066593 -0.050767 -0.19707 0.02491 0.033482 0.15835 0.042485 0.093037 -0.19399 0.034543 -0.20335 0.03818 -0.022953 -0.1008 -0.23331 0.077712 -0.26208 0.073293 -0.040461 -0.17381 -0.07066 0.027215 -0.4393 0.12834 0.020511 -0.4333 -0.042189 0.054546 -0.77089 0.10173 0.092916 -0.75821 -0.044788 -0.013272 -0.83535 0.18036 0.10671 -0.8094 -0.019862 -0.12756 0.58895
-0.14721 -0.021429 0.28862 0.11083 -0.025616 0.34393 -0.037265 -0.061797 0.40284 -0.007768 -0.012277 0.06704 -0.054151 0.0060536 -0.051224 0.055137 0.0060536 -0.050166 -0.19612 0.023097 0.0312 0.15706 0.040154 0.090623 -0.19325 0.025179 -0.20569 0.048003 -0.019911 -0.11047 -0.22809 0.066406 -0.26783 0.080981 -0.038599 -0.18351 -0.068956 0.034532 -0.43964 0.12453 0.028909 -0.43299 -0.043405 0.056994 -0.77177 0.10165 0.09644 -0.75913 -0.04494 -0.011081 -0.83599 0.17528 0.09843 -0.81244 -0.02242 -0.12311 0.58975
-0.14736 -0.019904 0.2873 0.10832 -0.021417 0.34158 -0.038487 -0.058276 0.40326 -0.0080933 -0.011544 0.067132 -0.053163 0.0054357 -0.052297 0.055969 0.0054357 -0.049296 -0.1969 0.020756 0.02937 0.15829 0.038828 0.087657 -0.19428 0.01475 -0.20738 0.064533 -0.016949 -0.12165 -0.22177 0.052423 -0.27451 0.09315 -0.037779 -0.19519 -0.06648 0.041437 -0.44011 0.12061 0.037782 -0.4322 -0.04429 0.059732 -0.77271 0.10205 0.099669 -0.75968 -0.044701 -0.0086027 -0.83666 0.16633 0.082638 -0.81723 -0.024428 -0.11897 0.59043
-0.14851 -0.018325 0.28684 0.10603 -0.017546 0.33976 -0.03982 -0.054619 0.40364 -0.0084104 -0.010769 0.067222 -0.052253 0.0048776 -0.053276 0.056664 0.0048776 -0.048571 -0.19952 0.018728 0.028646 0.16098 0.03824 0.085812 -0.19743 0.0053705 -0.20787 0.083177 -0.014882 -0.13102 -0.21654 0.039102 -0.28016 0.10587 -0.038309 -0.20594 -0.064082 0.047588 -0.4405 0.11697 0.046106 -0.43138 -0.044866 0.062536 -0.77346 0.1027 0.10261 -0.76009 -0.044228 -0.0060406 -0.83716 0.15686 0.067235 -0.82306 -0.026281 -0.11493 0.59098
-0.15178 -0.016396 0.28803 0.1046 -0.014336 0.34052 -0.0416 -0.050444 0.40398 -0.0086857 -0.009962 0.067311 -0.05167 0.0044517 -0.05391 0.056852 0.0044517 -0.048407 -0.20412 0.017862 0.029683 0.16399 0.03812 0.086782 -0.20303 -0.00082412 -0.20661 0.099263 -0.014512 -0.13525 -0.21459 0.029824 -0.28283 0.11517 -0.040466 -0.21281 -0.062629 0.052633 -0.44059 0.11397 0.052846 -0.43098 -0.045168 0.065179 -0.77381 0.10333 0.10526 -0.76059 -0.043689 -0.0036023 -0.83728 0.15031 0.060222 -0.82921 -0.028387 -0.11076 0.59133
-0.15742 -0.014079 0.29104 0.10431 -0.01188 0.34469 -0.0439 -0.045679 0.40428 -0.0089051 -0.0091497 0.067396 -0.051488 0.0041562 -0.054127 0.056435 0.0041562 -0.048916 -0.2104 0.018368 0.032572 0.16657 0.038306 0.091152 -0.21066 -0.0032226 -0.20356 0.11033 -0.015897 -0.13312 -0.21649 0.025563 -0.28178 0.12012 -0.043287 -0.214 -0.06222 0.056587 -0.44031 0.11178 0.057621 -0.43115 -0.045282 0.067526 -0.77367 0.10377 0.1077 -0.76124 -0.043192 -0.0014045 -0.83697 0.14812 0.065481 -0.835 -0.030888 -0.10637 0.59153
-0.16404 -0.01181 0.29496 0.10477 -0.0098406 0.35093 -0.046304 -0.040817 0.40454 -0.0090903 -0.0084 0.067469 -0.051456 0.0038543 -0.054176 0.055817 0.0038543 -0.049645 -0.21725 0.019293 0.036381 0.16856 0.038829 0.097493 -0.21844 -0.003993 -0.19957 0.11794 -0.017736 -0.12732 -0.21975 0.0229 -0.27853 0.12535 -0.043542 -0.20982 -0.061552 0.060123 -0.43983 0.1101 0.061243 -0.43144 -0.045396 0.069614 -0.77328 0.10403 0.1101 -0.76174 -0.042736 0.000602 -0.83647 0.14818 0.079379 -0.83983 -0.033444 -0.10182 0.5917
-0.1701 -0.010076 0.29876 0.10552 -0.0078324 0.35762 -0.048349 -0.036409 0.40475 -0.0092666 -0.0077841 0.067521 -0.051288 0.0033944 -0.054343 0.055455 0.0033944 -0.050083 -0.22351 0.019563 0.040069 0.16989 0.03974 0.10416 -0.22434 -0.0055992 -0.1956 0.12409 -0.018581 -0.12095 -0.22157 0.01795 -0.27486 0.13611 -0.037761 -0.2008 -0.059173 0.063988 -0.43933 0.1086 0.064651 -0.43136 -0.045704 0.071499 -0.77288 0.10413 0.11263 -0.76176 -0.042308 0.0024844 -0.83601 0.14799 0.097483 -0.8431 -0.035666 -0.097221 0.59198
-0.17439 -0.0091627 0.30162 0.10617 -0.0055242 0.36343 -0.049675 -0.032837 0.40493 -0.0094504 -0.0073477 0.067546 -0.050771 0.002668 -0.054841 0.055684 0.002668 -0.049857 -0.22827 0.018438 0.042828 0.17056 0.041009 0.10978 -0.22687 -0.0098253 -0.19237 0.1306 -0.017229 -0.11654 -0.21986 0.0079605 -0.27217 0.156 -0.023663 -0.18793 -0.053966 0.068745 -0.43894 0.10705 0.068589 -0.43054 -0.046327 0.073264 -0.77264 0.10413 0.11544 -0.7611 -0.041885 0.0043323 -0.83579 0.14576 0.11572 -0.84435 -0.037266 -0.09263 0.5925
-0.17721 -0.0084322 0.30381 0.10666 -0.00283 0.36819 -0.050412 -0.029695 0.40508 -0.0096172 -0.0070181 0.067558 -0.050014 0.0017615 -0.055562 0.056278 0.0017615 -0.049217 -0.23179 0.016726 0.044912 0.17092 0.042232 0.11423 -0.22695 -0.015339 -0.18973 0.13847 -0.013605 -0.11406 -0.21583 -0.0046118 -0.27021 0.18119 -0.0044355 -0.17442 -0.046344 0.074123 -0.43852 0.10567 0.072914 -0.42921 -0.047038 0.075123 -0.77232 0.10418 0.11838 -0.75998 -0.041396 0.0063393 -0.83553 0.14306 0.13164 -0.84371 -0.038441 -0.087887 0.59318
-0.17935 -0.0069815 0.30586 0.10703 0.00026622 0.37209 -0.050829 -0.026354 0.40522 -0.0097307 -0.006689 0.067574 -0.049223 0.0008176 -0.056306 0.056851 0.0008176 -0.048596 -0.23468 0.015681 0.046882 0.1714 0.042899 0.11774 -0.22622 -0.019915 -0.18724 0.14845 -0.007955 -0.11274 -0.21158 -0.015821 -0.26828 0.20571 0.015172 -0.1641 -0.037161 0.07961 -0.43786 0.1048 0.077225 -0.4278 -0.047509 0.077323 -0.77156 0.10447 0.12128 -0.75877 -0.040755 0.0087287 -0.83488 0.14238 0.14329 -0.84148 -0.039525 -0.082775 0.59391
-0.18151 -0.0039747 0.30831 0.10733 0.003774 0.37532 -0.051177 -0.022228 0.40538 -0.0097571 -0.0062592 0.067609 -0.048588 -2.8463e-05 -0.056884 0.05704 -2.8463e-05 -0.048398 -0.2375 0.016464 0.049265 0.17245 0.042553 0.12057 -0.2262 -0.021481 -0.18446 0.16121 -0.00056247 -0.11184 -0.20911 -0.021983 -0.26572 0.22397 0.030668 -0.16049 -0.027259 0.084718 -0.43675 0.10475 0.081148 -0.42668 -0.047436 0.080093 -0.77004 0.10516 0.12393 -0.75783 -0.039885 0.011704 -0.8335 0.14602 0.14888 -0.83797 -0.040827 -0.077096 0.59458
-0.18382 0.00055529 0.3112 0.10763 0.0076226 0.37795 -0.051485 -0.017306 0.40555 -0.0096984 -0.0056976 0.067667 -0.048154 -0.00073806 -0.057255 0.056796 -0.00073806 -0.048677 -0.24036 0.01908 0.052129 0.17442 0.041448 0.12295 -0.22716 -0.019959 -0.18135 0.17618 0.0077975 -0.11091 -0.20866 -0.022827 -0.26243 0.23523 0.040926 -0.16314 -0.017349 0.089274 -0.43523 0.10546 0.084621 -0.42592 -0.046804 0.083393 -0.7678 0.1062 0.12637 -0.75721 -0.038777 0.015221 -0.83145 0.15371 0.14917 -0.83356 -0.04232 -0.07093 0.59517
-0.18601 0.005968 0.31431 0.10803 0.011685 0.38005 -0.051623 -0.011982 0.40573 -0.0095813 -0.005022 0.067738 -0.047859 -0.00134 -0.057482 0.056289 -0.00134 -0.049243 -0.24303 0.022725 0.055225 0.17761 0.040328 0.12514 -0.2285 -0.016662 -0.17808 0.19186 0.016007 -0.1097 -0.20927 -0.020467 -0.25872 0.2421 0.04717 -0.16883 -0.0080477 0.093322 -0.43348 0.10655 0.087799 -0.42539 -0.045799 0.086994 -0.76519 0.1074 0.12876 -0.75677 -0.037478 0.01906 -0.82904 0.16339 0.14665 -0.82868 -0.043745 -0.064555 0.5957
-0.1878 0.01161 0.31736 0.10862 0.015834 0.38164 -0.051461 -0.0066565 0.40591 -0.009433 -0.0042513 0.067813 -0.047638 -0.0018645 -0.057632 0.055692 -0.0018645 -0.049901 -0.2453 0.026578 0.058296 0.18231 0.039951 0.12739 -0.2296 -0.012936 -0.17483 0.20678 0.02294 -0.10798 -0.20992 -0.017067 -0.2549 0.2473 0.050678 -0.17428 2.8687e-05 0.096912 -0.4317 0.10768 0.090846 -0.42492 -0.044613 0.090665 -0.76254 0.10854 0.13128 -0.75636 -0.036032 0.022996 -0.82663 0.17295 0.14388 -0.82375 -0.044837 -0.05825 0.5962
-0.18889 0.016829 0.32012 0.1095 0.019941 0.38277 -0.050865 -0.0017305 0.40609 -0.0092809 -0.0034042 0.067883 -0.04743 -0.0023418 -0.057768 0.05518 -0.0023418 -0.050456 -0.24693 0.029817 0.061086 0.18882 0.041073 0.12996 -0.22986 -0.010123 -0.17179 0.21943 0.027472 -0.1055 -0.20961 -0.014791 -0.25127 0.25351 0.052721 -0.17622 0.0062647 0.10009 -0.43009 0.10848 0.093922 -0.42437 -0.043436 0.094174 -0.76021 0.10942 0.1341 -0.75584 -0.034484 0.026807 -0.82455 0.18029 0.14339 -0.81919 -0.045333 -0.052295 0.59668
-0.18899 0.020972 0.32233 0.11076 0.023877 0.38348 -0.049705 0.002395 0.40625 -0.0091522 -0.0024995 0.067941 -0.047168 -0.0028021 -0.057958 0.054926 -0.0028021 -0.050712 -0.24769 0.031621 0.063337 0.19745 0.044451 0.13308 -0.22865 -0.0095669 -0.16915 0.22834 0.028477 -0.10204 -0.20736 -0.015802 -0.24816 0.26344 0.054577 -0.17136 0.010045 0.10292 -0.42884 0.10859 0.097188 -0.42359 -0.04246 0.097288 -0.75852 0.10983 0.1374 -0.75505 -0.03288 0.030269 -0.82313 0.18331 0.14773 -0.81544 -0.044967 -0.04697 0.59718
-0.18783 0.023386 0.32373 0.11251 0.027516 0.3838 -0.047848 0.0053188 0.40639 -0.009074 -0.0015561 0.067976 -0.046791 -0.0032755 -0.058266 0.055105 -0.0032755 -0.050475 -0.24736 0.031168 0.064795 0.20847 0.050842 0.13703 -0.22536 -0.012611 -0.16709 0.23201 0.024831 -0.09736 -0.20214 -0.022264 -0.24587 0.27979 0.057518 -0.15642 0.010753 0.10543 -0.42815 0.10766 0.10081 -0.42243 -0.041875 0.099777 -0.75783 0.10957 0.14135 -0.75385 -0.031265 0.033159 -0.82272 0.17989 0.15943 -0.81291 -0.043475 -0.042555 0.59771
