-0.18192 -0.021523 0.28059 0.082367 -0.015246 0.35101 -0.072271 -0.030895 0.4016 -0.014394 -0.0069848 0.066705 -0.046639 0.0027878 -0.058413 0.058038 0.0027878 -0.047104 -0.21689 0.021196 0.020583 0.18224 0.051063 0.11379 -0.25393 -0.041225 -0.20503 0.27182 0.070989 -0.10473 -0.26827 -0.074575 -0.27934 0.28978 0.079297 -0.18503 -0.017611 0.12552 -0.42725 0.12748 0.063866 -0.42577 0.016884 0.24527 -0.73702 0.17211 0.077038 -0.75642 0.00071916 0.17804 -0.80011 0.21309 0.0091744 -0.80618 -0.045722 -0.12239 0.57433
-0.18412 -0.01825 0.29119 0.089776 -0.007798 0.35564 -0.065299 -0.028416 0.40301 -0.013141 -0.0061849 0.067044 -0.046769 0.0020158 -0.058345 0.057313 0.0020158 -0.048023 -0.23208 0.0089588 0.031088 0.18329 0.064789 0.11775 -0.29105 -0.086258 -0.17718 0.26031 0.095095 -0.1043 -0.2943 -0.11363 -0.25508 0.24633 0.069765 -0.17942 -0.020083 0.13393 -0.42419 0.12029 0.074336 -0.42581 0.012866 0.25453 -0.73391 0.1655 0.089306 -0.75639 -0.0020976 0.18578 -0.79675 0.2141 0.029491 -0.80965 -0.037154 -0.11616 0.57743
-0.1855 -0.010969 0.29597 0.091544 0.0040734 0.35657 -0.062884 -0.021136 0.40381 -0.012502 -0.0049353 0.067265 -0.046378 0.0011356 -0.058673 0.057119 0.0011356 -0.048281 -0.24931 0.0055402 0.038523 0.18184 0.081288 0.11872 -0.30496 -0.091023 -0.17064 0.25204 0.12048 -0.10423 -0.29649 -0.11986 -0.24773 0.23445 0.093434 -0.18088 -0.024998 0.12794 -0.42661 0.1155 0.083724 -0.42476 -0.0024165 0.26372 -0.73072 0.15489 0.10521 -0.75555 -0.0081009 0.20198 -0.80019 0.19914 0.048863 -0.8156 -0.034259 -0.10607 0.57954
-0.1859 -0.004733 0.29836 0.091744 0.013444 0.35523 -0.061664 -0.014348 0.40432 -0.012118 -0.003841 0.067409 -0.046139 0.0004996 -0.058873 0.057101 0.0004996 -0.048314 -0.26432 0.0065515 0.044641 0.17894 0.097646 0.11868 -0.30673 -0.08271 -0.17078 0.24461 0.14165 -0.10475 -0.28625 -0.1123 -0.24523 0.23381 0.12405 -0.18483 -0.030697 0.11463 -0.43127 0.11023 0.092295 -0.42341 -0.020554 0.27292 -0.72509 0.14332 0.12035 -0.75448 -0.01672 0.21379 -0.79757 0.17955 0.065972 -0.82151 -0.032906 -0.096104 0.58153
-0.1854 -0.00297 0.3006 0.092928 0.016465 0.35277 -0.059538 -0.011299 0.40474 -0.011757 -0.0032645 0.067504 -0.046565 0.00026491 -0.05854 0.057072 0.00026491 -0.048354 -0.27413 0.0078596 0.050262 0.17522 0.1112 0.11854 -0.30378 -0.081424 -0.16746 0.23552 0.1554 -0.10639 -0.27254 -0.10638 -0.23969 0.22724 0.1442 -0.18811 -0.035964 0.098107 -0.43578 0.10353 0.099702 -0.42232 -0.036246 0.27943 -0.71617 0.13217 0.13259 -0.75347 -0.028416 0.21437 -0.78407 0.16305 0.081239 -0.82549 -0.029454 -0.089171 0.58351
-0.18484 -0.0030548 0.30068 0.092225 0.020338 0.34939 -0.058891 -0.0078668 0.40491 -0.011644 -0.0026944 0.067547 -0.04755 -0.00010937 -0.057736 0.057436 -0.00010937 -0.047913 -0.28053 0.006565 0.052896 0.16992 0.12006 0.11549 -0.29041 -0.080753 -0.16699 0.22213 0.16656 -0.11089 -0.25521 -0.10353 -0.23841 0.21047 0.16783 -0.19271 -0.041038 0.071644 -0.4408 0.10179 0.10337 -0.42122 -0.055005 0.2706 -0.7086 0.11704 0.14793 -0.75169 -0.046447 0.21778 -0.78351 0.14431 0.10114 -0.8279 -0.022306 -0.084138 0.58305
-0.18318 -0.0024807 0.2996 0.091561 0.0245 0.34627 -0.058169 -0.0045039 0.40507 -0.011557 -0.0021683 0.067581 -0.048579 -0.0005751 -0.056875 0.057946 -0.0005751 -0.047297 -0.28203 0.0054206 0.052995 0.16602 0.11935 0.10941 -0.26838 -0.070894 -0.17098 0.20961 0.16718 -0.1186 -0.23424 -0.093056 -0.24296 0.20109 0.18045 -0.1997 -0.042347 0.03478 -0.44501 0.10942 0.10181 -0.41985 -0.067257 0.24034 -0.70693 0.10176 0.16403 -0.74781 -0.053187 0.20835 -0.79383 0.12442 0.12378 -0.82925 -0.014128 -0.080391 0.58175
-0.17899 -0.00078368 0.30058 0.095473 0.022299 0.34472 -0.053721 -0.005043 0.40566 -0.011043 -0.002145 0.067668 -0.049127 -0.00062706 -0.056404 0.05793 -0.00062706 -0.047318 -0.27627 0.0092561 0.053438 0.16754 0.10641 0.10318 -0.24814 -0.049898 -0.17432 0.20564 0.14394 -0.12785 -0.21306 -0.065406 -0.24745 0.21777 0.15237 -0.20803 -0.035735 -0.0032163 -0.44577 0.12732 0.09564 -0.41815 -0.056928 0.19671 -0.71194 0.095812 0.17107 -0.74154 -0.027853 0.16072 -0.79286 0.11437 0.14164 -0.82899 -0.0093355 -0.078328 0.58336
-0.17606 0.00038437 0.30139 0.098284 0.019037 0.34288 -0.050498 -0.0050435 0.40609 -0.01061 -0.0021527 0.067738 -0.04947 -0.00057912 -0.0561 0.057799 -0.00057912 -0.047473 -0.27143 0.013094 0.053582 0.16932 0.096013 0.098519 -0.23601 -0.033292 -0.17619 0.20158 0.11193 -0.1355 -0.19952 -0.042738 -0.24991 0.22368 0.11537 -0.21615 -0.028064 -0.028467 -0.44454 0.15376 0.088085 -0.41618 -0.041463 0.16632 -0.71642 0.097076 0.16719 -0.73686 -0.0062434 0.12449 -0.79309 0.12754 0.15859 -0.82441 -0.0062342 -0.077305 0.58422
-0.17449 0.0002003 0.30117 0.099025 0.015573 0.34068 -0.049239 -0.0054025 0.40622 -0.010399 -0.002353 0.067763 -0.049733 -0.0004475 -0.055871 0.057935 -0.0004475 -0.047312 -0.26907 0.016739 0.053324 0.17021 0.088413 0.095176 -0.22947 -0.021638 -0.17716 0.19423 0.08083 -0.14051 -0.19285 -0.02722 -0.25109 0.21143 0.078523 -0.22123 -0.019652 -0.043527 -0.44208 0.14688 0.09316 -0.41465 -0.024802 0.13286 -0.72531 0.098272 0.17041 -0.73544 0.012496 0.092905 -0.80115 0.15021 0.16949 -0.81311 -0.0035576 -0.078942 0.58348
-0.17114 -0.0013891 0.301 0.10145 0.010159 0.33972 -0.046412 -0.010117 0.40645 -0.010027 -0.0031503 0.067787 -0.049874 -1.0845e-05 -0.055747 0.058115 -1.0845e-05 -0.047105 -0.26478 0.022688 0.05344 0.17279 0.075502 0.092188 -0.22208 -0.0056975 -0.17791 0.18849 0.052352 -0.14332 -0.18695 -0.0058657 -0.25273 0.20431 0.032583 -0.22128 -0.0063378 -0.059936 -0.4383 0.072258 0.12062 -0.41427 0.00061832 0.064272 -0.74671 0.090427 0.19836 -0.73601 0.053165 0.023145 -0.81124 0.15032 0.16471 -0.7967 -0.00077974 -0.084701 0.58329
-0.16648 -0.0055041 0.30077 0.10462 0.012352 0.33985 -0.042236 -0.012983 0.40686 -0.0091283 -0.0033961 0.067901 -0.050263 0.00036003 -0.055392 0.057046 0.00036003 -0.048354 -0.26045 0.022692 0.05371 0.17458 0.073683 0.090841 -0.21723 0.0024444 -0.17844 0.18921 0.035474 -0.14241 -0.18551 0.0068599 -0.25471 0.20521 0.011321 -0.22029 0.0050459 -0.069123 -0.43503 0.02917 0.13832 -0.41405 0.020153 0.0098161 -0.76008 0.067525 0.21715 -0.73721 0.079029 -0.036835 -0.81669 0.11696 0.15323 -0.78693 0.0051185 -0.088625 0.58278
-0.16172 -0.011484 0.30053 0.10765 0.01846 0.34044 -0.037783 -0.014795 0.40724 -0.0080766 -0.003395 0.068035 -0.050825 0.00070181 -0.054877 0.055259 0.00070181 -0.050412 -0.25713 0.018188 0.054237 0.17546 0.080534 0.09105 -0.21552 0.0022094 -0.17854 0.19405 0.028688 -0.1395 -0.18855 0.0092422 -0.2564 0.21108 0.0083049 -0.21773 0.012321 -0.070641 -0.43285 0.031144 0.14047 -0.41331 0.030682 -0.02031 -0.76239 0.04386 0.21855 -0.73768 0.087466 -0.071414 -0.81639 0.073545 0.14293 -0.78407 0.012461 -0.090259 0.58244
-0.1569 -0.017175 0.3003 0.11129 0.017189 0.34111 -0.033283 -0.020628 0.40737 -0.007408 -0.0042855 0.068061 -0.051376 0.0013024 -0.054357 0.054202 0.0013024 -0.051546 -0.25347 0.017482 0.055124 0.1783 0.080455 0.091799 -0.21539 0.0035916 -0.17846 0.19915 0.022074 -0.1371 -0.1934 0.012367 -0.25771 0.22 -0.0084152 -0.21062 0.018385 -0.070163 -0.43117 0.020877 0.14585 -0.41164 0.043122 -0.054862 -0.76419 0.039125 0.22077 -0.7364 0.10662 -0.10482 -0.81114 0.057459 0.13921 -0.77946 0.017844 -0.093681 0.58334
-0.14887 -0.021075 0.29913 0.1182 0.013772 0.34258 -0.026523 -0.025484 0.40759 -0.0063497 -0.005244 0.0681 -0.052687 0.0018688 -0.053049 0.052957 0.0018688 -0.052779 -0.24649 0.01942 0.055202 0.18595 0.078664 0.09389 -0.22059 0.0079526 -0.17996 0.21356 0.011227 -0.13142 -0.20376 0.018943 -0.26017 0.23638 -0.023365 -0.20327 0.023721 -0.060966 -0.43002 0.014463 0.15811 -0.40798 0.068415 -0.09732 -0.7579 0.039601 0.2294 -0.7333 0.13694 -0.15009 -0.79388 0.071365 0.15179 -0.77207 0.02549 -0.098745 0.58321
-0.13952 -0.023166 0.29721 0.12666 0.0096754 0.34463 -0.019114 -0.028785 0.40778 -0.0050891 -0.0061534 0.06813 -0.054369 0.0023548 -0.05132 0.051556 0.0023548 -0.054145 -0.23788 0.02461 0.054958 0.19674 0.07557 0.096845 -0.22894 0.016718 -0.18177 0.23197 -0.00072695 -0.12479 -0.21583 0.03132 -0.2621 0.25451 -0.03307 -0.19745 0.027113 -0.046087 -0.42943 0.019982 0.17265 -0.40334 0.09386 -0.13622 -0.74413 0.040632 0.24123 -0.72946 0.15955 -0.19713 -0.77113 0.098426 0.17617 -0.76459 0.032224 -0.10421 0.58268
-0.13337 -0.023939 0.29575 0.13273 0.0032874 0.34649 -0.014394 -0.033216 0.40762 -0.0043793 -0.0073604 0.068059 -0.0554 0.0028916 -0.050179 0.050775 0.0028916 -0.054854 -0.23125 0.033109 0.055337 0.20622 0.066972 0.099094 -0.23451 0.030011 -0.18168 0.24233 -0.0090465 -0.12251 -0.22235 0.049026 -0.26123 0.26479 -0.045932 -0.19294 0.027286 -0.034016 -0.42936 0.02908 0.1831 -0.39979 0.099581 -0.15732 -0.73146 0.046604 0.25017 -0.72638 0.15769 -0.22586 -0.7566 0.11898 0.19975 -0.7593 0.031945 -0.10921 0.58366
-0.1296 -0.022375 0.29557 0.13693 -2.9451e-05 0.34839 -0.011115 -0.036226 0.40748 -0.0038744 -0.0080705 0.068013 -0.056006 0.0032871 -0.049472 0.050333 0.0032871 -0.055233 -0.22492 0.035782 0.05437 0.21235 0.056107 0.099821 -0.23668 0.040474 -0.18224 0.25145 -0.018287 -0.12176 -0.22614 0.060996 -0.26165 0.27199 -0.055498 -0.19268 0.025562 -0.021591 -0.42978 0.038347 0.19003 -0.39721 0.098344 -0.16093 -0.7244 0.052281 0.25654 -0.72424 0.15162 -0.23435 -0.75058 0.13381 0.22147 -0.75267 0.030057 -0.1143 0.5839
-0.13005 -0.01907 0.29541 0.13665 0.00021839 0.35019 -0.012089 -0.03601 0.40745 -0.004053 -0.0079773 0.068009 -0.056053 0.0032959 -0.049418 0.050408 0.0032959 -0.055165 -0.22212 0.03567 0.052143 0.21463 0.048525 0.10071 -0.24116 0.0483 -0.18376 0.25855 -0.023051 -0.12091 -0.23294 0.067825 -0.2637 0.27617 -0.056074 -0.19466 0.023405 -0.014765 -0.43061 0.04585 0.19553 -0.39422 0.093236 -0.15128 -0.72713 0.05441 0.27065 -0.71939 0.14854 -0.21841 -0.76064 0.14057 0.24657 -0.74702 0.025229 -0.11776 0.58306
-0.13668 -0.015233 0.29383 0.1295 0.0010779 0.35166 -0.02029 -0.033151 0.40735 -0.0054986 -0.0074228 0.067968 -0.055285 0.0028982 -0.050298 0.051384 0.0028982 -0.054281 -0.22685 0.040729 0.050131 0.21338 0.049319 0.10407 -0.25293 0.057096 -0.18487 0.25814 -0.014638 -0.11963 -0.24541 0.076484 -0.26493 0.27445 -0.04653 -0.1942 0.021461 -0.020413 -0.43175 0.050075 0.20061 -0.39013 0.080871 -0.1341 -0.73972 0.052608 0.30048 -0.70854 0.14324 -0.18047 -0.78975 0.13549 0.27786 -0.7456 0.013949 -0.11662 0.5828
-0.14458 -0.010327 0.29292 0.12143 0.0028035 0.35341 -0.029249 -0.031195 0.407 -0.007002 -0.0070748 0.067874 -0.0543 0.0026621 -0.051379 0.052849 0.0026621 -0.052863 -0.23309 0.043763 0.048173 0.20923 0.060022 0.10919 -0.26436 0.061287 -0.18609 0.25449 0.0013091 -0.1161 -0.25587 0.082897 -0.26545 0.27077 -0.030334 -0.19073 0.019022 -0.02544 -0.43318 0.050022 0.20286 -0.38761 0.071902 -0.11615 -0.75049 0.046447 0.33027 -0.69651 0.1373 -0.15031 -0.80987 0.12469 0.30375 -0.7404 0.0045937 -0.11041 0.58442
-0.15055 -0.010235 0.29229 0.1151 0.005239 0.35599 -0.035559 -0.03322 0.40632 -0.0079431 -0.0074549 0.067726 -0.053308 0.0029083 -0.052391 0.054269 0.0029083 -0.051397 -0.23566 0.035974 0.044769 0.20361 0.076508 0.1157 -0.26962 0.052833 -0.18918 0.24879 0.02728 -0.11161 -0.26044 0.075657 -0.26813 0.26537 -0.002952 -0.18679 0.018101 -0.02709 -0.43443 0.049347 0.20361 -0.38529 0.068969 -0.096487 -0.75697 0.034249 0.35481 -0.68248 0.13418 -0.12374 -0.81794 0.10863 0.32493 -0.73102 0.00014681 -0.10501 0.58657
-0.15436 -0.018259 0.29055 0.10992 0.0082188 0.35895 -0.039718 -0.038027 0.40552 -0.0084782 -0.0082927 0.067565 -0.05224 0.003329 -0.053432 0.055352 0.003329 -0.050206 -0.23327 0.017111 0.039231 0.19912 0.09296 0.1233 -0.26694 0.030981 -0.19498 0.24108 0.06606 -0.10822 -0.25881 0.050728 -0.27483 0.25658 0.038629 -0.18472 0.020023 -0.027211 -0.43533 0.046104 0.20764 -0.38082 0.06681 -0.070249 -0.76297 0.015335 0.37592 -0.66722 0.13372 -0.08208 -0.82669 0.087001 0.35456 -0.72395 -0.0022144 -0.10587 0.58695
-0.15774 -0.019981 0.28933 0.1057 0.012971 0.35997 -0.043501 -0.036204 0.40528 -0.0090746 -0.0078365 0.067535 -0.051277 0.0027804 -0.054384 0.056372 0.0027804 -0.049075 -0.22969 0.0057157 0.034728 0.19925 0.10824 0.13024 -0.25776 0.013967 -0.20041 0.23655 0.10208 -0.10385 -0.2498 0.03112 -0.281 0.24699 0.077863 -0.18216 0.019389 -0.015655 -0.43709 0.023096 0.21837 -0.37738 0.059671 -0.037685 -0.76794 -0.0033562 0.38619 -0.66579 0.12636 -0.040099 -0.83408 0.072299 0.40326 -0.72375 -0.0061904 -0.10677 0.58563
-0.16076 -0.017333 0.28894 0.10307 0.015913 0.36049 -0.046737 -0.031606 0.40535 -0.0096824 -0.0068108 0.06757 -0.050434 0.0020006 -0.055205 0.057106 0.0020006 -0.048274 -0.22619 0.0030225 0.032134 0.20041 0.11872 0.13547 -0.24539 0.0021085 -0.20412 0.23333 0.12534 -0.099133 -0.2352 0.015711 -0.28502 0.23927 0.10494 -0.17907 0.016881 -0.00047225 -0.43922 0.0563 0.21108 -0.3734 0.050318 -0.0086537 -0.77132 0.018625 0.37352 -0.66192 0.11507 -0.0093646 -0.83882 0.091165 0.38739 -0.712 -0.010274 -0.10539 0.58463
-0.16452 -0.018448 0.28838 0.10044 0.015056 0.36244 -0.050485 -0.030992 0.40497 -0.010355 -0.0066029 0.067494 -0.049572 0.0020975 -0.055976 0.057508 0.0020975 -0.047797 -0.22441 0.0013164 0.030179 0.19844 0.12429 0.1406 -0.23373 -0.013438 -0.20629 0.22818 0.13893 -0.094096 -0.219 -0.0071994 -0.28737 0.23487 0.12338 -0.17504 0.014439 0.0080558 -0.4406 0.18527 0.16546 -0.37061 0.042842 0.011053 -0.77326 0.093222 0.33766 -0.64001 0.10647 0.011114 -0.84185 0.14206 0.27469 -0.68495 -0.01386 -0.10193 0.58536
-0.17493 -0.015338 0.28643 0.090523 0.01951 0.36268 -0.061362 -0.024987 0.40375 -0.012188 -0.0058258 0.067247 -0.048537 0.0018119 -0.056888 0.058771 0.0018119 -0.046215 -0.23117 0.0041168 0.027341 0.19921 0.13696 0.15106 -0.22569 -0.029354 -0.20695 0.22696 0.16098 -0.083019 -0.20525 -0.028701 -0.28708 0.2334 0.15022 -0.16478 0.0061646 0.025505 -0.4418 0.22125 0.11672 -0.38545 0.031376 0.037997 -0.77452 0.11856 0.31067 -0.63731 0.093988 0.036755 -0.84412 0.14356 0.28597 -0.70332 -0.026206 -0.093754 0.58529
-0.18762 -0.0041704 0.28389 0.078221 0.026055 0.36088 -0.074946 -0.013243 0.40211 -0.014684 -0.0039431 0.066891 -0.047418 0.00041059 -0.057845 0.06027 0.00041059 -0.044304 -0.24214 0.010666 0.024195 0.20227 0.14668 0.15875 -0.22183 -0.042159 -0.20607 0.22823 0.17758 -0.074805 -0.19594 -0.045336 -0.28459 0.23366 0.17206 -0.15713 -0.003541 0.045858 -0.4426 0.18258 0.085001 -0.40438 0.020391 0.06598 -0.77503 0.095476 0.30128 -0.64393 0.081769 0.061246 -0.84553 0.11582 0.33707 -0.7287 -0.043816 -0.083276 0.58387
-0.19641 0.010383 0.28148 0.070332 0.027494 0.35837 -0.08477 -0.0021234 0.40037 -0.016822 -0.0016593 0.066481 -0.046285 -0.0015471 -0.058737 0.061012 -0.0015471 -0.043252 -0.25099 0.015809 0.021471 0.19681 0.137 0.15104 -0.22082 -0.053724 -0.2033 0.22085 0.16689 -0.082872 -0.19143 -0.063353 -0.28015 0.22749 0.167 -0.16528 -0.0089693 0.057643 -0.44235 0.1786 0.068994 -0.40811 0.015715 0.083818 -0.7743 0.085864 0.28929 -0.64336 0.075664 0.074866 -0.84562 0.11638 0.25135 -0.71178 -0.058439 -0.075486 0.58157
-0.2066 0.015361 0.27732 0.05969 0.02772 0.35511 -0.096387 0.0038774 0.39762 -0.018891 -0.00050427 0.065939 -0.044895 -0.0020604 -0.059791 0.062002 -0.0020604 -0.041777 -0.26341 0.013419 0.017499 0.16368 0.11294 0.12736 -0.22045 -0.07439 -0.19798 0.18803 0.14045 -0.10665 -0.19124 -0.096352 -0.2718 0.19517 0.14297 -0.18901 -0.017289 0.072828 -0.44113 0.17471 0.054139 -0.41051 0.0096332 0.10562 -0.77233 0.11065 0.2358 -0.67847 0.067494 0.093338 -0.84487 0.12417 0.14273 -0.73068 -0.071522 -0.072757 0.5777
-0.21608 0.014138 0.27328 0.048904 0.026486 0.35157 -0.10716 0.00468 0.39494 -0.020458 -0.00035686 0.065478 -0.043861 -0.0015996 -0.060571 0.063031 -0.0015996 -0.04025 -0.27478 0.00062322 0.014502 0.125 0.090955 0.10474 -0.22101 -0.10023 -0.19327 0.15201 0.12189 -0.12882 -0.19287 -0.13323 -0.26381 0.15847 0.12512 -0.21122 -0.024564 0.086377 -0.43989 0.16229 0.042236 -0.41474 0.0029153 0.12703 -0.77015 0.13676 0.17037 -0.72332 0.058344 0.1123 -0.84412 0.14513 0.10509 -0.77917 -0.081112 -0.073281 0.57427
-0.22004 0.012416 0.2719 0.044181 0.020151 0.34841 -0.1116 0.00045534 0.39377 -0.020992 -0.00081953 0.065308 -0.043794 -0.0011954 -0.060628 0.063446 -0.0011954 -0.03961 -0.27826 -0.020692 0.01483 0.10898 0.081771 0.097762 -0.22183 -0.12517 -0.19045 0.13738 0.11521 -0.13562 -0.19239 -0.16077 -0.25914 0.14345 0.11885 -0.21805 -0.025786 0.090283 -0.43918 0.15375 0.035513 -0.4172 9.3366e-05 0.13881 -0.7685 0.13343 0.13223 -0.7369 0.053111 0.12201 -0.8438 0.18485 0.12777 -0.80692 -0.084218 -0.077082 0.57308
-0.21962 -0.00056981 0.27176 0.044024 0.0064633 0.34563 -0.11108 -0.012414 0.39359 -0.020905 -0.0029846 0.065251 -0.04422 0.00026639 -0.060338 0.063566 0.00026639 -0.039412 -0.27746 -0.043543 0.015738 0.10203 0.073772 0.095391 -0.21683 -0.1575 -0.18272 0.12357 0.078308 -0.13929 -0.18549 -0.19325 -0.25033 0.13087 0.076672 -0.22153 -0.029416 0.095636 -0.43786 0.14601 0.016603 -0.4197 -0.00062493 0.14998 -0.76611 0.13576 0.090183 -0.74532 0.049477 0.13212 -0.84311 0.2036 0.072314 -0.80562 -0.081716 -0.091545 0.57189
-0.21522 -0.020501 0.27194 0.046893 -0.0046562 0.34283 -0.10674 -0.026653 0.3942 -0.020135 -0.0056209 0.065338 -0.04572 0.0023379 -0.059144 0.063402 0.0023379 -0.039624 -0.27122 -0.069028 0.016726 0.098542 0.06746 0.092202 -0.20216 -0.19133 -0.17427 0.11192 0.031481 -0.14214 -0.1684 -0.22783 -0.24037 0.12182 0.02186 -0.22374 -0.031295 0.10077 -0.43615 0.14039 0.0025238 -0.42183 -0.0086671 0.16758 -0.76253 0.15498 0.035426 -0.7534 0.03881 0.15022 -0.84131 0.22091 -0.019525 -0.79355 -0.072655 -0.108 0.57065
-0.20737 -0.033044 0.2729 0.053445 -0.0073633 0.34301 -0.099218 -0.03337 0.39565 -0.018648 -0.0069261 0.065652 -0.047762 0.0036028 -0.057448 0.062785 0.0036028 -0.040502 -0.26088 -0.089647 0.018745 0.10285 0.064303 0.091819 -0.18591 -0.20888 -0.17197 0.11255 0.006826 -0.13825 -0.15013 -0.24715 -0.23598 0.12482 -0.0091356 -0.21854 -0.019261 0.098618 -0.43464 0.13631 0.0085992 -0.42331 -0.023296 0.19404 -0.75472 0.17977 -0.024292 -0.75225 0.021927 0.17753 -0.83501 0.25588 -0.067853 -0.78727 -0.059843 -0.11645 0.5702
-0.19857 -0.027166 0.27604 0.066413 -0.015866 0.35398 -0.089694 -0.034194 0.39779 -0.017121 -0.0069789 0.066056 -0.046869 0.0031297 -0.058212 0.061697 0.0031297 -0.042173 -0.2583 -0.076788 0.022011 0.12096 0.052813 0.10311 -0.1921 -0.19248 -0.17377 0.12034 -0.016466 -0.12319 -0.15873 -0.23394 -0.23702 0.13271 -0.040206 -0.20129 0.014309 0.089878 -0.43271 0.12343 0.0074815 -0.42705 -0.02002 0.22599 -0.73503 0.19312 -0.0812 -0.74173 0.020924 0.2069 -0.81701 0.25767 -0.13436 -0.77699 -0.054256 -0.12344 0.57009
-0.19055 -0.023964 0.27864 0.076919 -0.021617 0.35993 -0.081082 -0.03435 0.39967 -0.01578 -0.0065747 0.066433 -0.04657 0.0026831 -0.058448 0.060131 0.0026831 -0.044402 -0.25606 -0.06519 0.02433 0.1345 0.047728 0.10988 -0.1953 -0.17679 -0.17571 0.12829 -0.025826 -0.11539 -0.16297 -0.22034 -0.23813 0.14169 -0.055153 -0.19161 0.040396 0.08266 -0.43012 0.10709 0.012983 -0.43112 -0.02192 0.24692 -0.71432 0.19723 -0.095546 -0.73363 0.016782 0.22547 -0.79671 0.24737 -0.1668 -0.77025 -0.04539 -0.12785 0.56959
-0.18488 -0.036692 0.27922 0.077891 -0.013663 0.34893 -0.075563 -0.03455 0.40076 -0.014522 -0.0062799 0.066748 -0.049494 0.0034825 -0.055945 0.058605 0.0034825 -0.046344 -0.24634 -0.082551 0.024747 0.13059 0.060311 0.099134 -0.17521 -0.18666 -0.17589 0.13038 -0.010348 -0.12712 -0.13845 -0.2285 -0.23701 0.14699 -0.037976 -0.20337 0.035742 0.084174 -0.42777 0.097856 0.038783 -0.43241 -0.049737 0.25226 -0.70349 0.20057 -0.059206 -0.73454 -0.0093066 0.2342 -0.78569 0.25476 -0.12461 -0.77505 -0.026465 -0.12542 0.56872
-0.18296 -0.034236 0.28214 0.077667 -0.0024236 0.34003 -0.071915 -0.026105 0.40199 -0.013219 -0.0057168 0.067068 -0.049593 0.0031854 -0.055913 0.058425 0.0031854 -0.046602 -0.24094 -0.079072 0.026513 0.13038 0.068504 0.089371 -0.17098 -0.17779 -0.17719 0.12353 -0.00072039 -0.13707 -0.13339 -0.21446 -0.24104 0.13855 -0.020397 -0.21575 0.024912 0.092721 -0.42775 0.098055 0.052719 -0.43139 -0.069622 0.26972 -0.69433 0.20248 -0.049 -0.73182 -0.031819 0.25915 -0.78081 0.2456 -0.11517 -0.7799 -0.018666 -0.1168 0.56892
-0.17822 -0.02323 0.28338 0.079039 0.0071407 0.33411 -0.067216 -0.015546 0.40341 -0.012205 -0.0045976 0.067345 -0.048092 0.0018884 -0.057266 0.058917 0.0018884 -0.046045 -0.24132 -0.056129 0.027392 0.13233 0.074971 0.082707 -0.18021 -0.15097 -0.18115 0.11422 0.0062333 -0.1434 -0.14559 -0.18122 -0.2499 0.12686 -0.0079537 -0.22395 0.019362 0.10346 -0.42757 0.1043 0.053234 -0.42972 -0.076654 0.29121 -0.68664 0.19906 -0.051447 -0.73226 -0.045436 0.2689 -0.7703 0.22323 -0.12525 -0.78529 -0.016903 -0.1082 0.57023
-0.17073 -0.018463 0.28404 0.083322 0.013501 0.33013 -0.060155 -0.010894 0.40467 -0.011576 -0.0032125 0.067536 -0.047738 0.00057802 -0.05759 0.059039 0.00057802 -0.045921 -0.24528 -0.03419 0.029486 0.13235 0.085155 0.078916 -0.19134 -0.12202 -0.18408 0.10919 0.017239 -0.14689 -0.15992 -0.14664 -0.2565 0.12317 0.00078003 -0.22673 0.013568 0.11017 -0.42667 0.11209 0.05165 -0.42866 -0.080609 0.30209 -0.68336 0.18771 -0.03072 -0.74325 -0.05688 0.2434 -0.75036 0.20248 -0.10756 -0.79496 -0.012862 -0.10121 0.57372
-0.17657 -0.010794 0.29923 0.094391 0.014522 0.34044 -0.053453 -0.0081046 0.40566 -0.010701 -0.002526 0.06771 -0.046554 -0.00077541 -0.058525 0.058917 -0.00077541 -0.046099 -0.25445 -0.01247 0.044968 0.14381 0.084956 0.088966 -0.21795 -0.085502 -0.17719 0.10909 0.014097 -0.13525 -0.18935 -0.10531 -0.25227 0.12334 -0.0053389 -0.2144 -0.0082943 0.10591 -0.43143 0.11919 0.049627 -0.42804 -0.085066 0.31047 -0.68337 0.17007 -0.0028011 -0.75368 -0.070581 0.23273 -0.73655 0.17701 -0.080643 -0.80504 -0.017665 -0.08667 0.58255
-0.18192 -0.0042499 0.31132 0.10276 0.012893 0.34777 -0.048469 -0.0080726 0.40629 -0.010138 -0.0018934 0.067817 -0.045129 -0.0018376 -0.059631 0.057744 -0.0018376 -0.047491 -0.25945 0.0055003 0.057314 0.15636 0.079664 0.096124 -0.24323 -0.047509 -0.1732 0.13177 0.019874 -0.13096 -0.21696 -0.060946 -0.25041 0.14801 -0.00048873 -0.2094 -0.035488 0.082869 -0.4399 0.1222 0.05367 -0.42772 -0.094388 0.3032 -0.68401 0.14644 0.030617 -0.76021 -0.0871 0.22215 -0.72945 0.14329 -0.047903 -0.81092 -0.021775 -0.076164 0.58969
-0.17425 -0.0043822 0.30569 0.10124 0.015062 0.33907 -0.045526 -0.009665 0.40659 -0.010022 -0.0010847 0.067854 -0.04453 -0.0021255 -0.060066 0.055885 -0.0021255 -0.049663 -0.2551 0.013931 0.053171 0.15366 0.082838 0.087451 -0.25117 -0.02041 -0.18131 0.17668 0.054177 -0.14599 -0.22711 -0.025096 -0.26025 0.19639 0.034689 -0.22386 -0.050813 0.043693 -0.447 0.12435 0.065156 -0.42719 -0.10954 0.27182 -0.68377 0.11671 0.073172 -0.76119 -0.10315 0.1878 -0.7243 0.11134 -0.0056784 -0.81098 -0.014782 -0.077248 0.58943
-0.16828 -0.0058533 0.30017 0.097812 0.027731 0.33285 -0.04439 -0.0043917 0.4068 -0.0089732 -0.0015971 0.067982 -0.044162 -0.0014737 -0.060349 0.056146 -0.0014737 -0.049399 -0.25217 0.011365 0.048497 0.13599 0.10161 0.080113 -0.25414 -0.012094 -0.18735 0.20359 0.09307 -0.14773 -0.23318 -0.0087288 -0.26741 0.21846 0.074763 -0.22726 -0.050026 0.0076835 -0.45022 0.13502 0.075183 -0.42487 -0.12304 0.23439 -0.68411 0.083463 0.12016 -0.75158 -0.11147 0.14944 -0.7218 0.10665 0.045949 -0.80775 -0.0038908 -0.074267 0.58669
-0.16484 -0.002089 0.29825 0.097699 0.04148 0.33171 -0.042778 0.0051172 0.40696 -0.0079373 -0.0017802 0.068115 -0.044215 -0.0010074 -0.060325 0.057512 -0.0010074 -0.04782 -0.25281 0.015872 0.048127 0.14267 0.12332 0.083438 -0.25576 -0.0026106 -0.18812 0.22855 0.1111 -0.13684 -0.23997 0.0090772 -0.26836 0.24331 0.08709 -0.21411 -0.034927 -0.022329 -0.44931 0.11425 0.10192 -0.41781 -0.11842 0.19658 -0.68709 0.063379 0.16122 -0.74127 -0.10249 0.11218 -0.72427 0.12589 0.12696 -0.79703 0.0049701 -0.069427 0.58326
-0.16017 0.0067194 0.29717 0.10171 0.04492 0.33139 -0.03918 0.011396 0.40717 -0.0075483 -0.0008375 0.068177 -0.044726 -0.0012832 -0.059941 0.058141 -0.0012832 -0.047044 -0.25375 0.034389 0.049974 0.18884 0.13072 0.095839 -0.25434 0.01833 -0.18648 0.26652 0.09701 -0.12537 -0.24412 0.038724 -0.26592 0.29252 0.059416 -0.1939 -0.011886 -0.048219 -0.44544 0.057095 0.13763 -0.4104 -0.092186 0.1593 -0.69412 0.067015 0.17485 -0.74102 -0.077105 0.075243 -0.73243 0.14518 0.19191 -0.79053 0.0095395 -0.069559 0.58034
-0.15512 0.0099334 0.29724 0.10705 0.036964 0.33105 -0.034543 0.0087579 0.40771 -0.0063814 -0.0014506 0.068277 -0.044939 -0.0011303 -0.059789 0.058018 -0.0011303 -0.047194 -0.2512 0.043472 0.051629 0.22686 0.11733 0.10714 -0.24864 0.026925 -0.18479 0.29003 0.062308 -0.11481 -0.23902 0.052214 -0.26297 0.31998 0.015203 -0.17656 0.010368 -0.065922 -0.44034 0.040599 0.12509 -0.41617 -0.06549 0.12446 -0.70547 0.080543 0.13855 -0.74958 -0.052262 0.040311 -0.74429 0.13469 0.1135 -0.8156 0.011919 -0.073915 0.58071
-0.14843 0.0029159 0.2982 0.11372 0.025623 0.33117 -0.027517 -0.0029529 0.40823 -0.0053628 -0.0031157 0.068319 -0.04537 -0.00055104 -0.059462 0.057893 -0.00055104 -0.047364 -0.24661 0.037423 0.053637 0.24811 0.10325 0.11558 -0.24008 0.018136 -0.18248 0.30669 0.028668 -0.10144 -0.2286 0.043707 -0.26033 0.3388 -0.022553 -0.15753 0.034455 -0.071877 -0.43416 0.045596 0.10924 -0.421 -0.039164 0.076483 -0.72254 0.064201 0.12558 -0.7527 -0.026122 -0.006646 -0.76354 0.098808 0.055972 -0.78762 0.018487 -0.08241 0.58281
-0.14024 -0.010303 0.29876 0.12105 0.0183 0.3319 -0.019024 -0.01686 0.40841 -0.0051724 -0.0044552 0.068257 -0.046478 -9.3697e-05 -0.058603 0.057923 -9.3697e-05 -0.04733 -0.24244 0.0245 0.055884 0.25935 0.10225 0.12107 -0.23107 0.0014354 -0.17972 0.32435 0.0098804 -0.087199 -0.21761 0.022815 -0.25852 0.36341 -0.043153 -0.13705 0.060046 -0.072194 -0.42653 0.039404 0.12548 -0.41575 -0.011463 0.016308 -0.7396 0.014223 0.16858 -0.74533 0.003079 -0.064214 -0.78511 0.055252 0.12446 -0.68398 0.029878 -0.092152 0.58406
-0.13421 -0.018442 0.29709 0.1255 0.015645 0.33257 -0.014508 -0.021269 0.40847 -0.0046321 -0.0051911 0.068242 -0.047872 -8.6961e-05 -0.057501 0.057142 -8.6961e-05 -0.048264 -0.23903 0.018623 0.055654 0.26183 0.1017 0.12113 -0.22368 -0.0080318 -0.17934 0.32847 0.00096748 -0.082921 -0.20571 0.0048676 -0.25881 0.37049 -0.053057 -0.12976 0.075638 -0.082058 -0.4181 0.035543 0.1307 -0.41516 0.010859 -0.024036 -0.74278 -0.011344 0.18715 -0.74176 0.026476 -0.10258 -0.7907 0.019847 0.1556 -0.63963 0.036531 -0.09627 0.58365
-0.13187 -0.020693 0.2946 0.12656 0.016373 0.33462 -0.014358 -0.021269 0.4084 -0.0042385 -0.0055844 0.068238 -0.050156 0.00022527 -0.055463 0.055914 0.00022527 -0.049684 -0.23583 0.019247 0.053254 0.26365 0.095863 0.12131 -0.21989 -0.0091587 -0.18151 0.32941 -0.009149 -0.080712 -0.19869 -0.0014142 -0.26119 0.36823 -0.061861 -0.13101 0.078393 -0.081895 -0.41404 0.026684 0.14048 -0.41196 0.039419 -0.05649 -0.74302 -0.024076 0.20385 -0.73567 0.056175 -0.1351 -0.792 0.013412 0.16445 -0.67938 0.038271 -0.096762 0.58289
-0.13227 -0.019243 0.29278 0.12571 0.015775 0.33731 -0.016473 -0.022628 0.40826 -0.0044597 -0.0058694 0.068199 -0.052849 0.0010427 -0.052912 0.054865 0.0010427 -0.05083 -0.23137 0.022703 0.049738 0.26879 0.086653 0.12485 -0.21934 -0.0041616 -0.18543 0.33318 -0.021146 -0.07619 -0.19682 0.0037505 -0.26467 0.36666 -0.07274 -0.13145 0.073261 -0.06419 -0.41585 0.0087922 0.16712 -0.40042 0.069954 -0.087496 -0.74841 -0.039412 0.24296 -0.72206 0.086141 -0.16548 -0.7986 0.029389 0.19489 -0.74932 0.036839 -0.096467 0.58325
-0.13294 -0.014349 0.29136 0.12501 0.0075745 0.33668 -0.018774 -0.022099 0.40823 -0.0047154 -0.0059493 0.06818 -0.0537 0.0012706 -0.052079 0.054143 0.0012706 -0.051598 -0.22413 0.028922 0.045473 0.27123 0.080446 0.12695 -0.21885 0.0071508 -0.19044 0.32662 -0.021571 -0.079472 -0.19077 0.011881 -0.2679 0.35932 -0.079011 -0.12934 0.068597 -0.05418 -0.41827 -0.0027436 0.18469 -0.39012 0.071794 -0.092783 -0.75001 -0.039352 0.27096 -0.70985 0.082002 -0.16578 -0.80077 0.024272 0.21975 -0.77093 0.031263 -0.094147 0.5849
-0.13532 -0.0084826 0.29107 0.12379 0.001962 0.33639 -0.021603 -0.019101 0.40816 -0.0051048 -0.0055911 0.06817 -0.053511 0.00092185 -0.052247 0.053891 0.00092185 -0.051858 -0.21805 0.032674 0.041862 0.268 0.075023 0.1255 -0.21899 0.015978 -0.19456 0.31862 -0.021447 -0.085064 -0.18665 0.01888 -0.27068 0.35074 -0.078119 -0.13518 0.058772 -0.035645 -0.42363 0.003315 0.20624 -0.3814 0.068309 -0.083011 -0.7555 -0.044732 0.30367 -0.69873 0.08184 -0.17009 -0.80553 -0.0028826 0.26492 -0.76886 0.024676 -0.090285 0.58622
-0.13878 -0.0040843 0.2919 0.12206 0.0036686 0.33818 -0.024341 -0.015997 0.40815 -0.0055549 -0.0050219 0.068181 -0.053555 0.00046247 -0.052213 0.05389 0.00046247 -0.051867 -0.21412 0.03144 0.039497 0.26155 0.068903 0.12157 -0.2193 0.017395 -0.19702 0.31566 -0.023212 -0.089987 -0.18761 0.023854 -0.27314 0.34444 -0.06843 -0.15261 0.041949 0.0086432 -0.43003 0.019126 0.20094 -0.38607 0.086613 -0.033121 -0.75964 -0.05572 0.33422 -0.68427 0.097878 -0.1204 -0.80756 -0.026769 0.31163 -0.76969 0.020325 -0.086987 0.5867
-0.13981 -0.00060307 0.29207 0.12047 0.0038984 0.33727 -0.025635 -0.014378 0.40845 -0.0057234 -0.0046617 0.068247 -0.05378 0.00010999 -0.052019 0.053779 0.00010999 -0.052031 -0.20835 0.029658 0.036977 0.25683 0.067748 0.1181 -0.2167 0.016051 -0.19956 0.3082 -0.0046576 -0.10181 -0.18613 0.027418 -0.27563 0.33507 -0.043444 -0.171 0.026825 0.072266 -0.42652 0.021056 0.097636 -0.42311 0.12524 0.12272 -0.73386 -0.036649 0.31603 -0.66282 0.083739 0.1318 -0.77953 -0.022701 0.27844 -0.74917 0.01728 -0.085462 0.58746
-0.14759 0.011717 0.28922 0.10944 0.011907 0.33198 -0.03504 0.0013502 0.40737 -0.0074536 -0.0020528 0.068098 -0.052656 -0.0011975 -0.053073 0.055378 -0.0011975 -0.050216 -0.20903 0.032492 0.031529 0.24228 0.083811 0.11337 -0.21412 0.011457 -0.20439 0.28871 0.047751 -0.11584 -0.18745 0.028617 -0.28065 0.31351 0.022277 -0.18944 0.0076865 0.14192 -0.4106 0.030958 0.077248 -0.42797 0.16347 0.27899 -0.6775 -0.041973 0.3259 -0.6368 0.097745 0.31131 -0.72517 -0.038721 0.26676 -0.70493 0.0035498 -0.075381 0.58487
-0.1622 0.028326 0.28432 0.090475 0.027381 0.32452 -0.051765 0.026854 0.40495 -0.010565 0.00214 0.067728 -0.05033 -0.003335 -0.055222 0.05893 -0.003335 -0.045933 -0.21719 0.035284 0.024381 0.21848 0.11052 0.10695 -0.21121 -0.00074184 -0.20976 0.26286 0.11435 -0.12572 -0.19034 0.021853 -0.2865 0.28484 0.11125 -0.20513 -0.010526 0.17749 -0.3986 0.058907 0.18372 -0.38622 0.17256 0.34659 -0.6225 -0.080707 0.37777 -0.61807 0.14486 0.28193 -0.67672 -0.080396 0.30267 -0.66996 -0.020398 -0.06061 0.57893
-0.169 0.02839 0.282 0.08027 0.031317 0.31898 -0.059786 0.031449 0.4038 -0.011926 0.0030611 0.067522 -0.049139 -0.0042939 -0.056274 0.061876 -0.0042939 -0.041841 -0.22102 0.025456 0.021312 0.2057 0.11834 0.1013 -0.20265 -0.023899 -0.20984 0.24832 0.14542 -0.13057 -0.18242 -0.00013493 -0.28651 0.27003 0.15335 -0.21062 -0.0085829 0.13029 -0.41707 0.08009 0.20411 -0.37384 0.1364 0.35112 -0.61179 -0.077198 0.36728 -0.62206 0.13319 0.26609 -0.67055 -0.080473 0.26758 -0.68405 -0.036604 -0.062524 0.57578
-0.17324 0.029447 0.28109 0.070553 0.022985 0.31132 -0.064162 0.030526 0.40296 -0.012821 0.0032921 0.067291 -0.047577 -0.0037947 -0.057562 0.063663 -0.0037947 -0.039078 -0.2252 0.018532 0.020637 0.19832 0.1057 0.093455 -0.19598 -0.043964 -0.20607 0.24044 0.14141 -0.13692 -0.17351 -0.024926 -0.28331 0.26489 0.15323 -0.2148 -0.0066362 0.083885 -0.43657 0.089275 0.19493 -0.37363 0.11827 0.35947 -0.59228 -0.069019 0.33586 -0.63113 0.11762 0.2887 -0.64844 -0.074579 0.29332 -0.64 -0.050588 -0.064872 0.57504
-0.17819 0.033417 0.28015 0.056812 0.0087064 0.30062 -0.069167 0.031707 0.40209 -0.014104 0.0041454 0.067002 -0.045217 -0.0028076 -0.059514 0.064258 -0.0028076 -0.038185 -0.23067 0.011911 0.020467 0.1884 0.086444 0.083148 -0.19111 -0.064222 -0.20046 0.23085 0.12364 -0.14702 -0.16542 -0.054937 -0.27851 0.25933 0.13819 -0.22326 -0.016775 0.082269 -0.439 0.10265 0.19556 -0.37207 0.11482 0.35633 -0.58386 -0.06574 0.32453 -0.63031 0.11145 0.27712 -0.63294 -0.069293 0.37138 -0.55143 -0.064139 -0.062637 0.57526
-0.17744 0.013827 0.27994 0.048572 -0.0062278 0.29231 -0.069688 0.017215 0.40278 -0.0144 0.0026986 0.067002 -0.044291 -0.0026021 -0.060229 0.063511 -0.0026021 -0.039424 -0.22858 -0.022864 0.021786 0.17749 0.07606 0.075067 -0.17624 -0.10947 -0.19245 0.21829 0.11167 -0.15568 -0.14454 -0.11244 -0.26884 0.24965 0.12537 -0.23103 -0.025634 0.07277 -0.44182 0.14299 0.1289 -0.39328 0.038687 0.24759 -0.69242 -0.010725 0.30788 -0.62634 0.039859 0.16557 -0.73901 -0.009397 0.27661 -0.59586 -0.066989 -0.076036 0.57657
-0.17391 -0.012727 0.2803 0.045203 -0.023675 0.2862 -0.066738 -0.0041057 0.40382 -0.013987 -0.00026916 0.067186 -0.044839 -0.0020487 -0.059849 0.062137 -0.0020487 -0.041595 -0.22223 -0.066177 0.024335 0.17044 0.06489 0.068863 -0.1575 -0.16412 -0.18176 0.21022 0.096931 -0.16256 -0.1204 -0.18138 -0.25347 0.24412 0.10774 -0.23721 -0.031625 0.059491 -0.4447 0.17776 0.069097 -0.40942 -0.024177 0.14035 -0.78067 0.046668 0.26677 -0.6444 -0.015237 0.058194 -0.82433 0.050126 0.15877 -0.68142 -0.065695 -0.095576 0.57873
-0.16514 -0.037763 0.28095 0.048382 -0.038396 0.28177 -0.058709 -0.023173 0.40436 -0.012373 -0.0040611 0.067358 -0.04667 -0.00026561 -0.05846 0.06091 -0.00026561 -0.043416 -0.2052 -0.10718 0.027486 0.16684 0.057373 0.063874 -0.12435 -0.21341 -0.16841 0.20627 0.086976 -0.16794 -0.083352 -0.24188 -0.23433 0.24213 0.096977 -0.24179 -0.038291 0.052763 -0.44456 0.1853 0.062971 -0.40759 -0.038404 0.12331 -0.77207 0.073565 0.20821 -0.68643 -0.022079 0.041109 -0.81382 0.079129 0.12271 -0.72782 -0.055028 -0.11235 0.58033
-0.14333 -0.072931 0.28189 0.063264 -0.038407 0.27992 -0.041362 -0.040249 0.40499 -0.0083285 -0.008884 0.067434 -0.049744 0.0021447 -0.055759 0.060238 0.0021447 -0.044275 -0.16353 -0.1569 0.030783 0.16088 0.075119 0.060899 -0.054812 -0.25597 -0.15438 0.19678 0.10794 -0.17103 -0.0084859 -0.28444 -0.21669 0.23205 0.12284 -0.24426 -0.048331 0.047341 -0.44285 0.1781 0.068847 -0.40921 -0.076283 0.16481 -0.7504 0.10029 0.16122 -0.72292 -0.050665 0.091026 -0.80117 0.11783 0.086419 -0.76788 -0.018866 -0.12806 0.57973
-0.12363 -0.09675 0.28341 0.078037 -0.033153 0.2795 -0.025221 -0.049409 0.40551 -0.0047434 -0.011521 0.067499 -0.05178 0.0034478 -0.053928 0.060017 0.0034478 -0.044534 -0.12576 -0.18912 0.034023 0.15612 0.094518 0.059481 -0.0010654 -0.27328 -0.14943 0.18843 0.13119 -0.17244 0.048692 -0.2987 -0.21044 0.22224 0.15108 -0.2453 -0.056131 0.044687 -0.44158 0.16598 0.07419 -0.41311 -0.1036 0.15102 -0.75405 0.15825 0.1295 -0.7396 -0.069081 0.084894 -0.811 0.18675 0.054042 -0.79025 0.011466 -0.13397 0.58018
-0.11401 -0.10047 0.28511 0.083653 -0.027762 0.27811 -0.015912 -0.049906 0.40586 -0.0030424 -0.01121 0.067609 -0.053124 0.0033945 -0.052556 0.059312 0.0033945 -0.045452 -0.10805 -0.19459 0.036595 0.1553 0.1018 0.057335 0.01616 -0.2692 -0.15098 0.18615 0.13978 -0.17456 0.066029 -0.29333 -0.21238 0.219 0.16146 -0.2473 -0.063962 0.047876 -0.43967 0.15617 0.078393 -0.41551 -0.10219 0.10307 -0.76681 0.22583 0.11606 -0.73965 -0.062583 0.039229 -0.82266 0.2567 0.04436 -0.79143 0.023878 -0.12914 0.58209
-0.10791 -0.099075 0.28598 0.082009 -0.017918 0.2745 -0.0097108 -0.047868 0.40629 -0.0018596 -0.010638 0.067731 -0.056774 0.003432 -0.048507 0.057028 0.003432 -0.048238 -0.099969 -0.19327 0.03762 0.15639 0.108 0.052648 0.02885 -0.2711 -0.14527 0.18667 0.14665 -0.17921 0.078088 -0.2923 -0.2082 0.21877 0.1691 -0.25203 -0.082043 0.057829 -0.43359 0.15208 0.082792 -0.41784 -0.10567 0.16161 -0.74719 0.24093 0.12737 -0.73785 -0.06681 0.10008 -0.80592 0.2696 0.056245 -0.7909 0.038453 -0.12304 0.5821
-0.10653 -0.095331 0.28618 0.082886 -0.01259 0.27534 -0.0090739 -0.043318 0.40683 -0.001282 -0.0099596 0.067863 -0.060708 0.0034008 -0.043597 0.054826 0.0034008 -0.050794 -0.1021 -0.18926 0.037497 0.15545 0.11321 0.052702 0.028329 -0.26927 -0.14355 0.1853 0.15243 -0.17912 0.076976 -0.2884 -0.20765 0.21663 0.17528 -0.25217 -0.10301 0.069549 -0.42544 0.14602 0.089622 -0.41981 -0.12168 0.20047 -0.73277 0.22722 0.14745 -0.73809 -0.087243 0.13956 -0.79499 0.2543 0.075576 -0.79183 0.046685 -0.11488 0.58197
-0.10967 -0.087382 0.2857 0.086754 -0.012126 0.28027 -0.013096 -0.036234 0.4074 -0.0015316 -0.008821 0.06801 -0.062819 0.0030095 -0.040494 0.053405 0.0030095 -0.052287 -0.11564 -0.1789 0.036214 0.15497 0.11563 0.057387 0.0076086 -0.2575 -0.15034 0.18484 0.15493 -0.17442 0.055841 -0.27672 -0.21471 0.21564 0.1775 -0.24777 -0.11763 0.080828 -0.41849 0.13808 0.094126 -0.42171 -0.14215 0.17245 -0.73861 0.21977 0.15709 -0.73927 -0.11353 0.11008 -0.80227 0.24625 0.084986 -0.79277 0.044252 -0.10516 0.58311
-0.11407 -0.074512 0.28515 0.085293 -0.0070459 0.2813 -0.015936 -0.02882 0.40791 -0.0022908 -0.0073739 0.068157 -0.062952 0.002358 -0.04033 0.051623 0.002358 -0.054092 -0.13774 -0.15841 0.034221 0.16265 0.11486 0.058331 -0.025546 -0.24368 -0.15634 0.19395 0.15321 -0.17344 0.022441 -0.26312 -0.22084 0.22496 0.17427 -0.24715 -0.12187 0.092904 -0.41484 0.13652 0.088146 -0.42472 -0.15371 0.17397 -0.73763 0.23135 0.14695 -0.73934 -0.13123 0.11084 -0.80295 0.25448 0.074151 -0.79334 0.038161 -0.096895 0.58545
-0.12079 -0.064451 0.29038 0.085189 -0.0039165 0.28092 -0.015035 -0.024448 0.40822 -0.0024393 -0.0066847 0.068225 -0.062838 0.0015808 -0.040529 0.04856 0.0015808 -0.056841 -0.16207 -0.13598 0.037487 0.1767 0.10896 0.057985 -0.065661 -0.22884 -0.15803 0.21012 0.14587 -0.17373 -0.018053 -0.24692 -0.22316 0.2417 0.16484 -0.24778 -0.11865 0.10117 -0.41325 0.13449 0.082287 -0.42839 -0.15479 0.18888 -0.73295 0.24328 0.13484 -0.73984 -0.13812 0.12559 -0.79989 0.26198 0.061925 -0.79559 0.024458 -0.083551 0.59121
-0.13208 -0.067184 0.3086 0.097286 -0.013753 0.28452 -0.0087833 -0.026772 0.4082 -0.00064802 -0.0080592 0.068119 -0.064692 0.00081642 -0.03754 0.043379 0.00081642 -0.060932 -0.18139 -0.12305 0.053461 0.19266 0.095585 0.061817 -0.10808 -0.21198 -0.15363 0.22773 0.1314 -0.16982 -0.061362 -0.22556 -0.2205 0.25967 0.14869 -0.24412 -0.11266 0.099417 -0.4116 0.12099 0.092249 -0.43182 -0.14709 0.16886 -0.73638 0.22873 0.14576 -0.7433 -0.1353 0.10509 -0.80387 0.24512 0.074914 -0.80223 -0.003911 -0.055966 0.60324
