-0.15107 0.011156 0.31958 0.12726 -0.013191 0.34913 -0.02308 -0.042227 0.40632 -0.004441 -0.010955 0.067571 -0.05311 0.0028723 -0.052594 0.056363 0.0028723 -0.049092 -0.20896 0.079795 0.069407 0.27368 0.031203 0.13178 -0.25971 0.046859 -0.15974 0.35067 -0.16969 0.032365 -0.27162 0.050828 -0.24148 0.40364 -0.22795 0.0070865 -0.045456 0.080911 -0.43443 0.12121 0.047631 -0.43085 0.0080448 0.20113 -0.7413 0.18034 0.088156 -0.75696 -0.037217 0.16235 -0.66913 0.18854 0.010248 -0.80818 -0.01639 -0.10696 0.59254
-0.1439 0.0072125 0.32443 0.13954 -0.0030826 0.3464 -0.0090103 -0.033249 0.40772 -0.0025333 -0.0091056 0.067944 -0.053749 0.0014234 -0.052002 0.056324 0.0014234 -0.049206 -0.30193 0.035741 0.10703 0.35457 -0.052135 0.19294 -0.48017 -0.0061247 -0.048354 0.51502 -0.22068 0.15037 -0.54019 -0.013733 -0.10521 0.59196 -0.25315 0.14468 -0.033047 0.075079 -0.43422 0.10407 0.06299 -0.43116 0.01859 0.1762 -0.74822 0.15315 0.10675 -0.75853 0.036161 0.10306 -0.80058 0.16265 0.030414 -0.81187 -0.0097396 -0.094243 0.59532
-0.14979 -0.0028109 0.33006 0.1446 -0.012014 0.35198 -0.0080689 -0.025532 0.40834 -0.0019417 -0.0070263 0.068205 -0.053049 0.00015607 -0.052729 0.053947 0.00015607 -0.051803 -0.39111 -0.099149 0.31261 0.35951 -0.15795 0.3889 -0.58687 -0.22116 0.34169 0.55601 -0.28916 0.42442 -0.66357 -0.2511 0.34546 0.60635 -0.32569 0.4767 -0.043038 0.069705 -0.43613 0.078944 0.069557 -0.43453 0.0058228 0.16234 -0.75318 0.11605 0.11668 -0.76299 0.023198 0.096909 -0.81954 0.11997 0.04226 -0.8196 -0.0084429 -0.078363 0.59841
-0.1551 -0.0086507 0.33846 0.14884 -0.021011 0.36053 -0.0077532 -0.021733 0.4086 -0.0018985 -0.0061908 0.0683 -0.05251 -1.6877e-05 -0.053289 0.052977 -1.6877e-05 -0.052829 -0.34387 -0.17187 0.43621 0.29663 -0.20496 0.4863 -0.49763 -0.32532 0.54168 0.41023 -0.35551 0.62092 -0.54794 -0.35724 0.59966 0.44609 -0.38665 0.68999 -0.0508 0.065335 -0.43759 0.068052 0.072916 -0.43548 -0.0047752 0.15466 -0.75601 0.095382 0.12162 -0.7647 0.014432 0.099477 -0.82855 0.09556 0.047963 -0.82249 -0.0067612 -0.067785 0.60039
-0.16151 -0.012607 0.35796 0.15514 -0.030192 0.39065 -0.0059175 -0.010205 0.40912 -0.0013605 -0.0027363 0.068524 -0.054763 -0.0028632 -0.050871 0.055253 -0.0028632 -0.050332 -0.25346 -0.20225 0.52806 0.23417 -0.22268 0.55816 -0.29488 -0.38997 0.6587 0.26428 -0.39286 0.73571 -0.30082 -0.44565 0.71822 0.28635 -0.44048 0.79855 -0.064434 0.064938 -0.43458 0.063081 0.079433 -0.43126 -0.02453 0.14982 -0.75504 0.076073 0.13135 -0.76081 -0.0149 0.087453 -0.82411 0.071335 0.05727 -0.81778 -0.0051376 -0.054079 0.60152
-0.15525 -0.023709 0.32972 0.14288 -0.051583 0.36555 -0.012234 -0.024735 0.40823 -0.0023726 -0.0053739 0.068323 -0.052753 -6.1813e-05 -0.052965 0.053444 -6.1813e-05 -0.052271 -0.14688 -0.27734 0.35976 0.13953 -0.28908 0.4761 -0.11754 -0.42716 0.54934 -0.0036913 -0.41606 0.58889 -0.11247 -0.48363 0.60828 0.009346 -0.46172 0.65695 -0.066866 0.059922 -0.43788 0.065934 0.073618 -0.43481 -0.037048 0.13815 -0.76112 0.074144 0.13104 -0.76367 -0.03433 0.071481 -0.82687 0.069208 0.056667 -0.82031 -0.0070658 -0.054994 0.60296
-0.15681 -0.075858 0.34022 0.14792 -0.085845 0.38154 -0.0097111 -0.054759 0.40584 -0.0011774 -0.0098716 0.067897 -0.053144 0.003584 -0.052543 0.052293 0.003584 -0.053403 -0.03395 -0.31187 0.34885 0.094916 -0.34291 0.43926 0.12576 -0.3844 0.49049 -0.057539 -0.51712 0.53341 0.13681 -0.44486 0.55321 -0.059227 -0.56729 0.59855 -0.076698 0.050619 -0.43875 0.056517 0.074538 -0.43663 -0.059157 0.12967 -0.76268 0.05609 0.13609 -0.76478 -0.052654 0.06356 -0.82858 0.055641 0.062453 -0.82252 -0.0099479 -0.080115 0.60158
-0.12318 -0.087445 0.37216 0.19274 -0.094953 0.41113 0.034305 -0.053083 0.40364 0.0040245 -0.010829 0.067588 -0.056566 0.0042948 -0.048736 0.050901 0.0042948 -0.054614 -0.0078391 -0.32022 0.4205 0.08698 -0.32833 0.47261 0.21749 -0.36557 0.49886 -0.086085 -0.35459 0.57849 0.26446 -0.36746 0.55317 -0.10324 -0.41369 0.63413 -0.078202 0.050728 -0.43513 0.05429 0.077812 -0.4374 -0.060199 0.13617 -0.7574 0.054103 0.14277 -0.76492 -0.056172 0.068515 -0.82189 0.055519 0.069498 -0.82315 0.016851 -0.083196 0.59772
-0.093863 -0.079421 0.37615 0.21988 -0.096419 0.41574 0.064492 -0.048094 0.40154 0.0081307 -0.011062 0.067229 -0.058532 0.0045571 -0.046366 0.049394 0.0045571 -0.056 -0.014882 -0.32956 0.42663 0.076455 -0.31368 0.47812 0.20636 -0.36925 0.49576 -0.13174 -0.2151 0.58169 0.27318 -0.33483 0.53986 -0.15994 -0.27116 0.63534 -0.075266 0.053497 -0.43273 0.05724 0.077072 -0.43892 -0.053826 0.14266 -0.7538 0.061217 0.14481 -0.76586 -0.054088 0.073594 -0.81702 0.062581 0.071678 -0.82426 0.044282 -0.078523 0.59542
-0.083683 -0.082588 0.36492 0.23089 -0.09765 0.40652 0.073749 -0.053776 0.39873 0.010705 -0.011774 0.066714 -0.05991 0.0051103 -0.044481 0.0486 0.0051103 -0.056623 0.025103 -0.31455 0.43287 0.049005 -0.28468 0.44528 0.24674 -0.35795 0.50631 -0.12748 -0.23589 0.58617 0.31142 -0.33324 0.54949 -0.17053 -0.28212 0.64061 -0.076479 0.053824 -0.43087 0.056148 0.076739 -0.43971 -0.05486 0.1451 -0.75131 0.060294 0.14661 -0.76619 -0.056039 0.075703 -0.81409 0.062037 0.073856 -0.82505 0.057408 -0.084071 0.59288
-0.071798 -0.07989 0.3576 0.24359 -0.093957 0.39535 0.084926 -0.054259 0.39671 0.012384 -0.012261 0.066352 -0.060977 0.0054838 -0.042982 0.047888 0.0054838 -0.057201 0.058122 -0.2957 0.44343 0.027135 -0.24753 0.42253 0.27008 -0.35689 0.52969 -0.13907 -0.21619 0.59122 0.33953 -0.33153 0.56694 -0.16803 -0.26615 0.64754 -0.076634 0.054645 -0.42935 0.055772 0.075996 -0.44049 -0.053813 0.14797 -0.74914 0.061395 0.14762 -0.76657 -0.056262 0.078253 -0.81155 0.063545 0.075271 -0.82591 0.068939 -0.079834 0.59204
-0.083918 -0.085924 0.35351 0.23188 -0.093828 0.39231 0.071773 -0.061796 0.39797 0.012591 -0.01256 0.066248 -0.060731 0.0058034 -0.043278 0.047839 0.0058034 -0.057208 0.044306 -0.30422 0.43429 0.0085922 -0.23536 0.41928 0.25135 -0.35232 0.54 -0.15643 -0.18914 0.58218 0.324 -0.32464 0.56834 -0.16147 -0.24908 0.64068 -0.078035 0.054484 -0.42964 0.054636 0.075386 -0.44069 -0.055725 0.14861 -0.74922 0.06083 0.14803 -0.76653 -0.058438 0.07861 -0.81129 0.063804 0.076042 -0.82629 0.058735 -0.10758 0.58861
-0.11282 -0.088652 0.34208 0.19872 -0.087254 0.38445 0.037545 -0.067447 0.40163 0.012655 -0.012848 0.066189 -0.059805 0.0063166 -0.044475 0.048041 0.0063166 -0.056982 0.0029009 -0.31856 0.40544 -0.014969 -0.24058 0.41804 0.19267 -0.37319 0.53292 -0.16455 -0.19613 0.59744 0.26286 -0.34235 0.56333 -0.17339 -0.25286 0.65584 -0.079154 0.054889 -0.43074 0.053679 0.075761 -0.44051 -0.057892 0.14959 -0.75022 0.059718 0.14907 -0.7662 -0.060238 0.079365 -0.81206 0.063081 0.077274 -0.82612 0.035425 -0.15169 0.57983
-0.14305 -0.084003 0.33711 0.16522 -0.07676 0.38306 0.0042707 -0.053019 0.40468 0.011415 -0.012216 0.066519 -0.059255 0.006615 -0.045185 0.048437 0.006615 -0.05662 -0.033747 -0.32481 0.38361 0.0012047 -0.27419 0.45647 0.12612 -0.43077 0.52615 -0.17343 -0.23588 0.61142 0.19332 -0.40193 0.56656 -0.17514 -0.29506 0.67189 -0.080861 0.053465 -0.43159 0.053605 0.074596 -0.44041 -0.060915 0.14781 -0.75127 0.059554 0.14848 -0.76598 -0.062532 0.077213 -0.81274 0.064064 0.076688 -0.82597 0.032155 -0.1747 0.56236
-0.144 -0.061466 0.3262 0.15159 -0.06717 0.36823 -0.0050576 -0.049597 0.40533 0.0081061 -0.011845 0.067088 -0.057778 0.007063 -0.046951 0.04981 0.007063 -0.055349 -0.075142 -0.30396 0.38506 0.077188 -0.29075 0.4877 0.051034 -0.44006 0.52961 -0.12032 -0.30465 0.60547 0.11087 -0.43419 0.58387 -0.13948 -0.35289 0.66451 -0.079078 0.059371 -0.43256 0.054723 0.075546 -0.43905 -0.057094 0.15448 -0.75185 0.062238 0.1492 -0.76464 -0.06078 0.08443 -0.81375 0.062664 0.077505 -0.82457 0.014016 -0.14564 0.56177
-0.11354 -0.0019316 0.31061 0.15955 -0.04576 0.33487 0.01187 -0.049075 0.40586 0.0046129 -0.010872 0.06755 -0.055072 0.00595 -0.050264 0.052184 0.00595 -0.053247 -0.17539 -0.2203 0.45731 0.20628 -0.26122 0.48472 -0.12897 -0.40744 0.59667 0.10458 -0.4021 0.65401 -0.090577 -0.45678 0.65183 0.050024 -0.42844 0.70923 -0.070852 0.079658 -0.43276 0.059066 0.083508 -0.43518 -0.039984 0.17818 -0.75031 0.069858 0.15555 -0.76104 -0.047966 0.1101 -0.81406 0.058994 0.084295 -0.82088 -0.020513 -0.024258 0.60395
-0.14433 0.022409 0.34768 0.15883 -0.011513 0.35393 0.0053445 -0.0031643 0.40938 0.0020657 -0.00069984 0.068568 -0.054902 0.00034011 -0.050807 0.052128 0.00034011 -0.053653 -0.25955 -0.16434 0.49537 0.27773 -0.1936 0.5067 -0.29008 -0.3556 0.63146 0.25236 -0.36978 0.65944 -0.29371 -0.41857 0.68494 0.24734 -0.42214 0.72526 -0.067769 0.082644 -0.43159 0.068282 0.086479 -0.43348 -0.033599 0.18009 -0.74911 0.077669 0.15766 -0.75957 -0.035666 0.11275 -0.8141 0.070313 0.085981 -0.81929 0.0064041 -0.030964 0.60462
-0.14283 0.036479 0.35628 0.15861 0.011207 0.34097 0.009776 0.0099664 0.40861 0.0007975 0.0085596 0.06806 -0.053482 -0.0027724 -0.052221 0.051177 -0.0027724 -0.05448 -0.3107 -0.11302 0.4986 0.31792 -0.15428 0.47453 -0.40535 -0.28881 0.62649 0.3923 -0.3349 0.61024 -0.43209 -0.33906 0.6865 0.39885 -0.37726 0.68056 -0.064825 0.084883 -0.43187 0.071948 0.089107 -0.43273 -0.029691 0.18248 -0.74925 0.07935 0.15923 -0.7591 -0.028976 0.119 -0.81803 0.073114 0.087151 -0.81849 0.015414 -0.009457 0.60485
-0.14462 0.044176 0.36179 0.16367 0.01683 0.35119 0.010403 0.019779 0.40793 0.0005309 0.012435 0.067458 -0.053049 -0.0035946 -0.052611 0.050529 -0.0035946 -0.055036 -0.34308 -0.078627 0.48899 0.35788 -0.13551 0.44985 -0.48188 -0.23374 0.60227 0.47241 -0.3061 0.56776 -0.52055 -0.26867 0.66647 0.50569 -0.34397 0.63336 -0.064213 0.084671 -0.43212 0.072126 0.089884 -0.43284 -0.02903 0.1801 -0.75015 0.078641 0.16004 -0.75923 -0.026927 0.11778 -0.81995 0.072826 0.087902 -0.81858 0.019034 -0.0084039 0.60299
-0.14332 0.044014 0.35706 0.16425 0.019885 0.35194 0.010517 0.020527 0.40745 0.00064125 0.01494 0.066947 -0.052831 -0.0040138 -0.052799 0.050492 -0.0040138 -0.055041 -0.35477 -0.065561 0.47509 0.37727 -0.1205 0.42663 -0.52644 -0.19816 0.57048 0.53536 -0.27181 0.51722 -0.58271 -0.22649 0.62397 0.59037 -0.30765 0.56757 -0.064905 0.077008 -0.43389 0.07094 0.086356 -0.43367 -0.032044 0.16459 -0.75442 0.074586 0.15835 -0.7597 -0.029399 0.101 -0.82305 0.069836 0.086994 -0.82009 0.020892 -0.013599 0.60147
-0.1443 0.043602 0.35746 0.16382 0.024842 0.3507 0.010297 0.023091 0.40678 0.00070998 0.017747 0.066258 -0.05252 -0.0045807 -0.053063 0.050268 -0.0045807 -0.055201 -0.36836 -0.050295 0.46527 0.38894 -0.10521 0.4058 -0.5528 -0.16948 0.55453 0.56455 -0.24124 0.48887 -0.61513 -0.19549 0.60236 0.63137 -0.2734 0.52539 -0.064564 0.061675 -0.43701 0.070522 0.077566 -0.43571 -0.034706 0.14713 -0.75841 0.069993 0.15222 -0.76116 -0.032651 0.082684 -0.82625 0.064752 0.082585 -0.82349 0.021762 -0.01582 0.59983
-0.1457 0.04194 0.35847 0.16319 0.029486 0.3496 0.0098771 0.025148 0.40611 0.0011816 0.020138 0.065564 -0.052422 -0.0048208 -0.053139 0.049869 -0.0048208 -0.055542 -0.37849 -0.039446 0.45764 0.39332 -0.095117 0.3963 -0.56865 -0.15184 0.54345 0.5812 -0.21752 0.47272 -0.63322 -0.17552 0.58932 0.64815 -0.24893 0.50975 -0.063645 0.042499 -0.43988 0.06965 0.066352 -0.43828 -0.038863 0.13149 -0.76075 0.063915 0.14544 -0.76262 -0.037244 0.068418 -0.82988 0.05825 0.077734 -0.827 0.021533 -0.021132 0.59752
-0.14493 0.039844 0.35571 0.16361 0.02981 0.34972 0.010091 0.024472 0.40557 0.0015344 0.021901 0.064989 -0.052546 -0.0048027 -0.053018 0.049845 -0.0048027 -0.055565 -0.38106 -0.037928 0.44981 0.39686 -0.09211 0.38675 -0.57376 -0.14729 0.53403 0.59259 -0.20429 0.45963 -0.63921 -0.16962 0.57941 0.66027 -0.23395 0.49672 -0.063627 0.028922 -0.44121 0.068488 0.05748 -0.43991 -0.042645 0.12022 -0.7617 0.058494 0.14007 -0.76328 -0.041279 0.057743 -0.83138 0.052477 0.072984 -0.82828 0.021409 -0.027704 0.59548
-0.14421 0.038585 0.35326 0.16388 0.029267 0.34952 0.010239 0.023664 0.40502 0.0017784 0.023489 0.064426 -0.052649 -0.0047868 -0.052917 0.050069 -0.0047868 -0.055364 -0.38286 -0.037255 0.44229 0.39983 -0.089572 0.37881 -0.57484 -0.14654 0.52772 0.59825 -0.1962 0.45195 -0.64096 -0.16854 0.57225 0.66771 -0.22362 0.48759 -0.063949 0.020252 -0.44175 0.067466 0.051168 -0.44073 -0.045898 0.11277 -0.76207 0.054395 0.13642 -0.7633 -0.044363 0.050437 -0.83188 0.0483 0.071306 -0.83026 0.021001 -0.032432 0.59383
-0.14377 0.038094 0.35223 0.16423 0.029435 0.34883 0.010609 0.02385 0.40438 0.0019973 0.025143 0.063791 -0.05274 -0.0048383 -0.052821 0.050337 -0.0048383 -0.055116 -0.37687 -0.047255 0.44754 0.39689 -0.09389 0.38496 -0.56664 -0.15976 0.53549 0.59742 -0.19764 0.45891 -0.6294 -0.18773 0.58162 0.66334 -0.22937 0.49723 -0.064207 0.014324 -0.44198 0.066449 0.04688 -0.44113 -0.046991 0.11152 -0.76095 0.051091 0.13407 -0.76308 -0.046002 0.049655 -0.83118 0.044975 0.070576 -0.83159 0.020488 -0.034815 0.59246
-0.14349 0.037916 0.35175 0.1646 0.029405 0.3481 0.010992 0.024123 0.4037 0.0021677 0.026743 0.063134 -0.052846 -0.004912 -0.05271 0.050551 -0.004912 -0.054914 -0.35481 -0.075898 0.46553 0.38312 -0.10972 0.40813 -0.51559 -0.21211 0.57206 0.55736 -0.23562 0.50514 -0.56911 -0.24062 0.62802 0.6166 -0.26929 0.55242 -0.064584 0.010591 -0.44202 0.065576 0.044032 -0.44134 -0.04813 0.11226 -0.75965 0.048681 0.1325 -0.76286 -0.047821 0.051134 -0.83053 0.042438 0.069614 -0.83191 0.020031 -0.03559 0.59149
-0.1434 0.038387 0.35185 0.16516 0.029678 0.34744 0.011438 0.025181 0.40289 0.0022974 0.028561 0.062322 -0.053084 -0.0051779 -0.052439 0.050831 -0.0051779 -0.054629 -0.31419 -0.11156 0.49078 0.35076 -0.13463 0.44302 -0.43826 -0.26735 0.62049 0.4877 -0.28275 0.56981 -0.48154 -0.29904 0.68365 0.53128 -0.31837 0.62975 -0.065787 0.0084876 -0.44179 0.065101 0.042256 -0.44127 -0.050155 0.11244 -0.75871 0.047219 0.13152 -0.76252 -0.050024 0.052076 -0.83025 0.040777 0.069051 -0.83193 0.020581 -0.034315 0.59079
-0.14362 0.035905 0.35332 0.16518 0.027631 0.34558 0.012018 0.024455 0.40231 0.0023884 0.029623 0.061827 -0.053044 -0.0053201 -0.052483 0.050895 -0.0053201 -0.05456 -0.25886 -0.14754 0.50349 0.30428 -0.16312 0.46656 -0.3372 -0.31541 0.65083 0.3843 -0.32055 0.62259 -0.35858 -0.35117 0.72247 0.41151 -0.35452 0.6937 -0.065842 0.007653 -0.44186 0.064543 0.040679 -0.44139 -0.050384 0.11341 -0.75819 0.046491 0.1304 -0.7625 -0.050305 0.053288 -0.82992 0.039893 0.067832 -0.83178 0.019157 -0.034297 0.59036
-0.14527 0.038143 0.35631 0.16669 0.031685 0.34692 0.011997 0.030247 0.40073 0.0024168 0.033229 0.060036 -0.054681 -0.0067603 -0.050587 0.05194 -0.0067603 -0.053414 -0.2124 -0.15955 0.53223 0.25186 -0.16595 0.50945 -0.22374 -0.34328 0.68147 0.255 -0.32722 0.6849 -0.2065 -0.3815 0.7517 0.25716 -0.35491 0.76179 -0.071747 0.0080648 -0.43975 0.066132 0.041364 -0.44001 -0.056996 0.11255 -0.75653 0.047742 0.13062 -0.76124 -0.056923 0.053234 -0.82897 0.04077 0.068849 -0.83127 0.026014 -0.025814 0.58987
-0.14791 0.015221 0.3476 0.15411 0.011563 0.3327 0.0065469 0.010884 0.40133 0.0013838 0.029756 0.061514 -0.055436 -0.0043646 -0.049946 0.052481 -0.0043646 -0.053048 -0.1407 -0.21603 0.44369 0.18584 -0.21747 0.43904 -0.091731 -0.39692 0.58779 0.1085 -0.35164 0.61664 -0.053516 -0.43091 0.65325 0.083831 -0.38015 0.69093 -0.066928 0.0086888 -0.43928 0.062211 0.036953 -0.44044 -0.051872 0.11115 -0.75673 0.04672 0.12481 -0.7622 -0.0511 0.049021 -0.82666 0.041224 0.059692 -0.82907 0.00036002 -0.04508 0.58901
-0.14998 -0.039097 0.34868 0.14561 -0.025769 0.32221 0.0033545 -0.028165 0.40294 -0.00032472 0.020791 0.065553 -0.05488 0.0014872 -0.05085 0.05247 0.0014872 -0.053326 -0.039792 -0.2866 0.31577 0.12398 -0.29999 0.32016 0.027788 -0.45514 0.47135 0.0062623 -0.3765 0.51121 0.075546 -0.48662 0.53153 -0.034552 -0.40633 0.57632 -0.05625 0.0053635 -0.44066 0.053079 0.030627 -0.44208 -0.044245 0.10681 -0.75853 0.038078 0.11713 -0.76423 -0.039256 0.040239 -0.82415 0.038217 0.047055 -0.82633 -0.043147 -0.074266 0.59047
-0.15288 -0.077457 0.37621 0.16056 -0.040775 0.34413 0.0072484 -0.051861 0.39986 -0.0013843 0.016703 0.066418 -0.05556 0.0035408 -0.049937 0.054169 0.0035408 -0.05147 0.014897 -0.27822 0.33808 0.10551 -0.28027 0.27282 0.12162 -0.43175 0.47631 0.0060501 -0.32504 0.48357 0.169 -0.45174 0.53741 -0.038682 -0.3508 0.5478 -0.059324 0.00099965 -0.4397 0.05067 0.032205 -0.44018 -0.052983 0.10196 -0.75793 0.030599 0.1183 -0.76218 -0.043078 0.035434 -0.82304 0.035699 0.048979 -0.82486 -0.042271 -0.11228 0.57873
-0.1526 -0.10261 0.39177 0.16772 -0.061536 0.36314 0.0089193 -0.078043 0.398 -0.0012759 0.0072568 0.068242 -0.054662 0.0056539 -0.050761 0.05318 0.0056539 -0.052259 0.041665 -0.27899 0.3498 0.10141 -0.26065 0.19474 0.22767 -0.38944 0.452 0.013443 -0.29488 0.41198 0.2633 -0.38609 0.52588 -0.019148 -0.31935 0.48422 -0.055008 0.0015599 -0.44054 0.048902 0.033952 -0.44101 -0.049778 0.10092 -0.75925 0.028537 0.12 -0.76299 -0.039101 0.033301 -0.82308 0.034673 0.050581 -0.82547 -0.035604 -0.18159 0.56102
-0.1421 -0.11175 0.39104 0.17845 -0.076376 0.36895 0.018033 -0.079938 0.39939 0.0011665 -0.00029717 0.068576 -0.056106 0.0073687 -0.048897 0.050144 0.0073687 -0.055033 0.069524 -0.27271 0.39458 0.062482 -0.29668 0.27605 0.25698 -0.36209 0.50711 -0.037651 -0.30155 0.49028 0.31976 -0.37004 0.56128 -0.06968 -0.32623 0.56223 -0.05572 0.0042761 -0.43868 0.046657 0.037201 -0.44367 -0.051246 0.096493 -0.75957 0.026961 0.12305 -0.76574 -0.04122 0.027063 -0.82153 0.032723 0.053549 -0.82816 -0.026221 -0.17299 0.56735
-0.13141 -0.099483 0.3773 0.18549 -0.085458 0.35105 0.029498 -0.080012 0.39985 0.0035718 -0.0064952 0.068195 -0.058397 0.0074481 -0.046155 0.050102 0.0074481 -0.055033 0.069044 -0.26973 0.41645 0.023475 -0.29189 0.30785 0.25577 -0.38597 0.50568 -0.12342 -0.29518 0.49396 0.3097 -0.37776 0.56805 -0.14764 -0.32401 0.56772 -0.05648 0.011777 -0.43593 0.048192 0.036684 -0.44373 -0.045831 0.10454 -0.75651 0.033674 0.12395 -0.7657 -0.040216 0.034078 -0.81788 0.035084 0.054093 -0.82798 -0.023151 -0.18245 0.5601
-0.12629 -0.090809 0.3805 0.19197 -0.088251 0.35563 0.035331 -0.075806 0.40063 0.0046814 -0.011097 0.067535 -0.058359 0.007108 -0.046244 0.049066 0.007108 -0.056011 0.067359 -0.26299 0.43867 0.01271 -0.28412 0.34663 0.25024 -0.38591 0.5257 -0.13937 -0.28279 0.52912 0.30627 -0.38088 0.58616 -0.1678 -0.30938 0.60195 -0.05427 0.016827 -0.4359 0.048566 0.038564 -0.44454 -0.04052 0.11003 -0.75623 0.036727 0.12579 -0.76663 -0.037275 0.039768 -0.81798 0.035712 0.055215 -0.8281 -0.018205 -0.17608 0.56188
-0.12558 -0.0876 0.37969 0.19217 -0.087814 0.35507 0.035973 -0.073442 0.40101 0.0049771 -0.012953 0.067176 -0.058978 0.0069755 -0.045475 0.050113 0.0069755 -0.055091 0.065831 -0.26007 0.44606 0.024457 -0.29144 0.3873 0.24668 -0.39139 0.52506 -0.15608 -0.28601 0.54009 0.29486 -0.39539 0.5922 -0.18188 -0.31319 0.61397 -0.054395 0.018731 -0.43507 0.049846 0.039901 -0.4435 -0.039486 0.11262 -0.75515 0.038717 0.12701 -0.76564 -0.036776 0.043533 -0.81825 0.037155 0.056633 -0.82733 -0.017653 -0.17508 0.56131
-0.13938 -0.079415 0.36484 0.17006 -0.095775 0.34157 0.019811 -0.073764 0.40202 0.0029454 -0.014624 0.066946 -0.056694 0.0068941 -0.048303 0.05006 0.0068941 -0.05515 0.012947 -0.28877 0.42774 0.030302 -0.32043 0.36438 0.16425 -0.44899 0.5156 -0.19232 -0.2666 0.42937 0.21628 -0.45111 0.57993 -0.22108 -0.28928 0.50401 -0.057997 0.022934 -0.43777 0.054942 0.036472 -0.44379 -0.033454 0.11593 -0.75752 0.049272 0.12273 -0.76631 -0.034211 0.047604 -0.82149 0.04367 0.05286 -0.82834 -0.01747 -0.19451 0.55337
-0.14158 -0.06335 0.36068 0.16102 -0.11128 0.33403 0.016066 -0.077713 0.40177 0.0011935 -0.01425 0.067174 -0.053736 0.0073049 -0.051539 0.047655 0.0073049 -0.057214 -0.14617 -0.32742 0.37962 0.075385 -0.3581 0.3918 -0.049405 -0.45964 0.55034 -0.01583 -0.38828 0.60205 -0.006105 -0.49312 0.61222 -0.088954 -0.38801 0.64182 -0.060251 0.038547 -0.44002 0.057438 0.036315 -0.44583 -0.024856 0.13039 -0.75909 0.062126 0.1214 -0.76868 -0.032742 0.063613 -0.82419 0.049275 0.052683 -0.83091 -0.017664 -0.21434 0.54161
-0.13821 0.0032655 0.36016 0.16843 -0.034154 0.3498 0.017476 -0.011701 0.40806 0.0030481 0.0016741 0.068336 -0.055022 0.00012416 -0.050621 0.050732 0.00012416 -0.054902 -0.24579 -0.21107 0.47139 0.23347 -0.25356 0.47787 -0.24467 -0.38795 0.62792 0.22618 -0.40036 0.6677 -0.23819 -0.42831 0.69934 0.21275 -0.43379 0.7366 -0.068416 0.038763 -0.43828 0.065714 0.049002 -0.44129 -0.039566 0.13897 -0.75545 0.063886 0.13219 -0.76464 -0.043136 0.074888 -0.82355 0.053674 0.063431 -0.82732 0.029399 -0.080946 0.5898
-0.13706 0.030886 0.35796 0.16968 0.0027284 0.34954 0.017523 0.013272 0.40845 0.0036834 0.010346 0.067824 -0.053714 -0.0037914 -0.051937 0.050247 -0.0037914 -0.055312 -0.3075 -0.13034 0.48522 0.31995 -0.17308 0.4856 -0.40624 -0.29103 0.62888 0.42559 -0.33715 0.61679 -0.4303 -0.32574 0.7008 0.45346 -0.37622 0.68791 -0.072157 0.040727 -0.43874 0.065897 0.056499 -0.44013 -0.049653 0.14337 -0.75569 0.060766 0.13844 -0.76379 -0.052292 0.08102 -0.82547 0.051723 0.069556 -0.82653 0.045471 -0.040534 0.59744
-0.13735 0.043947 0.35448 0.16885 0.018296 0.34968 0.015902 0.021688 0.40715 0.0034726 0.014817 0.066838 -0.052868 -0.0054139 -0.052638 0.050372 -0.0054139 -0.055018 -0.35363 -0.061405 0.46572 0.37463 -0.10738 0.45811 -0.52245 -0.1792 0.58308 0.5616 -0.22831 0.54048 -0.57807 -0.20363 0.63798 0.6214 -0.25968 0.58552 -0.074326 0.041582 -0.439 0.064444 0.06034 -0.43896 -0.05641 0.14627 -0.75555 0.057438 0.14152 -0.76276 -0.058904 0.085149 -0.8264 0.04925 0.072385 -0.82532 0.043828 -0.027171 0.59575
-0.13957 0.050981 0.35536 0.16752 0.030601 0.35022 0.014097 0.028342 0.4066 0.0032026 0.017695 0.066217 -0.051148 -0.0062783 -0.054206 0.049542 -0.0062783 -0.055687 -0.3754 -0.016925 0.45876 0.40509 -0.058897 0.43121 -0.57783 -0.1005 0.54925 0.61237 -0.15735 0.49104 -0.64827 -0.11527 0.59087 0.68998 -0.16692 0.5192 -0.074749 0.042171 -0.44026 0.062659 0.063175 -0.43903 -0.060208 0.14716 -0.7569 0.054294 0.14385 -0.76293 -0.062449 0.084631 -0.82651 0.046793 0.074286 -0.82511 0.036461 -0.023388 0.59574
-0.14188 0.050638 0.3571 0.16575 0.035314 0.35071 0.012311 0.027185 0.40643 0.0028713 0.018526 0.06598 -0.050534 -0.0061086 -0.054812 0.048245 -0.0061086 -0.05684 -0.38471 0.00038512 0.45163 0.41132 -0.040686 0.41647 -0.59337 -0.073468 0.53709 0.62555 -0.12894 0.46698 -0.66392 -0.079542 0.5799 0.70113 -0.13055 0.49915 -0.074317 0.04278 -0.4408 0.059668 0.065376 -0.43986 -0.061769 0.14755 -0.75759 0.050472 0.14605 -0.76373 -0.063793 0.085144 -0.82731 0.04349 0.076209 -0.82565 0.030671 -0.027468 0.59507
-0.14267 0.050097 0.35643 0.1646 0.035793 0.35298 0.010664 0.023018 0.40649 0.0026089 0.018774 0.065928 -0.051243 -0.0056303 -0.054206 0.049082 -0.0056303 -0.056156 -0.38337 -0.00034507 0.45958 0.40945 -0.046869 0.41946 -0.57903 -0.091206 0.55615 0.61285 -0.14682 0.4859 -0.64254 -0.10802 0.60564 0.69 -0.1606 0.51744 -0.074043 0.042714 -0.44032 0.058228 0.066526 -0.43911 -0.062157 0.14825 -0.75688 0.048107 0.14727 -0.76295 -0.063643 0.086731 -0.82742 0.041635 0.077278 -0.82475 0.026314 -0.032409 0.59516
-0.1431 0.047455 0.35799 0.16495 0.03337 0.3553 0.010482 0.019064 0.40662 0.0026855 0.018543 0.065989 -0.051855 -0.0048174 -0.053664 0.049647 -0.0048174 -0.055744 -0.34673 -0.048984 0.49724 0.3744 -0.093721 0.45426 -0.517 -0.16989 0.61307 0.54065 -0.2248 0.56597 -0.56979 -0.19807 0.67054 0.59426 -0.24998 0.61743 -0.073258 0.042422 -0.44 0.056436 0.066489 -0.4389 -0.061423 0.14749 -0.75672 0.045803 0.14715 -0.76274 -0.062859 0.086021 -0.82729 0.039342 0.077074 -0.82445 0.022508 -0.038113 0.59505
-0.14422 0.039641 0.36406 0.16646 0.028309 0.35483 0.011819 0.015303 0.40666 0.0025987 0.017795 0.066195 -0.052359 -0.0042207 -0.053342 0.049887 -0.0042207 -0.055565 -0.2811 -0.12074 0.52405 0.30776 -0.15133 0.49247 -0.37784 -0.28653 0.65787 0.3771 -0.31406 0.64377 -0.41311 -0.32078 0.72449 0.41268 -0.35296 0.71324 -0.072197 0.04284 -0.43978 0.057141 0.066543 -0.43885 -0.059976 0.14702 -0.75676 0.046364 0.14761 -0.76257 -0.061472 0.085608 -0.82737 0.039977 0.077831 -0.82463 0.022943 -0.040125 0.59565
-0.14765 0.035695 0.37658 0.17026 0.019534 0.36437 0.012444 0.018924 0.40627 0.0041222 0.020614 0.06536 -0.056439 -0.0034452 -0.048807 0.050798 -0.0034452 -0.054822 -0.22234 -0.16292 0.54445 0.23559 -0.18138 0.52407 -0.22656 -0.36055 0.67852 0.20693 -0.33891 0.70273 -0.22884 -0.40202 0.74949 0.20308 -0.37475 0.76901 -0.075586 0.037505 -0.43599 0.051233 0.062177 -0.439 -0.063292 0.139 -0.75389 0.040685 0.14134 -0.76322 -0.065016 0.078059 -0.82497 0.033449 0.071021 -0.82459 0.019847 -0.036609 0.59543
-0.15441 -0.0035545 0.36906 0.16176 -0.01209 0.36159 0.0046379 -0.0098031 0.40505 0.0048275 0.016996 0.066026 -0.05925 -0.00068724 -0.045663 0.052936 -0.00068724 -0.052802 -0.13667 -0.23412 0.48073 0.15573 -0.22991 0.51722 -0.059269 -0.4136 0.61588 0.065058 -0.39119 0.6652 -0.030777 -0.4548 0.68164 0.0085582 -0.42914 0.7166 -0.077381 0.021936 -0.43434 0.039523 0.055599 -0.43831 -0.073081 0.11499 -0.75491 0.023072 0.13223 -0.76285 -0.071398 0.05225 -0.82424 0.017558 0.061056 -0.82334 0.0090394 -0.052838 0.59766
-0.15079 -0.066164 0.35794 0.16233 -0.054078 0.35367 0.0064682 -0.063349 0.40227 0.0037952 0.0058977 0.068413 -0.057018 0.0027359 -0.048378 0.054109 0.0027359 -0.051586 -0.027431 -0.30656 0.37505 0.066497 -0.27863 0.45051 0.14532 -0.40911 0.49317 -0.057034 -0.40189 0.59406 0.17772 -0.45608 0.55482 -0.1046 -0.44929 0.63829 -0.072764 0.010611 -0.43781 0.036184 0.052979 -0.43772 -0.077953 0.095856 -0.76064 0.011586 0.1298 -0.76175 -0.071716 0.029333 -0.82629 0.0097151 0.058343 -0.82223 0.0012491 -0.10767 0.59346
-0.13632 -0.074432 0.38124 0.18581 -0.082306 0.36831 0.026355 -0.071734 0.4003 0.0060041 0.0014972 0.068232 -0.058568 0.0053155 -0.046184 0.053096 0.0053155 -0.0524 0.023066 -0.28465 0.39314 0.00042993 -0.27168 0.39645 0.23759 -0.3441 0.48373 -0.075004 -0.27729 0.62837 0.28026 -0.38038 0.53948 -0.12218 -0.2985 0.69536 -0.074538 0.012734 -0.43557 0.039971 0.052228 -0.43913 -0.077668 0.096788 -0.75869 0.016909 0.12897 -0.76326 -0.075543 0.028566 -0.82266 0.01093 0.057199 -0.82297 -0.0055078 -0.14427 0.58188
-0.13756 -0.074689 0.38383 0.17662 -0.11298 0.35055 0.025007 -0.07572 0.40088 0.0067983 -0.004895 0.068126 -0.060646 0.0076845 -0.043122 0.055231 0.0076845 -0.049883 0.028928 -0.2839 0.37312 -0.012903 -0.29748 0.41048 0.24591 -0.31523 0.44716 -0.058357 -0.30608 0.64116 0.32203 -0.31336 0.48576 -0.095472 -0.31519 0.71245 -0.078069 0.015437 -0.43246 0.049171 0.053884 -0.43691 -0.07928 0.099588 -0.75559 0.027657 0.13082 -0.76112 -0.0832 0.029506 -0.81758 0.016236 0.059787 -0.82107 -0.0043217 -0.15594 0.57767
-0.12975 -0.079987 0.37798 0.17132 -0.13601 0.32976 0.032511 -0.085419 0.39871 0.0076018 -0.0089984 0.067562 -0.060017 0.0094062 -0.043656 0.054473 0.0094062 -0.050365 -0.019629 -0.30601 0.29571 0.077843 -0.36205 0.37809 0.19887 -0.26561 0.31263 0.00020894 -0.37263 0.60257 0.26433 -0.2688 0.36047 -0.014273 -0.37394 0.68279 -0.078724 0.01518 -0.43296 0.051764 0.049873 -0.43803 -0.079335 0.097029 -0.75666 0.031771 0.12687 -0.76231 -0.087646 0.026301 -0.81733 0.016586 0.056482 -0.82202 0.039219 -0.20899 0.55364
-0.1034 -0.055498 0.37481 0.17738 -0.1371 0.31135 0.057462 -0.070325 0.39868 0.010849 -0.010589 0.066854 -0.058575 0.0094212 -0.045496 0.048647 0.0094212 -0.056009 -0.11567 -0.29238 0.26533 0.26055 -0.35664 0.18684 -0.027588 -0.48424 0.39439 0.15995 -0.42112 0.38985 0.0086282 -0.50694 0.46613 0.10642 -0.43917 0.45052 -0.086341 0.020363 -0.43415 0.054368 0.04422 -0.44419 -0.084586 0.096921 -0.75914 0.040484 0.12238 -0.76852 -0.10042 0.026573 -0.81884 0.018366 0.053566 -0.82787 0.072246 -0.19988 0.54454
-0.12397 0.0013444 0.3505 0.16955 -0.010206 0.32432 0.028994 -0.0052633 0.40838 0.0063742 -0.0011999 0.068315 -0.05814 0.00034181 -0.047087 0.04632 0.00034181 -0.058747 -0.17736 -0.2378 0.45844 0.27122 -0.23225 0.43557 -0.17593 -0.43606 0.58572 0.25705 -0.37895 0.62223 -0.15741 -0.46537 0.66044 0.24192 -0.4136 0.6962 -0.084118 0.022748 -0.43538 0.047977 0.052175 -0.44509 -0.07915 0.11165 -0.75719 0.033025 0.12946 -0.76958 -0.092779 0.041362 -0.81748 0.026092 0.058837 -0.83068 0.045729 -0.059235 0.59797
-0.1202 0.011692 0.35019 0.17126 -0.0070274 0.32199 0.032538 0.0023751 0.408 0.0059798 0.0011209 0.068331 -0.056718 -0.0012601 -0.048754 0.047095 -0.0012601 -0.058101 -0.2729 -0.17861 0.45588 0.34133 -0.19219 0.40859 -0.33456 -0.37437 0.57428 0.39814 -0.3508 0.57566 -0.35974 -0.40399 0.64717 0.39532 -0.38992 0.64859 -0.084962 0.027162 -0.43649 0.052212 0.05183 -0.44424 -0.077156 0.11756 -0.75783 0.039268 0.12893 -0.76885 -0.0914 0.048033 -0.81885 0.030579 0.058163 -0.8295 0.056923 -0.057695 0.59437
-0.12744 0.027415 0.34589 0.16875 0.018691 0.33331 0.023518 0.017631 0.40806 0.0045162 0.0066267 0.068111 -0.053676 -0.003349 -0.051975 0.047294 -0.003349 -0.05785 -0.32169 -0.10542 0.46902 0.36135 -0.13192 0.43707 -0.46207 -0.25925 0.5816 0.51867 -0.2726 0.54246 -0.50816 -0.29051 0.64303 0.55353 -0.3161 0.60298 -0.081569 0.03096 -0.43926 0.051674 0.05544 -0.44316 -0.072206 0.12644 -0.75908 0.03836 0.13159 -0.76799 -0.082188 0.059864 -0.8241 0.03273 0.060361 -0.82844 0.045216 -0.026099 0.59905
-0.13335 0.027592 0.35003 0.16956 0.019097 0.34396 0.01921 0.01797 0.40823 0.0039128 0.0082561 0.067996 -0.053838 -0.0046019 -0.05173 0.04818 -0.0046019 -0.057033 -0.3436 -0.076796 0.47517 0.38174 -0.10769 0.44179 -0.51858 -0.197 0.58125 0.56972 -0.22845 0.52324 -0.58064 -0.22002 0.6305 0.62894 -0.2648 0.56878 -0.081512 0.032189 -0.4388 0.052211 0.056483 -0.442 -0.070778 0.13167 -0.75736 0.038681 0.13235 -0.76688 -0.075994 0.067941 -0.82572 0.034476 0.060604 -0.82685 0.03504 -0.028721 0.59929
-0.13666 0.027126 0.35302 0.16916 0.018501 0.34996 0.016628 0.013125 0.40835 0.0035137 0.0086944 0.067948 -0.053756 -0.0043717 -0.051826 0.048839 -0.0043717 -0.056485 -0.36049 -0.046912 0.47537 0.39404 -0.09129 0.43953 -0.5548 -0.14232 0.57143 0.59469 -0.19499 0.5102 -0.62301 -0.15834 0.61557 0.66713 -0.21698 0.54289 -0.080472 0.034556 -0.43876 0.051944 0.058633 -0.44115 -0.069193 0.13628 -0.75658 0.038138 0.13386 -0.76617 -0.072429 0.073431 -0.82587 0.033894 0.061928 -0.8259 0.030457 -0.03741 0.59852
-0.14003 0.02917 0.35542 0.1676 0.020955 0.35479 0.013559 0.010507 0.40849 0.0030318 0.0089102 0.06795 -0.053634 -0.0041164 -0.051978 0.049249 -0.0041164 -0.05615 -0.36909 -0.024237 0.47954 0.39776 -0.080316 0.44107 -0.57321 -0.1009 0.57258 0.60907 -0.16852 0.50277 -0.64051 -0.11397 0.61881 0.68148 -0.1888 0.53732 -0.079426 0.037149 -0.43873 0.051388 0.061071 -0.44046 -0.067913 0.13951 -0.75634 0.037601 0.13582 -0.76559 -0.070169 0.076467 -0.82549 0.03321 0.063866 -0.82529 0.026156 -0.043589 0.59777
-0.14171 0.028545 0.3575 0.16685 0.017463 0.35824 0.011866 0.0049416 0.4086 0.002742 0.0082191 0.068047 -0.053258 -0.0034024 -0.05241 0.049747 -0.0034024 -0.055752 -0.37384 -0.013112 0.47968 0.40318 -0.07485 0.43709 -0.58012 -0.082966 0.57312 0.61456 -0.16176 0.49916 -0.64378 -0.099157 0.62328 0.68774 -0.1806 0.5327 -0.078226 0.039345 -0.43905 0.050864 0.063112 -0.43983 -0.066626 0.14184 -0.75662 0.037056 0.13782 -0.76498 -0.06815 0.078591 -0.8256 0.031882 0.065875 -0.82463 0.023501 -0.052603 0.59693
-0.14268 0.026872 0.36029 0.16677 0.013397 0.36009 0.01126 0.00016131 0.40867 0.0026427 0.0072964 0.068156 -0.053359 -0.0026625 -0.052353 0.050076 -0.0026625 -0.055513 -0.37523 -0.012507 0.48401 0.40418 -0.079093 0.4367 -0.57073 -0.094171 0.59036 0.60588 -0.18033 0.51073 -0.63226 -0.1158 0.64155 0.67756 -0.20255 0.54533 -0.077507 0.040723 -0.43897 0.050457 0.064563 -0.43947 -0.066146 0.14292 -0.75665 0.036598 0.13945 -0.76457 -0.06735 0.079437 -0.82542 0.030563 0.067652 -0.82432 0.022517 -0.059021 0.59651
-0.14311 0.026684 0.36306 0.16735 0.010874 0.36143 0.01141 -0.0018838 0.40868 0.0026101 0.0068516 0.068205 -0.053814 -0.0023379 -0.0519 0.050664 -0.0023379 -0.05494 -0.35018 -0.053479 0.5081 0.38146 -0.11107 0.46081 -0.51708 -0.16807 0.6311 0.54764 -0.24273 0.56463 -0.57169 -0.18407 0.69057 0.61283 -0.26788 0.60913 -0.077591 0.041493 -0.43851 0.050255 0.065216 -0.43884 -0.06641 0.14315 -0.75637 0.036566 0.14044 -0.76387 -0.067761 0.079427 -0.82493 0.029733 0.068811 -0.82375 0.021947 -0.06189 0.59633
-0.14255 0.022713 0.3653 0.1677 0.0094127 0.35907 0.012522 -0.0048318 0.40863 0.0029426 0.0060793 0.068264 -0.053962 -0.0018183 -0.051769 0.049796 -0.0018183 -0.055941 -0.30461 -0.11581 0.52217 0.3314 -0.15906 0.48101 -0.42707 -0.26032 0.66426 0.44347 -0.31458 0.62267 -0.47298 -0.28453 0.72918 0.48894 -0.34629 0.68425 -0.076779 0.04178 -0.43841 0.050357 0.066008 -0.4398 -0.066684 0.14277 -0.75647 0.036127 0.1415 -0.76472 -0.06758 0.078947 -0.82489 0.029365 0.070086 -0.8248 0.023954 -0.063827 0.59645
-0.14852 0.027441 0.37852 0.1693 0.0059903 0.36709 0.011203 0.0012154 0.40868 0.0019808 0.0083501 0.068085 -0.055357 -0.0031452 -0.050236 0.054906 -0.0031452 -0.050393 -0.24489 -0.15501 0.55633 0.25831 -0.1868 0.53905 -0.30232 -0.33518 0.70192 0.2894 -0.34876 0.70626 -0.32285 -0.38015 0.76707 0.29587 -0.38616 0.77868 -0.080366 0.041807 -0.43677 0.050391 0.064157 -0.43431 -0.068586 0.14251 -0.75504 0.03769 0.14048 -0.75918 -0.070823 0.078473 -0.82345 0.029554 0.069041 -0.81929 0.02046 -0.058288 0.59679
-0.14362 -0.016976 0.35479 0.1623 -0.0081267 0.35318 0.0090384 -0.017865 0.40787 0.00069588 0.0051336 0.068276 -0.055168 -0.00041527 -0.050382 0.057841 -0.00041527 -0.047356 -0.14962 -0.25388 0.43749 0.21203 -0.23637 0.42363 -0.087578 -0.4303 0.57772 0.16094 -0.4035 0.58819 -0.070358 -0.48214 0.64112 0.14471 -0.44292 0.65978 -0.086347 0.025716 -0.43778 0.041195 0.061534 -0.43182 -0.08791 0.11704 -0.75867 0.018966 0.13664 -0.7563 -0.082202 0.052379 -0.82574 0.01877 0.065323 -0.81652 0.034268 -0.070254 0.59592
-0.12916 -0.094434 0.34931 0.17375 -0.040807 0.35748 0.01987 -0.061401 0.40392 0.0016845 -0.0035818 0.068577 -0.055051 0.0050136 -0.050496 0.054507 0.0050136 -0.051078 -0.046983 -0.35195 0.3198 0.12917 -0.29894 0.24087 0.13343 -0.44403 0.44374 0.042352 -0.41179 0.42501 0.18251 -0.47888 0.49885 0.02066 -0.45631 0.49079 -0.08903 0.012556 -0.43885 0.031811 0.061272 -0.43615 -0.10526 0.093961 -0.7624 -0.00050415 0.13513 -0.76022 -0.091237 0.027638 -0.8271 0.0079654 0.06432 -0.82104 0.05438 -0.099144 0.59431
-0.12374 -0.12014 0.38388 0.19794 -0.092202 0.37373 0.036791 -0.086542 0.39792 0.00445 -0.0082827 0.0679 -0.059674 0.0072489 -0.044413 0.054543 0.0072489 -0.050629 -0.0016707 -0.35414 0.37389 0.076027 -0.1607 0.1946 0.21836 -0.37263 0.46216 -0.028031 -0.24376 0.3897 0.2898 -0.37905 0.50471 -0.061915 -0.2881 0.45094 -0.092804 0.022683 -0.43249 0.038218 0.06283 -0.43608 -0.10291 0.10592 -0.75567 0.011547 0.13857 -0.76018 -0.095208 0.037607 -0.81918 0.013087 0.068111 -0.82173 0.060868 -0.10983 0.5929
-0.10699 -0.13757 0.36883 0.19912 -0.12693 0.32896 0.050377 -0.10199 0.39294 0.0073957 -0.012685 0.067023 -0.061497 0.0101 -0.041359 0.052749 0.0101 -0.052066 0.045431 -0.35947 0.37214 0.15078 0.041304 0.11432 0.26277 -0.35799 0.46563 0.074577 -0.12302 0.26628 0.33788 -0.34692 0.49682 0.036586 -0.16245 0.32827 -0.094876 0.02273 -0.4295 0.041248 0.066031 -0.43766 -0.10683 0.106 -0.75261 0.013179 0.14149 -0.76169 -0.10049 0.036936 -0.81543 0.012995 0.07116 -0.8234 0.067895 -0.13706 0.58491
-0.10124 -0.16729 0.37013 0.19465 -0.1279 0.32287 0.048168 -0.10295 0.39324 0.0078893 -0.014876 0.06652 -0.059908 0.011333 -0.043348 0.052203 0.011333 -0.052405 0.043828 -0.37375 0.33708 0.13752 0.043562 0.10356 0.2349 -0.38974 0.47604 0.14663 -0.14008 0.25537 0.31032 -0.3637 0.50286 0.10285 -0.17631 0.31536 -0.094818 0.014204 -0.43163 0.035386 0.067612 -0.43776 -0.11428 0.094886 -0.75509 0.00058743 0.14086 -0.76169 -0.10354 0.025565 -0.81715 0.0062694 0.070615 -0.82335 0.059042 -0.18321 0.57389
-0.10517 -0.13693 0.34638 0.16123 -0.10013 0.30238 0.034925 -0.076167 0.39983 0.0088589 -0.014155 0.066461 -0.061837 0.010223 -0.040735 0.051373 0.010223 -0.053273 -0.092644 -0.36963 0.23158 0.16377 0.018988 0.13922 0.055954 -0.47261 0.38484 0.16337 -0.16376 0.28861 0.12269 -0.4543 0.42436 0.11559 -0.19706 0.3474 -0.095108 0.018467 -0.42892 0.038456 0.067783 -0.43858 -0.11116 0.10176 -0.7518 0.0066407 0.14208 -0.76251 -0.10408 0.031698 -0.81332 0.0096286 0.071839 -0.82427 0.065567 -0.18283 0.56137
-0.071997 -0.013862 0.32525 0.1601 -0.010877 0.26403 0.073228 -0.017127 0.40253 0.012727 -0.0058057 0.06719 -0.060504 0.0017428 -0.044018 0.047471 0.0017428 -0.057847 -0.066776 -0.25755 0.44824 0.26552 -0.2294 0.43649 0.015974 -0.43385 0.5833 0.22954 -0.39997 0.59717 0.043722 -0.45967 0.65892 0.196 -0.43725 0.66285 -0.082844 0.034516 -0.43186 0.040234 0.066556 -0.44216 -0.082104 0.13226 -0.75118 0.02238 0.1457 -0.76607 -0.087124 0.062411 -0.81335 0.019363 0.074657 -0.82696 0.059427 -0.1525 0.54527
-0.12728 -0.0081249 0.35043 0.16148 -0.014497 0.31669 0.02542 -0.0052128 0.40848 0.0065843 -0.0024737 0.068234 -0.059396 0.00014758 -0.045435 0.049634 0.00014758 -0.055943 -0.21094 -0.23144 0.4642 0.2935 -0.18391 0.45753 -0.21391 -0.42829 0.59628 0.31558 -0.37004 0.60316 -0.21012 -0.45967 0.6719 0.30502 -0.41512 0.67176 -0.081446 0.039734 -0.43257 0.048163 0.066061 -0.44013 -0.074228 0.14316 -0.74994 0.034076 0.14657 -0.76386 -0.078516 0.078525 -0.81751 0.028787 0.076026 -0.82514 0.042324 -0.085523 0.58881
-0.12907 0.024017 0.35031 0.16582 0.0082502 0.32819 0.023491 0.013619 0.40837 0.0037436 0.0036784 0.068396 -0.056164 -0.0019802 -0.049363 0.049068 -0.0019802 -0.056422 -0.26914 -0.15527 0.48774 0.28687 -0.17534 0.4775 -0.34181 -0.34683 0.60686 0.36935 -0.35102 0.61352 -0.36599 -0.38204 0.67768 0.37661 -0.39945 0.68016 -0.075514 0.04646 -0.43566 0.051315 0.065701 -0.44029 -0.061652 0.15373 -0.75155 0.041829 0.14709 -0.76399 -0.068309 0.090645 -0.82038 0.034731 0.076605 -0.82517 0.040635 -0.054249 0.5928
