-0.10183 0.0091444 0.32831 0.15339 -0.002255 0.28883 0.040717 -0.005357 0.4072 0.0079176 -0.0023009 0.0681 -0.054633 -0.0029213 -0.051007 0.054392 -0.0029213 -0.051264 -0.16314 0.052227 0.073289 0.25541 0.0045112 0.043479 -0.20737 0.054469 -0.15954 0.23531 -0.019456 -0.19145 -0.22941 0.03507 -0.23685 0.2229 -0.031293 -0.27235 -0.1244 0.059506 -0.4294 0.014903 0.1034 -0.4242 -0.084825 0.11405 -0.75643 -0.023316 0.17838 -0.74732 -0.1643 0.082515 -0.79451 -0.018119 0.18134 -0.84073 0.0058524 -0.10382 0.57454
-0.10919 0.0026616 0.33015 0.14905 -0.0080584 0.29541 0.033519 -0.014655 0.40828 0.0068903 -0.0040674 0.068327 -0.053545 -0.00089635 -0.05201 0.055837 -0.00089635 -0.049784 -0.17387 0.051728 0.077062 0.25411 0.0030571 0.051462 -0.21643 0.06038 -0.1592 0.23083 -0.022337 -0.18303 -0.23769 0.052375 -0.23831 0.22171 -0.033596 -0.26453 -0.11014 0.072441 -0.43106 0.02057 0.08752 -0.42827 -0.057165 0.11591 -0.75749 -0.018704 0.17896 -0.74738 -0.14096 0.080908 -0.78449 -0.010491 0.14564 -0.83122 -0.001352 -0.11165 0.5767
-0.1225 -0.0018621 0.32958 0.1338 -0.018469 0.29248 0.018982 -0.025653 0.40814 0.0038637 -0.0055358 0.068295 -0.053473 0.0008413 -0.052262 0.055824 0.0008413 -0.049787 -0.18913 0.040488 0.075798 0.23831 -0.00663 0.048362 -0.21643 0.069559 -0.15828 0.21388 -0.033316 -0.18586 -0.23706 0.067785 -0.2383 0.20447 -0.045149 -0.26719 -0.12253 0.075385 -0.42862 0.029923 0.066481 -0.43321 -0.066363 0.11807 -0.75494 -0.00313 0.17527 -0.74719 -0.14825 0.086662 -0.78811 -0.0027694 0.12549 -0.82617 -0.020878 -0.12213 0.57556
-0.13933 -0.0089649 0.32839 0.11574 -0.032679 0.28852 0.0010478 -0.039144 0.40694 0.00017968 -0.007065 0.06811 -0.053458 0.0026156 -0.052414 0.055305 0.0026156 -0.050259 -0.2064 0.025511 0.073314 0.2184 -0.022266 0.043618 -0.21242 0.078593 -0.15612 0.19463 -0.049086 -0.19063 -0.23223 0.079508 -0.23653 0.18336 -0.062364 -0.2714 -0.13918 0.076973 -0.42543 0.039211 0.04254 -0.43748 -0.085038 0.11944 -0.75228 0.015281 0.16501 -0.74713 -0.16275 0.094076 -0.79751 0.0017143 0.11125 -0.82313 -0.045683 -0.13543 0.57255
-0.15727 -0.023185 0.32837 0.10298 -0.049879 0.29202 -0.016342 -0.055917 0.40485 -0.0028198 -0.0090138 0.067881 -0.052538 0.0047503 -0.053122 0.055233 0.0047503 -0.050188 -0.22312 0.013799 0.073425 0.2048 -0.041566 0.04667 -0.20944 0.08407 -0.15205 0.18326 -0.066338 -0.18802 -0.22791 0.085752 -0.23269 0.17054 -0.081653 -0.26825 -0.1377 0.085838 -0.42481 0.044679 0.01795 -0.43957 -0.085809 0.11894 -0.75297 0.028403 0.14588 -0.74757 -0.16104 0.097448 -0.80485 -0.00037155 0.09332 -0.81967 -0.068727 -0.15175 0.5691
-0.17459 -0.048358 0.3305 0.10171 -0.069566 0.30956 -0.030321 -0.076853 0.40168 -0.0040948 -0.01176 0.067641 -0.04989 0.0075534 -0.05495 0.056478 0.0075534 -0.048583 -0.23677 0.011346 0.079023 0.20595 -0.062617 0.065051 -0.21175 0.082873 -0.14601 0.18808 -0.082163 -0.17057 -0.22814 0.084938 -0.22699 0.17606 -0.099598 -0.25064 -0.10121 0.10867 -0.42913 0.043286 -0.0053652 -0.43799 -0.046451 0.11601 -0.75904 0.029292 0.11598 -0.74864 -0.12428 0.092379 -0.80271 -0.01159 0.063026 -0.81346 -0.08452 -0.1714 0.56613
-0.19683 -0.08122 0.32756 0.098927 -0.094333 0.32839 -0.048914 -0.10371 0.39354 -0.0056596 -0.015867 0.066664 -0.046085 0.01117 -0.057577 0.059063 0.01117 -0.044648 -0.24494 0.013969 0.083693 0.21013 -0.087266 0.086979 -0.21571 0.074861 -0.1436 0.19845 -0.097695 -0.1496 -0.23006 0.077644 -0.22498 0.18876 -0.11451 -0.23012 -0.068639 0.13246 -0.43076 0.039184 -0.028822 -0.43185 0.0031144 0.11545 -0.75763 0.022945 0.077476 -0.74787 -0.079872 0.087636 -0.78819 -0.026728 0.021514 -0.80323 -0.10329 -0.1959 0.55922
-0.23323 -0.11419 0.30837 0.07166 -0.12792 0.3258 -0.085724 -0.13803 0.37471 -0.011112 -0.021865 0.063841 -0.042333 0.015571 -0.060213 0.062516 0.015571 -0.037777 -0.24581 0.012289 0.07628 0.19491 -0.11911 0.090578 -0.21396 0.061943 -0.15325 0.1936 -0.11613 -0.14626 -0.22759 0.065998 -0.23472 0.18612 -0.12575 -0.22789 -0.10646 0.13427 -0.41736 0.03991 -0.05534 -0.42064 0.0058783 0.12475 -0.72913 0.020438 0.035147 -0.74152 -0.078962 0.098521 -0.76168 -0.036787 -0.023957 -0.78854 -0.1435 -0.22677 0.54124
-0.2853 -0.1363 0.2745 0.01785 -0.16252 0.30152 -0.1413 -0.16829 0.34489 -0.020705 -0.027699 0.059087 -0.036922 0.019305 -0.062935 0.066259 0.019305 -0.028613 -0.24699 0.0096204 0.0574 0.15429 -0.154 0.073595 -0.21379 0.051694 -0.17351 0.16753 -0.13577 -0.16222 -0.22802 0.057476 -0.25477 0.16357 -0.13327 -0.2447 -0.1948 0.11738 -0.39507 0.038959 -0.080198 -0.40521 -0.039016 0.14474 -0.68715 0.017764 -0.0016134 -0.72907 -0.11781 0.12088 -0.73508 -0.045654 -0.058536 -0.77222 -0.20757 -0.25241 0.51071
-0.34773 -0.13403 0.23837 -0.046606 -0.18073 0.27438 -0.20497 -0.17229 0.30847 -0.031832 -0.029196 0.05319 -0.025726 0.019769 -0.066537 0.06963 0.019769 -0.018854 -0.26376 0.019938 0.037623 0.096585 -0.18128 0.050556 -0.23457 0.056259 -0.19469 0.12705 -0.15071 -0.18249 -0.24965 0.063851 -0.27565 0.13189 -0.13755 -0.26389 -0.2414 0.10726 -0.38529 0.018197 -0.092323 -0.38754 -0.084685 0.17047 -0.67282 -0.0016901 -0.019762 -0.71285 -0.14625 0.13424 -0.72939 -0.068009 -0.061588 -0.75975 -0.28414 -0.25054 0.47114
-0.4118 -0.10633 0.2058 -0.10904 -0.17607 0.25387 -0.26689 -0.14598 0.27027 -0.042806 -0.025458 0.046575 -0.0083573 0.016705 -0.070749 0.072194 0.016705 -0.0093944 -0.29738 0.047341 0.020561 0.033227 -0.19426 0.03034 -0.27766 0.078138 -0.21347 0.081372 -0.15629 -0.19854 -0.29324 0.086948 -0.29423 0.097995 -0.13802 -0.27739 -0.22407 0.11464 -0.38679 -0.024392 -0.088456 -0.36957 -0.10939 0.19795 -0.68693 -0.040296 -0.016274 -0.69518 -0.14554 0.13447 -0.73761 -0.10794 -0.036804 -0.7506 -0.36164 -0.21754 0.4274
-0.46473 -0.068009 0.1739 -0.16155 -0.15629 0.23692 -0.31869 -0.10865 0.2355 -0.053194 -0.01981 0.039191 0.010734 0.012858 -0.073936 0.073797 0.012858 -9.3126e-05 -0.33114 0.082967 0.00072684 -0.020996 -0.19158 0.01404 -0.32112 0.10742 -0.23486 0.042217 -0.14971 -0.21055 -0.337 0.11584 -0.31557 0.063343 -0.1329 -0.2886 -0.21149 0.13078 -0.36947 -0.070009 -0.075488 -0.35307 -0.12491 0.22458 -0.67877 -0.081939 -0.00093299 -0.67832 -0.13836 0.13858 -0.71736 -0.15561 -0.018571 -0.73666 -0.42875 -0.17378 0.38594
-0.49241 -0.042163 0.14458 -0.19212 -0.13643 0.22358 -0.34848 -0.084384 0.2104 -0.060223 -0.016411 0.032643 0.023709 0.010924 -0.074389 0.074232 0.010924 0.0071738 -0.34688 0.10892 -0.019177 -0.049577 -0.18134 0.0037699 -0.34288 0.12769 -0.25561 0.023819 -0.1366 -0.21725 -0.35887 0.13398 -0.33646 0.038795 -0.12582 -0.29737 -0.23769 0.14342 -0.32907 -0.096637 -0.064923 -0.34116 -0.13357 0.24521 -0.63045 -0.10711 0.012219 -0.66584 -0.13203 0.15263 -0.65775 -0.18925 -0.022098 -0.71749 -0.46909 -0.14606 0.35485
-0.47873 -0.065481 0.12975 -0.18053 -0.14342 0.22112 -0.33761 -0.10343 0.20307 -0.056622 -0.020461 0.031677 0.016992 0.01315 -0.070423 0.07315 0.01315 0.0066507 -0.32598 0.091994 -0.020105 -0.033226 -0.18854 0.0044772 -0.32332 0.11185 -0.2562 0.044756 -0.13814 -0.21354 -0.33913 0.11585 -0.33728 0.053378 -0.13068 -0.2955 -0.26116 0.13613 -0.31313 -0.078749 -0.075646 -0.3395 -0.11597 0.24971 -0.59151 -0.092188 0.0027283 -0.6638 -0.10039 0.15982 -0.61083 -0.16642 -0.023163 -0.70787 -0.45681 -0.1703 0.34502
-0.42342 -0.14917 0.13579 -0.1235 -0.18882 0.23236 -0.28351 -0.17416 0.21567 -0.040588 -0.033329 0.037982 -0.013073 0.019924 -0.062451 0.070722 0.019924 -0.0035639 -0.26629 0.020548 0.0061014 0.031175 -0.22506 0.018627 -0.26094 0.051182 -0.2284 0.1087 -0.16473 -0.19685 -0.27609 0.05363 -0.30972 0.11858 -0.15331 -0.27815 -0.25251 0.10355 -0.34857 -0.010549 -0.1155 -0.34887 -0.064496 0.23392 -0.59231 -0.030646 -0.03689 -0.67293 -0.031971 0.14887 -0.60826 -0.071119 -0.0074701 -0.71699 -0.38768 -0.25649 0.35957
-0.37155 -0.22831 0.15043 -0.068093 -0.23703 0.24522 -0.23098 -0.2414 0.23299 -0.027143 -0.045239 0.043667 -0.040364 0.026526 -0.056795 0.068619 0.026526 -0.013294 -0.2124 -0.051552 0.031806 0.10023 -0.26049 0.040803 -0.2045 -0.0078932 -0.20098 0.17591 -0.19159 -0.17296 -0.21841 -0.0078235 -0.28251 0.19081 -0.17372 -0.25231 -0.23974 0.072919 -0.38823 0.056997 -0.15885 -0.35558 -0.011422 0.21207 -0.58833 0.034547 -0.075542 -0.67816 0.032716 0.13119 -0.60479 0.03163 -0.00091361 -0.73348 -0.32138 -0.33863 0.37882
-0.36061 -0.24619 0.1609 -0.054339 -0.25485 0.2485 -0.21797 -0.25659 0.24099 -0.028893 -0.047598 0.041899 -0.042238 0.028786 -0.058263 0.068202 0.028786 -0.0136 -0.20154 -0.075303 0.033348 0.13565 -0.26577 0.064405 -0.19549 -0.024658 -0.19872 0.21102 -0.19452 -0.14877 -0.20742 -0.028913 -0.28039 0.22963 -0.17283 -0.22651 -0.25117 0.067401 -0.38715 0.078824 -0.18068 -0.34835 0.012424 0.19795 -0.54004 0.064031 -0.084087 -0.66715 0.056701 0.11896 -0.55893 0.078896 -0.025917 -0.74426 -0.30853 -0.35918 0.38427
-0.36016 -0.24015 0.16669 -0.052853 -0.25545 0.24626 -0.21617 -0.24869 0.24403 -0.035021 -0.045498 0.037837 -0.034024 0.028858 -0.060536 0.068321 0.028858 -0.010177 -0.20311 -0.073119 0.031809 0.15707 -0.25017 0.083684 -0.20493 -0.025487 -0.20054 0.23115 -0.17896 -0.12988 -0.2138 -0.033316 -0.28239 0.2506 -0.15544 -0.20677 -0.27246 0.067379 -0.36654 0.0791 -0.18422 -0.33744 0.013069 0.18959 -0.48706 0.072113 -0.07143 -0.6515 0.058124 0.11028 -0.50453 0.078791 -0.058983 -0.74434 -0.31139 -0.3557 0.37996
-0.33086 -0.26223 0.17028 -0.024725 -0.26127 0.2456 -0.18824 -0.25981 0.24986 -0.031276 -0.046407 0.038577 -0.037328 0.029911 -0.056161 0.067464 0.029911 -0.011408 -0.17692 -0.080926 0.053797 0.19263 -0.2328 0.093954 -0.19258 -0.047324 -0.17952 0.26178 -0.15889 -0.1205 -0.19716 -0.054925 -0.26168 0.2792 -0.13362 -0.19728 -0.28067 0.048519 -0.36052 0.094409 -0.18071 -0.33616 0.0067769 0.181 -0.47934 0.084384 -0.055949 -0.6462 0.066101 0.10107 -0.48764 0.059071 -0.070057 -0.73241 -0.27982 -0.38059 0.37522
-0.29953 -0.28906 0.17183 0.0043494 -0.27114 0.24596 -0.15911 -0.27704 0.25512 -0.023731 -0.048486 0.042072 -0.045677 0.030251 -0.050759 0.066313 0.030251 -0.0167 -0.14433 -0.09358 0.080017 0.22053 -0.22852 0.096232 -0.17278 -0.073961 -0.15419 0.28793 -0.15134 -0.11767 -0.17325 -0.079191 -0.23668 0.30382 -0.12479 -0.1944 -0.27361 0.034199 -0.36787 0.11687 -0.18319 -0.33841 0.010996 0.16845 -0.48963 0.10332 -0.049719 -0.64451 0.081786 0.098599 -0.49668 0.049173 -0.070101 -0.71713 -0.24422 -0.41005 0.37341
-0.31505 -0.2711 0.17077 -0.012904 -0.27486 0.24405 -0.17451 -0.26784 0.25273 -0.025617 -0.046537 0.042937 -0.04252 0.026601 -0.054296 0.06634 0.026601 -0.021854 -0.14783 -0.090755 0.075782 0.20286 -0.24829 0.094042 -0.17916 -0.070437 -0.15838 0.28111 -0.17208 -0.11569 -0.17756 -0.074576 -0.24103 0.30029 -0.14585 -0.19156 -0.25772 0.063019 -0.37361 0.12239 -0.20337 -0.33149 0.041212 0.14977 -0.46393 0.12206 -0.060491 -0.63238 0.095401 0.11327 -0.49843 0.075069 -0.08453 -0.70975 -0.26226 -0.39385 0.37521
-0.36275 -0.22044 0.16909 -0.061855 -0.27206 0.24148 -0.22045 -0.23833 0.24612 -0.034855 -0.041496 0.041412 -0.030373 0.020775 -0.064038 0.067512 0.020775 -0.024452 -0.17801 -0.075014 0.049649 0.1564 -0.27947 0.092264 -0.20476 -0.041431 -0.18337 0.2524 -0.20777 -0.11174 -0.20307 -0.046838 -0.26593 0.27803 -0.18275 -0.18613 -0.23884 0.11988 -0.37495 0.11414 -0.22903 -0.31981 0.085329 0.13007 -0.41125 0.13799 -0.077067 -0.61541 0.10597 0.13764 -0.48732 0.116 -0.10797 -0.70351 -0.31834 -0.34436 0.37939
-0.3901 -0.18601 0.1702 -0.090991 -0.26833 0.24273 -0.24743 -0.21785 0.2449 -0.040185 -0.037984 0.041109 -0.023205 0.017598 -0.069665 0.06887 0.017598 -0.023319 -0.19441 -0.062718 0.03601 0.1303 -0.29565 0.096321 -0.21839 -0.015642 -0.19508 0.23638 -0.22808 -0.10491 -0.21736 -0.024216 -0.27728 0.26635 -0.20331 -0.17801 -0.22224 0.15773 -0.3766 0.11167 -0.23437 -0.31771 0.11501 0.11859 -0.37847 0.15108 -0.077448 -0.61055 0.11781 0.15384 -0.47491 0.12418 -0.11667 -0.68133 -0.35312 -0.31145 0.38358
-0.38689 -0.17962 0.17364 -0.089923 -0.26569 0.24742 -0.24557 -0.21375 0.24949 -0.039414 -0.037129 0.042438 -0.023976 0.018037 -0.069002 0.069844 0.018037 -0.019675 -0.18924 -0.057953 0.041933 0.13402 -0.29203 0.10557 -0.21498 -0.0032183 -0.18723 0.23987 -0.22697 -0.096483 -0.21454 -0.015238 -0.26901 0.2708 -0.20131 -0.16884 -0.21071 0.16555 -0.3794 0.11814 -0.22269 -0.32262 0.12359 0.11696 -0.37654 0.16039 -0.061488 -0.61279 0.12981 0.15988 -0.46613 0.098537 -0.10705 -0.64541 -0.35403 -0.30722 0.38578
-0.38228 -0.17834 0.17544 -0.086563 -0.26275 0.25065 -0.24196 -0.21277 0.25184 -0.038799 -0.036795 0.042835 -0.025373 0.019459 -0.067462 0.070248 0.019459 -0.016888 -0.18515 -0.053309 0.049029 0.14011 -0.28393 0.11382 -0.21374 0.0032282 -0.1794 0.24385 -0.22108 -0.089719 -0.21341 -0.0098997 -0.26107 0.27483 -0.19472 -0.1617 -0.2047 0.16598 -0.38047 0.12142 -0.22398 -0.31648 0.1246 0.11967 -0.38285 0.16412 -0.049176 -0.59714 0.13591 0.16836 -0.45964 0.081029 -0.094316 -0.61569 -0.3521 -0.30852 0.38438
-0.39038 -0.16853 0.17421 -0.095238 -0.2584 0.2504 -0.25011 -0.20674 0.24893 -0.04106 -0.035746 0.041548 -0.023685 0.020217 -0.067853 0.070214 0.020217 -0.016165 -0.19228 -0.044439 0.048301 0.13402 -0.28022 0.11796 -0.22237 0.011735 -0.18018 0.2385 -0.22021 -0.086078 -0.22196 -7.4998e-06 -0.26207 0.27006 -0.1941 -0.1579 -0.2021 0.17179 -0.37902 0.11503 -0.24739 -0.29471 0.12686 0.12276 -0.38539 0.1622 -0.049317 -0.5583 0.13683 0.17951 -0.45737 0.087322 -0.087357 -0.59887 -0.36324 -0.30142 0.37975
-0.40275 -0.15093 0.17229 -0.10981 -0.25203 0.24876 -0.26318 -0.19556 0.245 -0.043679 -0.034147 0.040442 -0.020625 0.020182 -0.069041 0.070291 0.020182 -0.015664 -0.20217 -0.031766 0.044841 0.12068 -0.27994 0.11934 -0.2317 0.030275 -0.18184 0.22777 -0.22373 -0.084479 -0.23219 0.019173 -0.26378 0.26039 -0.19866 -0.15622 -0.19756 0.18067 -0.37715 0.10095 -0.2724 -0.27182 0.13165 0.12471 -0.38835 0.15701 -0.054465 -0.5188 0.14273 0.17598 -0.46601 0.095124 -0.085518 -0.58267 -0.38058 -0.28637 0.37495
-0.41248 -0.1292 0.17111 -0.12419 -0.24398 0.24736 -0.27503 -0.18117 0.24291 -0.044995 -0.032314 0.040538 -0.017719 0.019601 -0.070023 0.070729 0.019601 -0.014304 -0.20866 -0.016987 0.042519 0.10552 -0.28127 0.11899 -0.23571 0.059967 -0.17953 0.21578 -0.22943 -0.084286 -0.2385 0.047018 -0.26109 0.24968 -0.20586 -0.15594 -0.18889 0.18947 -0.37635 0.082569 -0.28526 -0.25769 0.13854 0.12505 -0.3944 0.1505 -0.05858 -0.49378 0.15623 0.14903 -0.48374 0.089694 -0.086765 -0.56048 -0.39729 -0.26669 0.37193
-0.41904 -0.11068 0.1698 -0.13532 -0.23639 0.24638 -0.28398 -0.1686 0.24165 -0.045839 -0.030676 0.040777 -0.015321 0.01926 -0.070632 0.071105 0.01926 -0.012981 -0.2128 -0.003685 0.040704 0.092068 -0.28202 0.11652 -0.23723 0.088076 -0.1765 0.20496 -0.23342 -0.086121 -0.24243 0.072563 -0.25757 0.23986 -0.21128 -0.15775 -0.18075 0.19568 -0.37633 0.064899 -0.29017 -0.24991 0.14467 0.12507 -0.40073 0.1434 -0.060825 -0.47951 0.16338 0.10983 -0.49076 0.077073 -0.087675 -0.53983 -0.41002 -0.24945 0.37007
-0.42289 -0.10053 0.1676 -0.14163 -0.23094 0.24569 -0.28947 -0.16143 0.24011 -0.046994 -0.029542 0.04027 -0.013602 0.019682 -0.070857 0.071101 0.019682 -0.012405 -0.21616 0.0055697 0.03854 0.082599 -0.28072 0.11191 -0.23937 0.10461 -0.17581 0.19679 -0.23299 -0.090225 -0.24604 0.087888 -0.25662 0.23207 -0.2118 -0.16196 -0.17706 0.19786 -0.37661 0.051583 -0.29218 -0.24529 0.14774 0.12605 -0.40526 0.13617 -0.061148 -0.47091 0.15451 0.071482 -0.47454 0.065274 -0.085545 -0.52806 -0.4171 -0.23972 0.36858
-0.42531 -0.095781 0.165 -0.14499 -0.22709 0.24489 -0.29289 -0.15781 0.23829 -0.048178 -0.02881 0.039423 -0.012601 0.020384 -0.070856 0.070965 0.020384 -0.011984 -0.21933 0.012028 0.036168 0.076164 -0.27821 0.10659 -0.24284 0.11318 -0.17689 0.19057 -0.22965 -0.095212 -0.25018 0.09827 -0.25791 0.22573 -0.20918 -0.16721 -0.17688 0.19784 -0.37658 0.041421 -0.29244 -0.24266 0.14806 0.12862 -0.40995 0.12895 -0.059975 -0.46578 0.13928 0.045745 -0.45163 0.060682 -0.080405 -0.52666 -0.4208 -0.23509 0.36707
-0.42745 -0.092685 0.16266 -0.14748 -0.22403 0.24364 -0.29564 -0.15538 0.23647 -0.048973 -0.02834 0.038797 -0.012324 0.020815 -0.070789 0.070982 0.020815 -0.011064 -0.22257 0.017309 0.033901 0.07148 -0.27558 0.10203 -0.2475 0.11914 -0.17856 0.18543 -0.22541 -0.099627 -0.25516 0.11013 -0.26031 0.22014 -0.20568 -0.17205 -0.17858 0.19763 -0.37581 0.032639 -0.29143 -0.24125 0.14639 0.133 -0.41674 0.12183 -0.057867 -0.4626 0.12922 0.040525 -0.44019 0.066605 -0.073273 -0.53444 -0.42361 -0.23231 0.36537
-0.429 -0.091218 0.16089 -0.14888 -0.2219 0.24237 -0.29747 -0.1542 0.23496 -0.049294 -0.028176 0.038497 -0.012746 0.021012 -0.07065 0.071102 0.021012 -0.0098912 -0.22558 0.021283 0.03199 0.068609 -0.27315 0.098424 -0.25145 0.12384 -0.18009 0.18167 -0.22086 -0.1032 -0.25947 0.12326 -0.26237 0.21556 -0.2016 -0.17614 -0.18146 0.19728 -0.37463 0.025168 -0.29001 -0.24033 0.14344 0.13816 -0.42382 0.11516 -0.055591 -0.46042 0.12711 0.046696 -0.43968 0.073175 -0.067387 -0.5428 -0.4254 -0.23128 0.36383
-0.42939 -0.092232 0.15986 -0.14848 -0.22098 0.24163 -0.2978 -0.15491 0.23409 -0.04918 -0.028382 0.038483 -0.013786 0.021169 -0.070399 0.071186 0.021169 -0.0089353 -0.22798 0.023439 0.030626 0.067879 -0.27101 0.095564 -0.25262 0.12744 -0.18092 0.1798 -0.21617 -0.10602 -0.26142 0.13562 -0.26276 0.21244 -0.19675 -0.17947 -0.1851 0.19636 -0.37355 0.019386 -0.28904 -0.23922 0.13988 0.1428 -0.42861 0.10932 -0.053898 -0.45856 0.132 0.051635 -0.4442 0.068521 -0.065925 -0.54243 -0.42542 -0.23258 0.36291
-0.42891 -0.094816 0.15939 -0.14688 -0.22093 0.2413 -0.29706 -0.15684 0.23373 -0.048834 -0.028794 0.038622 -0.014997 0.021352 -0.0701 0.071204 0.021352 -0.0083212 -0.22978 0.024285 0.029723 0.068567 -0.26924 0.093323 -0.25167 0.13022 -0.18115 0.17922 -0.21171 -0.10821 -0.26175 0.14634 -0.26163 0.21054 -0.19179 -0.18211 -0.18874 0.19507 -0.37273 0.015214 -0.28857 -0.23802 0.13641 0.14658 -0.43132 0.10458 -0.052943 -0.45707 0.13417 0.054671 -0.44967 0.055261 -0.066613 -0.53539 -0.42421 -0.2353 0.36254
-0.42822 -0.097303 0.1592 -0.14525 -0.22112 0.24104 -0.29614 -0.15875 0.23355 -0.048523 -0.029149 0.038745 -0.015802 0.02157 -0.069856 0.071172 0.02157 -0.0080112 -0.23122 0.024779 0.029083 0.069511 -0.26793 0.091609 -0.25033 0.13254 -0.18113 0.17886 -0.20792 -0.10991 -0.2622 0.15514 -0.25981 0.20926 -0.18777 -0.18414 -0.1915 0.19389 -0.37213 0.01233 -0.28825 -0.2371 0.13371 0.14958 -0.43331 0.10114 -0.052614 -0.45635 0.12143 0.060144 -0.45303 0.042415 -0.065208 -0.52867 -0.42284 -0.23789 0.36237
-0.42781 -0.098557 0.15912 -0.14431 -0.22114 0.24077 -0.29563 -0.15984 0.23344 -0.048368 -0.029328 0.0388 -0.01603 0.021842 -0.069714 0.071103 0.021842 -0.0078885 -0.23234 0.025662 0.028729 0.069944 -0.26713 0.090368 -0.24881 0.13505 -0.18086 0.17802 -0.20514 -0.11124 -0.26282 0.16268 -0.25755 0.2081 -0.18525 -0.18566 -0.19316 0.19325 -0.37167 0.0099582 -0.28776 -0.23665 0.13201 0.15177 -0.43495 0.098746 -0.052776 -0.45658 0.10018 0.066961 -0.45361 0.036517 -0.063903 -0.52648 -0.42211 -0.23928 0.36228
-0.42801 -0.097701 0.15915 -0.14451 -0.22065 0.24063 -0.29597 -0.15951 0.23339 -0.048394 -0.029294 0.038813 -0.015774 0.022176 -0.069691 0.071013 0.022176 -0.0077881 -0.2331 0.027575 0.028824 0.069304 -0.26688 0.089573 -0.24622 0.13869 -0.18013 0.17622 -0.20365 -0.11228 -0.26246 0.17033 -0.25479 0.20658 -0.18456 -0.1868 -0.19384 0.19353 -0.37118 0.0069659 -0.28683 -0.23669 0.13128 0.15301 -0.43593 0.096828 -0.053322 -0.45786 0.088911 0.070429 -0.45239 0.04194 -0.068947 -0.53088 -0.42268 -0.23862 0.36228
-0.42923 -0.091458 0.15931 -0.14739 -0.21838 0.24068 -0.29814 -0.15543 0.23345 -0.048751 -0.028691 0.038825 -0.014672 0.022106 -0.069964 0.071047 0.022106 -0.0076685 -0.23309 0.032306 0.02933 0.065469 -0.26747 0.089118 -0.24113 0.14512 -0.179 0.17189 -0.20453 -0.11309 -0.25916 0.18018 -0.25169 0.20296 -0.18682 -0.18766 -0.1915 0.19603 -0.37073 0.0010979 -0.28532 -0.23704 0.13304 0.152 -0.43633 0.094567 -0.054991 -0.4601 0.092806 0.068312 -0.4503 0.052811 -0.07907 -0.53931 -0.42605 -0.2326 0.36236
-0.43186 -0.074367 0.15966 -0.1554 -0.2122 0.24089 -0.30357 -0.14366 0.2337 -0.049701 -0.026866 0.038896 -0.011941 0.020718 -0.070864 0.071475 0.020718 -0.0076119 -0.23155 0.042667 0.03 0.054897 -0.26943 0.088823 -0.23174 0.15664 -0.17774 0.16253 -0.20962 -0.11367 -0.25027 0.19489 -0.24869 0.19434 -0.19392 -0.18837 -0.18212 0.20282 -0.37056 -0.010878 -0.2832 -0.2373 0.14022 0.14638 -0.43661 0.090939 -0.059315 -0.46305 0.10351 0.060997 -0.44827 0.053288 -0.085511 -0.54469 -0.43442 -0.21557 0.36256
-0.43471 -0.052765 0.16008 -0.16544 -0.20442 0.24116 -0.31012 -0.12867 0.23402 -0.050825 -0.024563 0.039016 -0.00857 0.018739 -0.071966 0.072057 0.018739 -0.0076585 -0.22913 0.055144 0.030599 0.041519 -0.27203 0.088664 -0.22052 0.1697 -0.17663 0.15128 -0.21676 -0.114 -0.23876 0.21075 -0.2461 0.18344 -0.20307 -0.18897 -0.16991 0.21109 -0.37041 -0.024923 -0.28086 -0.23748 0.14937 0.13861 -0.43675 0.086807 -0.065145 -0.46654 0.11051 0.053662 -0.44723 0.040411 -0.08491 -0.54482 -0.44458 -0.1939 0.36278
-0.43432 -0.05042 0.16023 -0.16622 -0.20399 0.24125 -0.31036 -0.12738 0.23406 -0.050699 -0.024582 0.039079 -0.0081762 0.019324 -0.07173 0.071804 0.019324 -0.0077785 -0.22848 0.056885 0.03092 0.040315 -0.27277 0.088851 -0.21619 0.17215 -0.1758 0.14965 -0.21786 -0.1141 -0.23585 0.21456 -0.244 0.18123 -0.20452 -0.18935 -0.17123 0.21078 -0.36932 -0.026289 -0.27925 -0.2382 0.1476 0.13831 -0.43601 0.085811 -0.067345 -0.47053 0.10099 0.058321 -0.44813 0.030769 -0.082324 -0.54491 -0.44528 -0.1916 0.36279
-0.4294 -0.076348 0.16 -0.15344 -0.21431 0.24107 -0.3015 -0.14622 0.23372 -0.048808 -0.027976 0.039031 -0.012057 0.023569 -0.06965 0.070388 0.023569 -0.0079344 -0.23065 0.043061 0.030933 0.056986 -0.2707 0.089432 -0.22213 0.1595 -0.17528 0.16197 -0.20985 -0.114 -0.24586 0.20152 -0.24238 0.19201 -0.19465 -0.1895 -0.19211 0.19812 -0.36699 -0.0095481 -0.27872 -0.2398 0.13023 0.14901 -0.43422 0.089365 -0.063759 -0.47492 0.073021 0.077806 -0.45078 0.033513 -0.081478 -0.54807 -0.43236 -0.21783 0.36249
-0.42401 -0.10412 0.15982 -0.13967 -0.22555 0.24091 -0.29191 -0.16646 0.23348 -0.046819 -0.031585 0.038951 -0.015954 0.027619 -0.067682 0.069054 0.027619 -0.0080822 -0.23272 0.028092 0.030997 0.074922 -0.26869 0.090063 -0.22874 0.14562 -0.17478 0.1754 -0.2017 -0.11387 -0.25645 0.18677 -0.24094 0.20385 -0.18453 -0.18961 -0.21372 0.18444 -0.36481 0.0083763 -0.27828 -0.242 0.11236 0.15959 -0.43258 0.093503 -0.059472 -0.47945 0.048952 0.093579 -0.45235 0.038018 -0.081697 -0.55149 -0.41858 -0.24596 0.36213
-0.4216 -0.11195 0.15996 -0.13537 -0.22955 0.24098 -0.28857 -0.1726 0.2336 -0.046095 -0.032805 0.038913 -0.016419 0.028377 -0.067386 0.068799 0.028377 -0.0082 -0.23245 0.023866 0.031297 0.080428 -0.26906 0.090602 -0.22828 0.14198 -0.17412 0.17933 -0.20073 -0.11371 -0.25769 0.18298 -0.23952 0.2069 -0.1832 -0.18969 -0.22057 0.17907 -0.36393 0.013623 -0.27709 -0.24448 0.10642 0.16109 -0.43184 0.094916 -0.058792 -0.48398 0.04664 0.091279 -0.45064 0.035897 -0.081778 -0.55338 -0.41448 -0.25401 0.36195
-0.42142 -0.10942 0.15998 -0.13647 -0.22953 0.24111 -0.28901 -0.1713 0.23346 -0.04603 -0.032756 0.038917 -0.01518 0.027496 -0.067898 0.069067 0.027496 -0.0083403 -0.23176 0.025196 0.031278 0.079531 -0.27068 0.091768 -0.22497 0.14394 -0.17371 0.17837 -0.20347 -0.11288 -0.25508 0.18547 -0.23854 0.20537 -0.18632 -0.18915 -0.21945 0.17785 -0.36395 0.012564 -0.27538 -0.24717 0.10717 0.15818 -0.4307 0.094907 -0.06018 -0.48886 0.058115 0.080082 -0.44678 0.035087 -0.080714 -0.55801 -0.41552 -0.2514 0.3619
-0.42147 -0.11059 0.15965 -0.13637 -0.23057 0.2412 -0.28887 -0.17243 0.23274 -0.045734 -0.033081 0.038944 -0.014676 0.027224 -0.068047 0.069114 0.027224 -0.0085543 -0.23246 0.02447 0.030653 0.081325 -0.27173 0.094259 -0.2242 0.14432 -0.17376 0.17938 -0.20494 -0.11092 -0.25557 0.18656 -0.23819 0.2056 -0.18778 -0.18751 -0.22015 0.17494 -0.36423 0.014155 -0.27369 -0.24988 0.10688 0.15712 -0.42782 0.095395 -0.061145 -0.49403 0.071331 0.071996 -0.44248 0.044561 -0.077874 -0.56914 -0.41478 -0.25218 0.36196
-0.41798 -0.11851 0.16059 -0.13119 -0.23463 0.2417 -0.28448 -0.17846 0.23365 -0.045004 -0.034085 0.038957 -0.015379 0.027718 -0.067726 0.068904 0.027718 -0.0088034 -0.23165 0.020081 0.031335 0.089359 -0.27083 0.097745 -0.22416 0.14023 -0.17289 0.18431 -0.20426 -0.10896 -0.25668 0.1818 -0.23697 0.20948 -0.18682 -0.18582 -0.22393 0.17017 -0.36453 0.018711 -0.27318 -0.25134 0.10426 0.15753 -0.42415 0.096488 -0.060621 -0.49671 0.081222 0.06811 -0.43911 0.060889 -0.074382 -0.58141 -0.4094 -0.26014 0.36264
-0.40717 -0.13226 0.16492 -0.11836 -0.24216 0.24335 -0.27284 -0.18907 0.23895 -0.043837 -0.0356 0.038968 -0.017194 0.028477 -0.067102 0.068603 0.028477 -0.0091076 -0.22554 0.012509 0.035418 0.10489 -0.26726 0.1016 -0.22111 0.13091 -0.16948 0.19332 -0.20194 -0.10833 -0.25371 0.16917 -0.23316 0.21723 -0.18439 -0.18533 -0.22923 0.16462 -0.36492 0.024227 -0.27457 -0.25073 0.10014 0.15719 -0.42122 0.097861 -0.05838 -0.49482 0.085673 0.066138 -0.43761 0.076444 -0.071618 -0.58787 -0.39795 -0.27507 0.36488
-0.38999 -0.14776 0.17331 -0.098981 -0.24947 0.24763 -0.25502 -0.20097 0.24882 -0.042049 -0.037169 0.039465 -0.020652 0.029145 -0.065809 0.068159 0.029145 -0.010214 -0.21606 0.0033487 0.040549 0.1251 -0.26441 0.10558 -0.21478 0.12148 -0.16455 0.20498 -0.19915 -0.10781 -0.24839 0.15826 -0.2285 0.22725 -0.18095 -0.18513 -0.23438 0.15442 -0.36707 0.032771 -0.27353 -0.25371 0.09559 0.15692 -0.41951 0.10049 -0.057283 -0.49942 0.088209 0.065276 -0.43641 0.082276 -0.068388 -0.59319 -0.37983 -0.29121 0.37212
-0.36959 -0.15979 0.18559 -0.075819 -0.25125 0.25613 -0.23393 -0.20979 0.26212 -0.039386 -0.038243 0.041095 -0.026446 0.029466 -0.063283 0.067435 0.029466 -0.013078 -0.20761 -0.0053029 0.042646 0.14534 -0.26728 0.10946 -0.20661 0.11883 -0.16033 0.21715 -0.19733 -0.10521 -0.24505 0.1619 -0.22608 0.23701 -0.17702 -0.18351 -0.23794 0.134 -0.37303 0.047885 -0.26383 -0.26828 0.091531 0.15877 -0.41921 0.10575 -0.061367 -0.52645 0.094026 0.065507 -0.43338 0.069885 -0.062604 -0.60704 -0.35494 -0.30074 0.38848
-0.34727 -0.16904 0.19953 -0.050409 -0.2477 0.26698 -0.21068 -0.21624 0.27621 -0.035889 -0.039002 0.043513 -0.033299 0.029462 -0.059984 0.066687 0.029462 -0.016537 -0.19972 -0.011949 0.04419 0.16331 -0.27418 0.11107 -0.19851 0.11458 -0.15793 0.22877 -0.19735 -0.10326 -0.23925 0.15909 -0.22486 0.24371 -0.17692 -0.18289 -0.24225 0.10767 -0.37921 0.065546 -0.24676 -0.29093 0.084204 0.1616 -0.42396 0.11139 -0.069714 -0.56944 0.092718 0.067547 -0.43568 0.046186 -0.057509 -0.62869 -0.32476 -0.30467 0.41054
-0.32298 -0.18036 0.21148 -0.023353 -0.24307 0.27589 -0.18513 -0.22463 0.28751 -0.031804 -0.040136 0.045672 -0.038565 0.029359 -0.057092 0.066434 0.029359 -0.017967 -0.18838 -0.015613 0.052169 0.17855 -0.27871 0.10702 -0.19256 0.089911 -0.15767 0.23961 -0.19965 -0.10801 -0.22055 0.10588 -0.22096 0.24447 -0.18748 -0.18851 -0.25211 0.086558 -0.3783 0.07651 -0.22902 -0.30997 0.066895 0.16188 -0.43975 0.11271 -0.077866 -0.60603 0.063451 0.072471 -0.45679 0.028991 -0.060022 -0.64996 -0.29194 -0.3103 0.42958
-0.29695 -0.19274 0.22053 0.0045858 -0.23967 0.28159 -0.15786 -0.23502 0.29541 -0.027159 -0.041643 0.047304 -0.041723 0.029122 -0.054933 0.066724 0.029122 -0.017227 -0.17204 -0.017263 0.064932 0.19295 -0.27994 0.098944 -0.18696 0.04695 -0.15961 0.2496 -0.2057 -0.11902 -0.18989 0.01124 -0.21565 0.24107 -0.20667 -0.19979 -0.26311 0.070046 -0.37308 0.080472 -0.21329 -0.32224 0.044788 0.15485 -0.46744 0.11085 -0.084171 -0.62918 0.012967 0.07672 -0.49757 0.024918 -0.07051 -0.66823 -0.25895 -0.31843 0.44285
-0.26976 -0.19892 0.22882 0.03239 -0.23759 0.28606 -0.1304 -0.24279 0.3025 -0.021758 -0.042775 0.048992 -0.044554 0.028445 -0.052913 0.067088 0.028445 -0.016866 -0.15192 -0.019957 0.071477 0.2108 -0.28287 0.093913 -0.17586 0.010468 -0.1636 0.25874 -0.21797 -0.12886 -0.16062 -0.058758 -0.21574 0.24013 -0.2229 -0.20992 -0.26116 0.044746 -0.37707 0.086751 -0.19773 -0.33398 0.035668 0.13471 -0.50221 0.11308 -0.090002 -0.64876 -0.022349 0.071861 -0.54496 0.028164 -0.082176 -0.68707 -0.22807 -0.32277 0.45415
-0.24625 -0.1989 0.23599 0.055117 -0.235 0.28845 -0.10732 -0.2463 0.30874 -0.016888 -0.043184 0.050583 -0.047046 0.02758 -0.051312 0.067172 0.02758 -0.017948 -0.13594 -0.026586 0.066181 0.22796 -0.28471 0.091619 -0.16321 -0.010183 -0.17043 0.26121 -0.23131 -0.13676 -0.1446 -0.078254 -0.22416 0.2397 -0.22937 -0.21802 -0.24973 0.0068395 -0.38662 0.09411 -0.17902 -0.34855 0.03624 0.10539 -0.5308 0.11534 -0.090592 -0.66972 -0.031997 0.05847 -0.58265 0.02894 -0.087943 -0.70799 -0.2023 -0.32236 0.4643
-0.23787 -0.20482 0.23762 0.061626 -0.22722 0.28317 -0.097964 -0.24892 0.30968 -0.016201 -0.04323 0.050695 -0.046149 0.027684 -0.051873 0.066846 0.027684 -0.018959 -0.14231 -0.039604 0.052738 0.22665 -0.26988 0.079652 -0.16882 -0.031965 -0.18236 0.24201 -0.22843 -0.15319 -0.15032 -0.089872 -0.23714 0.22374 -0.22761 -0.2332 -0.26099 -0.031255 -0.36989 0.083789 -0.1518 -0.36403 0.0087222 0.086379 -0.527 0.095073 -0.071206 -0.68781 -0.04897 0.051831 -0.59025 0.012126 -0.080885 -0.72875 -0.18572 -0.32517 0.46892
-0.24762 -0.2213 0.23316 0.049089 -0.21241 0.269 -0.10446 -0.25203 0.30469 -0.020492 -0.043131 0.049079 -0.041126 0.029087 -0.05498 0.066171 0.029087 -0.019109 -0.176 -0.058114 0.036546 0.2005 -0.23346 0.053271 -0.19907 -0.064987 -0.1985 0.19758 -0.20346 -0.18168 -0.17637 -0.12297 -0.24987 0.18599 -0.2208 -0.25877 -0.30902 -0.05831 -0.31364 0.049077 -0.11542 -0.37837 -0.062443 0.087387 -0.48347 0.044925 -0.028224 -0.70034 -0.091573 0.058366 -0.56217 -0.026151 -0.059744 -0.74721 -0.17866 -0.33435 0.46728
-0.2569 -0.23263 0.23219 0.035821 -0.19611 0.25617 -0.11072 -0.25123 0.30323 -0.02324 -0.042625 0.04846 -0.037391 0.029942 -0.057456 0.065606 0.029942 -0.01987 -0.20802 -0.073326 0.025087 0.17322 -0.19872 0.028594 -0.22484 -0.097423 -0.21011 0.15375 -0.18027 -0.2069 -0.19858 -0.1607 -0.25652 0.1464 -0.2143 -0.28201 -0.35871 -0.069377 -0.25499 0.015726 -0.080886 -0.39032 -0.13249 0.091486 -0.44057 -0.0022216 0.013348 -0.71016 -0.13383 0.06025 -0.52894 -0.061817 -0.036752 -0.7623 -0.17233 -0.33955 0.46853
-0.24971 -0.22586 0.24233 0.037482 -0.18264 0.2532 -0.10285 -0.2427 0.3129 -0.019269 -0.041396 0.050962 -0.0392 0.028776 -0.056797 0.065316 0.028776 -0.0227 -0.21417 -0.078256 0.023791 0.16537 -0.18365 0.019372 -0.22157 -0.11843 -0.20998 0.13232 -0.17811 -0.21568 -0.19726 -0.18538 -0.25316 0.1223 -0.21178 -0.29156 -0.38029 -0.06495 -0.22543 0.0052799 -0.057215 -0.39943 -0.16333 0.083057 -0.43031 -0.019268 0.032508 -0.72027 -0.15226 0.043989 -0.51605 -0.075211 -0.022615 -0.77376 -0.1586 -0.33196 0.48013
-0.23105 -0.20905 0.25865 0.048714 -0.16786 0.25616 -0.084675 -0.22786 0.32922 -0.012261 -0.03918 0.054915 -0.043278 0.02665 -0.05486 0.064163 0.02665 -0.027784 -0.20567 -0.076749 0.029455 0.16992 -0.17193 0.019536 -0.20038 -0.13247 -0.20088 0.1247 -0.18341 -0.21293 -0.18146 -0.20092 -0.24335 0.10722 -0.20945 -0.28952 -0.38984 -0.062073 -0.2089 0.006532 -0.039964 -0.40764 -0.17345 0.065485 -0.42855 -0.021788 0.038226 -0.73104 -0.15619 0.024887 -0.51101 -0.077771 -0.015258 -0.7839 -0.1367 -0.31563 0.4981
-0.21009 -0.1934 0.27469 0.061157 -0.14773 0.25975 -0.063549 -0.20941 0.34562 -0.0071759 -0.035943 0.058091 -0.045455 0.024937 -0.054018 0.06119 0.024937 -0.034637 -0.19901 -0.07412 0.037847 0.17583 -0.14483 0.020468 -0.1787 -0.14642 -0.18686 0.1179 -0.17898 -0.20612 -0.16499 -0.21499 -0.23105 0.091729 -0.20307 -0.28044 -0.4062 -0.074419 -0.18707 0.0041424 -0.022969 -0.41681 -0.18779 0.048318 -0.41027 -0.030465 0.044137 -0.74198 -0.1603 0.021805 -0.50004 -0.084586 -0.010198 -0.79477 -0.10843 -0.29684 0.51642
-0.19236 -0.18033 0.29171 0.076758 -0.12965 0.26701 -0.043802 -0.19026 0.35956 -0.004719 -0.032895 0.06002 -0.046286 0.023499 -0.053887 0.058162 0.023499 -0.040625 -0.19438 -0.069891 0.050145 0.18497 -0.11469 0.024866 -0.16334 -0.161 -0.16648 0.11343 -0.16994 -0.19398 -0.15109 -0.22857 -0.21276 0.080316 -0.19565 -0.26515 -0.40419 -0.074774 -0.1908 0.0019627 -0.007851 -0.42497 -0.19409 0.051429 -0.41888 -0.039369 0.051336 -0.75094 -0.16707 0.036249 -0.51147 -0.090949 -0.0058849 -0.80387 -0.080772 -0.27796 0.53227
-0.18115 -0.16768 0.31265 0.099813 -0.12317 0.28248 -0.028196 -0.17294 0.3701 -0.0040131 -0.031406 0.060912 -0.047763 0.021698 -0.053267 0.057506 0.021698 -0.042772 -0.18694 -0.061898 0.068307 0.20228 -0.10183 0.037864 -0.15632 -0.17462 -0.1376 0.11655 -0.16763 -0.17346 -0.13916 -0.24027 -0.184 0.080507 -0.192 -0.24397 -0.34959 -0.028086 -0.26003 0.009026 0.0016898 -0.42917 -0.17102 0.093781 -0.51092 -0.035327 0.056894 -0.75552 -0.17447 0.063103 -0.58148 -0.086827 -0.0016991 -0.80765 -0.061354 -0.25972 0.54424
-0.17144 -0.15182 0.33035 0.12266 -0.1208 0.29716 -0.014958 -0.15574 0.37822 -0.0035097 -0.030292 0.061522 -0.049718 0.019225 -0.052449 0.058884 0.019225 -0.041955 -0.17843 -0.051268 0.083915 0.21871 -0.098438 0.050174 -0.14994 -0.18454 -0.10977 0.11982 -0.16835 -0.15373 -0.12765 -0.24897 -0.15586 0.082492 -0.18985 -0.22444 -0.26821 0.039917 -0.3587 0.019571 0.0081269 -0.42971 -0.13485 0.15253 -0.64136 -0.0251 0.061647 -0.75627 -0.17919 0.09287 -0.68183 -0.07766 0.0040269 -0.80828 -0.047066 -0.2411 0.5532
-0.15439 -0.12888 0.33318 0.13218 -0.10696 0.29593 -0.00017943 -0.13503 0.38579 -0.0014367 -0.027168 0.062822 -0.050919 0.01597 -0.052435 0.060496 0.01597 -0.041045 -0.17369 -0.040885 0.083954 0.2189 -0.083082 0.045994 -0.13269 -0.1876 -0.098096 0.10996 -0.16115 -0.14932 -0.11488 -0.25361 -0.14643 0.068409 -0.18362 -0.21702 -0.21491 0.0742 -0.41409 0.020746 0.016891 -0.42863 -0.11975 0.18501 -0.71601 -0.025105 0.068269 -0.75533 -0.17745 0.11437 -0.75258 -0.076389 0.01329 -0.81072 -0.029581 -0.22032 0.56116
-0.13159 -0.10247 0.32335 0.12994 -0.083567 0.28168 0.015471 -0.11258 0.39274 0.001858 -0.022334 0.064681 -0.051592 0.012202 -0.052789 0.060896 0.012202 -0.041808 -0.17073 -0.033464 0.070459 0.20593 -0.056521 0.028562 -0.11403 -0.18277 -0.10605 0.089161 -0.14813 -0.15614 -0.10518 -0.25268 -0.153 0.039788 -0.17521 -0.2165 -0.19601 0.07096 -0.41787 0.012906 0.027862 -0.42814 -0.12459 0.18874 -0.72302 -0.035554 0.076448 -0.75489 -0.16934 0.12661 -0.77848 -0.08364 0.024456 -0.81579 -0.0090408 -0.19899 0.56832
-0.11276 -0.081977 0.3139 0.12899 -0.066069 0.27122 0.027795 -0.094344 0.3975 0.004391 -0.018175 0.066105 -0.053092 0.0084832 -0.051975 0.058979 0.0084832 -0.045063 -0.16234 -0.031476 0.057242 0.19718 -0.036831 0.01589 -0.11911 -0.17094 -0.12762 0.071695 -0.14152 -0.1557 -0.1071 -0.24449 -0.15668 0.013356 -0.17223 -0.20573 -0.17974 0.066561 -0.41231 0.0067414 0.036604 -0.43044 -0.1208 0.19265 -0.71544 -0.043951 0.083565 -0.75712 -0.15804 0.13658 -0.77997 -0.090351 0.033144 -0.82106 0.0078163 -0.18124 0.57349
-0.10137 -0.069065 0.31154 0.13515 -0.058545 0.27065 0.036373 -0.081147 0.3998 0.0056955 -0.015293 0.066755 -0.055606 0.0050163 -0.049731 0.05518 0.0050163 -0.050031 -0.14795 -0.034331 0.051731 0.19904 -0.029366 0.014176 -0.14064 -0.15817 -0.14941 0.063453 -0.14357 -0.14295 -0.11168 -0.23248 -0.15097 -0.0021139 -0.17645 -0.18142 -0.15477 0.075285 -0.41661 0.0070018 0.042007 -0.43518 -0.10114 0.20523 -0.71921 -0.044826 0.089154 -0.76166 -0.1461 0.14629 -0.77523 -0.091891 0.039198 -0.82552 0.019421 -0.16718 0.57653
-0.093345 -0.056298 0.31522 0.14542 -0.051428 0.27303 0.045282 -0.067733 0.40095 0.0071193 -0.012161 0.067079 -0.057928 0.0015823 -0.047312 0.051702 0.0015823 -0.054114 -0.1349 -0.037896 0.053502 0.20459 -0.024141 0.015392 -0.13331 -0.1564 -0.14993 0.0602 -0.14472 -0.12887 -0.089721 -0.2261 -0.14431 -0.0076357 -0.18257 -0.15683 -0.13481 0.084426 -0.42144 0.011175 0.046962 -0.4391 -0.084096 0.21027 -0.7266 -0.041305 0.095331 -0.76528 -0.13532 0.15176 -0.77858 -0.08912 0.047448 -0.82983 0.03042 -0.15216 0.57862
-0.085647 -0.039623 0.32248 0.15697 -0.039502 0.2737 0.056528 -0.051473 0.40177 0.0094337 -0.008057 0.067341 -0.059357 -0.001771 -0.045508 0.049764 -0.001771 -0.055963 -0.12686 -0.03922 0.060248 0.20914 -0.01539 0.014303 -0.080425 -0.16984 -0.12268 0.05862 -0.13972 -0.12035 -0.034251 -0.23026 -0.14158 -0.0059949 -0.18661 -0.14011 -0.12734 0.086299 -0.42085 0.01712 0.053075 -0.44042 -0.081815 0.20019 -0.73154 -0.035893 0.10322 -0.76625 -0.12953 0.15236 -0.79465 -0.083388 0.060223 -0.83419 0.043445 -0.13379 0.58058
-0.077764 -0.021707 0.32912 0.16818 -0.026378 0.27309 0.068113 -0.034861 0.40212 0.01224 -0.0038605 0.067419 -0.060198 -0.0044956 -0.044164 0.048709 -0.0044956 -0.056556 -0.12044 -0.037739 0.067174 0.21305 -0.0061072 0.011864 -0.018279 -0.18876 -0.087862 0.057965 -0.13203 -0.11558 0.021377 -0.24161 -0.1401 -0.0020793 -0.18746 -0.12908 -0.12667 0.084486 -0.41743 0.02404 0.059335 -0.44032 -0.093081 0.18477 -0.73409 -0.029192 0.11201 -0.76571 -0.13614 0.15376 -0.81166 -0.076366 0.075061 -0.8377 0.057059 -0.11409 0.58243
-0.069434 -0.0058803 0.33079 0.17752 -0.016541 0.27215 0.077641 -0.020897 0.40176 0.015023 -0.00060794 0.067154 -0.060855 -0.0059937 -0.043031 0.047694 -0.0059937 -0.057101 -0.11154 -0.033122 0.069238 0.21721 -0.00015322 0.0096416 0.011608 -0.20206 -0.068296 0.057739 -0.12596 -0.11193 0.039827 -0.25595 -0.13641 -0.00098455 -0.18433 -0.1205 -0.12582 0.083683 -0.41464 0.031273 0.064476 -0.44025 -0.11535 0.17547 -0.73492 -0.021616 0.12069 -0.7651 -0.16293 0.16226 -0.81625 -0.069754 0.089027 -0.83938 0.069419 -0.095521 0.58413
-0.060393 0.0045258 0.32313 0.1835 -0.014476 0.2718 0.082718 -0.012581 0.40047 0.017269 0.00066379 0.066384 -0.061731 -0.0056677 -0.041859 0.045879 -0.0056677 -0.058805 -0.09606 -0.02504 0.061399 0.22252 -0.0013892 0.0092043 -0.032288 -0.19863 -0.086816 0.057449 -0.12581 -0.10673 -0.016239 -0.26907 -0.12707 -0.0078063 -0.17642 -0.11117 -0.11779 0.088588 -0.41591 0.038157 0.06723 -0.44165 -0.14608 0.18379 -0.7347 -0.013579 0.12825 -0.76583 -0.21764 0.18418 -0.79503 -0.065253 0.099184 -0.83826 0.078684 -0.080549 0.58562
