-0.12134 0.00032754 0.33644 0.14702 -0.029927 0.30248 0.021526 -0.036624 0.407 0.0051147 -0.0034681 0.068318 -0.056188 0.0047316 -0.049149 0.049745 0.0047316 -0.05566 -0.23918 0.099419 0.11978 0.24506 0.0032868 0.057669 -0.44321 -0.0081052 0.065189 0.37775 -0.18593 0.0051388 -0.52443 -0.023247 0.068868 0.4435 -0.23185 -0.015022 -0.077573 0.11163 -0.42339 0.093551 0.073747 -0.43679 -0.064679 0.20428 -0.74392 0.11089 0.17864 -0.75331 -0.078685 0.12731 -0.79531 0.10087 0.10688 -0.81256 0.018171 -0.060426 0.6028
-0.12105 0.0043124 0.33789 0.14705 -0.029464 0.30274 0.021396 -0.036697 0.40702 0.0049977 -0.0038524 0.068306 -0.0562 0.0045118 -0.049155 0.049803 0.0045118 -0.055626 -0.24008 0.095002 0.1209 0.25447 -0.0020961 0.061269 -0.44133 -0.026499 0.10125 0.36814 -0.19402 0.017587 -0.51336 -0.042175 0.10684 0.43534 -0.24147 0.027655 -0.077206 0.11181 -0.42331 0.093698 0.073363 -0.43678 -0.064169 0.20439 -0.74385 0.11088 0.17748 -0.75356 -0.078342 0.12745 -0.79524 0.1006 0.10606 -0.81318 0.017898 -0.060741 0.60278
-0.12072 0.0078529 0.33908 0.14704 -0.029104 0.30294 0.021264 -0.036588 0.40705 0.0048778 -0.004205 0.068294 -0.056218 0.0043106 -0.049153 0.049852 0.0043106 -0.055598 -0.24416 0.096113 0.12255 0.25913 -0.0094935 0.062765 -0.43485 -0.044027 0.1248 0.36578 -0.21209 0.032689 -0.50979 -0.061166 0.13199 0.42663 -0.26594 0.05342 -0.076805 0.11202 -0.42321 0.093802 0.072949 -0.43678 -0.063585 0.20454 -0.74376 0.11093 0.1764 -0.75379 -0.077965 0.12764 -0.79514 0.10032 0.10525 -0.81367 0.017607 -0.061029 0.60276
-0.12037 0.010962 0.34005 0.14702 -0.028755 0.30308 0.02116 -0.036267 0.4071 0.004761 -0.0045241 0.068282 -0.056237 0.004117 -0.049147 0.0499 0.004117 -0.05557 -0.24846 0.098317 0.12342 0.25967 -0.018087 0.062562 -0.42146 -0.063142 0.13725 0.3615 -0.23449 0.04767 -0.5036 -0.083747 0.14541 0.41077 -0.29729 0.066805 -0.076411 0.11223 -0.42311 0.093855 0.072556 -0.43679 -0.063011 0.20472 -0.74367 0.11097 0.17544 -0.75398 -0.0776 0.12785 -0.79504 0.099988 0.10451 -0.81406 0.017338 -0.06126 0.60274
-0.12002 0.013653 0.34082 0.14701 -0.028323 0.30318 0.021116 -0.035702 0.40716 0.0046536 -0.0048079 0.06827 -0.056253 0.0039201 -0.049146 0.049956 0.0039201 -0.055534 -0.25003 0.097174 0.12225 0.25671 -0.027058 0.061063 -0.39888 -0.0863 0.13998 0.34615 -0.25557 0.059755 -0.48469 -0.11345 0.14815 0.38116 -0.32753 0.072343 -0.076061 0.1124 -0.42302 0.09385 0.072236 -0.43678 -0.06253 0.20487 -0.74358 0.11094 0.17462 -0.75414 -0.077293 0.12803 -0.79494 0.0996 0.10386 -0.81434 0.017129 -0.061401 0.60271
-0.11969 0.015938 0.34141 0.14705 -0.027714 0.30323 0.021164 -0.034862 0.40724 0.0045616 -0.0050547 0.068258 -0.056259 0.0037087 -0.049155 0.050028 0.0037087 -0.055484 -0.2459 0.088249 0.11774 0.25088 -0.035589 0.058671 -0.36481 -0.11595 0.13438 0.31059 -0.26967 0.06617 -0.44297 -0.15379 0.1413 0.3312 -0.34869 0.074566 -0.075797 0.11248 -0.42296 0.093779 0.07204 -0.43675 -0.062225 0.20498 -0.74351 0.11076 0.17399 -0.75425 -0.077091 0.12816 -0.79486 0.099131 0.10334 -0.81453 0.017021 -0.06142 0.60267
-0.11941 0.017833 0.34184 0.14717 -0.026843 0.30326 0.021329 -0.033721 0.40733 0.0044904 -0.0052625 0.068247 -0.05625 0.003472 -0.049182 0.050124 0.003472 -0.055413 -0.23345 0.067554 0.10881 0.2428 -0.042891 0.055788 -0.31727 -0.15408 0.12204 0.2469 -0.27158 0.064519 -0.36973 -0.20756 0.1262 0.25535 -0.3534 0.077731 -0.075657 0.11245 -0.42294 0.093636 0.072017 -0.43666 -0.062176 0.20502 -0.74346 0.11038 0.17358 -0.7543 -0.077041 0.12818 -0.79481 0.098564 0.103 -0.81463 0.017049 -0.061286 0.60262
-0.1192 0.01938 0.34213 0.14734 -0.025731 0.30325 0.021571 -0.032332 0.40744 0.004431 -0.0054273 0.068238 -0.05622 0.0031993 -0.049236 0.05024 0.0031993 -0.055324 -0.21474 0.038071 0.097513 0.23318 -0.04864 0.052766 -0.25918 -0.19537 0.10746 0.16632 -0.26295 0.058245 -0.27805 -0.26589 0.10832 0.16426 -0.34339 0.081847 -0.075683 0.11232 -0.42294 0.093416 0.072165 -0.43654 -0.062411 0.20499 -0.74345 0.10981 0.17337 -0.75431 -0.077176 0.12812 -0.79478 0.097918 0.10282 -0.81465 0.017192 -0.060964 0.60256
-0.1191 0.020646 0.3423 0.14748 -0.024481 0.30324 0.021795 -0.030807 0.40754 0.0043636 -0.0055435 0.068233 -0.056158 0.0028805 -0.049325 0.050365 0.0028805 -0.055228 -0.19558 0.0082489 0.088351 0.22279 -0.052879 0.049919 -0.19729 -0.22877 0.097464 0.095086 -0.25078 0.055376 -0.1981 -0.31082 0.09634 0.081306 -0.32759 0.08359 -0.075914 0.11216 -0.42297 0.093121 0.072442 -0.43638 -0.062917 0.20496 -0.74345 0.10914 0.17336 -0.75426 -0.077522 0.12805 -0.79476 0.097237 0.10278 -0.81458 0.017387 -0.060422 0.60253
-0.11914 0.021694 0.34238 0.14752 -0.023192 0.30322 0.021922 -0.029251 0.40765 0.0042724 -0.005608 0.068234 -0.056059 0.0025106 -0.049458 0.050488 0.0025106 -0.055133 -0.18098 -0.01431 0.08493 0.21241 -0.055669 0.047524 -0.13771 -0.24482 0.097104 0.054403 -0.2406 0.062108 -0.15285 -0.32748 0.096672 0.025571 -0.31307 0.080457 -0.076378 0.11203 -0.423 0.092755 0.072809 -0.43621 -0.063671 0.20496 -0.74346 0.10843 0.17349 -0.75418 -0.078093 0.128 -0.79475 0.096561 0.10284 -0.81442 0.017576 -0.059638 0.60252
-0.11928 0.022579 0.34238 0.14748 -0.021905 0.30321 0.021966 -0.027718 0.40775 0.0041666 -0.0056331 0.068238 -0.05593 0.0021142 -0.049622 0.050599 0.0021142 -0.055048 -0.17101 -0.027554 0.085457 0.20286 -0.057139 0.045646 -0.082401 -0.24369 0.1013 0.035002 -0.22871 0.073709 -0.12257 -0.3197 0.10232 -0.0099356 -0.29545 0.075063 -0.077007 0.11192 -0.42304 0.092343 0.073229 -0.43603 -0.064596 0.20499 -0.74347 0.10771 0.17374 -0.75407 -0.078821 0.12798 -0.79474 0.095904 0.10298 -0.81419 0.017748 -0.058674 0.60253
-0.11946 0.023348 0.34234 0.1474 -0.020646 0.30319 0.021975 -0.026242 0.40784 0.0040642 -0.0056362 0.068244 -0.055784 0.001726 -0.049801 0.05069 0.001726 -0.054978 -0.16402 -0.031365 0.086272 0.19496 -0.057442 0.044278 -0.031869 -0.22892 0.10146 0.017064 -0.20825 0.081658 -0.072722 -0.29783 0.10166 -0.04122 -0.26643 0.071784 -0.077706 0.11181 -0.42309 0.09192 0.073671 -0.43586 -0.065592 0.20501 -0.74349 0.10699 0.17404 -0.75396 -0.079615 0.12796 -0.79475 0.09527 0.10315 -0.81394 0.017906 -0.057617 0.60256
-0.11964 0.024039 0.34228 0.14733 -0.01943 0.30316 0.021983 -0.024846 0.40793 0.0039773 -0.0056297 0.06825 -0.055634 0.0013711 -0.04998 0.050759 0.0013711 -0.054925 -0.15855 -0.027109 0.085068 0.18912 -0.057016 0.043385 0.0081015 -0.20714 0.092649 -0.0086063 -0.18027 0.080113 0.0049281 -0.27307 0.088717 -0.075156 -0.22774 0.07179 -0.078398 0.11168 -0.42315 0.091507 0.07411 -0.4357 -0.066585 0.20501 -0.74353 0.10628 0.17435 -0.75386 -0.080402 0.12792 -0.79478 0.09466 0.10332 -0.81369 0.018054 -0.056535 0.60259
-0.1198 0.024657 0.34221 0.14726 -0.018259 0.30313 0.021996 -0.023533 0.408 0.0039051 -0.005614 0.068255 -0.055488 0.0010526 -0.05015 0.050808 0.0010526 -0.054886 -0.15366 -0.019589 0.082692 0.18467 -0.056965 0.042865 0.019484 -0.19211 0.078394 -0.026469 -0.16414 0.069471 0.057513 -0.25853 0.070668 -0.097359 -0.20455 0.068777 -0.079056 0.11153 -0.42322 0.091105 0.074544 -0.43557 -0.067546 0.205 -0.74357 0.10559 0.17468 -0.75377 -0.081155 0.12786 -0.79481 0.09407 0.10349 -0.81344 0.018202 -0.055451 0.60263
-0.11994 0.025201 0.34213 0.1472 -0.017133 0.30309 0.022014 -0.022301 0.40806 0.0038449 -0.0055881 0.068261 -0.055354 0.00077031 -0.050303 0.050845 0.00077031 -0.054857 -0.14856 -0.013897 0.080421 0.18088 -0.058379 0.042606 -0.016547 -0.19786 0.063413 -0.018048 -0.18085 0.051134 0.025827 -0.26678 0.056356 -0.090829 -0.22406 0.05573 -0.079658 0.11138 -0.42329 0.090711 0.074976 -0.43545 -0.068454 0.20496 -0.74361 0.10491 0.17503 -0.75369 -0.081856 0.12778 -0.79483 0.093495 0.10368 -0.81319 0.018359 -0.054378 0.60267
-0.12008 0.025684 0.34204 0.14714 -0.016063 0.30305 0.022033 -0.021152 0.40812 0.0037941 -0.005553 0.068266 -0.055237 0.00052255 -0.050435 0.050873 0.00052255 -0.054833 -0.14491 -0.010107 0.079048 0.17796 -0.059731 0.042437 -0.095266 -0.21897 0.051622 0.020664 -0.22593 0.029514 -0.090661 -0.28934 0.049685 -0.048675 -0.28072 0.034293 -0.080191 0.11122 -0.42335 0.090326 0.075395 -0.43533 -0.069289 0.20493 -0.74365 0.10424 0.17537 -0.75361 -0.082491 0.1277 -0.79486 0.092938 0.10387 -0.81295 0.018518 -0.053327 0.60271
-0.12021 0.026125 0.34195 0.14708 -0.015076 0.30301 0.022044 -0.020094 0.40816 0.0037504 -0.0055114 0.068272 -0.055136 0.00030625 -0.050547 0.050896 0.00030625 -0.054813 -0.14688 -0.0030256 0.078852 0.17716 -0.056742 0.042127 -0.18723 -0.22965 0.046103 0.078493 -0.26826 0.012178 -0.2309 -0.29568 0.049372 0.025379 -0.3346 0.015209 -0.080646 0.11107 -0.42341 0.089958 0.075782 -0.43524 -0.07003 0.2049 -0.74368 0.10363 0.1757 -0.75354 -0.083052 0.12762 -0.79487 0.092411 0.10407 -0.81274 0.018648 -0.052297 0.60276
-0.12034 0.026543 0.34189 0.14702 -0.014196 0.30298 0.022039 -0.019133 0.40821 0.0037118 -0.0054661 0.068278 -0.055051 0.00011808 -0.05064 0.050917 0.00011808 -0.054795 -0.15799 0.011929 0.08008 0.17953 -0.045843 0.041495 -0.26439 -0.20724 0.049228 0.14354 -0.27957 0.0056601 -0.33707 -0.2594 0.05376 0.12506 -0.34948 0.008093 -0.081017 0.11093 -0.42345 0.089616 0.076118 -0.43515 -0.070663 0.20488 -0.7437 0.10307 0.17599 -0.75348 -0.083535 0.12757 -0.79486 0.091924 0.10425 -0.81256 0.018723 -0.051292 0.60281
-0.12046 0.026943 0.34183 0.14695 -0.013414 0.30295 0.02202 -0.018264 0.40824 0.0036773 -0.0054185 0.068284 -0.054979 -4.6485e-05 -0.050718 0.050936 -4.6485e-05 -0.054777 -0.17538 0.032525 0.082874 0.18403 -0.030117 0.040776 -0.31927 -0.16183 0.058047 0.20384 -0.2645 0.0070871 -0.4001 -0.19552 0.060187 0.22786 -0.33108 0.010219 -0.081317 0.1108 -0.4235 0.089301 0.076403 -0.43508 -0.0712 0.20489 -0.7437 0.10258 0.17625 -0.75342 -0.083951 0.12753 -0.79484 0.091478 0.10443 -0.81242 0.018752 -0.050325 0.60286
-0.12058 0.02732 0.34178 0.14688 -0.012708 0.30293 0.021992 -0.017481 0.40827 0.0036463 -0.0053695 0.068289 -0.054916 -0.00019254 -0.050786 0.050951 -0.00019254 -0.054763 -0.19318 0.053279 0.087329 0.18863 -0.015823 0.040407 -0.35414 -0.11908 0.067074 0.2474 -0.24335 0.009103 -0.43417 -0.13879 0.06551 0.30349 -0.30517 0.012975 -0.08157 0.11068 -0.42353 0.089016 0.076642 -0.43502 -0.071669 0.20491 -0.74371 0.10214 0.17648 -0.75337 -0.084319 0.12751 -0.79481 0.091072 0.10461 -0.81231 0.018759 -0.049416 0.60291
-0.12069 0.02767 0.34173 0.1468 -0.012062 0.30291 0.021959 -0.016775 0.4083 0.0036183 -0.0053197 0.068295 -0.054858 -0.00032442 -0.050848 0.050961 -0.00032442 -0.054753 -0.20696 0.070014 0.093278 0.19189 -0.0073422 0.040666 -0.37291 -0.09626 0.072623 0.26797 -0.23074 0.0067039 -0.45251 -0.11215 0.068154 0.33394 -0.29018 0.010593 -0.081792 0.11057 -0.42357 0.088762 0.076845 -0.43496 -0.07209 0.20494 -0.74371 0.10175 0.17669 -0.75332 -0.084654 0.1275 -0.79477 0.090703 0.10478 -0.81222 0.018761 -0.048582 0.60296
-0.12078 0.027988 0.34167 0.14673 -0.011476 0.30289 0.021921 -0.016143 0.40833 0.0035932 -0.0052696 0.0683 -0.054807 -0.00044403 -0.050903 0.050967 -0.00044403 -0.054746 -0.21695 0.082816 0.09971 0.19414 -0.0029681 0.041318 -0.38449 -0.0834 0.076838 0.27763 -0.22268 0.0025176 -0.4648 -0.10023 0.07159 0.34054 -0.28063 0.0065334 -0.081982 0.11046 -0.4236 0.088535 0.077021 -0.43492 -0.072461 0.20497 -0.74371 0.1014 0.17689 -0.75328 -0.084952 0.1275 -0.79473 0.090371 0.10495 -0.81214 0.018749 -0.047824 0.60301
-0.12087 0.028269 0.3416 0.14666 -0.010954 0.30288 0.021879 -0.015582 0.40835 0.0035704 -0.0052193 0.068305 -0.054764 -0.00055277 -0.050948 0.050971 -0.00055277 -0.054742 -0.22434 0.092619 0.10546 0.19612 0.00019109 0.04203 -0.39864 -0.065299 0.082987 0.29195 -0.21155 0.00064445 -0.47991 -0.08035 0.080212 0.35213 -0.26639 0.0060239 -0.082135 0.11037 -0.42363 0.088332 0.077182 -0.43488 -0.072771 0.20503 -0.74369 0.1011 0.17707 -0.75323 -0.085204 0.12752 -0.79468 0.090078 0.10511 -0.81207 0.01871 -0.04714 0.60305
-0.12095 0.028508 0.34151 0.14659 -0.010497 0.30287 0.02183 -0.015085 0.40837 0.0035493 -0.0051686 0.06831 -0.05473 -0.00065251 -0.050983 0.050974 -0.00065251 -0.054739 -0.23 0.1002 0.11002 0.19818 0.0036033 0.042621 -0.41889 -0.037112 0.092399 0.31676 -0.19474 0.0026369 -0.50081 -0.044781 0.094546 0.38035 -0.24441 0.01055 -0.082248 0.11031 -0.42364 0.088154 0.077319 -0.43485 -0.073015 0.2051 -0.74367 0.10085 0.17723 -0.7532 -0.085406 0.12757 -0.79462 0.089827 0.10525 -0.81201 0.018639 -0.046527 0.60309
-0.12103 0.0287 0.34142 0.14652 -0.010107 0.30287 0.021775 -0.014644 0.40839 0.0035282 -0.005117 0.068315 -0.054702 -0.00074577 -0.051011 0.050973 -0.00074577 -0.054738 -0.23439 0.10613 0.1138 0.20023 0.0067363 0.043126 -0.43997 -0.0085317 0.10368 0.34422 -0.17661 0.0064688 -0.52224 -0.0068415 0.10968 0.41264 -0.2215 0.01634 -0.082318 0.11027 -0.42365 0.088004 0.077405 -0.43482 -0.073188 0.2052 -0.74364 0.10067 0.17736 -0.75316 -0.085556 0.12764 -0.79456 0.089625 0.10537 -0.81195 0.018546 -0.045972 0.60313
-0.12111 0.028839 0.34133 0.14644 -0.0097819 0.30286 0.021713 -0.014248 0.4084 0.0035057 -0.0050636 0.06832 -0.054679 -0.00083486 -0.051034 0.050971 -0.00083486 -0.054739 -0.23789 0.1109 0.11721 0.20209 0.0089824 0.043591 -0.45596 0.010101 0.115 0.36567 -0.16195 0.0099689 -0.5383 0.019168 0.12062 0.43532 -0.20492 0.019632 -0.082347 0.11027 -0.42364 0.087883 0.077412 -0.43482 -0.073286 0.20533 -0.74359 0.10056 0.17745 -0.75312 -0.085653 0.12776 -0.79449 0.089481 0.10545 -0.81189 0.018438 -0.045465 0.60316
-0.1212 0.028932 0.34121 0.14636 -0.0095086 0.30286 0.021643 -0.013888 0.40842 0.0034799 -0.0050069 0.068325 -0.054658 -0.00091937 -0.051056 0.050965 -0.00091937 -0.054742 -0.2403 0.11442 0.11977 0.20351 0.010602 0.044013 -0.46073 0.013617 0.12169 0.37462 -0.15472 0.012395 -0.54284 0.025829 0.12601 0.44257 -0.19859 0.021334 -0.082346 0.11031 -0.42362 0.087787 0.077355 -0.43482 -0.073328 0.20548 -0.74354 0.10051 0.17752 -0.75309 -0.085711 0.1279 -0.79442 0.089377 0.10551 -0.81184 0.018317 -0.044998 0.60319
-0.12129 0.028989 0.34107 0.14628 -0.0092677 0.30287 0.021564 -0.013555 0.40844 0.0034486 -0.0049451 0.068331 -0.054637 -0.00099709 -0.051077 0.050958 -0.00099709 -0.054748 -0.24107 0.11625 0.12044 0.20416 0.012416 0.044353 -0.44805 0.00018616 0.11724 0.36596 -0.1583 0.013927 -0.52958 0.010164 0.12688 0.43361 -0.20423 0.025376 -0.082336 0.11036 -0.4236 0.087706 0.077279 -0.43483 -0.073346 0.20565 -0.74349 0.10047 0.17759 -0.75306 -0.085754 0.12806 -0.79435 0.089283 0.10557 -0.81179 0.018178 -0.044566 0.60322
-0.12136 0.029024 0.34088 0.14618 -0.0090418 0.30287 0.021473 -0.013241 0.40845 0.0034112 -0.0048773 0.068338 -0.054613 -0.0010661 -0.051101 0.05095 -0.0010661 -0.054754 -0.23949 0.11557 0.11831 0.20388 0.014967 0.044579 -0.41471 -0.030311 0.097978 0.33695 -0.17411 0.014382 -0.49455 -0.028895 0.12384 0.40762 -0.22198 0.033847 -0.082332 0.11043 -0.42359 0.087631 0.077221 -0.43485 -0.073366 0.20583 -0.74344 0.10042 0.17766 -0.75302 -0.0858 0.12823 -0.79427 0.089174 0.10564 -0.81174 0.018018 -0.044164 0.60325
-0.12143 0.029045 0.34067 0.14608 -0.0088256 0.30288 0.021384 -0.01295 0.40847 0.0033731 -0.0048086 0.068345 -0.054591 -0.0011255 -0.051123 0.05094 -0.0011255 -0.054762 -0.23442 0.11009 0.11331 0.2032 0.01752 0.044686 -0.37103 -0.070594 0.073001 0.29515 -0.19482 0.011885 -0.44409 -0.084205 0.11554 0.36299 -0.24507 0.040409 -0.082331 0.11049 -0.42357 0.087565 0.077181 -0.43485 -0.07339 0.20601 -0.74339 0.10035 0.17774 -0.753 -0.085845 0.12839 -0.7942 0.089058 0.10572 -0.8117 0.017851 -0.043795 0.60328
-0.12147 0.02906 0.34047 0.146 -0.008617 0.30288 0.021308 -0.012687 0.40848 0.0033416 -0.0047453 0.068351 -0.054575 -0.001175 -0.051139 0.050931 -0.001175 -0.05477 -0.22459 0.097092 0.10555 0.2029 0.018986 0.044678 -0.33102 -0.11133 0.054896 0.25095 -0.2107 0.0041237 -0.38743 -0.14632 0.1001 0.298 -0.26485 0.036434 -0.082323 0.11054 -0.42355 0.087515 0.077152 -0.43486 -0.073409 0.20616 -0.74335 0.10028 0.17782 -0.75297 -0.08588 0.12854 -0.79413 0.088948 0.1058 -0.81166 0.017695 -0.043462 0.6033
-0.12151 0.02907 0.34029 0.14594 -0.0084086 0.30288 0.021249 -0.01245 0.40849 0.0033191 -0.0046892 0.068356 -0.054565 -0.0012151 -0.051149 0.050922 -0.0012151 -0.054777 -0.21058 0.077169 0.096027 0.20307 0.018773 0.044561 -0.29987 -0.14551 0.049714 0.20994 -0.21582 -0.0075808 -0.33213 -0.20493 0.078465 0.21656 -0.27532 0.020304 -0.082308 0.11057 -0.42354 0.087475 0.077135 -0.43487 -0.073433 0.20629 -0.74331 0.10021 0.17791 -0.75294 -0.085909 0.12866 -0.79408 0.088847 0.10587 -0.81162 0.017555 -0.043157 0.60332
-0.12155 0.029072 0.34014 0.14588 -0.0081831 0.30289 0.021196 -0.012225 0.4085 0.0032991 -0.0046331 0.068361 -0.054552 -0.0012489 -0.051162 0.050913 -0.0012489 -0.054785 -0.19648 0.057093 0.087336 0.20264 0.017232 0.044342 -0.26605 -0.17048 0.051124 0.16857 -0.21152 -0.015019 -0.28259 -0.24801 0.056932 0.13332 -0.27554 0.0036836 -0.082314 0.11058 -0.42354 0.087424 0.077146 -0.43487 -0.073497 0.2064 -0.74328 0.10011 0.17801 -0.75292 -0.085964 0.12875 -0.79404 0.088734 0.10597 -0.81159 0.017413 -0.042844 0.60334
-0.12162 0.029057 0.34001 0.14581 -0.0079231 0.30289 0.021133 -0.011995 0.40851 0.0032742 -0.0045689 0.068366 -0.054525 -0.0012794 -0.05119 0.050905 -0.0012794 -0.054792 -0.18658 0.044004 0.082116 0.2005 0.01485 0.044029 -0.21694 -0.18418 0.051714 0.1227 -0.19988 -0.0097555 -0.24227 -0.26413 0.042102 0.063667 -0.26527 -0.00092289 -0.082367 0.11058 -0.42355 0.087335 0.077205 -0.43487 -0.073639 0.20649 -0.74327 0.099956 0.17815 -0.75289 -0.086077 0.12883 -0.79402 0.088587 0.10611 -0.81155 0.017249 -0.042485 0.60337
-0.1217 0.029025 0.33987 0.14572 -0.0076322 0.3029 0.021055 -0.011757 0.40852 0.0032423 -0.0044945 0.068373 -0.054481 -0.0013067 -0.051237 0.050896 -0.0013067 -0.054799 -0.18179 0.039137 0.080514 0.198 0.012746 0.043673 -0.15385 -0.18598 0.049443 0.076166 -0.18272 0.0069557 -0.20356 -0.2553 0.035196 0.014395 -0.24672 0.0074907 -0.082474 0.11058 -0.42358 0.087213 0.077311 -0.43486 -0.073861 0.20656 -0.74327 0.099751 0.17833 -0.75286 -0.086252 0.12888 -0.794 0.088406 0.10628 -0.81152 0.017058 -0.042076 0.60341
-0.12179 0.02898 0.33973 0.14562 -0.007332 0.3029 0.020963 -0.011521 0.40854 0.0032059 -0.0044128 0.06838 -0.054417 -0.0013288 -0.051303 0.050887 -0.0013288 -0.054807 -0.18011 0.038616 0.080519 0.19854 0.012586 0.043358 -0.090126 -0.17653 0.046917 0.039642 -0.16156 0.025478 -0.14932 -0.23513 0.032775 -0.015106 -0.22426 0.019987 -0.082622 0.11058 -0.42363 0.087082 0.077447 -0.43484 -0.074134 0.20663 -0.7433 0.099524 0.17853 -0.75283 -0.08647 0.12893 -0.79401 0.088212 0.10646 -0.81148 0.016846 -0.041639 0.60345
-0.12189 0.028926 0.33956 0.14551 -0.0070424 0.30291 0.020861 -0.011294 0.40855 0.0031677 -0.0043269 0.068387 -0.054337 -0.0013437 -0.051387 0.050877 -0.0013437 -0.054816 -0.17945 0.0386 0.080296 0.20396 0.015135 0.04313 -0.039295 -0.15811 0.046433 0.020959 -0.13845 0.037214 -0.069236 -0.2169 0.03159 -0.02755 -0.20223 0.028376 -0.082798 0.11059 -0.42368 0.086966 0.077595 -0.43483 -0.074429 0.20671 -0.74334 0.099303 0.17872 -0.75281 -0.086712 0.12899 -0.79403 0.088025 0.10664 -0.81144 0.016623 -0.041195 0.60349
-0.12197 0.028861 0.33937 0.1454 -0.0067695 0.30291 0.020757 -0.011082 0.40856 0.003132 -0.0042417 0.068394 -0.054254 -0.0013529 -0.051475 0.050865 -0.0013529 -0.054827 -0.17796 0.036527 0.079541 0.20569 0.015412 0.042793 -0.013444 -0.14307 0.047386 0.0085513 -0.11841 0.041822 0.0021083 -0.2094 0.030513 -0.037313 -0.18458 0.03122 -0.082979 0.1106 -0.42374 0.08687 0.077747 -0.43481 -0.074721 0.20678 -0.74339 0.0991 0.17891 -0.75279 -0.086954 0.12905 -0.79407 0.087854 0.10679 -0.81139 0.016399 -0.040756 0.60354
-0.12204 0.028786 0.33918 0.1453 -0.006514 0.30292 0.020666 -0.010889 0.40858 0.0031038 -0.0041622 0.0684 -0.054186 -0.0013588 -0.051547 0.050854 -0.0013588 -0.054837 -0.1739 0.030333 0.078547 0.19115 0.006221 0.042057 -0.024087 -0.14762 0.048048 -0.016627 -0.10765 0.042155 0.012817 -0.21969 0.029242 -0.063266 -0.17511 0.029696 -0.083139 0.11061 -0.4238 0.086797 0.077893 -0.4348 -0.074985 0.20685 -0.74342 0.09892 0.17908 -0.75277 -0.087169 0.1291 -0.79409 0.087705 0.10694 -0.81133 0.016186 -0.040332 0.60358
-0.12209 0.028701 0.339 0.14522 -0.0062745 0.30293 0.020593 -0.010715 0.40859 0.0030857 -0.0040911 0.068405 -0.054143 -0.0013633 -0.051592 0.050844 -0.0013633 -0.054846 -0.16695 0.019968 0.077554 0.15366 -0.015226 0.041818 -0.073075 -0.17779 0.047124 -0.064885 -0.10914 0.041526 -0.060851 -0.24811 0.027778 -0.11515 -0.17488 0.026196 -0.083265 0.1106 -0.42383 0.086743 0.078031 -0.43478 -0.075209 0.20689 -0.74344 0.098765 0.17925 -0.75274 -0.087345 0.12912 -0.7941 0.087577 0.10707 -0.81127 0.015993 -0.039927 0.60363
-0.12213 0.028608 0.33882 0.14516 -0.0060443 0.30293 0.020532 -0.010555 0.4086 0.0030744 -0.0040246 0.06841 -0.054113 -0.0013655 -0.051623 0.050835 -0.0013655 -0.054854 -0.16052 0.010574 0.076664 0.10177 -0.040317 0.046034 -0.13729 -0.21329 0.044437 -0.12391 -0.11742 0.044429 -0.16978 -0.27771 0.026907 -0.17911 -0.17786 0.026237 -0.083371 0.11058 -0.42385 0.086699 0.078165 -0.43477 -0.075415 0.20692 -0.74346 0.098622 0.17941 -0.75272 -0.087502 0.12914 -0.7941 0.087462 0.10719 -0.81121 0.015814 -0.039537 0.60367
-0.12216 0.028513 0.33864 0.14509 -0.0058164 0.30294 0.020474 -0.010404 0.4086 0.0030656 -0.0039577 0.068414 -0.054084 -0.0013647 -0.051654 0.050828 -0.0013647 -0.054861 -0.15852 0.0079942 0.075965 0.046632 -0.058775 0.058893 -0.19025 -0.23018 0.040035 -0.17794 -0.12568 0.055306 -0.25458 -0.28921 0.027534 -0.23776 -0.17694 0.035577 -0.083476 0.11056 -0.42388 0.086655 0.078302 -0.43475 -0.075629 0.20694 -0.74347 0.098478 0.17957 -0.7527 -0.087664 0.12914 -0.7941 0.087349 0.1073 -0.81114 0.015643 -0.039158 0.6037
-0.1222 0.028419 0.33845 0.14502 -0.0055899 0.30294 0.020412 -0.010259 0.40861 0.0030573 -0.0038879 0.068418 -0.054049 -0.0013604 -0.051691 0.050822 -0.0013604 -0.054866 -0.16233 0.01414 0.075795 0.0037089 -0.064987 0.076749 -0.2239 -0.2204 0.035455 -0.2159 -0.12711 0.071385 -0.29593 -0.27531 0.030323 -0.28087 -0.16623 0.052256 -0.083587 0.11054 -0.42391 0.086605 0.078441 -0.43473 -0.07586 0.20696 -0.7435 0.098329 0.17972 -0.75268 -0.087838 0.12914 -0.7941 0.087232 0.10742 -0.81108 0.015477 -0.03879 0.60374
-0.12223 0.02833 0.33827 0.14495 -0.0053716 0.30294 0.020345 -0.010123 0.40862 0.0030496 -0.0038156 0.068423 -0.054016 -0.0013532 -0.051725 0.050818 -0.0013532 -0.05487 -0.17035 0.026377 0.076778 -0.0065443 -0.058732 0.0869 -0.25151 -0.19428 0.033948 -0.23214 -0.11488 0.081551 -0.32089 -0.24259 0.035667 -0.30648 -0.14123 0.065387 -0.083698 0.11053 -0.42394 0.086542 0.078574 -0.43471 -0.076088 0.20698 -0.74352 0.098178 0.17987 -0.75266 -0.088013 0.12913 -0.7941 0.087113 0.10754 -0.81103 0.015315 -0.038441 0.60378
-0.12226 0.028249 0.33808 0.14487 -0.0051681 0.30295 0.020273 -0.0099972 0.40863 0.0030429 -0.0037411 0.068427 -0.053991 -0.0013434 -0.051751 0.050816 -0.0013434 -0.054872 -0.18086 0.041859 0.07946 0.032436 -0.040772 0.078068 -0.28592 -0.16261 0.038385 -0.22083 -0.084589 0.075687 -0.35609 -0.19858 0.043758 -0.31096 -0.10001 0.064875 -0.083802 0.11053 -0.42396 0.086465 0.078693 -0.4347 -0.076297 0.20701 -0.74353 0.098032 0.18001 -0.75264 -0.088174 0.12914 -0.79409 0.086995 0.10766 -0.81099 0.015155 -0.038116 0.60382
-0.1223 0.028159 0.3379 0.14479 -0.0049801 0.30296 0.020196 -0.0098809 0.40864 0.0030372 -0.0036649 0.068432 -0.053976 -0.0013314 -0.051767 0.050816 -0.0013314 -0.054872 -0.19209 0.058132 0.083526 0.099759 -0.018023 0.05631 -0.32527 -0.13078 0.047376 -0.17206 -0.053654 0.056784 -0.4012 -0.1525 0.053132 -0.27131 -0.062842 0.052213 -0.083898 0.11053 -0.42397 0.086375 0.078797 -0.43469 -0.076486 0.20704 -0.74353 0.097891 0.18014 -0.75263 -0.088321 0.12915 -0.79407 0.086879 0.10778 -0.81097 0.014996 -0.037818 0.60385
-0.12234 0.028033 0.33771 0.14471 -0.0048053 0.30297 0.020112 -0.0097734 0.40865 0.0030319 -0.0035875 0.068436 -0.053968 -0.0013171 -0.051776 0.050819 -0.0013171 -0.05487 -0.20229 0.072949 0.088211 0.15475 -0.00064763 0.036836 -0.35997 -0.10139 0.057281 -0.073752 -0.051028 0.034757 -0.44165 -0.11445 0.061454 -0.15435 -0.06175 0.035014 -0.083991 0.11053 -0.42397 0.08628 0.078893 -0.43468 -0.076664 0.20708 -0.74353 0.097755 0.18026 -0.75261 -0.088457 0.12917 -0.79404 0.086768 0.1079 -0.81095 0.01484 -0.037548 0.60388
-0.12239 0.027855 0.33749 0.14462 -0.0046419 0.30298 0.020023 -0.0096734 0.40866 0.0030268 -0.0035096 0.06844 -0.053963 -0.0013009 -0.051781 0.050823 -0.0013009 -0.054866 -0.21013 0.084606 0.092841 0.16939 0.0045726 0.030722 -0.38326 -0.076341 0.065265 0.074051 -0.093091 0.017893 -0.46698 -0.090177 0.067618 0.049806 -0.11467 0.020148 -0.084083 0.11055 -0.42397 0.086186 0.078983 -0.43467 -0.076835 0.20712 -0.74352 0.097624 0.18038 -0.75259 -0.088586 0.12918 -0.79401 0.086664 0.108 -0.81092 0.014684 -0.037305 0.60391
-0.12245 0.027649 0.33727 0.14453 -0.0044899 0.30299 0.019933 -0.0095799 0.40866 0.0030218 -0.0034329 0.068444 -0.053961 -0.0012834 -0.051784 0.05083 -0.0012834 -0.054861 -0.21587 0.093338 0.097096 0.16155 0.0030748 0.033943 -0.39884 -0.055227 0.071465 0.22784 -0.15086 0.0084317 -0.48179 -0.06989 0.074947 0.26718 -0.18876 0.011628 -0.08417 0.11056 -0.42397 0.086096 0.07907 -0.43466 -0.076998 0.20716 -0.74351 0.097501 0.18048 -0.75258 -0.088707 0.1292 -0.79397 0.086568 0.1081 -0.8109 0.014532 -0.037083 0.60393
-0.1225 0.02745 0.33707 0.14444 -0.0043496 0.30301 0.019846 -0.0094918 0.40867 0.003017 -0.0033593 0.068448 -0.05396 -0.0012653 -0.051786 0.050836 -0.0012653 -0.054855 -0.22009 0.099809 0.10074 0.15912 0.0029564 0.03915 -0.41262 -0.03716 0.076666 0.33485 -0.18561 0.0072215 -0.49393 -0.040584 0.087646 0.40597 -0.24023 0.012761 -0.084248 0.11058 -0.42396 0.08601 0.07915 -0.43464 -0.077152 0.20721 -0.7435 0.09739 0.18058 -0.75256 -0.088819 0.12923 -0.79394 0.086482 0.10819 -0.81088 0.014388 -0.036875 0.60395
-0.12256 0.027274 0.33688 0.14436 -0.0042206 0.30302 0.01976 -0.0094094 0.40868 0.0030124 -0.0032884 0.068452 -0.053959 -0.001247 -0.051787 0.050843 -0.001247 -0.054849 -0.22312 0.10431 0.10343 0.17445 0.0079681 0.042217 -0.4242 -0.024487 0.080631 0.37161 -0.18365 0.012905 -0.50345 -0.0054299 0.10347 0.43127 -0.25133 0.022737 -0.084318 0.1106 -0.42396 0.085928 0.079224 -0.43464 -0.077296 0.20725 -0.74349 0.097289 0.18068 -0.75255 -0.088925 0.12925 -0.7939 0.086404 0.10828 -0.81086 0.01425 -0.036681 0.60398
-0.12262 0.027112 0.3367 0.14427 -0.0041009 0.30303 0.019664 -0.0093344 0.40869 0.003008 -0.0032167 0.068455 -0.053962 -0.0012276 -0.051784 0.050852 -0.0012276 -0.054842 -0.2249 0.10657 0.10472 0.19581 0.015124 0.044011 -0.42339 -0.024554 0.081545 0.36 -0.17005 0.020703 -0.49831 0.0073329 0.11015 0.39632 -0.24458 0.034368 -0.084394 0.11062 -0.42395 0.085842 0.079291 -0.43463 -0.077439 0.20729 -0.74347 0.097189 0.18076 -0.75253 -0.089034 0.12927 -0.79386 0.086326 0.10836 -0.81085 0.014105 -0.036507 0.604
-0.12269 0.026954 0.33652 0.14416 -0.003988 0.30305 0.01955 -0.0092685 0.4087 0.0030041 -0.0031406 0.068459 -0.053974 -0.0012066 -0.051772 0.050863 -0.0012066 -0.054832 -0.22525 0.10618 0.10414 0.21023 0.021035 0.045755 -0.40023 -0.044299 0.077573 0.32508 -0.17135 0.025708 -0.46684 -0.029777 0.09594 0.35858 -0.24452 0.040222 -0.084484 0.11064 -0.42393 0.085747 0.079348 -0.43462 -0.077586 0.20733 -0.74345 0.097084 0.18083 -0.75252 -0.089153 0.12929 -0.79382 0.086242 0.10842 -0.81083 0.013944 -0.036359 0.60402
-0.12277 0.026808 0.33633 0.14405 -0.0038717 0.30308 0.019429 -0.0092084 0.40871 0.0030042 -0.0030612 0.068463 -0.053995 -0.0011856 -0.051751 0.050876 -0.0011856 -0.05482 -0.22323 0.1021 0.10145 0.21555 0.024657 0.047699 -0.35956 -0.079419 0.068472 0.28206 -0.18898 0.02523 -0.41622 -0.10535 0.067015 0.33076 -0.25584 0.036975 -0.084577 0.11066 -0.42391 0.085646 0.079391 -0.43461 -0.077726 0.20737 -0.74342 0.09698 0.18089 -0.75251 -0.089269 0.12932 -0.79378 0.086158 0.10848 -0.81082 0.013778 -0.036236 0.60403
-0.12282 0.026692 0.33615 0.14398 -0.0037361 0.30312 0.01933 -0.0091474 0.40871 0.003014 -0.0029828 0.068466 -0.054021 -0.0011676 -0.051725 0.050888 -0.0011676 -0.054809 -0.21732 0.092736 0.09659 0.2173 0.026617 0.049394 -0.3167 -0.11761 0.055124 0.23919 -0.20651 0.018154 -0.36704 -0.18028 0.042356 0.29371 -0.2691 0.024223 -0.084642 0.11068 -0.42388 0.085552 0.079416 -0.43461 -0.077835 0.2074 -0.74339 0.096894 0.18093 -0.7525 -0.08936 0.12934 -0.79373 0.086089 0.10852 -0.81081 0.013631 -0.036126 0.60405
-0.12283 0.026619 0.33601 0.14395 -0.0035664 0.30317 0.019277 -0.0090784 0.40872 0.0030378 -0.0029081 0.068468 -0.054049 -0.0011549 -0.051696 0.050898 -0.0011549 -0.0548 -0.20669 0.07736 0.089763 0.22007 0.027462 0.050473 -0.28337 -0.14822 0.039185 0.20265 -0.21012 0.0049978 -0.33414 -0.22243 0.037336 0.23252 -0.2755 0.0032443 -0.084662 0.11069 -0.42385 0.085474 0.079418 -0.43461 -0.077901 0.20742 -0.74336 0.096836 0.18096 -0.75249 -0.089411 0.12935 -0.79368 0.086044 0.10855 -0.81081 0.013524 -0.036021 0.60405
-0.12283 0.026574 0.3359 0.14397 -0.0033532 0.30322 0.019253 -0.0089928 0.40872 0.0030731 -0.0028303 0.06847 -0.054074 -0.0011443 -0.05167 0.050902 -0.0011443 -0.054797 -0.19406 0.05939 0.082642 0.22287 0.02718 0.051035 -0.25227 -0.16965 0.026041 0.16919 -0.20103 -0.0057399 -0.30224 -0.23734 0.047952 0.15689 -0.27082 -0.016595 -0.084681 0.11069 -0.42383 0.085394 0.079412 -0.43462 -0.077978 0.20743 -0.74333 0.096772 0.18099 -0.75249 -0.089467 0.12934 -0.79365 0.085997 0.10857 -0.81081 0.013442 -0.035917 0.60406
-0.12284 0.02653 0.33582 0.14399 -0.0030887 0.30329 0.019233 -0.0088815 0.40873 0.0031153 -0.0027399 0.068471 -0.054088 -0.0011307 -0.051655 0.050897 -0.0011307 -0.054802 -0.18323 0.043539 0.077345 0.22297 0.025583 0.051329 -0.21019 -0.18313 0.022212 0.13265 -0.18516 -0.003118 -0.24674 -0.24226 0.064171 0.084145 -0.25232 -0.023456 -0.084762 0.11064 -0.42382 0.085287 0.079417 -0.43464 -0.078138 0.2074 -0.74333 0.096656 0.18102 -0.7525 -0.089593 0.1293 -0.79363 0.08591 0.1086 -0.81082 0.013366 -0.035811 0.60406
-0.1229 0.026468 0.33577 0.144 -0.0027687 0.30336 0.019195 -0.0087404 0.40874 0.0031603 -0.0026308 0.068473 -0.054086 -0.001111 -0.051658 0.05088 -0.001111 -0.054818 -0.17667 0.033231 0.074997 0.22021 0.023258 0.051441 -0.15279 -0.1891 0.029706 0.093392 -0.16799 0.016112 -0.15888 -0.24647 0.078042 0.029001 -0.22284 -0.013011 -0.08495 0.11055 -0.42385 0.085134 0.079446 -0.43466 -0.078436 0.20732 -0.74335 0.096452 0.18107 -0.75252 -0.089833 0.12921 -0.79364 0.085758 0.10865 -0.81084 0.013278 -0.0357 0.60406
-0.123 0.026371 0.33572 0.14399 -0.002396 0.30344 0.019132 -0.0085754 0.40875 0.0032057 -0.0025045 0.068476 -0.054056 -0.0010846 -0.05169 0.050855 -0.0010846 -0.054842 -0.17401 0.029188 0.074644 0.21983 0.022412 0.051127 -0.094231 -0.18641 0.041061 0.065448 -0.15421 0.039064 -0.063052 -0.24243 0.085979 0.00063763 -0.19685 0.0033002 -0.085252 0.11041 -0.4239 0.084927 0.0795 -0.4347 -0.078888 0.2072 -0.7434 0.096155 0.18115 -0.75255 -0.090201 0.12907 -0.79368 0.085537 0.10872 -0.81087 0.013178 -0.035583 0.60406
-0.12314 0.026225 0.33567 0.14395 -0.0019749 0.30352 0.019039 -0.0083937 0.40876 0.0032495 -0.0023633 0.068479 -0.053988 -0.0010519 -0.051761 0.050824 -0.0010519 -0.054871 -0.17448 0.031642 0.075085 0.2271 0.025188 0.050133 -0.050721 -0.17402 0.047899 0.063266 -0.14811 0.051388 0.012616 -0.22136 0.085104 0.0062544 -0.18953 0.012533 -0.08567 0.11023 -0.42399 0.084661 0.079576 -0.43474 -0.0795 0.20705 -0.74349 0.095763 0.18125 -0.75259 -0.0907 0.12889 -0.79377 0.085249 0.10881 -0.81091 0.013067 -0.035456 0.60407
-0.1233 0.026051 0.33561 0.14389 -0.0015159 0.30361 0.018932 -0.0081982 0.40877 0.0032967 -0.0022077 0.068482 -0.053897 -0.0010158 -0.051856 0.050788 -0.0010158 -0.054906 -0.17619 0.03763 0.075509 0.23429 0.028036 0.048854 -0.03158 -0.15823 0.047675 0.073563 -0.14847 0.050727 0.049733 -0.19222 0.075801 0.025892 -0.19911 0.011826 -0.08616 0.11002 -0.42411 0.084354 0.079665 -0.43478 -0.080227 0.20686 -0.74361 0.095303 0.18137 -0.75263 -0.09129 0.12868 -0.79387 0.084914 0.10891 -0.81096 0.012957 -0.035322 0.60407
-0.12344 0.025902 0.33556 0.14385 -0.0010354 0.30369 0.018848 -0.0079881 0.40878 0.0033589 -0.0020366 0.068484 -0.053816 -0.00098224 -0.051941 0.050747 -0.00098224 -0.054944 -0.17614 0.041144 0.07547 0.22121 0.021988 0.04831 -0.039586 -0.15233 0.0434 0.056636 -0.14881 0.046143 0.039172 -0.1809 0.061569 0.013711 -0.20772 0.0079217 -0.086633 0.10978 -0.42423 0.084048 0.07975 -0.43484 -0.080966 0.20664 -0.74372 0.094832 0.18149 -0.75267 -0.091884 0.12844 -0.79398 0.084577 0.10901 -0.81101 0.012868 -0.035188 0.60407
-0.12352 0.025825 0.33553 0.14388 -0.00054901 0.30378 0.018823 -0.0077631 0.40878 0.0034457 -0.0018497 0.068485 -0.053776 -0.00095639 -0.051984 0.0507 -0.00095639 -0.054987 -0.17193 0.037186 0.074638 0.17261 0.00025281 0.049252 -0.0754 -0.16698 0.038018 -0.01767 -0.14417 0.04553 -0.023816 -0.20844 0.045832 -0.065043 -0.20075 0.0067739 -0.087012 0.10952 -0.42432 0.08378 0.079814 -0.43489 -0.081628 0.20641 -0.74381 0.094401 0.18158 -0.75273 -0.092405 0.12818 -0.79406 0.084274 0.10909 -0.81106 0.012822 -0.035057 0.60406
-0.12354 0.025819 0.33554 0.14396 -6.1578e-05 0.30385 0.018862 -0.0075252 0.40879 0.0035498 -0.0016538 0.068485 -0.05377 -0.00093835 -0.05199 0.05065 -0.00093835 -0.055034 -0.16555 0.028744 0.073391 0.11152 -0.02707 0.050385 -0.12658 -0.19261 0.032453 -0.10478 -0.14189 0.045314 -0.1157 -0.25675 0.03063 -0.15976 -0.19107 0.0060664 -0.087301 0.10926 -0.42438 0.083549 0.079858 -0.43495 -0.082208 0.20616 -0.74387 0.094015 0.18165 -0.75278 -0.092852 0.12791 -0.79411 0.084008 0.10914 -0.81112 0.012847 -0.034921 0.60405
-0.12352 0.025859 0.33559 0.1441 0.00042634 0.30391 0.01896 -0.0072779 0.40879 0.0036571 -0.0014587 0.068484 -0.053779 -0.00092597 -0.051981 0.050598 -0.00092597 -0.055082 -0.16088 0.022234 0.072411 0.077428 -0.042629 0.049534 -0.17505 -0.21094 0.026759 -0.12802 -0.15457 0.036997 -0.20081 -0.29098 0.017406 -0.18316 -0.20337 -6.9083e-05 -0.087541 0.10901 -0.42443 0.083341 0.079888 -0.435 -0.082737 0.20592 -0.74392 0.09366 0.1817 -0.75284 -0.093256 0.12764 -0.79415 0.083764 0.10918 -0.81118 0.01297 -0.034763 0.60404
-0.12346 0.025926 0.33568 0.14426 0.00090898 0.30395 0.019106 -0.0070256 0.40878 0.003757 -0.0012715 0.068482 -0.053787 -0.00091737 -0.051972 0.050547 -0.00091737 -0.055129 -0.16069 0.022236 0.07224 0.093184 -0.036168 0.045629 -0.20883 -0.20981 0.021424 -0.045382 -0.18724 0.016605 -0.25535 -0.28817 0.0078202 -0.086378 -0.24878 -0.014435 -0.087761 0.10877 -0.42447 0.083142 0.07991 -0.43506 -0.083236 0.20569 -0.74397 0.093325 0.18175 -0.75289 -0.093642 0.1274 -0.79419 0.083531 0.10922 -0.81124 0.013201 -0.034578 0.60403
-0.12338 0.026011 0.33578 0.14444 0.0013654 0.30397 0.019276 -0.006775 0.40878 0.0038503 -0.0010911 0.06848 -0.053796 -0.00091144 -0.051963 0.0505 -0.00091144 -0.055172 -0.16448 0.02801 0.073019 0.13362 -0.017925 0.040779 -0.23353 -0.19474 0.018191 0.085084 -0.22315 -0.0067625 -0.28988 -0.25979 0.0041614 0.068519 -0.29932 -0.030979 -0.087962 0.10855 -0.42451 0.082945 0.07992 -0.43512 -0.083702 0.20549 -0.74401 0.093008 0.18177 -0.75294 -0.094007 0.12717 -0.79422 0.083305 0.10923 -0.81129 0.013483 -0.034384 0.60402
-0.1233 0.026108 0.33589 0.14461 0.0017724 0.30399 0.019445 -0.0065334 0.40877 0.0039395 -0.00091517 0.068478 -0.053811 -0.00090719 -0.051948 0.05046 -0.00090719 -0.055208 -0.17116 0.03787 0.074816 0.16551 -0.0016038 0.037625 -0.25779 -0.1743 0.018998 0.18861 -0.24198 -0.021859 -0.32084 -0.22324 0.0087608 0.20084 -0.32064 -0.042173 -0.088138 0.10835 -0.42454 0.082744 0.079917 -0.43517 -0.084127 0.2053 -0.74404 0.092708 0.18178 -0.75299 -0.094342 0.12696 -0.79424 0.083082 0.10923 -0.81135 0.013753 -0.034207 0.60401
-0.12323 0.026212 0.33599 0.14477 0.0021164 0.30399 0.019602 -0.0063098 0.40877 0.0040254 -0.00074454 0.068475 -0.053834 -0.00090395 -0.051925 0.050429 -0.00090395 -0.055237 -0.1798 0.050347 0.077689 0.17462 0.0063862 0.037244 -0.28592 -0.15287 0.024598 0.23362 -0.23652 -0.024343 -0.35644 -0.18821 0.021372 0.27401 -0.30164 -0.044617 -0.088285 0.10817 -0.42456 0.08254 0.079895 -0.43522 -0.084504 0.20512 -0.74406 0.092425 0.18177 -0.75304 -0.094645 0.12677 -0.79426 0.082863 0.10922 -0.8114 0.01399 -0.034063 0.60399
-0.12315 0.026321 0.33611 0.14493 0.0023965 0.30399 0.019762 -0.0061153 0.40876 0.0041064 -0.00058419 0.068471 -0.053864 -0.00090142 -0.051893 0.050405 -0.00090142 -0.055259 -0.18962 0.064245 0.081682 0.17094 0.0089261 0.038727 -0.3168 -0.12947 0.034237 0.24354 -0.21618 -0.01867 -0.39431 -0.15454 0.038463 0.30769 -0.26081 -0.040163 -0.088399 0.108 -0.42457 0.082341 0.079852 -0.43526 -0.084836 0.20496 -0.74407 0.092164 0.18174 -0.75309 -0.094916 0.1266 -0.79426 0.08265 0.10918 -0.81145 0.014234 -0.033955 0.60398
-0.12307 0.026434 0.33628 0.1451 0.0026127 0.30398 0.01994 -0.0059612 0.40875 0.0041807 -0.00043941 0.068468 -0.053902 -0.00089933 -0.051854 0.050385 -0.00089933 -0.055277 -0.19986 0.078385 0.086836 0.16603 0.0095005 0.041034 -0.3489 -0.10278 0.047064 0.24536 -0.19148 -0.0098678 -0.43142 -0.12142 0.056291 0.32517 -0.21859 -0.031005 -0.088478 0.10786 -0.42457 0.082155 0.079781 -0.43531 -0.085122 0.20483 -0.74406 0.091927 0.18169 -0.75313 -0.095156 0.12646 -0.79424 0.082447 0.10913 -0.81149 0.01453 -0.033889 0.60396
-0.12298 0.026551 0.33651 0.1453 0.0027649 0.30395 0.02015 -0.0058587 0.40874 0.0042467 -0.00031544 0.068465 -0.053947 -0.00089741 -0.051807 0.050369 -0.00089741 -0.055292 -0.20976 0.09159 0.093194 0.17143 0.011594 0.043128 -0.38074 -0.071451 0.062226 0.26609 -0.17294 -0.0029629 -0.46473 -0.088029 0.07111 0.34973 -0.19537 -0.019336 -0.088519 0.10775 -0.42456 0.081992 0.079679 -0.43536 -0.085363 0.20472 -0.74405 0.091719 0.18162 -0.75317 -0.095367 0.12634 -0.79422 0.082257 0.10907 -0.81154 0.014921 -0.033867 0.60394
-0.12288 0.026668 0.33684 0.14552 0.002853 0.30391 0.020408 -0.0058192 0.40873 0.0043024 -0.00021755 0.068461 -0.053999 -0.00089539 -0.051753 0.050354 -0.00089539 -0.055306 -0.21856 0.10268 0.1008 0.19872 0.018691 0.043969 -0.41081 -0.034172 0.078871 0.33273 -0.17106 -0.0029825 -0.4912 -0.053571 0.079178 0.40468 -0.2116 -0.007349 -0.08852 0.10767 -0.42454 0.081859 0.079542 -0.43541 -0.085559 0.20465 -0.74403 0.091542 0.18154 -0.7532 -0.09555 0.12626 -0.79418 0.082084 0.10899 -0.81158 0.015451 -0.033894 0.60393
