-0.14791 -0.01073 0.3216 0.13679 -0.0088693 0.33684 -0.0097945 -0.005519 0.40907 -0.00079105 -0.0035184 0.068502 -0.05573 0.00017665 -0.049891 0.053212 0.00017665 -0.052568 -0.25078 -0.12348 0.10399 0.18293 -0.12238 0.10097 -0.22203 -0.29673 0.26313 0.1888 -0.32406 0.2253 -0.22634 -0.34691 0.32873 0.18244 -0.39159 0.27262 -0.059444 0.075231 -0.43238 0.076522 0.090431 -0.43106 -0.035238 0.13657 -0.7597 0.053063 0.15318 -0.75817 -0.051558 0.10363 -0.84578 0.099644 0.15063 -0.83932 -0.0089067 -0.086648 0.58888
-0.14603 -0.009284 0.32121 0.1384 -0.01013 0.33691 -0.0081384 -0.0053131 0.40912 -0.00066487 -0.0033142 0.068513 -0.055539 1.4524e-05 -0.050104 0.053152 1.4524e-05 -0.05263 -0.23671 -0.086905 0.087293 0.17369 -0.11703 0.095437 -0.24448 -0.29792 0.20273 0.18924 -0.34756 0.20463 -0.23165 -0.36105 0.2365 0.17542 -0.41735 0.24932 -0.06051 0.075859 -0.43242 0.077099 0.090843 -0.43094 -0.036203 0.13708 -0.75976 0.053728 0.15351 -0.75808 -0.052474 0.10409 -0.84583 0.10032 0.15075 -0.83921 -0.0041814 -0.082981 0.59039
-0.14432 -0.0081059 0.32119 0.14008 -0.011347 0.33695 -0.0064329 -0.0055923 0.40916 -0.00055159 -0.0031573 0.068522 -0.055356 -0.00011156 -0.050307 0.053078 -0.00011156 -0.052704 -0.22554 -0.059213 0.075928 0.1678 -0.10823 0.090367 -0.23883 -0.28924 0.15579 0.17141 -0.34865 0.17406 -0.21836 -0.36115 0.17407 0.15934 -0.42187 0.21239 -0.061377 0.076408 -0.43247 0.077547 0.091217 -0.43086 -0.037003 0.13751 -0.75983 0.05423 0.1538 -0.75802 -0.053289 0.10438 -0.84584 0.10084 0.15087 -0.83913 -0.00029628 -0.079954 0.59176
-0.14277 -0.0071923 0.32145 0.14178 -0.01252 0.33697 -0.0047155 -0.006291 0.40918 -0.00044848 -0.0030428 0.068528 -0.055181 -0.00020802 -0.050498 0.052997 -0.00020802 -0.052785 -0.21684 -0.039046 0.06891 0.16462 -0.09712 0.085814 -0.21277 -0.27357 0.12064 0.14111 -0.33333 0.13832 -0.19146 -0.35075 0.13525 0.1364 -0.41041 0.16787 -0.062071 0.076888 -0.43253 0.077889 0.091555 -0.43081 -0.037662 0.13787 -0.75991 0.054601 0.15405 -0.75798 -0.053995 0.10455 -0.84584 0.10124 0.15097 -0.83908 0.0028677 -0.077536 0.59297
-0.14134 -0.00654 0.32189 0.14346 -0.013651 0.33695 -0.0030239 -0.0073437 0.40919 -0.00035281 -0.0029655 0.068532 -0.055019 -0.00028125 -0.050675 0.052913 -0.00028125 -0.052869 -0.21019 -0.025046 0.065255 0.16346 -0.084823 0.081826 -0.17399 -0.25374 0.095605 0.10412 -0.30763 0.1021 -0.15591 -0.33339 0.11382 0.10883 -0.38826 0.1218 -0.062625 0.077311 -0.4326 0.078149 0.09186 -0.43078 -0.038203 0.13816 -0.76 0.054869 0.15427 -0.75797 -0.054588 0.10462 -0.84583 0.10154 0.15107 -0.83904 0.0054296 -0.075698 0.59405
-0.14003 -0.0061462 0.32243 0.14508 -0.014744 0.33689 -0.0013956 -0.008685 0.40918 -0.00026186 -0.0029204 0.068534 -0.054869 -0.00033767 -0.050836 0.052832 -0.00033767 -0.05295 -0.20517 -0.015853 0.063981 0.16366 -0.072465 0.078456 -0.1302 -0.23263 0.079035 0.066236 -0.27756 0.070118 -0.11669 -0.31263 0.10359 0.078839 -0.36067 0.080215 -0.063065 0.077686 -0.43266 0.078349 0.092132 -0.43076 -0.038647 0.13841 -0.76008 0.055066 0.15446 -0.75797 -0.055058 0.10465 -0.84583 0.10177 0.15114 -0.83902 0.0075085 -0.074407 0.59497
-0.13882 -0.0060077 0.32296 0.14659 -0.015798 0.33679 0.00013181 -0.010249 0.40915 -0.00017289 -0.0029024 0.068535 -0.054736 -0.00038368 -0.050979 0.052757 -0.00038368 -0.053024 -0.20136 -0.010108 0.064103 0.16455 -0.061174 0.075753 -0.089094 -0.21309 0.069262 0.033244 -0.24915 0.047068 -0.078787 -0.29201 0.098344 0.048651 -0.33292 0.049154 -0.063422 0.078026 -0.43271 0.078511 0.092375 -0.43075 -0.039018 0.13861 -0.76016 0.055222 0.15461 -0.75797 -0.055399 0.10466 -0.84584 0.10195 0.15119 -0.839 0.0092234 -0.073633 0.59574
-0.13767 -0.0061214 0.3234 0.14795 -0.016816 0.33665 0.0015207 -0.011971 0.40911 -8.3189e-05 -0.0029065 0.068535 -0.054622 -0.0004257 -0.051101 0.052696 -0.0004257 -0.053085 -0.19835 -0.0064545 0.064639 0.16548 -0.052075 0.073769 -0.058363 -0.19798 0.064621 0.010933 -0.2284 0.037657 -0.047171 -0.27508 0.091888 0.020482 -0.31028 0.034653 -0.063725 0.078341 -0.43275 0.078658 0.092591 -0.43073 -0.039339 0.13879 -0.76023 0.055368 0.15475 -0.75797 -0.055605 0.10471 -0.84587 0.10212 0.15121 -0.83898 0.010694 -0.073346 0.59636
-0.1366 -0.0064708 0.32367 0.14913 -0.017794 0.33645 0.0027404 -0.013785 0.40905 7.8619e-06 -0.0029285 0.068534 -0.054525 -0.00046642 -0.051204 0.052646 -0.00046642 -0.053134 -0.19583 -0.0037934 0.064838 0.16596 -0.045906 0.072501 -0.043059 -0.18915 0.06346 0.0027879 -0.21912 0.04366 -0.025267 -0.26425 0.080128 -0.0038122 -0.29624 0.039313 -0.063997 0.078643 -0.43277 0.078804 0.092785 -0.43071 -0.039629 0.13894 -0.76028 0.055523 0.15486 -0.75796 -0.055686 0.1048 -0.84594 0.10229 0.1512 -0.83896 0.012004 -0.073507 0.59683
-0.13561 -0.006992 0.32383 0.15011 -0.018709 0.33621 0.0037841 -0.015628 0.40897 9.3494e-05 -0.0029681 0.068532 -0.054438 -0.00049571 -0.051296 0.052594 -0.00049571 -0.053186 -0.19391 -0.0019338 0.064767 0.16624 -0.042049 0.071758 -0.03905 -0.18503 0.064159 0.004289 -0.21738 0.056688 -0.011115 -0.25801 0.066302 -0.023619 -0.2882 0.053816 -0.064242 0.07895 -0.43279 0.078932 0.092977 -0.43069 -0.039894 0.13909 -0.76032 0.055666 0.15497 -0.75796 -0.055714 0.10493 -0.84602 0.10244 0.15118 -0.83895 0.01312 -0.074048 0.59716
-0.13476 -0.0076109 0.32391 0.1509 -0.019535 0.33594 0.0046505 -0.017438 0.40889 0.00016535 -0.0030253 0.06853 -0.05435 -0.00050064 -0.051389 0.052518 -0.00050064 -0.053261 -0.19279 -0.00088081 0.064667 0.1667 -0.039594 0.071312 -0.040217 -0.18327 0.065109 0.0091839 -0.21757 0.066148 -0.0015864 -0.254 0.055237 -0.038598 -0.2822 0.066263 -0.064459 0.079278 -0.4328 0.079022 0.093192 -0.4307 -0.040136 0.13925 -0.76037 0.055767 0.15508 -0.75799 -0.055774 0.10508 -0.84609 0.10254 0.15116 -0.83897 0.013981 -0.074897 0.59737
-0.13409 -0.0082559 0.32397 0.15149 -0.020246 0.33563 0.0053385 -0.019154 0.40881 0.00021547 -0.0031007 0.068526 -0.054253 -0.00046885 -0.051492 0.0524 -0.00046885 -0.053377 -0.19265 -0.00062237 0.064765 0.16769 -0.037659 0.07094 -0.04071 -0.18166 0.064779 0.011512 -0.2144 0.062135 0.0062559 -0.25 0.051488 -0.048433 -0.27454 0.065472 -0.064648 0.079646 -0.43283 0.07905 0.093451 -0.43075 -0.040359 0.13944 -0.76043 0.055798 0.15522 -0.75806 -0.055943 0.1052 -0.84615 0.10257 0.15118 -0.83904 0.014532 -0.07598 0.59749
-0.13359 -0.008898 0.32405 0.15189 -0.020836 0.3353 0.0058585 -0.020757 0.40872 0.00024283 -0.0031959 0.068522 -0.05414 -0.0003975 -0.051611 0.052238 -0.0003975 -0.053535 -0.19328 -0.00086109 0.06509 0.16922 -0.035819 0.070554 -0.039239 -0.17985 0.063014 0.010219 -0.20747 0.046253 0.012186 -0.24617 0.055068 -0.053249 -0.26524 0.052349 -0.064809 0.080053 -0.43287 0.079006 0.093759 -0.43084 -0.040572 0.13966 -0.76051 0.055742 0.15539 -0.75818 -0.056139 0.10535 -0.8462 0.10252 0.15124 -0.83915 0.014752 -0.077261 0.59751
-0.13325 -0.0095431 0.32414 0.15214 -0.021314 0.33496 0.00623 -0.02226 0.40863 0.0002521 -0.0033138 0.068516 -0.054012 -0.00029168 -0.051746 0.052044 -0.00029168 -0.053725 -0.19413 -0.0010628 0.065501 0.17099 -0.03403 0.070174 -0.038297 -0.17907 0.060797 0.0083174 -0.20048 0.02966 0.013353 -0.24464 0.062222 -0.053538 -0.25748 0.037828 -0.064941 0.080484 -0.43293 0.07889 0.094104 -0.43097 -0.040786 0.1399 -0.76061 0.055594 0.15558 -0.75833 -0.056151 0.10559 -0.84634 0.10238 0.15133 -0.83929 0.014654 -0.078729 0.59746
-0.13305 -0.010198 0.32424 0.15224 -0.021691 0.33463 0.0064727 -0.023678 0.40855 0.00024815 -0.0034576 0.068509 -0.053868 -0.00015668 -0.051896 0.05183 -0.00015668 -0.053932 -0.19463 -0.00068618 0.065851 0.1727 -0.032258 0.069827 -0.040491 -0.18061 0.059147 0.0089444 -0.19724 0.023799 0.0068256 -0.24761 0.069081 -0.049802 -0.25449 0.033144 -0.065046 0.080923 -0.43301 0.078701 0.094476 -0.43111 -0.041016 0.14015 -0.76073 0.055348 0.1558 -0.7585 -0.055766 0.10599 -0.84662 0.10214 0.15147 -0.83945 0.014255 -0.080373 0.59733
-0.13297 -0.01086 0.32435 0.15224 -0.021976 0.33431 0.0066055 -0.025015 0.40846 0.0002348 -0.0036276 0.0685 -0.053709 1.7177e-06 -0.052061 0.051606 1.7177e-06 -0.054146 -0.19449 0.00050142 0.066046 0.17414 -0.03055 0.069533 -0.046966 -0.18487 0.058756 0.013782 -0.19985 0.035248 -0.0079721 -0.25576 0.072697 -0.043081 -0.25788 0.044833 -0.065125 0.081358 -0.43311 0.078444 0.094864 -0.43127 -0.041266 0.1404 -0.76088 0.055009 0.15604 -0.75868 -0.054894 0.10659 -0.84707 0.10181 0.15165 -0.83962 0.013581 -0.082159 0.59714
-0.13299 -0.011496 0.32447 0.15213 -0.02218 0.334 0.0066434 -0.026245 0.40839 0.00021273 -0.0038164 0.06849 -0.053536 0.00017638 -0.052239 0.051381 0.00017638 -0.05436 -0.19406 0.0018035 0.066147 0.17541 -0.029187 0.069297 -0.054461 -0.18972 0.059335 0.020133 -0.20524 0.055926 -0.024529 -0.26521 0.072898 -0.036045 -0.2642 0.065279 -0.065182 0.08179 -0.43322 0.078135 0.095254 -0.43144 -0.041521 0.14065 -0.76104 0.054604 0.1563 -0.75887 -0.053831 0.10726 -0.84759 0.10142 0.15187 -0.8398 0.012708 -0.083976 0.59692
-0.13309 -0.012069 0.3246 0.15194 -0.022314 0.33371 0.0066012 -0.027336 0.40831 0.00018206 -0.0040154 0.068479 -0.053353 0.00035991 -0.052425 0.05116 0.00035991 -0.054567 -0.19386 0.0023493 0.066245 0.17668 -0.028496 0.069125 -0.058891 -0.19253 0.06041 0.024476 -0.20935 0.075001 -0.035003 -0.27119 0.070032 -0.031667 -0.26911 0.084213 -0.065224 0.082222 -0.43335 0.077793 0.095634 -0.43161 -0.04176 0.14091 -0.76121 0.054167 0.15657 -0.75905 -0.052944 0.10786 -0.84806 0.101 0.1521 -0.83996 0.011717 -0.085699 0.59668
-0.13326 -0.012541 0.32473 0.15169 -0.022386 0.33342 0.0064935 -0.028261 0.40825 0.00014298 -0.0042162 0.068467 -0.05316 0.00054504 -0.052618 0.05095 0.00054504 -0.054762 -0.19436 0.0013359 0.066424 0.1781 -0.028776 0.069019 -0.056506 -0.19091 0.061545 0.023554 -0.20842 0.082339 -0.032185 -0.26935 0.064529 -0.032678 -0.26854 0.092031 -0.065254 0.082656 -0.43348 0.077435 0.095993 -0.43177 -0.041963 0.14119 -0.76138 0.05373 0.15685 -0.75922 -0.052576 0.10824 -0.84835 0.10058 0.15234 -0.84012 0.010685 -0.087211 0.59646
-0.13348 -0.012917 0.32486 0.15138 -0.022411 0.33314 0.0063353 -0.029022 0.4082 9.6964e-05 -0.0044145 0.068455 -0.052965 0.00072664 -0.052813 0.050755 0.00072664 -0.05494 -0.19554 -0.0010954 0.066695 0.17965 -0.029929 0.068971 -0.048248 -0.18554 0.062787 0.017786 -0.20265 0.077469 -0.017635 -0.26064 0.057923 -0.038463 -0.26263 0.08839 -0.065273 0.083087 -0.43361 0.077075 0.096325 -0.43192 -0.042127 0.14149 -0.76155 0.053307 0.15712 -0.75937 -0.052723 0.10842 -0.84848 0.10018 0.15258 -0.84027 0.0096464 -0.088505 0.59626
-0.13375 -0.013224 0.325 0.15104 -0.022401 0.33288 0.0061419 -0.029652 0.40816 4.6415e-05 -0.0046093 0.068442 -0.052773 0.00090108 -0.053003 0.050577 0.00090108 -0.055101 -0.19702 -0.0041121 0.067017 0.18119 -0.03157 0.068965 -0.038494 -0.17938 0.064539 0.010274 -0.19515 0.066997 0.00066646 -0.24994 0.052557 -0.045958 -0.25461 0.079734 -0.065278 0.083507 -0.43374 0.076721 0.096632 -0.43206 -0.042264 0.1418 -0.76171 0.052898 0.15739 -0.75952 -0.053128 0.10849 -0.84851 0.099795 0.15282 -0.84039 0.0086 -0.089657 0.59607
-0.13404 -0.013493 0.32515 0.1507 -0.02237 0.33264 0.0059286 -0.030181 0.40813 -6.2395e-06 -0.0047998 0.068429 -0.05259 0.0010648 -0.053181 0.050419 0.0010648 -0.055243 -0.19843 -0.0068664 0.067345 0.18258 -0.033305 0.068985 -0.031696 -0.17543 0.067214 0.0041847 -0.18905 0.057688 0.014596 -0.24218 0.050793 -0.052044 -0.24779 0.072651 -0.065265 0.083907 -0.43386 0.07638 0.096914 -0.43218 -0.042384 0.14208 -0.76186 0.052505 0.15764 -0.75964 -0.053532 0.10856 -0.84854 0.099432 0.15305 -0.8405 0.0075444 -0.090741 0.59586
-0.13435 -0.013745 0.32531 0.15035 -0.022327 0.33242 0.0057098 -0.030631 0.4081 -5.8672e-05 -0.004985 0.068415 -0.052423 0.001215 -0.053342 0.050281 0.001215 -0.055366 -0.19948 -0.0087797 0.067647 0.18373 -0.034841 0.069018 -0.0305 -0.17543 0.071044 0.0015331 -0.18638 0.053959 0.019103 -0.24039 0.053889 -0.054773 -0.24428 0.071323 -0.065235 0.08428 -0.43397 0.076056 0.097174 -0.43229 -0.042495 0.14235 -0.762 0.052124 0.15787 -0.75975 -0.053762 0.1087 -0.84861 0.099086 0.15327 -0.84059 0.0064875 -0.091808 0.59563
-0.13467 -0.013967 0.32549 0.15003 -0.022268 0.33224 0.0054973 -0.031006 0.40807 -0.00010882 -0.0051634 0.068402 -0.052271 0.0013507 -0.053488 0.050162 0.0013507 -0.05547 -0.20023 -0.0099802 0.06792 0.18468 -0.03614 0.069063 -0.032818 -0.17777 0.075798 0.0013246 -0.18612 0.054069 0.017187 -0.24254 0.060217 -0.055271 -0.24306 0.073598 -0.065198 0.084618 -0.43407 0.075744 0.097412 -0.43238 -0.042605 0.14258 -0.76212 0.051751 0.15807 -0.75985 -0.053885 0.1089 -0.84873 0.098746 0.15346 -0.84066 0.0054621 -0.092836 0.5954
-0.13497 -0.014145 0.32567 0.14974 -0.022188 0.33207 0.0053022 -0.031304 0.40805 -0.00015467 -0.0053337 0.068389 -0.052135 0.0014714 -0.053617 0.05006 0.0014714 -0.055559 -0.20077 -0.010711 0.068168 0.18549 -0.037209 0.069118 -0.035793 -0.18034 0.081165 0.0020762 -0.18677 0.055279 0.013157 -0.24576 0.067681 -0.055163 -0.2426 0.076301 -0.065169 0.084918 -0.43416 0.075438 0.097632 -0.43246 -0.04272 0.14279 -0.76224 0.05138 0.15826 -0.75993 -0.054009 0.10911 -0.84884 0.0984 0.15363 -0.84073 0.0045047 -0.093794 0.59516
-0.13524 -0.014266 0.32586 0.14949 -0.022083 0.33194 0.0051349 -0.031526 0.40803 -0.00019434 -0.0054946 0.068376 -0.052013 0.0015767 -0.053732 0.049972 0.0015767 -0.055636 -0.20119 -0.011206 0.068391 0.18624 -0.038056 0.069184 -0.036821 -0.1812 0.08674 0.0024292 -0.18695 0.055089 0.010976 -0.24744 0.074247 -0.055905 -0.24156 0.07655 -0.065158 0.085172 -0.43424 0.07513 0.097835 -0.43252 -0.042848 0.14295 -0.76234 0.051003 0.15842 -0.75999 -0.054222 0.1093 -0.84893 0.098035 0.15376 -0.84079 0.0036499 -0.094653 0.59492
-0.13548 -0.014345 0.32603 0.14928 -0.021951 0.33184 0.0049946 -0.031685 0.40802 -0.00022763 -0.0056463 0.068364 -0.051907 0.0016691 -0.053833 0.049898 0.0016691 -0.0557 -0.20154 -0.011603 0.068591 0.18694 -0.038721 0.069258 -0.036249 -0.18075 0.090985 0.0024701 -0.18684 0.053771 0.010623 -0.24781 0.078604 -0.056992 -0.24041 0.074895 -0.065172 0.08538 -0.43431 0.074819 0.098025 -0.43258 -0.042995 0.14309 -0.76243 0.050617 0.15857 -0.76005 -0.054433 0.10948 -0.84902 0.09765 0.15387 -0.84084 0.0029089 -0.095405 0.5947
-0.1357 -0.014415 0.3262 0.1491 -0.021795 0.33175 0.0048733 -0.031806 0.40801 -0.00025537 -0.0057901 0.068352 -0.051815 0.0017523 -0.053918 0.049836 0.0017523 -0.055752 -0.2018 -0.011979 0.068767 0.18757 -0.039262 0.069335 -0.036325 -0.18091 0.091628 0.0032176 -0.18758 0.053389 0.0095006 -0.2489 0.07991 -0.056653 -0.24085 0.074094 -0.065211 0.085542 -0.43437 0.074507 0.098205 -0.43262 -0.043166 0.14318 -0.76252 0.05022 0.15871 -0.7601 -0.05443 0.10968 -0.84917 0.097248 0.15396 -0.84089 0.0022777 -0.096059 0.59451
-0.1359 -0.014509 0.32637 0.14893 -0.021617 0.33168 0.0047626 -0.031914 0.40801 -0.00027846 -0.0059272 0.06834 -0.05174 0.0018305 -0.053988 0.049787 0.0018305 -0.055794 -0.20198 -0.012408 0.068919 0.18813 -0.039739 0.06941 -0.039324 -0.1836 0.086396 0.0057037 -0.19034 0.05603 0.0049775 -0.25277 0.077335 -0.053102 -0.24457 0.076939 -0.065274 0.085659 -0.43443 0.074193 0.09838 -0.43266 -0.043369 0.14324 -0.76259 0.04981 0.15883 -0.76013 -0.054001 0.10994 -0.84943 0.096831 0.15403 -0.84092 0.0017522 -0.096622 0.59433
-0.13611 -0.014646 0.32653 0.14877 -0.021421 0.33161 0.004657 -0.032025 0.408 -0.00029757 -0.0060583 0.068328 -0.05168 0.0019062 -0.054042 0.04975 0.0019062 -0.055824 -0.20209 -0.012925 0.069051 0.1886 -0.040199 0.069482 -0.046142 -0.18957 0.074846 0.010366 -0.19558 0.062688 -0.0040177 -0.2602 0.071097 -0.04553 -0.2522 0.084809 -0.06536 0.085734 -0.43448 0.073881 0.098549 -0.43268 -0.043603 0.14327 -0.76266 0.049388 0.15895 -0.76016 -0.053219 0.11024 -0.84977 0.096404 0.1541 -0.84095 0.0013235 -0.097106 0.59419
-0.13632 -0.01481 0.32669 0.14862 -0.021218 0.33154 0.0045562 -0.032135 0.40799 -0.000313 -0.0061836 0.068317 -0.051635 0.0019784 -0.054083 0.049721 0.0019784 -0.055848 -0.20219 -0.013474 0.069181 0.18902 -0.040654 0.069552 -0.054519 -0.19688 0.060729 0.01628 -0.20212 0.071852 -0.01498 -0.26896 0.063813 -0.035375 -0.26194 0.095838 -0.065462 0.085772 -0.43452 0.073574 0.098711 -0.4327 -0.043858 0.14326 -0.76272 0.048963 0.15905 -0.76018 -0.052807 0.11045 -0.85002 0.095971 0.15416 -0.84097 0.00097287 -0.097531 0.59407
-0.13652 -0.014979 0.32685 0.14847 -0.021018 0.33149 0.004461 -0.032242 0.40798 -0.00032494 -0.006303 0.068306 -0.051601 0.0020459 -0.054112 0.049697 0.0020459 -0.055866 -0.20232 -0.013987 0.069328 0.18939 -0.041116 0.069625 -0.061752 -0.20321 0.048384 0.022331 -0.20857 0.08166 -0.024904 -0.27644 0.058436 -0.024387 -0.27163 0.10771 -0.065573 0.08578 -0.43456 0.073278 0.098861 -0.43271 -0.044119 0.14324 -0.76278 0.048543 0.15915 -0.76019 -0.053579 0.11039 -0.84995 0.095536 0.1542 -0.84099 0.00067974 -0.09792 0.59395
-0.13672 -0.015134 0.32703 0.14834 -0.020832 0.33144 0.004372 -0.032339 0.40797 -0.00033365 -0.0064165 0.068295 -0.051579 0.0021074 -0.054131 0.049675 0.0021074 -0.055884 -0.20254 -0.014403 0.069508 0.18974 -0.04159 0.069701 -0.065396 -0.20646 0.041772 0.02744 -0.21359 0.090277 -0.031053 -0.28025 0.057613 -0.01426 -0.27924 0.11819 -0.065687 0.085764 -0.43459 0.072997 0.098995 -0.43273 -0.044374 0.14319 -0.76282 0.048137 0.15922 -0.76021 -0.05623 0.10992 -0.84938 0.095104 0.15424 -0.84102 0.00042464 -0.098291 0.59385
-0.13692 -0.015263 0.32721 0.14821 -0.020663 0.33139 0.0042872 -0.032418 0.40796 -0.00033959 -0.0065235 0.068285 -0.051565 0.0021628 -0.054142 0.049655 0.0021628 -0.055899 -0.20278 -0.014753 0.069701 0.19006 -0.042064 0.069779 -0.065551 -0.20682 0.041168 0.030872 -0.2166 0.096111 -0.033311 -0.28071 0.061007 -0.0061354 -0.28404 0.12578 -0.065796 0.085733 -0.43461 0.072735 0.099109 -0.43275 -0.044614 0.14313 -0.76286 0.047753 0.15928 -0.76023 -0.060268 0.10914 -0.84843 0.094686 0.15425 -0.84106 0.00019675 -0.098648 0.59374
-0.13711 -0.015362 0.32739 0.1481 -0.020515 0.33135 0.0042035 -0.032468 0.40796 -0.00034334 -0.006623 0.068276 -0.051558 0.0022122 -0.054147 0.049637 0.0022122 -0.055913 -0.20293 -0.015114 0.069864 0.19033 -0.042513 0.069851 -0.063757 -0.20576 0.044752 0.032091 -0.21743 0.097709 -0.033046 -0.27959 0.066587 -0.00083919 -0.28601 0.12943 -0.065896 0.085695 -0.43463 0.072493 0.099201 -0.43276 -0.044833 0.14306 -0.76289 0.047397 0.15931 -0.76025 -0.06453 0.10826 -0.84738 0.094296 0.15426 -0.84109 -9.7717e-06 -0.098987 0.59363
-0.1373 -0.015423 0.32755 0.14798 -0.020387 0.33132 0.0041179 -0.03248 0.40796 -0.0003455 -0.0067142 0.068267 -0.051555 0.0022561 -0.054148 0.049624 0.0022561 -0.055923 -0.20285 -0.015567 0.069956 0.19052 -0.042912 0.069911 -0.061568 -0.20476 0.050683 0.030565 -0.21591 0.093631 -0.031642 -0.2787 0.072304 0.00080859 -0.28515 0.12808 -0.065981 0.085659 -0.43465 0.072274 0.099268 -0.43278 -0.045027 0.14298 -0.76292 0.047077 0.15933 -0.76026 -0.067851 0.10748 -0.84651 0.09395 0.15426 -0.84112 -0.00020073 -0.099302 0.59351
-0.13747 -0.015446 0.32768 0.14787 -0.020277 0.33128 0.0040296 -0.03245 0.40796 -0.00034637 -0.0067967 0.068258 -0.051556 0.0022949 -0.054145 0.049615 0.0022949 -0.05593 -0.20249 -0.016149 0.069958 0.19063 -0.04325 0.069953 -0.059947 -0.20468 0.057488 0.026434 -0.21234 0.084007 -0.030053 -0.27906 0.07688 -0.0015662 -0.28171 0.12158 -0.066047 0.085628 -0.43466 0.072079 0.09931 -0.4328 -0.045193 0.14291 -0.76295 0.046793 0.15933 -0.76028 -0.069607 0.10694 -0.84597 0.093652 0.15426 -0.84115 -0.00037994 -0.09959 0.5934
-0.13763 -0.015437 0.3278 0.14776 -0.020175 0.33125 0.0039424 -0.032383 0.40796 -0.00034568 -0.0068716 0.068251 -0.05156 0.002329 -0.05414 0.049608 0.002329 -0.055934 -0.20194 -0.016814 0.0699 0.19066 -0.043547 0.069983 -0.058672 -0.20517 0.064437 0.021188 -0.20795 0.072111 -0.028364 -0.28017 0.080569 -0.0074434 -0.27643 0.11161 -0.0661 0.085601 -0.43466 0.071904 0.099337 -0.43281 -0.045337 0.14283 -0.76297 0.046536 0.15932 -0.7603 -0.070268 0.10658 -0.84569 0.093391 0.15426 -0.84117 -0.00054734 -0.099851 0.59328
-0.13777 -0.015406 0.3279 0.14766 -0.020071 0.33123 0.0038607 -0.03229 0.40797 -0.00034311 -0.00694 0.068244 -0.051568 0.0023589 -0.054131 0.049603 0.0023589 -0.055938 -0.2013 -0.017503 0.069816 0.19065 -0.043824 0.070005 -0.057378 -0.20572 0.070888 0.016476 -0.20406 0.061595 -0.026561 -0.28131 0.083812 -0.016196 -0.27014 0.10005 -0.066144 0.085574 -0.43467 0.071747 0.099357 -0.43283 -0.045469 0.14274 -0.76299 0.046296 0.15929 -0.76032 -0.070435 0.10633 -0.84554 0.093151 0.15425 -0.84119 -0.00070235 -0.10009 0.59317
-0.13791 -0.015361 0.32801 0.14757 -0.019955 0.3312 0.0037885 -0.032179 0.40798 -0.00033836 -0.0070032 0.068238 -0.05158 0.0023853 -0.054119 0.049598 0.0023853 -0.055941 -0.20066 -0.018162 0.069739 0.19059 -0.044102 0.070023 -0.055811 -0.2059 0.076167 0.013758 -0.20186 0.055689 -0.024701 -0.2819 0.086934 -0.027059 -0.26365 0.088749 -0.066184 0.085543 -0.43467 0.071603 0.09938 -0.43284 -0.045593 0.14265 -0.763 0.046062 0.15926 -0.76033 -0.070656 0.1061 -0.84542 0.092919 0.15424 -0.8412 -0.00084407 -0.1003 0.59305
-0.13804 -0.015306 0.32812 0.14749 -0.019823 0.33119 0.0037261 -0.032056 0.40798 -0.00033155 -0.007062 0.068232 -0.051596 0.0024089 -0.054102 0.049592 0.0024089 -0.055946 -0.20009 -0.018761 0.069689 0.19051 -0.044385 0.070043 -0.054602 -0.20607 0.079327 0.012926 -0.20124 0.054083 -0.023465 -0.28222 0.08931 -0.03811 -0.25787 0.079205 -0.066224 0.085504 -0.43466 0.071467 0.099408 -0.43285 -0.04572 0.14254 -0.76301 0.045827 0.15921 -0.76035 -0.071055 0.10588 -0.84529 0.092686 0.15422 -0.84122 -0.00096857 -0.10048 0.59295
-0.13816 -0.015246 0.32823 0.14743 -0.019674 0.33118 0.0036725 -0.031924 0.40799 -0.00032298 -0.0071175 0.068226 -0.051617 0.0024305 -0.054082 0.049585 0.0024305 -0.05595 -0.19965 -0.01928 0.069677 0.19041 -0.04467 0.07007 -0.054833 -0.20698 0.079286 0.013085 -0.20148 0.054709 -0.023846 -0.28303 0.089841 -0.046854 -0.25374 0.072744 -0.066272 0.085453 -0.43466 0.071332 0.099439 -0.43286 -0.045856 0.14242 -0.76303 0.045587 0.15916 -0.76036 -0.071543 0.10565 -0.84516 0.092445 0.1542 -0.84124 -0.0010704 -0.10062 0.59285
-0.13827 -0.015185 0.32836 0.14738 -0.019508 0.33119 0.0036262 -0.031788 0.408 -0.00031296 -0.0071705 0.06822 -0.051641 0.0024512 -0.054057 0.049579 0.0024512 -0.055955 -0.19937 -0.0197 0.069713 0.19029 -0.044954 0.070111 -0.057569 -0.20936 0.07498 0.013341 -0.20184 0.055492 -0.026824 -0.28507 0.087439 -0.050809 -0.25221 0.070674 -0.066331 0.085386 -0.43465 0.071192 0.099471 -0.43287 -0.04601 0.14228 -0.76304 0.045337 0.15911 -0.76038 -0.07203 0.10539 -0.84504 0.092191 0.15416 -0.84126 -0.0011443 -0.10073 0.59277
-0.13839 -0.015122 0.32848 0.14734 -0.019329 0.33121 0.0035851 -0.031649 0.40801 -0.00030182 -0.0072212 0.068215 -0.05167 0.0024711 -0.054029 0.049572 0.0024711 -0.05596 -0.19928 -0.020028 0.069796 0.19017 -0.045235 0.070166 -0.062645 -0.21316 0.067041 0.013177 -0.20189 0.055244 -0.032202 -0.28836 0.082351 -0.049374 -0.25339 0.072939 -0.066402 0.085302 -0.43464 0.071045 0.099502 -0.43288 -0.046181 0.14213 -0.76305 0.045079 0.15905 -0.7604 -0.07246 0.10512 -0.84492 0.091926 0.15412 -0.84128 -0.0011911 -0.10079 0.5927
-0.1385 -0.01505 0.32861 0.14731 -0.019148 0.33125 0.0035459 -0.031501 0.40802 -0.00028998 -0.0072688 0.06821 -0.051699 0.002489 -0.054 0.049568 0.002489 -0.055963 -0.19927 -0.020314 0.069899 0.19003 -0.04552 0.07023 -0.067719 -0.21687 0.059082 0.012739 -0.2018 0.054336 -0.037711 -0.29166 0.077175 -0.045252 -0.25595 0.07708 -0.066476 0.085203 -0.43464 0.0709 0.099521 -0.43289 -0.046351 0.14196 -0.76306 0.044824 0.15898 -0.76042 -0.072839 0.10483 -0.84481 0.091663 0.15406 -0.8413 -0.0012231 -0.10083 0.59264
-0.13861 -0.01496 0.32872 0.14729 -0.018979 0.33128 0.0035049 -0.031339 0.40803 -0.00027785 -0.0073122 0.068205 -0.051727 0.0025037 -0.053973 0.049566 0.0025037 -0.055964 -0.19925 -0.020617 0.069991 0.18987 -0.045812 0.070293 -0.070228 -0.21886 0.055022 0.012242 -0.20175 0.053297 -0.040867 -0.2936 0.074748 -0.041485 -0.25841 0.080392 -0.066545 0.085095 -0.43463 0.070767 0.099519 -0.4329 -0.046504 0.14178 -0.76308 0.044588 0.15889 -0.76044 -0.073176 0.10457 -0.84471 0.09142 0.15398 -0.84133 -0.0012538 -0.10085 0.59259
-0.13871 -0.014844 0.32882 0.14726 -0.018834 0.33132 0.0034593 -0.031156 0.40804 -0.00026577 -0.0073503 0.068201 -0.051751 0.0025144 -0.053949 0.049568 0.0025144 -0.055962 -0.19912 -0.020982 0.070048 0.1897 -0.046117 0.070349 -0.068037 -0.21778 0.058074 0.011859 -0.20189 0.052531 -0.039601 -0.29302 0.077428 -0.040694 -0.25945 0.080536 -0.0666 0.084981 -0.43464 0.070656 0.09949 -0.43292 -0.046621 0.1416 -0.76309 0.04438 0.15878 -0.76046 -0.073482 0.10433 -0.84464 0.091209 0.15387 -0.84135 -0.0012947 -0.10086 0.59253
-0.1388 -0.014706 0.3289 0.14722 -0.018709 0.33134 0.0034116 -0.030954 0.40806 -0.00025378 -0.0073831 0.068198 -0.051772 0.0025215 -0.05393 0.049574 0.0025215 -0.055956 -0.19889 -0.021397 0.070065 0.18952 -0.046426 0.070398 -0.062082 -0.2142 0.066386 0.011464 -0.20192 0.051556 -0.034779 -0.29026 0.084149 -0.042499 -0.25895 0.07779 -0.066639 0.084867 -0.43464 0.070566 0.099437 -0.43293 -0.046706 0.14142 -0.76311 0.044203 0.15865 -0.76048 -0.073756 0.10412 -0.84458 0.091031 0.15374 -0.84137 -0.001345 -0.10085 0.59247
-0.13888 -0.014552 0.32896 0.14719 -0.018598 0.33137 0.0033666 -0.030735 0.40807 -0.00024175 -0.0074104 0.068195 -0.05179 0.0025266 -0.053912 0.049583 0.0025266 -0.055948 -0.19857 -0.02182 0.070053 0.18932 -0.04673 0.070441 -0.054642 -0.20957 0.075895 0.0108 -0.20133 0.049501 -0.028553 -0.28635 0.092349 -0.045209 -0.25728 0.073573 -0.066666 0.084758 -0.43465 0.070494 0.09937 -0.43295 -0.046764 0.14125 -0.76313 0.044053 0.15851 -0.7605 -0.073994 0.10393 -0.84454 0.090883 0.15359 -0.84139 -0.0013985 -0.10081 0.59241
-0.13895 -0.01439 0.32901 0.14717 -0.018491 0.33139 0.0033294 -0.030501 0.40809 -0.00022956 -0.0074324 0.068193 -0.051807 0.002531 -0.053895 0.049594 0.002531 -0.055938 -0.19819 -0.022212 0.070017 0.18913 -0.047018 0.070479 -0.047981 -0.20531 0.082571 0.0096152 -0.19965 0.045512 -0.023064 -0.28229 0.09948 -0.047142 -0.25482 0.069304 -0.066683 0.084658 -0.43465 0.070434 0.099296 -0.43296 -0.046805 0.14109 -0.76315 0.043926 0.15838 -0.76052 -0.074192 0.10377 -0.84451 0.090758 0.15344 -0.84141 -0.0014489 -0.10073 0.59237
-0.139 -0.014224 0.32905 0.14716 -0.018385 0.33141 0.0033013 -0.030255 0.4081 -0.00021719 -0.0074493 0.068191 -0.051824 0.0025351 -0.053879 0.049607 0.0025351 -0.055926 -0.19777 -0.022553 0.069966 0.18893 -0.047286 0.070514 -0.043348 -0.20225 0.084831 0.0078767 -0.19688 0.039853 -0.019469 -0.2788 0.10426 -0.047505 -0.25209 0.066038 -0.066693 0.084569 -0.43466 0.070386 0.099221 -0.43297 -0.046834 0.14093 -0.76317 0.043819 0.15825 -0.76054 -0.074352 0.10362 -0.84448 0.090652 0.15329 -0.84143 -0.0014919 -0.1006 0.59234
-0.13904 -0.014056 0.32908 0.14715 -0.01828 0.33143 0.0032784 -0.029998 0.40812 -0.00020479 -0.0074613 0.06819 -0.05184 0.0025379 -0.053863 0.049621 0.0025379 -0.055914 -0.19733 -0.02286 0.069901 0.18874 -0.047541 0.070545 -0.040413 -0.20023 0.084879 0.0058934 -0.19382 0.034519 -0.017406 -0.27621 0.10739 -0.046877 -0.24973 0.064267 -0.066697 0.084486 -0.43466 0.070347 0.099142 -0.43298 -0.046853 0.14079 -0.76318 0.043728 0.15812 -0.76056 -0.074491 0.10348 -0.84446 0.090562 0.15313 -0.84144 -0.001526 -0.10043 0.59233
-0.13907 -0.013885 0.3291 0.14714 -0.018178 0.33145 0.0032563 -0.029733 0.40814 -0.00019254 -0.0074689 0.068189 -0.051855 0.0025382 -0.053849 0.049635 0.0025382 -0.055901 -0.19687 -0.023151 0.069824 0.18855 -0.047788 0.070573 -0.038713 -0.19903 0.085249 0.0040032 -0.19131 0.031657 -0.016381 -0.27478 0.10971 -0.045956 -0.24842 0.064434 -0.066697 0.084403 -0.43467 0.070316 0.099055 -0.433 -0.046863 0.14064 -0.7632 0.04365 0.15798 -0.76057 -0.074626 0.10333 -0.84443 0.090483 0.15296 -0.84146 -0.0015499 -0.10021 0.59232
-0.1391 -0.013711 0.3291 0.14713 -0.018081 0.33147 0.0032314 -0.029461 0.40816 -0.00018057 -0.0074725 0.068188 -0.051868 0.002535 -0.053836 0.04965 0.002535 -0.055888 -0.19642 -0.023438 0.06974 0.18835 -0.048035 0.070598 -0.037829 -0.19845 0.087942 0.0024846 -0.19005 0.032888 -0.015892 -0.27465 0.11193 -0.04542 -0.24866 0.066693 -0.066695 0.084317 -0.43467 0.070292 0.098957 -0.43301 -0.046865 0.14049 -0.76322 0.043581 0.15784 -0.76059 -0.07477 0.10316 -0.84439 0.090413 0.15279 -0.84147 -0.001563 -0.099965 0.59233
-0.13913 -0.013537 0.3291 0.14711 -0.017987 0.33148 0.0032041 -0.029188 0.40817 -0.00016898 -0.0074725 0.068188 -0.051879 0.0025286 -0.053826 0.049664 0.0025286 -0.055876 -0.19599 -0.02368 0.069655 0.18814 -0.048279 0.070621 -0.037631 -0.19849 0.091689 0.0012486 -0.18968 0.03661 -0.015395 -0.27531 0.11369 -0.045826 -0.24961 0.069407 -0.06669 0.084229 -0.43468 0.070274 0.098852 -0.43302 -0.04686 0.14034 -0.76323 0.043521 0.15768 -0.76061 -0.074912 0.10299 -0.84435 0.090351 0.15261 -0.84149 -0.0015668 -0.099693 0.59235
-0.13915 -0.013363 0.3291 0.14709 -0.017897 0.33149 0.0031767 -0.028919 0.40819 -0.0001578 -0.0074697 0.068189 -0.051889 0.0025199 -0.053816 0.049678 0.0025199 -0.055864 -0.19564 -0.023818 0.069579 0.18794 -0.048516 0.070643 -0.038099 -0.19917 0.093973 6.5571e-05 -0.18946 0.03999 -0.014329 -0.27594 0.11427 -0.047686 -0.25 0.07026 -0.066684 0.084143 -0.43469 0.070262 0.098744 -0.43304 -0.046849 0.14019 -0.76325 0.043469 0.15753 -0.76063 -0.07503 0.10282 -0.84431 0.090297 0.15242 -0.84151 -0.0015637 -0.099408 0.59238
-0.13917 -0.01319 0.32909 0.14708 -0.017811 0.33151 0.0031513 -0.028662 0.40821 -0.00014708 -0.0074646 0.068189 -0.051898 0.0025097 -0.053808 0.04969 0.0025097 -0.055854 -0.1954 -0.023794 0.069519 0.18775 -0.048744 0.070667 -0.039217 -0.20056 0.092317 -0.0012828 -0.18865 0.040258 -0.012156 -0.27576 0.11293 -0.051479 -0.24857 0.067002 -0.066674 0.084062 -0.4347 0.070255 0.098635 -0.43306 -0.046833 0.14004 -0.76327 0.043425 0.15738 -0.76065 -0.075102 0.10265 -0.84429 0.090251 0.15224 -0.84153 -0.0015563 -0.099124 0.5924
-0.13919 -0.01302 0.32908 0.14707 -0.017725 0.33153 0.0031292 -0.02842 0.40822 -0.00013671 -0.0074582 0.06819 -0.051907 0.0024986 -0.0538 0.049702 0.0024986 -0.055844 -0.19528 -0.023592 0.069483 0.18758 -0.04896 0.070695 -0.041037 -0.2026 0.086105 -0.0025243 -0.18746 0.037434 -0.0093006 -0.27481 0.10932 -0.056357 -0.24568 0.060413 -0.066663 0.083985 -0.4347 0.070251 0.098529 -0.43307 -0.046813 0.1399 -0.76329 0.043386 0.15723 -0.76067 -0.075138 0.1025 -0.84428 0.090212 0.15207 -0.84155 -0.0015447 -0.098845 0.59243
-0.1392 -0.012854 0.32908 0.14707 -0.017635 0.33155 0.0031102 -0.028198 0.40824 -0.00012641 -0.0074512 0.068191 -0.051917 0.0024869 -0.053791 0.049712 0.0024869 -0.055835 -0.19528 -0.023257 0.069469 0.1874 -0.049167 0.070728 -0.043714 -0.20512 0.077261 -0.0027168 -0.18737 0.035354 -0.0075063 -0.27426 0.1036 -0.059657 -0.24393 0.05541 -0.066653 0.083908 -0.43471 0.070246 0.098426 -0.43309 -0.046796 0.13976 -0.7633 0.043348 0.15709 -0.76069 -0.075192 0.10234 -0.84426 0.090173 0.15191 -0.84157 -0.0015259 -0.098573 0.59247
-0.13922 -0.012694 0.32908 0.14707 -0.017536 0.33158 0.0030942 -0.028 0.40825 -0.00011585 -0.0074446 0.068192 -0.051928 0.0024748 -0.053781 0.049722 0.0024748 -0.055827 -0.19539 -0.022835 0.069481 0.18724 -0.049369 0.070769 -0.047407 -0.20794 0.067893 -0.00086971 -0.18997 0.038128 -0.0086104 -0.27536 0.095933 -0.058587 -0.24608 0.057205 -0.066649 0.083824 -0.43471 0.070236 0.098326 -0.4331 -0.046788 0.13962 -0.76332 0.043306 0.15695 -0.76071 -0.075318 0.10216 -0.84421 0.090127 0.15174 -0.84159 -0.0014965 -0.098308 0.59251
-0.13923 -0.012542 0.32909 0.14707 -0.017425 0.33162 0.0030805 -0.027829 0.40826 -0.00010482 -0.0074392 0.068192 -0.051942 0.0024626 -0.053768 0.049732 0.0024626 -0.055819 -0.19558 -0.022379 0.069517 0.18707 -0.049569 0.070819 -0.052098 -0.21083 0.059848 0.0036347 -0.19629 0.048602 -0.013876 -0.27897 0.086729 -0.051197 -0.25401 0.069471 -0.066653 0.083727 -0.43472 0.070218 0.098226 -0.43312 -0.046792 0.13947 -0.76333 0.043255 0.15682 -0.76073 -0.075561 0.10195 -0.84411 0.090071 0.15158 -0.84161 -0.0014545 -0.098051 0.59255
-0.13925 -0.012404 0.3291 0.14708 -0.017315 0.33166 0.0030666 -0.027685 0.40827 -9.3704e-05 -0.0074354 0.068193 -0.051957 0.0024497 -0.053754 0.049741 0.0024497 -0.055811 -0.1958 -0.021967 0.069566 0.1869 -0.049777 0.070877 -0.05681 -0.21333 0.053606 0.0094271 -0.20452 0.062895 -0.021507 -0.28389 0.077513 -0.040044 -0.2651 0.08765 -0.066666 0.083612 -0.43473 0.070193 0.098121 -0.43313 -0.0468 0.13931 -0.76335 0.043195 0.15669 -0.76075 -0.075902 0.10173 -0.84399 0.090003 0.15141 -0.84163 -0.0014031 -0.097804 0.5926
-0.13927 -0.012284 0.32912 0.14709 -0.017219 0.33171 0.0030491 -0.027566 0.40828 -8.306e-05 -0.0074332 0.068193 -0.051973 0.0024354 -0.05374 0.04975 0.0024354 -0.055804 -0.196 -0.021684 0.069613 0.18674 -0.050004 0.070939 -0.060249 -0.21491 0.049188 0.014479 -0.21192 0.074887 -0.028689 -0.28824 0.070188 -0.029178 -0.27519 0.10446 -0.066688 0.083472 -0.43474 0.070161 0.098001 -0.43316 -0.046798 0.13912 -0.76337 0.043128 0.15654 -0.76077 -0.076302 0.10155 -0.84386 0.089925 0.15122 -0.84166 -0.0013474 -0.097567 0.59266
-0.1393 -0.01219 0.32914 0.14709 -0.017156 0.33176 0.0030249 -0.027473 0.40828 -7.3443e-05 -0.0074328 0.068193 -0.051986 0.0024191 -0.053727 0.049759 0.0024191 -0.055797 -0.1961 -0.021616 0.069646 0.18658 -0.050263 0.071001 -0.061154 -0.21506 0.04661 0.016805 -0.21578 0.078601 -0.032665 -0.29017 0.066608 -0.022565 -0.28024 0.11276 -0.066721 0.083303 -0.43476 0.070125 0.097857 -0.43318 -0.046773 0.13889 -0.76339 0.043055 0.15636 -0.7608 -0.076721 0.10143 -0.84377 0.089839 0.15102 -0.84169 -0.0012924 -0.097344 0.59271
-0.13934 -0.012119 0.32915 0.14708 -0.017129 0.3318 0.0029927 -0.027399 0.40829 -6.5202e-05 -0.0074333 0.068193 -0.051998 0.0024007 -0.053717 0.049768 0.0024007 -0.055789 -0.19608 -0.021765 0.069655 0.18642 -0.050556 0.07106 -0.059362 -0.21378 0.045613 0.015917 -0.21534 0.072666 -0.032484 -0.28917 0.067002 -0.021322 -0.27916 0.11061 -0.066759 0.08311 -0.43478 0.070088 0.097689 -0.43322 -0.046724 0.13862 -0.76343 0.042979 0.15616 -0.76084 -0.077131 0.10138 -0.84373 0.089749 0.15079 -0.84174 -0.0012431 -0.097133 0.59277
-0.13938 -0.012059 0.32916 0.14706 -0.017135 0.33183 0.0029537 -0.027331 0.40829 -5.8429e-05 -0.0074333 0.068193 -0.052008 0.0023809 -0.053708 0.049779 0.0023809 -0.05578 -0.19597 -0.022039 0.069643 0.18626 -0.050874 0.071114 -0.056033 -0.21172 0.045614 0.013128 -0.2122 0.061269 -0.02938 -0.28632 0.069637 -0.023135 -0.27446 0.10229 -0.066797 0.082908 -0.43481 0.070055 0.097506 -0.43325 -0.046665 0.13834 -0.76346 0.04291 0.15593 -0.76088 -0.077512 0.10134 -0.84371 0.08966 0.15054 -0.84179 -0.0012036 -0.096931 0.59283
-0.13943 -0.011995 0.32916 0.14703 -0.017166 0.33186 0.0029092 -0.027258 0.4083 -5.3201e-05 -0.0074308 0.068193 -0.052016 0.0023606 -0.053701 0.049793 0.0023606 -0.055769 -0.19578 -0.022339 0.069608 0.1861 -0.051208 0.071161 -0.052406 -0.20957 0.046006 0.0098585 -0.20807 0.048927 -0.024712 -0.28279 0.072665 -0.025485 -0.26885 0.092485 -0.066826 0.082716 -0.43484 0.070034 0.097317 -0.43328 -0.046611 0.13806 -0.7635 0.042856 0.1557 -0.76092 -0.077846 0.10127 -0.84369 0.089579 0.15027 -0.84184 -0.0011783 -0.096736 0.59288
-0.13947 -0.01192 0.32915 0.147 -0.017217 0.33188 0.0028605 -0.027169 0.4083 -4.9574e-05 -0.0074248 0.068194 -0.052022 0.0023403 -0.053696 0.049811 0.0023403 -0.055754 -0.19554 -0.022586 0.069553 0.18593 -0.05155 0.071199 -0.049548 -0.20791 0.046317 0.0072972 -0.20443 0.039403 -0.019699 -0.27963 0.074574 -0.026381 -0.26458 0.085047 -0.066841 0.082547 -0.43487 0.070028 0.097131 -0.43331 -0.046571 0.13781 -0.76354 0.042822 0.15546 -0.76095 -0.078133 0.1011 -0.84365 0.089509 0.14999 -0.84189 -0.0011705 -0.096544 0.59293
-0.13951 -0.011839 0.32914 0.14697 -0.017285 0.3319 0.0028078 -0.027074 0.40831 -4.7488e-05 -0.0074165 0.068195 -0.052027 0.0023205 -0.053692 0.049831 0.0023205 -0.055736 -0.19527 -0.02278 0.069484 0.18576 -0.051894 0.07123 -0.047731 -0.20696 0.046673 0.005571 -0.20156 0.032991 -0.014897 -0.27714 0.075417 -0.026266 -0.26169 0.080129 -0.066845 0.082398 -0.43489 0.070034 0.096949 -0.43334 -0.046544 0.13758 -0.76357 0.042804 0.15522 -0.76098 -0.078458 0.10081 -0.84353 0.089449 0.14971 -0.84194 -0.0011781 -0.096363 0.59297
-0.13956 -0.011763 0.32912 0.14692 -0.017367 0.33191 0.0027514 -0.026982 0.40832 -4.6855e-05 -0.0074081 0.068196 -0.052031 0.0023014 -0.053689 0.049854 0.0023014 -0.055717 -0.19498 -0.022946 0.069407 0.1856 -0.052235 0.071257 -0.046999 -0.20681 0.047375 0.0044996 -0.19942 0.028983 -0.01067 -0.27545 0.075694 -0.026289 -0.25958 0.076813 -0.066841 0.08226 -0.43491 0.07005 0.096773 -0.43336 -0.046522 0.13736 -0.76361 0.042792 0.15498 -0.76101 -0.078931 0.1004 -0.84327 0.089392 0.14943 -0.842 -0.0011978 -0.0962 0.593
-0.13961 -0.011705 0.3291 0.14688 -0.01746 0.33192 0.0026916 -0.026907 0.40832 -4.7585e-05 -0.0074015 0.068196 -0.052034 0.0022833 -0.053687 0.049876 0.0022833 -0.055698 -0.19471 -0.02311 0.069329 0.18545 -0.052567 0.071284 -0.047395 -0.20755 0.048722 0.003903 -0.19796 0.026673 -0.0073846 -0.27468 0.075907 -0.027595 -0.25764 0.07418 -0.066835 0.082126 -0.43493 0.07007 0.096601 -0.43338 -0.046497 0.13715 -0.76364 0.042778 0.15474 -0.76104 -0.079659 0.099843 -0.84281 0.089334 0.14916 -0.84205 -0.0012261 -0.096062 0.59303
-0.13966 -0.011675 0.32909 0.14683 -0.017561 0.33193 0.0026284 -0.026859 0.40833 -4.9589e-05 -0.0073989 0.068197 -0.052036 0.0022664 -0.053686 0.049896 0.0022664 -0.05568 -0.19447 -0.023296 0.069259 0.18534 -0.052885 0.071315 -0.048963 -0.20926 0.051014 0.0036009 -0.19714 0.025353 -0.0054044 -0.27495 0.076558 -0.031332 -0.25529 0.071311 -0.066832 0.081988 -0.43496 0.070089 0.096434 -0.4334 -0.046461 0.13694 -0.76368 0.042751 0.15449 -0.76107 -0.080754 0.099126 -0.84209 0.08927 0.14889 -0.8421 -0.0012595 -0.095958 0.59305
-0.13972 -0.011684 0.32907 0.14678 -0.017669 0.33194 0.002562 -0.026852 0.40833 -5.2775e-05 -0.0074023 0.068196 -0.052037 0.002251 -0.053685 0.049913 0.002251 -0.055665 -0.19428 -0.02353 0.069202 0.18526 -0.053184 0.071351 -0.051747 -0.21205 0.054551 0.0034132 -0.1969 0.024315 -0.0050949 -0.27637 0.078148 -0.038646 -0.25191 0.067288 -0.066837 0.081837 -0.43499 0.070105 0.096272 -0.43342 -0.046408 0.13673 -0.76371 0.042703 0.15423 -0.7611 -0.082324 0.098231 -0.84104 0.089195 0.14863 -0.84215 -0.0012948 -0.095895 0.59308
-0.13979 -0.011745 0.32906 0.14672 -0.017779 0.33196 0.0024927 -0.026896 0.40832 -5.7056e-05 -0.0074137 0.068195 -0.052038 0.0022374 -0.053685 0.049926 0.0022374 -0.055654 -0.19416 -0.023835 0.069166 0.18523 -0.053459 0.071397 -0.055789 -0.21601 0.059634 0.0031596 -0.1972 0.022852 -0.0068211 -0.27907 0.081179 -0.050684 -0.2469 0.061193 -0.066855 0.081665 -0.43502 0.070111 0.096116 -0.43344 -0.04633 0.13651 -0.76374 0.042625 0.15396 -0.76114 -0.084479 0.097145 -0.83961 0.089104 0.14839 -0.84219 -0.0013283 -0.095882 0.5931
