-0.10803 0.016838 0.34256 0.17781 -0.022837 0.32074 0.039377 -0.012597 0.40705 0.0065281 -0.0062339 0.068 -0.058645 0.0025076 -0.046363 0.049336 0.0025076 -0.056166 -0.2635 -0.0036346 0.12795 0.21729 -0.13582 0.083415 -0.25536 -0.14418 -0.062709 0.13142 -0.2958 0.23574 -0.25192 -0.15566 -0.14454 0.10786 -0.34653 0.29666 -0.10875 0.055761 -0.42924 0.02188 0.063945 -0.44011 -0.10375 0.13628 -0.75325 -0.026479 0.13092 -0.76363 -0.12862 0.089061 -0.83015 -0.0098195 0.071258 -0.8338 0.047025 -0.037949 0.60253
-0.10824 0.016817 0.34246 0.17694 -0.023743 0.32014 0.038868 -0.013515 0.40703 0.0065012 -0.0062095 0.068005 -0.058644 0.0024992 -0.046364 0.049333 0.0024992 -0.05617 -0.26113 0.0049989 0.12547 0.21628 -0.13265 0.084064 -0.25382 -0.1417 -0.066985 0.13027 -0.28945 0.23883 -0.25166 -0.15218 -0.14903 0.10763 -0.33569 0.30249 -0.10865 0.055691 -0.42927 0.021842 0.063946 -0.44011 -0.10367 0.13617 -0.75328 -0.02653 0.13086 -0.76364 -0.1285 0.088933 -0.83018 -0.0098421 0.071205 -0.83381 0.046529 -0.038604 0.60262
-0.10841 0.016815 0.3424 0.17615 -0.02449 0.31952 0.038465 -0.014221 0.40702 0.0064775 -0.0061832 0.06801 -0.058645 0.0024896 -0.046364 0.049329 0.0024896 -0.056174 -0.25867 0.013463 0.12336 0.21538 -0.12929 0.084107 -0.25209 -0.1376 -0.070923 0.12926 -0.28315 0.24118 -0.25117 -0.14703 -0.15314 0.10735 -0.32536 0.30728 -0.10855 0.055619 -0.42929 0.021806 0.063945 -0.44011 -0.10359 0.13607 -0.75331 -0.026579 0.13081 -0.76365 -0.12838 0.088808 -0.83021 -0.0098643 0.071152 -0.83382 0.046094 -0.039259 0.60267
-0.10856 0.016831 0.34239 0.17543 -0.025089 0.31887 0.038159 -0.014731 0.40701 0.0064567 -0.0061554 0.068015 -0.058647 0.0024789 -0.046362 0.049324 0.0024789 -0.056178 -0.25613 0.021754 0.1216 0.21458 -0.12579 0.083599 -0.25017 -0.13199 -0.074533 0.12838 -0.27694 0.24287 -0.25047 -0.14032 -0.15689 0.10703 -0.31556 0.31109 -0.10845 0.055546 -0.42931 0.02177 0.063942 -0.44011 -0.10352 0.13597 -0.75334 -0.026625 0.13075 -0.76366 -0.12826 0.088686 -0.83024 -0.0098859 0.0711 -0.83383 0.045716 -0.039915 0.60268
-0.10868 0.016863 0.34242 0.17478 -0.025551 0.31822 0.037944 -0.01506 0.40701 0.0064386 -0.0061263 0.068019 -0.058649 0.0024672 -0.04636 0.04932 0.0024672 -0.056182 -0.25353 0.029872 0.12017 0.21388 -0.12219 0.082598 -0.24809 -0.12496 -0.077827 0.12761 -0.27086 0.24393 -0.24956 -0.13216 -0.16028 0.10666 -0.30632 0.31399 -0.10835 0.055472 -0.42933 0.021735 0.063936 -0.44012 -0.10344 0.13587 -0.75337 -0.026669 0.13069 -0.76367 -0.12813 0.088567 -0.83027 -0.009907 0.071049 -0.83383 0.04539 -0.040572 0.60266
-0.10878 0.016909 0.34249 0.17419 -0.025888 0.31755 0.03781 -0.015225 0.40701 0.0064231 -0.0060959 0.068023 -0.058652 0.0024545 -0.046357 0.049316 0.0024545 -0.056187 -0.25086 0.037812 0.11905 0.21326 -0.11853 0.081159 -0.24585 -0.11663 -0.080816 0.12695 -0.26494 0.24442 -0.24848 -0.12266 -0.16332 0.10625 -0.29765 0.31605 -0.10825 0.055398 -0.42935 0.021701 0.063928 -0.44012 -0.10336 0.13578 -0.75339 -0.02671 0.13064 -0.76368 -0.12801 0.08845 -0.83029 -0.0099275 0.070999 -0.83384 0.045112 -0.041229 0.60261
-0.10886 0.016968 0.34259 0.17366 -0.026113 0.31687 0.037751 -0.015243 0.40701 0.00641 -0.0060646 0.068027 -0.058656 0.002441 -0.046353 0.049311 0.002441 -0.056191 -0.24815 0.045574 0.11822 0.21271 -0.11485 0.079339 -0.24348 -0.10709 -0.083511 0.12639 -0.25924 0.24439 -0.24723 -0.11193 -0.16604 0.10581 -0.28958 0.31734 -0.10815 0.055323 -0.42936 0.021668 0.063919 -0.44012 -0.10329 0.13568 -0.75341 -0.026748 0.13059 -0.76369 -0.12788 0.088336 -0.83032 -0.0099473 0.07095 -0.83385 0.044877 -0.041887 0.60252
-0.10891 0.017039 0.34272 0.17319 -0.026236 0.31619 0.037759 -0.015128 0.40702 0.006399 -0.0060324 0.068031 -0.05866 0.0024268 -0.046349 0.049307 0.0024268 -0.056196 -0.24539 0.053154 0.11768 0.21222 -0.11121 0.077195 -0.24098 -0.096448 -0.085922 0.12592 -0.25379 0.24391 -0.24582 -0.10008 -0.16844 0.10532 -0.28213 0.31792 -0.10805 0.055247 -0.42938 0.021636 0.063908 -0.44012 -0.10322 0.1356 -0.75343 -0.026784 0.13054 -0.7637 -0.12776 0.088226 -0.83034 -0.0099664 0.070902 -0.83386 0.04468 -0.042544 0.60242
-0.10896 0.017118 0.34288 0.17276 -0.026269 0.31551 0.037826 -0.014898 0.40702 0.00639 -0.0059997 0.068035 -0.058664 0.0024118 -0.046344 0.049302 0.0024118 -0.056201 -0.24261 0.060551 0.1174 0.21178 -0.10763 0.074782 -0.23838 -0.084805 -0.088061 0.12553 -0.24863 0.24301 -0.24429 -0.087217 -0.17054 0.1048 -0.27532 0.31786 -0.10795 0.055171 -0.4294 0.021606 0.063896 -0.44012 -0.10314 0.13551 -0.75345 -0.026817 0.13049 -0.76371 -0.12763 0.088119 -0.83036 -0.0099847 0.070855 -0.83386 0.044516 -0.043202 0.60228
-0.10898 0.017206 0.34306 0.17239 -0.026225 0.31484 0.037944 -0.014568 0.40703 0.0063828 -0.0059665 0.068038 -0.058669 0.0023963 -0.046338 0.049297 0.0023963 -0.056206 -0.2398 0.067762 0.11737 0.21138 -0.10417 0.072157 -0.2357 -0.072262 -0.089939 0.12521 -0.2438 0.24176 -0.24263 -0.073455 -0.17235 0.10425 -0.26917 0.31724 -0.10786 0.055095 -0.42941 0.021576 0.063883 -0.44013 -0.10307 0.13543 -0.75347 -0.026848 0.13044 -0.76372 -0.12751 0.088015 -0.83038 -0.010002 0.070809 -0.83387 0.044381 -0.043859 0.60213
-0.109 0.0173 0.34326 0.17206 -0.026113 0.31418 0.038106 -0.014155 0.40705 0.0063772 -0.0059331 0.068042 -0.058674 0.0023803 -0.046333 0.049292 0.0023803 -0.056211 -0.23697 0.074785 0.11757 0.21101 -0.10086 0.069377 -0.23294 -0.058924 -0.091566 0.12495 -0.23934 0.24021 -0.24088 -0.058902 -0.17388 0.10367 -0.26371 0.31612 -0.10776 0.055019 -0.42943 0.021548 0.063868 -0.44013 -0.103 0.13535 -0.75349 -0.026877 0.1304 -0.76373 -0.12738 0.087914 -0.83041 -0.010019 0.070763 -0.83388 0.044271 -0.044516 0.60196
-0.109 0.017399 0.34347 0.17176 -0.025947 0.31353 0.038304 -0.013675 0.40706 0.006373 -0.0058997 0.068045 -0.058679 0.0023639 -0.046327 0.049287 0.0023639 -0.056216 -0.23414 0.081617 0.11799 0.21065 -0.097748 0.066498 -0.23012 -0.044893 -0.092955 0.12474 -0.2353 0.2384 -0.23903 -0.043667 -0.17515 0.10306 -0.25895 0.31457 -0.10766 0.054942 -0.42945 0.021521 0.063852 -0.44013 -0.10293 0.13527 -0.7535 -0.026903 0.13036 -0.76374 -0.12726 0.087817 -0.83042 -0.010035 0.070719 -0.83388 0.04418 -0.045173 0.60177
-0.10899 0.017501 0.3437 0.1715 -0.025737 0.31289 0.03853 -0.013143 0.40707 0.00637 -0.0058664 0.068048 -0.058685 0.0023472 -0.046321 0.049281 0.0023472 -0.056222 -0.23132 0.088256 0.11861 0.21031 -0.094879 0.063576 -0.22725 -0.03027 -0.094115 0.12458 -0.23171 0.23641 -0.23712 -0.02786 -0.17618 0.10243 -0.25491 0.31265 -0.10757 0.054866 -0.42946 0.021496 0.063836 -0.44014 -0.10286 0.1352 -0.75352 -0.026927 0.13031 -0.76375 -0.12714 0.087724 -0.83044 -0.01005 0.070677 -0.83389 0.044104 -0.045829 0.60158
-0.10898 0.017604 0.34393 0.17128 -0.025496 0.31228 0.038777 -0.012576 0.40709 0.0063681 -0.0058335 0.068051 -0.05869 0.0023303 -0.046315 0.049276 0.0023303 -0.056227 -0.22851 0.0947 0.1194 0.20996 -0.092294 0.060668 -0.22436 -0.015159 -0.095058 0.12445 -0.22862 0.23427 -0.23515 -0.011591 -0.17696 0.10177 -0.25163 0.31044 -0.10747 0.05479 -0.42948 0.021472 0.063819 -0.44014 -0.10278 0.13513 -0.75353 -0.026948 0.13027 -0.76376 -0.12702 0.087634 -0.83046 -0.010064 0.070635 -0.8339 0.044038 -0.046485 0.60137
-0.10896 0.017708 0.34417 0.17108 -0.025234 0.31169 0.039036 -0.011991 0.40711 0.006367 -0.0058012 0.068054 -0.058695 0.0023132 -0.046309 0.04927 0.0023132 -0.056233 -0.22572 0.10095 0.12037 0.2096 -0.090035 0.05783 -0.22146 0.0003382 -0.095795 0.12435 -0.22606 0.23204 -0.23314 0.0050312 -0.17753 0.10109 -0.24911 0.30801 -0.10738 0.054714 -0.42949 0.021449 0.063801 -0.44015 -0.10271 0.13506 -0.75355 -0.026967 0.13024 -0.76377 -0.1269 0.087548 -0.83048 -0.010077 0.070595 -0.8339 0.043977 -0.047139 0.60116
-0.10894 0.017809 0.3444 0.1709 -0.024964 0.31112 0.039301 -0.011402 0.40712 0.0063665 -0.0057696 0.068057 -0.0587 0.0022961 -0.046304 0.049264 0.0022961 -0.056239 -0.22297 0.10699 0.12148 0.20921 -0.088146 0.055119 -0.21856 0.016119 -0.096336 0.12426 -0.22408 0.22977 -0.23111 0.021896 -0.17788 0.1004 -0.24738 0.30542 -0.10728 0.054639 -0.42951 0.021428 0.063783 -0.44015 -0.10264 0.135 -0.75356 -0.026984 0.1302 -0.76378 -0.12679 0.087466 -0.83049 -0.010089 0.070556 -0.83391 0.043917 -0.047793 0.60095
-0.10891 0.017907 0.34464 0.17074 -0.024697 0.31059 0.039563 -0.010827 0.40714 0.0063665 -0.0057389 0.068059 -0.058705 0.002279 -0.046298 0.049258 0.002279 -0.056245 -0.22025 0.11284 0.12273 0.20879 -0.086667 0.05259 -0.21569 0.03208 -0.096694 0.12418 -0.22272 0.22753 -0.22907 0.038894 -0.17804 0.099689 -0.24647 0.30274 -0.10719 0.054564 -0.42952 0.021409 0.063765 -0.44016 -0.10257 0.13493 -0.75357 -0.026998 0.13017 -0.76379 -0.12668 0.087388 -0.83051 -0.010099 0.070518 -0.83391 0.043854 -0.048446 0.60073
-0.10889 0.018 0.34486 0.1706 -0.024446 0.3101 0.039814 -0.010282 0.40715 0.0063668 -0.0057094 0.068062 -0.05871 0.0022621 -0.046293 0.049252 0.0022621 -0.056251 -0.21759 0.11848 0.12409 0.20833 -0.085643 0.050301 -0.21284 0.04812 -0.096878 0.12409 -0.22201 0.22535 -0.22704 0.055915 -0.17801 0.098964 -0.24639 0.30005 -0.10709 0.05449 -0.42954 0.021391 0.063747 -0.44016 -0.1025 0.13488 -0.75358 -0.027011 0.13013 -0.7638 -0.12658 0.087314 -0.83052 -0.010109 0.070482 -0.83392 0.043782 -0.049097 0.60052
-0.10887 0.018086 0.34508 0.17046 -0.02422 0.30964 0.040047 -0.0097816 0.40716 0.0063671 -0.0056812 0.068064 -0.058714 0.0022453 -0.046289 0.049246 0.0022453 -0.056257 -0.21498 0.12391 0.12556 0.20781 -0.085116 0.048308 -0.21005 0.064136 -0.096901 0.12399 -0.222 0.2233 -0.22504 0.072851 -0.17782 0.098228 -0.24716 0.2974 -0.107 0.054417 -0.42955 0.021374 0.063729 -0.44017 -0.10243 0.13482 -0.75359 -0.027021 0.1301 -0.76381 -0.12647 0.087244 -0.83053 -0.010118 0.070447 -0.83392 0.043697 -0.049747 0.60031
-0.10885 0.018164 0.34528 0.17034 -0.024033 0.30923 0.040255 -0.0093433 0.40718 0.0063673 -0.0056545 0.068066 -0.058718 0.0022289 -0.046285 0.049239 0.0022289 -0.056263 -0.21245 0.12914 0.12711 0.20722 -0.085129 0.046667 -0.20733 0.080026 -0.096772 0.12387 -0.22273 0.22142 -0.22307 0.08959 -0.17747 0.097484 -0.24881 0.29487 -0.1069 0.054345 -0.42957 0.02136 0.063712 -0.44017 -0.10235 0.13477 -0.75361 -0.027029 0.13007 -0.76382 -0.12638 0.087179 -0.83054 -0.010125 0.070413 -0.83393 0.043593 -0.050396 0.60012
-0.10884 0.018231 0.34546 0.17022 -0.023895 0.30886 0.040429 -0.0089827 0.40719 0.0063672 -0.0056295 0.068068 -0.058721 0.0022129 -0.046281 0.049233 0.0022129 -0.05627 -0.20999 0.13415 0.12873 0.20656 -0.085723 0.045435 -0.20468 0.095686 -0.096503 0.12372 -0.22424 0.21978 -0.22117 0.10602 -0.17698 0.096732 -0.25136 0.29252 -0.10681 0.054274 -0.42958 0.021347 0.063695 -0.44018 -0.10228 0.13472 -0.75362 -0.027035 0.13004 -0.76382 -0.12628 0.087118 -0.83055 -0.010131 0.070381 -0.83394 0.043468 -0.051043 0.59993
-0.10884 0.018288 0.34562 0.17009 -0.023818 0.30855 0.040562 -0.0087161 0.4072 0.0063666 -0.0056064 0.06807 -0.058724 0.0021974 -0.046279 0.049226 0.0021974 -0.056277 -0.20762 0.13895 0.1304 0.20581 -0.086943 0.044667 -0.20214 0.11101 -0.096105 0.12353 -0.22657 0.21842 -0.21934 0.12204 -0.17635 0.095976 -0.25483 0.29043 -0.10672 0.054204 -0.4296 0.021336 0.063678 -0.44019 -0.1022 0.13467 -0.75363 -0.027039 0.13002 -0.76383 -0.1262 0.087061 -0.83056 -0.010135 0.070351 -0.83394 0.043315 -0.051688 0.59976
-0.10885 0.018331 0.34575 0.16996 -0.023815 0.30829 0.040646 -0.0085596 0.4072 0.0063654 -0.0055854 0.068072 -0.058726 0.0021824 -0.046277 0.049219 0.0021824 -0.056283 -0.20534 0.14353 0.1321 0.20496 -0.08883 0.044421 -0.19971 0.12591 -0.09559 0.12329 -0.22976 0.2174 -0.21759 0.13754 -0.17561 0.095219 -0.25924 0.28866 -0.10662 0.054136 -0.42962 0.021327 0.063662 -0.44019 -0.10213 0.13462 -0.75364 -0.027041 0.12999 -0.76384 -0.12612 0.087009 -0.83057 -0.010139 0.070322 -0.83395 0.04313 -0.052332 0.5996
-0.10887 0.018359 0.34586 0.16982 -0.023896 0.30809 0.040673 -0.0085292 0.4072 0.0063632 -0.0055667 0.068074 -0.058727 0.0021681 -0.046276 0.049212 0.0021681 -0.05629 -0.20317 0.1479 0.13383 0.20401 -0.091428 0.044752 -0.1974 0.14027 -0.094967 0.12299 -0.23386 0.21677 -0.21595 0.15239 -0.17477 0.094461 -0.26461 0.28729 -0.10653 0.054068 -0.42964 0.02132 0.063647 -0.4402 -0.10205 0.13458 -0.75365 -0.02704 0.12997 -0.76385 -0.12604 0.086961 -0.83058 -0.01014 0.070295 -0.83395 0.042909 -0.052973 0.59947
-0.10891 0.018371 0.34593 0.16967 -0.024073 0.30795 0.040636 -0.0086412 0.4072 0.00636 -0.0055504 0.068075 -0.058727 0.0021546 -0.046277 0.049204 0.0021546 -0.056297 -0.20112 0.15205 0.13556 0.20294 -0.094778 0.045718 -0.19524 0.15399 -0.094248 0.12262 -0.23889 0.21658 -0.21443 0.16651 -0.17384 0.093706 -0.27097 0.28637 -0.10644 0.054003 -0.42966 0.021315 0.063634 -0.44021 -0.10198 0.13454 -0.75367 -0.027038 0.12995 -0.76386 -0.12597 0.086919 -0.83059 -0.010141 0.07027 -0.83396 0.042646 -0.053612 0.59935
-0.10896 0.018365 0.34596 0.1695 -0.024358 0.30788 0.040526 -0.0089116 0.4072 0.0063555 -0.0055369 0.068077 -0.058727 0.0021419 -0.046278 0.049197 0.0021419 -0.056304 -0.19919 0.15597 0.13727 0.20173 -0.098923 0.047374 -0.19324 0.16696 -0.093444 0.12217 -0.24491 0.21689 -0.21305 0.17977 -0.17283 0.092956 -0.27833 0.28598 -0.10634 0.053939 -0.42968 0.021311 0.063621 -0.44021 -0.1019 0.13451 -0.75368 -0.027034 0.12993 -0.76387 -0.12591 0.086881 -0.8306 -0.01014 0.070246 -0.83396 0.042338 -0.054249 0.59927
-0.10903 0.018339 0.34595 0.16931 -0.024762 0.30788 0.040337 -0.0093565 0.40719 0.0063496 -0.0055262 0.068078 -0.058725 0.0021301 -0.046281 0.049189 0.0021301 -0.056311 -0.19739 0.15966 0.13895 0.20039 -0.10391 0.049778 -0.19142 0.1791 -0.092567 0.12164 -0.25195 0.21775 -0.21182 0.19207 -0.17176 0.092214 -0.28672 0.28619 -0.10625 0.053877 -0.4297 0.02131 0.06361 -0.44022 -0.10182 0.13447 -0.75369 -0.027028 0.12992 -0.76388 -0.12586 0.086848 -0.8306 -0.010137 0.070224 -0.83397 0.041978 -0.054884 0.59921
-0.10912 0.018292 0.3459 0.1691 -0.025298 0.30795 0.04006 -0.0099922 0.40718 0.006342 -0.0055185 0.06808 -0.058722 0.0021194 -0.046285 0.049181 0.0021194 -0.056319 -0.19573 0.16313 0.14059 0.1989 -0.10977 0.052984 -0.18979 0.19028 -0.091626 0.12101 -0.26005 0.21921 -0.21076 0.20329 -0.17064 0.091481 -0.29615 0.28706 -0.10616 0.053817 -0.42972 0.021311 0.0636 -0.44023 -0.10174 0.13444 -0.75371 -0.02702 0.1299 -0.76389 -0.12582 0.08682 -0.83061 -0.010133 0.070204 -0.83398 0.041564 -0.055516 0.59918
-0.10924 0.018222 0.3458 0.16885 -0.025976 0.3081 0.039688 -0.010835 0.40716 0.0063326 -0.0055141 0.068081 -0.058718 0.0021097 -0.04629 0.049173 0.0021097 -0.056326 -0.19422 0.16637 0.14217 0.19724 -0.11656 0.057051 -0.18836 0.20042 -0.090634 0.12027 -0.26926 0.22133 -0.20989 0.21333 -0.16948 0.090759 -0.30666 0.28867 -0.10606 0.053759 -0.42974 0.021314 0.063592 -0.44024 -0.10165 0.13441 -0.75372 -0.02701 0.12989 -0.7639 -0.12578 0.086797 -0.83061 -0.010127 0.070185 -0.83398 0.04109 -0.056145 0.59919
-0.10937 0.018127 0.34564 0.16857 -0.026808 0.30834 0.039213 -0.0119 0.40714 0.0063212 -0.0055131 0.068082 -0.058713 0.0021013 -0.046297 0.049165 0.0021013 -0.056334 -0.19287 0.16938 0.14366 0.19542 -0.12431 0.062033 -0.18716 0.20941 -0.0896 0.11942 -0.27961 0.22416 -0.20921 0.22207 -0.1683 0.090052 -0.31826 0.29107 -0.10597 0.053703 -0.42977 0.021319 0.063586 -0.44025 -0.10157 0.13439 -0.75374 -0.026998 0.12988 -0.76391 -0.12575 0.086779 -0.83062 -0.010119 0.070169 -0.83399 0.040551 -0.056771 0.59924
-0.10954 0.018007 0.34544 0.16826 -0.027803 0.30866 0.038629 -0.013201 0.40711 0.0063076 -0.0055158 0.068083 -0.058706 0.0020941 -0.046306 0.049156 0.0020941 -0.056341 -0.19169 0.17216 0.14506 0.19341 -0.13306 0.067974 -0.18619 0.21715 -0.088537 0.11845 -0.29113 0.22775 -0.20875 0.22944 -0.16711 0.089363 -0.33095 0.29434 -0.10588 0.05365 -0.42979 0.021327 0.063582 -0.44025 -0.10149 0.13436 -0.75376 -0.026984 0.12987 -0.76392 -0.12573 0.086767 -0.83062 -0.01011 0.070154 -0.834 0.039944 -0.057395 0.59932
-0.10972 0.017863 0.34518 0.16791 -0.02895 0.30905 0.037944 -0.014718 0.40708 0.0062917 -0.005522 0.068084 -0.058699 0.0020881 -0.046316 0.049147 0.0020881 -0.056349 -0.19068 0.1747 0.14637 0.19126 -0.14271 0.0748 -0.18544 0.2237 -0.087454 0.11738 -0.30371 0.23201 -0.20849 0.23547 -0.16592 0.088704 -0.34464 0.29837 -0.10578 0.053598 -0.42982 0.021337 0.06358 -0.44026 -0.1014 0.13434 -0.75378 -0.026969 0.12986 -0.76393 -0.12572 0.086759 -0.83062 -0.010099 0.070142 -0.834 0.039276 -0.058013 0.59944
-0.10993 0.0177 0.34488 0.16752 -0.030226 0.3095 0.037172 -0.016423 0.40704 0.0062735 -0.0055317 0.068085 -0.05869 0.0020831 -0.046327 0.049139 0.0020831 -0.056357 -0.18981 0.17703 0.14758 0.18898 -0.15311 0.082393 -0.1849 0.22915 -0.086359 0.11624 -0.31718 0.23683 -0.20842 0.24028 -0.16473 0.088091 -0.35916 0.30302 -0.10569 0.053548 -0.42985 0.021348 0.063581 -0.44027 -0.10131 0.13432 -0.7538 -0.026953 0.12986 -0.76394 -0.12572 0.086755 -0.83063 -0.010087 0.070131 -0.83401 0.038556 -0.058625 0.5996
-0.11015 0.017522 0.34454 0.1671 -0.031609 0.31 0.036325 -0.018283 0.407 0.0062531 -0.0055446 0.068086 -0.058679 0.0020791 -0.046341 0.04913 0.0020791 -0.056365 -0.18909 0.17915 0.1487 0.18664 -0.16411 0.090629 -0.18455 0.23359 -0.085264 0.11506 -0.33137 0.2421 -0.20851 0.24398 -0.16356 0.087541 -0.37435 0.30815 -0.1056 0.053499 -0.42987 0.021362 0.063583 -0.44028 -0.10123 0.1343 -0.75382 -0.026937 0.12985 -0.76395 -0.12572 0.086753 -0.83063 -0.010073 0.070122 -0.83402 0.037797 -0.059227 0.59978
-0.11039 0.017333 0.34417 0.16665 -0.03308 0.31053 0.035418 -0.020267 0.40695 0.0062305 -0.0055607 0.068087 -0.058668 0.0020758 -0.046355 0.049121 0.0020758 -0.056373 -0.18849 0.18107 0.14972 0.18425 -0.17556 0.099389 -0.18437 0.23711 -0.084177 0.11387 -0.3461 0.2477 -0.20875 0.24668 -0.16241 0.08707 -0.39007 0.31362 -0.10551 0.053451 -0.4299 0.021377 0.063588 -0.44029 -0.10114 0.13428 -0.75384 -0.02692 0.12985 -0.76396 -0.12573 0.086752 -0.83063 -0.010059 0.070114 -0.83402 0.037008 -0.059818 0.59998
-0.11064 0.017137 0.34378 0.16617 -0.034615 0.31107 0.034465 -0.022345 0.40691 0.0062055 -0.0055798 0.068088 -0.058656 0.0020731 -0.046371 0.049111 0.0020731 -0.056381 -0.18802 0.18279 0.15066 0.18187 -0.18733 0.10855 -0.18433 0.23981 -0.083108 0.11271 -0.36121 0.25351 -0.20912 0.24851 -0.16129 0.086695 -0.40614 0.31927 -0.10542 0.053403 -0.42994 0.021393 0.063595 -0.4403 -0.10106 0.13426 -0.75387 -0.026904 0.12985 -0.76397 -0.12575 0.086752 -0.83064 -0.010043 0.070109 -0.83403 0.0362 -0.060395 0.6002
-0.1109 0.016937 0.34338 0.16566 -0.036193 0.31162 0.033479 -0.024485 0.40686 0.0061783 -0.0056018 0.068088 -0.058643 0.002071 -0.046388 0.049102 0.002071 -0.056389 -0.18765 0.18434 0.1515 0.17952 -0.19925 0.11799 -0.18442 0.24179 -0.082066 0.1116 -0.37652 0.25941 -0.20959 0.24957 -0.16021 0.086432 -0.42242 0.32497 -0.10534 0.053355 -0.42997 0.021411 0.063605 -0.4403 -0.10098 0.13425 -0.75389 -0.026889 0.12985 -0.76398 -0.12577 0.086751 -0.83064 -0.010027 0.070104 -0.83403 0.035385 -0.060955 0.60044
-0.11116 0.016739 0.34297 0.16513 -0.037793 0.31215 0.032474 -0.026656 0.40681 0.0061488 -0.0056265 0.068089 -0.058628 0.0020691 -0.046405 0.049093 0.0020691 -0.056397 -0.18739 0.18571 0.15227 0.17725 -0.21119 0.1276 -0.18461 0.24314 -0.08106 0.11058 -0.39187 0.26529 -0.21015 0.24998 -0.15917 0.086297 -0.43874 0.33058 -0.10525 0.053306 -0.43 0.02143 0.063617 -0.44031 -0.10091 0.13423 -0.75392 -0.026876 0.12985 -0.76399 -0.12579 0.086748 -0.83065 -0.010011 0.070101 -0.83404 0.034573 -0.061498 0.60068
-0.11142 0.016545 0.34256 0.16457 -0.039393 0.31266 0.031464 -0.028829 0.40676 0.006117 -0.0056538 0.06809 -0.058613 0.0020674 -0.046424 0.049083 0.0020674 -0.056405 -0.18721 0.18692 0.15294 0.1751 -0.22299 0.13724 -0.1849 0.24396 -0.080101 0.10968 -0.40709 0.27103 -0.21077 0.24984 -0.15819 0.086306 -0.45496 0.33593 -0.10517 0.053256 -0.43003 0.021449 0.063632 -0.44032 -0.10084 0.1342 -0.75394 -0.026864 0.12985 -0.764 -0.12582 0.086742 -0.83065 -0.009994 0.0701 -0.83405 0.033774 -0.06202 0.60093
-0.11168 0.01636 0.34216 0.16399 -0.040973 0.31312 0.030463 -0.03097 0.40671 0.0060829 -0.0056837 0.06809 -0.058598 0.0020658 -0.046444 0.049074 0.0020658 -0.056414 -0.18711 0.18797 0.15354 0.17311 -0.23451 0.14679 -0.18525 0.24434 -0.079197 0.10892 -0.42201 0.27651 -0.21145 0.24928 -0.15727 0.086477 -0.4709 0.3409 -0.1051 0.053205 -0.43007 0.02147 0.063649 -0.44033 -0.10078 0.13418 -0.75397 -0.026854 0.12985 -0.76401 -0.12585 0.086732 -0.83066 -0.0099772 0.0701 -0.83405 0.032999 -0.06252 0.60117
-0.11194 0.016188 0.34177 0.16339 -0.042509 0.31353 0.029483 -0.03305 0.40666 0.0060465 -0.0057158 0.068091 -0.058581 0.0020641 -0.046465 0.049064 0.0020641 -0.056422 -0.18708 0.18887 0.15406 0.1713 -0.2456 0.15615 -0.18565 0.24437 -0.078358 0.10834 -0.43645 0.28161 -0.21216 0.2484 -0.15641 0.086824 -0.48641 0.34533 -0.10502 0.053151 -0.4301 0.021491 0.063669 -0.44033 -0.10073 0.13415 -0.754 -0.026848 0.12985 -0.76402 -0.12588 0.086717 -0.83067 -0.0099605 0.070101 -0.83406 0.03226 -0.062995 0.60141
-0.11219 0.016033 0.34141 0.16277 -0.043981 0.31386 0.028539 -0.035037 0.40661 0.0060079 -0.0057502 0.068091 -0.058565 0.0020621 -0.046486 0.049055 0.0020621 -0.05643 -0.18711 0.18964 0.15449 0.16973 -0.25612 0.16517 -0.18609 0.24415 -0.077594 0.10798 -0.45024 0.28622 -0.21287 0.24732 -0.15563 0.087366 -0.50134 0.34909 -0.10495 0.053095 -0.43014 0.021512 0.063691 -0.44034 -0.10068 0.13412 -0.75403 -0.026844 0.12986 -0.76403 -0.12592 0.086697 -0.83068 -0.0099441 0.070103 -0.83406 0.031567 -0.063442 0.60163
-0.11242 0.0159 0.34107 0.16213 -0.045367 0.31411 0.027645 -0.036901 0.40656 0.0059669 -0.0057866 0.068092 -0.058547 0.0020598 -0.046508 0.049045 0.0020598 -0.056439 -0.18718 0.19028 0.15486 0.16843 -0.2659 0.17375 -0.18653 0.24378 -0.076913 0.10785 -0.46322 0.29021 -0.21358 0.24616 -0.15494 0.088117 -0.51553 0.35202 -0.10489 0.053037 -0.43017 0.021534 0.063717 -0.44035 -0.10065 0.13409 -0.75406 -0.026845 0.12986 -0.76403 -0.12595 0.086669 -0.83069 -0.0099282 0.070107 -0.83406 0.03093 -0.06386 0.60184
-0.11264 0.015791 0.34077 0.16148 -0.046645 0.31426 0.026814 -0.03861 0.40651 0.0059236 -0.005825 0.068092 -0.058529 0.0020569 -0.046531 0.049036 0.0020569 -0.056447 -0.18728 0.1908 0.15514 0.16744 -0.27481 0.18177 -0.18696 0.24335 -0.076326 0.108 -0.47522 0.29348 -0.21426 0.24502 -0.15433 0.089095 -0.52882 0.35398 -0.10483 0.052975 -0.43021 0.021556 0.063745 -0.44035 -0.10062 0.13405 -0.75409 -0.026849 0.12986 -0.76404 -0.12598 0.086633 -0.8307 -0.009913 0.070111 -0.83407 0.03036 -0.064246 0.60203
-0.11284 0.015711 0.34052 0.16082 -0.047795 0.31429 0.02606 -0.040134 0.40647 0.005878 -0.0058651 0.068092 -0.058511 0.0020534 -0.046554 0.049026 0.0020534 -0.056456 -0.18741 0.19121 0.15536 0.1668 -0.2827 0.18909 -0.18737 0.24295 -0.075842 0.10846 -0.48605 0.2959 -0.21489 0.24402 -0.15383 0.090316 -0.54105 0.35483 -0.10478 0.052909 -0.43024 0.021578 0.063777 -0.44036 -0.1006 0.134 -0.75412 -0.026859 0.12987 -0.76405 -0.12601 0.086588 -0.83072 -0.0098986 0.070116 -0.83407 0.029869 -0.064598 0.60219
-0.11302 0.015663 0.34032 0.16015 -0.048802 0.31419 0.025393 -0.041454 0.40643 0.0058303 -0.0059069 0.068093 -0.058492 0.002049 -0.046578 0.049017 0.002049 -0.056465 -0.18756 0.19152 0.1555 0.16652 -0.28948 0.19565 -0.18773 0.24266 -0.075466 0.10923 -0.49564 0.29742 -0.21545 0.24323 -0.15343 0.091785 -0.55213 0.35449 -0.10473 0.052839 -0.43028 0.021599 0.063811 -0.44036 -0.1006 0.13395 -0.75415 -0.026873 0.12987 -0.76405 -0.12604 0.086532 -0.83074 -0.0098853 0.070123 -0.83407 0.029462 -0.064915 0.60232
-0.11318 0.015643 0.34016 0.15947 -0.049672 0.31398 0.024811 -0.042582 0.40639 0.0057809 -0.0059503 0.068093 -0.058473 0.0020438 -0.046602 0.049007 0.0020438 -0.056474 -0.18772 0.19173 0.15558 0.16658 -0.29521 0.2015 -0.18804 0.24245 -0.075193 0.1103 -0.50402 0.29809 -0.21596 0.24265 -0.15313 0.093484 -0.5621 0.35306 -0.10468 0.052765 -0.43032 0.02162 0.063849 -0.44037 -0.1006 0.1339 -0.75418 -0.026893 0.12988 -0.76406 -0.12607 0.086467 -0.83076 -0.0098733 0.07013 -0.83407 0.029137 -0.065196 0.60243
-0.11331 0.015647 0.34005 0.15879 -0.050412 0.31366 0.024315 -0.043531 0.40636 0.0057306 -0.005995 0.068093 -0.058454 0.0020374 -0.046626 0.048996 0.0020374 -0.056484 -0.18788 0.19184 0.15559 0.16695 -0.29996 0.20669 -0.18832 0.24234 -0.075018 0.11165 -0.51128 0.298 -0.2164 0.24224 -0.15292 0.095392 -0.57101 0.35063 -0.10465 0.052686 -0.43035 0.021639 0.06389 -0.44037 -0.10062 0.13383 -0.75422 -0.02692 0.12988 -0.76406 -0.12609 0.086391 -0.83078 -0.0098629 0.070139 -0.83407 0.028889 -0.06544 0.60251
-0.11341 0.015673 0.33998 0.15811 -0.05103 0.31323 0.023901 -0.044318 0.40633 0.0056798 -0.006041 0.068094 -0.058435 0.0020298 -0.04665 0.048984 0.0020298 -0.056494 -0.18805 0.19186 0.15554 0.1676 -0.3038 0.21127 -0.18854 0.24229 -0.074934 0.11324 -0.51748 0.29722 -0.21679 0.24201 -0.1528 0.097486 -0.57893 0.34732 -0.10462 0.052601 -0.43039 0.021658 0.063936 -0.44038 -0.10066 0.13377 -0.75425 -0.026953 0.12988 -0.76407 -0.12612 0.086304 -0.8308 -0.0098544 0.07015 -0.83407 0.028714 -0.065649 0.60257
-0.11348 0.015718 0.33995 0.15744 -0.051532 0.31272 0.023569 -0.044956 0.40629 0.0056292 -0.0060882 0.068093 -0.058417 0.0020209 -0.046674 0.048971 0.0020209 -0.056507 -0.18821 0.19178 0.15544 0.16849 -0.30679 0.2153 -0.18873 0.24229 -0.074938 0.11505 -0.5227 0.29584 -0.21711 0.24191 -0.15276 0.099745 -0.58593 0.34323 -0.10459 0.052512 -0.43042 0.021674 0.063986 -0.44038 -0.1007 0.13369 -0.75428 -0.026994 0.12989 -0.76408 -0.12615 0.086207 -0.83083 -0.0098479 0.070162 -0.83407 0.028608 -0.06582 0.6026
-0.11352 0.015777 0.33995 0.15679 -0.051926 0.31212 0.023317 -0.045461 0.40626 0.0055794 -0.0061364 0.068093 -0.058398 0.0020104 -0.046698 0.048955 0.0020104 -0.056521 -0.18837 0.19162 0.15528 0.1696 -0.30902 0.21885 -0.18887 0.24234 -0.075021 0.11705 -0.52702 0.29394 -0.21738 0.24193 -0.1528 0.10215 -0.59205 0.33848 -0.10457 0.052416 -0.43046 0.021689 0.06404 -0.44039 -0.10076 0.13361 -0.75431 -0.027043 0.12989 -0.76408 -0.12618 0.086098 -0.83085 -0.0098438 0.070176 -0.83408 0.028566 -0.065955 0.60261
-0.11353 0.015847 0.34 0.15615 -0.052221 0.31144 0.023144 -0.045847 0.40623 0.005531 -0.0061855 0.068093 -0.05838 0.0019984 -0.046721 0.048938 0.0019984 -0.056536 -0.18851 0.19136 0.15507 0.17089 -0.31055 0.22196 -0.18897 0.24243 -0.07518 0.11923 -0.53051 0.29158 -0.21759 0.24204 -0.15292 0.10467 -0.59736 0.33317 -0.10456 0.052315 -0.43049 0.021701 0.0641 -0.44039 -0.10083 0.13352 -0.75435 -0.0271 0.1299 -0.76409 -0.12621 0.085978 -0.83088 -0.0098423 0.070193 -0.83408 0.028585 -0.066053 0.60261
-0.11349 0.015926 0.34007 0.15554 -0.052422 0.31069 0.023047 -0.04613 0.40619 0.0054845 -0.0062354 0.068092 -0.058362 0.0019845 -0.046744 0.048917 0.0019845 -0.056555 -0.18863 0.19102 0.15481 0.17233 -0.31146 0.2247 -0.18902 0.24253 -0.075407 0.12154 -0.53325 0.28887 -0.21775 0.24223 -0.1531 0.1073 -0.60192 0.32741 -0.10455 0.052208 -0.43053 0.02171 0.064165 -0.4404 -0.10092 0.13342 -0.75438 -0.027166 0.1299 -0.7641 -0.12625 0.085847 -0.83091 -0.0098437 0.070212 -0.83408 0.028659 -0.066114 0.60258
-0.11343 0.016009 0.34018 0.15495 -0.052538 0.30988 0.023026 -0.046323 0.40616 0.0054406 -0.006286 0.068091 -0.058344 0.0019688 -0.046767 0.048894 0.0019688 -0.056575 -0.18874 0.1906 0.15451 0.17389 -0.31182 0.22712 -0.18903 0.24263 -0.075698 0.12397 -0.5353 0.28586 -0.21785 0.24248 -0.15334 0.11 -0.60579 0.32131 -0.10455 0.052093 -0.43056 0.021716 0.064236 -0.44041 -0.10102 0.13332 -0.75441 -0.027241 0.12991 -0.76411 -0.12629 0.085704 -0.83093 -0.0098483 0.070234 -0.83409 0.028786 -0.066137 0.60254
-0.11332 0.016093 0.34032 0.1544 -0.052575 0.30902 0.023079 -0.046442 0.40612 0.0053999 -0.0063371 0.068089 -0.058327 0.001951 -0.046788 0.048867 0.001951 -0.056599 -0.18882 0.1901 0.15416 0.17553 -0.31169 0.22928 -0.189 0.24272 -0.076046 0.12649 -0.53675 0.28265 -0.2179 0.24276 -0.15364 0.11277 -0.60902 0.31497 -0.10455 0.051972 -0.43059 0.021719 0.064312 -0.44042 -0.10114 0.13321 -0.75444 -0.027327 0.12992 -0.76412 -0.12634 0.085549 -0.83096 -0.0098562 0.070259 -0.83409 0.028959 -0.066123 0.60249
-0.11316 0.016175 0.34048 0.15389 -0.052542 0.30811 0.023205 -0.046502 0.40608 0.0053629 -0.0063886 0.068088 -0.058311 0.0019311 -0.046809 0.048837 0.0019311 -0.056626 -0.18887 0.18951 0.15378 0.17723 -0.31115 0.23124 -0.18892 0.2428 -0.076446 0.12908 -0.53767 0.27932 -0.2179 0.24306 -0.15399 0.11556 -0.61169 0.30851 -0.10456 0.051844 -0.43062 0.021718 0.064395 -0.44043 -0.10127 0.13309 -0.75447 -0.027423 0.12993 -0.76413 -0.12639 0.085383 -0.83099 -0.0098678 0.070287 -0.8341 0.029176 -0.066071 0.60243
-0.11296 0.016252 0.34067 0.15341 -0.052445 0.30717 0.023402 -0.046517 0.40603 0.0053302 -0.0064403 0.068085 -0.058296 0.0019088 -0.046829 0.048802 0.0019088 -0.056656 -0.18888 0.18886 0.15337 0.17896 -0.31028 0.23305 -0.1888 0.24284 -0.076892 0.1317 -0.53814 0.27594 -0.21784 0.24334 -0.15438 0.11838 -0.61385 0.30202 -0.10458 0.051708 -0.43065 0.021712 0.064485 -0.44045 -0.10142 0.13296 -0.7545 -0.02753 0.12993 -0.76414 -0.12645 0.085204 -0.83101 -0.0098833 0.070318 -0.83411 0.029432 -0.065981 0.60235
-0.11272 0.01632 0.34087 0.15298 -0.052292 0.3062 0.023668 -0.046502 0.40598 0.0053025 -0.0064923 0.068083 -0.058282 0.0018841 -0.046848 0.048763 0.0018841 -0.05669 -0.18885 0.18813 0.15292 0.18067 -0.30913 0.23477 -0.18864 0.24283 -0.077378 0.13434 -0.53822 0.27259 -0.21774 0.24359 -0.15482 0.12118 -0.61555 0.29563 -0.1046 0.051564 -0.43068 0.021702 0.064581 -0.44046 -0.10159 0.13282 -0.75453 -0.027649 0.12994 -0.76416 -0.12651 0.085012 -0.83104 -0.0099029 0.070353 -0.83413 0.029722 -0.065853 0.60227
-0.11242 0.016376 0.3411 0.15261 -0.052091 0.30521 0.024002 -0.046472 0.40593 0.0052803 -0.0065442 0.06808 -0.058268 0.0018568 -0.046866 0.048719 0.0018568 -0.056728 -0.18878 0.18733 0.15244 0.18235 -0.30779 0.23645 -0.18843 0.24276 -0.077899 0.13696 -0.53799 0.26936 -0.21759 0.24379 -0.15529 0.12396 -0.61686 0.28943 -0.10463 0.051412 -0.43071 0.021687 0.064685 -0.44048 -0.10177 0.13268 -0.75456 -0.02778 0.12995 -0.76418 -0.12659 0.084808 -0.83107 -0.009927 0.070391 -0.83414 0.030043 -0.065686 0.60218
-0.11208 0.016416 0.34134 0.15229 -0.051849 0.30421 0.024402 -0.046442 0.40587 0.0052643 -0.006596 0.068076 -0.058256 0.0018267 -0.046882 0.048669 0.0018267 -0.056771 -0.18866 0.18646 0.15194 0.18395 -0.30633 0.23816 -0.18819 0.24261 -0.078448 0.13954 -0.53754 0.26632 -0.21739 0.24392 -0.15579 0.12668 -0.61785 0.28354 -0.10467 0.051251 -0.43074 0.021667 0.064796 -0.4405 -0.10197 0.13252 -0.75459 -0.027924 0.12996 -0.7642 -0.12667 0.084592 -0.83109 -0.0099558 0.070434 -0.83416 0.03039 -0.065481 0.60209
-0.11168 0.016437 0.3416 0.15203 -0.051572 0.3032 0.024867 -0.046427 0.4058 0.005255 -0.0066477 0.068072 -0.058245 0.0017939 -0.046897 0.048614 0.0017939 -0.056818 -0.18848 0.18552 0.15141 0.18546 -0.30481 0.23995 -0.1879 0.24238 -0.079021 0.14205 -0.53692 0.26355 -0.21715 0.24395 -0.15632 0.12933 -0.61856 0.27807 -0.10471 0.051082 -0.43077 0.021641 0.064916 -0.44053 -0.10218 0.13236 -0.75461 -0.028082 0.12998 -0.76423 -0.12677 0.084362 -0.83111 -0.0099895 0.070481 -0.83418 0.030759 -0.065237 0.60199
-0.11122 0.016436 0.34187 0.15184 -0.05127 0.3022 0.025396 -0.046441 0.40572 0.005253 -0.0066989 0.068067 -0.058236 0.001758 -0.04691 0.048553 0.001758 -0.056871 -0.18825 0.18453 0.15087 0.18682 -0.30332 0.24189 -0.18757 0.24205 -0.079611 0.14448 -0.53622 0.26113 -0.21686 0.24387 -0.15687 0.13189 -0.61906 0.27312 -0.10476 0.050903 -0.43079 0.021609 0.065043 -0.44055 -0.10241 0.13219 -0.75464 -0.028253 0.12999 -0.76426 -0.12687 0.084119 -0.83113 -0.010028 0.070532 -0.83421 0.031145 -0.064955 0.6019
-0.11071 0.016409 0.34215 0.15171 -0.050948 0.30121 0.025986 -0.046499 0.40564 0.0052589 -0.0067497 0.068061 -0.058228 0.0017189 -0.046921 0.048486 0.0017189 -0.056929 -0.18795 0.18347 0.15031 0.18803 -0.30191 0.24401 -0.18719 0.24161 -0.080212 0.14678 -0.53552 0.25915 -0.21653 0.24365 -0.15743 0.13434 -0.61941 0.26879 -0.10482 0.050715 -0.43081 0.021571 0.06518 -0.44058 -0.10267 0.13201 -0.75466 -0.028438 0.13 -0.76429 -0.12699 0.083862 -0.83115 -0.010073 0.070588 -0.83424 0.031545 -0.064633 0.6018
-0.11014 0.016353 0.34243 0.15167 -0.050615 0.30024 0.026637 -0.046616 0.40555 0.0052733 -0.0067999 0.068055 -0.058221 0.0016766 -0.046931 0.048411 0.0016766 -0.056992 -0.18759 0.18235 0.14974 0.18903 -0.30067 0.24639 -0.18678 0.24104 -0.080819 0.14894 -0.53487 0.25768 -0.21616 0.24327 -0.158 0.13665 -0.61967 0.26521 -0.10488 0.050518 -0.43083 0.021526 0.065325 -0.44062 -0.10294 0.13181 -0.75468 -0.028638 0.13002 -0.76433 -0.12712 0.083592 -0.83117 -0.010123 0.070649 -0.83427 0.031954 -0.064271 0.6017
-0.1095 0.016265 0.34272 0.1517 -0.050277 0.2993 0.027347 -0.046806 0.40545 0.0052968 -0.0068494 0.068048 -0.058216 0.0016309 -0.046938 0.04833 0.0016309 -0.057062 -0.18715 0.18118 0.14916 0.18981 -0.29966 0.24908 -0.18632 0.24034 -0.081426 0.15093 -0.53437 0.2568 -0.21574 0.24271 -0.15857 0.13879 -0.6199 0.26247 -0.10495 0.05031 -0.43085 0.021474 0.065479 -0.44066 -0.10323 0.13161 -0.7547 -0.028854 0.13004 -0.76437 -0.12727 0.083309 -0.83118 -0.010179 0.070715 -0.83431 0.032367 -0.06387 0.60161
-0.1088 0.01614 0.34302 0.15182 -0.049943 0.2984 0.028114 -0.047086 0.40534 0.0053301 -0.006898 0.06804 -0.058213 0.0015817 -0.046944 0.048241 0.0015817 -0.057138 -0.18664 0.17995 0.14857 0.19032 -0.29895 0.25213 -0.18583 0.23948 -0.082028 0.15272 -0.53409 0.25659 -0.21529 0.24195 -0.15914 0.14076 -0.62016 0.26069 -0.10503 0.050092 -0.43087 0.021414 0.065643 -0.4407 -0.10353 0.1314 -0.75471 -0.029086 0.13006 -0.76441 -0.12742 0.083011 -0.83119 -0.010241 0.070786 -0.83435 0.032781 -0.06343 0.60153
-0.10803 0.015977 0.34331 0.15203 -0.049619 0.29754 0.028936 -0.047468 0.40522 0.0053736 -0.0069456 0.068032 -0.058211 0.0015288 -0.046947 0.048143 0.0015288 -0.057221 -0.18604 0.17867 0.14799 0.19054 -0.29863 0.25561 -0.18529 0.23846 -0.082617 0.1543 -0.53409 0.25714 -0.2148 0.24096 -0.15971 0.14253 -0.62051 0.25997 -0.10511 0.049863 -0.43088 0.021347 0.065817 -0.44075 -0.10386 0.13117 -0.75473 -0.029334 0.13008 -0.76446 -0.1276 0.082699 -0.8312 -0.01031 0.070863 -0.8344 0.033191 -0.062949 0.60145
-0.1072 0.01577 0.3436 0.15233 -0.049313 0.29674 0.029813 -0.047969 0.40509 0.005428 -0.0069921 0.068023 -0.058212 0.001472 -0.046948 0.048038 0.001472 -0.05731 -0.18536 0.17734 0.1474 0.19044 -0.29875 0.25957 -0.18471 0.23726 -0.08319 0.15562 -0.53446 0.25851 -0.21427 0.23973 -0.16026 0.14407 -0.62101 0.26041 -0.1052 0.049623 -0.4309 0.021272 0.066001 -0.4408 -0.10421 0.13094 -0.75474 -0.0296 0.1301 -0.76451 -0.12778 0.082373 -0.8312 -0.010386 0.070946 -0.83445 0.033594 -0.062428 0.60138
-0.10629 0.015518 0.34389 0.15273 -0.049032 0.296 0.030743 -0.048603 0.40495 0.0054939 -0.0070374 0.068013 -0.058215 0.0014113 -0.046947 0.047924 0.0014113 -0.057407 -0.18459 0.17596 0.14682 0.18998 -0.29939 0.26407 -0.18409 0.23587 -0.08374 0.15667 -0.53527 0.2608 -0.2137 0.23824 -0.16079 0.14537 -0.62172 0.26214 -0.10529 0.049372 -0.43091 0.021188 0.066196 -0.44085 -0.10458 0.13069 -0.75475 -0.029883 0.13012 -0.76457 -0.12799 0.082032 -0.8312 -0.010468 0.071034 -0.83451 0.033983 -0.061867 0.60132
-0.10531 0.015217 0.34416 0.15324 -0.048784 0.29533 0.031724 -0.049384 0.40479 0.0055719 -0.0070814 0.068001 -0.05822 0.0013465 -0.046943 0.047801 0.0013465 -0.057511 -0.18373 0.17455 0.14624 0.18913 -0.30062 0.26917 -0.18343 0.23427 -0.084261 0.15742 -0.53659 0.26408 -0.2131 0.23646 -0.1613 0.14641 -0.62269 0.26526 -0.1054 0.04911 -0.43092 0.021096 0.066401 -0.44091 -0.10497 0.13043 -0.75476 -0.030184 0.13015 -0.76463 -0.12821 0.081677 -0.8312 -0.010558 0.071129 -0.83457 0.034357 -0.061265 0.60128
-0.10426 0.014862 0.34443 0.15385 -0.048577 0.29473 0.032754 -0.050328 0.40462 0.0056625 -0.0071239 0.06799 -0.058227 0.0012775 -0.046936 0.047668 0.0012775 -0.057623 -0.18276 0.17309 0.14567 0.18786 -0.30251 0.27491 -0.18272 0.23246 -0.084748 0.15784 -0.5385 0.26843 -0.21247 0.23437 -0.16178 0.14715 -0.624 0.26987 -0.10551 0.048835 -0.43092 0.020994 0.066618 -0.44098 -0.10538 0.13016 -0.75477 -0.030504 0.13017 -0.7647 -0.12845 0.081306 -0.83119 -0.010656 0.07123 -0.83464 0.034709 -0.060623 0.60124
-0.10313 0.014452 0.34469 0.15458 -0.048416 0.29423 0.033833 -0.05145 0.40444 0.0057664 -0.0071647 0.067977 -0.058236 0.0012041 -0.046926 0.047526 0.0012041 -0.057743 -0.18169 0.17159 0.14512 0.18615 -0.30514 0.28137 -0.18198 0.23042 -0.085194 0.15791 -0.54107 0.27393 -0.2118 0.23196 -0.16223 0.14759 -0.6257 0.27608 -0.10562 0.048548 -0.43093 0.020882 0.066846 -0.44105 -0.10581 0.12988 -0.75477 -0.030843 0.1302 -0.76478 -0.12871 0.080921 -0.83118 -0.010761 0.071338 -0.83472 0.035036 -0.059939 0.60123
-0.10192 0.013982 0.34494 0.15542 -0.048311 0.29381 0.034959 -0.052764 0.40424 0.0058842 -0.0072038 0.067963 -0.058248 0.0011262 -0.046914 0.047373 0.0011262 -0.057872 -0.18051 0.17005 0.14458 0.18395 -0.30857 0.28859 -0.1812 0.22813 -0.085594 0.1576 -0.54438 0.28065 -0.2111 0.22919 -0.16264 0.14769 -0.62785 0.284 -0.10575 0.048249 -0.43093 0.020761 0.067086 -0.44113 -0.10627 0.12959 -0.75477 -0.031202 0.13023 -0.76486 -0.12899 0.08052 -0.83117 -0.010874 0.071453 -0.8348 0.035334 -0.059214 0.60123
-0.10063 0.01345 0.34517 0.15639 -0.048268 0.2935 0.036129 -0.054284 0.40403 0.0060165 -0.0072411 0.067948 -0.058263 0.0010436 -0.046898 0.04721 0.0010436 -0.05801 -0.17921 0.16848 0.14407 0.18123 -0.31289 0.29664 -0.18038 0.22559 -0.085943 0.15689 -0.5485 0.28869 -0.21037 0.22605 -0.16301 0.14745 -0.6305 0.29375 -0.10588 0.047937 -0.43093 0.02063 0.067338 -0.44121 -0.10674 0.12928 -0.75476 -0.031581 0.13027 -0.76494 -0.12929 0.080104 -0.83115 -0.010996 0.071575 -0.83489 0.035599 -0.058448 0.60126
