-0.11834 0.040341 0.32356 0.1558 0.037847 0.30355 0.025263 0.040932 0.40187 0.0080674 0.02858 0.061835 -0.051122 -0.0072036 -0.054126 0.050849 -0.0072036 -0.054383 -0.17194 -0.034588 0.074237 0.23012 0.0030315 0.05074 -0.15282 -0.20508 -0.089271 0.072846 -0.077396 -0.10727 -0.17542 -0.16756 -0.15942 0.028452 -0.12581 -0.15752 -0.12829 -0.3111 -0.28573 0.20564 -0.24104 -0.32513 -0.084343 -0.2476 -0.61057 0.16714 -0.21819 -0.65602 -0.12143 -0.23753 -0.69592 0.15772 -0.29014 -0.71515 0.032574 0.0056137 0.59582
-0.11843 0.038946 0.32321 0.15572 0.037467 0.30345 0.025093 0.038906 0.4014 0.0078691 0.029334 0.061503 -0.051115 -0.0073113 -0.054119 0.050697 -0.0073113 -0.054509 -0.173 -0.037548 0.074503 0.23015 0.0023564 0.05071 -0.15156 -0.20425 -0.092652 0.07294 -0.079139 -0.10687 -0.17523 -0.16467 -0.16154 0.02868 -0.12771 -0.15709 -0.12669 -0.31181 -0.28546 0.20633 -0.24089 -0.325 -0.080239 -0.2466 -0.60952 0.16722 -0.21721 -0.65574 -0.10813 -0.23111 -0.69985 0.15856 -0.29037 -0.71347 0.032324 0.0040004 0.59546
-0.11877 0.038152 0.32271 0.15537 0.037556 0.30333 0.024617 0.038576 0.40109 0.007634 0.030064 0.061178 -0.05117 -0.0073866 -0.054057 0.050648 -0.0073866 -0.054545 -0.17502 -0.040057 0.074907 0.22977 0.0024227 0.050589 -0.15077 -0.20407 -0.094541 0.07282 -0.080099 -0.10673 -0.17456 -0.16382 -0.16307 0.028701 -0.12882 -0.15692 -0.1251 -0.31254 -0.28507 0.2073 -0.24065 -0.32472 -0.078736 -0.24669 -0.60899 0.16772 -0.21645 -0.65537 -0.10389 -0.22959 -0.7008 0.15976 -0.29064 -0.71185 0.032019 0.0032908 0.59508
-0.11925 0.037724 0.32214 0.15489 0.03789 0.30323 0.02398 0.039265 0.40089 0.0073787 0.03075 0.060869 -0.05128 -0.0074255 -0.053948 0.050674 -0.0074255 -0.054517 -0.17771 -0.042215 0.075432 0.22915 0.0029695 0.050417 -0.15037 -0.20444 -0.09524 0.072595 -0.080526 -0.10676 -0.17354 -0.16461 -0.16412 0.028611 -0.12938 -0.15694 -0.12355 -0.31327 -0.28457 0.20844 -0.24038 -0.32431 -0.079017 -0.24752 -0.6088 0.16849 -0.21584 -0.65489 -0.1066 -0.23186 -0.69916 0.16115 -0.29092 -0.7103 0.031686 0.0030257 0.59468
-0.11975 0.037427 0.32157 0.15441 0.038248 0.30317 0.023325 0.040296 0.40077 0.0071201 0.031367 0.060588 -0.051437 -0.007424 -0.053798 0.050747 -0.007424 -0.054449 -0.18078 -0.044125 0.076057 0.22846 0.0037361 0.050235 -0.15028 -0.20525 -0.09505 0.07237 -0.080669 -0.10687 -0.17231 -0.16661 -0.16478 0.028509 -0.12964 -0.15704 -0.12209 -0.31399 -0.28395 0.20962 -0.24015 -0.32378 -0.080271 -0.24875 -0.60873 0.16936 -0.21535 -0.65431 -0.11412 -0.23682 -0.69531 0.16254 -0.29116 -0.70879 0.031352 0.002746 0.59427
-0.12017 0.037026 0.32109 0.15407 0.038407 0.30316 0.022794 0.040992 0.40069 0.0068749 0.031895 0.060345 -0.051633 -0.0073783 -0.053615 0.05084 -0.0073783 -0.054368 -0.18395 -0.04589 0.076765 0.2279 0.0044619 0.050081 -0.15043 -0.20642 -0.094275 0.072254 -0.080778 -0.10697 -0.17102 -0.16942 -0.16516 0.028492 -0.12985 -0.15713 -0.12076 -0.31468 -0.28324 0.21074 -0.24005 -0.32315 -0.081682 -0.25002 -0.60859 0.17016 -0.21493 -0.65362 -0.12433 -0.24333 -0.68963 0.16374 -0.29133 -0.70731 0.031045 0.0019923 0.59387
-0.12037 0.036286 0.32078 0.15401 0.038145 0.30322 0.022532 0.040676 0.4006 0.0066597 0.03231 0.060152 -0.051862 -0.0072844 -0.053406 0.050926 -0.0072844 -0.054301 -0.18691 -0.04761 0.077535 0.22764 0.0048861 0.049997 -0.15075 -0.20782 -0.093215 0.072354 -0.081101 -0.10697 -0.16981 -0.17262 -0.16537 0.028657 -0.13023 -0.15712 -0.11959 -0.31533 -0.28245 0.21168 -0.24014 -0.32241 -0.082437 -0.25099 -0.60816 0.17073 -0.21451 -0.65281 -0.13508 -0.2503 -0.6825 0.16459 -0.29139 -0.70586 0.030793 0.00030547 0.59349
-0.12026 0.034972 0.32072 0.15436 0.03724 0.30338 0.022681 0.038671 0.40047 0.0064913 0.032591 0.060019 -0.052115 -0.0071382 -0.053179 0.050979 -0.0071382 -0.054271 -0.18938 -0.049389 0.07835 0.22787 0.0047479 0.050022 -0.15115 -0.20937 -0.092175 0.072776 -0.081888 -0.10678 -0.16881 -0.1758 -0.16551 0.029102 -0.13105 -0.15693 -0.11864 -0.31592 -0.28158 0.21231 -0.2405 -0.32159 -0.081722 -0.2513 -0.60726 0.17091 -0.21407 -0.65187 -0.14427 -0.25661 -0.67432 0.16489 -0.29129 -0.70442 0.030622 -0.0027737 0.59315
-0.11972 0.032849 0.321 0.15527 0.035468 0.30366 0.023386 0.0343 0.40025 0.0063865 0.032714 0.059956 -0.052385 -0.0069358 -0.052941 0.050969 -0.0069358 -0.054305 -0.19107 -0.051329 0.079189 0.22877 0.0037868 0.050197 -0.15156 -0.21096 -0.091455 0.073629 -0.083388 -0.10632 -0.16817 -0.17856 -0.16569 0.029923 -0.13254 -0.15645 -0.11793 -0.31644 -0.28066 0.21253 -0.24119 -0.3207 -0.078724 -0.25061 -0.60567 0.17052 -0.21354 -0.65079 -0.14974 -0.26113 -0.66546 0.16448 -0.29101 -0.70297 0.030561 -0.0077046 0.59286
-0.11868 0.029738 0.32165 0.15678 0.032659 0.30407 0.02472 0.027113 0.39993 0.0063536 0.032653 0.059978 -0.052668 -0.0066717 -0.052696 0.050879 -0.0066717 -0.054422 -0.19178 -0.05348 0.080013 0.23045 0.0018576 0.050546 -0.15186 -0.2125 -0.091267 0.074955 -0.08578 -0.10547 -0.16794 -0.18059 -0.16597 0.031159 -0.13488 -0.15558 -0.1175 -0.31689 -0.27967 0.21227 -0.24228 -0.31973 -0.072909 -0.2487 -0.60326 0.16946 -0.21288 -0.64956 -0.14987 -0.26305 -0.65637 0.16322 -0.29049 -0.7015 0.030632 -0.014821 0.59262
-0.11736 0.025771 0.32248 0.15858 0.028925 0.30458 0.026368 0.017919 0.39958 0.0063538 0.032361 0.060121 -0.052974 -0.0063315 -0.052432 0.050734 -0.0063315 -0.054598 -0.1919 -0.055608 0.080661 0.23261 -0.00053822 0.051015 -0.15174 -0.21399 -0.09131 0.076443 -0.088851 -0.10404 -0.1677 -0.18228 -0.16621 0.032513 -0.13788 -0.15411 -0.11718 -0.31731 -0.27854 0.21177 -0.24363 -0.31861 -0.065323 -0.2461 -0.60027 0.16795 -0.21204 -0.64811 -0.14567 -0.26309 -0.64787 0.16133 -0.28971 -0.69993 0.030845 -0.023759 0.59239
-0.11606 0.021186 0.32325 0.16019 0.024477 0.30515 0.027877 0.0079683 0.39933 0.0063318 0.031783 0.060425 -0.05332 -0.005898 -0.052131 0.050574 -0.005898 -0.054794 -0.19197 -0.057376 0.08093 0.23482 -0.0026741 0.051518 -0.15081 -0.21543 -0.091107 0.077655 -0.092253 -0.10179 -0.16683 -0.18424 -0.16619 0.033572 -0.14121 -0.15179 -0.11681 -0.31778 -0.27719 0.21137 -0.24508 -0.31725 -0.057559 -0.24361 -0.59706 0.16628 -0.21099 -0.64634 -0.13912 -0.26254 -0.64091 0.15916 -0.28861 -0.69816 0.031199 -0.03391 0.59213
-0.11511 0.016225 0.32367 0.16113 0.019528 0.30574 0.028798 -0.0014887 0.39929 0.0062325 0.030864 0.060934 -0.053722 -0.0053537 -0.051773 0.050441 -0.0053537 -0.054974 -0.19257 -0.058451 0.080619 0.23664 -0.0038233 0.051971 -0.14867 -0.21686 -0.090179 0.078155 -0.095636 -0.09848 -0.16475 -0.18708 -0.16567 0.033921 -0.14455 -0.14838 -0.11618 -0.31837 -0.27553 0.21141 -0.24644 -0.31557 -0.051209 -0.24201 -0.59399 0.16479 -0.20969 -0.64416 -0.13218 -0.26268 -0.63643 0.15703 -0.28717 -0.6961 0.031697 -0.044665 0.59177
-0.11474 0.011055 0.32356 0.16107 0.014218 0.30631 0.028801 -0.0094364 0.39956 0.0060167 0.029539 0.06168 -0.05419 -0.0046857 -0.051345 0.050369 -0.0046857 -0.055102 -0.19412 -0.058565 0.079596 0.23774 -0.0033824 0.05232 -0.14502 -0.21827 -0.088128 0.077644 -0.098692 -0.093931 -0.16095 -0.19125 -0.16448 0.033283 -0.14761 -0.1437 -0.11514 -0.31912 -0.27349 0.21215 -0.24757 -0.31351 -0.047629 -0.24198 -0.59139 0.16374 -0.20812 -0.64151 -0.12664 -0.26459 -0.63513 0.15522 -0.28537 -0.69368 0.032341 -0.055518 0.59126
-0.11468 0.0053603 0.32326 0.16056 0.008214 0.30684 0.028367 -0.016416 0.4 0.0057514 0.027677 0.062626 -0.054703 -0.0039089 -0.050863 0.050361 -0.0039089 -0.055172 -0.19613 -0.057897 0.078201 0.23856 -0.0015677 0.052723 -0.1401 -0.21961 -0.085089 0.076731 -0.10138 -0.088351 -0.15576 -0.19612 -0.16256 0.032259 -0.15033 -0.13798 -0.11382 -0.31991 -0.27125 0.21334 -0.24849 -0.31121 -0.046597 -0.24328 -0.58936 0.16299 -0.20643 -0.63859 -0.12299 -0.268 -0.63614 0.15366 -0.28338 -0.69105 0.033145 -0.066626 0.59058
-0.11443 -0.0013703 0.3233 0.16053 0.00098909 0.30734 0.028311 -0.023606 0.40038 0.005547 0.025118 0.06371 -0.055225 -0.0030501 -0.050358 0.050405 -0.0030501 -0.055187 -0.19773 -0.056811 0.076967 0.23982 0.0010703 0.053421 -0.13437 -0.22081 -0.081414 0.076399 -0.10379 -0.082105 -0.14977 -0.20062 -0.15995 0.031815 -0.15274 -0.13163 -0.11243 -0.32055 -0.26911 0.2145 -0.2493 -0.30891 -0.047245 -0.24534 -0.58791 0.16226 -0.20482 -0.63568 -0.12118 -0.2721 -0.6379 0.15211 -0.28145 -0.68845 0.034126 -0.078421 0.58968
-0.11354 -0.009649 0.32422 0.16191 -0.0079833 0.3078 0.029446 -0.032183 0.40047 0.0055141 0.021703 0.064867 -0.055719 -0.0021361 -0.049859 0.050489 -0.0021361 -0.05515 -0.19806 -0.055669 0.076429 0.24225 0.0039801 0.054655 -0.12833 -0.22178 -0.077456 0.07763 -0.10598 -0.075556 -0.14362 -0.20367 -0.15666 0.032915 -0.15487 -0.12505 -0.11119 -0.32084 -0.26733 0.21517 -0.25007 -0.30685 -0.048705 -0.24757 -0.58706 0.16128 -0.2035 -0.63306 -0.12118 -0.27608 -0.63887 0.15034 -0.27984 -0.6861 0.0353 -0.091333 0.58856
-0.11159 -0.019897 0.32645 0.16547 -0.019116 0.30821 0.032457 -0.043163 0.40008 0.0057477 0.017313 0.066028 -0.056154 -0.001189 -0.049392 0.0506 -0.001189 -0.055066 -0.19636 -0.054795 0.07704 0.2465 0.0066397 0.056634 -0.12238 -0.22245 -0.073553 0.081277 -0.10805 -0.069035 -0.13786 -0.20435 -0.15277 0.036393 -0.15676 -0.11859 -0.1103 -0.32061 -0.26616 0.21493 -0.2509 -0.30523 -0.050175 -0.24945 -0.58678 0.15979 -0.20265 -0.63099 -0.12292 -0.27919 -0.63771 0.14815 -0.27877 -0.68421 0.036684 -0.10573 0.58715
-0.10877 -0.031818 0.32964 0.17082 -0.031918 0.30849 0.037005 -0.056263 0.39911 0.0062187 0.012119 0.067066 -0.05653 -0.00019544 -0.048962 0.050728 -0.00019544 -0.054948 -0.19288 -0.054181 0.078619 0.2524 0.0087606 0.059299 -0.11664 -0.22274 -0.069923 0.087157 -0.11017 -0.062589 -0.1325 -0.20297 -0.14861 0.042042 -0.15862 -0.11224 -0.10968 -0.31994 -0.2655 0.21392 -0.25172 -0.30402 -0.051388 -0.25088 -0.58692 0.15788 -0.20222 -0.62944 -0.12585 -0.2813 -0.63465 0.14565 -0.27816 -0.68277 0.038274 -0.1215 0.58533
-0.10557 -0.044772 0.33302 0.17703 -0.045466 0.30854 0.042262 -0.070578 0.39755 0.0068392 0.0064385 0.067827 -0.056864 0.00087503 -0.04856 0.050862 0.00087503 -0.054813 -0.18835 -0.053664 0.080684 0.25946 0.010166 0.062463 -0.11103 -0.22261 -0.066729 0.094593 -0.11255 -0.056131 -0.12734 -0.20043 -0.14465 0.049157 -0.1607 -0.10579 -0.10912 -0.319 -0.26511 0.21254 -0.25242 -0.30308 -0.052334 -0.25202 -0.58724 0.15577 -0.20204 -0.62824 -0.12926 -0.28254 -0.63068 0.14309 -0.27785 -0.68164 0.040057 -0.13827 0.58287
-0.10246 -0.058117 0.33584 0.18315 -0.058834 0.30825 0.047395 -0.085201 0.39539 0.0075207 0.00058694 0.068159 -0.057171 0.002053 -0.048179 0.05099 0.002053 -0.054678 -0.18348 -0.053079 0.082751 0.26713 0.01068 0.06594 -0.10549 -0.22198 -0.064131 0.10291 -0.1154 -0.049577 -0.12216 -0.19762 -0.14137 0.057031 -0.16328 -0.099033 -0.1084 -0.31798 -0.26473 0.21118 -0.25286 -0.30226 -0.053003 -0.25299 -0.58752 0.15371 -0.20194 -0.62721 -0.13242 -0.28306 -0.6268 0.14074 -0.27764 -0.68071 0.042024 -0.15569 0.57957
-0.099888 -0.071252 0.33742 0.18833 -0.071206 0.30752 0.051651 -0.099303 0.39261 0.0081808 -0.0051313 0.067929 -0.057465 0.0033748 -0.047808 0.051101 0.0033748 -0.054556 -0.17893 -0.052303 0.084368 0.27494 0.010129 0.069537 -0.099935 -0.22084 -0.062258 0.11142 -0.11894 -0.042857 -0.11671 -0.1954 -0.13917 0.064978 -0.16661 -0.091822 -0.10738 -0.31703 -0.26415 0.21018 -0.25295 -0.30144 -0.05341 -0.25388 -0.58755 0.15188 -0.20175 -0.6262 -0.13468 -0.28296 -0.62392 0.13879 -0.27733 -0.67985 0.044142 -0.1734 0.57525
-0.097813 -0.083976 0.33772 0.19255 -0.08281 0.3062 0.055003 -0.11282 0.38914 0.0087924 -0.010525 0.067197 -0.057739 0.004933 -0.047398 0.051173 0.004933 -0.054416 -0.17466 -0.051612 0.085416 0.28267 0.0083785 0.07302 -0.094141 -0.21966 -0.060935 0.11954 -0.12326 -0.036088 -0.11079 -0.19424 -0.1379 0.072526 -0.17074 -0.084506 -0.10631 -0.31589 -0.26346 0.20934 -0.25265 -0.30061 -0.053815 -0.25441 -0.58743 0.15013 -0.20119 -0.62518 -0.13628 -0.28212 -0.62213 0.13698 -0.27661 -0.67907 0.046202 -0.19105 0.56997
-0.09594 -0.096309 0.3371 0.19626 -0.094459 0.30411 0.057826 -0.1261 0.38493 0.0093597 -0.015467 0.066131 -0.057969 0.0068514 -0.04688 0.05118 0.0068514 -0.054206 -0.17028 -0.0515 0.085961 0.29027 0.0053111 0.07613 -0.087785 -0.21913 -0.059812 0.1267 -0.1284 -0.029486 -0.10415 -0.19438 -0.13703 0.079324 -0.17565 -0.077719 -0.1057 -0.31412 -0.26293 0.20814 -0.25198 -0.29987 -0.05461 -0.25405 -0.58739 0.14813 -0.19993 -0.6242 -0.13791 -0.28025 -0.62105 0.13479 -0.27508 -0.67841 0.047895 -0.20829 0.56396
-0.093975 -0.10827 0.33591 0.19993 -0.10697 0.3011 0.060503 -0.1395 0.37991 0.0098872 -0.019829 0.064899 -0.058136 0.0092542 -0.046186 0.051096 0.0092542 -0.05387 -0.16538 -0.052466 0.086069 0.2977 0.00081123 0.078608 -0.08055 -0.21998 -0.058541 0.13233 -0.1344 -0.023269 -0.096565 -0.19606 -0.13608 0.085021 -0.18132 -0.072096 -0.10606 -0.31125 -0.26284 0.20609 -0.25095 -0.29929 -0.056189 -0.25229 -0.58769 0.14551 -0.19765 -0.6233 -0.1403 -0.27709 -0.62034 0.13169 -0.27239 -0.67794 0.048911 -0.22478 0.55742
-0.09164 -0.1199 0.33447 0.20396 -0.12104 0.29701 0.063391 -0.15335 0.37402 0.010379 -0.023503 0.063659 -0.058218 0.012246 -0.045253 0.050894 0.012246 -0.053362 -0.15961 -0.054971 0.085793 0.30492 -0.005192 0.080218 -0.072169 -0.22283 -0.056834 0.13607 -0.14127 -0.017736 -0.087842 -0.19948 -0.13459 0.089398 -0.18769 -0.068254 -0.10782 -0.30689 -0.26343 0.20273 -0.24957 -0.29894 -0.058885 -0.24867 -0.58855 0.14198 -0.19404 -0.62252 -0.14406 -0.27236 -0.61966 0.12723 -0.26817 -0.67769 0.04898 -0.24019 0.55055
-0.08891 -0.13134 0.33269 0.20833 -0.13614 0.29192 0.066568 -0.16761 0.36729 0.010845 -0.026581 0.062424 -0.058201 0.015704 -0.044105 0.050558 0.015704 -0.052701 -0.15326 -0.059076 0.085043 0.31205 -0.012244 0.080994 -0.062987 -0.22748 -0.055134 0.13978 -0.14876 -0.014105 -0.078378 -0.20439 -0.13301 0.093797 -0.19452 -0.066601 -0.11054 -0.30135 -0.26455 0.19844 -0.24782 -0.2988 -0.062297 -0.24356 -0.58986 0.13783 -0.18925 -0.62184 -0.14867 -0.26609 -0.61918 0.12183 -0.26261 -0.67765 0.048317 -0.25448 0.5434
-0.085918 -0.14282 0.33026 0.21269 -0.15092 0.28608 0.069935 -0.18197 0.3598 0.011293 -0.029291 0.061114 -0.058076 0.019361 -0.042819 0.050078 0.019361 -0.051954 -0.14705 -0.064578 0.083637 0.31931 -0.019553 0.08114 -0.053745 -0.23314 -0.054349 0.14679 -0.15645 -0.014191 -0.068934 -0.2102 -0.13231 0.10057 -0.20145 -0.067411 -0.11321 -0.29541 -0.26584 0.19412 -0.24563 -0.29876 -0.065556 -0.23778 -0.59126 0.13373 -0.18366 -0.62121 -0.15289 -0.25844 -0.6194 0.11646 -0.25619 -0.67772 0.047452 -0.26778 0.53593
-0.082803 -0.15457 0.32685 0.2167 -0.164 0.27972 0.073386 -0.19613 0.35164 0.011735 -0.031861 0.059648 -0.057831 0.022946 -0.041473 0.049444 0.022946 -0.051185 -0.1417 -0.071271 0.081388 0.32693 -0.026319 0.080866 -0.045187 -0.23902 -0.055397 0.16043 -0.16391 -0.019819 -0.060282 -0.21634 -0.13347 0.11207 -0.2081 -0.070954 -0.11481 -0.28986 -0.2669 0.19068 -0.24294 -0.29874 -0.067783 -0.23221 -0.59241 0.13037 -0.17767 -0.62058 -0.15548 -0.24958 -0.62082 0.11213 -0.24943 -0.67782 0.046917 -0.28023 0.52808
-0.07971 -0.16678 0.32216 0.22004 -0.17413 0.27309 0.076804 -0.20981 0.3429 0.012177 -0.034504 0.057955 -0.05746 0.026198 -0.040144 0.04865 0.026198 -0.050459 -0.13789 -0.078923 0.078144 0.33507 -0.03181 0.080358 -0.038045 -0.24435 -0.059128 0.18369 -0.17075 -0.032617 -0.053172 -0.22224 -0.1374 0.13045 -0.21412 -0.0775 -0.11443 -0.28541 -0.26741 0.18895 -0.23969 -0.29864 -0.068184 -0.22764 -0.59301 0.12837 -0.17167 -0.6199 -0.15529 -0.23967 -0.62392 0.10973 -0.24277 -0.67789 0.047193 -0.29197 0.51982
-0.076946 -0.17918 0.31644 0.22251 -0.18145 0.26644 0.079872 -0.22276 0.33387 0.012584 -0.037203 0.056101 -0.056984 0.029011 -0.038897 0.047749 0.029011 -0.049797 -0.13579 -0.086938 0.074191 0.34314 -0.036246 0.079462 -0.032827 -0.24853 -0.065405 0.21454 -0.177 -0.051405 -0.048084 -0.22707 -0.1439 0.15462 -0.21945 -0.087282 -0.11257 -0.28182 -0.26772 0.18858 -0.23591 -0.29879 -0.067181 -0.22378 -0.59339 0.12754 -0.16562 -0.61951 -0.15269 -0.22873 -0.62881 0.10904 -0.23614 -0.67828 0.047999 -0.303 0.5113
-0.074936 -0.19114 0.31033 0.22398 -0.18714 0.26008 0.082125 -0.23479 0.32497 0.012885 -0.039775 0.054254 -0.05645 0.031392 -0.037785 0.046841 0.031392 -0.049192 -0.13514 -0.094449 0.070144 0.34999 -0.04056 0.07777 -0.029878 -0.25111 -0.073353 0.24717 -0.18305 -0.072899 -0.045293 -0.22987 -0.15191 0.18112 -0.22424 -0.10051 -0.11083 -0.27811 -0.2687 0.18839 -0.23166 -0.29975 -0.066103 -0.21959 -0.59438 0.12713 -0.1592 -0.61995 -0.14921 -0.21667 -0.63536 0.10897 -0.22904 -0.67964 0.048489 -0.31329 0.50283
-0.074104 -0.20201 0.30449 0.22436 -0.19241 0.25427 0.083094 -0.24569 0.31659 0.013009 -0.042029 0.052585 -0.055903 0.033351 -0.036861 0.046027 0.033351 -0.048634 -0.13571 -0.10058 0.066629 0.35444 -0.0457 0.07487 -0.029538 -0.2516 -0.082081 0.27568 -0.18926 -0.09377 -0.04507 -0.22968 -0.16036 0.2064 -0.22866 -0.11739 -0.11082 -0.27331 -0.27125 0.18716 -0.22702 -0.30214 -0.066303 -0.21396 -0.59681 0.12636 -0.15207 -0.62181 -0.14641 -0.20339 -0.64344 0.10844 -0.22096 -0.68262 0.047801 -0.32276 0.49473
-0.07485 -0.21118 0.29952 0.22356 -0.19843 0.24931 0.08234 -0.25526 0.30915 0.012892 -0.043785 0.051255 -0.055388 0.034901 -0.036175 0.045403 0.034901 -0.048115 -0.13724 -0.10449 0.064239 0.35538 -0.052562 0.070375 -0.03211 -0.24959 -0.090719 0.29443 -0.19598 -0.11083 -0.047653 -0.22558 -0.16822 0.22706 -0.23284 -0.13807 -0.11405 -0.26647 -0.27621 0.18373 -0.22203 -0.30649 -0.069059 -0.20586 -0.60146 0.12447 -0.14391 -0.62563 -0.14575 -0.18881 -0.6529 0.10639 -0.21141 -0.68786 0.045128 -0.33136 0.4873
-0.077064 -0.21835 0.29563 0.22172 -0.20529 0.24532 0.079989 -0.26328 0.30299 0.01255 -0.045027 0.050295 -0.05493 0.036086 -0.035712 0.044981 0.036086 -0.047638 -0.13949 -0.10603 0.063063 0.35274 -0.061086 0.064391 -0.037232 -0.24518 -0.098821 0.30196 -0.20269 -0.1235 -0.052638 -0.21778 -0.17506 0.24168 -0.23651 -0.16147 -0.12047 -0.25721 -0.28369 0.17807 -0.21653 -0.31285 -0.074347 -0.19506 -0.60848 0.1214 -0.13456 -0.63145 -0.14742 -0.17296 -0.66357 0.10271 -0.20029 -0.69532 0.04059 -0.33888 0.48086
-0.080196 -0.22355 0.29262 0.21924 -0.21219 0.24227 0.07665 -0.26948 0.29836 0.012072 -0.045884 0.049616 -0.054538 0.036984 -0.035399 0.044704 0.036984 -0.047212 -0.14221 -0.1056 0.062749 0.34737 -0.070386 0.057449 -0.043969 -0.23891 -0.1063 0.30045 -0.20817 -0.13343 -0.059072 -0.2074 -0.18098 0.25062 -0.23906 -0.18548 -0.12863 -0.24567 -0.29317 0.17112 -0.21012 -0.32076 -0.081015 -0.18199 -0.61745 0.11761 -0.12406 -0.63883 -0.15044 -0.15599 -0.67528 0.09811 -0.18782 -0.70443 0.035113 -0.34502 0.47578
-0.08368 -0.2268 0.29028 0.21649 -0.21829 0.24016 0.072951 -0.2736 0.29552 0.01155 -0.046487 0.049127 -0.054219 0.037669 -0.035163 0.044511 0.037669 -0.04685 -0.14515 -0.10367 0.062931 0.34014 -0.079546 0.050094 -0.051363 -0.23136 -0.11309 0.29221 -0.21114 -0.14239 -0.065983 -0.19562 -0.1861 0.25428 -0.23986 -0.20794 -0.13707 -0.232 -0.3041 0.16383 -0.2024 -0.32978 -0.087872 -0.16712 -0.62791 0.11362 -0.11243 -0.64735 -0.15383 -0.13806 -0.68784 0.093305 -0.17424 -0.71459 0.029649 -0.34949 0.47238
-0.086963 -0.2281 0.28841 0.21385 -0.22277 0.23895 0.069505 -0.27539 0.2947 0.011072 -0.046964 0.04874 -0.053982 0.038217 -0.034934 0.044343 0.038217 -0.046564 -0.14807 -0.10066 0.063245 0.33189 -0.087676 0.042858 -0.058482 -0.22308 -0.11913 0.27956 -0.21041 -0.15205 -0.072421 -0.1836 -0.19056 0.25311 -0.23829 -0.22677 -0.14433 -0.21636 -0.31594 0.15716 -0.19299 -0.33944 -0.093761 -0.15091 -0.63944 0.10992 -0.099684 -0.65657 -0.1566 -0.11933 -0.70108 0.089007 -0.1598 -0.72523 0.025124 -0.35199 0.47099
-0.089698 -0.22752 0.28694 0.21143 -0.22526 0.2385 0.066634 -0.27487 0.29587 0.010686 -0.047354 0.048434 -0.05381 0.038651 -0.034721 0.04416 0.038651 -0.04638 -0.15073 -0.09707 0.063386 0.32315 -0.094412 0.035967 -0.064862 -0.21411 -0.1247 0.2646 -0.2058 -0.16303 -0.077924 -0.17176 -0.19483 0.24824 -0.23413 -0.2416 -0.14977 -0.19908 -0.32824 0.15135 -0.18185 -0.34946 -0.098209 -0.1337 -0.65159 0.10672 -0.086024 -0.66627 -0.15833 -0.099902 -0.71469 0.085507 -0.14476 -0.73604 0.021854 -0.35243 0.47162
-0.091747 -0.22511 0.28591 0.20911 -0.22582 0.23853 0.064368 -0.2723 0.29869 0.010397 -0.047607 0.048254 -0.053667 0.038946 -0.034613 0.043941 0.038946 -0.046341 -0.15292 -0.093412 0.063106 0.31405 -0.099919 0.029342 -0.070516 -0.20398 -0.13047 0.24931 -0.1982 -0.17489 -0.082519 -0.15985 -0.19971 0.24153 -0.22754 -0.25378 -0.15357 -0.18066 -0.34062 0.14598 -0.16925 -0.35971 -0.10143 -0.11573 -0.66397 0.10396 -0.071798 -0.67637 -0.15912 -0.079893 -0.72827 0.082674 -0.12944 -0.74703 0.019541 -0.35096 0.47392
-0.092982 -0.22096 0.28536 0.20673 -0.22453 0.23876 0.062725 -0.26797 0.30281 0.010208 -0.04767 0.048249 -0.053516 0.039073 -0.034702 0.043667 0.039073 -0.046492 -0.15444 -0.09021 0.062161 0.30474 -0.10438 0.022889 -0.075475 -0.19219 -0.13707 0.23563 -0.18854 -0.18711 -0.086252 -0.14758 -0.20604 0.23484 -0.21868 -0.26474 -0.15591 -0.1616 -0.35273 0.1406 -0.1555 -0.37005 -0.10369 -0.097194 -0.67617 0.10156 -0.057359 -0.68684 -0.1591 -0.059396 -0.74142 0.080361 -0.11414 -0.75818 0.017863 -0.34771 0.47756
-0.093286 -0.21513 0.28534 0.20416 -0.22149 0.23892 0.061718 -0.26217 0.30789 0.01012 -0.047488 0.048466 -0.053321 0.039005 -0.035081 0.04332 0.039005 -0.046873 -0.15506 -0.087975 0.060319 0.29533 -0.10799 0.016525 -0.079782 -0.17827 -0.14514 0.22546 -0.17774 -0.19919 -0.089185 -0.13466 -0.2146 0.23 -0.20773 -0.27585 -0.15699 -0.1424 -0.36421 0.13478 -0.14088 -0.38037 -0.10521 -0.078324 -0.68779 0.099443 -0.043057 -0.69763 -0.1584 -0.038516 -0.75373 0.078421 -0.099189 -0.76951 0.016503 -0.34284 0.48217
-0.092866 -0.20797 0.28595 0.20137 -0.21706 0.23904 0.061176 -0.25527 0.31358 0.01011 -0.047037 0.048922 -0.053087 0.038714 -0.03576 0.042933 0.038714 -0.047471 -0.15482 -0.086909 0.057749 0.28592 -0.11103 0.010433 -0.083746 -0.16258 -0.15444 0.21933 -0.1666 -0.21054 -0.091723 -0.12115 -0.22508 0.22748 -0.19513 -0.28738 -0.15691 -0.12339 -0.37484 0.12841 -0.1256 -0.39047 -0.10615 -0.059326 -0.6986 0.097509 -0.028994 -0.70852 -0.15721 -0.017582 -0.76505 0.076707 -0.084639 -0.78083 0.01535 -0.33649 0.48753
-0.092305 -0.20008 0.28733 0.19847 -0.21193 0.23951 0.060721 -0.24773 0.31957 0.010125 -0.046325 0.049597 -0.052864 0.038174 -0.036665 0.042594 0.038174 -0.048211 -0.15401 -0.086848 0.055083 0.27655 -0.11388 0.0051092 -0.087994 -0.1464 -0.16378 0.21618 -0.15575 -0.22049 -0.094677 -0.10755 -0.23591 0.22616 -0.18159 -0.2983 -0.1557 -0.10469 -0.3846 0.12181 -0.10977 -0.40008 -0.10655 -0.040398 -0.70856 0.095627 -0.014986 -0.7191 -0.15576 0.0028205 -0.77547 0.07507 -0.070289 -0.79175 0.014529 -0.32877 0.49355
-0.09221 -0.19211 0.28965 0.19561 -0.2068 0.24074 0.059962 -0.24004 0.32554 0.01011 -0.045363 0.050469 -0.052707 0.037357 -0.037713 0.042398 0.037357 -0.049015 -0.15293 -0.087612 0.05298 0.26727 -0.11692 0.0010637 -0.093168 -0.13108 -0.17187 0.21485 -0.14582 -0.22834 -0.098879 -0.094335 -0.24543 0.22484 -0.16782 -0.30748 -0.15336 -0.086431 -0.39344 0.11533 -0.093488 -0.40893 -0.10645 -0.021743 -0.71765 0.093665 -0.00083668 -0.72895 -0.15431 0.022091 -0.78513 0.073363 -0.055918 -0.80185 0.014178 -0.31984 0.50014
-0.093172 -0.18468 0.29304 0.19289 -0.20235 0.24312 0.058517 -0.23265 0.33117 0.010013 -0.044161 0.051515 -0.052668 0.036237 -0.038824 0.042437 0.036237 -0.049804 -0.15188 -0.089013 0.052084 0.25811 -0.12054 -0.0012016 -0.099895 -0.11793 -0.17747 0.2142 -0.13741 -0.23344 -0.10514 -0.082015 -0.25203 0.22234 -0.15455 -0.31384 -0.1499 -0.068719 -0.40136 0.10928 -0.07685 -0.41675 -0.10588 -0.0035587 -0.72585 0.091494 0.013644 -0.73767 -0.1531 0.039637 -0.79413 0.071442 -0.041314 -0.81074 0.014431 -0.30981 0.5072
-0.095285 -0.17801 0.2973 0.19036 -0.19876 0.24666 0.056304 -0.22576 0.33631 0.0098119 -0.042755 0.052696 -0.052765 0.034833 -0.039938 0.042732 0.034833 -0.050533 -0.15094 -0.090676 0.052507 0.24923 -0.12459 -0.001609 -0.10813 -0.10748 -0.18025 0.21352 -0.13063 -0.23569 -0.11347 -0.071269 -0.25529 0.21836 -0.14222 -0.31705 -0.14556 -0.051753 -0.4083 0.10388 -0.060179 -0.42339 -0.10489 0.013911 -0.73311 0.089124 0.028301 -0.74506 -0.1522 0.055242 -0.80242 0.069303 -0.026611 -0.81822 0.01523 -0.29905 0.51454
-0.097975 -0.17176 0.30179 0.18792 -0.19549 0.25087 0.053644 -0.21922 0.34108 0.0095351 -0.041219 0.053948 -0.052968 0.033222 -0.041021 0.043212 0.033222 -0.051201 -0.14986 -0.091971 0.053648 0.24097 -0.12826 -0.00064768 -0.11692 -0.099204 -0.18112 0.21269 -0.12493 -0.23579 -0.12281 -0.06302 -0.25643 0.21377 -0.13089 -0.31783 -0.14086 -0.035835 -0.41423 0.099158 -0.044082 -0.42889 -0.10353 0.03037 -0.73933 0.08675 0.042516 -0.75116 -0.15145 0.069189 -0.80966 0.067138 -0.01241 -0.82437 0.016263 -0.2882 0.52179
-0.10062 -0.16557 0.3058 0.18549 -0.19197 0.2552 0.050888 -0.21284 0.34559 0.0092117 -0.039625 0.055204 -0.053242 0.031483 -0.042041 0.043797 0.031483 -0.05181 -0.14841 -0.09225 0.054857 0.23364 -0.13067 0.0011538 -0.12525 -0.092478 -0.18106 0.2116 -0.11969 -0.2345 -0.132 -0.058208 -0.25678 0.20956 -0.12059 -0.31695 -0.13635 -0.021274 -0.41909 0.095134 -0.029187 -0.43328 -0.10187 0.045518 -0.7444 0.084582 0.055637 -0.75607 -0.15069 0.081797 -0.81552 0.065148 0.00065979 -0.82929 0.017201 -0.2779 0.52861
-0.10261 -0.15907 0.30867 0.18296 -0.18763 0.25913 0.048383 -0.20642 0.34996 0.0088718 -0.038047 0.056401 -0.053554 0.029696 -0.042967 0.044409 0.029696 -0.052363 -0.14634 -0.090873 0.055491 0.22759 -0.13096 0.0032713 -0.13214 -0.086699 -0.18105 0.21019 -0.1143 -0.23254 -0.13992 -0.057753 -0.25764 0.20667 -0.11136 -0.3152 -0.13258 -0.0083727 -0.42283 0.091825 -0.016117 -0.43662 -0.099973 0.059057 -0.74823 0.082823 0.067023 -0.75987 -0.14974 0.093381 -0.81968 0.063532 0.011973 -0.83307 0.017717 -0.26881 0.53463
-0.10368 -0.15196 0.31024 0.18036 -0.18203 0.26248 0.046328 -0.19966 0.35431 0.0085413 -0.036491 0.057511 -0.053867 0.027899 -0.043801 0.04499 0.027899 -0.052872 -0.14367 -0.087629 0.055377 0.22291 -0.12874 0.0054572 -0.13707 -0.081593 -0.1815 0.20841 -0.10836 -0.23033 -0.14589 -0.061559 -0.25951 0.20537 -0.10306 -0.31302 -0.12972 0.0028276 -0.42553 0.089131 -0.0050363 -0.43901 -0.097923 0.070898 -0.7509 0.081466 0.076509 -0.76269 -0.14852 0.10411 -0.8222 0.062305 0.021366 -0.83586 0.017764 -0.26086 0.53983
-0.10413 -0.14407 0.31124 0.17788 -0.17493 0.26566 0.044692 -0.19206 0.35879 0.0082408 -0.034859 0.058572 -0.054144 0.026066 -0.044591 0.045511 0.026066 -0.053366 -0.14085 -0.082972 0.055071 0.21932 -0.12435 0.0078925 -0.14035 -0.077395 -0.18193 0.2063 -0.10178 -0.22778 -0.14991 -0.067945 -0.26157 0.20482 -0.095305 -0.31038 -0.12735 0.012696 -0.42745 0.086771 0.0045902 -0.44065 -0.095859 0.081275 -0.75274 0.080177 0.084672 -0.76473 -0.14706 0.11392 -0.82377 0.061191 0.029388 -0.83783 0.017726 -0.25291 0.54465
-0.10432 -0.13522 0.31245 0.17573 -0.1661 0.26911 0.043424 -0.18311 0.36354 0.0079902 -0.033043 0.059623 -0.054346 0.024162 -0.045392 0.045946 0.024162 -0.053874 -0.13836 -0.077411 0.055191 0.21651 -0.11817 0.010795 -0.14233 -0.074387 -0.18179 0.20391 -0.094506 -0.22472 -0.15206 -0.075097 -0.26292 0.20411 -0.087689 -0.30721 -0.12501 0.021638 -0.42884 0.084449 0.01336 -0.44176 -0.093925 0.090449 -0.75411 0.07859 0.092153 -0.76617 -0.1454 0.12272 -0.82513 0.05989 0.036651 -0.83919 0.01802 -0.2437 0.54962
-0.10459 -0.12526 0.31464 0.17411 -0.15533 0.27328 0.042473 -0.1723 0.36869 0.0078095 -0.030938 0.060705 -0.054434 0.022157 -0.046257 0.046268 0.022157 -0.054427 -0.13667 -0.071456 0.05635 0.21418 -0.1106 0.01438 -0.14339 -0.072847 -0.18054 0.20128 -0.086482 -0.22103 -0.15243 -0.081207 -0.26265 0.20233 -0.079807 -0.30343 -0.12224 0.030054 -0.42999 0.08187 0.021866 -0.44255 -0.092261 0.09868 -0.75538 0.076345 0.099589 -0.76723 -0.1436 0.13044 -0.82703 0.058106 0.043761 -0.84011 0.019065 -0.23199 0.55523
-0.10513 -0.11432 0.31802 0.17303 -0.14285 0.27826 0.041741 -0.15964 0.37421 0.0076988 -0.028553 0.061817 -0.0544 0.020074 -0.047193 0.046478 0.020074 -0.05502 -0.13601 -0.06547 0.058683 0.21211 -0.10207 0.018627 -0.14382 -0.072852 -0.17804 0.19847 -0.077946 -0.21675 -0.15125 -0.0853 -0.26047 0.19905 -0.071645 -0.29914 -0.11885 0.038128 -0.43105 0.078941 0.030359 -0.44314 -0.090934 0.10612 -0.75673 0.073362 0.10722 -0.76803 -0.14192 0.13699 -0.82954 0.055771 0.050949 -0.84073 0.02099 -0.21739 0.56163
-0.10585 -0.10306 0.32181 0.17219 -0.12972 0.28348 0.041049 -0.1461 0.37973 0.0076233 -0.026109 0.062884 -0.054292 0.018038 -0.048118 0.046624 0.018038 -0.05559 -0.13608 -0.059549 0.061462 0.21025 -0.093079 0.023094 -0.14384 -0.07412 -0.17494 0.1955 -0.069663 -0.21232 -0.149 -0.087894 -0.25724 0.19468 -0.063892 -0.29473 -0.11516 0.045649 -0.43198 0.075928 0.038467 -0.44355 -0.089881 0.1127 -0.75806 0.070067 0.11457 -0.76861 -0.14104 0.14231 -0.83164 0.053232 0.05777 -0.84107 0.02341 -0.20101 0.56832
-0.10664 -0.092213 0.3251 0.17122 -0.11705 0.28833 0.040208 -0.13272 0.38486 0.0075444 -0.023846 0.063826 -0.054161 0.016183 -0.048947 0.046759 0.016183 -0.056066 -0.13656 -0.053763 0.06387 0.20857 -0.084132 0.027293 -0.14366 -0.076327 -0.17195 0.1924 -0.062454 -0.2082 -0.14621 -0.089661 -0.25393 0.18973 -0.057312 -0.29065 -0.11153 0.052365 -0.43271 0.07314 0.045755 -0.44374 -0.089025 0.11837 -0.75922 0.066936 0.1211 -0.76897 -0.1417 0.14631 -0.83214 0.050881 0.063707 -0.84115 0.025888 -0.1841 0.57475
-0.10737 -0.08251 0.327 0.16976 -0.10599 0.29218 0.039032 -0.12056 0.38919 0.0074235 -0.022006 0.064559 -0.05406 0.014646 -0.049591 0.046936 0.014646 -0.056379 -0.13712 -0.048182 0.065094 0.20703 -0.075729 0.030739 -0.14349 -0.079152 -0.16978 0.1892 -0.057136 -0.20484 -0.14341 -0.091275 -0.2515 0.1847 -0.052664 -0.28731 -0.10834 0.058023 -0.43318 0.070879 0.05179 -0.4437 -0.088289 0.12305 -0.76007 0.064447 0.12625 -0.76912 -0.14461 0.14893 -0.8299 0.049108 0.068245 -0.84097 0.027984 -0.16795 0.58036
-0.10797 -0.074318 0.3271 0.16766 -0.097151 0.29469 0.03746 -0.11022 0.39252 0.0072429 -0.020695 0.065052 -0.054023 0.013463 -0.050007 0.047177 0.013463 -0.056506 -0.13757 -0.042863 0.064761 0.20562 -0.06825 0.033151 -0.14347 -0.082201 -0.1688 0.18598 -0.054094 -0.20251 -0.14099 -0.093109 -0.25047 0.17999 -0.050319 -0.28496 -0.10576 0.062588 -0.43334 0.069306 0.056404 -0.44342 -0.087583 0.1268 -0.76053 0.062874 0.12982 -0.76909 -0.14978 0.15039 -0.82459 0.048122 0.071196 -0.84055 0.029435 -0.1534 0.58482
-0.10845 -0.067268 0.32602 0.1652 -0.09006 0.29611 0.035706 -0.10132 0.39505 0.0070281 -0.019742 0.065373 -0.054044 0.012467 -0.050252 0.047442 0.012467 -0.056521 -0.13799 -0.037839 0.063433 0.20436 -0.06182 0.034679 -0.14361 -0.084926 -0.16867 0.18296 -0.052811 -0.20106 -0.1391 -0.094907 -0.2504 0.17572 -0.049829 -0.28344 -0.10358 0.066469 -0.43324 0.068269 0.059993 -0.44298 -0.086791 0.13 -0.76063 0.062059 0.13229 -0.7689 -0.15579 0.15152 -0.81767 0.047757 0.073052 -0.83994 0.030336 -0.14039 0.58831
-0.10885 -0.060894 0.32451 0.16269 -0.084115 0.29679 0.034013 -0.093352 0.39703 0.0068102 -0.018936 0.065608 -0.054113 0.011463 -0.050391 0.047682 0.011463 -0.056511 -0.13851 -0.033137 0.061788 0.20328 -0.056532 0.035528 -0.14388 -0.086764 -0.16894 0.18035 -0.052653 -0.20026 -0.13782 -0.096336 -0.25075 0.17198 -0.050641 -0.28253 -0.10155 0.070134 -0.4329 0.067579 0.063021 -0.44244 -0.085793 0.13305 -0.76045 0.061794 0.13425 -0.7686 -0.16101 0.1532 -0.81085 0.047799 0.074393 -0.83919 0.030827 -0.12878 0.59104
-0.10919 -0.054733 0.32332 0.16046 -0.078714 0.29705 0.032626 -0.085826 0.3987 0.00662 -0.018072 0.065837 -0.054219 0.010259 -0.050491 0.04785 0.010259 -0.056563 -0.13924 -0.028788 0.060504 0.20241 -0.052479 0.035902 -0.14429 -0.087149 -0.16916 0.17837 -0.052989 -0.19989 -0.13728 -0.097065 -0.25097 0.16887 -0.052204 -0.28203 -0.099417 0.074048 -0.43235 0.067046 0.065953 -0.44187 -0.08447 0.13637 -0.76005 0.061868 0.13628 -0.76824 -0.16381 0.15634 -0.8058 0.048034 0.075796 -0.83833 0.031051 -0.11843 0.59326
-0.10957 -0.048455 0.32305 0.15879 -0.073405 0.29732 0.031671 -0.078379 0.40025 0.0064762 -0.017012 0.066115 -0.054345 0.0087494 -0.050602 0.047919 0.0087494 -0.056726 -0.14033 -0.02476 0.060136 0.20182 -0.049623 0.036141 -0.14489 -0.085815 -0.1689 0.17721 -0.053336 -0.19962 -0.13756 -0.09692 -0.25057 0.16651 -0.054079 -0.28159 -0.097021 0.078481 -0.43164 0.066539 0.069098 -0.44131 -0.082772 0.14019 -0.75947 0.062114 0.13875 -0.76784 -0.16336 0.16137 -0.80346 0.048308 0.077651 -0.83739 0.031123 -0.10913 0.59514
-0.11025 -0.042065 0.32394 0.15788 -0.068109 0.29822 0.030977 -0.070982 0.40169 0.0063667 -0.01579 0.066427 -0.054462 0.0070474 -0.050733 0.04792 0.0070474 -0.056953 -0.14202 -0.020876 0.060938 0.20174 -0.047606 0.03691 -0.14594 -0.083229 -0.16777 0.17695 -0.053582 -0.19878 -0.13876 -0.096126 -0.24917 0.16506 -0.056098 -0.28056 -0.094473 0.083217 -0.43081 0.066066 0.072389 -0.44074 -0.080819 0.14435 -0.75878 0.062459 0.1416 -0.76737 -0.16069 0.16754 -0.80292 0.048608 0.079886 -0.83637 0.0311 -0.10062 0.59675
-0.11151 -0.035618 0.32618 0.1579 -0.062803 0.30041 0.030328 -0.063657 0.403 0.006275 -0.01447 0.066747 -0.054536 0.005298 -0.050888 0.04789 0.005298 -0.057187 -0.14452 -0.016936 0.06312 0.2024 -0.046021 0.038925 -0.14772 -0.079967 -0.16537 0.17767 -0.053672 -0.19669 -0.14096 -0.094966 -0.24643 0.16469 -0.058133 -0.27823 -0.091916 0.087969 -0.42992 0.065656 0.075701 -0.44013 -0.078756 0.14864 -0.75799 0.062849 0.14467 -0.76681 -0.15715 0.17392 -0.80299 0.048944 0.082361 -0.83526 0.031031 -0.092621 0.59815
-0.11364 -0.029169 0.32994 0.15903 -0.057464 0.30454 0.029512 -0.056426 0.40417 0.0061845 -0.013112 0.067049 -0.054536 0.0036467 -0.051068 0.047867 0.0036467 -0.057366 -0.14808 -0.012741 0.066891 0.20404 -0.044464 0.042902 -0.1505 -0.076607 -0.16132 0.17944 -0.053548 -0.19264 -0.14426 -0.093723 -0.24199 0.16557 -0.060057 -0.27391 -0.089496 0.092449 -0.42901 0.065339 0.07891 -0.43944 -0.076729 0.15283 -0.75716 0.063227 0.14784 -0.76614 -0.15408 0.17961 -0.80249 0.049327 0.084932 -0.83404 0.030963 -0.084839 0.59938
-0.11677 -0.022757 0.33521 0.16129 -0.052066 0.31089 0.028394 -0.04931 0.4052 0.0060822 -0.011768 0.067312 -0.054444 0.0021999 -0.051271 0.047877 0.0021999 -0.057453 -0.15276 -0.0081537 0.072249 0.20672 -0.042607 0.049159 -0.15442 -0.073528 -0.1555 0.18222 -0.053169 -0.18631 -0.14864 -0.09253 -0.23579 0.16774 -0.061757 -0.26729 -0.087309 0.096461 -0.42813 0.065139 0.081928 -0.43865 -0.074836 0.15677 -0.75631 0.063564 0.15097 -0.76533 -0.1524 0.18398 -0.8006 0.049769 0.087498 -0.83272 0.030933 -0.077065 0.60047
-0.1205 -0.016383 0.3414 0.1643 -0.046578 0.31866 0.027084 -0.042322 0.40609 0.0059646 -0.010462 0.067537 -0.054284 0.000953 -0.051484 0.047914 0.000953 -0.057461 -0.15817 -0.0032161 0.07859 0.21005 -0.040351 0.056883 -0.15915 -0.070547 -0.14858 0.18561 -0.052537 -0.17852 -0.15382 -0.091084 -0.22854 0.17076 -0.063155 -0.25918 -0.085309 0.10007 -0.42727 0.065062 0.084773 -0.43779 -0.073044 0.1605 -0.75543 0.063902 0.15409 -0.76442 -0.15185 0.18725 -0.79755 0.050292 0.090062 -0.83132 0.030943 -0.069285 0.60144
-0.1244 -0.010037 0.3478 0.16757 -0.040965 0.32684 0.02573 -0.035478 0.40683 0.0058302 -0.0092127 0.067728 -0.054089 -0.00011879 -0.051687 0.047962 -0.00011879 -0.057419 -0.16381 0.0019974 0.0852 0.21354 -0.037637 0.065055 -0.16429 -0.067381 -0.14138 0.18918 -0.051658 -0.17027 -0.15946 -0.089006 -0.22108 0.17414 -0.064178 -0.25061 -0.083424 0.1034 -0.42639 0.065113 0.08748 -0.43688 -0.071294 0.16408 -0.75451 0.064297 0.15719 -0.76343 -0.15198 0.18981 -0.7938 0.050919 0.09265 -0.82988 0.030986 -0.061525 0.60228
-0.12799 -0.00371 0.35371 0.17063 -0.035194 0.33443 0.024481 -0.028792 0.40743 0.0056774 -0.0080377 0.067887 -0.053889 -0.0010401 -0.051863 0.048008 -0.0010401 -0.05735 -0.16922 0.0074125 0.091368 0.2167 -0.034406 0.072656 -0.16943 -0.063745 -0.1347 0.19247 -0.050542 -0.16255 -0.16524 -0.085917 -0.21426 0.17738 -0.064755 -0.24261 -0.081585 0.10655 -0.42549 0.065298 0.090088 -0.43595 -0.069529 0.16759 -0.75354 0.064804 0.16031 -0.76239 -0.15233 0.19201 -0.78977 0.051671 0.095287 -0.82842 0.031061 -0.053807 0.603
-0.13082 0.0026058 0.35845 0.17301 -0.02923 0.34043 0.023488 -0.022276 0.40789 0.0055046 -0.0069557 0.068019 -0.053718 -0.0018355 -0.051994 0.048037 -0.0018355 -0.057282 -0.1739 0.012955 0.09638 0.21906 -0.030599 0.078668 -0.17418 -0.059356 -0.12936 0.19503 -0.049198 -0.15638 -0.17081 -0.081436 -0.20894 0.18 -0.064816 -0.23619 -0.079719 0.10965 -0.42454 0.065619 0.092631 -0.43502 -0.067691 0.17111 -0.75251 0.06548 0.16344 -0.76133 -0.15243 0.19425 -0.78591 0.052572 0.097996 -0.82699 0.03116 -0.046155 0.60358
-0.13242 0.0089191 0.36129 0.17423 -0.023041 0.34384 0.022899 -0.015944 0.40822 0.0053101 -0.0059851 0.068126 -0.053608 -0.0025298 -0.052063 0.048036 -0.0025298 -0.057241 -0.17737 0.01855 0.099524 0.22012 -0.026156 0.082074 -0.17812 -0.053929 -0.12618 0.19642 -0.047633 -0.15276 -0.17584 -0.075185 -0.20596 0.18149 -0.064287 -0.23239 -0.077755 0.1128 -0.42351 0.066084 0.095148 -0.43412 -0.065721 0.17471 -0.7514 0.06638 0.16662 -0.76028 -0.15182 0.19689 -0.78265 0.053645 0.1008 -0.8256 0.031281 -0.038595 0.60404
-0.13235 0.015239 0.36156 0.17383 -0.016592 0.34366 0.022865 -0.0098119 0.40841 0.0050924 -0.0051444 0.068212 -0.053589 -0.0031475 -0.052052 0.047991 -0.0031475 -0.057252 -0.17915 0.024124 0.10009 0.2194 -0.021018 0.081855 -0.18086 -0.047182 -0.12596 0.19618 -0.045857 -0.15269 -0.18 -0.066784 -0.20619 0.18137 -0.063098 -0.23221 -0.075624 0.11612 -0.4224 0.066694 0.097673 -0.43328 -0.063562 0.17845 -0.7502 0.067559 0.16986 -0.75928 -0.15005 0.20031 -0.78043 0.054913 0.10373 -0.8243 0.031419 -0.031149 0.60436
-0.13014 0.021573 0.35855 0.17132 -0.0098489 0.33889 0.023534 -0.003892 0.40846 0.0048499 -0.0044518 0.06828 -0.053695 -0.0037133 -0.051943 0.047887 -0.0037133 -0.057341 -0.17875 0.029603 0.097353 0.21642 -0.015127 0.076992 -0.18199 -0.038829 -0.12953 0.19387 -0.043877 -0.15717 -0.18295 -0.055854 -0.21045 0.17912 -0.061176 -0.23669 -0.073253 0.11973 -0.42116 0.067456 0.10024 -0.43251 -0.061155 0.18242 -0.7489 0.069074 0.17318 -0.75835 -0.14665 0.20489 -0.77968 0.056397 0.10681 -0.82312 0.031568 -0.023842 0.60455
