-0.15352 0.015982 0.31128 0.12102 -0.003386 0.33271 -0.024011 -0.0097375 0.40782 -0.0047568 0.0069248 0.06808 -0.054823 -0.0031101 -0.050792 0.057126 -0.0031101 -0.048187 -0.20439 0.029436 0.050743 0.13978 -0.0061725 0.067583 -0.16185 -0.15652 -0.089891 0.066302 -0.13401 -0.11796 -0.15417 -0.17124 -0.17091 0.068674 -0.17837 -0.18772 -0.12484 -0.28634 -0.30929 0.02829 -0.30427 -0.29398 -0.17125 -0.25421 -0.63839 0.063001 -0.28893 -0.62572 -0.19399 -0.30002 -0.71678 0.063852 -0.35777 -0.68912 -0.020956 -0.068705 0.59605
-0.16483 -0.030309 0.30297 0.11465 -0.051722 0.32571 -0.032965 -0.067847 0.39018 -0.0061234 -0.0054 0.064924 -0.054677 0.0027888 -0.050012 0.057661 0.0027888 -0.046464 -0.20883 0.0010704 0.044322 0.13592 -0.01972 0.068726 -0.16299 -0.17431 -0.10741 0.062654 -0.15548 -0.11189 -0.15514 -0.18897 -0.1884 0.065924 -0.19501 -0.18427 -0.12234 -0.28555 -0.30633 0.031553 -0.30268 -0.28942 -0.16363 -0.24578 -0.63537 0.065781 -0.28281 -0.62126 -0.18438 -0.29573 -0.71154 0.069713 -0.34717 -0.68851 -0.030763 -0.14006 0.57221
-0.17319 -0.068596 0.29653 0.11042 -0.090856 0.32023 -0.039261 -0.11524 0.37569 -0.0071172 -0.015294 0.062475 -0.054518 0.0076854 -0.049413 0.058075 0.0076854 -0.045081 -0.21162 -0.022443 0.039565 0.13356 -0.030869 0.069798 -0.16293 -0.18789 -0.12188 0.061069 -0.17247 -0.10711 -0.15487 -0.20242 -0.20286 0.0651 -0.2086 -0.18132 -0.11867 -0.28307 -0.30524 0.035294 -0.29934 -0.28748 -0.15562 -0.23576 -0.63386 0.069085 -0.27424 -0.61913 -0.1745 -0.28922 -0.70808 0.075747 -0.33463 -0.68963 -0.037791 -0.19846 0.55255
-0.17886 -0.099777 0.2917 0.10815 -0.12172 0.31604 -0.043098 -0.15307 0.36399 -0.0077564 -0.023033 0.060634 -0.054355 0.011695 -0.048953 0.058373 0.011695 -0.043996 -0.21292 -0.041662 0.03623 0.13256 -0.03979 0.070778 -0.16173 -0.19781 -0.13362 0.061334 -0.18545 -0.10351 -0.15344 -0.21216 -0.21462 0.066024 -0.21943 -0.17883 -0.114 -0.27923 -0.30572 0.039468 -0.29452 -0.28781 -0.14737 -0.22455 -0.63359 0.072811 -0.26361 -0.619 -0.16448 -0.28095 -0.7061 0.081904 -0.3205 -0.69219 -0.042204 -0.2452 0.53664
-0.18209 -0.12475 0.2882 0.10767 -0.14524 0.31294 -0.044675 -0.18246 0.35473 -0.008059 -0.028892 0.059301 -0.054194 0.014933 -0.048591 0.058561 0.014933 -0.043166 -0.21288 -0.057147 0.034074 0.13279 -0.046654 0.071644 -0.15947 -0.20465 -0.14297 0.063233 -0.19491 -0.10094 -0.15093 -0.21877 -0.22398 0.06852 -0.22781 -0.17677 -0.10852 -0.27439 -0.30743 0.044032 -0.28849 -0.29004 -0.13906 -0.21251 -0.63427 0.076857 -0.25127 -0.62054 -0.15446 -0.27136 -0.70531 0.088133 -0.30507 -0.69592 -0.044166 -0.28158 0.52404
-0.18313 -0.14441 0.28577 0.10879 -0.16235 0.31071 -0.044188 -0.20455 0.34751 -0.0080433 -0.033147 0.058375 -0.054044 0.017514 -0.048285 0.058645 0.017514 -0.042548 -0.21167 -0.069456 0.032854 0.13409 -0.051633 0.072377 -0.15623 -0.20898 -0.15025 0.066552 -0.20133 -0.099263 -0.14741 -0.22283 -0.23129 0.072408 -0.23403 -0.17511 -0.1024 -0.26888 -0.31007 0.048941 -0.28153 -0.29381 -0.13086 -0.20003 -0.63564 0.081122 -0.2376 -0.6234 -0.14458 -0.26087 -0.7054 0.094382 -0.28868 -0.70054 -0.043839 -0.30889 0.51433
-0.18223 -0.15966 0.28414 0.11134 -0.17397 0.30915 -0.041838 -0.22048 0.34199 -0.0077272 -0.036073 0.057758 -0.053914 0.019554 -0.047995 0.058632 0.019554 -0.0421 -0.20945 -0.079149 0.032326 0.13633 -0.054897 0.072955 -0.15206 -0.21135 -0.1558 0.071077 -0.20519 -0.098351 -0.14295 -0.22491 -0.23687 0.077514 -0.2384 -0.17382 -0.095829 -0.26306 -0.31331 0.05415 -0.2739 -0.29874 -0.12293 -0.18747 -0.63742 0.085505 -0.22297 -0.62725 -0.13497 -0.24993 -0.70608 0.1006 -0.27163 -0.70576 -0.041389 -0.32844 0.50706
-0.17965 -0.1714 0.28304 0.11513 -0.18105 0.30803 -0.037821 -0.23139 0.3378 -0.0071289 -0.037946 0.057348 -0.053811 0.021168 -0.04768 0.058526 0.021168 -0.041778 -0.20636 -0.086783 0.032248 0.13937 -0.056618 0.073358 -0.14706 -0.21234 -0.15994 0.076593 -0.20696 -0.098067 -0.13763 -0.22559 -0.24104 0.083659 -0.24123 -0.17287 -0.08898 -0.25725 -0.31683 0.059616 -0.26588 -0.30447 -0.11546 -0.17521 -0.63932 0.089904 -0.20776 -0.63175 -0.12578 -0.23898 -0.70704 0.10674 -0.25424 -0.7113 -0.036978 -0.34152 0.50181
-0.17564 -0.18052 0.2822 0.11999 -0.18451 0.30716 -0.032336 -0.23842 0.33456 -0.0062665 -0.039041 0.057047 -0.053743 0.022472 -0.047296 0.058333 0.022472 -0.041541 -0.20257 -0.092919 0.032378 0.14307 -0.056967 0.073565 -0.14128 -0.21251 -0.16301 0.082885 -0.20713 -0.098276 -0.13153 -0.22543 -0.24413 0.090667 -0.2428 -0.17221 -0.082035 -0.25182 -0.3203 0.065293 -0.25773 -0.31063 -0.1086 -0.16364 -0.64109 0.094218 -0.19233 -0.63657 -0.11714 -0.22846 -0.708 0.11274 -0.23684 -0.71689 -0.030771 -0.34943 0.49815
-0.17045 -0.18792 0.28135 0.12574 -0.18527 0.30632 -0.025582 -0.2427 0.33191 -0.0051582 -0.039634 0.056755 -0.053719 0.023581 -0.046805 0.05806 0.023581 -0.041346 -0.19823 -0.098115 0.032472 0.1473 -0.056114 0.073555 -0.1348 -0.21243 -0.16533 0.089738 -0.20618 -0.098841 -0.12472 -0.22503 -0.24647 0.098359 -0.24343 -0.17182 -0.075173 -0.24709 -0.32342 0.071137 -0.24973 -0.31687 -0.10252 -0.15313 -0.64243 0.098345 -0.17706 -0.64137 -0.10918 -0.21881 -0.70865 0.11856 -0.21974 -0.72225 -0.02293 -0.35347 0.49563
-0.16433 -0.1945 0.28022 0.13219 -0.18428 0.3053 -0.017757 -0.24537 0.32948 -0.0038219 -0.040001 0.05637 -0.053747 0.024609 -0.046163 0.057712 0.024609 -0.041151 -0.19351 -0.10293 0.032287 0.15191 -0.054232 0.073308 -0.12769 -0.21265 -0.16724 0.096939 -0.20459 -0.099629 -0.11728 -0.22495 -0.24838 0.10656 -0.24341 -0.17166 -0.068572 -0.24342 -0.32585 0.077104 -0.24215 -0.32282 -0.097398 -0.14405 -0.64308 0.10219 -0.16232 -0.64582 -0.10205 -0.21046 -0.70869 0.12415 -0.20325 -0.72708 -0.013619 -0.35494 0.49384
-0.15755 -0.20115 0.27855 0.13918 -0.18245 0.30389 -0.0090591 -0.24757 0.3269 -0.0022759 -0.040416 0.055795 -0.053834 0.025673 -0.045331 0.057294 0.025673 -0.040911 -0.18856 -0.10792 0.03158 0.15675 -0.051491 0.072804 -0.12002 -0.21375 -0.16905 0.10427 -0.20283 -0.1005 -0.10927 -0.22576 -0.25019 0.11509 -0.24304 -0.1717 -0.062413 -0.24115 -0.32729 0.08315 -0.23526 -0.3281 -0.0934 -0.13678 -0.64275 0.10564 -0.14849 -0.64958 -0.095889 -0.20385 -0.70782 0.12945 -0.1877 -0.73113 -0.0030026 -0.35514 0.49233
-0.15034 -0.20878 0.27605 0.14651 -0.18073 0.30188 0.00031344 -0.25044 0.32381 -0.00053829 -0.041156 0.054927 -0.05399 0.026887 -0.044265 0.056814 0.026887 -0.040586 -0.18353 -0.11365 0.03011 0.1617 -0.048062 0.07202 -0.11188 -0.2163 -0.17111 0.11152 -0.2014 -0.10133 -0.10079 -0.22805 -0.25222 0.12378 -0.24263 -0.17191 -0.056874 -0.24062 -0.3274 0.08923 -0.22933 -0.33235 -0.090694 -0.1317 -0.64118 0.1086 -0.13593 -0.65231 -0.090824 -0.19942 -0.70575 0.13442 -0.1734 -0.73409 0.0087561 -0.35536 0.49067
-0.14303 -0.21806 0.27254 0.15393 -0.17996 0.29909 0.01004 -0.25494 0.31991 0.0013461 -0.042447 0.053692 -0.054211 0.028343 -0.04295 0.05628 0.028343 -0.04014 -0.17861 -0.12051 0.027682 0.16658 -0.044198 0.070928 -0.10342 -0.22068 -0.1737 0.11842 -0.20068 -0.10204 -0.091993 -0.23222 -0.25476 0.13234 -0.24244 -0.17231 -0.052133 -0.24197 -0.32601 0.095222 -0.22454 -0.33531 -0.089372 -0.12897 -0.63823 0.11095 -0.12495 -0.65377 -0.086963 -0.19739 -0.70233 0.13895 -0.16062 -0.73578 0.021314 -0.35673 0.48849
-0.13639 -0.22809 0.26821 0.16053 -0.18045 0.29562 0.018989 -0.2608 0.3153 0.0031542 -0.044187 0.052164 -0.054428 0.029964 -0.041528 0.055735 0.029964 -0.039589 -0.17408 -0.12779 0.024444 0.17092 -0.040685 0.069442 -0.095474 -0.22621 -0.17683 0.12432 -0.20056 -0.10301 -0.083755 -0.23758 -0.25784 0.13988 -0.24241 -0.17322 -0.048359 -0.24396 -0.32394 0.1005 -0.22049 -0.33727 -0.089012 -0.12739 -0.63474 0.11252 -0.11542 -0.65434 -0.084176 -0.19649 -0.69839 0.14261 -0.14937 -0.73658 0.03314 -0.35916 0.48579
-0.13138 -0.23739 0.26344 0.16519 -0.1823 0.29165 0.025696 -0.26728 0.31028 0.0045904 -0.046143 0.05048 -0.054542 0.031611 -0.040206 0.055233 0.031611 -0.03897 -0.17028 -0.13434 0.020679 0.17418 -0.038531 0.067451 -0.08915 -0.23173 -0.18041 0.12839 -0.20073 -0.10482 -0.077213 -0.24297 -0.26137 0.14523 -0.24236 -0.17512 -0.045713 -0.24478 -0.32239 0.10423 -0.21656 -0.33878 -0.088979 -0.12516 -0.63196 0.11309 -0.10702 -0.65464 -0.082241 -0.19484 -0.69521 0.14486 -0.13953 -0.73707 0.042217 -0.36208 0.48273
-0.12896 -0.24443 0.25861 0.16676 -0.18562 0.28739 0.028697 -0.27363 0.30511 0.0053586 -0.04808 0.048779 -0.054455 0.03314 -0.039193 0.054828 0.03314 -0.038321 -0.16754 -0.13898 0.016672 0.17579 -0.038742 0.064844 -0.085546 -0.2361 -0.18433 0.12985 -0.20084 -0.10803 -0.073507 -0.24726 -0.26528 0.14723 -0.24212 -0.17849 -0.044359 -0.24264 -0.32257 0.10557 -0.21209 -0.3404 -0.088639 -0.12052 -0.63113 0.11243 -0.09946 -0.6553 -0.080933 -0.19057 -0.69402 0.14512 -0.13098 -0.73788 0.046526 -0.36493 0.47946
-0.13009 -0.24772 0.2541 0.16412 -0.19048 0.28302 0.026529 -0.27909 0.3001 0.005163 -0.049763 0.047198 -0.054069 0.03441 -0.038695 0.054575 0.03441 -0.037678 -0.1662 -0.14057 0.012706 0.17519 -0.042325 0.061512 -0.085761 -0.23816 -0.18849 0.12788 -0.20058 -0.11319 -0.073777 -0.24928 -0.26948 0.1447 -0.24151 -0.1838 -0.04446 -0.23572 -0.32569 0.10369 -0.20647 -0.34268 -0.087359 -0.11169 -0.63347 0.11035 -0.092414 -0.65695 -0.080028 -0.18181 -0.69609 0.14285 -0.1236 -0.73961 0.044048 -0.36713 0.47614
-0.13572 -0.24573 0.25028 0.15611 -0.197 0.27874 0.017726 -0.28293 0.29553 0.0037076 -0.050957 0.045874 -0.053285 0.035279 -0.038922 0.054528 0.035279 -0.037078 -0.16658 -0.13794 0.0090658 0.17183 -0.050288 0.057344 -0.090896 -0.23676 -0.1928 0.12167 -0.19961 -0.12089 -0.079163 -0.24789 -0.27388 0.13649 -0.24036 -0.1915 -0.046179 -0.22223 -0.33296 0.097757 -0.19905 -0.34617 -0.084505 -0.096871 -0.64024 0.10662 -0.085577 -0.66021 -0.079304 -0.16667 -0.70266 0.13747 -0.11728 -0.74285 0.032764 -0.36811 0.47293
-0.14662 -0.23719 0.24751 0.14182 -0.20519 0.27476 0.0011093 -0.28444 0.29166 0.00075225 -0.051452 0.044934 -0.052022 0.035622 -0.040048 0.054733 0.035622 -0.036554 -0.16895 -0.1301 0.0060225 0.16524 -0.063428 0.05228 -0.10181 -0.23086 -0.19715 0.11061 -0.19764 -0.13155 -0.090563 -0.24206 -0.2784 0.12168 -0.23849 -0.20197 -0.049588 -0.20065 -0.34537 0.087105 -0.18929 -0.35134 -0.079495 -0.074602 -0.65245 0.10108 -0.078667 -0.66561 -0.078516 -0.1436 -0.71477 0.12857 -0.11189 -0.74814 0.01104 -0.36733 0.46999
-0.16184 -0.22267 0.24588 0.1223 -0.21443 0.27133 -0.022023 -0.28347 0.28874 -0.0034588 -0.051241 0.044404 -0.050355 0.035466 -0.041963 0.05518 0.035466 -0.036085 -0.17293 -0.11754 0.0037329 0.15588 -0.080727 0.0467 -0.11724 -0.22041 -0.20135 0.095736 -0.19459 -0.14445 -0.10675 -0.23178 -0.28281 0.10158 -0.23581 -0.21448 -0.053979 -0.17209 -0.36204 0.072616 -0.17745 -0.35796 -0.07222 -0.046021 -0.66921 0.094158 -0.071676 -0.6729 -0.07724 -0.11377 -0.73152 0.11681 -0.1072 -0.75523 -0.019429 -0.36457 0.4676
-0.17955 -0.20375 0.24539 0.099584 -0.22379 0.26873 -0.049098 -0.28013 0.28695 -0.0084317 -0.050425 0.044254 -0.048434 0.034919 -0.044409 0.055827 0.034919 -0.035626 -0.17777 -0.10152 0.0022947 0.14464 -0.10023 0.04121 -0.13483 -0.20583 -0.20518 0.078953 -0.19049 -0.15828 -0.1254 -0.21759 -0.28682 0.078663 -0.23222 -0.2278 -0.058238 -0.13899 -0.38111 0.05596 -0.1642 -0.36546 -0.062811 -0.013624 -0.68864 0.086534 -0.064732 -0.68138 -0.07496 -0.079762 -0.75102 0.10343 -0.10293 -0.76351 -0.055231 -0.35977 0.46605
-0.19792 -0.18199 0.24599 0.075713 -0.23232 0.26724 -0.07753 -0.27453 0.28649 -0.013671 -0.049105 0.044459 -0.046412 0.034086 -0.047126 0.056629 0.034086 -0.035133 -0.18275 -0.083305 0.0018054 0.13245 -0.11997 0.036417 -0.15223 -0.18756 -0.20842 0.062165 -0.18539 -0.17171 -0.14418 -0.2 -0.29014 0.055392 -0.22764 -0.24067 -0.061249 -0.10378 -0.40072 0.038812 -0.15022 -0.37327 -0.051401 0.020082 -0.70883 0.078907 -0.057966 -0.69037 -0.071159 -0.044169 -0.77135 0.089674 -0.098817 -0.77236 -0.092938 -0.35285 0.46566
-0.2151 -0.15897 0.24767 0.052739 -0.23907 0.26716 -0.10473 -0.2668 0.28757 -0.01868 -0.047382 0.04499 -0.044444 0.033076 -0.049857 0.057546 0.033076 -0.034559 -0.18715 -0.064148 0.0023623 0.12021 -0.13799 0.032928 -0.16708 -0.16604 -0.21085 0.04728 -0.17933 -0.18343 -0.16077 -0.17957 -0.29247 0.034237 -0.22201 -0.25183 -0.061896 -0.068925 -0.419 0.02285 -0.13619 -0.38081 -0.038124 0.052593 -0.72792 0.071974 -0.051508 -0.69918 -0.065321 -0.0095857 -0.79062 0.076798 -0.094572 -0.78115 -0.12912 -0.34376 0.46673
-0.22927 -0.13624 0.2504 0.03271 -0.24309 0.26876 -0.12813 -0.25704 0.29037 -0.022963 -0.045356 0.045821 -0.04268 0.031994 -0.052341 0.058534 0.031994 -0.03386 -0.19023 -0.045314 0.0040628 0.10883 -0.15232 0.031352 -0.17701 -0.14171 -0.21225 0.036203 -0.17234 -0.19212 -0.17283 -0.1568 -0.29354 0.017669 -0.21523 -0.26004 -0.059062 -0.036869 -0.4341 0.009751 -0.12279 -0.38749 -0.023114 0.0814 -0.74399 0.066429 -0.045489 -0.70712 -0.056929 0.021395 -0.80693 0.066044 -0.089921 -0.78927 -0.16036 -0.33243 0.46958
-0.23874 -0.11533 0.25413 0.017538 -0.24354 0.27229 -0.14531 -0.24541 0.29506 -0.02606 -0.043133 0.046918 -0.041263 0.030944 -0.054338 0.05955 0.030944 -0.032997 -0.19133 -0.028023 0.0069753 0.099173 -0.16117 0.032225 -0.17989 -0.11506 -0.21243 0.030687 -0.16449 -0.19658 -0.17825 -0.1323 -0.29309 0.0079662 -0.20727 -0.26416 -0.051776 -0.0099028 -0.44431 0.0010737 -0.11064 -0.39278 -0.0065636 0.10418 -0.75532 0.062923 -0.040013 -0.71356 -0.045569 0.046358 -0.81851 0.058571 -0.084599 -0.79613 -0.18347 -0.31886 0.47447
-0.24342 -0.097094 0.25861 0.0075528 -0.24069 0.27739 -0.15596 -0.23269 0.30123 -0.027918 -0.040852 0.048197 -0.040199 0.029997 -0.055803 0.060543 0.029997 -0.032004 -0.19057 -0.01302 0.010831 0.091544 -0.16462 0.035262 -0.17617 -0.087378 -0.21155 0.030698 -0.15606 -0.19704 -0.17732 -0.10722 -0.29133 0.0052068 -0.19842 -0.26446 -0.040741 0.011527 -0.44963 -0.002977 -0.099756 -0.39668 0.01062 0.12071 -0.76187 0.061565 -0.034882 -0.71847 -0.032019 0.064969 -0.82533 0.054543 -0.078499 -0.80165 -0.198 -0.30389 0.481
-0.24433 -0.081962 0.26342 0.0020635 -0.23558 0.28336 -0.16113 -0.21999 0.30818 -0.028747 -0.038681 0.049542 -0.039407 0.029199 -0.056824 0.061461 0.029199 -0.030963 -0.18857 -0.00074566 0.015146 0.08588 -0.16395 0.039647 -0.16797 -0.060394 -0.21003 0.035048 -0.14748 -0.1947 -0.1719 -0.083129 -0.28878 0.0080467 -0.18921 -0.26209 -0.027741 0.028162 -0.45121 -0.0030709 -0.089768 -0.3995 0.027075 0.13211 -0.76473 0.062113 -0.029704 -0.72217 -0.017827 0.078234 -0.82846 0.053479 -0.071614 -0.80609 -0.20531 -0.2889 0.48841
-0.24246 -0.070362 0.26813 0.00036194 -0.22923 0.28946 -0.16189 -0.20846 0.31515 -0.028763 -0.036784 0.050833 -0.038806 0.028599 -0.057486 0.062247 0.028599 -0.029957 -0.18598 0.0083672 0.019429 0.082112 -0.16049 0.044553 -0.15743 -0.035873 -0.20828 0.042531 -0.13918 -0.19073 -0.1639 -0.061573 -0.28596 0.015118 -0.18019 -0.25822 -0.014579 0.040764 -0.45021 0.0001072 -0.080295 -0.4016 0.04143 0.13955 -0.76501 0.064323 -0.024083 -0.72502 -0.0045531 0.087183 -0.829 0.054887 -0.063939 -0.8097 -0.20676 -0.27525 0.49588
-0.23883 -0.062723 0.27235 0.0017403 -0.22266 0.29499 -0.15931 -0.19926 0.3214 -0.02818 -0.035328 0.051953 -0.038313 0.028242 -0.057878 0.062847 0.028242 -0.02907 -0.18343 0.013884 0.023191 0.080172 -0.15556 0.049157 -0.1467 -0.015572 -0.20669 0.051939 -0.13158 -0.18631 -0.1552 -0.044114 -0.28338 0.025053 -0.17189 -0.25404 -0.0030572 0.050095 -0.44778 0.0058728 -0.070956 -0.4033 0.052313 0.14417 -0.76381 0.067949 -0.017624 -0.72738 0.0062424 0.092844 -0.82803 0.058275 -0.055467 -0.81272 -0.20373 -0.26432 0.50262
-0.23443 -0.059472 0.27565 0.0054907 -0.21691 0.29921 -0.15444 -0.1935 0.32621 -0.027213 -0.034479 0.052783 -0.037847 0.028176 -0.058087 0.063206 0.028176 -0.028383 -0.18156 0.015371 0.025945 0.079992 -0.15046 0.052633 -0.13793 -0.001249 -0.20569 0.062067 -0.12512 -0.18264 -0.14769 -0.032309 -0.28157 0.036485 -0.16484 -0.25072 0.0050214 0.056916 -0.44507 0.013541 -0.061372 -0.40494 0.058353 0.14712 -0.76223 0.072744 -0.0099303 -0.72959 0.012999 0.096247 -0.82664 0.063153 -0.046194 -0.81542 -0.1976 -0.2575 0.50785
-0.23025 -0.060973 0.27765 0.010914 -0.21294 0.30144 -0.14833 -0.19227 0.32889 -0.026071 -0.034388 0.053214 -0.037331 0.028443 -0.058198 0.063275 0.028443 -0.027976 -0.18096 0.012456 0.027231 0.081492 -0.14646 0.054202 -0.13315 0.0054664 -0.20566 0.071745 -0.1202 -0.18085 -0.14317 -0.027591 -0.281 0.048084 -0.15955 -0.24938 0.0079631 0.061975 -0.44321 0.022438 -0.051182 -0.40684 0.058283 0.14954 -0.76133 0.078461 -0.00063713 -0.73199 0.01426 0.098394 -0.82589 0.069035 -0.036127 -0.81802 -0.18969 -0.25605 0.51082
-0.22664 -0.066611 0.27839 0.017456 -0.21082 0.30168 -0.14159 -0.19522 0.3295 -0.024865 -0.034985 0.053271 -0.03678 0.028979 -0.058247 0.063085 0.028979 -0.027849 -0.18169 0.0057515 0.027108 0.084409 -0.14381 0.053814 -0.13264 0.005025 -0.20655 0.080435 -0.11666 -0.18112 -0.14195 -0.029365 -0.28168 0.059141 -0.1559 -0.25016 0.0058117 0.065793 -0.4425 0.032047 -0.040376 -0.40904 0.052489 0.15193 -0.76141 0.084824 0.010137 -0.73463 0.01024 0.099867 -0.82607 0.075524 -0.025475 -0.82056 -0.18078 -0.25959 0.51161
-0.22347 -0.074978 0.27825 0.024679 -0.20985 0.30046 -0.13447 -0.20093 0.32877 -0.023626 -0.036024 0.053093 -0.036284 0.029642 -0.058235 0.062732 0.029642 -0.02794 -0.18331 -0.0033343 0.026045 0.088333 -0.14195 0.052008 -0.13525 -0.0004511 -0.208 0.088097 -0.11393 -0.18289 -0.14314 -0.035409 -0.28321 0.069448 -0.15332 -0.25246 8.3821e-06 0.068709 -0.44262 0.041982 -0.029218 -0.41137 0.042689 0.15434 -0.76218 0.091533 0.021885 -0.73736 0.0024959 0.1009 -0.82689 0.082298 -0.014613 -0.82289 -0.17117 -0.26639 0.51099
-0.22061 -0.084645 0.27765 0.032148 -0.2093 0.29831 -0.12721 -0.20794 0.3274 -0.022384 -0.03725 0.052816 -0.035934 0.030285 -0.058159 0.062315 0.030285 -0.028186 -0.18543 -0.013372 0.024524 0.092849 -0.14031 0.049336 -0.13979 -0.0087923 -0.20963 0.094709 -0.11143 -0.18557 -0.14582 -0.043455 -0.28516 0.078809 -0.1512 -0.25563 -0.0079661 0.071056 -0.44323 0.051858 -0.017982 -0.41366 0.030635 0.1568 -0.76332 0.098288 0.034088 -0.73999 -0.0073775 0.10174 -0.82806 0.089037 -0.003919 -0.82487 -0.16114 -0.27469 0.50974
-0.21791 -0.09418 0.27696 0.039429 -0.20849 0.29578 -0.12007 -0.21479 0.32612 -0.021167 -0.038411 0.052583 -0.03582 0.030761 -0.058017 0.061931 0.030761 -0.028525 -0.18761 -0.022933 0.023027 0.097542 -0.13831 0.046354 -0.14507 -0.017829 -0.21105 0.10025 -0.10855 -0.18858 -0.14906 -0.051232 -0.28713 0.087028 -0.14893 -0.25903 -0.016631 0.073169 -0.44399 0.061293 -0.0069412 -0.41574 0.018083 0.15935 -0.76451 0.10479 0.046227 -0.74236 -0.017785 0.1026 -0.82927 0.09542 0.0062283 -0.82635 -0.15098 -0.28274 0.50863
-0.21524 -0.10216 0.27661 0.046087 -0.20668 0.29341 -0.11328 -0.22002 0.32564 -0.020006 -0.039255 0.052531 -0.036034 0.030925 -0.057807 0.061679 0.030925 -0.028894 -0.18943 -0.030587 0.022036 0.102 -0.13538 0.043617 -0.14991 -0.025392 -0.21187 0.10469 -0.1047 -0.19133 -0.15195 -0.056473 -0.2887 0.093911 -0.14592 -0.26202 -0.024505 0.075381 -0.44457 0.069901 0.0036299 -0.41741 0.0067882 0.16201 -0.76545 0.11074 0.057783 -0.74431 -0.027132 0.10372 -0.83021 0.10113 0.015451 -0.82719 -0.141 -0.28876 0.50844
-0.21245 -0.10718 0.27696 0.051701 -0.20319 0.29175 -0.10709 -0.22221 0.32667 -0.018929 -0.039536 0.052795 -0.036661 0.030635 -0.057529 0.061653 0.030635 -0.029231 -0.19049 -0.034951 0.022017 0.10581 -0.13097 0.041664 -0.15315 -0.029374 -0.21174 0.10802 -0.09933 -0.19324 -0.15359 -0.056982 -0.28946 0.099273 -0.14158 -0.26399 -0.03015 0.078016 -0.44463 0.07731 0.013464 -0.41852 -0.0015466 0.16481 -0.76583 0.11584 0.068251 -0.74567 -0.033868 0.10532 -0.83059 0.10585 0.023385 -0.82725 -0.13146 -0.29105 0.50992
-0.20955 -0.10886 0.27815 0.056154 -0.19796 0.29103 -0.10163 -0.221 0.32934 -0.017954 -0.039195 0.053399 -0.03766 0.029897 -0.057205 0.061853 0.029897 -0.029531 -0.19073 -0.035682 0.023099 0.10888 -0.1251 0.040747 -0.1545 -0.02911 -0.21056 0.11038 -0.092468 -0.19406 -0.15375 -0.052235 -0.28928 0.1032 -0.13579 -0.26471 -0.033097 0.081161 -0.44411 0.083404 0.022414 -0.41907 -0.006377 0.16775 -0.76559 0.12001 0.077405 -0.74644 -0.037509 0.10745 -0.83034 0.10952 0.030005 -0.82663 -0.12263 -0.28923 0.51322
-0.20665 -0.10776 0.28003 0.059635 -0.19153 0.29126 -0.096887 -0.21713 0.33324 -0.017084 -0.038362 0.054258 -0.038863 0.028859 -0.056881 0.06218 0.028859 -0.029843 -0.19048 -0.033478 0.025068 0.11137 -0.11837 0.040823 -0.15449 -0.025376 -0.20852 0.11211 -0.084766 -0.19385 -0.15288 -0.04338 -0.28828 0.10604 -0.12892 -0.26439 -0.033848 0.084669 -0.44316 0.088321 0.030459 -0.41921 -0.0083192 0.17075 -0.76489 0.12335 0.085303 -0.74679 -0.038627 0.10999 -0.82964 0.11233 0.035624 -0.82565 -0.11469 -0.28422 0.51783
-0.20388 -0.10452 0.28243 0.062345 -0.18446 0.2924 -0.092876 -0.21134 0.33792 -0.016325 -0.037173 0.055279 -0.040097 0.027675 -0.056606 0.062536 0.027675 -0.030219 -0.19006 -0.029085 0.027698 0.11348 -0.11138 0.041836 -0.1537 -0.019011 -0.20584 0.1135 -0.076895 -0.19269 -0.15146 -0.031639 -0.28659 0.10816 -0.12134 -0.26321 -0.032944 0.088383 -0.44197 0.09221 0.03758 -0.41913 -0.0080397 0.17375 -0.76392 0.12598 0.092013 -0.7469 -0.037846 0.11279 -0.82867 0.11448 0.040572 -0.82464 -0.10786 -0.27701 0.52326
-0.20136 -0.099747 0.28522 0.064487 -0.17734 0.29443 -0.089596 -0.20441 0.34296 -0.015681 -0.035763 0.056371 -0.041188 0.026501 -0.056427 0.06282 0.026501 -0.030711 -0.18982 -0.023247 0.030759 0.11542 -0.10476 0.043731 -0.15272 -0.010853 -0.20271 0.11491 -0.069529 -0.19066 -0.14997 -0.018233 -0.28434 0.10993 -0.11341 -0.26141 -0.030929 0.092144 -0.44073 0.095221 0.043761 -0.419 -0.0062052 0.17669 -0.76287 0.12803 0.097604 -0.74693 -0.035786 0.11572 -0.82761 0.11617 0.045174 -0.82395 -0.10234 -0.26859 0.52899
-0.19921 -0.094067 0.28822 0.066263 -0.17074 0.29732 -0.087049 -0.19709 0.3479 -0.015158 -0.03427 0.057444 -0.041963 0.025491 -0.056391 0.062932 0.025491 -0.031369 -0.19006 -0.016708 0.034026 0.11735 -0.099132 0.046454 -0.15211 -0.0017411 -0.19934 0.11663 -0.063341 -0.18783 -0.14888 -0.0043845 -0.28167 0.11171 -0.10552 -0.25917 -0.028346 0.095794 -0.43961 0.097504 0.048983 -0.41899 -0.0034821 0.1795 -0.76191 0.1296 0.10215 -0.74707 -0.033069 0.11864 -0.82664 0.1176 0.049761 -0.82391 -0.098315 -0.25995 0.53452
-0.19757 -0.088099 0.29128 0.067872 -0.16521 0.30105 -0.085231 -0.19014 0.35232 -0.014758 -0.032827 0.058406 -0.042253 0.024797 -0.056545 0.062773 0.024797 -0.032244 -0.19113 -0.010205 0.037273 0.11949 -0.095091 0.049945 -0.15245 0.0074937 -0.19594 0.119 -0.05899 -0.18429 -0.14865 0.0087012 -0.27871 0.11385 -0.098025 -0.25672 -0.025733 0.099178 -0.4388 0.099207 0.053232 -0.41927 -0.00053111 0.18212 -0.76124 0.13083 0.10571 -0.74749 -0.030309 0.12143 -0.82594 0.11896 0.05465 -0.82485 -0.095989 -0.25204 0.53934
-0.19643 -0.08226 0.29428 0.06945 -0.16088 0.30544 -0.084025 -0.18391 0.35604 -0.014467 -0.031514 0.059216 -0.042038 0.024451 -0.056885 0.062329 0.024451 -0.033333 -0.19304 -0.004169 0.04035 0.12188 -0.092715 0.054023 -0.15394 0.01629 -0.19265 0.12209 -0.056605 -0.18021 -0.14944 0.020342 -0.27559 0.11651 -0.091075 -0.25423 -0.023427 0.10221 -0.43835 0.10046 0.056599 -0.41989 0.0022017 0.18452 -0.76091 0.13179 0.10846 -0.74823 -0.027894 0.124 -0.82557 0.12035 0.059801 -0.82674 -0.095171 -0.24528 0.54326
-0.19562 -0.076726 0.29713 0.071052 -0.15737 0.31014 -0.083169 -0.17826 0.35919 -0.014248 -0.030336 0.05989 -0.041483 0.024334 -0.057346 0.061686 0.024334 -0.034565 -0.19546 0.0013429 0.043203 0.12443 -0.091425 0.058355 -0.15631 0.024422 -0.18959 0.1257 -0.05566 -0.17594 -0.15098 0.030509 -0.27247 0.11957 -0.084528 -0.25183 -0.021515 0.1049 -0.43817 0.10136 0.059301 -0.42074 0.0045365 0.18669 -0.76082 0.13251 0.11065 -0.74918 -0.025926 0.12632 -0.82545 0.12174 0.064734 -0.8291 -0.095205 -0.23934 0.54651
-0.19499 -0.071654 0.29973 0.072728 -0.15424 0.31479 -0.082391 -0.17304 0.36194 -0.01406 -0.029298 0.060447 -0.040764 0.024322 -0.057858 0.060938 0.024322 -0.035866 -0.19801 0.0062989 0.045783 0.12702 -0.0906 0.062598 -0.15927 0.031686 -0.18683 0.1296 -0.055587 -0.17181 -0.15302 0.039214 -0.26948 0.12289 -0.078231 -0.24968 -0.020071 0.10725 -0.43815 0.10202 0.061567 -0.42171 0.0063102 0.18865 -0.76088 0.13303 0.11257 -0.75022 -0.024492 0.1284 -0.82547 0.12308 0.068938 -0.83145 -0.095402 -0.23385 0.5493
-0.19436 -0.067205 0.302 0.074529 -0.15107 0.31902 -0.081421 -0.16806 0.36444 -0.013865 -0.028402 0.060907 -0.040059 0.024287 -0.058353 0.060179 0.024287 -0.03716 -0.20034 0.010667 0.048041 0.12953 -0.089618 0.06641 -0.16252 0.037875 -0.18448 0.13356 -0.055818 -0.16816 -0.15527 0.046468 -0.26678 0.12633 -0.072027 -0.2479 -0.019166 0.10928 -0.43819 0.10253 0.063624 -0.42268 0.0073597 0.19041 -0.76099 0.13338 0.11449 -0.75123 -0.023677 0.13021 -0.82555 0.12434 0.071903 -0.83328 -0.095077 -0.22846 0.55188
-0.19356 -0.063537 0.30386 0.076504 -0.14744 0.32247 -0.079986 -0.16317 0.36684 -0.013623 -0.027652 0.06129 -0.039545 0.024102 -0.05876 0.059503 0.024102 -0.038375 -0.20207 0.014415 0.049929 0.13186 -0.087858 0.069446 -0.16577 0.042786 -0.18262 0.13736 -0.055786 -0.16532 -0.15746 0.052283 -0.26449 0.12978 -0.065761 -0.24665 -0.018874 0.111 -0.43819 0.103 0.065698 -0.42352 0.0075221 0.19196 -0.76104 0.13359 0.11668 -0.75208 -0.023567 0.13173 -0.82558 0.12547 0.073121 -0.8341 -0.093542 -0.22279 0.55447
-0.19243 -0.060807 0.3052 0.078703 -0.1429 0.32479 -0.07782 -0.1582 0.36932 -0.013295 -0.027049 0.061617 -0.039396 0.023643 -0.059012 0.059001 0.023643 -0.039435 -0.20285 0.017511 0.051397 0.1339 -0.084707 0.071369 -0.16873 0.046217 -0.18134 0.14077 -0.054928 -0.16364 -0.15931 0.056671 -0.26277 0.13309 -0.05928 -0.24605 -0.019265 0.11241 -0.43804 0.10352 0.068016 -0.42412 0.0066366 0.19332 -0.76095 0.13368 0.11941 -0.75266 -0.024245 0.13297 -0.82549 0.12645 0.072094 -0.83341 -0.090119 -0.2165 0.55732
-0.19091 -0.059046 0.30603 0.08112 -0.13735 0.32587 -0.074854 -0.1531 0.37192 -0.012869 -0.026584 0.061901 -0.039677 0.022869 -0.059082 0.05871 0.022869 -0.040311 -0.20258 0.019942 0.052438 0.13559 -0.079963 0.072088 -0.17125 0.048132 -0.18066 0.14366 -0.053015 -0.16319 -0.16071 0.059693 -0.26167 0.13617 -0.052584 -0.24612 -0.020325 0.11353 -0.43769 0.10412 0.070676 -0.42444 0.0046959 0.19449 -0.76066 0.13368 0.12278 -0.75292 -0.025695 0.13391 -0.82522 0.12719 0.069119 -0.83119 -0.084613 -0.20948 0.5605
-0.18912 -0.058093 0.30642 0.083664 -0.13109 0.326 -0.071328 -0.148 0.37456 -0.012371 -0.026223 0.062153 -0.04028 0.021869 -0.059012 0.058577 0.021869 -0.041037 -0.20157 0.021728 0.053104 0.13697 -0.074062 0.071894 -0.17342 0.048755 -0.18047 0.14609 -0.050337 -0.16367 -0.1618 0.061481 -0.2611 0.13899 -0.045912 -0.24665 -0.021907 0.11439 -0.43722 0.10474 0.073581 -0.42455 0.0019299 0.19548 -0.76024 0.13353 0.12659 -0.75294 -0.027742 0.13459 -0.82485 0.12759 0.065717 -0.82805 -0.077585 -0.20202 0.56386
-0.18717 -0.057767 0.30647 0.086237 -0.12448 0.32552 -0.06751 -0.14305 0.37715 -0.011834 -0.025934 0.062379 -0.041084 0.020744 -0.058849 0.05854 0.020744 -0.041657 -0.20017 0.022887 0.053451 0.1381 -0.067496 0.071115 -0.17533 0.048333 -0.18066 0.14812 -0.047227 -0.16473 -0.16274 0.062175 -0.26097 0.14155 -0.039523 -0.24745 -0.023855 0.11501 -0.43668 0.10529 0.076617 -0.42451 -0.001411 0.19628 -0.75975 0.13321 0.13062 -0.75281 -0.030199 0.13504 -0.82442 0.12754 0.063518 -0.82471 -0.069656 -0.19445 0.56723
-0.18519 -0.05789 0.3063 0.088742 -0.11788 0.32475 -0.063668 -0.1384 0.37958 -0.011287 -0.025681 0.062588 -0.041966 0.019596 -0.05864 0.058538 0.019596 -0.042211 -0.19874 0.023441 0.053539 0.13903 -0.060758 0.070076 -0.1771 0.047112 -0.18112 0.14981 -0.044018 -0.16602 -0.16368 0.061913 -0.2612 0.14382 -0.033677 -0.24829 -0.026011 0.11541 -0.43613 0.10569 0.079671 -0.42439 -0.0050765 0.19689 -0.75926 0.13267 0.13467 -0.75261 -0.032879 0.13529 -0.82401 0.12691 0.06415 -0.82186 -0.06145 -0.18711 0.57045
-0.1833 -0.058283 0.30599 0.091079 -0.11165 0.32403 -0.060068 -0.1342 0.38177 -0.010764 -0.025431 0.062788 -0.042805 0.018525 -0.058431 0.058512 0.018525 -0.042742 -0.19762 0.023411 0.053423 0.13982 -0.054338 0.069104 -0.17881 0.045337 -0.18174 0.15121 -0.041045 -0.16722 -0.16478 0.060836 -0.26167 0.14577 -0.028631 -0.24897 -0.028216 0.11563 -0.43566 0.10585 0.08263 -0.42428 -0.0088162 0.19731 -0.75883 0.13188 0.13851 -0.75244 -0.035594 0.13537 -0.82369 0.12561 0.069242 -0.8202 -0.053589 -0.18032 0.57333
-0.18163 -0.058766 0.30564 0.093151 -0.10615 0.32369 -0.056977 -0.13058 0.38361 -0.010294 -0.02515 0.062986 -0.043478 0.017632 -0.058271 0.058399 0.017632 -0.043291 -0.19717 0.022817 0.053163 0.1405 -0.048728 0.068522 -0.18057 0.043255 -0.18239 0.15239 -0.038638 -0.16797 -0.1662 0.059083 -0.26231 0.14739 -0.024644 -0.24928 -0.030314 0.11568 -0.43531 0.10569 0.085379 -0.42424 -0.012381 0.19755 -0.75852 0.13079 0.14192 -0.75236 -0.038157 0.13531 -0.82351 0.1235 0.080411 -0.82044 -0.046696 -0.17441 0.57571
-0.18025 -0.059203 0.30534 0.094909 -0.10155 0.3239 -0.054536 -0.12759 0.38507 -0.0098958 -0.024814 0.063189 -0.043924 0.016965 -0.058182 0.058169 0.016965 -0.043882 -0.19755 0.021734 0.052814 0.14114 -0.044184 0.068509 -0.18245 0.041054 -0.183 0.15341 -0.036962 -0.1681 -0.16803 0.05678 -0.26302 0.1487 -0.021793 -0.24911 -0.032207 0.11561 -0.43512 0.10519 0.08784 -0.42433 -0.015612 0.19762 -0.75837 0.12942 0.14481 -0.75244 -0.040455 0.13515 -0.82349 0.12063 0.097869 -0.82279 -0.041126 -0.16953 0.57752
-0.17914 -0.059538 0.3051 0.096394 -0.097664 0.32456 -0.052646 -0.12503 0.38623 -0.0095592 -0.024418 0.063399 -0.044195 0.016465 -0.058145 0.057846 0.016465 -0.044505 -0.19859 0.020343 0.052434 0.14174 -0.040514 0.06896 -0.18442 0.038813 -0.18353 0.15429 -0.035853 -0.1677 -0.17026 0.054028 -0.26376 0.14975 -0.019805 -0.24854 -0.033911 0.11546 -0.43503 0.10442 0.090004 -0.42451 -0.018531 0.1976 -0.75831 0.12785 0.14726 -0.75264 -0.042517 0.13495 -0.8236 0.1173 0.1191 -0.82661 -0.036726 -0.16546 0.57886
-0.17823 -0.059726 0.30496 0.097661 -0.094257 0.32553 -0.051176 -0.12269 0.38719 -0.0092724 -0.023961 0.063617 -0.044355 0.016066 -0.058135 0.057461 0.016066 -0.045146 -0.20006 0.018835 0.052078 0.14234 -0.037473 0.069737 -0.18645 0.036597 -0.18397 0.1551 -0.035109 -0.16695 -0.17286 0.050927 -0.26447 0.15061 -0.018369 -0.24767 -0.035456 0.11528 -0.435 0.10348 0.091868 -0.42477 -0.021178 0.19753 -0.7583 0.1262 0.14939 -0.7529 -0.04439 0.13478 -0.82376 0.11385 0.14127 -0.83113 -0.033281 -0.16195 0.57988
-0.17751 -0.059722 0.30492 0.098762 -0.091105 0.32669 -0.049998 -0.12034 0.38804 -0.009023 -0.023441 0.063844 -0.044471 0.015699 -0.058127 0.057045 0.015699 -0.045792 -0.20177 0.017403 0.051804 0.14295 -0.034816 0.0707 -0.18853 0.034472 -0.18429 0.15587 -0.034529 -0.16597 -0.17578 0.047574 -0.2651 0.15136 -0.017171 -0.24662 -0.03687 0.11513 -0.43496 0.10247 0.09343 -0.42508 -0.023595 0.19751 -0.75827 0.12456 0.15132 -0.75319 -0.046121 0.13469 -0.8239 0.11061 0.16154 -0.83558 -0.030578 -0.15874 0.5807
-0.17691 -0.059479 0.30502 0.099752 -0.087978 0.32789 -0.048983 -0.11778 0.38888 -0.0087987 -0.022854 0.064082 -0.044607 0.015295 -0.058097 0.056629 0.015295 -0.046428 -0.20348 0.016238 0.051668 0.1436 -0.032299 0.071712 -0.19061 0.032503 -0.18446 0.15664 -0.033911 -0.16493 -0.179 0.044069 -0.2656 0.15207 -0.0159 -0.24549 -0.038185 0.11507 -0.43486 0.10147 0.094689 -0.42543 -0.025822 0.19758 -0.75817 0.12304 0.15317 -0.75346 -0.047754 0.13474 -0.82398 0.10793 0.17709 -0.8392 -0.028404 -0.15558 0.58146
-0.17639 -0.058951 0.30528 0.10068 -0.084649 0.329 -0.048003 -0.11477 0.38982 -0.0085874 -0.0222 0.064333 -0.044828 0.014786 -0.058018 0.056243 0.014786 -0.047041 -0.20499 0.015532 0.051727 0.14432 -0.029676 0.072635 -0.19268 0.030756 -0.18446 0.15747 -0.033053 -0.16397 -0.1825 0.040509 -0.26593 0.1528 -0.014242 -0.24438 -0.039429 0.11514 -0.43464 0.10059 0.095641 -0.42577 -0.0279 0.19782 -0.75793 0.12175 0.15506 -0.75366 -0.049336 0.135 -0.82393 0.10614 0.1851 -0.84123 -0.026545 -0.15221 0.5823
-0.17593 -0.058121 0.30569 0.10159 -0.08097 0.32992 -0.046971 -0.11121 0.3909 -0.0083808 -0.021481 0.064597 -0.045174 0.014128 -0.057879 0.055911 0.014128 -0.04762 -0.20615 0.015397 0.052003 0.1451 -0.026786 0.073372 -0.19473 0.029248 -0.18429 0.15836 -0.031838 -0.1632 -0.18621 0.036959 -0.26605 0.15361 -0.012025 -0.24337 -0.040623 0.11538 -0.43426 0.099874 0.096284 -0.42611 -0.02986 0.19827 -0.75753 0.12075 0.15707 -0.75376 -0.050897 0.13551 -0.82371 0.10544 0.184 -0.84122 -0.02484 -0.14847 0.58329
-0.17551 -0.057032 0.30622 0.10246 -0.076996 0.33066 -0.045902 -0.10718 0.3921 -0.0081803 -0.020709 0.064868 -0.045619 0.01334 -0.057693 0.055629 0.01334 -0.048161 -0.207 0.015741 0.052444 0.14592 -0.02367 0.073925 -0.19675 0.027878 -0.18399 0.1593 -0.030352 -0.16261 -0.1901 0.033394 -0.266 0.15448 -0.0094141 -0.24248 -0.041762 0.11576 -0.43377 0.099297 0.096608 -0.42644 -0.031703 0.1989 -0.75699 0.11999 0.15917 -0.75377 -0.052431 0.13623 -0.82336 0.10564 0.1754 -0.83952 -0.023258 -0.14442 0.58442
-0.1751 -0.05574 0.3068 0.10328 -0.072812 0.33124 -0.044824 -0.10282 0.39338 -0.0079888 -0.019901 0.065142 -0.046127 0.012449 -0.057479 0.055394 0.012449 -0.048663 -0.20761 0.016446 0.052981 0.14676 -0.020402 0.074313 -0.19878 0.026525 -0.18361 0.16025 -0.028711 -0.16216 -0.19408 0.029776 -0.26584 0.15536 -0.0066267 -0.24173 -0.042838 0.11623 -0.43318 0.098815 0.096604 -0.42678 -0.033429 0.19965 -0.75635 0.11943 0.16132 -0.7537 -0.053922 0.13711 -0.82292 0.10652 0.16136 -0.8366 -0.021787 -0.14015 0.58564
-0.1747 -0.0543 0.30739 0.10402 -0.068501 0.33166 -0.04377 -0.09825 0.39469 -0.0078092 -0.01907 0.065413 -0.046664 0.011481 -0.057257 0.0552 0.011481 -0.049122 -0.20804 0.017393 0.05355 0.14757 -0.017053 0.074556 -0.20083 0.02507 -0.18319 0.16118 -0.027031 -0.16185 -0.19809 0.026069 -0.2656 0.15625 -0.0038799 -0.24111 -0.043845 0.11675 -0.43255 0.098384 0.096263 -0.42713 -0.035035 0.20049 -0.75566 0.11901 0.16347 -0.75354 -0.055359 0.13812 -0.82243 0.10784 0.14393 -0.83292 -0.020416 -0.13573 0.5869
-0.17429 -0.052766 0.30792 0.10467 -0.064147 0.33196 -0.042768 -0.093611 0.39599 -0.0076444 -0.018232 0.065677 -0.047194 0.010464 -0.057044 0.055042 0.010464 -0.049538 -0.20837 0.018461 0.054083 0.14832 -0.013695 0.074671 -0.20292 0.023393 -0.18279 0.16206 -0.025431 -0.16165 -0.20208 0.022235 -0.26534 0.15711 -0.0013907 -0.24063 -0.044775 0.11729 -0.43191 0.097961 0.095574 -0.42751 -0.036521 0.20137 -0.75494 0.11868 0.16558 -0.75332 -0.056728 0.13922 -0.82195 0.10937 0.12519 -0.82895 -0.019132 -0.13127 0.58816
-0.17386 -0.051193 0.30835 0.10521 -0.059836 0.33215 -0.041849 -0.089029 0.39724 -0.0074975 -0.017403 0.065929 -0.047682 0.0094249 -0.05686 0.054915 0.0094249 -0.049907 -0.20865 0.019532 0.054514 0.14898 -0.0104 0.074676 -0.20506 0.021375 -0.18245 0.16285 -0.024026 -0.16152 -0.20597 0.018237 -0.2651 0.15791 0.00062388 -0.24031 -0.045619 0.1178 -0.43129 0.097502 0.094528 -0.42791 -0.037884 0.20226 -0.75424 0.11838 0.16762 -0.75304 -0.058016 0.14036 -0.82151 0.11089 0.10719 -0.82516 -0.017924 -0.12685 0.58937
-0.17338 -0.049637 0.30863 0.10563 -0.055651 0.33224 -0.041043 -0.084637 0.3984 -0.0073711 -0.016596 0.066162 -0.048092 0.0083903 -0.056724 0.054815 0.0083903 -0.050228 -0.20896 0.020485 0.054776 0.14952 -0.0072418 0.074591 -0.20728 0.018895 -0.18223 0.16352 -0.022933 -0.16146 -0.20969 0.014038 -0.26494 0.15863 0.0019467 -0.24015 -0.046371 0.11824 -0.43074 0.096964 0.093116 -0.42836 -0.039123 0.20309 -0.75359 0.11806 0.16954 -0.75272 -0.059208 0.14151 -0.82115 0.11215 0.091997 -0.822 -0.01678 -0.12256 0.59049
-0.17286 -0.048151 0.30869 0.10589 -0.051677 0.33225 -0.04038 -0.080565 0.39941 -0.0072684 -0.015828 0.066373 -0.04839 0.0073875 -0.056655 0.054735 0.0073875 -0.050498 -0.20936 0.021201 0.054803 0.1499 -0.0042911 0.074433 -0.2096 0.015835 -0.18216 0.16403 -0.022269 -0.16143 -0.21319 0.0096001 -0.26489 0.15923 0.0023606 -0.24016 -0.047023 0.11857 -0.43028 0.096303 0.091329 -0.42886 -0.040237 0.20383 -0.75304 0.11767 0.17129 -0.75235 -0.060292 0.14261 -0.82094 0.11293 0.081678 -0.81995 -0.015688 -0.11849 0.59147
-0.17227 -0.046792 0.30848 0.10598 -0.047998 0.33221 -0.03989 -0.076944 0.40025 -0.0071922 -0.015112 0.066557 -0.04854 0.0064436 -0.056671 0.054673 0.0064436 -0.050714 -0.20991 0.021561 0.054529 0.15009 -0.0016207 0.074222 -0.21203 0.012075 -0.1823 0.16436 -0.02215 -0.1614 -0.2164 0.004887 -0.265 0.15969 0.0016487 -0.24034 -0.047568 0.11875 -0.42997 0.095475 0.089156 -0.42942 -0.041224 0.20444 -0.75263 0.11715 0.17284 -0.75195 -0.061255 0.14364 -0.8209 0.11299 0.078293 -0.81947 -0.014637 -0.11473 0.59227
-0.1716 -0.045614 0.30796 0.10589 -0.044698 0.33213 -0.039604 -0.073904 0.40087 -0.0071454 -0.014465 0.066707 -0.048507 0.0055855 -0.056791 0.054621 0.0055855 -0.050875 -0.21069 0.021446 0.053887 0.15006 0.00069728 0.073976 -0.21458 0.0074943 -0.1827 0.16447 -0.022694 -0.16137 -0.21925 -0.00013896 -0.26533 0.15998 -0.00040623 -0.24071 -0.047997 0.11875 -0.42984 0.094436 0.086588 -0.43005 -0.042082 0.20487 -0.75238 0.11645 0.17414 -0.75153 -0.062082 0.14454 -0.82108 0.11211 0.083906 -0.82103 -0.013614 -0.11136 0.59285
-0.17083 -0.044672 0.30706 0.1056 -0.041861 0.33203 -0.03955 -0.071576 0.40121 -0.0071308 -0.013901 0.066819 -0.048256 0.0048404 -0.057034 0.054576 0.0048404 -0.050979 -0.21176 0.020735 0.05281 0.14977 0.0025906 0.073712 -0.21729 0.0019742 -0.1834 0.16432 -0.024016 -0.16129 -0.22168 -0.0055149 -0.26592 0.16007 -0.0040212 -0.24127 -0.048304 0.11851 -0.42992 0.093144 0.083616 -0.43075 -0.042811 0.20508 -0.75235 0.11551 0.17515 -0.7511 -0.062762 0.14528 -0.82153 0.11004 0.10058 -0.82509 -0.012608 -0.10848 0.59315
-0.16996 -0.04402 0.30573 0.10508 -0.039572 0.33192 -0.039761 -0.070092 0.40125 -0.0071516 -0.013434 0.066887 -0.047751 0.0042353 -0.057419 0.054532 0.0042353 -0.051023 -0.21318 0.019309 0.051232 0.14919 0.003987 0.073451 -0.22017 -0.0046053 -0.18446 0.16389 -0.026234 -0.16115 -0.22363 -0.011278 -0.26681 0.15993 -0.0094133 -0.24203 -0.04848 0.118 -0.43025 0.091555 0.080231 -0.43155 -0.043407 0.20502 -0.75257 0.11428 0.17584 -0.75066 -0.06328 0.14582 -0.82229 0.10657 0.13037 -0.83211 -0.011606 -0.10617 0.59314
