-0.13851 0.024709 0.31606 0.13164 0.020299 0.31928 -0.0047493 0.0032434 0.40773 -0.00059386 0.013652 0.067222 -0.051919 -0.0021535 -0.053803 0.053788 -0.0021535 -0.051936 -0.28422 -0.0027205 0.095461 0.26552 -0.061222 0.10462 -0.38338 -0.21331 0.050904 0.39993 -0.25315 0.068994 -0.433 -0.27884 0.060037 0.46728 -0.30093 0.073476 -0.074108 0.10699 -0.42735 0.080399 0.10178 -0.42668 -0.089525 0.17685 -0.7535 0.08181 0.15375 -0.75651 -0.14531 0.13478 -0.81579 0.090495 0.084449 -0.81882 -0.004856 -0.058982 0.59493
-0.13829 0.025755 0.31745 0.13263 0.021209 0.31963 -0.0038168 0.0033016 0.40782 -0.00053829 0.013348 0.067284 -0.052469 -0.0018055 -0.053279 0.053745 -0.0018055 -0.051993 -0.23999 -0.045739 0.081016 0.20553 -0.095777 0.092791 -0.30605 -0.27761 0.063968 0.29859 -0.32186 0.083201 -0.34884 -0.3429 0.10169 0.35872 -0.37726 0.10797 -0.074789 0.1059 -0.42724 0.079181 0.10192 -0.42688 -0.09066 0.17577 -0.75336 0.080417 0.15429 -0.75664 -0.14542 0.13198 -0.81536 0.089746 0.084971 -0.81885 -0.0034184 -0.059805 0.59472
-0.13754 0.026647 0.31785 0.13375 0.021571 0.31917 -0.0026118 0.0053959 0.40783 -0.00046097 0.013578 0.067238 -0.052702 -0.0016692 -0.053055 0.05371 -0.0016692 -0.052033 -0.19222 -0.093166 0.088282 0.16512 -0.11595 0.093596 -0.18117 -0.32589 0.106 0.14858 -0.34209 0.059143 -0.17848 -0.40407 0.11999 0.16385 -0.40519 0.10691 -0.075192 0.10511 -0.42727 0.078392 0.10187 -0.42702 -0.091359 0.17507 -0.75336 0.079549 0.15455 -0.75674 -0.14543 0.13012 -0.81514 0.089128 0.085211 -0.81887 -0.0019529 -0.058643 0.59441
-0.13672 0.026915 0.31785 0.13463 0.021655 0.31832 -0.001451 0.0077159 0.40779 -0.00038624 0.013992 0.067154 -0.05293 -0.0016044 -0.052828 0.053593 -0.0016044 -0.052156 -0.16144 -0.1228 0.098926 0.14195 -0.12569 0.097245 -0.11654 -0.3571 0.099575 0.046016 -0.33836 0.039384 -0.068291 -0.42234 0.11357 0.011151 -0.39813 0.084675 -0.07605 0.10397 -0.42735 0.077876 0.1018 -0.42721 -0.092697 0.17401 -0.75339 0.078841 0.15483 -0.75687 -0.14606 0.128 -0.81501 0.088841 0.085525 -0.81898 -0.00042171 -0.056225 0.59441
-0.13595 0.025818 0.31774 0.13511 0.021474 0.31702 -0.00034203 0.0093441 0.4077 -0.00029111 0.014513 0.067043 -0.053257 -0.0015837 -0.0525 0.05331 -0.0015837 -0.052446 -0.14819 -0.13264 0.10471 0.12937 -0.12886 0.097897 -0.093641 -0.35858 0.059847 0.0097552 -0.32626 0.044543 -0.041807 -0.39636 0.11195 -0.050005 -0.37669 0.071397 -0.077895 0.10178 -0.42754 0.077254 0.1019 -0.4275 -0.09558 0.17175 -0.75355 0.077627 0.15537 -0.75709 -0.14788 0.12435 -0.81502 0.088726 0.08625 -0.81922 0.0014052 -0.053414 0.59471
-0.135 0.022862 0.31747 0.13525 0.020894 0.31487 0.00099283 0.010623 0.40752 -0.00012354 0.015342 0.066859 -0.053514 -0.0017038 -0.052234 0.052844 -0.0017038 -0.052912 -0.13144 -0.14334 0.11028 0.11834 -0.12898 0.096027 0.010513 -0.32464 0.084491 -0.026352 -0.31254 0.061518 0.015913 -0.37647 0.14881 -0.07233 -0.36906 0.09745 -0.080674 0.098235 -0.42802 0.076052 0.10222 -0.42789 -0.1001 0.16783 -0.75401 0.075254 0.15624 -0.75738 -0.1508 0.1186 -0.81538 0.088255 0.087496 -0.81956 0.0037729 -0.051044 0.59488
-0.13399 0.019822 0.31712 0.13536 0.020567 0.31288 0.0022353 0.01169 0.4073 2.8066e-05 0.016256 0.066643 -0.053656 -0.0019098 -0.052081 0.052393 -0.0019098 -0.053351 -0.11849 -0.15057 0.11363 0.11377 -0.12852 0.093895 0.039378 -0.32813 0.084157 -0.029336 -0.31637 0.074192 0.066974 -0.38848 0.12196 -0.062079 -0.38604 0.11362 -0.083302 0.094685 -0.42856 0.074646 0.10245 -0.42826 -0.10435 0.16385 -0.75454 0.07269 0.15707 -0.75766 -0.15349 0.11297 -0.81584 0.087522 0.0887 -0.81985 0.0059891 -0.049126 0.59492
-0.13295 0.017189 0.31677 0.13563 0.020661 0.31142 0.0033481 0.012481 0.40707 0.00016801 0.017128 0.066424 -0.053659 -0.0021628 -0.052068 0.052 -0.0021628 -0.053725 -0.10835 -0.15727 0.11755 0.11341 -0.12783 0.092035 0.044879 -0.33189 0.07907 -0.028103 -0.31899 0.093376 0.090952 -0.39617 0.10135 -0.078899 -0.36865 0.12577 -0.085344 0.09156 -0.4291 0.073293 0.10249 -0.42861 -0.1077 0.16033 -0.75508 0.07035 0.15767 -0.75791 -0.15539 0.10802 -0.81631 0.086712 0.08965 -0.82009 0.0079111 -0.047633 0.5949
-0.13189 0.014944 0.31642 0.13605 0.020799 0.31026 0.0044062 0.013038 0.40683 0.00031065 0.017978 0.066198 -0.053552 -0.0024331 -0.052167 0.05165 -0.0024331 -0.05405 -0.10351 -0.15742 0.11615 0.11564 -0.12558 0.089349 0.076873 -0.31005 0.099401 -0.027448 -0.31384 0.098067 0.08742 -0.38502 0.1328 -0.10407 -0.33126 0.12402 -0.086875 0.088836 -0.42966 0.07213 0.10235 -0.42894 -0.11029 0.15722 -0.75564 0.068336 0.15806 -0.75814 -0.15684 0.10386 -0.81686 0.086011 0.090371 -0.82032 0.0095876 -0.04655 0.59482
-0.13094 0.013653 0.31603 0.13642 0.020622 0.30928 0.0052805 0.013564 0.40659 0.0003957 0.018803 0.065968 -0.053422 -0.0026655 -0.052288 0.051412 -0.0026655 -0.054266 -0.11824 -0.13747 0.098487 0.12504 -0.12135 0.085099 0.015701 -0.32948 0.085844 0.029933 -0.33032 0.043601 0.054346 -0.39735 0.10423 -0.026758 -0.38419 0.058385 -0.087935 0.086865 -0.43009 0.071344 0.10207 -0.4292 -0.11196 0.15496 -0.75609 0.066987 0.15827 -0.75831 -0.15824 0.1015 -0.81743 0.085573 0.090814 -0.82048 0.010766 -0.045776 0.59464
-0.13019 0.012866 0.31569 0.13673 0.02041 0.30858 0.0059234 0.013966 0.40639 0.00044013 0.01946 0.065779 -0.053316 -0.0028483 -0.052387 0.051275 -0.0028483 -0.054386 -0.1438 -0.13621 0.094453 0.13512 -0.11859 0.081231 -0.013638 -0.3375 0.084352 0.050493 -0.33896 0.027831 0.044631 -0.40127 0.084839 0.016272 -0.41814 0.02781 -0.08863 0.085521 -0.43039 0.070834 0.10179 -0.42937 -0.11299 0.15341 -0.75641 0.066119 0.15836 -0.75841 -0.15928 0.10011 -0.81787 0.085278 0.091053 -0.82056 0.011582 -0.045311 0.59445
-0.12919 0.01209 0.31515 0.1372 0.020207 0.30779 0.0067421 0.014452 0.4061 0.00047726 0.020329 0.065512 -0.053181 -0.0030725 -0.052511 0.05115 -0.0030725 -0.054491 -0.1721 -0.11334 0.087049 0.16146 -0.10383 0.074983 -0.058883 -0.31569 0.065718 0.11204 -0.31842 0.0054168 -0.026441 -0.38838 0.060143 0.097308 -0.39494 -0.017116 -0.089399 0.083973 -0.43074 0.070302 0.10136 -0.42955 -0.114 0.15166 -0.75678 0.065205 0.15842 -0.7585 -0.16031 0.098517 -0.81837 0.085003 0.091277 -0.82064 0.012447 -0.044786 0.59418
-0.12802 0.011412 0.31451 0.13779 0.019956 0.30693 0.0076866 0.014941 0.40575 0.00052382 0.021331 0.065194 -0.053023 -0.0033021 -0.052656 0.051012 -0.0033021 -0.054607 -0.19304 -0.0604 0.066689 0.19964 -0.077713 0.067448 -0.1517 -0.28976 0.020385 0.24553 -0.2741 -0.058608 -0.16227 -0.37197 0.015378 0.24355 -0.34971 -0.091912 -0.090164 0.082339 -0.43111 0.069774 0.10082 -0.42977 -0.11492 0.14981 -0.75719 0.064294 0.15845 -0.75862 -0.16125 0.096857 -0.81892 0.084777 0.091505 -0.82074 0.013303 -0.044219 0.59386
-0.12754 0.011338 0.31426 0.13807 0.019712 0.30664 0.0080842 0.014979 0.40562 0.00058815 0.021693 0.065074 -0.052946 -0.0033338 -0.052732 0.050928 -0.0033338 -0.054684 -0.19873 -0.047668 0.06433 0.21488 -0.061489 0.065086 -0.17864 -0.27961 0.012609 0.30807 -0.23043 -0.075947 -0.21046 -0.35643 0.0055155 0.29142 -0.31148 -0.085162 -0.090232 0.081877 -0.43127 0.069647 0.10059 -0.42991 -0.11494 0.14929 -0.75736 0.064089 0.15844 -0.75871 -0.16125 0.09636 -0.81913 0.084737 0.091521 -0.82082 0.013601 -0.04415 0.59374
-0.12723 0.011709 0.31415 0.13833 0.019399 0.30651 0.0083777 0.014995 0.40556 0.00071428 0.021859 0.065017 -0.052896 -0.0032168 -0.052789 0.050836 -0.0032168 -0.054776 -0.21161 -0.029212 0.066042 0.22538 -0.036889 0.06202 -0.21748 -0.25648 0.0032757 0.33373 -0.20736 -0.059584 -0.25465 -0.32836 -0.011963 0.33957 -0.2796 -0.086046 -0.089939 0.081865 -0.43138 0.069752 0.10031 -0.4301 -0.11441 0.14931 -0.75748 0.064327 0.15831 -0.75888 -0.16078 0.096457 -0.81927 0.084868 0.091332 -0.82096 0.013705 -0.044187 0.59366
-0.12675 0.012469 0.31423 0.13897 0.019545 0.30654 0.0089882 0.013975 0.40548 0.00091171 0.021977 0.064975 -0.052859 -0.0029362 -0.052843 0.050789 -0.0029362 -0.054835 -0.23405 0.0028618 0.071073 0.24182 -0.0009817 0.062301 -0.28452 -0.21497 -0.0085916 0.37035 -0.17089 -0.041484 -0.32748 -0.28174 -0.031611 0.41533 -0.2247 -0.090563 -0.089368 0.082151 -0.43149 0.070041 0.099863 -0.43034 -0.11337 0.14972 -0.7576 0.064954 0.15802 -0.7591 -0.15998 0.09708 -0.81938 0.085183 0.090927 -0.82115 0.013586 -0.044639 0.59378
-0.12622 0.013449 0.31459 0.14003 0.020278 0.307 0.0098146 0.011179 0.40538 0.0011513 0.021982 0.064969 -0.052841 -0.0025101 -0.052883 0.050843 -0.0025101 -0.054807 -0.25466 0.032523 0.082672 0.26004 0.035873 0.07036 -0.34862 -0.16605 -0.0061173 0.41814 -0.10922 -0.0304 -0.40125 -0.22441 -0.031947 0.48142 -0.14638 -0.068021 -0.088527 0.082817 -0.43155 0.070486 0.099304 -0.43056 -0.11184 0.15055 -0.75768 0.065928 0.15759 -0.7593 -0.15895 0.098428 -0.81952 0.085623 0.090325 -0.82134 0.013189 -0.045904 0.59418
-0.12586 0.014287 0.31507 0.14101 0.020893 0.30787 0.010433 0.0074294 0.40526 0.001397 0.02191 0.06499 -0.052825 -0.0020634 -0.052918 0.050955 -0.0020634 -0.054721 -0.26625 0.057922 0.093661 0.27267 0.063674 0.081034 -0.39579 -0.11946 0.0052431 0.44786 -0.063874 -0.015221 -0.4525 -0.17361 -0.021185 0.52081 -0.087607 -0.045345 -0.087627 0.083586 -0.4316 0.070944 0.0987 -0.43074 -0.11015 0.15138 -0.75776 0.066968 0.15709 -0.75947 -0.15797 0.10029 -0.81993 0.086038 0.089636 -0.82149 0.012774 -0.047643 0.59467
-0.12553 0.015021 0.31566 0.14171 0.021116 0.30877 0.010895 0.0034118 0.40515 0.0016515 0.021644 0.065067 -0.052813 -0.001646 -0.052945 0.051097 -0.001646 -0.054603 -0.27133 0.07462 0.10155 0.27908 0.075647 0.08762 -0.42349 -0.087506 0.017943 0.46952 -0.032359 -0.0032977 -0.48228 -0.14038 -0.0062346 0.54676 -0.053738 -0.024705 -0.08674 0.084367 -0.43162 0.071379 0.098098 -0.43088 -0.1085 0.15224 -0.75782 0.06798 0.15658 -0.7596 -0.15703 0.10217 -0.82027 0.086417 0.08893 -0.8216 0.012395 -0.049289 0.59524
-0.12517 0.015348 0.31644 0.14201 0.020834 0.30986 0.011176 -0.0024782 0.40504 0.0019109 0.021002 0.065287 -0.052793 -0.0012868 -0.052974 0.051241 -0.0012868 -0.054477 -0.27399 0.0895 0.10888 0.28529 0.090034 0.097123 -0.45043 -0.050186 0.035982 0.49428 0.012725 0.01691 -0.51476 -0.098919 0.017582 0.57412 -0.0015904 0.0023172 -0.085863 0.085111 -0.43164 0.071777 0.097522 -0.43099 -0.10693 0.15309 -0.75786 0.068917 0.15608 -0.7597 -0.156 0.10376 -0.82047 0.086793 0.088264 -0.82168 0.012564 -0.053781 0.59552
-0.12466 0.014993 0.3185 0.14202 0.019772 0.31199 0.011474 -0.011986 0.40506 0.0022553 0.018909 0.065896 -0.052807 -0.0010137 -0.052966 0.051388 -0.0010137 -0.054344 -0.27488 0.11279 0.12235 0.29236 0.11686 0.11546 -0.48052 0.0071222 0.070078 0.51779 0.077685 0.053684 -0.55338 -0.030985 0.061831 0.59972 0.080697 0.042486 -0.084906 0.085979 -0.43158 0.072325 0.096876 -0.43107 -0.10522 0.15411 -0.75782 0.07006 0.1555 -0.75978 -0.15474 0.10535 -0.82051 0.08729 0.087493 -0.82174 0.013305 -0.062572 0.59572
-0.12385 0.014273 0.32277 0.14207 0.017808 0.31549 0.012068 -0.023746 0.40539 0.0027523 0.014483 0.066981 -0.052914 -0.00083928 -0.052862 0.051548 -0.00083928 -0.054195 -0.27206 0.14361 0.14434 0.29486 0.14108 0.13638 -0.49444 0.065928 0.11914 0.52765 0.13227 0.093082 -0.57315 0.041599 0.12379 0.60916 0.1454 0.088675 -0.0838 0.087192 -0.43133 0.073243 0.096048 -0.43114 -0.10307 0.15558 -0.75759 0.071762 0.15473 -0.75984 -0.15314 0.1074 -0.82029 0.088002 0.086415 -0.82173 0.013856 -0.072585 0.59651
-0.12308 0.014237 0.32632 0.14211 0.015907 0.31843 0.012365 -0.031749 0.40572 0.0031227 0.010345 0.067755 -0.053041 -0.00071941 -0.052737 0.051671 -0.00071941 -0.05408 -0.26795 0.16193 0.15902 0.29604 0.15228 0.14986 -0.49571 0.096003 0.14944 0.53043 0.14919 0.11457 -0.57613 0.078804 0.16027 0.61192 0.16479 0.11197 -0.082753 0.088396 -0.43105 0.07415 0.095279 -0.4312 -0.10102 0.15703 -0.75731 0.073425 0.154 -0.7599 -0.15158 0.10934 -0.82001 0.088668 0.085379 -0.82171 0.013918 -0.080087 0.59697
-0.12254 0.014836 0.32891 0.14212 0.01427 0.32066 0.01228 -0.036512 0.40596 0.0033335 0.0068778 0.068162 -0.053165 -0.00058772 -0.052613 0.051762 -0.00058772 -0.053994 -0.26439 0.17042 0.16688 0.29706 0.15517 0.15713 -0.48894 0.095596 0.16509 0.5313 0.14244 0.12281 -0.56834 0.078032 0.17926 0.6133 0.14733 0.11953 -0.081806 0.08953 -0.43077 0.074936 0.094628 -0.43127 -0.099172 0.15837 -0.75703 0.074892 0.15337 -0.75997 -0.15017 0.11115 -0.81973 0.089267 0.084516 -0.82173 0.013536 -0.08567 0.597
-0.12224 0.015678 0.33117 0.14214 0.012791 0.32263 0.01199 -0.040153 0.40615 0.0034363 0.0037884 0.068407 -0.05329 -0.000421 -0.052489 0.051844 -0.000421 -0.053917 -0.26342 0.17604 0.17299 0.298 0.15567 0.16148 -0.48157 0.083202 0.17538 0.53012 0.1256 0.12456 -0.55998 0.063356 0.19285 0.61225 0.11543 0.12188 -0.080922 0.090633 -0.4305 0.075647 0.094054 -0.43134 -0.097448 0.15967 -0.75676 0.076237 0.1528 -0.76004 -0.14881 0.1128 -0.81943 0.089842 0.083779 -0.82178 0.012879 -0.090362 0.59692
-0.12206 0.016631 0.3328 0.14214 0.011535 0.32411 0.01158 -0.042566 0.40623 0.003425 0.0014857 0.068497 -0.053398 -0.00022898 -0.05238 0.051933 -0.00022898 -0.053833 -0.26742 0.17286 0.17414 0.29944 0.149 0.1595 -0.48046 0.06858 0.17397 0.52457 0.090064 0.11507 -0.55846 0.046842 0.19146 0.60651 0.078602 0.1118 -0.080126 0.091621 -0.43026 0.076259 0.093545 -0.4314 -0.095906 0.16081 -0.75653 0.077412 0.15229 -0.76009 -0.14748 0.11407 -0.81912 0.090317 0.083119 -0.82182 0.012124 -0.093523 0.59681
-0.12191 0.017395 0.33388 0.14208 0.010457 0.32522 0.011142 -0.04438 0.40625 0.0033693 -0.00025518 0.068513 -0.053471 3.4783e-05 -0.052306 0.052057 3.4783e-05 -0.053713 -0.27577 0.15076 0.16346 0.30022 0.12247 0.14396 -0.47683 0.026162 0.16687 0.51547 0.035907 0.095601 -0.54961 -0.0057211 0.18854 0.59653 0.021041 0.090099 -0.079466 0.092409 -0.43011 0.076707 0.093102 -0.43144 -0.094685 0.16171 -0.75638 0.078305 0.15183 -0.76013 -0.14653 0.1153 -0.81899 0.090631 0.082534 -0.82183 0.011422 -0.095731 0.59672
-0.12181 0.018042 0.33466 0.14208 0.0095353 0.32604 0.010774 -0.045628 0.40625 0.0032946 -0.0015406 0.068501 -0.05352 0.00031761 -0.052254 0.052202 0.00031761 -0.053571 -0.28324 0.11733 0.14797 0.29588 0.087614 0.12325 -0.47255 -0.025304 0.16068 0.50351 -0.017462 0.077743 -0.5399 -0.063673 0.18992 0.58312 -0.039756 0.0737 -0.078893 0.093059 -0.43001 0.077043 0.09269 -0.43145 -0.093659 0.16244 -0.75629 0.079018 0.1514 -0.76015 -0.1455 0.11595 -0.81884 0.090841 0.081986 -0.82182 0.010739 -0.097452 0.59659
-0.12186 0.018897 0.33535 0.1423 0.0088423 0.32661 0.010512 -0.045875 0.40632 0.0031892 -0.0024638 0.068478 -0.053564 0.00056788 -0.052208 0.052338 0.00056788 -0.053436 -0.28557 0.080198 0.13528 0.28581 0.050335 0.10699 -0.4654 -0.072469 0.15647 0.48626 -0.069296 0.066387 -0.52997 -0.11042 0.1915 0.56383 -0.097747 0.067207 -0.078372 0.093632 -0.42992 0.077319 0.092286 -0.43147 -0.092735 0.16306 -0.75621 0.079636 0.15097 -0.76016 -0.14433 0.11613 -0.81863 0.090979 0.081444 -0.8218 0.010074 -0.098705 0.59638
-0.12227 0.020284 0.33599 0.14291 0.0086368 0.32691 0.010383 -0.044323 0.40657 0.0030475 -0.0031862 0.068455 -0.053605 0.00078157 -0.052162 0.052452 0.00078157 -0.053322 -0.28163 0.040953 0.12465 0.27215 0.0067398 0.095115 -0.4465 -0.12682 0.14946 0.45724 -0.13527 0.054641 -0.5073 -0.17064 0.18445 0.53262 -0.16843 0.056988 -0.077937 0.094103 -0.42984 0.077513 0.091918 -0.43149 -0.091977 0.16355 -0.75614 0.080118 0.15056 -0.76019 -0.14362 0.11663 -0.81853 0.09102 0.080938 -0.82179 0.0094532 -0.09939 0.596
-0.12331 0.022481 0.33624 0.1444 0.009411 0.32686 0.010563 -0.039215 0.40723 0.0028963 -0.0037535 0.068433 -0.05365 0.00093313 -0.052114 0.052537 0.00093313 -0.053235 -0.26917 0.0075042 0.11318 0.24803 -0.024273 0.083034 -0.41502 -0.18075 0.13481 0.40554 -0.19797 0.041416 -0.47086 -0.23453 0.16376 0.47892 -0.23953 0.04486 -0.077615 0.094447 -0.42977 0.077609 0.091618 -0.43151 -0.091409 0.1639 -0.75608 0.080434 0.15024 -0.76021 -0.14305 0.11688 -0.81839 0.090998 0.080529 -0.82178 0.0087523 -0.099094 0.59517
-0.12498 0.026563 0.33507 0.14685 0.011285 0.32569 0.011135 -0.026934 0.40818 0.0027093 -0.0042856 0.068409 -0.053721 0.0010844 -0.052037 0.052606 0.0010844 -0.053165 -0.24001 -0.037665 0.106 0.20477 -0.060228 0.078163 -0.3302 -0.25292 0.11868 0.30756 -0.27042 0.052366 -0.37485 -0.31338 0.1528 0.36228 -0.32385 0.075515 -0.077507 0.094645 -0.42969 0.077458 0.091255 -0.43158 -0.09113 0.16404 -0.75602 0.080419 0.14985 -0.76028 -0.14288 0.11743 -0.81855 0.090716 0.080009 -0.82173 0.0089584 -0.091574 0.59456
-0.12638 0.030958 0.33272 0.14897 0.013259 0.32369 0.0118 -0.012217 0.4089 0.0025892 -0.0044961 0.0684 -0.053791 0.0012042 -0.051963 0.052645 0.0012042 -0.053124 -0.19976 -0.079524 0.10189 0.1641 -0.09525 0.080987 -0.22689 -0.31585 0.10604 0.20625 -0.32725 0.056233 -0.25199 -0.38013 0.15138 0.23038 -0.3932 0.10127 -0.077631 0.094659 -0.42964 0.077127 0.090916 -0.43167 -0.091203 0.16394 -0.75599 0.080106 0.14951 -0.76037 -0.1432 0.11824 -0.819 0.090266 0.079508 -0.82167 0.0098984 -0.080293 0.59404
-0.12667 0.03276 0.33069 0.14935 0.014138 0.32212 0.012103 -0.0042392 0.40901 0.0026691 -0.0039843 0.068429 -0.053808 0.0011956 -0.051946 0.05264 0.0011956 -0.053128 -0.16743 -0.086674 0.09644 0.15699 -0.10075 0.082234 -0.18348 -0.32364 0.10202 0.16803 -0.32774 0.014898 -0.19127 -0.39407 0.14395 0.17284 -0.40381 0.047967 -0.077911 0.094465 -0.42965 0.076846 0.09083 -0.43171 -0.091592 0.16366 -0.75602 0.079714 0.14944 -0.76041 -0.14375 0.11847 -0.81926 0.089972 0.07938 -0.82162 0.010299 -0.075499 0.59294
-0.12683 0.033746 0.32912 0.14921 0.014686 0.32104 0.01212 0.001156 0.409 0.0027708 -0.0031722 0.06847 -0.053822 0.0011514 -0.051932 0.052644 0.0011514 -0.053126 -0.1497 -0.10082 0.10149 0.15704 -0.10209 0.082656 -0.13812 -0.33606 0.12282 0.12934 -0.33194 0.03676 -0.14946 -0.40749 0.16649 0.11696 -0.41189 0.051539 -0.078311 0.094153 -0.42968 0.076545 0.090789 -0.43173 -0.092181 0.16326 -0.75606 0.079234 0.14944 -0.76042 -0.14447 0.11856 -0.81953 0.089677 0.079314 -0.82153 0.010605 -0.071553 0.59237
-0.1269 0.034638 0.32768 0.14883 0.014919 0.31993 0.012076 0.0058712 0.409 0.0029621 -0.0017057 0.068509 -0.053817 0.0010969 -0.051939 0.05263 0.0010969 -0.053141 -0.14103 -0.11392 0.10747 0.1545 -0.10675 0.083592 -0.07719 -0.33939 0.14194 0.073856 -0.32915 0.070062 -0.068057 -0.39493 0.19817 0.046676 -0.40719 0.077456 -0.078638 0.093888 -0.42972 0.076263 0.090691 -0.43177 -0.092661 0.1629 -0.75611 0.078806 0.14939 -0.76046 -0.14508 0.11867 -0.8198 0.089425 0.0792 -0.82147 0.010813 -0.066718 0.59242
-0.12693 0.034867 0.32636 0.14813 0.015271 0.31873 0.011969 0.0096378 0.40898 0.0031974 0.00037421 0.068523 -0.053789 0.0010031 -0.051969 0.052614 0.0010031 -0.053158 -0.13461 -0.11714 0.1085 0.15194 -0.11089 0.084818 -0.023182 -0.32299 0.14557 0.029307 -0.31375 0.074692 0.038325 -0.35557 0.19251 -0.01124 -0.38583 0.077278 -0.079362 0.093314 -0.42982 0.075875 0.090707 -0.43178 -0.093711 0.16223 -0.75621 0.07813 0.14944 -0.76047 -0.14605 0.11811 -0.82005 0.089144 0.079269 -0.82142 0.011088 -0.062133 0.59273
-0.12734 0.033719 0.32537 0.14723 0.016571 0.31778 0.011623 0.012218 0.40893 0.003269 0.0025606 0.068472 -0.053755 0.00081129 -0.052008 0.052624 0.00081129 -0.053152 -0.12788 -0.12238 0.11026 0.15142 -0.11251 0.085476 0.0063943 -0.31307 0.15065 0.011621 -0.30426 0.086924 0.089285 -0.33744 0.16072 -0.037958 -0.37102 0.082129 -0.081219 0.091799 -0.43004 0.075105 0.091033 -0.4317 -0.096436 0.16051 -0.75644 0.076623 0.14982 -0.76038 -0.14831 0.11597 -0.82037 0.08859 0.07977 -0.8213 0.011802 -0.058317 0.59316
-0.128 0.031456 0.32451 0.14618 0.018418 0.31693 0.011079 0.013997 0.40882 0.0031834 0.0050721 0.068332 -0.053667 0.00045021 -0.052103 0.052545 0.00045021 -0.053234 -0.12099 -0.12744 0.11152 0.1517 -0.11282 0.085827 0.023751 -0.31094 0.16305 -0.014651 -0.28077 0.099922 0.045897 -0.33981 0.21119 -0.047969 -0.35189 0.11773 -0.083732 0.089491 -0.4304 0.073957 0.091457 -0.43166 -0.10023 0.15787 -0.75681 0.07439 0.1503 -0.76033 -0.15132 0.11251 -0.82078 0.08774 0.080474 -0.82122 0.012626 -0.054501 0.5938
-0.12861 0.028935 0.32371 0.14512 0.020203 0.31608 0.0105 0.015233 0.40865 0.0029918 0.0074419 0.068128 -0.053547 3.4611e-05 -0.052228 0.052425 3.4611e-05 -0.053354 -0.11638 -0.13124 0.11201 0.15316 -0.11257 0.086016 0.06968 -0.26788 0.15289 -0.0077927 -0.28389 0.10181 0.039464 -0.32752 0.22542 -0.042131 -0.3513 0.13582 -0.086148 0.087079 -0.43078 0.072747 0.091826 -0.43165 -0.10397 0.15509 -0.7572 0.072058 0.15071 -0.76031 -0.15424 0.10887 -0.82121 0.086838 0.081144 -0.82117 0.013308 -0.051448 0.59429
-0.12904 0.026897 0.32299 0.1442 0.021444 0.31529 0.010006 0.016066 0.40846 0.002766 0.0093108 0.067906 -0.0534 -0.00034901 -0.052377 0.052303 -0.00034901 -0.053472 -0.11378 -0.13099 0.10962 0.15592 -0.11168 0.085459 0.09183 -0.24132 0.13795 0.024617 -0.30982 0.095786 0.096472 -0.30546 0.17145 -0.020843 -0.37129 0.12688 -0.087943 0.085152 -0.43111 0.071781 0.092021 -0.43167 -0.1068 0.15285 -0.75753 0.07021 0.15092 -0.76033 -0.15638 0.10589 -0.82154 0.086125 0.081591 -0.82117 0.013694 -0.049431 0.5945
-0.12927 0.02555 0.32234 0.14347 0.02203 0.31459 0.0096251 0.016629 0.40826 0.0025692 0.010851 0.067685 -0.053224 -0.00069439 -0.052552 0.052177 -0.00069439 -0.053592 -0.11903 -0.12654 0.10442 0.16376 -0.10941 0.084344 0.027355 -0.30485 0.1478 0.046239 -0.31631 0.085198 0.10622 -0.3153 0.14989 0.019329 -0.38981 0.11132 -0.089035 0.083867 -0.43138 0.071138 0.092019 -0.43173 -0.10857 0.15135 -0.75781 0.069 0.15091 -0.76039 -0.15759 0.10372 -0.82175 0.085643 0.081766 -0.82124 0.01376 -0.047789 0.59467
-0.12936 0.024582 0.32166 0.14285 0.022356 0.31387 0.0093495 0.017048 0.40802 0.0024049 0.012385 0.067425 -0.053109 -0.00095496 -0.052665 0.052118 -0.00095496 -0.053646 -0.15275 -0.12507 0.10393 0.18678 -0.10471 0.085046 -0.0088209 -0.31624 0.11552 0.12513 -0.32767 0.049772 0.038369 -0.3598 0.1425 0.10234 -0.40863 0.045439 -0.089737 0.082985 -0.43155 0.070658 0.092021 -0.43174 -0.10979 0.15024 -0.75799 0.068092 0.15092 -0.7604 -0.15839 0.10211 -0.82189 0.085242 0.08188 -0.82123 0.01373 -0.046477 0.59473
-0.12941 0.023822 0.32109 0.14239 0.022603 0.31328 0.0091389 0.017232 0.40779 0.0022694 0.013708 0.067178 -0.053025 -0.0011655 -0.052745 0.052088 -0.0011655 -0.05367 -0.19277 -0.10038 0.093713 0.2067 -0.097117 0.0842 -0.082087 -0.30429 0.06663 0.21323 -0.32662 0.016975 -0.084286 -0.38776 0.10355 0.22236 -0.40355 0.012303 -0.09024 0.082305 -0.43168 0.07028 0.092036 -0.43173 -0.1107 0.14938 -0.75813 0.067375 0.15092 -0.76038 -0.15881 0.10063 -0.82194 0.084871 0.081941 -0.82118 0.013681 -0.045669 0.5947
-0.12941 0.023249 0.3204 0.1419 0.022625 0.31262 0.0089115 0.01736 0.4075 0.0021182 0.015101 0.066878 -0.052875 -0.0013734 -0.05289 0.05199 -0.0013734 -0.053761 -0.23135 -0.039305 0.084 0.22554 -0.077424 0.081382 -0.21833 -0.27276 0.039428 0.29134 -0.28861 -0.0016254 -0.23418 -0.35136 0.051038 0.34851 -0.34898 0.0026761 -0.090434 0.081778 -0.43186 0.069751 0.091988 -0.4318 -0.11135 0.14853 -0.75835 0.06654 0.15086 -0.76045 -0.1583 0.098185 -0.82176 0.084314 0.081883 -0.82118 0.013518 -0.045067 0.59457
-0.12941 0.022821 0.31961 0.14132 0.022191 0.31185 0.00863 0.016694 0.40714 0.0019506 0.016675 0.06651 -0.052656 -0.0015496 -0.053103 0.051805 -0.0015496 -0.053934 -0.27319 0.033102 0.096978 0.25688 -0.040016 0.080912 -0.34078 -0.18639 0.037679 0.38216 -0.21586 -0.016175 -0.37694 -0.26022 0.036347 0.44872 -0.25231 -0.047831 -0.090185 0.081507 -0.4321 0.069003 0.09186 -0.43199 -0.11166 0.14768 -0.75867 0.065529 0.15071 -0.76064 -0.15685 0.094922 -0.8214 0.08354 0.081716 -0.82127 0.01316 -0.044592 0.59459
-0.12961 0.022345 0.31979 0.14112 0.021357 0.31202 0.0084027 0.012579 0.407 0.0019097 0.017113 0.066401 -0.052566 -0.0015788 -0.053192 0.051701 -0.0015788 -0.054033 -0.29147 0.071912 0.11362 0.27852 -0.0037439 0.085693 -0.4055 -0.12529 0.048939 0.44336 -0.14124 -0.014728 -0.45434 -0.19257 0.045211 0.51489 -0.1674 -0.047988 -0.089782 0.081623 -0.43219 0.068693 0.091736 -0.43212 -0.11132 0.14763 -0.75879 0.065227 0.15058 -0.76077 -0.15604 0.094192 -0.82128 0.083206 0.081542 -0.82137 0.012755 -0.045251 0.59555
-0.12979 0.021756 0.32031 0.14108 0.02038 0.31256 0.0082335 0.0068144 0.40687 0.00194 0.017207 0.066378 -0.052525 -0.0015536 -0.053233 0.051639 -0.0015536 -0.054093 -0.29699 0.088001 0.12487 0.29152 0.024017 0.093278 -0.43489 -0.094972 0.061416 0.47652 -0.086727 -0.0072863 -0.4889 -0.15738 0.057932 0.55057 -0.11634 -0.029756 -0.089355 0.081877 -0.43221 0.068572 0.091616 -0.43222 -0.11076 0.14789 -0.75882 0.065207 0.15047 -0.76087 -0.15552 0.094379 -0.82122 0.083059 0.081368 -0.82143 0.012347 -0.04568 0.59697
-0.12997 0.020684 0.32133 0.14064 0.018959 0.31359 0.0078146 -0.0016038 0.40654 0.0019221 0.01701 0.066423 -0.052518 -0.0015206 -0.053241 0.051568 -0.0015206 -0.054162 -0.29973 0.10643 0.13578 0.29967 0.051447 0.10332 -0.46181 -0.055317 0.077337 0.49909 -0.025845 0.0032089 -0.52065 -0.11337 0.078812 0.57319 -0.05379 -0.019626 -0.088789 0.082213 -0.43221 0.068498 0.091459 -0.43233 -0.11007 0.14822 -0.75883 0.065253 0.15032 -0.76099 -0.15474 0.094414 -0.82104 0.082963 0.081153 -0.82151 0.011773 -0.050105 0.59772
-0.13025 0.019062 0.32331 0.13966 0.016944 0.31546 0.0070491 -0.013377 0.40605 0.0018131 0.016027 0.066669 -0.052605 -0.0014595 -0.053157 0.051501 -0.0014595 -0.054227 -0.29741 0.13288 0.15094 0.30178 0.084357 0.11604 -0.48981 0.0049034 0.099857 0.51681 0.059833 0.020598 -0.55681 -0.042301 0.1111 0.59495 0.047051 -0.0026624 -0.088052 0.082675 -0.43211 0.068587 0.09126 -0.43245 -0.10911 0.14874 -0.75873 0.06554 0.15013 -0.76111 -0.15387 0.094883 -0.82084 0.083049 0.080906 -0.82163 0.01099 -0.06154 0.5973
-0.13012 0.017834 0.32521 0.13887 0.015177 0.31702 0.006652 -0.022286 0.40562 0.0016574 0.014897 0.066973 -0.052715 -0.0014217 -0.053049 0.051449 -0.0014217 -0.054277 -0.29196 0.15102 0.16135 0.30001 0.10907 0.12714 -0.49322 0.032744 0.11526 0.51974 0.11133 0.034875 -0.56957 0.0031759 0.12509 0.59978 0.10258 0.013779 -0.08739 0.083077 -0.432 0.068717 0.091063 -0.43255 -0.10824 0.1492 -0.75862 0.065855 0.14993 -0.76121 -0.1531 0.095334 -0.82064 0.083204 0.080677 -0.82174 0.010384 -0.07119 0.59669
-0.12911 0.01641 0.32928 0.13803 0.012134 0.31965 0.0066654 -0.033473 0.40542 0.0013134 0.01079 0.067672 -0.052974 -0.0013264 -0.052792 0.051426 -0.0013264 -0.054302 -0.28115 0.16779 0.1728 0.29232 0.13335 0.14094 -0.49314 0.070427 0.13787 0.50622 0.16945 0.049097 -0.57386 0.056534 0.15011 0.58617 0.17198 0.031271 -0.086028 0.084146 -0.43166 0.069317 0.090704 -0.43266 -0.10632 0.15048 -0.75828 0.066932 0.14958 -0.76132 -0.15149 0.096636 -0.82009 0.08377 0.080181 -0.82183 0.0096376 -0.085005 0.59581
-0.12801 0.01526 0.33383 0.13735 0.0089802 0.32243 0.0067557 -0.043712 0.40545 0.00097373 0.0055969 0.068387 -0.053273 -0.0011723 -0.052495 0.051442 -0.0011723 -0.05429 -0.27037 0.18193 0.18332 0.28368 0.15321 0.15356 -0.49833 0.11896 0.1624 0.49043 0.22106 0.05838 -0.57888 0.11744 0.18082 0.56993 0.23893 0.042741 -0.08449 0.085565 -0.43124 0.070172 0.090364 -0.43273 -0.10405 0.15219 -0.75784 0.068392 0.14924 -0.76139 -0.14967 0.09846 -0.81942 0.084541 0.079653 -0.82187 0.0088939 -0.098036 0.59508
-0.12761 0.015258 0.33576 0.13734 0.007731 0.32363 0.0067631 -0.046621 0.40557 0.00088522 0.0028581 0.068538 -0.053427 -0.00097166 -0.052342 0.051501 -0.00097166 -0.054238 -0.26623 0.18646 0.187 0.28068 0.15928 0.15886 -0.49865 0.14195 0.17248 0.48455 0.22798 0.059096 -0.5793 0.14978 0.18898 0.5636 0.24736 0.044113 -0.083723 0.086624 -0.43096 0.070818 0.09035 -0.4327 -0.10279 0.15345 -0.75755 0.069421 0.14922 -0.76136 -0.14875 0.099904 -0.81905 0.085119 0.079524 -0.82184 0.0086006 -0.10157 0.59502
-0.12681 0.015511 0.33754 0.13765 0.0064602 0.32498 0.006952 -0.049474 0.40562 0.00078105 -9.9918e-05 0.068578 -0.053592 -0.00059343 -0.052179 0.051606 -0.00059343 -0.054143 -0.26256 0.19105 0.19129 0.27922 0.16359 0.16406 -0.4967 0.1572 0.17906 0.47842 0.24588 0.067106 -0.57786 0.16204 0.19391 0.55689 0.26748 0.053016 -0.082877 0.087987 -0.43065 0.071636 0.090512 -0.43262 -0.10136 0.15502 -0.75723 0.070662 0.14939 -0.76128 -0.1477 0.10168 -0.81862 0.08587 0.079553 -0.82171 0.0085491 -0.10546 0.59477
-0.12593 0.0161 0.33904 0.13809 0.0052794 0.32623 0.0071322 -0.051867 0.40562 0.00070159 -0.0026892 0.068549 -0.053761 -0.00015108 -0.052007 0.051723 -0.00015108 -0.054034 -0.25703 0.19718 0.19519 0.27781 0.1677 0.1689 -0.49193 0.1674 0.18399 0.47386 0.26232 0.071883 -0.5734 0.17075 0.19803 0.55163 0.28673 0.057299 -0.082019 0.08947 -0.43031 0.072532 0.090726 -0.43252 -0.099851 0.15669 -0.75689 0.072007 0.14963 -0.76118 -0.14664 0.10374 -0.81827 0.086704 0.079628 -0.82156 0.0083405 -0.10893 0.59445
-0.12526 0.017042 0.34005 0.1386 0.0044488 0.32712 0.0072299 -0.05299 0.4056 0.00067949 -0.0044504 0.068447 -0.053913 0.00026429 -0.051849 0.051831 0.00026429 -0.053931 -0.25818 0.19792 0.19777 0.2798 0.16571 0.1699 -0.49253 0.16392 0.18752 0.48344 0.23559 0.074026 -0.57375 0.16667 0.20264 0.56184 0.25721 0.059473 -0.081285 0.090834 -0.42999 0.073381 0.090935 -0.43243 -0.098476 0.15822 -0.75657 0.073271 0.14986 -0.76109 -0.14572 0.10573 -0.818 0.087487 0.079708 -0.8214 0.0079531 -0.11071 0.59424
-0.12466 0.018047 0.34093 0.13911 0.0037748 0.32788 0.0073203 -0.053758 0.40559 0.00067145 -0.0058505 0.068343 -0.054054 0.0006566 -0.051699 0.051926 0.0006566 -0.053836 -0.27124 0.18889 0.19962 0.28771 0.15325 0.1659 -0.50329 0.14152 0.19013 0.50784 0.16901 0.080545 -0.58347 0.13589 0.20956 0.58861 0.18161 0.068188 -0.080615 0.092061 -0.4297 0.074167 0.091136 -0.43234 -0.097195 0.15961 -0.75627 0.074429 0.15007 -0.76099 -0.14486 0.10751 -0.81772 0.088197 0.07978 -0.82124 0.0076003 -0.112 0.59406
-0.12419 0.018945 0.34159 0.13956 0.0032766 0.3285 0.0073798 -0.054203 0.40557 0.00068694 -0.0068487 0.068251 -0.054172 0.0010229 -0.05157 0.052008 0.0010229 -0.053751 -0.28442 0.17555 0.19863 0.29742 0.13317 0.15915 -0.51051 0.10599 0.18919 0.52239 0.13131 0.081361 -0.58875 0.09297 0.2123 0.60422 0.13595 0.069263 -0.08005 0.09309 -0.42946 0.074825 0.091341 -0.43226 -0.096131 0.16077 -0.75603 0.075387 0.1503 -0.76091 -0.14417 0.10911 -0.81755 0.088792 0.079874 -0.82109 0.0073104 -0.11284 0.59392
-0.12367 0.019584 0.34204 0.14001 0.0030006 0.32876 0.0076389 -0.054423 0.40556 0.00070871 -0.0074699 0.068186 -0.054261 0.0012891 -0.05147 0.052061 0.0012891 -0.053694 -0.29996 0.15036 0.19141 0.30539 0.10511 0.14586 -0.5173 0.054423 0.18426 0.53046 0.077163 0.079458 -0.59429 0.03492 0.20856 0.61236 0.072163 0.071268 -0.079615 0.093833 -0.42928 0.075312 0.091481 -0.4322 -0.095325 0.16161 -0.75585 0.076088 0.15046 -0.76085 -0.14358 0.11019 -0.81739 0.089173 0.07991 -0.82096 0.0071172 -0.11354 0.59378
-0.12398 0.021001 0.3422 0.14108 0.0033668 0.32877 0.0079396 -0.051742 0.40592 0.00075259 -0.0080379 0.06812 -0.054351 0.0015582 -0.051367 0.052108 0.0015582 -0.053641 -0.31146 0.10451 0.17417 0.30506 0.052711 0.12702 -0.50743 -0.02755 0.17062 0.52359 -0.025924 0.079604 -0.57807 -0.059461 0.19839 0.60513 -0.040908 0.079559 -0.07917 0.094596 -0.42909 0.075832 0.091606 -0.43215 -0.094416 0.16249 -0.75566 0.07683 0.15061 -0.7608 -0.14305 0.11149 -0.81726 0.089561 0.079918 -0.82082 0.0067406 -0.11367 0.5932
-0.12574 0.023895 0.34172 0.14293 0.0046364 0.32854 0.007995 -0.044173 0.40681 0.00081654 -0.008637 0.068046 -0.054446 0.0018758 -0.051256 0.052165 0.0018758 -0.053575 -0.30936 0.047371 0.15113 0.29221 -0.018096 0.11007 -0.46851 -0.12807 0.15056 0.49024 -0.14453 0.079132 -0.52418 -0.17902 0.18423 0.56893 -0.16906 0.086612 -0.078692 0.095449 -0.42888 0.076418 0.091762 -0.43209 -0.093371 0.16346 -0.75545 0.077663 0.15078 -0.76073 -0.14265 0.11328 -0.81721 0.09005 0.079956 -0.82066 0.0059636 -0.11142 0.59225
-0.12764 0.026906 0.34006 0.14441 0.0062598 0.32762 0.0079314 -0.034762 0.40766 0.00082645 -0.0087318 0.068034 -0.05448 0.0019937 -0.051215 0.052191 0.0019937 -0.053546 -0.29856 0.0096329 0.13691 0.27255 -0.055863 0.10235 -0.42609 -0.19069 0.14117 0.44412 -0.21643 0.070568 -0.4695 -0.25389 0.17246 0.51506 -0.25618 0.082271 -0.078476 0.095729 -0.42882 0.07662 0.091829 -0.43207 -0.09299 0.16379 -0.75538 0.077943 0.15085 -0.76071 -0.14239 0.11373 -0.81715 0.090185 0.079953 -0.82058 0.0051426 -0.10475 0.59208
-0.12917 0.029569 0.33803 0.14543 0.0076999 0.32658 0.0078326 -0.025745 0.40825 0.00080735 -0.0085528 0.068056 -0.054489 0.0020621 -0.051203 0.052201 0.0020621 -0.053533 -0.28631 -0.01129 0.12731 0.25479 -0.078381 0.10024 -0.38516 -0.22603 0.13655 0.39941 -0.26255 0.065808 -0.42658 -0.28883 0.17135 0.46759 -0.3091 0.078509 -0.078339 0.095821 -0.42881 0.076689 0.091886 -0.43205 -0.092812 0.16389 -0.75537 0.078032 0.1509 -0.76069 -0.14226 0.11386 -0.81711 0.090225 0.07997 -0.82054 0.004642 -0.096687 0.59229
-0.13006 0.031794 0.33554 0.14622 0.0089926 0.32524 0.0080124 -0.01666 0.40863 0.00083069 -0.0080231 0.068123 -0.054493 0.0021079 -0.051197 0.052261 0.0021079 -0.053473 -0.26371 -0.035205 0.11604 0.2281 -0.095524 0.095224 -0.33425 -0.26128 0.13205 0.34181 -0.3022 0.065295 -0.36652 -0.32589 0.17141 0.40061 -0.35479 0.088207 -0.078225 0.095831 -0.42882 0.076761 0.091937 -0.43199 -0.092666 0.16391 -0.75538 0.07809 0.15095 -0.76063 -0.14225 0.11401 -0.81713 0.090305 0.080003 -0.82046 0.0041544 -0.08694 0.59291
-0.13029 0.033338 0.33218 0.1466 0.010361 0.32312 0.0085141 -0.0067361 0.40888 0.00092811 -0.0065963 0.068273 -0.054475 0.0019939 -0.05122 0.052433 0.0019939 -0.053309 -0.22621 -0.074485 0.10897 0.19216 -0.10709 0.089089 -0.26146 -0.30725 0.13686 0.25364 -0.33528 0.068632 -0.26689 -0.37902 0.17756 0.28157 -0.40431 0.10469 -0.078308 0.095448 -0.4289 0.076793 0.091933 -0.43181 -0.092888 0.16351 -0.75546 0.077965 0.15094 -0.76045 -0.14248 0.11361 -0.8172 0.09038 0.080022 -0.82026 0.0034006 -0.074893 0.59393
-0.13016 0.033868 0.32865 0.146 0.011595 0.32075 0.0087511 0.0023049 0.40902 0.0010534 -0.0039911 0.068466 -0.054438 0.0016842 -0.05127 0.052718 0.0016842 -0.053037 -0.19454 -0.11792 0.12051 0.17944 -0.12682 0.09633 -0.17191 -0.34875 0.16682 0.15379 -0.35995 0.088487 -0.15714 -0.40708 0.22337 0.14537 -0.43897 0.10862 -0.078677 0.094607 -0.42906 0.076837 0.091899 -0.43149 -0.0936 0.16264 -0.75561 0.07769 0.15091 -0.76013 -0.14309 0.11263 -0.81734 0.090511 0.080053 -0.81992 0.0028571 -0.064722 0.59446
-0.12974 0.033909 0.32592 0.14495 0.012304 0.31863 0.0088346 0.0084536 0.40905 0.0011907 -0.0014112 0.06858 -0.054428 0.0013868 -0.051291 0.053014 0.0013868 -0.052751 -0.17488 -0.14446 0.13363 0.17587 -0.1386 0.10192 -0.095353 -0.35485 0.209 0.088009 -0.36082 0.10549 -0.063275 -0.41028 0.25984 0.069168 -0.43528 0.13489 -0.078985 0.093906 -0.42916 0.076875 0.091844 -0.43116 -0.094171 0.16193 -0.7557 0.077485 0.15086 -0.7598 -0.14359 0.11181 -0.8174 0.090589 0.080021 -0.81957 0.0024981 -0.057437 0.59488
-0.12921 0.0328 0.32392 0.14396 0.013407 0.31686 0.0089586 0.012225 0.409 0.0012511 0.0012761 0.068568 -0.054322 0.00093406 -0.051413 0.053135 0.00093406 -0.052639 -0.16177 -0.151 0.13487 0.17258 -0.14086 0.10234 -0.028465 -0.32796 0.21883 0.052465 -0.34403 0.1141 0.018855 -0.38923 0.24997 0.02618 -0.40656 0.16053 -0.079664 0.092616 -0.42943 0.076839 0.091906 -0.43093 -0.095426 0.16056 -0.75596 0.076942 0.15091 -0.75958 -0.14454 0.11006 -0.81759 0.090643 0.080164 -0.81931 0.0028031 -0.052345 0.5953
-0.12874 0.030034 0.3222 0.14319 0.01563 0.31532 0.0091613 0.015004 0.40888 0.001196 0.0044478 0.068442 -0.054028 0.00015681 -0.05173 0.053031 0.00015681 -0.052751 -0.14946 -0.15011 0.12787 0.17171 -0.14131 0.10271 0.038339 -0.28371 0.18322 0.026149 -0.32719 0.12319 0.097497 -0.33708 0.20554 -0.025692 -0.38074 0.15889 -0.081128 0.09004 -0.43006 0.076642 0.092132 -0.43081 -0.098111 0.15775 -0.75658 0.075685 0.15113 -0.75945 -0.14649 0.10643 -0.81812 0.09069 0.080626 -0.81917 0.0040033 -0.048547 0.59556
-0.12822 0.02688 0.32083 0.14261 0.017979 0.31399 0.009387 0.016777 0.40868 0.0011393 0.007072 0.068223 -0.053685 -0.00064131 -0.052082 0.052905 -0.00064131 -0.052874 -0.13873 -0.15294 0.12535 0.17149 -0.13725 0.10018 0.083714 -0.2259 0.15625 0.018787 -0.31517 0.13572 0.15683 -0.26118 0.16862 -0.039032 -0.36407 0.17032 -0.082765 0.087173 -0.43075 0.076231 0.092317 -0.43071 -0.10105 0.15459 -0.75726 0.07414 0.15128 -0.75935 -0.14857 0.10231 -0.81865 0.09056 0.081082 -0.81905 0.0052954 -0.045642 0.59577
-0.12771 0.024044 0.31978 0.1422 0.020094 0.31292 0.0096019 0.017978 0.40846 0.0010808 0.0090444 0.067992 -0.053351 -0.0013184 -0.052412 0.05276 -0.0013184 -0.053007 -0.12815 -0.1546 0.12289 0.17181 -0.13197 0.096876 0.10578 -0.19369 0.14436 0.016181 -0.30416 0.14449 0.18676 -0.21246 0.14866 -0.035848 -0.3529 0.18559 -0.084201 0.084567 -0.43138 0.075656 0.092479 -0.43066 -0.10365 0.15171 -0.75788 0.072556 0.1514 -0.75931 -0.15032 0.098515 -0.81915 0.090254 0.081502 -0.81899 0.0064792 -0.043512 0.59588
-0.12713 0.02116 0.31871 0.14173 0.022135 0.31179 0.0097688 0.018988 0.40819 0.0009547 0.01095 0.067706 -0.052963 -0.0019643 -0.052783 0.052558 -0.0019643 -0.053186 -0.12381 -0.14904 0.11476 0.17575 -0.12425 0.092656 0.10852 -0.18739 0.1325 0.017484 -0.29241 0.14609 0.19039 -0.1956 0.13199 -0.030098 -0.34231 0.1922 -0.085589 0.081956 -0.43204 0.074871 0.092631 -0.43068 -0.10612 0.1488 -0.75854 0.070819 0.1515 -0.75932 -0.15185 0.094675 -0.81969 0.089793 0.081936 -0.819 0.0073817 -0.041508 0.59594
-0.12629 0.017267 0.31709 0.1408 0.024462 0.31003 0.0098428 0.020044 0.40773 0.00067463 0.013649 0.067222 -0.052395 -0.002789 -0.05331 0.052271 -0.002789 -0.053433 -0.13747 -0.13234 0.097677 0.1882 -0.1085 0.084806 0.095798 -0.17412 0.10093 0.035895 -0.28102 0.14146 0.17831 -0.17594 0.095643 -0.015897 -0.32795 0.18566 -0.087376 0.078629 -0.4329 0.073741 0.092737 -0.43074 -0.10907 0.14504 -0.75941 0.068611 0.15155 -0.75938 -0.15362 0.089788 -0.82044 0.089179 0.082424 -0.81904 0.007719 -0.038581 0.59608
