-0.12432 0.016898 0.32813 0.12658 -0.028588 0.2901 0.019214 0.012129 0.40643 0.0061225 0.017572 0.066025 -0.056139 -0.0027775 -0.049353 0.054895 -0.0027775 -0.050733 -0.21887 0.068523 0.08514 0.28449 -0.22869 0.21476 -0.26375 0.02269 -0.14301 0.37906 -0.44011 0.26501 -0.27444 0.0007427 -0.22203 0.41039 -0.51083 0.29428 -0.10626 0.070282 -0.42895 0.046598 0.10065 -0.42647 -0.13052 0.15653 -0.7506 0.020741 0.20018 -0.74414 -0.16452 0.13113 -0.83403 -0.0065135 0.18644 -0.83262 0.021435 -0.022407 0.60063
-0.12435 0.016936 0.3283 0.12706 -0.028682 0.29051 0.019266 0.01201 0.40644 0.0061065 0.017499 0.066046 -0.056136 -0.002734 -0.049359 0.054859 -0.002734 -0.050774 -0.2187 0.068445 0.085211 0.28597 -0.22563 0.20984 -0.26392 0.022336 -0.14282 0.37983 -0.43739 0.25983 -0.27439 0.00031579 -0.22185 0.41228 -0.50853 0.28621 -0.10636 0.070316 -0.42894 0.046724 0.10081 -0.42648 -0.13068 0.15652 -0.75061 0.020724 0.20022 -0.74418 -0.16486 0.13118 -0.83398 -0.0055028 0.17914 -0.83116 0.021414 -0.022272 0.6007
-0.12437 0.016977 0.32847 0.12749 -0.028767 0.29088 0.019313 0.011883 0.40646 0.0060908 0.017419 0.066068 -0.056134 -0.0026897 -0.049364 0.054821 -0.0026897 -0.050818 -0.21854 0.068382 0.085281 0.28719 -0.22307 0.20567 -0.26408 0.022004 -0.14263 0.38068 -0.4351 0.25511 -0.27432 3.2925e-05 -0.22171 0.41403 -0.50667 0.27884 -0.10645 0.070355 -0.42894 0.046849 0.10096 -0.4265 -0.13082 0.15651 -0.75061 0.020726 0.20025 -0.74422 -0.16518 0.13123 -0.83392 -0.0045124 0.17249 -0.82947 0.021405 -0.022147 0.60076
-0.1244 0.017021 0.32862 0.12789 -0.028848 0.29121 0.019355 0.011749 0.40648 0.0060759 0.017333 0.066092 -0.056131 -0.0026448 -0.049369 0.05478 -0.0026448 -0.050865 -0.21839 0.068333 0.085348 0.28818 -0.22096 0.20217 -0.26423 0.021696 -0.14245 0.38157 -0.4332 0.25085 -0.27422 -0.00011422 -0.22161 0.41562 -0.5052 0.27215 -0.10653 0.070402 -0.42893 0.046973 0.10111 -0.42652 -0.13095 0.15651 -0.75061 0.020746 0.20029 -0.74427 -0.16547 0.13128 -0.83388 -0.0035455 0.16646 -0.8276 0.021405 -0.022027 0.60082
-0.12442 0.01707 0.32876 0.12824 -0.028929 0.29151 0.019393 0.011607 0.40651 0.006062 0.017242 0.066117 -0.056129 -0.0025993 -0.049374 0.054736 -0.0025993 -0.050915 -0.21825 0.0683 0.085412 0.28895 -0.21926 0.19927 -0.26437 0.021412 -0.14228 0.38247 -0.43166 0.24702 -0.27409 -0.000134 -0.22154 0.41704 -0.50408 0.26611 -0.1066 0.070455 -0.42893 0.047098 0.10126 -0.42655 -0.13106 0.15651 -0.75062 0.020785 0.20033 -0.74432 -0.16573 0.13134 -0.83383 -0.0026052 0.16101 -0.82559 0.021409 -0.021908 0.60089
-0.12443 0.017125 0.3289 0.12856 -0.029012 0.29178 0.019429 0.01146 0.40653 0.0060496 0.017146 0.066144 -0.056127 -0.0025535 -0.049379 0.054689 -0.0025535 -0.050967 -0.21812 0.068281 0.085473 0.28953 -0.21792 0.19689 -0.26449 0.021157 -0.14212 0.38334 -0.43044 0.24361 -0.27394 -3.4725e-05 -0.2215 0.41828 -0.50326 0.2607 -0.10665 0.070514 -0.42892 0.047226 0.1014 -0.42658 -0.13115 0.15652 -0.75062 0.020844 0.20037 -0.74438 -0.16597 0.1314 -0.83379 -0.0016945 0.15611 -0.82347 0.021417 -0.021787 0.60096
-0.12445 0.017187 0.32902 0.12885 -0.029102 0.29203 0.019461 0.011308 0.40655 0.0060389 0.017044 0.066171 -0.056125 -0.0025075 -0.049384 0.054639 -0.0025075 -0.051022 -0.21799 0.068276 0.08553 0.28994 -0.21689 0.19497 -0.2646 0.020932 -0.14197 0.38413 -0.4295 0.2406 -0.27377 0.00017525 -0.22149 0.41934 -0.50269 0.25592 -0.10669 0.070579 -0.42892 0.047357 0.10154 -0.42661 -0.13122 0.15654 -0.75063 0.020923 0.20041 -0.74444 -0.16619 0.13147 -0.83375 -0.00081653 0.15172 -0.82128 0.021423 -0.021659 0.60104
-0.12446 0.017257 0.32915 0.12911 -0.029201 0.29225 0.019492 0.011151 0.40658 0.0060302 0.016937 0.066199 -0.056123 -0.0024614 -0.049388 0.054587 -0.0024614 -0.05108 -0.21786 0.068287 0.085584 0.29021 -0.21612 0.19342 -0.26469 0.020739 -0.14182 0.38482 -0.42881 0.23798 -0.27359 0.0004876 -0.22151 0.4202 -0.50232 0.25172 -0.10671 0.070649 -0.42891 0.047493 0.10167 -0.42665 -0.13128 0.15657 -0.75063 0.021023 0.20044 -0.7445 -0.16638 0.13155 -0.83372 2.5664e-05 0.14782 -0.81906 0.021427 -0.021519 0.60111
-0.12447 0.017336 0.32926 0.12935 -0.029313 0.29246 0.019521 0.01099 0.40661 0.006024 0.016825 0.066228 -0.056121 -0.0024155 -0.049393 0.054533 -0.0024155 -0.051141 -0.21773 0.068312 0.085634 0.29036 -0.21557 0.19217 -0.26477 0.02058 -0.14169 0.38536 -0.42833 0.23574 -0.27339 0.00089398 -0.22155 0.42086 -0.50211 0.2481 -0.10673 0.070725 -0.42891 0.047634 0.10179 -0.42669 -0.13132 0.1566 -0.75064 0.021145 0.20047 -0.74458 -0.16654 0.13163 -0.83369 0.00082899 0.14437 -0.81683 0.021424 -0.021364 0.60119
-0.12447 0.017426 0.32937 0.12956 -0.029441 0.29265 0.019549 0.010827 0.40663 0.0060206 0.016708 0.066258 -0.05612 -0.0023699 -0.049397 0.054475 -0.0023699 -0.051204 -0.21759 0.068351 0.08568 0.29042 -0.21519 0.19115 -0.26482 0.020459 -0.14157 0.38572 -0.42802 0.23385 -0.27317 0.0013861 -0.2216 0.4213 -0.502 0.24504 -0.10673 0.070807 -0.42891 0.047784 0.10191 -0.42674 -0.13133 0.15663 -0.75065 0.02129 0.20049 -0.74465 -0.16668 0.13172 -0.83366 0.0015904 0.14134 -0.81465 0.021411 -0.021189 0.60128
-0.12447 0.017527 0.32948 0.12975 -0.02959 0.29283 0.019576 0.010661 0.40666 0.0060202 0.016587 0.066288 -0.056118 -0.0023246 -0.0494 0.054416 -0.0023246 -0.05127 -0.21745 0.068406 0.085721 0.2904 -0.21493 0.19028 -0.26486 0.020377 -0.14147 0.38584 -0.42785 0.23231 -0.27294 0.0019555 -0.22168 0.42153 -0.50195 0.24251 -0.10671 0.070893 -0.4289 0.047942 0.10202 -0.42679 -0.13133 0.15668 -0.75066 0.021457 0.2005 -0.74473 -0.1668 0.13182 -0.83363 0.0023068 0.13868 -0.81253 0.021387 -0.020991 0.60137
-0.12447 0.01764 0.32958 0.12992 -0.029761 0.293 0.019604 0.010494 0.40669 0.0060232 0.016461 0.066319 -0.056117 -0.00228 -0.049404 0.054353 -0.00228 -0.051338 -0.21729 0.068474 0.085758 0.29033 -0.21475 0.18948 -0.26487 0.020336 -0.14137 0.38571 -0.42778 0.23109 -0.2727 0.002594 -0.22176 0.42152 -0.50192 0.24049 -0.10669 0.070984 -0.4289 0.048109 0.10213 -0.42684 -0.1313 0.15673 -0.75067 0.021649 0.20051 -0.74482 -0.16689 0.13192 -0.8336 0.002975 0.13638 -0.81053 0.021347 -0.020764 0.60146
-0.12447 0.017767 0.32968 0.13008 -0.029959 0.29316 0.019633 0.010326 0.40672 0.0060301 0.016331 0.066351 -0.056116 -0.002236 -0.049407 0.054288 -0.002236 -0.051408 -0.21713 0.068558 0.085789 0.29024 -0.21459 0.18869 -0.26486 0.020338 -0.14129 0.38528 -0.42778 0.23019 -0.27245 0.0032931 -0.22185 0.42127 -0.50185 0.23896 -0.10665 0.07108 -0.4289 0.048288 0.10224 -0.4269 -0.13125 0.15679 -0.75067 0.021864 0.20051 -0.74492 -0.16695 0.13203 -0.83358 0.0035922 0.13439 -0.80868 0.021288 -0.020505 0.60156
-0.12446 0.017908 0.32978 0.13022 -0.030188 0.29333 0.019663 0.010159 0.40675 0.006041 0.016198 0.066383 -0.056114 -0.002193 -0.049411 0.054221 -0.002193 -0.051481 -0.21695 0.068655 0.085815 0.29015 -0.21442 0.18782 -0.26483 0.020387 -0.14122 0.3845 -0.4278 0.22958 -0.2722 0.0040446 -0.22196 0.42077 -0.50169 0.23791 -0.10659 0.071181 -0.4289 0.04848 0.10233 -0.42696 -0.13118 0.15685 -0.75069 0.022105 0.20049 -0.74502 -0.16699 0.13215 -0.83356 0.004155 0.13268 -0.807 0.021209 -0.02021 0.60166
-0.12444 0.018065 0.32988 0.13036 -0.030447 0.29349 0.019694 0.0099921 0.40678 0.0060563 0.01606 0.066415 -0.056113 -0.002151 -0.049413 0.054151 -0.002151 -0.051556 -0.21675 0.068767 0.085836 0.29008 -0.21419 0.18682 -0.26477 0.020483 -0.14117 0.38336 -0.42782 0.22925 -0.27195 0.0048404 -0.22206 0.42003 -0.50141 0.23731 -0.10653 0.071286 -0.4289 0.048685 0.10243 -0.42703 -0.13108 0.15692 -0.7507 0.022371 0.20046 -0.74512 -0.16701 0.13228 -0.83354 0.0046618 0.13123 -0.80555 0.021106 -0.019874 0.60177
-0.12442 0.018235 0.32998 0.13048 -0.030721 0.29365 0.01973 0.0098272 0.40681 0.0060762 0.015919 0.066447 -0.056113 -0.0021103 -0.049416 0.05408 -0.0021103 -0.051633 -0.21654 0.068893 0.085853 0.29001 -0.21394 0.18577 -0.2647 0.020626 -0.14113 0.38191 -0.42788 0.2292 -0.27169 0.0056749 -0.22217 0.41908 -0.50108 0.23715 -0.10645 0.071394 -0.4289 0.048904 0.10251 -0.42709 -0.13096 0.157 -0.75071 0.022663 0.20043 -0.74524 -0.167 0.13241 -0.83352 0.005122 0.12998 -0.8043 0.020979 -0.019502 0.60188
-0.12439 0.018412 0.33007 0.1306 -0.03098 0.29379 0.019771 0.0096653 0.40685 0.0061006 0.015774 0.066479 -0.056112 -0.0020709 -0.049418 0.054006 -0.0020709 -0.051712 -0.21633 0.069031 0.085867 0.28992 -0.21377 0.18482 -0.2646 0.020811 -0.1411 0.38027 -0.42806 0.22942 -0.27144 0.0065436 -0.22227 0.418 -0.50083 0.23744 -0.10635 0.071504 -0.4289 0.049135 0.10259 -0.42717 -0.13082 0.15708 -0.75072 0.02298 0.20037 -0.74535 -0.16698 0.13256 -0.8335 0.0055516 0.12891 -0.80322 0.020831 -0.019101 0.602
-0.12435 0.018593 0.33016 0.13071 -0.031196 0.29391 0.019821 0.0095074 0.40688 0.0061297 0.015625 0.066512 -0.056113 -0.0020332 -0.049419 0.053931 -0.0020332 -0.051791 -0.2161 0.069181 0.085882 0.28976 -0.21376 0.18412 -0.2645 0.021035 -0.14107 0.37855 -0.42842 0.2299 -0.2712 0.0074423 -0.22238 0.41688 -0.50079 0.23815 -0.10625 0.071614 -0.4289 0.049378 0.10266 -0.42724 -0.13066 0.15716 -0.75073 0.02332 0.20031 -0.74548 -0.16693 0.1327 -0.83348 0.0059662 0.12798 -0.80229 0.020664 -0.018677 0.60212
-0.1243 0.018772 0.33024 0.13082 -0.031341 0.29399 0.019882 0.0093545 0.40691 0.0061633 0.015472 0.066545 -0.056114 -0.0019973 -0.04942 0.053856 -0.0019973 -0.051871 -0.21588 0.069341 0.085897 0.28951 -0.21401 0.18383 -0.2644 0.021296 -0.14105 0.37686 -0.42906 0.23065 -0.27096 0.0083667 -0.22247 0.4158 -0.50108 0.23928 -0.10614 0.071724 -0.4289 0.049633 0.10271 -0.42732 -0.13047 0.15724 -0.75075 0.023685 0.20023 -0.74561 -0.16687 0.13286 -0.83346 0.006382 0.12715 -0.80146 0.020481 -0.018238 0.60224
-0.12423 0.018945 0.33032 0.13093 -0.031386 0.29402 0.019956 0.0092078 0.40694 0.0062016 0.015315 0.066577 -0.056115 -0.0019633 -0.049419 0.05378 -0.0019633 -0.051951 -0.21566 0.069511 0.085917 0.28913 -0.2146 0.18411 -0.2643 0.021588 -0.14103 0.37532 -0.43005 0.23165 -0.27075 0.0093124 -0.22256 0.41482 -0.50184 0.24084 -0.10602 0.071831 -0.4289 0.049897 0.10275 -0.4274 -0.13028 0.15732 -0.75076 0.024072 0.20014 -0.74574 -0.16679 0.13301 -0.83344 0.0068146 0.12639 -0.80072 0.020282 -0.017791 0.60235
-0.12414 0.019107 0.33039 0.13105 -0.031303 0.29399 0.020045 0.0090683 0.40697 0.0062445 0.015153 0.06661 -0.056118 -0.0019316 -0.049417 0.053704 -0.0019316 -0.052031 -0.21545 0.069688 0.085942 0.28858 -0.21562 0.18511 -0.26422 0.021909 -0.14101 0.37404 -0.43147 0.23291 -0.27055 0.010275 -0.22264 0.41404 -0.5032 0.2428 -0.1059 0.071935 -0.4289 0.05017 0.10278 -0.42749 -0.13006 0.15741 -0.75077 0.024482 0.20004 -0.74587 -0.1667 0.13316 -0.83342 0.0072801 0.12565 -0.80001 0.020072 -0.017343 0.60246
-0.12403 0.019259 0.33045 0.13116 -0.03107 0.2939 0.020148 0.0089388 0.407 0.0062916 0.014987 0.066643 -0.056122 -0.0019022 -0.049414 0.053628 -0.0019022 -0.05211 -0.21525 0.069876 0.085972 0.28787 -0.2171 0.18689 -0.26415 0.022259 -0.14099 0.37307 -0.43331 0.23445 -0.27037 0.011253 -0.22271 0.41346 -0.50517 0.24524 -0.10577 0.072035 -0.4289 0.050454 0.10279 -0.42757 -0.12983 0.15749 -0.75079 0.024917 0.19992 -0.74601 -0.1666 0.13332 -0.8334 0.0077898 0.12491 -0.79934 0.01985 -0.016903 0.60257
-0.12392 0.019415 0.33049 0.13129 -0.030684 0.29377 0.020253 0.0088274 0.40703 0.0063412 0.014822 0.066675 -0.056124 -0.0018755 -0.049412 0.053553 -0.0018755 -0.052188 -0.21505 0.070081 0.085997 0.28707 -0.21882 0.18923 -0.26407 0.022649 -0.14098 0.37227 -0.43533 0.2364 -0.27019 0.012247 -0.22279 0.41283 -0.50739 0.24839 -0.10561 0.072133 -0.42891 0.050754 0.10278 -0.42767 -0.12956 0.15757 -0.7508 0.025388 0.19979 -0.74616 -0.16647 0.13349 -0.83338 0.0083416 0.12419 -0.7987 0.019616 -0.016483 0.60267
-0.12381 0.019594 0.33053 0.13144 -0.030144 0.29364 0.020346 0.0087432 0.40706 0.0063912 0.014661 0.066706 -0.056123 -0.0018515 -0.049415 0.053477 -0.0018515 -0.052267 -0.21482 0.070317 0.086004 0.28627 -0.22056 0.19186 -0.26398 0.023092 -0.14098 0.37146 -0.43726 0.23891 -0.27001 0.013264 -0.22287 0.4119 -0.50944 0.25253 -0.10544 0.072235 -0.42892 0.051077 0.10274 -0.42777 -0.12925 0.15766 -0.75083 0.02591 0.19963 -0.74631 -0.16629 0.13367 -0.83337 0.0089307 0.1235 -0.79812 0.019367 -0.016099 0.60276
-0.12372 0.019814 0.33057 0.13162 -0.029452 0.29353 0.020413 0.0086951 0.40709 0.0064395 0.014508 0.066735 -0.056115 -0.0018304 -0.049425 0.053401 -0.0018304 -0.052346 -0.21456 0.070592 0.085981 0.28557 -0.22207 0.1945 -0.26386 0.023602 -0.14102 0.37046 -0.4388 0.24212 -0.26979 0.014306 -0.22298 0.41038 -0.51091 0.25795 -0.10522 0.072342 -0.42894 0.051432 0.10266 -0.42788 -0.12887 0.15776 -0.75086 0.026495 0.19945 -0.74647 -0.16606 0.13387 -0.83337 0.0095524 0.12286 -0.79763 0.019102 -0.015764 0.60284
-0.12367 0.020092 0.33059 0.13185 -0.028608 0.29348 0.020439 0.0086923 0.40712 0.0064841 0.014367 0.066761 -0.056098 -0.0018124 -0.049445 0.053324 -0.0018124 -0.052425 -0.21424 0.070917 0.085917 0.28506 -0.22311 0.19688 -0.26369 0.024191 -0.14111 0.36911 -0.43968 0.24617 -0.26954 0.015377 -0.22313 0.40801 -0.51138 0.26491 -0.10495 0.072459 -0.42897 0.051825 0.10254 -0.428 -0.12841 0.15787 -0.75091 0.027158 0.19923 -0.74664 -0.16575 0.13409 -0.83338 0.010202 0.12229 -0.79725 0.01882 -0.015491 0.6029
-0.12367 0.020446 0.33061 0.13213 -0.027612 0.29351 0.020411 0.0087439 0.40715 0.0065229 0.014242 0.066784 -0.056069 -0.0017978 -0.049478 0.053245 -0.0017978 -0.052505 -0.21385 0.071303 0.0858 0.28483 -0.22345 0.19872 -0.26345 0.024874 -0.14125 0.36721 -0.4396 0.25121 -0.26923 0.016482 -0.22332 0.40451 -0.51041 0.27371 -0.10461 0.072589 -0.42902 0.052263 0.10237 -0.42813 -0.12785 0.15801 -0.75097 0.027912 0.19898 -0.74682 -0.16535 0.13436 -0.8334 0.010874 0.1218 -0.797 0.018518 -0.015296 0.60294
-0.12373 0.020894 0.33062 0.13247 -0.026465 0.29365 0.020315 0.0088584 0.40718 0.0065539 0.014137 0.066804 -0.056027 -0.0017868 -0.049525 0.053166 -0.0017868 -0.052585 -0.21338 0.071759 0.085617 0.28498 -0.22283 0.19975 -0.26313 0.025662 -0.14147 0.3646 -0.43829 0.25738 -0.26885 0.017624 -0.22358 0.39961 -0.5076 0.28461 -0.10421 0.072735 -0.42909 0.052754 0.10214 -0.42828 -0.12718 0.15818 -0.75105 0.02877 0.19869 -0.74701 -0.16485 0.13466 -0.83345 0.011565 0.12141 -0.7969 0.018194 -0.015192 0.60296
-0.12385 0.021435 0.33062 0.13288 -0.025183 0.29392 0.020148 0.0090343 0.40721 0.0065761 0.014055 0.066819 -0.055971 -0.0017804 -0.049589 0.053086 -0.0017804 -0.052667 -0.21281 0.072281 0.085371 0.28558 -0.22117 0.19985 -0.26273 0.026547 -0.14175 0.36127 -0.43562 0.26456 -0.26839 0.018797 -0.22389 0.3933 -0.50284 0.29739 -0.10373 0.072896 -0.42918 0.053295 0.10185 -0.42844 -0.1264 0.15836 -0.75116 0.029728 0.19836 -0.74722 -0.16424 0.13501 -0.83352 0.012283 0.1211 -0.79692 0.017842 -0.015182 0.60297
-0.12403 0.022045 0.33063 0.13335 -0.023798 0.2943 0.019921 0.0092577 0.40723 0.0065899 0.013992 0.066831 -0.055902 -0.0017809 -0.049667 0.053006 -0.0017809 -0.052747 -0.21218 0.072844 0.085076 0.28667 -0.21853 0.19909 -0.26227 0.027498 -0.14209 0.35735 -0.43162 0.27235 -0.26787 0.019984 -0.22426 0.38587 -0.49632 0.31132 -0.10318 0.073061 -0.42928 0.053875 0.10151 -0.42861 -0.12552 0.15856 -0.75127 0.03076 0.19799 -0.74743 -0.16353 0.13538 -0.8336 0.013047 0.12078 -0.79698 0.017448 -0.015263 0.60295
-0.12427 0.022701 0.33064 0.13387 -0.022343 0.29479 0.019644 0.0095146 0.40725 0.0065954 0.013949 0.066839 -0.055823 -0.0017906 -0.049756 0.05293 -0.0017906 -0.052823 -0.2115 0.073425 0.084748 0.2883 -0.21497 0.19753 -0.26175 0.028482 -0.14246 0.35303 -0.42636 0.28035 -0.2673 0.021168 -0.22465 0.37759 -0.48828 0.32562 -0.10256 0.073224 -0.4294 0.054479 0.10113 -0.42878 -0.12455 0.15876 -0.75141 0.031843 0.19758 -0.74765 -0.16274 0.13575 -0.83371 0.013878 0.12036 -0.79699 0.016999 -0.015426 0.60292
-0.12455 0.023378 0.33066 0.13443 -0.020851 0.29536 0.019328 0.0097907 0.40728 0.0065931 0.013924 0.066845 -0.055734 -0.0018118 -0.049855 0.052858 -0.0018118 -0.052894 -0.21081 0.073997 0.084403 0.2905 -0.21055 0.19524 -0.2612 0.029467 -0.14285 0.34845 -0.41989 0.28814 -0.26671 0.02233 -0.22506 0.36877 -0.47892 0.33953 -0.10188 0.073373 -0.42954 0.055094 0.10072 -0.42896 -0.12352 0.15895 -0.75156 0.032949 0.19715 -0.74786 -0.16188 0.13612 -0.83383 0.0148 0.11977 -0.79687 0.016483 -0.015667 0.60287
-0.12486 0.024052 0.3307 0.13503 -0.019355 0.29602 0.018985 0.010072 0.40729 0.0065831 0.013915 0.066847 -0.055637 -0.0018466 -0.049962 0.052792 -0.0018466 -0.052959 -0.21011 0.074538 0.084057 0.29333 -0.20535 0.19228 -0.26063 0.030421 -0.14325 0.3438 -0.41224 0.29532 -0.26609 0.023454 -0.22548 0.35969 -0.46849 0.35227 -0.10116 0.073502 -0.42969 0.055708 0.10028 -0.42913 -0.12243 0.15911 -0.75173 0.034054 0.19669 -0.74807 -0.16097 0.13646 -0.83396 0.015831 0.11892 -0.79653 0.015887 -0.015978 0.60281
-0.12521 0.0247 0.33075 0.13565 -0.017889 0.29675 0.018625 0.010344 0.40731 0.0065659 0.01392 0.066848 -0.055535 -0.0018975 -0.050073 0.052734 -0.0018975 -0.053014 -0.20944 0.075022 0.083725 0.29682 -0.19943 0.18874 -0.26005 0.031309 -0.14364 0.33921 -0.40348 0.30146 -0.26547 0.024521 -0.22589 0.35065 -0.4572 0.36308 -0.10038 0.073599 -0.42985 0.056308 0.099812 -0.42929 -0.12131 0.15925 -0.7519 0.035133 0.19621 -0.74827 -0.16 0.13676 -0.83411 0.016995 0.11773 -0.79588 0.015196 -0.016354 0.60273
-0.12557 0.025299 0.33083 0.1363 -0.016478 0.29754 0.018257 0.010593 0.40732 0.0065413 0.01394 0.066846 -0.055429 -0.0019659 -0.050187 0.052686 -0.0019659 -0.053059 -0.20881 0.075427 0.083421 0.30098 -0.19281 0.18466 -0.25949 0.032106 -0.14401 0.33485 -0.39363 0.30621 -0.26486 0.025515 -0.22627 0.34191 -0.4452 0.37128 -0.099567 0.07366 -0.43003 0.056882 0.099334 -0.42944 -0.12016 0.15934 -0.75209 0.036164 0.19571 -0.74846 -0.15901 0.13701 -0.83427 0.018298 0.11615 -0.79487 0.0144 -0.016791 0.60265
-0.12596 0.025843 0.33092 0.13693 -0.015102 0.29836 0.017878 0.01081 0.40734 0.0065071 0.01397 0.066844 -0.055321 -0.0020485 -0.050302 0.052647 -0.0020485 -0.053095 -0.20823 0.07575 0.083143 0.3056 -0.18522 0.18006 -0.25893 0.032815 -0.14436 0.33068 -0.38243 0.30951 -0.26425 0.026429 -0.22664 0.33348 -0.43222 0.37689 -0.098711 0.073689 -0.4302 0.057436 0.098844 -0.42958 -0.11899 0.15939 -0.75228 0.037153 0.19519 -0.74864 -0.15798 0.13722 -0.83444 0.019658 0.11438 -0.7937 0.013488 -0.017312 0.60255
-0.12638 0.026333 0.33103 0.13754 -0.013719 0.29918 0.017478 0.010987 0.40735 0.0064602 0.01401 0.06684 -0.055215 -0.0021401 -0.050415 0.052614 -0.0021401 -0.053124 -0.20768 0.075996 0.08288 0.31038 -0.17627 0.17491 -0.25835 0.033455 -0.1447 0.3266 -0.36956 0.31145 -0.26362 0.027258 -0.227 0.32529 -0.41776 0.38023 -0.097814 0.073699 -0.43039 0.057979 0.098346 -0.42971 -0.11779 0.15942 -0.75248 0.038118 0.19466 -0.7488 -0.1569 0.1374 -0.83461 0.02095 0.11273 -0.79266 0.012456 -0.01795 0.60244
-0.12683 0.026768 0.33114 0.13808 -0.012287 0.29998 0.017048 0.011118 0.40735 0.0063974 0.014056 0.066836 -0.055112 -0.0022353 -0.050523 0.052586 -0.0022353 -0.053148 -0.20715 0.076168 0.082621 0.315 -0.16556 0.16922 -0.25776 0.034047 -0.14505 0.32252 -0.35466 0.31211 -0.26296 0.027999 -0.22737 0.31727 -0.40135 0.38161 -0.096876 0.073701 -0.43057 0.058522 0.097839 -0.42984 -0.11654 0.15944 -0.75267 0.039078 0.19412 -0.74896 -0.15579 0.13756 -0.83478 0.022052 0.11152 -0.79205 0.011295 -0.018737 0.60229
-0.12732 0.027149 0.33125 0.13852 -0.010765 0.30073 0.016579 0.011195 0.40736 0.0063153 0.014106 0.066834 -0.055016 -0.0023288 -0.050624 0.05256 -0.0023288 -0.05317 -0.20665 0.07627 0.082357 0.31916 -0.15269 0.16296 -0.25712 0.034608 -0.14543 0.31835 -0.33739 0.31158 -0.26225 0.028648 -0.22776 0.30935 -0.38249 0.38134 -0.095896 0.073709 -0.43074 0.059077 0.097326 -0.42996 -0.11525 0.15947 -0.75286 0.04005 0.19357 -0.74912 -0.15461 0.13773 -0.83495 0.02284 0.11106 -0.79216 0.0099987 -0.019706 0.60211
-0.12785 0.027475 0.33135 0.13884 -0.0091107 0.30139 0.016062 0.011211 0.40737 0.0062109 0.014158 0.066832 -0.054929 -0.0024151 -0.050715 0.052535 -0.0024151 -0.053191 -0.20615 0.076307 0.082079 0.32254 -0.13728 0.15611 -0.25643 0.035158 -0.14584 0.31399 -0.3174 0.30993 -0.26146 0.029199 -0.22818 0.30144 -0.36071 0.37974 -0.094872 0.073734 -0.43091 0.059653 0.096809 -0.43008 -0.1139 0.15951 -0.75304 0.041054 0.19303 -0.74928 -0.15338 0.13792 -0.83512 0.02319 0.11166 -0.79331 0.0085609 -0.020889 0.60188
-0.12843 0.027747 0.33143 0.13901 -0.0072838 0.30195 0.015486 0.011158 0.40738 0.0060809 0.01421 0.066833 -0.054854 -0.002489 -0.050793 0.052509 -0.002489 -0.053213 -0.20565 0.076283 0.081774 0.32484 -0.11892 0.14867 -0.25567 0.035716 -0.14631 0.30933 -0.29436 0.30726 -0.26059 0.029651 -0.22864 0.29347 -0.33551 0.37712 -0.093805 0.073787 -0.43107 0.060262 0.096289 -0.43021 -0.11248 0.15959 -0.75321 0.042106 0.19249 -0.74944 -0.15209 0.13815 -0.83527 0.022981 0.11364 -0.79577 0.0069746 -0.02232 0.6016
-0.12905 0.027965 0.3315 0.13901 -0.0052661 0.30238 0.01485 0.011033 0.4074 0.0059245 0.014259 0.066836 -0.054792 -0.0025462 -0.050857 0.05248 -0.0025462 -0.05324 -0.20515 0.0762 0.081439 0.32585 -0.097559 0.14074 -0.25484 0.036296 -0.14683 0.30433 -0.26829 0.30371 -0.25963 0.03001 -0.22915 0.2854 -0.3069 0.37378 -0.092696 0.073878 -0.43121 0.060912 0.095766 -0.43034 -0.11099 0.1597 -0.75337 0.043221 0.19195 -0.7496 -0.15073 0.13843 -0.8354 0.022176 0.11713 -0.79966 0.0052486 -0.024005 0.60127
-0.12971 0.028129 0.33155 0.13886 -0.0030956 0.30271 0.014166 0.010843 0.40741 0.0057468 0.014303 0.066842 -0.054742 -0.0025846 -0.05091 0.052448 -0.0025846 -0.05327 -0.20465 0.076057 0.08108 0.32563 -0.073929 0.13267 -0.25395 0.036897 -0.1474 0.29896 -0.24013 0.29955 -0.2586 0.030311 -0.2297 0.27727 -0.27598 0.36998 -0.091552 0.07401 -0.43133 0.061602 0.095236 -0.43049 -0.10943 0.15986 -0.75351 0.044404 0.19141 -0.74977 -0.1493 0.13876 -0.83553 0.020946 0.12188 -0.80462 0.0034282 -0.025889 0.6009
-0.13039 0.02824 0.33158 0.13861 -0.00081861 0.30298 0.013448 0.010595 0.40743 0.0055535 0.01434 0.06685 -0.054701 -0.0026025 -0.050954 0.052412 -0.0026025 -0.053304 -0.20415 0.075851 0.080702 0.32425 -0.048879 0.12487 -0.25302 0.03752 -0.14801 0.29325 -0.21094 0.29508 -0.25752 0.030594 -0.23029 0.26913 -0.24399 0.36598 -0.090379 0.074184 -0.43145 0.062332 0.094694 -0.43064 -0.10781 0.16007 -0.75364 0.045656 0.19086 -0.74995 -0.14781 0.13915 -0.83564 0.019491 0.12761 -0.81021 0.0015638 -0.02791 0.6005
-0.13109 0.028299 0.3316 0.13827 0.0015188 0.30323 0.012711 0.010298 0.40745 0.0053504 0.014368 0.066861 -0.054665 -0.0025984 -0.050991 0.052373 -0.0025984 -0.053343 -0.20365 0.075581 0.080314 0.32182 -0.023258 0.11774 -0.25207 0.038163 -0.14864 0.28719 -0.18177 0.29059 -0.25641 0.030897 -0.2309 0.26102 -0.21222 0.36202 -0.089187 0.0744 -0.43155 0.063101 0.094137 -0.4308 -0.10613 0.16032 -0.75376 0.046982 0.19031 -0.75014 -0.14627 0.1396 -0.83574 0.018012 0.134 -0.81603 -0.00029413 -0.030005 0.60008
-0.13178 0.028307 0.33162 0.13789 0.0038706 0.30347 0.011969 0.0099585 0.40747 0.0051433 0.014386 0.066873 -0.054634 -0.0025705 -0.051026 0.05233 -0.0025705 -0.053386 -0.20317 0.075245 0.079924 0.3184 0.0020884 0.11169 -0.25111 0.038824 -0.14929 0.2808 -0.15368 0.28638 -0.25531 0.031258 -0.23153 0.25301 -0.18191 0.35838 -0.087981 0.074661 -0.43164 0.063907 0.093558 -0.43097 -0.10439 0.16061 -0.75387 0.048383 0.18973 -0.75034 -0.14467 0.14011 -0.83583 0.016708 0.14074 -0.82164 -0.002095 -0.032111 0.59966
-0.13247 0.028263 0.33163 0.13749 0.0061905 0.30374 0.011236 0.0095849 0.40749 0.004938 0.014391 0.066888 -0.054605 -0.0025171 -0.051059 0.052283 -0.0025171 -0.053434 -0.20269 0.074839 0.079537 0.31409 0.02631 0.10711 -0.25018 0.039504 -0.14995 0.27409 -0.12773 0.28275 -0.25422 0.031718 -0.23218 0.24513 -0.15434 0.35529 -0.086769 0.074967 -0.43172 0.06475 0.092955 -0.43116 -0.10259 0.16095 -0.75397 0.049863 0.18914 -0.75056 -0.14303 0.14069 -0.83592 0.015781 0.14755 -0.82662 -0.0037884 -0.034166 0.59925
-0.13313 0.028169 0.33163 0.1371 0.0084337 0.30408 0.010528 0.0091849 0.40751 0.00474 0.014381 0.066905 -0.054575 -0.0024368 -0.051095 0.052231 -0.0024368 -0.053488 -0.20223 0.074364 0.079162 0.30898 0.048584 0.10438 -0.24927 0.0402 -0.1506 0.26707 -0.10494 0.27997 -0.25319 0.032314 -0.23283 0.23745 -0.1307 0.35301 -0.08556 0.07532 -0.4318 0.065628 0.092323 -0.43136 -0.10075 0.16135 -0.75407 0.051424 0.18852 -0.75078 -0.14134 0.14134 -0.836 0.015421 0.15411 -0.83056 -0.0053257 -0.036108 0.59886
-0.13376 0.028028 0.33164 0.13674 0.010577 0.3045 0.0098507 0.0087661 0.40753 0.0045517 0.014357 0.066923 -0.054543 -0.0023319 -0.051133 0.052176 -0.0023319 -0.053546 -0.20178 0.073822 0.078803 0.30323 0.068523 0.10345 -0.2484 0.040923 -0.15124 0.25989 -0.08566 0.27807 -0.2522 0.033065 -0.23348 0.23007 -0.11122 0.35156 -0.08436 0.075715 -0.43187 0.066535 0.091663 -0.43157 -0.09887 0.16178 -0.75416 0.053053 0.18788 -0.75102 -0.13962 0.14205 -0.83608 0.015662 0.16027 -0.83337 -0.0066942 -0.037915 0.5985
-0.13437 0.027847 0.33165 0.1364 0.012618 0.30497 0.0092063 0.0083356 0.40755 0.0043724 0.014321 0.066943 -0.05451 -0.0022081 -0.051173 0.052119 -0.0022081 -0.053606 -0.20137 0.073227 0.078465 0.29708 0.08613 0.1039 -0.24756 0.041693 -0.15186 0.2528 -0.06964 0.27682 -0.25123 0.033976 -0.23412 0.22316 -0.09521 0.35072 -0.083177 0.076139 -0.43194 0.067456 0.090986 -0.43179 -0.096974 0.16224 -0.75425 0.054725 0.18722 -0.75126 -0.13789 0.14281 -0.83616 0.016399 0.16596 -0.83524 -0.0079131 -0.0396 0.59817
-0.13494 0.027632 0.33166 0.13609 0.014555 0.30549 0.0085961 0.0079008 0.40757 0.0042015 0.014276 0.066964 -0.054476 -0.0020709 -0.051215 0.052063 -0.0020709 -0.053666 -0.20098 0.07259 0.078148 0.29078 0.10142 0.10529 -0.24675 0.042529 -0.15246 0.24607 -0.056611 0.27602 -0.25029 0.03505 -0.23476 0.21688 -0.081984 0.35032 -0.082019 0.076583 -0.432 0.06838 0.090299 -0.43201 -0.095082 0.16272 -0.75433 0.056414 0.18655 -0.75151 -0.13616 0.14358 -0.83623 0.01752 0.17114 -0.83637 -0.0090028 -0.041175 0.59785
-0.13549 0.027389 0.33167 0.1358 0.016384 0.30604 0.0080216 0.0074688 0.40759 0.0040382 0.014224 0.066985 -0.054441 -0.0019264 -0.051257 0.052009 -0.0019264 -0.053724 -0.20064 0.071922 0.077857 0.28457 0.11441 0.10716 -0.24595 0.04345 -0.15304 0.23997 -0.046302 0.27542 -0.24933 0.03629 -0.23537 0.2114 -0.070836 0.35016 -0.080893 0.077035 -0.43206 0.069292 0.089612 -0.43222 -0.093216 0.16321 -0.75441 0.058093 0.18588 -0.75175 -0.13445 0.14437 -0.83629 0.018915 0.17574 -0.83693 -0.0099834 -0.042654 0.59755
-0.136 0.027125 0.33169 0.13553 0.018104 0.30662 0.007484 0.0070469 0.40761 0.0038817 0.014168 0.067006 -0.054407 -0.00178 -0.051299 0.051959 -0.00178 -0.053778 -0.20034 0.071235 0.077595 0.27868 0.12512 0.10909 -0.24515 0.044478 -0.1536 0.23475 -0.038445 0.27481 -0.24836 0.037699 -0.23596 0.20688 -0.061066 0.35003 -0.079808 0.077483 -0.43211 0.070179 0.088932 -0.43243 -0.091394 0.16368 -0.75448 0.059737 0.18521 -0.75198 -0.13278 0.14514 -0.83636 0.020472 0.17973 -0.83714 -0.010875 -0.04405 0.59727
-0.13649 0.026846 0.33172 0.13528 0.019713 0.3072 0.0069848 0.0066424 0.40762 0.0037313 0.01411 0.067026 -0.054373 -0.0016377 -0.051341 0.051915 -0.0016377 -0.053826 -0.20009 0.07054 0.077365 0.27337 0.13357 0.11063 -0.24436 0.04563 -0.15413 0.23069 -0.032769 0.27396 -0.24734 0.039279 -0.23653 0.20349 -0.05197 0.34973 -0.078769 0.077916 -0.43216 0.071028 0.08827 -0.43263 -0.089639 0.16414 -0.75455 0.06132 0.18455 -0.7522 -0.13118 0.14588 -0.83641 0.022081 0.18305 -0.83719 -0.011699 -0.045377 0.59699
-0.13695 0.026559 0.33175 0.13505 0.021206 0.30777 0.0065241 0.006261 0.40764 0.0035866 0.014053 0.067046 -0.054341 -0.0015035 -0.051381 0.051878 -0.0015035 -0.053866 -0.1999 0.069846 0.077167 0.26883 0.1398 0.11141 -0.24356 0.046907 -0.15463 0.22798 -0.028998 0.2727 -0.24627 0.041015 -0.23707 0.20135 -0.043002 0.34912 -0.077784 0.078327 -0.4322 0.07183 0.08763 -0.43282 -0.087964 0.16457 -0.75461 0.062822 0.18392 -0.75241 -0.12965 0.14658 -0.83647 0.023648 0.18567 -0.83724 -0.012472 -0.046645 0.59672
-0.13738 0.026261 0.33179 0.13485 0.02258 0.30834 0.0060959 0.0058999 0.40766 0.0034482 0.013995 0.067065 -0.054308 -0.0013733 -0.051419 0.051851 -0.0013733 -0.053897 -0.19979 0.069136 0.076999 0.26506 0.14409 0.11149 -0.24279 0.048199 -0.15509 0.22646 -0.026815 0.27111 -0.24521 0.042778 -0.23757 0.20036 -0.034414 0.3482 -0.07684 0.07872 -0.43224 0.072591 0.087004 -0.43298 -0.086351 0.16497 -0.75467 0.064262 0.18329 -0.75259 -0.12817 0.14725 -0.83651 0.025174 0.18766 -0.83734 -0.013205 -0.047858 0.59646
-0.13779 0.02595 0.33183 0.13466 0.023825 0.30892 0.005692 0.0055538 0.40767 0.0033172 0.013934 0.067085 -0.054276 -0.00124 -0.051458 0.051834 -0.00124 -0.053917 -0.19976 0.068387 0.076853 0.26198 0.14678 0.11106 -0.24209 0.049362 -0.15552 0.22585 -0.02589 0.26933 -0.24421 0.044404 -0.23803 0.20034 -0.026723 0.34708 -0.075923 0.079107 -0.43228 0.073325 0.086378 -0.43314 -0.08477 0.16536 -0.75472 0.06567 0.18265 -0.75277 -0.12672 0.1479 -0.83656 0.026692 0.18912 -0.83746 -0.013904 -0.049016 0.59621
-0.13818 0.025625 0.33186 0.1345 0.024936 0.30951 0.0053042 0.0052175 0.40768 0.0031945 0.01387 0.067104 -0.054243 -0.0010966 -0.051495 0.051827 -0.0010966 -0.053926 -0.19984 0.067576 0.076724 0.25953 0.14821 0.1103 -0.24151 0.050251 -0.1559 0.22587 -0.025896 0.26753 -0.24334 0.04573 -0.23845 0.20111 -0.020447 0.34585 -0.075017 0.079496 -0.43231 0.074044 0.085739 -0.43329 -0.083192 0.16576 -0.75477 0.067075 0.182 -0.75294 -0.12526 0.14856 -0.8366 0.028234 0.19018 -0.83759 -0.014574 -0.050119 0.59598
-0.13856 0.025282 0.33187 0.13436 0.025905 0.31012 0.0049246 0.0048855 0.4077 0.0030812 0.013799 0.067124 -0.054209 -0.00093614 -0.051534 0.051833 -0.00093614 -0.053924 -0.20004 0.066681 0.076604 0.25762 0.14871 0.1094 -0.24109 0.05072 -0.15624 0.22625 -0.026503 0.26587 -0.24266 0.046593 -0.23881 0.2025 -0.016102 0.34459 -0.074107 0.079899 -0.43234 0.074762 0.085071 -0.43343 -0.081587 0.16616 -0.75482 0.068507 0.18131 -0.7531 -0.12378 0.14925 -0.83664 0.029832 0.19092 -0.83774 -0.015223 -0.051168 0.59575
-0.13894 0.024919 0.33186 0.13425 0.026725 0.31075 0.0045449 0.0045526 0.40771 0.0029784 0.013719 0.067145 -0.054174 -0.00075165 -0.051573 0.051851 -0.00075165 -0.053908 -0.20037 0.065677 0.076487 0.2562 0.14862 0.10855 -0.24087 0.050627 -0.15653 0.2267 -0.027382 0.2645 -0.24225 0.046829 -0.23913 0.20432 -0.014206 0.3434 -0.073178 0.080325 -0.43238 0.075492 0.084363 -0.43357 -0.079925 0.1666 -0.75487 0.069996 0.18056 -0.75327 -0.12225 0.14998 -0.83668 0.031519 0.19146 -0.83787 -0.015857 -0.052161 0.59555
-0.1393 0.024534 0.33182 0.13416 0.027388 0.31141 0.0041571 0.0042133 0.40773 0.0028871 0.01363 0.067167 -0.054136 -0.00053616 -0.051614 0.051883 -0.00053616 -0.053878 -0.20086 0.064541 0.076366 0.25518 0.14828 0.10794 -0.2409 0.049827 -0.15677 0.22696 -0.028204 0.26359 -0.24216 0.046275 -0.23938 0.20641 -0.015272 0.34236 -0.072215 0.080786 -0.43241 0.076246 0.083599 -0.43371 -0.078178 0.16707 -0.75491 0.071571 0.17976 -0.75343 -0.12063 0.15078 -0.83673 0.033325 0.19191 -0.83799 -0.016482 -0.0531 0.59536
-0.13967 0.024128 0.33176 0.13411 0.027896 0.3121 0.003757 0.0038651 0.40775 0.0028075 0.01353 0.067191 -0.054096 -0.00028735 -0.051656 0.051928 -0.00028735 -0.053835 -0.20149 0.063273 0.076239 0.25451 0.1479 0.10766 -0.24119 0.048257 -0.15694 0.22686 -0.028777 0.2632 -0.24243 0.044854 -0.23958 0.20861 -0.019436 0.34153 -0.07121 0.081284 -0.43244 0.077029 0.082776 -0.43385 -0.076334 0.16758 -0.75495 0.073245 0.17888 -0.75359 -0.11892 0.15166 -0.83677 0.035263 0.19233 -0.83809 -0.0171 -0.053986 0.59519
-0.14003 0.023709 0.33167 0.13407 0.02826 0.31282 0.0033476 0.0035104 0.40777 0.0027381 0.013421 0.067215 -0.054054 -1.1339e-05 -0.0517 0.051986 -1.1339e-05 -0.053779 -0.20225 0.061909 0.076108 0.25413 0.14749 0.10768 -0.24172 0.046004 -0.15706 0.22644 -0.029149 0.26325 -0.243 0.042642 -0.2397 0.21085 -0.026145 0.34086 -0.070174 0.08181 -0.43247 0.077832 0.081903 -0.43399 -0.074413 0.16812 -0.75499 0.074994 0.17794 -0.75376 -0.11713 0.15259 -0.83681 0.037301 0.19272 -0.83816 -0.01771 -0.054823 0.59504
-0.14038 0.023289 0.33156 0.13406 0.028496 0.31355 0.0029327 0.0031521 0.40778 0.0026775 0.013303 0.067241 -0.054009 0.00028486 -0.051745 0.052053 0.00028486 -0.053712 -0.20311 0.060488 0.075976 0.254 0.14701 0.10792 -0.24244 0.043173 -0.15711 0.22577 -0.029396 0.26365 -0.24382 0.039733 -0.23975 0.21305 -0.034775 0.34032 -0.069118 0.082356 -0.4325 0.078644 0.080995 -0.43413 -0.072441 0.16868 -0.75503 0.076793 0.17696 -0.75393 -0.11529 0.15355 -0.83685 0.039407 0.19308 -0.83821 -0.018307 -0.055615 0.5949
-0.14073 0.022875 0.33143 0.13406 0.028615 0.31429 0.0025162 0.002793 0.4078 0.0026241 0.013178 0.067268 -0.053964 0.00059424 -0.05179 0.052129 0.00059424 -0.053635 -0.20404 0.059052 0.075846 0.25407 0.14644 0.10832 -0.24331 0.039864 -0.1571 0.22493 -0.029594 0.2643 -0.24482 0.03622 -0.23973 0.21514 -0.0447 0.33986 -0.068054 0.082909 -0.43254 0.079453 0.080063 -0.43426 -0.070441 0.16925 -0.75507 0.078615 0.17594 -0.75409 -0.11342 0.15454 -0.8369 0.041547 0.1934 -0.83825 -0.018888 -0.056367 0.59478
-0.14106 0.022477 0.3313 0.13408 0.028634 0.31503 0.0021018 0.0024361 0.40782 0.0025763 0.013048 0.067295 -0.053917 0.00090977 -0.051835 0.052212 0.00090977 -0.053552 -0.20501 0.057642 0.075721 0.25429 0.14575 0.10882 -0.24431 0.036181 -0.15701 0.22398 -0.029818 0.2651 -0.24597 0.032196 -0.23962 0.21703 -0.055296 0.33945 -0.066992 0.083462 -0.43257 0.080249 0.079121 -0.43439 -0.068437 0.16981 -0.7551 0.080434 0.1749 -0.75425 -0.11155 0.15553 -0.83695 0.043688 0.19367 -0.83826 -0.019449 -0.057084 0.59466
-0.14139 0.022106 0.33115 0.13411 0.028565 0.31576 0.0016934 0.0020842 0.40784 0.0025326 0.012914 0.067323 -0.053869 0.0012245 -0.05188 0.052299 0.0012245 -0.053463 -0.206 0.056297 0.075605 0.25463 0.14491 0.10936 -0.2454 0.032227 -0.15685 0.22298 -0.030144 0.26595 -0.24719 0.027755 -0.23942 0.21866 -0.065937 0.33905 -0.065943 0.084003 -0.4326 0.081019 0.078181 -0.43451 -0.066455 0.17036 -0.75514 0.082225 0.17384 -0.75441 -0.10968 0.1565 -0.83699 0.045795 0.19388 -0.83826 -0.019987 -0.05777 0.59456
-0.1417 0.02177 0.33101 0.13415 0.028424 0.31646 0.0012947 0.0017404 0.40787 0.0024914 0.012778 0.06735 -0.053821 0.0015313 -0.051925 0.052389 0.0015313 -0.053369 -0.20698 0.055059 0.0755 0.25503 0.14389 0.10986 -0.24653 0.028104 -0.15662 0.22201 -0.030648 0.26676 -0.24844 0.022989 -0.23913 0.21994 -0.075998 0.3386 -0.06492 0.084523 -0.43263 0.081753 0.077257 -0.43462 -0.064519 0.17088 -0.75517 0.083962 0.17279 -0.75455 -0.10785 0.15743 -0.83704 0.047836 0.19403 -0.83825 -0.020498 -0.058428 0.59446
-0.14199 0.021479 0.33086 0.13419 0.028223 0.31714 0.00090949 0.0014074 0.40789 0.0024512 0.01264 0.067378 -0.053772 0.0018232 -0.051969 0.05248 0.0018232 -0.053274 -0.20792 0.053967 0.07541 0.25544 0.14268 0.11027 -0.24768 0.023915 -0.1563 0.22113 -0.031405 0.26743 -0.24965 0.017992 -0.23874 0.2208 -0.084853 0.33807 -0.063933 0.085011 -0.43266 0.08244 0.07636 -0.43472 -0.062652 0.17136 -0.7552 0.085618 0.17175 -0.75469 -0.10608 0.15831 -0.83709 0.049776 0.1941 -0.83823 -0.020978 -0.059065 0.59437
-0.14226 0.021244 0.33073 0.13423 0.027978 0.31779 0.00054164 0.0010882 0.40791 0.0024104 0.012503 0.067405 -0.053724 0.0020932 -0.052011 0.05257 0.0020932 -0.053178 -0.20879 0.053063 0.075338 0.25583 0.14124 0.11052 -0.2488 0.019763 -0.1559 0.22041 -0.03249 0.26786 -0.25077 0.012858 -0.23824 0.22117 -0.091878 0.33742 -0.062994 0.085458 -0.43269 0.083069 0.075504 -0.4348 -0.06088 0.1718 -0.75523 0.087168 0.17074 -0.75482 -0.10439 0.15911 -0.83713 0.051582 0.19409 -0.8382 -0.021424 -0.059683 0.59428
-0.14252 0.021072 0.33061 0.13427 0.027701 0.31839 0.00019492 0.00078563 0.40792 0.0023674 0.012367 0.067432 -0.053676 0.0023343 -0.052052 0.052658 0.0023343 -0.053083 -0.20957 0.052388 0.075287 0.25614 0.13954 0.11054 -0.24986 0.015751 -0.15541 0.21993 -0.03398 0.26795 -0.25175 0.0076784 -0.23763 0.22097 -0.096447 0.33661 -0.062113 0.085853 -0.43271 0.083627 0.074701 -0.43487 -0.059226 0.17217 -0.75526 0.088585 0.16976 -0.75493 -0.1028 0.15982 -0.83718 0.053221 0.194 -0.83816 -0.021832 -0.060288 0.59419
-0.14274 0.020974 0.33051 0.1343 0.027408 0.31893 -0.00012688 0.00050267 0.40794 0.0023208 0.012234 0.067457 -0.05363 0.0025395 -0.05209 0.052741 0.0025395 -0.05299 -0.21022 0.051981 0.075261 0.25633 0.13756 0.11027 -0.25083 0.011982 -0.15484 0.21974 -0.03595 0.26761 -0.25253 0.0025479 -0.23691 0.22012 -0.097935 0.33559 -0.061303 0.086187 -0.43274 0.084105 0.073965 -0.43492 -0.057716 0.17247 -0.75529 0.089843 0.16883 -0.75502 -0.10134 0.16042 -0.83723 0.054659 0.19381 -0.83811 -0.0222 -0.060884 0.59411
-0.14295 0.020959 0.33043 0.13432 0.027112 0.31942 -0.00041995 0.0002422 0.40796 0.0022689 0.012106 0.067482 -0.053584 0.0027018 -0.052126 0.052818 0.0027018 -0.052903 -0.21073 0.051883 0.075261 0.25636 0.13527 0.10966 -0.25166 0.0085572 -0.15417 0.21992 -0.038475 0.26674 -0.25305 -0.0024405 -0.23607 0.21854 -0.095717 0.33433 -0.060574 0.086449 -0.43276 0.08449 0.073308 -0.43496 -0.056372 0.17268 -0.75532 0.090917 0.16797 -0.7551 -0.10002 0.16088 -0.83728 0.055862 0.19351 -0.83806 -0.022522 -0.061476 0.59401
-0.14313 0.021037 0.33038 0.13433 0.026827 0.31983 -0.0006805 7.1052e-06 0.40798 0.0022102 0.011984 0.067506 -0.05354 0.002814 -0.052159 0.052887 0.002814 -0.052821 -0.21106 0.052135 0.075292 0.25617 0.13264 0.10862 -0.25233 0.0055807 -0.1534 0.22053 -0.041631 0.26524 -0.25326 -0.0071936 -0.2351 0.21617 -0.089168 0.33277 -0.059938 0.086629 -0.43279 0.084773 0.072743 -0.43497 -0.055221 0.1728 -0.75534 0.091781 0.16718 -0.75516 -0.09887 0.16119 -0.83733 0.056797 0.1931 -0.83801 -0.022796 -0.062068 0.59391
