-0.18022 -0.03209 0.2931 0.095851 -0.017011 0.36444 -0.059335 -0.052663 0.40136 -0.014084 -0.0075924 0.066705 -0.048075 0.0050045 -0.057086 0.056152 0.0050045 -0.049162 -0.31083 -0.068118 0.064433 0.047292 -0.050748 0.1053 -0.26466 -0.2607 -0.065751 0.074105 -0.036565 -0.12975 -0.24337 -0.32351 -0.11516 0.084768 -0.027605 -0.21126 -0.039292 0.12842 -0.42673 0.11364 -0.052088 -0.43045 0.066229 0.2911 -0.69856 0.14442 -0.17491 -0.73941 0.043071 0.30563 -0.78807 0.16536 -0.2478 -0.79427 -0.02525 -0.11983 0.58368
-0.18264 -0.040801 0.29351 0.093656 -0.021625 0.35861 -0.060042 -0.05744 0.40069 -0.014211 -0.0094979 0.066451 -0.049185 0.0055455 -0.056079 0.056562 0.0055455 -0.048661 -0.32603 -0.096507 0.077179 0.051172 -0.04376 0.10411 -0.28047 -0.29708 -0.040828 0.087805 -0.02978 -0.12981 -0.25505 -0.36476 -0.080459 0.098261 -0.020932 -0.21139 -0.046021 0.13274 -0.42441 0.11005 -0.046996 -0.43141 0.05094 0.30705 -0.69231 0.14886 -0.15833 -0.74343 0.032174 0.27806 -0.77326 0.17367 -0.23105 -0.79798 -0.023213 -0.1265 0.58179
-0.18176 -0.044225 0.29658 0.095935 -0.022207 0.35579 -0.056594 -0.059682 0.40084 -0.013492 -0.0099926 0.066524 -0.050236 0.0058134 -0.055112 0.056163 0.0058134 -0.049078 -0.33577 -0.10346 0.088241 0.033099 -0.066347 0.10637 -0.28649 -0.30985 -0.017364 0.081715 -0.044078 -0.12444 -0.25857 -0.37835 -0.054365 0.093177 -0.035526 -0.2059 -0.051298 0.13415 -0.42312 0.10919 -0.03848 -0.43281 0.036325 0.31796 -0.68781 0.15448 -0.14334 -0.74641 0.023808 0.2615 -0.75905 0.18509 -0.21282 -0.80164 -0.018337 -0.12789 0.58196
-0.17845 -0.043671 0.30093 0.10097 -0.020387 0.35461 -0.050569 -0.059949 0.40154 -0.012244 -0.0095613 0.066802 -0.05109 0.0058894 -0.054318 0.055206 0.0058894 -0.050112 -0.34071 -0.097069 0.097312 0.010556 -0.09685 0.11004 -0.28594 -0.3072 0.0023121 0.070171 -0.064299 -0.11725 -0.25669 -0.37408 -0.036447 0.083278 -0.056061 -0.19848 -0.05532 0.1346 -0.42228 0.11005 -0.028417 -0.43443 0.023279 0.32602 -0.68427 0.16009 -0.12915 -0.74893 0.017559 0.25422 -0.74566 0.19735 -0.19344 -0.8055 -0.012098 -0.12553 0.58355
-0.17362 -0.040452 0.30517 0.10705 -0.017792 0.35367 -0.043542 -0.058798 0.40253 -0.010783 -0.0086887 0.067164 -0.051609 0.0058549 -0.053833 0.053944 0.0058549 -0.051466 -0.34152 -0.085405 0.10409 0.0010276 -0.11361 0.11306 -0.28205 -0.29731 0.015873 0.067513 -0.075283 -0.11184 -0.25213 -0.36176 -0.026271 0.082326 -0.067213 -0.19281 -0.058286 0.13603 -0.42127 0.11161 -0.018686 -0.43609 0.012697 0.33345 -0.68094 0.16446 -0.11497 -0.75159 0.013017 0.25448 -0.7333 0.20818 -0.17328 -0.80983 -0.0059725 -0.12097 0.5859
-0.16814 -0.03588 0.30789 0.11245 -0.01605 0.35159 -0.037092 -0.05679 0.40351 -0.0094273 -0.0078595 0.067489 -0.051656 0.0057909 -0.053788 0.052627 0.0057909 -0.052838 -0.33885 -0.076556 0.10826 0.021997 -0.094977 0.1134 -0.27802 -0.28835 0.020991 0.088079 -0.06187 -0.11183 -0.24766 -0.35117 -0.023406 0.10408 -0.053656 -0.19255 -0.060393 0.14042 -0.4195 0.11286 -0.011167 -0.43758 0.0054717 0.34246 -0.67704 0.16639 -0.099992 -0.75497 0.0097678 0.26055 -0.72221 0.21531 -0.15267 -0.81489 -0.0014365 -0.11574 0.58836
-0.16275 -0.031421 0.30815 0.11594 -0.016282 0.34745 -0.032352 -0.054478 0.40429 -0.0084044 -0.0074648 0.067683 -0.051192 0.0057429 -0.054227 0.051471 0.0057429 -0.053981 -0.33352 -0.076658 0.10975 0.08246 -0.02941 0.1098 -0.27596 -0.28662 0.016634 0.13953 -0.014918 -0.1191 -0.24489 -0.34971 -0.02689 0.15587 -0.0061727 -0.19966 -0.062171 0.14878 -0.4166 0.11308 -0.0070363 -0.43874 0.0013085 0.35438 -0.67211 0.16517 -0.083542 -0.75939 0.0068434 0.27048 -0.71259 0.21733 -0.13173 -0.82072 0.00077925 -0.11124 0.59032
-0.15755 -0.029236 0.30696 0.11842 -0.017367 0.34254 -0.028492 -0.052392 0.40486 -0.007556 -0.0074797 0.067776 -0.050619 0.0055972 -0.054782 0.050532 0.0055972 -0.05487 -0.32698 -0.083215 0.10957 0.15376 0.04971 0.10463 -0.273 -0.29005 0.0075238 0.19994 0.04801 -0.128 -0.24062 -0.35419 -0.033417 0.21641 0.057372 -0.20846 -0.065627 0.15804 -0.4132 0.11274 -0.0043731 -0.43959 -0.0053692 0.36676 -0.66694 0.16239 -0.065453 -0.76398 0.00080459 0.2814 -0.70468 0.21669 -0.1095 -0.82643 0.0032495 -0.10816 0.59144
-0.15248 -0.031556 0.30584 0.12134 -0.017597 0.33869 -0.024183 -0.051031 0.4053 -0.0066244 -0.0077615 0.067828 -0.050444 0.0052024 -0.054986 0.049821 0.0052024 -0.055548 -0.32084 -0.091373 0.10895 0.19778 0.097673 0.1012 -0.2651 -0.2943 -0.00018058 0.23988 0.10239 -0.13098 -0.23045 -0.3585 -0.039149 0.25722 0.11208 -0.21133 -0.073064 0.16411 -0.41019 0.1126 -0.00046663 -0.44018 -0.021317 0.37614 -0.66268 0.16018 -0.045744 -0.7676 -0.012282 0.29026 -0.69871 0.21678 -0.08483 -0.83091 0.0093363 -0.10693 0.59145
-0.14789 -0.036981 0.30545 0.12488 -0.016453 0.33665 -0.019465 -0.050127 0.40568 -0.0056122 -0.0080958 0.067879 -0.050716 0.0045921 -0.054788 0.049298 0.0045921 -0.056066 -0.31587 -0.097225 0.10832 0.2055 0.10306 0.101 -0.25319 -0.29586 -0.0049234 0.25148 0.13696 -0.12636 -0.21592 -0.35867 -0.043748 0.27045 0.14724 -0.20639 -0.08349 0.16604 -0.40801 0.11279 0.0052367 -0.44061 -0.044837 0.38185 -0.65947 0.15884 -0.025795 -0.76988 -0.030686 0.29623 -0.69427 0.21813 -0.059228 -0.83385 0.01857 -0.1069 0.59065
-0.14465 -0.039957 0.30549 0.1278 -0.014766 0.33595 -0.015944 -0.048544 0.40605 -0.0048198 -0.0081854 0.067936 -0.050955 0.0040116 -0.054613 0.048866 0.0040116 -0.056489 -0.31186 -0.097957 0.10716 0.20118 0.092583 0.10348 -0.24394 -0.29222 -0.01042 0.25148 0.1556 -0.11916 -0.20534 -0.35315 -0.050881 0.27186 0.16838 -0.19832 -0.092136 0.16653 -0.40651 0.1126 0.010822 -0.44098 -0.064559 0.38633 -0.65632 0.15654 -0.0085327 -0.77141 -0.046195 0.30107 -0.69028 0.21798 -0.03726 -0.83589 0.026096 -0.1061 0.58998
-0.14331 -0.03631 0.30561 0.12908 -0.013332 0.33601 -0.014828 -0.045482 0.40645 -0.0044759 -0.0078261 0.068003 -0.050777 0.0036674 -0.054801 0.048459 0.0036674 -0.056862 -0.30847 -0.09204 0.10502 0.20611 0.090079 0.10774 -0.24249 -0.28204 -0.01984 0.25473 0.16277 -0.11409 -0.20507 -0.34141 -0.063479 0.27557 0.18099 -0.19161 -0.095216 0.16784 -0.40557 0.11154 0.014605 -0.44139 -0.071506 0.39161 -0.65245 0.15183 0.003789 -0.7727 -0.052343 0.30624 -0.6859 0.2141 -0.022488 -0.8376 0.028072 -0.10307 0.59022
-0.14284 -0.029786 0.30558 0.12936 -0.012388 0.33607 -0.014948 -0.042067 0.40681 -0.0043763 -0.0072913 0.068068 -0.050408 0.0035167 -0.05515 0.048163 0.0035167 -0.057121 -0.30484 -0.083987 0.10201 0.21782 0.095112 0.11183 -0.24491 -0.26952 -0.032237 0.25998 0.16161 -0.11238 -0.21005 -0.32747 -0.079763 0.28116 0.18602 -0.18813 -0.094779 0.16937 -0.40511 0.11021 0.016695 -0.44172 -0.071102 0.39683 -0.6485 0.1457 0.012666 -0.77374 -0.053007 0.31122 -0.68183 0.20779 -0.012727 -0.83909 0.026822 -0.098967 0.59104
-0.14175 -0.026426 0.30524 0.12975 -0.011982 0.33534 -0.01445 -0.039971 0.40706 -0.0041912 -0.0069925 0.068111 -0.050254 0.0034408 -0.055298 0.048114 0.0034408 -0.057171 -0.3 -0.080002 0.098455 0.22672 0.099868 0.11351 -0.24463 -0.26035 -0.045469 0.26117 0.1548 -0.11418 -0.21188 -0.31651 -0.0966 0.28383 0.18301 -0.18892 -0.09463 0.16962 -0.4051 0.10956 0.017769 -0.44184 -0.073051 0.40029 -0.64549 0.13984 0.020724 -0.77433 -0.055156 0.31487 -0.67923 0.2014 -0.0040638 -0.84031 0.026479 -0.095774 0.59178
-0.13995 -0.027477 0.30466 0.13044 -0.011602 0.33397 -0.013056 -0.039372 0.40717 -0.0038601 -0.007019 0.068127 -0.050378 0.003339 -0.055193 0.048387 0.003339 -0.05695 -0.2936 -0.080489 0.094213 0.2284 0.099563 0.11175 -0.23972 -0.25329 -0.059822 0.25641 0.14276 -0.11922 -0.20821 -0.30707 -0.11412 0.28152 0.17006 -0.19406 -0.097182 0.16765 -0.40557 0.10927 0.019007 -0.4417 -0.081976 0.40108 -0.64372 0.13435 0.029847 -0.77443 -0.06267 0.31645 -0.67846 0.1954 0.0059923 -0.8412 0.028047 -0.093887 0.59224
-0.13909 -0.028173 0.30424 0.13045 -0.010028 0.33326 -0.012465 -0.038573 0.40726 -0.0036596 -0.0070564 0.068135 -0.050416 0.0031337 -0.055168 0.048983 0.0031337 -0.056445 -0.28614 -0.078585 0.088617 0.22491 0.093215 0.10712 -0.23412 -0.2384 -0.078623 0.24905 0.12301 -0.12671 -0.20427 -0.2893 -0.13654 0.27564 0.14353 -0.20244 -0.1031 0.16321 -0.40665 0.10751 0.022221 -0.44136 -0.096128 0.3994 -0.64255 0.12734 0.040984 -0.77414 -0.075563 0.31567 -0.67892 0.18794 0.018149 -0.84172 0.028616 -0.091757 0.59273
-0.14048 -0.024373 0.30434 0.12905 -0.0064158 0.33421 -0.014032 -0.036133 0.40741 -0.0038118 -0.0068304 0.068148 -0.050077 0.0027869 -0.055488 0.049847 0.0027869 -0.055691 -0.27802 -0.06834 0.081267 0.21869 0.080412 0.10036 -0.23153 -0.20737 -0.10412 0.24247 0.093466 -0.13553 -0.20497 -0.25476 -0.16685 0.26792 0.10104 -0.21259 -0.11245 0.15596 -0.40852 0.1028 0.028845 -0.44092 -0.11327 0.39529 -0.64143 0.11723 0.054757 -0.77355 -0.093191 0.31221 -0.68009 0.17741 0.032819 -0.84182 0.025734 -0.088079 0.59351
-0.14302 -0.017439 0.30501 0.12706 -0.0022198 0.33574 -0.016561 -0.032623 0.40762 -0.0041232 -0.0064255 0.068169 -0.049615 0.0024684 -0.055919 0.050651 0.0024684 -0.054979 -0.26893 -0.051342 0.073408 0.21205 0.062547 0.092875 -0.23241 -0.16373 -0.13157 0.23833 0.054835 -0.14301 -0.21096 -0.20556 -0.20001 0.26074 0.047822 -0.22136 -0.12253 0.14473 -0.41153 0.096117 0.038037 -0.44043 -0.1307 0.38768 -0.6405 0.10464 0.070311 -0.77269 -0.11266 0.30551 -0.68208 0.16455 0.04942 -0.84153 0.020832 -0.083573 0.59448
-0.14479 -0.010573 0.30617 0.12582 0.00036131 0.33608 -0.018012 -0.029293 0.40783 -0.004264 -0.0060461 0.068197 -0.049461 0.0024134 -0.056061 0.050984 0.0024134 -0.054681 -0.25832 -0.031726 0.066826 0.20726 0.041623 0.086268 -0.23611 -0.11505 -0.15398 0.2377 0.0088527 -0.146 -0.22139 -0.14746 -0.22829 0.25666 -0.0083775 -0.22512 -0.12978 0.12815 -0.41606 0.089299 0.048187 -0.4399 -0.14561 0.37515 -0.64013 0.090987 0.086285 -0.77158 -0.13035 0.29488 -0.68522 0.15087 0.06702 -0.84088 0.016631 -0.079635 0.59539
-0.14498 -0.0057324 0.30759 0.12584 0.00072916 0.33472 -0.017601 -0.026895 0.40801 -0.0041114 -0.0058074 0.068227 -0.049739 0.0026127 -0.055803 0.050779 0.0026127 -0.054862 -0.2467 -0.013122 0.062347 0.20548 0.019487 0.081637 -0.24155 -0.06781 -0.16802 0.24085 -0.040669 -0.14359 -0.23505 -0.087543 -0.24739 0.25686 -0.06232 -0.22257 -0.13269 0.10685 -0.42182 0.083446 0.057919 -0.43935 -0.15663 0.35789 -0.64057 0.077729 0.10117 -0.7703 -0.14428 0.27978 -0.68897 0.13782 0.084146 -0.83999 0.014512 -0.077062 0.59606
-0.14433 -0.0031606 0.30888 0.12648 0.00048129 0.33287 -0.016256 -0.025499 0.40815 -0.0038268 -0.0057021 0.068252 -0.05015 0.0027216 -0.055431 0.050444 0.0027216 -0.055164 -0.23601 0.0015325 0.059477 0.20643 -0.0022246 0.079392 -0.24708 -0.027028 -0.17548 0.24688 -0.087071 -0.1379 -0.2502 -0.034725 -0.25768 0.26062 -0.11222 -0.21557 -0.13257 0.084228 -0.42754 0.078678 0.066179 -0.43873 -0.16439 0.33825 -0.64189 0.066395 0.11323 -0.76905 -0.15477 0.25986 -0.69165 0.1268 0.098589 -0.83903 0.01402 -0.075823 0.59647
-0.14357 -0.0027931 0.3097 0.12716 0.0011516 0.33171 -0.014899 -0.025006 0.40823 -0.0035669 -0.0056979 0.068267 -0.050421 0.0024353 -0.055201 0.05035 0.0024353 -0.055262 -0.22813 0.010226 0.057786 0.2097 -0.022224 0.079943 -0.25165 0.003454 -0.17826 0.25503 -0.12507 -0.13038 -0.26541 0.0037335 -0.26001 0.26738 -0.15724 -0.2053 -0.13079 0.063268 -0.43203 0.074973 0.072192 -0.43799 -0.16962 0.31824 -0.64415 0.058016 0.12126 -0.76794 -0.16223 0.2357 -0.6924 0.11871 0.10871 -0.83811 0.014636 -0.075743 0.59657
-0.14294 -0.0034408 0.31038 0.12807 0.0029199 0.33161 -0.013632 -0.024579 0.4083 -0.0033326 -0.0056634 0.068282 -0.050642 0.0018405 -0.055022 0.050435 0.0018405 -0.055208 -0.2241 0.016255 0.057804 0.21492 -0.041235 0.084018 -0.25823 0.026315 -0.17676 0.2657 -0.15898 -0.11696 -0.28146 0.031536 -0.25605 0.27824 -0.20092 -0.18709 -0.12796 0.043181 -0.43508 0.071871 0.076713 -0.43717 -0.17256 0.29693 -0.64749 0.050539 0.12725 -0.76664 -0.16679 0.21359 -0.69602 0.11149 0.11671 -0.83691 0.01629 -0.076113 0.59636
-0.14251 -0.0035097 0.31146 0.1297 0.0054486 0.33258 -0.012249 -0.023122 0.40842 -0.0030669 -0.0054331 0.068312 -0.051031 0.0011692 -0.054674 0.05047 0.0011692 -0.055195 -0.22461 0.024849 0.060402 0.2217 -0.060713 0.092426 -0.2712 0.046647 -0.17084 0.27969 -0.19663 -0.091647 -0.29992 0.056437 -0.24774 0.2949 -0.24832 -0.15422 -0.12436 0.021802 -0.43681 0.068756 0.081059 -0.43627 -0.17329 0.27232 -0.65208 0.040802 0.13432 -0.76463 -0.16851 0.20179 -0.70931 0.10199 0.12615 -0.83497 0.019067 -0.076039 0.59585
-0.14216 -0.0023519 0.31312 0.13215 0.0079171 0.33423 -0.010609 -0.020515 0.4086 -0.0027444 -0.0050018 0.068357 -0.051644 0.00059395 -0.054101 0.050337 0.00059395 -0.055326 -0.22901 0.03771 0.065505 0.22936 -0.080632 0.10407 -0.29083 0.067496 -0.16114 0.29585 -0.23903 -0.055872 -0.32043 0.082483 -0.2368 0.31584 -0.29849 -0.10904 -0.12047 -0.00064647 -0.43743 0.065419 0.085683 -0.4354 -0.17165 0.24472 -0.6581 0.028219 0.14339 -0.76194 -0.16801 0.20127 -0.73262 0.089629 0.13797 -0.83234 0.022608 -0.075223 0.59518
-0.14156 -0.00074365 0.315 0.13498 0.0087802 0.33554 -0.0086649 -0.018103 0.40877 -0.0023873 -0.0046053 0.0684 -0.052287 0.00019689 -0.053487 0.050077 0.00019689 -0.055563 -0.23465 0.051233 0.07161 0.2367 -0.098744 0.11498 -0.31125 0.08882 -0.14947 0.31012 -0.27694 -0.022205 -0.33978 0.10814 -0.22463 0.33476 -0.34148 -0.067474 -0.11703 -0.020356 -0.43725 0.06226 0.089744 -0.43474 -0.16717 0.21795 -0.66572 0.016082 0.152 -0.75946 -0.1668 0.20194 -0.75655 0.077619 0.14906 -0.82992 0.025888 -0.074274 0.59468
-0.14045 0.00059078 0.31677 0.1377 0.0068621 0.33562 -0.0064187 -0.0171 0.40886 -0.0020212 -0.0044572 0.068423 -0.05278 3.4295e-05 -0.053008 0.049751 3.4295e-05 -0.055855 -0.23926 0.062042 0.077441 0.24284 -0.11309 0.12195 -0.32718 0.11032 -0.13736 0.3191 -0.30206 -0.0015562 -0.35519 0.13171 -0.21225 0.34621 -0.36861 -0.043261 -0.11454 -0.033951 -0.43661 0.059777 0.092337 -0.43445 -0.15945 0.19535 -0.67505 0.007395 0.15794 -0.75789 -0.16557 0.19423 -0.77237 0.06892 0.15665 -0.82843 0.027983 -0.073745 0.59467
-0.1392 0.0020738 0.31858 0.14005 0.0038922 0.33488 -0.0041559 -0.016999 0.40889 -0.0016693 -0.0044861 0.06843 -0.053162 3.7919e-05 -0.052624 0.049452 3.7919e-05 -0.05612 -0.2441 0.071296 0.084039 0.24916 -0.1249 0.12847 -0.34093 0.13163 -0.12375 0.32559 -0.31808 0.012651 -0.36866 0.15334 -0.19863 0.35342 -0.38499 -0.027849 -0.1117 -0.042997 -0.43576 0.058781 0.092882 -0.4346 -0.14878 0.17527 -0.68565 0.0010476 0.16246 -0.75629 -0.15917 0.17837 -0.7814 0.062539 0.16228 -0.82686 0.029031 -0.07331 0.59501
-0.13843 0.0045925 0.32079 0.14184 0.002781 0.33424 -0.0022765 -0.016593 0.40891 -0.0013537 -0.0045038 0.068435 -0.053561 8.8522e-05 -0.052212 0.049289 8.8522e-05 -0.056265 -0.25186 0.081998 0.093383 0.25793 -0.13671 0.14071 -0.35785 0.15236 -0.10653 0.33488 -0.33356 0.034117 -0.3841 0.17397 -0.1819 0.36317 -0.40132 -0.0035998 -0.10649 -0.05108 -0.43494 0.060197 0.090934 -0.43518 -0.13575 0.15402 -0.6968 -0.0057515 0.16827 -0.75308 -0.14009 0.15863 -0.78904 0.055859 0.16925 -0.82354 0.029605 -0.072286 0.59545
-0.1384 0.0082758 0.32351 0.14299 0.0047791 0.33418 -0.00096817 -0.015462 0.40896 -0.0010892 -0.0044347 0.068444 -0.054017 0.00011202 -0.051738 0.049316 0.00011202 -0.056241 -0.2631 0.094877 0.1058 0.26932 -0.14846 0.15948 -0.37948 0.17146 -0.085762 0.34873 -0.3514 0.067557 -0.40276 0.1936 -0.16195 0.37795 -0.42137 0.03554 -0.097927 -0.060081 -0.43426 0.063933 0.08654 -0.43609 -0.12129 0.13021 -0.70766 -0.013987 0.17599 -0.74779 -0.10792 0.13947 -0.79719 0.047815 0.17852 -0.81807 0.030087 -0.070611 0.5958
-0.13877 0.012 0.32644 0.1436 0.0083941 0.33447 -6.853e-05 -0.014493 0.409 -0.00087797 -0.0043898 0.068451 -0.054418 0.00010902 -0.051319 0.049503 0.00010902 -0.056076 -0.27487 0.10691 0.11889 0.27998 -0.15588 0.17662 -0.40095 0.18674 -0.065175 0.36305 -0.36515 0.10283 -0.42152 0.21068 -0.14162 0.39318 -0.43741 0.076477 -0.086742 -0.069049 -0.43356 0.068217 0.080552 -0.43705 -0.10689 0.10622 -0.71707 -0.021657 0.1829 -0.74182 -0.073927 0.12566 -0.80192 0.039892 0.18722 -0.81222 0.030532 -0.069243 0.59603
-0.1392 0.014692 0.32926 0.14378 0.012003 0.33483 0.00058889 -0.014521 0.40899 -0.00072579 -0.0044692 0.068447 -0.054656 8.624e-05 -0.051067 0.049805 8.624e-05 -0.055806 -0.28425 0.11516 0.13025 0.28675 -0.15522 0.18455 -0.4175 0.19645 -0.048289 0.37371 -0.36872 0.1297 -0.43728 0.22385 -0.12367 0.40425 -0.4421 0.10612 -0.073952 -0.076823 -0.4327 0.071536 0.074038 -0.43777 -0.09389 0.084528 -0.72413 -0.026689 0.18641 -0.73658 -0.048993 0.12034 -0.79988 0.033724 0.19256 -0.80771 0.030955 -0.069073 0.59612
-0.1397 0.016557 0.33175 0.14368 0.014927 0.33524 0.00095416 -0.015076 0.40897 -0.00067123 -0.0045608 0.068442 -0.054762 4.3632e-05 -0.050953 0.050163 4.3632e-05 -0.055485 -0.29121 0.12013 0.13936 0.29042 -0.14982 0.18623 -0.42947 0.20287 -0.034632 0.38043 -0.36552 0.14763 -0.45006 0.23415 -0.10825 0.41112 -0.43903 0.12487 -0.061533 -0.082649 -0.4318 0.075534 0.069133 -0.43805 -0.082243 0.065674 -0.72985 -0.028585 0.18744 -0.73239 -0.032914 0.11412 -0.7962 0.030221 0.19549 -0.80463 0.031267 -0.069748 0.59608
-0.14045 0.018381 0.33371 0.14349 0.01692 0.33578 0.00087892 -0.015101 0.40897 -0.00076729 -0.0044574 0.068447 -0.054827 -2.1548e-05 -0.050883 0.050507 -2.1548e-05 -0.055174 -0.29697 0.12389 0.14656 0.29359 -0.14624 0.18941 -0.43952 0.21013 -0.021911 0.38466 -0.36322 0.16052 -0.46134 0.24376 -0.094303 0.41588 -0.43674 0.1393 -0.051879 -0.085962 -0.43108 0.083239 0.068418 -0.43772 -0.071243 0.049266 -0.73609 -0.027583 0.18849 -0.72903 -0.020433 0.091968 -0.79977 0.029941 0.19856 -0.80228 0.031328 -0.070357 0.59588
-0.14149 0.020675 0.33515 0.14327 0.017727 0.33662 0.00025768 -0.014351 0.409 -0.0010064 -0.0041665 0.068463 -0.054867 -7.522e-05 -0.050841 0.050769 -7.522e-05 -0.054933 -0.30235 0.12847 0.15287 0.2975 -0.14798 0.19797 -0.44907 0.22111 -0.0083353 0.38697 -0.36623 0.17206 -0.47202 0.25494 -0.080404 0.41911 -0.44019 0.1543 -0.045824 -0.086687 -0.43075 0.092378 0.070503 -0.43708 -0.059567 0.032659 -0.74371 -0.025253 0.19044 -0.72641 -0.008298 0.047221 -0.81319 0.030987 0.20265 -0.80064 0.03086 -0.070669 0.59556
-0.14263 0.023452 0.33636 0.14296 0.017069 0.33801 -0.00093651 -0.014065 0.40901 -0.0012712 -0.0040848 0.068464 -0.054761 -1.6639e-05 -0.050955 0.050893 -1.6639e-05 -0.054818 -0.30736 0.13585 0.16054 0.30091 -0.15303 0.2087 -0.45721 0.23642 0.0069634 0.38636 -0.373 0.18552 -0.48196 0.27019 -0.06442 0.4187 -0.44782 0.17172 -0.041368 -0.085637 -0.43097 0.091065 0.066805 -0.43726 -0.044775 0.0091352 -0.75168 -0.025578 0.19127 -0.72469 0.003073 -0.011549 -0.82748 0.027027 0.20551 -0.80095 0.029332 -0.071696 0.59523
-0.14364 0.02654 0.33763 0.1425 0.014788 0.34016 -0.0026539 -0.0155 0.40895 -0.0014417 -0.0045918 0.068426 -0.054402 0.00024887 -0.051332 0.050831 0.00024887 -0.054874 -0.31194 0.14745 0.17155 0.3026 -0.15888 0.21798 -0.46296 0.25594 0.02452 0.38204 -0.3813 0.20349 -0.49092 0.29123 -0.044616 0.41286 -0.45731 0.19252 -0.036418 -0.083621 -0.43178 0.068712 0.049396 -0.43922 -0.025021 -0.0268 -0.75877 -0.032133 0.18889 -0.72386 0.012809 -0.074092 -0.83351 0.012417 0.20496 -0.80409 0.026337 -0.074376 0.595
-0.14422 0.028659 0.33883 0.1421 0.011763 0.3427 -0.0042664 -0.018781 0.40879 -0.0014747 -0.0055761 0.068352 -0.053961 0.00070529 -0.051793 0.050642 0.00070529 -0.055044 -0.3159 0.16018 0.18471 0.30342 -0.16377 0.22499 -0.46685 0.27542 0.04288 0.37667 -0.38876 0.2232 -0.49874 0.31308 -0.023228 0.40506 -0.46581 0.21309 -0.030624 -0.080633 -0.43264 0.034258 0.022316 -0.44187 -0.004471 -0.066668 -0.76357 -0.0429 0.1835 -0.72236 0.019481 -0.12949 -0.83086 -0.0086874 0.20225 -0.80701 0.022753 -0.077947 0.59505
-0.14405 0.027981 0.33965 0.14209 0.009389 0.34498 -0.0048601 -0.023459 0.40852 -0.0013661 -0.0066802 0.068258 -0.053739 0.0012808 -0.052015 0.050438 0.0012808 -0.055222 -0.31901 0.16865 0.19723 0.30526 -0.16632 0.23031 -0.47016 0.28857 0.059598 0.37462 -0.3929 0.2392 -0.50533 0.32743 -0.0044659 0.40138 -0.47026 0.22756 -0.024521 -0.076266 -0.43267 0.006392 -0.0044119 -0.44309 0.0097088 -0.09502 -0.76463 -0.053066 0.17644 -0.71787 0.021383 -0.16652 -0.82352 -0.027236 0.20032 -0.80471 0.0201 -0.080798 0.59559
-0.14323 0.024084 0.33997 0.14254 0.0083342 0.34671 -0.0042227 -0.028787 0.40817 -0.0011696 -0.0076315 0.068161 -0.05385 0.0018782 -0.05188 0.050322 0.0018782 -0.05531 -0.32148 0.17046 0.20754 0.30911 -0.16561 0.2341 -0.47393 0.29272 0.073461 0.37743 -0.39241 0.24866 -0.51101 0.33105 0.0099322 0.40403 -0.46926 0.23375 -0.020231 -0.071342 -0.43202 -0.0055379 -0.024598 -0.44166 0.013366 -0.10374 -0.7628 -0.060027 0.16928 -0.7092 0.017587 -0.18019 -0.81609 -0.038326 0.20079 -0.79485 0.018984 -0.082257 0.59657
-0.14274 0.019351 0.34005 0.14294 0.0078138 0.34823 -0.0035415 -0.033429 0.40784 -0.0010542 -0.0083302 0.068081 -0.054021 0.0023511 -0.051683 0.05039 0.0023511 -0.05523 -0.3243 0.16914 0.21649 0.31422 -0.16155 0.23577 -0.47876 0.29246 0.085717 0.38097 -0.38833 0.25398 -0.51707 0.33091 0.023184 0.40752 -0.46477 0.23687 -0.02302 -0.069133 -0.43289 -0.010903 -0.039773 -0.43824 0.0083905 -0.099384 -0.76353 -0.065617 0.16399 -0.69736 0.0087127 -0.1779 -0.8144 -0.04538 0.20255 -0.78032 0.01819 -0.083531 0.59738
-0.14351 0.016244 0.34015 0.14275 0.0069733 0.34996 -0.0040277 -0.036177 0.40762 -0.0011794 -0.0087234 0.068031 -0.053963 0.0025762 -0.051738 0.050719 0.0025762 -0.054918 -0.32839 0.16862 0.22511 0.3196 -0.15437 0.23477 -0.48496 0.29296 0.097787 0.3808 -0.38197 0.25799 -0.52456 0.33451 0.038663 0.40598 -0.45908 0.24242 -0.036566 -0.071791 -0.43713 -0.020192 -0.052054 -0.43372 -0.002128 -0.089997 -0.77141 -0.071906 0.16244 -0.68376 -0.0038336 -0.1683 -0.8228 -0.052348 0.20457 -0.76453 0.016407 -0.08587 0.59745
-0.14502 0.014824 0.34 0.14194 0.00593 0.35201 -0.0055512 -0.037682 0.40746 -0.0014839 -0.0090071 0.067989 -0.053632 0.0027065 -0.052075 0.051241 0.0027065 -0.054426 -0.33257 0.17009 0.23337 0.32396 -0.14588 0.23205 -0.49063 0.29649 0.10995 0.37602 -0.37498 0.26195 -0.53157 0.34302 0.055673 0.39865 -0.45354 0.25035 -0.045954 -0.068112 -0.44074 -0.033473 -0.060463 -0.42917 -0.010477 -0.081102 -0.77747 -0.078277 0.165 -0.67084 -0.012896 -0.15835 -0.83044 -0.058886 0.20942 -0.74995 0.013472 -0.088787 0.59706
-0.14597 0.013826 0.33903 0.14072 0.0053353 0.35434 -0.0072425 -0.03962 0.40723 -0.0017852 -0.0095137 0.067909 -0.053123 0.0030466 -0.052569 0.051806 0.0030466 -0.053868 -0.33455 0.1732 0.24065 0.32588 -0.13878 0.22939 -0.49268 0.30372 0.12184 0.36765 -0.36919 0.26622 -0.53458 0.35412 0.071264 0.38756 -0.44902 0.25756 -0.026084 -0.039577 -0.43652 -0.045065 -0.062327 -0.42582 -0.0064243 -0.076825 -0.76531 -0.08263 0.17117 -0.66165 -0.0081789 -0.15403 -0.81812 -0.062281 0.22161 -0.73848 0.009849 -0.090843 0.59695
-0.14569 0.012137 0.337 0.1393 0.0053195 0.35679 -0.0085168 -0.043092 0.40683 -0.0019746 -0.010399 0.06777 -0.052555 0.0037407 -0.053087 0.052311 0.0037407 -0.053331 -0.33342 0.17671 0.24603 0.32494 -0.13464 0.22776 -0.4901 0.31295 0.13187 0.35714 -0.36573 0.27002 -0.53228 0.36451 0.082484 0.37481 -0.44609 0.26134 0.031054 0.018079 -0.42149 -0.051483 -0.05753 -0.42422 0.013918 -0.078994 -0.72871 -0.084029 0.1798 -0.65718 0.01376 -0.15796 -0.77854 -0.061665 0.23911 -0.73119 0.0061085 -0.091399 0.59748
-0.14484 0.0090063 0.33435 0.13781 0.0048598 0.35888 -0.009431 -0.047922 0.40626 -0.002108 -0.011427 0.067604 -0.052092 0.0045782 -0.053481 0.052749 0.0045782 -0.052834 -0.33139 0.17742 0.24794 0.32289 -0.1325 0.22645 -0.48643 0.3173 0.13584 0.34679 -0.36426 0.27011 -0.52825 0.36887 0.086418 0.36259 -0.44478 0.25987 0.095825 0.077767 -0.40203 -0.054176 -0.051587 -0.42349 0.040487 -0.084444 -0.68397 -0.084118 0.18819 -0.65404 0.041286 -0.16549 -0.73058 -0.060266 0.24556 -0.72731 0.0030275 -0.091585 0.59821
-0.14427 0.0039101 0.33155 0.13634 0.0029834 0.36014 -0.010148 -0.053626 0.40554 -0.0022616 -0.012319 0.067447 -0.051886 0.0053086 -0.053621 0.053127 0.0053086 -0.05239 -0.3309 0.17228 0.24491 0.32161 -0.131 0.22455 -0.48551 0.3101 0.12977 0.3388 -0.36408 0.26336 -0.52647 0.36233 0.080651 0.35292 -0.44479 0.25176 0.1364 0.11108 -0.38521 -0.05515 -0.050139 -0.42268 0.062005 -0.089352 -0.64893 -0.084794 0.19376 -0.64861 0.061707 -0.1712 -0.69483 -0.061607 0.22496 -0.72568 0.001325 -0.092626 0.59861
-0.14447 -0.0017833 0.32877 0.13474 0.00088547 0.3605 -0.011067 -0.058228 0.4049 -0.0024965 -0.012875 0.067336 -0.051876 0.0057514 -0.053585 0.053462 0.0057514 -0.052001 -0.33263 0.16234 0.23738 0.32124 -0.12807 0.22169 -0.48806 0.29384 0.11605 0.33328 -0.36281 0.25145 -0.52833 0.34755 0.068055 0.34614 -0.44362 0.23868 0.15085 0.11987 -0.37224 -0.055415 -0.052207 -0.42175 0.073952 -0.089984 -0.62625 -0.087025 0.19705 -0.6415 0.072345 -0.17176 -0.67257 -0.066631 0.1857 -0.72317 0.00079869 -0.0942 0.59856
-0.14576 -0.0055609 0.32594 0.13266 0.0010717 0.36016 -0.012727 -0.058853 0.40474 -0.002864 -0.012946 0.067302 -0.051878 0.0057696 -0.053575 0.05378 0.0057696 -0.051666 -0.33621 0.15119 0.22697 0.32084 -0.12118 0.21777 -0.49287 0.27661 0.10097 0.32906 -0.35708 0.23899 -0.53364 0.3318 0.054698 0.34159 -0.43741 0.22416 0.15532 0.12436 -0.36076 -0.055376 -0.0528 -0.42126 0.075913 -0.082669 -0.60944 -0.091207 0.20047 -0.63589 0.076601 -0.16512 -0.65342 -0.074708 0.15094 -0.71545 0.00068766 -0.095053 0.59817
-0.14826 -0.0062414 0.32309 0.12985 0.0047216 0.35947 -0.015443 -0.054555 0.40517 -0.0033897 -0.012528 0.06735 -0.051783 0.0053682 -0.0537 0.0541 0.0053682 -0.051371 -0.34094 0.14101 0.21473 0.31941 -0.10962 0.21278 -0.49886 0.26326 0.088026 0.32551 -0.3458 0.22791 -0.54143 0.31891 0.043238 0.3388 -0.42496 0.20962 0.16126 0.13763 -0.34917 -0.05528 -0.0491 -0.42148 0.069658 -0.066922 -0.59363 -0.097162 0.20553 -0.63342 0.077464 -0.15151 -0.63117 -0.084692 0.13539 -0.70088 0.00026399 -0.09454 0.5976
-0.15165 -0.005894 0.32048 0.12623 0.0097713 0.35916 -0.018979 -0.049067 0.40573 -0.0040372 -0.011967 0.06742 -0.051679 0.0048937 -0.05385 0.054429 0.0048937 -0.051071 -0.34541 0.13054 0.20039 0.31586 -0.097012 0.20683 -0.50527 0.25066 0.073894 0.32323 -0.33351 0.21363 -0.54893 0.30427 0.027994 0.33789 -0.41153 0.19132 0.168 0.15497 -0.33782 -0.055022 -0.043672 -0.422 0.062088 -0.049946 -0.57825 -0.10334 0.21139 -0.632 0.076731 -0.13653 -0.61002 -0.09424 0.13287 -0.68425 -0.0011018 -0.093507 0.59705
-0.15558 -0.0068927 0.3183 0.12174 0.01382 0.35996 -0.023073 -0.046447 0.40591 -0.0047708 -0.011622 0.067446 -0.05166 0.0047065 -0.053902 0.05478 0.0047065 -0.05072 -0.34807 0.11811 0.18343 0.30905 -0.087163 0.19995 -0.51097 0.23453 0.054266 0.32279 -0.32474 0.19075 -0.55285 0.28228 0.0023796 0.33888 -0.40229 0.16472 0.17332 0.1693 -0.32741 -0.054447 -0.039599 -0.42232 0.060106 -0.039437 -0.56351 -0.10802 0.21704 -0.62913 0.075748 -0.12611 -0.5954 -0.10097 0.13463 -0.67095 -0.0040663 -0.092911 0.59675
-0.15992 -0.0094836 0.31569 0.11629 0.01619 0.36149 -0.028128 -0.046343 0.40563 -0.0056789 -0.011387 0.067421 -0.05154 0.004726 -0.054023 0.055202 0.004726 -0.050259 -0.34706 0.10303 0.16292 0.29785 -0.078555 0.1909 -0.50972 0.21141 0.024958 0.32173 -0.31388 0.15561 -0.54717 0.25068 -0.036249 0.33909 -0.38991 0.1249 0.17741 0.17662 -0.31953 -0.053454 -0.036662 -0.42238 0.061432 -0.035314 -0.55166 -0.10969 0.22331 -0.62431 0.072547 -0.12036 -0.58876 -0.10414 0.13845 -0.66204 -0.0097894 -0.09231 0.59666
-0.16467 -0.012498 0.31113 0.10981 0.017351 0.36266 -0.034985 -0.045467 0.40513 -0.0069316 -0.010848 0.067374 -0.050946 0.0045779 -0.054571 0.055777 0.0045779 -0.049627 -0.34037 0.085291 0.13762 0.28108 -0.066114 0.17761 -0.49188 0.17835 -0.018118 0.31562 -0.28859 0.10576 -0.52401 0.20937 -0.087905 0.33415 -0.35872 0.066675 0.18204 0.17502 -0.31636 -0.051976 -0.03244 -0.42239 0.057688 -0.032325 -0.54627 -0.10702 0.23221 -0.61836 0.062957 -0.11553 -0.58892 -0.10409 0.14638 -0.65569 -0.019763 -0.090338 0.59661
-0.16962 -0.01529 0.30409 0.10264 0.017598 0.36277 -0.043682 -0.041881 0.40461 -0.0085405 -0.0098044 0.067328 -0.049753 0.0040391 -0.055675 0.056526 0.0040391 -0.048813 -0.32788 0.065655 0.10842 0.2598 -0.047242 0.16009 -0.45483 0.13602 -0.073555 0.30304 -0.24378 0.044054 -0.482 0.16075 -0.14849 0.32263 -0.30249 -0.0077896 0.18794 0.1648 -0.31874 -0.050204 -0.025842 -0.42242 0.044726 -0.026973 -0.54917 -0.10013 0.24404 -0.61238 0.046164 -0.10915 -0.59442 -0.10176 0.15858 -0.65073 -0.033932 -0.086534 0.59642
-0.17398 -0.018674 0.29683 0.096321 0.016716 0.36224 -0.052088 -0.037371 0.40413 -0.01009 -0.008646 0.067287 -0.048501 0.0033021 -0.056835 0.057318 0.0033021 -0.047942 -0.31464 0.046861 0.081898 0.24082 -0.026096 0.14396 -0.41492 0.094812 -0.12533 0.2907 -0.19391 -0.012476 -0.43705 0.11366 -0.20308 0.31108 -0.24039 -0.076736 0.19291 0.15217 -0.32391 -0.049008 -0.01941 -0.42222 0.029951 -0.020677 -0.55747 -0.092984 0.25435 -0.60817 0.030396 -0.10241 -0.60326 -0.099538 0.16988 -0.64794 -0.048101 -0.082889 0.59599
-0.17685 -0.023573 0.29189 0.092505 0.014454 0.36162 -0.057816 -0.03417 0.40375 -0.011114 -0.0078271 0.067251 -0.047802 0.0026218 -0.057488 0.057997 0.0026218 -0.047167 -0.306 0.031634 0.064963 0.2314 -0.0075872 0.13529 -0.39008 0.06564 -0.15636 0.28605 -0.15533 -0.04593 -0.40646 0.077141 -0.23622 0.30686 -0.194 -0.11703 0.19448 0.14373 -0.32873 -0.049196 -0.016087 -0.42155 0.021901 -0.01547 -0.5676 -0.089716 0.25839 -0.60745 0.024493 -0.096926 -0.6134 -0.099672 0.1747 -0.64825 -0.057651 -0.081614 0.59526
-0.17703 -0.029143 0.28936 0.091744 0.011293 0.36042 -0.059866 -0.032174 0.40363 -0.011448 -0.007351 0.06725 -0.047726 0.0021749 -0.057567 0.058421 0.0021749 -0.046663 -0.29977 0.017938 0.056736 0.23147 0.0082696 0.13353 -0.37694 0.045089 -0.16803 0.28848 -0.12529 -0.058533 -0.38721 0.047994 -0.24965 0.31 -0.1606 -0.13096 0.1926 0.13858 -0.33307 -0.04917 -0.016116 -0.42099 0.018515 -0.010691 -0.5776 -0.088007 0.2572 -0.609 0.025246 -0.09178 -0.62359 -0.099005 0.17393 -0.65046 -0.061491 -0.082352 0.59442
-0.17309 -0.033245 0.28758 0.09379 0.0082407 0.35743 -0.058247 -0.02958 0.40399 -0.011141 -0.0068927 0.067332 -0.047953 0.0020803 -0.057368 0.058454 0.0020803 -0.046625 -0.2883 0.00027019 0.05065 0.23562 0.025032 0.13335 -0.35667 0.019293 -0.17522 0.29148 -0.087114 -0.067177 -0.36151 0.014134 -0.25765 0.31522 -0.1197 -0.13934 0.18901 0.1303 -0.33897 -0.04558 -0.017767 -0.42174 0.010002 -0.0037164 -0.58664 -0.080833 0.25609 -0.60945 0.020665 -0.08423 -0.6332 -0.090436 0.17319 -0.6518 -0.061097 -0.08288 0.5939
-0.16498 -0.034134 0.28531 0.097614 0.0060127 0.35189 -0.053794 -0.025146 0.40486 -0.010366 -0.0062149 0.067513 -0.048185 0.0023151 -0.057165 0.058128 0.0023151 -0.047033 -0.26796 -0.023155 0.042255 0.23921 0.044622 0.1309 -0.31839 -0.0196 -0.18784 0.29031 -0.031632 -0.083235 -0.31915 -0.030985 -0.26986 0.31802 -0.058887 -0.15642 0.18505 0.11558 -0.34747 -0.037172 -0.019047 -0.42424 -0.0094845 0.0072347 -0.59393 -0.0642 0.25919 -0.6065 0.0032725 -0.072483 -0.64144 -0.070322 0.17682 -0.6503 -0.058543 -0.081263 0.59395
-0.15673 -0.031305 0.28263 0.099946 0.0044282 0.34445 -0.049702 -0.019389 0.40573 -0.0096481 -0.0053601 0.0677 -0.04822 0.0024424 -0.057133 0.057953 0.0024424 -0.047244 -0.2473 -0.042968 0.033713 0.2404 0.063911 0.12703 -0.27564 -0.061061 -0.20036 0.2858 0.027464 -0.10086 -0.27335 -0.077013 -0.28146 0.31659 0.0093738 -0.17577 0.18089 0.10047 -0.35651 -0.02898 -0.017318 -0.42664 -0.033689 0.02133 -0.59859 -0.043331 0.26689 -0.60109 -0.020551 -0.057661 -0.64711 -0.045436 0.18509 -0.64642 -0.057468 -0.076552 0.59441
-0.15283 -0.024588 0.27987 0.097376 0.0031888 0.33609 -0.049382 -0.013145 0.40603 -0.0095392 -0.0044252 0.067787 -0.047892 0.0019834 -0.057417 0.058496 0.0019834 -0.046536 -0.23652 -0.048545 0.028209 0.23795 0.079026 0.12341 -0.24551 -0.09196 -0.2049 0.27981 0.073128 -0.11152 -0.24066 -0.1113 -0.28534 0.30988 0.068696 -0.18769 0.17644 0.092253 -0.3636 -0.026782 -0.010127 -0.42681 -0.054452 0.037242 -0.5999 -0.024828 0.27867 -0.59479 -0.042194 -0.041415 -0.64908 -0.024062 0.19728 -0.64112 -0.061523 -0.068132 0.59502
-0.15364 -0.015589 0.27732 0.090812 0.0027399 0.32848 -0.052773 -0.0071956 0.40573 -0.010054 -0.0035572 0.067761 -0.047272 0.0009947 -0.05795 0.059823 0.0009947 -0.044807 -0.23656 -0.041773 0.025939 0.23305 0.088929 0.12094 -0.23046 -0.11121 -0.20065 0.27432 0.10154 -0.11378 -0.22244 -0.13376 -0.28022 0.30065 0.11271 -0.19025 0.17154 0.090632 -0.36848 -0.029985 0.00016669 -0.42439 -0.068551 0.053348 -0.59947 -0.010339 0.29008 -0.58978 -0.057862 -0.025359 -0.64893 -0.008241 0.20911 -0.63682 -0.069975 -0.057821 0.59551
-0.15619 -0.0073248 0.27521 0.084608 0.0041196 0.3239 -0.057045 -0.0022788 0.40522 -0.010775 -0.0029427 0.067682 -0.046622 -3.9559e-05 -0.058494 0.061599 -3.9559e-05 -0.042447 -0.24093 -0.034524 0.024714 0.22879 0.094845 0.11988 -0.22124 -0.12734 -0.19248 0.27138 0.11946 -0.11187 -0.20794 -0.15433 -0.26946 0.29474 0.14305 -0.18771 0.16598 0.089219 -0.3727 -0.032912 0.0073664 -0.42048 -0.076698 0.067793 -0.60083 0.0024373 0.29353 -0.5887 -0.067603 -0.011077 -0.65041 0.0049748 0.21344 -0.63706 -0.078593 -0.049376 0.59558
-0.15777 -0.0028075 0.27372 0.081912 0.0072053 0.3233 -0.059755 0.00080705 0.40488 -0.011318 -0.0026858 0.067608 -0.046169 -0.00073176 -0.058852 0.063279 -0.00073176 -0.040139 -0.24289 -0.037497 0.023254 0.22723 0.097884 0.12003 -0.20847 -0.14844 -0.18373 0.27175 0.13263 -0.10954 -0.18705 -0.1818 -0.2555 0.29537 0.1617 -0.18412 0.16051 0.08448 -0.3769 -0.03281 0.0069667 -0.41649 -0.080454 0.078544 -0.60511 0.013905 0.28487 -0.59293 -0.072318 -0.00036624 -0.65483 0.016769 0.20632 -0.64372 -0.083837 -0.045882 0.59508
-0.15667 -0.0049053 0.27286 0.081636 0.0080415 0.32325 -0.059965 0.0010611 0.40483 -0.011432 -0.0026179 0.06759 -0.046 -0.001047 -0.058975 0.063666 -0.001047 -0.039485 -0.23538 -0.056678 0.023452 0.22682 0.098576 0.11978 -0.18329 -0.18025 -0.17225 0.272 0.14258 -0.10849 -0.15287 -0.22026 -0.23742 0.29698 0.17112 -0.18235 0.15909 0.082693 -0.37863 -0.036915 0.00032112 -0.41477 -0.083769 0.083004 -0.60549 0.017938 0.27139 -0.59971 -0.075323 0.004282 -0.65544 0.022135 0.19455 -0.65301 -0.084748 -0.048062 0.59428
-0.15154 -0.016179 0.2726 0.0819 0.0022496 0.31966 -0.057105 -0.0024429 0.40517 -0.010914 -0.0025266 0.067672 -0.046174 -0.0010291 -0.058841 0.061535 -0.0010291 -0.042137 -0.21171 -0.096458 0.027774 0.22541 0.097398 0.11732 -0.13752 -0.22746 -0.15487 0.26808 0.15004 -0.10987 -0.099616 -0.27237 -0.21364 0.2926 0.17393 -0.18481 0.16553 0.091434 -0.37525 -0.053312 -0.009752 -0.41763 -0.09076 0.078957 -0.59453 0.0078523 0.2623 -0.60572 -0.080147 0.0007225 -0.64478 0.015504 0.18672 -0.66035 -0.080934 -0.05605 0.59352
-0.14295 -0.034122 0.2729 0.082116 -0.0080619 0.31247 -0.051738 -0.0085256 0.40581 -0.0098637 -0.002415 0.067835 -0.046725 -0.0008475 -0.058414 0.057508 -0.0008475 -0.047283 -0.17294 -0.1496 0.037363 0.22288 0.096003 0.11271 -0.073537 -0.28364 -0.13034 0.26026 0.15616 -0.1135 -0.030079 -0.33116 -0.18308 0.28186 0.17437 -0.19087 0.16916 0.10553 -0.37114 -0.068584 -0.015431 -0.42341 -0.099714 0.073105 -0.58237 -0.0089891 0.25968 -0.61283 -0.08519 -0.0043024 -0.63294 0.0039676 0.18484 -0.66741 -0.072875 -0.06802 0.59275
-0.13318 -0.051804 0.27369 0.082823 -0.015116 0.30516 -0.045418 -0.014168 0.40651 -0.0086489 -0.0024738 0.068005 -0.047665 -0.00078204 -0.05764 0.053819 -0.00078204 -0.051962 -0.12691 -0.19872 0.052206 0.22088 0.097076 0.10766 -0.0029525 -0.33262 -0.099062 0.25258 0.16249 -0.11792 0.045478 -0.38131 -0.1451 0.27018 0.17804 -0.19722 0.14669 0.10866 -0.37687 -0.050522 -0.0045211 -0.42696 -0.10382 0.079946 -0.59455 -0.012951 0.25937 -0.62743 -0.084373 0.0037147 -0.64526 0.0056772 0.18515 -0.68133 -0.061811 -0.080429 0.59159
-0.12441 -0.063674 0.27485 0.084209 -0.013284 0.30046 -0.039657 -0.017018 0.40707 -0.0076118 -0.0028259 0.068119 -0.048945 -0.0010199 -0.056532 0.052165 -0.0010199 -0.053934 -0.081151 -0.23024 0.071545 0.22051 0.10232 0.10353 0.063514 -0.36212 -0.062346 0.24809 0.16994 -0.12197 0.1173 -0.41124 -0.10044 0.26187 0.18842 -0.20133 0.083814 0.089748 -0.39896 0.020541 0.029901 -0.4246 -0.098608 0.10877 -0.64667 0.00971 0.25737 -0.65338 -0.073972 0.034014 -0.69725 0.033113 0.18396 -0.7066 -0.049323 -0.090306 0.58981
-0.11834 -0.069706 0.27611 0.085065 -0.0053681 0.29797 -0.035693 -0.017351 0.40739 -0.0069736 -0.0033259 0.068164 -0.050299 -0.0014013 -0.055329 0.052088 -0.0014013 -0.053831 -0.041351 -0.24558 0.092065 0.22065 0.10982 0.10039 0.11942 -0.37502 -0.024562 0.24584 0.17704 -0.1255 0.17843 -0.42393 -0.054822 0.25662 0.20109 -0.20379 0.00028311 0.057928 -0.4286 0.11676 0.075225 -0.41834 -0.088622 0.14916 -0.71666 0.05 0.25107 -0.68485 -0.059305 0.075895 -0.76694 0.076947 0.17847 -0.73747 -0.038137 -0.096942 0.58777
-0.11655 -0.071117 0.2772 0.083867 0.0039279 0.29656 -0.034706 -0.016036 0.40743 -0.0069278 -0.0037679 0.068136 -0.051414 -0.0016882 -0.054324 0.052648 -0.0016882 -0.052931 -0.012778 -0.24955 0.10988 0.21966 0.11683 0.098001 0.15929 -0.37758 0.0092237 0.24395 0.18178 -0.1286 0.2225 -0.42566 -0.015066 0.25308 0.20986 -0.20592 -0.076484 0.0269 -0.45353 0.19959 0.11443 -0.41148 -0.080448 0.18623 -0.77395 0.0938 0.23816 -0.71381 -0.047725 0.11416 -0.82397 0.12294 0.1661 -0.76589 -0.031235 -0.10014 0.58597
-0.12062 -0.069126 0.2778 0.07909 0.0099002 0.29513 -0.037875 -0.013941 0.40713 -0.007668 -0.003946 0.068034 -0.051976 -0.0016427 -0.053809 0.052902 -0.0016427 -0.05251 -0.00069837 -0.24695 0.1211 0.2159 0.12059 0.096107 0.17766 -0.37607 0.033949 0.24058 0.18218 -0.13136 0.24319 -0.42267 0.012001 0.2499 0.20853 -0.20902 -0.11907 0.01036 -0.46148 0.23047 0.13051 -0.40732 -0.080671 0.20513 -0.78796 0.12699 0.2163 -0.73226 -0.04659 0.13362 -0.83792 0.15684 0.14423 -0.78383 -0.031598 -0.099695 0.58492
-0.13213 -0.064949 0.27763 0.06921 0.0078451 0.29257 -0.046377 -0.011934 0.40643 -0.0093879 -0.0036542 0.067853 -0.051672 -0.0010268 -0.054074 0.051909 -0.0010268 -0.053847 -0.01038 -0.24258 0.12183 0.20774 0.11836 0.094466 0.16904 -0.37677 0.044551 0.23385 0.17621 -0.13388 0.23414 -0.42122 0.019551 0.24572 0.19091 -0.21439 -0.10004 0.022006 -0.44017 0.17086 0.10644 -0.40916 -0.095876 0.19096 -0.72814 0.13545 0.18321 -0.73218 -0.063255 0.11906 -0.77842 0.16441 0.11029 -0.78322 -0.042209 -0.095415 0.58512
