-0.12084 0.013082 0.36843 0.17348 -0.0040328 0.32538 0.033488 -0.024852 0.40713 0.005491 -0.0060772 0.068106 -0.056 0.0022775 -0.049536 0.04587 0.0022775 -0.059041 -0.25843 0.097121 0.1571 0.27122 -0.040512 0.080904 -0.41022 -0.084758 0.16389 0.30779 -0.26974 0.12872 -0.48669 -0.11552 0.17069 0.35687 -0.31636 0.17623 -0.086024 0.067685 -0.43263 0.040913 0.072822 -0.44237 -0.068412 0.16584 -0.7513 0.0057975 0.15119 -0.76504 -0.11131 0.12621 -0.82444 0.0095538 0.086686 -0.83277 0.038834 -0.061599 0.60087
-0.12053 0.013661 0.36787 0.17326 -0.0043663 0.32538 0.033313 -0.025687 0.40709 0.0054165 -0.006135 0.068107 -0.055995 0.0023481 -0.049539 0.045932 0.0023481 -0.058989 -0.23227 0.1061 0.14481 0.25605 -0.037193 0.075469 -0.37053 -0.09734 0.13646 0.27182 -0.27351 0.084574 -0.42987 -0.12654 0.11758 0.28465 -0.32349 0.1255 -0.085984 0.067999 -0.4326 0.041057 0.072954 -0.44231 -0.06817 0.16619 -0.75124 0.0060337 0.15134 -0.76498 -0.11111 0.12666 -0.82441 0.0096938 0.086902 -0.83277 0.038996 -0.062551 0.6008
-0.12019 0.014107 0.36725 0.17303 -0.004955 0.32521 0.033185 -0.026461 0.40706 0.0053483 -0.0061881 0.068107 -0.055978 0.002416 -0.049555 0.045981 0.002416 -0.058948 -0.21076 0.10734 0.1343 0.24248 -0.034324 0.070916 -0.32828 -0.11121 0.11706 0.23619 -0.27279 0.055605 -0.37738 -0.14028 0.07951 0.22049 -0.32427 0.090801 -0.085986 0.068272 -0.43258 0.041161 0.073092 -0.44226 -0.068004 0.1665 -0.7512 0.0062044 0.1515 -0.76493 -0.11096 0.12704 -0.8244 0.0097924 0.08711 -0.83278 0.039179 -0.063428 0.60074
-0.11983 0.014435 0.36658 0.1728 -0.0057592 0.3249 0.0331 -0.02717 0.40702 0.0052865 -0.0062366 0.068108 -0.05595 0.0024809 -0.049583 0.046018 0.0024809 -0.058917 -0.19337 0.10218 0.12541 0.23041 -0.031884 0.067153 -0.28469 -0.12588 0.10464 0.20136 -0.26834 0.039408 -0.32893 -0.15612 0.054558 0.16402 -0.31989 0.069735 -0.086026 0.068507 -0.43257 0.041229 0.073235 -0.44221 -0.067909 0.16676 -0.75117 0.0063146 0.15164 -0.76489 -0.11088 0.12737 -0.8244 0.0098528 0.087308 -0.83279 0.039381 -0.064228 0.60067
-0.11945 0.014659 0.36586 0.17257 -0.0067392 0.32446 0.033056 -0.027808 0.40698 0.0052312 -0.0062808 0.068108 -0.055915 0.0025424 -0.04962 0.046046 0.0025424 -0.058893 -0.17957 0.092014 0.118 0.21973 -0.02985 0.064087 -0.24094 -0.14091 0.098146 0.16781 -0.26096 0.033572 -0.28427 -0.17343 0.040795 0.11486 -0.3115 0.059895 -0.086101 0.068706 -0.43258 0.041264 0.073381 -0.44217 -0.067879 0.167 -0.75116 0.0063695 0.15177 -0.76486 -0.11084 0.12764 -0.82441 0.0098783 0.087496 -0.83281 0.039599 -0.06495 0.60061
-0.11907 0.014795 0.3651 0.17235 -0.0078554 0.32393 0.03305 -0.028371 0.40695 0.0051822 -0.0063208 0.068108 -0.055872 0.0026002 -0.049665 0.046065 0.0026002 -0.058875 -0.16883 0.078188 0.11193 0.21036 -0.028199 0.061624 -0.19825 -0.1558 0.096525 0.136 -0.25141 0.035691 -0.2431 -0.19158 0.036294 0.07265 -0.30026 0.058875 -0.086207 0.068874 -0.43259 0.041269 0.073531 -0.44214 -0.067909 0.16719 -0.75116 0.0063743 0.15189 -0.76483 -0.11086 0.12786 -0.82443 0.0098721 0.087675 -0.83284 0.039831 -0.065593 0.60055
-0.11867 0.014856 0.3643 0.17213 -0.0090679 0.32331 0.03308 -0.028856 0.40691 0.0051397 -0.0063567 0.068108 -0.055824 0.002654 -0.049716 0.046078 0.002654 -0.058862 -0.16063 0.062072 0.10705 0.20218 -0.02691 0.05967 -0.15781 -0.17008 0.098723 0.1064 -0.24047 0.043356 -0.20516 -0.20993 0.039129 0.037027 -0.28735 0.06427 -0.08634 0.069012 -0.43261 0.041248 0.073683 -0.44211 -0.067992 0.16736 -0.75117 0.006334 0.152 -0.76481 -0.11093 0.12804 -0.82446 0.0098375 0.087844 -0.83287 0.040073 -0.066155 0.60049
-0.11827 0.014858 0.36349 0.17193 -0.010337 0.32265 0.033143 -0.029258 0.40688 0.0051036 -0.0063887 0.068108 -0.055772 0.0027035 -0.049771 0.046088 0.0027035 -0.058853 -0.15445 0.045029 0.10322 0.19511 -0.025961 0.058134 -0.12082 -0.1833 0.10369 0.079488 -0.22892 0.054158 -0.17016 -0.22786 0.047374 0.0076216 -0.27393 0.073674 -0.086496 0.069124 -0.43264 0.041202 0.073836 -0.44208 -0.068123 0.16749 -0.75119 0.0062538 0.15211 -0.76479 -0.11103 0.12818 -0.8245 0.0097776 0.088003 -0.8329 0.040324 -0.066634 0.60044
-0.11787 0.014815 0.36266 0.17175 -0.011623 0.32194 0.033236 -0.029572 0.40685 0.005074 -0.0064169 0.068107 -0.055718 0.0027484 -0.049829 0.046095 0.0027484 -0.058845 -0.14975 0.028426 0.10029 0.18904 -0.02533 0.056921 -0.088485 -0.19497 0.11036 0.055722 -0.21754 0.065689 -0.13785 -0.24474 0.059101 -0.015932 -0.26117 0.084683 -0.086674 0.069212 -0.43267 0.041137 0.07399 -0.44205 -0.068296 0.1676 -0.75122 0.0061389 0.1522 -0.76477 -0.11118 0.12828 -0.82454 0.0096957 0.088152 -0.83293 0.04058 -0.06703 0.60039
-0.11746 0.014743 0.36182 0.17158 -0.012887 0.32123 0.033357 -0.029793 0.40682 0.0050509 -0.0064415 0.068107 -0.055664 0.0027883 -0.049888 0.046101 0.0027883 -0.058838 -0.14601 0.013625 0.09811 0.18387 -0.024994 0.055938 -0.061996 -0.20463 0.11769 0.035574 -0.2071 0.075542 -0.10794 -0.25993 0.072384 -0.034001 -0.25023 0.09489 -0.086868 0.06928 -0.43271 0.041054 0.074145 -0.44202 -0.068506 0.16768 -0.75125 0.0059942 0.15228 -0.76475 -0.11135 0.12836 -0.82459 0.009595 0.08829 -0.83296 0.040839 -0.06734 0.60034
-0.11706 0.014656 0.36098 0.17143 -0.014088 0.32054 0.033503 -0.029919 0.4068 0.0050342 -0.0064626 0.068106 -0.05561 0.0028229 -0.049946 0.04611 0.0028229 -0.05883 -0.1427 0.0019844 0.09654 0.17951 -0.02493 0.055093 -0.042546 -0.2118 0.12462 0.01951 -0.19837 0.08132 -0.080162 -0.27281 0.085303 -0.046954 -0.24227 0.1019 -0.087075 0.06933 -0.43274 0.040958 0.074299 -0.44199 -0.068747 0.16773 -0.75128 0.0058251 0.15236 -0.76473 -0.11156 0.1284 -0.82464 0.0094789 0.088418 -0.83299 0.041099 -0.067564 0.60029
-0.11666 0.014562 0.36015 0.17131 -0.015199 0.31986 0.03367 -0.029949 0.40678 0.0050241 -0.0064805 0.068105 -0.055559 0.0028523 -0.050001 0.046121 0.0028523 -0.05882 -0.13949 -0.0059176 0.095444 0.17584 -0.025092 0.05432 -0.030218 -0.21638 0.13033 0.0076274 -0.19181 0.081979 -0.054602 -0.28302 0.096668 -0.055366 -0.2378 0.10456 -0.087293 0.069363 -0.43277 0.04085 0.074451 -0.44195 -0.069015 0.16776 -0.75132 0.0056349 0.15242 -0.76471 -0.11179 0.12842 -0.82469 0.0093496 0.088535 -0.83301 0.041357 -0.067704 0.60025
-0.11626 0.014457 0.35931 0.1712 -0.016216 0.31921 0.033857 -0.029892 0.40677 0.0050204 -0.0064951 0.068104 -0.055509 0.0028767 -0.050055 0.046135 0.0028767 -0.058808 -0.13639 -0.010947 0.094704 0.17274 -0.025381 0.053603 -0.02304 -0.2189 0.1344 -0.00066169 -0.18728 0.078981 -0.032016 -0.29071 0.10664 -0.060193 -0.23612 0.10401 -0.087526 0.06938 -0.4328 0.04073 0.0746 -0.44191 -0.069313 0.16777 -0.75136 0.005424 0.15247 -0.76468 -0.11205 0.12842 -0.82474 0.0092082 0.088641 -0.83303 0.041613 -0.067772 0.60021
-0.11587 0.014337 0.35848 0.1711 -0.017134 0.31858 0.03406 -0.02976 0.40676 0.0050232 -0.0065068 0.068103 -0.055462 0.0028968 -0.050106 0.046152 0.0028968 -0.058793 -0.13344 -0.014127 0.094205 0.17007 -0.025697 0.052932 -0.018818 -0.21998 0.13644 -0.0060178 -0.18457 0.07406 -0.013228 -0.29607 0.11552 -0.062433 -0.2364 0.10164 -0.087773 0.069377 -0.43283 0.040599 0.074746 -0.44187 -0.069641 0.16776 -0.75139 0.0051928 0.15252 -0.76465 -0.11234 0.12839 -0.82479 0.0090555 0.088736 -0.83305 0.041865 -0.067783 0.60017
-0.11548 0.014196 0.35763 0.17101 -0.017951 0.31795 0.034277 -0.029563 0.40676 0.0050325 -0.0065157 0.068101 -0.055416 0.002913 -0.050156 0.046173 0.002913 -0.058776 -0.13069 -0.016479 0.093833 0.16771 -0.025937 0.052298 -0.015359 -0.22024 0.13608 -0.0091021 -0.18346 0.068949 0.00093461 -0.29933 0.12362 -0.063085 -0.23782 0.098842 -0.088039 0.069353 -0.43286 0.040457 0.074887 -0.44183 -0.070003 0.16773 -0.75143 0.0049411 0.15256 -0.76462 -0.11265 0.12833 -0.82485 0.0088924 0.088819 -0.83305 0.042113 -0.067748 0.60013
-0.11509 0.01403 0.35678 0.17091 -0.018664 0.31734 0.034504 -0.029311 0.40675 0.0050483 -0.006522 0.068099 -0.055371 0.0029259 -0.050205 0.046196 0.0029259 -0.058757 -0.12819 -0.019015 0.093474 0.16552 -0.026003 0.051691 -0.010504 -0.22028 0.13298 -0.010574 -0.18374 0.065355 0.0096817 -0.30067 0.13124 -0.063137 -0.23955 0.096977 -0.088325 0.069308 -0.43289 0.040303 0.075022 -0.44179 -0.0704 0.16767 -0.75147 0.0046693 0.15259 -0.76459 -0.11299 0.12823 -0.8249 0.0087196 0.08889 -0.83305 0.042356 -0.06768 0.60009
-0.11471 0.013838 0.35591 0.17081 -0.019273 0.31672 0.034739 -0.029013 0.40675 0.0050705 -0.0065257 0.068097 -0.055327 0.0029357 -0.050252 0.046224 0.0029357 -0.058735 -0.12596 -0.022224 0.093073 0.16343 -0.025888 0.051106 -0.0034907 -0.22051 0.12759 -0.01102 -0.1851 0.063962 0.013581 -0.30045 0.13842 -0.063207 -0.24112 0.096623 -0.088631 0.069242 -0.43293 0.040138 0.075151 -0.44174 -0.070831 0.1676 -0.75151 0.0043783 0.15262 -0.76455 -0.11336 0.12811 -0.82495 0.0085377 0.08895 -0.83304 0.042593 -0.067588 0.60005
-0.11433 0.013625 0.35504 0.1707 -0.019778 0.31611 0.034977 -0.028669 0.40675 0.0050989 -0.0065267 0.068095 -0.055286 0.0029422 -0.050297 0.046254 0.0029422 -0.05871 -0.12397 -0.025925 0.092652 0.16143 -0.025711 0.050542 0.0046275 -0.22104 0.12145 -0.010934 -0.18708 0.064125 0.014963 -0.29922 0.14486 -0.063435 -0.24246 0.097322 -0.088954 0.069156 -0.43295 0.039964 0.075274 -0.44169 -0.071291 0.16751 -0.75155 0.0040703 0.15264 -0.76451 -0.11375 0.12796 -0.825 0.0083474 0.089 -0.83302 0.042825 -0.067469 0.60001
-0.11396 0.013397 0.35417 0.17058 -0.020182 0.31551 0.035214 -0.028283 0.40676 0.0051334 -0.0065248 0.068093 -0.055248 0.0029453 -0.050339 0.046288 0.0029453 -0.058683 -0.1222 -0.02989 0.092239 0.15952 -0.025598 0.050001 0.012677 -0.22199 0.11616 -0.010804 -0.18921 0.065109 0.01628 -0.29754 0.15024 -0.063926 -0.24355 0.098545 -0.08929 0.069053 -0.43298 0.03978 0.075393 -0.44164 -0.071777 0.1674 -0.75159 0.0037475 0.15265 -0.76447 -0.11415 0.12778 -0.82505 0.0081488 0.089042 -0.83299 0.043053 -0.067322 0.59997
-0.1136 0.01316 0.35331 0.17045 -0.020485 0.31492 0.035447 -0.027856 0.40677 0.0051739 -0.00652 0.06809 -0.055213 0.0029449 -0.050377 0.046326 0.0029449 -0.058654 -0.12062 -0.033892 0.091861 0.1577 -0.025675 0.049483 0.019486 -0.22345 0.11334 -0.011118 -0.19103 0.06618 0.01998 -0.29597 0.15424 -0.064786 -0.24438 0.099764 -0.089637 0.068936 -0.43301 0.039589 0.075508 -0.44158 -0.072283 0.16727 -0.75162 0.0034122 0.15266 -0.76442 -0.11458 0.12758 -0.82509 0.0079425 0.089078 -0.83296 0.043277 -0.067146 0.59992
-0.11326 0.012918 0.35246 0.17032 -0.02069 0.31435 0.035672 -0.027391 0.40678 0.0052202 -0.006512 0.068087 -0.055183 0.0029409 -0.05041 0.046367 0.0029409 -0.058622 -0.11921 -0.037711 0.091543 0.15598 -0.026062 0.048988 0.023939 -0.22551 0.11449 -0.012335 -0.19209 0.066627 0.028385 -0.29504 0.15656 -0.066109 -0.24492 0.10047 -0.089991 0.068806 -0.43303 0.039391 0.075621 -0.44152 -0.072804 0.16713 -0.75166 0.0030666 0.15267 -0.76438 -0.11501 0.12736 -0.82513 0.0077288 0.089108 -0.83293 0.043498 -0.06694 0.59988
-0.11293 0.012673 0.35162 0.17017 -0.020801 0.31379 0.035886 -0.026887 0.40679 0.0052718 -0.0064999 0.068084 -0.055157 0.002933 -0.050439 0.04641 0.002933 -0.058588 -0.11797 -0.041305 0.091303 0.15444 -0.026781 0.048514 0.026125 -0.22796 0.11938 -0.01439 -0.19236 0.066206 0.041252 -0.29487 0.1573 -0.067737 -0.24527 0.10042 -0.090352 0.068664 -0.43304 0.039185 0.07573 -0.44146 -0.073341 0.16698 -0.75169 0.0027105 0.15267 -0.76432 -0.11545 0.12713 -0.82517 0.0075071 0.089134 -0.83289 0.043714 -0.066696 0.59984
-0.11263 0.012423 0.3508 0.17001 -0.020828 0.31325 0.036087 -0.02634 0.4068 0.0053283 -0.0064825 0.068082 -0.055136 0.002921 -0.050464 0.046454 0.002921 -0.058553 -0.11692 -0.044788 0.09115 0.15327 -0.027761 0.048053 0.027228 -0.23028 0.12617 -0.016738 -0.19216 0.065104 0.05599 -0.29518 0.1569 -0.06928 -0.24568 0.099638 -0.090722 0.068507 -0.43305 0.038969 0.075832 -0.4414 -0.073895 0.16681 -0.75171 0.0023421 0.15266 -0.76427 -0.11592 0.12688 -0.82519 0.0072759 0.089151 -0.83286 0.043926 -0.066404 0.5998
-0.11234 0.012165 0.34998 0.16984 -0.020779 0.31273 0.036276 -0.025746 0.40682 0.0053891 -0.0064582 0.068079 -0.055117 0.0029047 -0.050484 0.046498 0.0029047 -0.058519 -0.11607 -0.048282 0.091091 0.15264 -0.028926 0.047597 0.028475 -0.23194 0.13297 -0.018813 -0.19186 0.063522 0.069923 -0.29568 0.15585 -0.070342 -0.24635 0.098165 -0.091101 0.068333 -0.43307 0.038741 0.075926 -0.44134 -0.074469 0.16663 -0.75174 0.0019593 0.15263 -0.76422 -0.11643 0.12662 -0.82521 0.0070334 0.089156 -0.83282 0.04413 -0.066052 0.59977
-0.11207 0.011895 0.34916 0.16966 -0.020662 0.31223 0.036449 -0.025101 0.40685 0.0054536 -0.0064257 0.068077 -0.055102 0.002884 -0.050502 0.04654 0.002884 -0.058487 -0.11545 -0.05191 0.091135 0.15273 -0.030204 0.047138 0.031093 -0.23243 0.13787 -0.02005 -0.19179 0.061661 0.080372 -0.2961 0.1546 -0.070526 -0.24753 0.096029 -0.091491 0.068139 -0.43307 0.038499 0.076008 -0.44128 -0.075065 0.16643 -0.75176 0.00156 0.1526 -0.76417 -0.11698 0.12635 -0.82523 0.0067782 0.089147 -0.83279 0.044326 -0.065629 0.59974
-0.11183 0.011613 0.34835 0.16948 -0.020487 0.31176 0.036607 -0.024402 0.40687 0.0055212 -0.0063835 0.068076 -0.05509 0.0028585 -0.050517 0.046579 0.0028585 -0.058458 -0.11507 -0.055775 0.091286 0.1537 -0.031522 0.046669 0.036183 -0.23128 0.13915 -0.019929 -0.19229 0.059722 0.084891 -0.29616 0.1536 -0.069474 -0.24941 0.093286 -0.091895 0.067921 -0.43308 0.03824 0.076076 -0.44123 -0.075686 0.16621 -0.75178 0.0011426 0.15254 -0.76413 -0.11759 0.12608 -0.82523 0.0065089 0.089121 -0.83276 0.044512 -0.065125 0.59973
-0.1116 0.011317 0.34754 0.16929 -0.020262 0.31131 0.036752 -0.023656 0.4069 0.0055915 -0.0063321 0.068075 -0.05508 0.0028283 -0.05053 0.046614 0.0028283 -0.058431 -0.11494 -0.059795 0.091518 0.15545 -0.032826 0.046199 0.043385 -0.22877 0.13699 -0.018449 -0.1934 0.057872 0.083706 -0.29598 0.15298 -0.067302 -0.25184 0.090238 -0.092309 0.067683 -0.43309 0.037966 0.07613 -0.44118 -0.076328 0.16598 -0.75179 0.00070913 0.15246 -0.76409 -0.11824 0.1258 -0.82522 0.0062269 0.089079 -0.83275 0.044685 -0.064552 0.59972
-0.11138 0.011009 0.34675 0.16912 -0.019995 0.31088 0.036892 -0.022877 0.40693 0.0056643 -0.006273 0.068074 -0.055072 0.0027937 -0.05054 0.046645 0.0027937 -0.058408 -0.11505 -0.063764 0.091778 0.15772 -0.034076 0.045741 0.051395 -0.22565 0.13284 -0.015946 -0.19498 0.05626 0.078768 -0.29592 0.15265 -0.064427 -0.25445 0.08735 -0.092729 0.067429 -0.43309 0.037681 0.076172 -0.44113 -0.076984 0.16573 -0.75181 0.00026413 0.15237 -0.76406 -0.1189 0.12551 -0.8252 0.0059355 0.089022 -0.83273 0.044846 -0.063934 0.59971
-0.11116 0.010692 0.34598 0.16896 -0.019695 0.31048 0.037033 -0.022078 0.40696 0.0057391 -0.0062079 0.068074 -0.055067 0.002755 -0.050548 0.046675 0.002755 -0.058386 -0.1154 -0.067477 0.092018 0.16027 -0.035233 0.04531 0.058896 -0.22268 0.12816 -0.012758 -0.19689 0.055033 0.072058 -0.29633 0.15254 -0.061275 -0.25685 0.08509 -0.093151 0.067161 -0.4331 0.03739 0.076202 -0.44109 -0.077645 0.16546 -0.75182 -0.00018781 0.15227 -0.76403 -0.11955 0.12518 -0.82519 0.005638 0.088952 -0.83272 0.044991 -0.063297 0.59971
-0.11095 0.010367 0.34526 0.16882 -0.01937 0.31011 0.037183 -0.021273 0.40698 0.0058158 -0.0061382 0.068074 -0.055063 0.0027122 -0.050554 0.046702 0.0027122 -0.058366 -0.11599 -0.070725 0.092186 0.16282 -0.036256 0.044923 0.06457 -0.22062 0.12439 -0.0092263 -0.19898 0.054339 0.065556 -0.29756 0.15257 -0.058269 -0.25866 0.083924 -0.09357 0.066885 -0.4331 0.037097 0.076223 -0.44105 -0.078306 0.16519 -0.75184 -0.00064212 0.15216 -0.764 -0.12016 0.12482 -0.82518 0.0053375 0.088873 -0.8327 0.04512 -0.062666 0.5997
-0.11073 0.010036 0.34458 0.16872 -0.019027 0.30977 0.037346 -0.020474 0.40701 0.005894 -0.0060652 0.068074 -0.055062 0.0026656 -0.050558 0.046727 0.0026656 -0.058348 -0.11679 -0.073332 0.09224 0.16515 -0.037113 0.044592 0.067292 -0.22009 0.12282 -0.0056583 -0.20113 0.054305 0.061102 -0.29985 0.15265 -0.055764 -0.25959 0.084243 -0.093982 0.066604 -0.4331 0.036804 0.076235 -0.44101 -0.07896 0.16492 -0.75185 -0.0010946 0.15205 -0.76398 -0.12072 0.12441 -0.82517 0.005037 0.088785 -0.83269 0.045231 -0.062062 0.59968
-0.11051 0.0097004 0.34394 0.16864 -0.018668 0.30945 0.03752 -0.019681 0.40703 0.0059731 -0.005989 0.068073 -0.055062 0.0026148 -0.050561 0.046751 0.0026148 -0.058331 -0.11778 -0.075335 0.092181 0.16724 -0.03782 0.044316 0.06737 -0.22093 0.12328 -0.002122 -0.20328 0.054884 0.059493 -0.30261 0.15273 -0.053614 -0.25986 0.085868 -0.094388 0.066319 -0.4331 0.036513 0.076237 -0.44098 -0.079603 0.16463 -0.75186 -0.0015436 0.15193 -0.76395 -0.12122 0.12397 -0.82517 0.0047365 0.088689 -0.83267 0.045326 -0.061479 0.59966
-0.11029 0.0093619 0.34334 0.16859 -0.018291 0.30915 0.037698 -0.018889 0.40705 0.0060526 -0.005909 0.068073 -0.055063 0.0025593 -0.050562 0.046772 0.0025593 -0.058317 -0.11886 -0.07687 0.092035 0.16915 -0.038419 0.044088 0.065756 -0.22254 0.125 0.0014217 -0.20545 0.055958 0.061058 -0.30489 0.15274 -0.051447 -0.25993 0.088364 -0.094788 0.06603 -0.4331 0.036221 0.076227 -0.44095 -0.080235 0.16435 -0.75187 -0.0019887 0.15179 -0.76393 -0.1217 0.12351 -0.82518 0.0044345 0.088583 -0.83266 0.045411 -0.060901 0.59964
-0.11007 0.0090226 0.34277 0.16854 -0.017894 0.30887 0.037873 -0.018093 0.40707 0.0061318 -0.0058246 0.068074 -0.055066 0.0024985 -0.050562 0.04679 0.0024985 -0.058305 -0.11999 -0.078074 0.091825 0.17095 -0.038949 0.043898 0.063403 -0.22435 0.12717 0.0050128 -0.20763 0.057407 0.066125 -0.30571 0.15264 -0.048889 -0.2603 0.091295 -0.095185 0.065737 -0.4331 0.035926 0.076203 -0.44092 -0.080857 0.16405 -0.75188 -0.0024296 0.15165 -0.76391 -0.12217 0.12305 -0.82518 0.0041297 0.088465 -0.83266 0.045489 -0.060308 0.59961
-0.10986 0.0086841 0.34222 0.16849 -0.017474 0.3086 0.03804 -0.017289 0.40708 0.00621 -0.005735 0.068074 -0.055069 0.0024318 -0.050562 0.046805 0.0024318 -0.058296 -0.12107 -0.079082 0.091576 0.17273 -0.039451 0.04374 0.061265 -0.2258 0.12902 0.0086909 -0.20982 0.059109 0.075021 -0.3041 0.15237 -0.045569 -0.26141 0.094225 -0.09558 0.06544 -0.4331 0.035626 0.076161 -0.4409 -0.081467 0.16375 -0.75188 -0.0028657 0.15149 -0.7639 -0.12267 0.12262 -0.82517 0.0038207 0.088335 -0.83266 0.045564 -0.059683 0.59959
-0.10966 0.0083482 0.34168 0.16843 -0.01703 0.30834 0.038191 -0.016473 0.4071 0.0062867 -0.0056402 0.068075 -0.055073 0.0023589 -0.050561 0.046815 0.0023589 -0.058291 -0.12207 -0.080006 0.091308 0.17453 -0.039958 0.043608 0.06012 -0.22641 0.12989 0.012472 -0.21201 0.060947 0.087603 -0.29946 0.15188 -0.041232 -0.26362 0.096785 -0.095975 0.065138 -0.43309 0.035321 0.076101 -0.44088 -0.082065 0.16344 -0.75189 -0.0032964 0.15131 -0.7639 -0.12322 0.12223 -0.82517 0.003507 0.088191 -0.83268 0.04564 -0.059012 0.59958
-0.10947 0.0080172 0.34116 0.16836 -0.01657 0.30809 0.038325 -0.015657 0.40712 0.0063609 -0.0055418 0.068076 -0.055077 0.0022811 -0.05056 0.046822 0.0022811 -0.058288 -0.123 -0.080829 0.091021 0.17633 -0.040468 0.0435 0.059883 -0.22624 0.12981 0.016257 -0.21414 0.062805 0.10143 -0.29286 0.15122 -0.036219 -0.26666 0.09892 -0.096367 0.064835 -0.43309 0.035014 0.076024 -0.44087 -0.08265 0.16313 -0.7519 -0.0037186 0.15112 -0.7639 -0.1238 0.12188 -0.82515 0.0031921 0.088037 -0.8327 0.045712 -0.058292 0.59958
-0.1093 0.0076934 0.34066 0.16828 -0.0161 0.30786 0.038441 -0.014858 0.40713 0.0064315 -0.0054425 0.068077 -0.055082 0.0022001 -0.050558 0.046826 0.0022001 -0.058288 -0.12391 -0.081499 0.090707 0.17809 -0.040967 0.043419 0.060209 -0.2255 0.12902 0.019911 -0.21615 0.064574 0.11337 -0.28592 0.15043 -0.031048 -0.27006 0.10067 -0.096753 0.064533 -0.43308 0.034711 0.075934 -0.44086 -0.083219 0.16281 -0.7519 -0.004129 0.15093 -0.7639 -0.1244 0.12156 -0.82513 0.0028809 0.087877 -0.83273 0.045776 -0.057528 0.59959
-0.10915 0.0073791 0.3402 0.1682 -0.015628 0.30765 0.038537 -0.014091 0.40715 0.0064977 -0.0053446 0.068079 -0.055087 0.0021175 -0.050556 0.04683 0.0021175 -0.058288 -0.12485 -0.081965 0.090358 0.17977 -0.041442 0.043368 0.060749 -0.2244 0.12778 0.0233 -0.21796 0.066141 0.12027 -0.28024 0.14958 -0.026238 -0.27334 0.10209 -0.097129 0.064235 -0.43307 0.034417 0.075833 -0.44085 -0.08377 0.1625 -0.7519 -0.004524 0.15072 -0.76391 -0.125 0.12125 -0.82511 0.0025782 0.087715 -0.83276 0.045825 -0.056722 0.59962
-0.10902 0.0070765 0.33977 0.16813 -0.015162 0.30747 0.038613 -0.013371 0.40717 0.0065583 -0.0052505 0.06808 -0.055093 0.002035 -0.050554 0.046833 0.002035 -0.058289 -0.12587 -0.082171 0.089968 0.18133 -0.041879 0.043347 0.061158 -0.22314 0.12632 0.026288 -0.21951 0.067395 0.119 -0.27742 0.14872 -0.022307 -0.27606 0.10321 -0.097491 0.063945 -0.43306 0.034138 0.075723 -0.44085 -0.084301 0.1622 -0.75191 -0.0049001 0.15052 -0.76391 -0.12558 0.12096 -0.8251 0.002289 0.087555 -0.83279 0.045855 -0.055877 0.59967
-0.10891 0.0067874 0.33938 0.16805 -0.014707 0.30732 0.038668 -0.012709 0.40718 0.0066128 -0.0051617 0.068082 -0.055098 0.0019537 -0.050551 0.046836 0.0019537 -0.058289 -0.12699 -0.082089 0.089535 0.18273 -0.042269 0.04336 0.061151 -0.22193 0.12484 0.028795 -0.22076 0.068266 0.10791 -0.27849 0.1479 -0.019541 -0.27793 0.10404 -0.097837 0.063665 -0.43305 0.033878 0.075607 -0.44085 -0.084811 0.16189 -0.75191 -0.0052557 0.15032 -0.76392 -0.12613 0.12068 -0.82509 0.0020158 0.087401 -0.83283 0.04586 -0.054999 0.59973
-0.10882 0.0065115 0.33903 0.16798 -0.014263 0.30721 0.038702 -0.0121 0.4072 0.0066614 -0.0050765 0.068084 -0.055104 0.0018726 -0.050547 0.046839 0.0018726 -0.058289 -0.1282 -0.081764 0.089067 0.184 -0.042622 0.043405 0.060655 -0.22093 0.12343 0.030913 -0.22179 0.068825 0.090212 -0.2825 0.1471 -0.017454 -0.27932 0.10447 -0.098169 0.063391 -0.43305 0.033631 0.075484 -0.44085 -0.085302 0.1616 -0.75192 -0.0055944 0.15013 -0.76392 -0.12665 0.1204 -0.82508 0.0017549 0.087248 -0.83287 0.045841 -0.054096 0.59981
-0.10875 0.0062482 0.3387 0.16792 -0.013826 0.30712 0.038715 -0.011534 0.40721 0.0067048 -0.0049923 0.068086 -0.055111 0.0017904 -0.050544 0.046843 0.0017904 -0.058289 -0.12946 -0.081254 0.08858 0.18514 -0.042948 0.043482 0.059638 -0.22027 0.12215 0.03277 -0.22268 0.06917 0.070144 -0.28812 0.14632 -0.015404 -0.28074 0.10436 -0.098489 0.063122 -0.43304 0.033391 0.075353 -0.44085 -0.085775 0.16131 -0.75192 -0.0059214 0.14993 -0.76393 -0.12715 0.12011 -0.82508 0.0015006 0.087095 -0.8329 0.045797 -0.053179 0.5999
-0.10871 0.0059967 0.33841 0.16786 -0.013393 0.30707 0.038707 -0.011002 0.40723 0.0067435 -0.0049065 0.068088 -0.055117 0.0017057 -0.05054 0.046846 0.0017057 -0.058289 -0.13074 -0.08062 0.088087 0.18619 -0.043259 0.04359 0.058067 -0.22012 0.12105 0.034494 -0.22353 0.0694 0.051927 -0.294 0.14556 -0.012749 -0.28268 0.10356 -0.098799 0.062854 -0.43303 0.033153 0.075211 -0.44085 -0.086231 0.16103 -0.75192 -0.0062417 0.14973 -0.76394 -0.12762 0.11983 -0.82507 0.0012477 0.086935 -0.83294 0.045729 -0.052259 0.6
-0.10868 0.0057566 0.33813 0.1678 -0.012962 0.30705 0.03868 -0.010494 0.40724 0.0067781 -0.0048169 0.068091 -0.055123 0.0016172 -0.050536 0.046849 0.0016172 -0.058289 -0.13199 -0.079923 0.087601 0.18716 -0.043567 0.043728 0.05591 -0.22062 0.12019 0.036213 -0.22443 0.069613 0.039775 -0.29882 0.14479 -0.0088499 -0.28564 0.10193 -0.099102 0.062584 -0.43302 0.032911 0.075057 -0.44085 -0.086672 0.16074 -0.75192 -0.0065603 0.14952 -0.76394 -0.12806 0.11953 -0.82506 0.00099083 0.086766 -0.83298 0.045636 -0.051346 0.60011
-0.10867 0.0055267 0.33787 0.16774 -0.012532 0.30706 0.038634 -0.010005 0.40726 0.0068092 -0.0047218 0.068095 -0.05513 0.0015243 -0.050532 0.04685 0.0015243 -0.058291 -0.1332 -0.079201 0.087131 0.18808 -0.043884 0.043896 0.053153 -0.22185 0.11961 0.037997 -0.22544 0.069873 0.035845 -0.30186 0.14405 -0.0035353 -0.28975 0.099522 -0.099399 0.062311 -0.43301 0.03266 0.074891 -0.44086 -0.0871 0.16046 -0.75192 -0.0068805 0.1493 -0.76395 -0.12849 0.11923 -0.82505 0.0007266 0.086585 -0.83302 0.045521 -0.050449 0.60021
-0.10868 0.0053057 0.33763 0.16769 -0.012108 0.30708 0.038573 -0.0095346 0.40728 0.0068372 -0.0046217 0.068099 -0.055136 0.001428 -0.050528 0.046849 0.001428 -0.058294 -0.13435 -0.078449 0.086675 0.18898 -0.04423 0.04409 0.04982 -0.22376 0.11932 0.039784 -0.2265 0.070165 0.037702 -0.3038 0.14351 0.0023198 -0.29434 0.09676 -0.099692 0.062035 -0.433 0.032403 0.074715 -0.44087 -0.087516 0.16018 -0.75192 -0.0072015 0.14907 -0.76397 -0.1289 0.11893 -0.82504 0.00045657 0.086395 -0.83306 0.04539 -0.04958 0.60032
-0.1087 0.005092 0.3374 0.16763 -0.011695 0.30712 0.0385 -0.0090856 0.4073 0.0068627 -0.0045175 0.068103 -0.055142 0.0013299 -0.050523 0.046846 0.0013299 -0.058298 -0.13546 -0.077656 0.086229 0.18988 -0.044622 0.044308 0.045941 -0.22629 0.11933 0.041493 -0.22755 0.070464 0.042292 -0.3055 0.14333 0.0076989 -0.29862 0.094133 -0.099981 0.061759 -0.43299 0.032143 0.074533 -0.44088 -0.087925 0.1599 -0.75191 -0.0075223 0.14884 -0.76398 -0.12929 0.11862 -0.82502 0.00018288 0.0862 -0.83311 0.045246 -0.048746 0.60042
-0.10874 0.0048841 0.3372 0.16757 -0.0113 0.30717 0.038421 -0.0086597 0.40731 0.0068862 -0.00441 0.068108 -0.055149 0.0012312 -0.050519 0.04684 0.0012312 -0.058306 -0.1365 -0.076809 0.085789 0.19081 -0.045081 0.044546 0.041545 -0.22937 0.11964 0.043045 -0.22851 0.070744 0.046557 -0.30785 0.14368 0.011585 -0.3018 0.092127 -0.10027 0.061483 -0.43298 0.031883 0.074347 -0.44089 -0.088326 0.15963 -0.75191 -0.0078417 0.1486 -0.764 -0.12968 0.1183 -0.82501 -9.2321e-05 0.086001 -0.83315 0.045098 -0.047957 0.60051
-0.10878 0.0046805 0.33701 0.1675 -0.010928 0.3072 0.038338 -0.0082588 0.40733 0.0069081 -0.0043 0.068113 -0.055155 0.0011333 -0.050514 0.046829 0.0011333 -0.058316 -0.13749 -0.075898 0.085351 0.19179 -0.045624 0.0448 0.036667 -0.23291 0.12026 0.044361 -0.22934 0.070981 0.04748 -0.31167 0.14472 0.012975 -0.30311 0.091224 -0.10055 0.061209 -0.43297 0.031625 0.074159 -0.44091 -0.088723 0.15935 -0.7519 -0.0081585 0.14837 -0.76402 -0.13005 0.11799 -0.82499 -0.0003669 0.085803 -0.8332 0.04495 -0.047222 0.6006
-0.10882 0.0044817 0.33684 0.16743 -0.010582 0.30723 0.038254 -0.0078836 0.40735 0.0069287 -0.0041884 0.068117 -0.055161 0.0010373 -0.050509 0.046815 0.0010373 -0.058329 -0.13842 -0.074927 0.084918 0.19282 -0.046253 0.045067 0.031653 -0.23655 0.12099 0.045407 -0.22999 0.071164 0.044332 -0.31672 0.14614 0.011623 -0.30235 0.091551 -0.10083 0.060939 -0.43296 0.031372 0.073973 -0.44093 -0.089116 0.15908 -0.7519 -0.0084709 0.14814 -0.76404 -0.13042 0.11769 -0.82498 -0.0006387 0.085607 -0.83324 0.044805 -0.046546 0.60068
-0.10887 0.0042918 0.3367 0.16734 -0.010262 0.30725 0.03817 -0.0075336 0.40737 0.0069477 -0.0040762 0.068122 -0.055168 0.00094353 -0.050504 0.046798 0.00094353 -0.058345 -0.13929 -0.073929 0.084502 0.19388 -0.046942 0.04534 0.02733 -0.23938 0.1213 0.046219 -0.2305 0.071306 0.039928 -0.32103 0.1469 0.0084571 -0.30021 0.092694 -0.1011 0.060675 -0.43295 0.031126 0.073789 -0.44096 -0.089499 0.15882 -0.75189 -0.0087761 0.14792 -0.76407 -0.13079 0.11739 -0.82497 -0.00090556 0.085415 -0.83329 0.044662 -0.045928 0.60075
-0.10893 0.004115 0.33658 0.16726 -0.0099661 0.30726 0.038086 -0.0072077 0.40738 0.0069646 -0.0039643 0.068127 -0.055174 0.00085238 -0.050499 0.04678 0.00085238 -0.05836 -0.14011 -0.072938 0.084113 0.19492 -0.047662 0.045613 0.024568 -0.24051 0.12065 0.046838 -0.2309 0.071419 0.03739 -0.32247 0.14588 0.0045076 -0.29748 0.094187 -0.10137 0.060419 -0.43294 0.030887 0.073608 -0.44098 -0.08987 0.15856 -0.75188 -0.0090715 0.14771 -0.76409 -0.13114 0.1171 -0.82495 -0.0011653 0.085227 -0.83334 0.04452 -0.045363 0.60082
-0.10899 0.0039556 0.33648 0.16717 -0.0096936 0.30727 0.038002 -0.0069051 0.4074 0.0069793 -0.0038538 0.068132 -0.055181 0.00076425 -0.050493 0.046763 0.00076425 -0.058375 -0.14088 -0.071987 0.083764 0.19591 -0.048383 0.045879 0.024236 -0.23899 0.1185 0.047307 -0.23122 0.071519 0.03984 -0.31894 0.142 0.00080467 -0.29494 0.095568 -0.10162 0.060174 -0.43293 0.030658 0.07343 -0.441 -0.090222 0.15832 -0.75188 -0.0093541 0.1475 -0.76412 -0.13148 0.11682 -0.82494 -0.0014159 0.085045 -0.83338 0.044377 -0.044851 0.60088
-0.10906 0.0038177 0.3364 0.16707 -0.0094435 0.30727 0.037919 -0.006625 0.40741 0.0069913 -0.0037455 0.068137 -0.055187 0.00067948 -0.050488 0.046748 0.00067948 -0.058388 -0.14161 -0.071111 0.083468 0.1968 -0.04908 0.046132 0.027158 -0.23397 0.11434 0.047666 -0.2315 0.071618 0.050268 -0.30842 0.13419 -0.0016476 -0.29333 0.096385 -0.10185 0.059942 -0.43292 0.03044 0.073255 -0.44103 -0.090552 0.15808 -0.75187 -0.0096212 0.1473 -0.76414 -0.1318 0.11656 -0.82491 -0.001655 0.084869 -0.83342 0.044232 -0.044388 0.60093
-0.10914 0.0037019 0.33635 0.16698 -0.0092147 0.30728 0.037837 -0.0063657 0.40743 0.0070007 -0.0036395 0.068142 -0.055193 0.00059812 -0.050482 0.046735 0.00059812 -0.058399 -0.14231 -0.070324 0.083227 0.19759 -0.049748 0.04637 0.032969 -0.2259 0.10841 0.047945 -0.23177 0.071717 0.068099 -0.29174 0.123 -0.002542 -0.29291 0.096499 -0.10207 0.059723 -0.43291 0.030233 0.073084 -0.44104 -0.090858 0.15786 -0.75186 -0.0098723 0.14711 -0.76416 -0.13211 0.11631 -0.82489 -0.0018824 0.0847 -0.83345 0.044086 -0.04397 0.60098
-0.10922 0.0036051 0.33631 0.16689 -0.0090063 0.30728 0.037757 -0.0061247 0.40744 0.0070085 -0.0035348 0.068146 -0.055199 0.00051985 -0.050476 0.046725 0.00051985 -0.058409 -0.14296 -0.069624 0.083035 0.19829 -0.05041 0.046599 0.039999 -0.21666 0.10181 0.048162 -0.23206 0.071804 0.088869 -0.27288 0.11066 -0.0023318 -0.29334 0.096116 -0.10228 0.059517 -0.4329 0.030038 0.072916 -0.44106 -0.091145 0.15766 -0.75186 -0.010109 0.14693 -0.76417 -0.1324 0.11608 -0.82487 -0.0020995 0.084537 -0.83348 0.043942 -0.043588 0.60102
-0.1093 0.0035238 0.33629 0.1668 -0.008817 0.30727 0.037679 -0.0058995 0.40745 0.0070153 -0.0034303 0.068151 -0.055206 0.00044432 -0.05047 0.046715 0.00044432 -0.058417 -0.14359 -0.069005 0.082885 0.19892 -0.051091 0.046824 0.046515 -0.20822 0.095686 0.04833 -0.23238 0.071863 0.10792 -0.25595 0.099521 -0.0015085 -0.29428 0.095456 -0.10247 0.059322 -0.43289 0.029856 0.072749 -0.44108 -0.091415 0.15747 -0.75185 -0.010333 0.14676 -0.76419 -0.13265 0.11586 -0.82485 -0.0023078 0.084382 -0.83351 0.043805 -0.043234 0.60106
-0.10938 0.0034547 0.33628 0.16671 -0.008646 0.30726 0.037605 -0.0056878 0.40747 0.007022 -0.003325 0.068155 -0.055212 0.00037119 -0.050463 0.046705 0.00037119 -0.058426 -0.14417 -0.068463 0.082769 0.19949 -0.051815 0.04705 0.050784 -0.20255 0.091162 0.048467 -0.23277 0.07188 0.12059 -0.24505 0.091914 -0.00056392 -0.29538 0.094743 -0.10266 0.059137 -0.43288 0.029686 0.072582 -0.4411 -0.09167 0.15728 -0.75184 -0.010547 0.14659 -0.7642 -0.13288 0.11564 -0.82483 -0.0025089 0.084233 -0.83354 0.043678 -0.042901 0.6011
-0.10946 0.0033945 0.33627 0.16662 -0.0084919 0.30726 0.037534 -0.005487 0.40748 0.0070292 -0.003218 0.06816 -0.055219 0.00030015 -0.050456 0.046694 0.00030015 -0.058434 -0.14473 -0.067993 0.082682 0.20003 -0.052605 0.047282 0.051192 -0.20146 0.089302 0.048588 -0.23324 0.071845 0.12254 -0.24401 0.090009 3.2358e-05 -0.29629 0.09419 -0.10284 0.05896 -0.43286 0.029529 0.072415 -0.44112 -0.091915 0.15711 -0.75183 -0.010751 0.14643 -0.76421 -0.13308 0.11543 -0.82483 -0.0027041 0.084092 -0.83357 0.043565 -0.042581 0.60113
-0.10953 0.0033411 0.33628 0.16653 -0.0083524 0.30724 0.037466 -0.0052959 0.40749 0.0070371 -0.0031091 0.068164 -0.055226 0.00023107 -0.050448 0.046683 0.00023107 -0.058444 -0.14525 -0.067589 0.082618 0.20054 -0.053455 0.04752 0.047932 -0.2047 0.09 0.04871 -0.23381 0.071801 0.11439 -0.25219 0.093469 0.00014051 -0.29689 0.093911 -0.10301 0.058791 -0.43285 0.029384 0.072247 -0.44114 -0.092152 0.15694 -0.75181 -0.010949 0.14628 -0.76422 -0.13324 0.11522 -0.82483 -0.0028942 0.083957 -0.83359 0.043466 -0.042271 0.60117
-0.10961 0.0032936 0.33628 0.16645 -0.0082239 0.30723 0.037401 -0.005114 0.4075 0.007045 -0.0029994 0.068168 -0.055234 0.000164 -0.050441 0.046671 0.000164 -0.058453 -0.14574 -0.067243 0.082574 0.20102 -0.054337 0.047759 0.042585 -0.2104 0.092254 0.048851 -0.23444 0.071829 0.10053 -0.26548 0.10003 -0.0001254 -0.29722 0.093937 -0.10318 0.058627 -0.43284 0.029247 0.072082 -0.44117 -0.092381 0.15678 -0.7518 -0.01114 0.14614 -0.76424 -0.13339 0.11501 -0.82484 -0.0030793 0.08383 -0.83362 0.043377 -0.041972 0.6012
-0.10968 0.003251 0.33629 0.16636 -0.0081031 0.30722 0.037339 -0.004941 0.40751 0.0070523 -0.0028896 0.068172 -0.055241 9.8992e-05 -0.050432 0.046659 9.8992e-05 -0.058463 -0.1462 -0.066947 0.082546 0.20145 -0.055221 0.047994 0.036768 -0.21665 0.095038 0.049029 -0.23511 0.072015 0.085454 -0.27973 0.10737 -0.00064476 -0.29732 0.0943 -0.10334 0.058468 -0.43282 0.029116 0.071921 -0.44119 -0.092604 0.15663 -0.75179 -0.011326 0.146 -0.76424 -0.13353 0.11482 -0.82485 -0.0032595 0.083711 -0.83364 0.043297 -0.041687 0.60124
-0.10976 0.0032121 0.33631 0.16628 -0.0079864 0.3072 0.037278 -0.0047764 0.40752 0.0070587 -0.0027806 0.068176 -0.055249 3.6096e-05 -0.050424 0.046648 3.6096e-05 -0.058472 -0.14664 -0.066693 0.082532 0.20184 -0.056078 0.048221 0.032101 -0.22153 0.097327 0.049262 -0.23581 0.072443 0.073661 -0.29076 0.11317 -0.001297 -0.29723 0.095031 -0.1035 0.058312 -0.43281 0.028989 0.071767 -0.44121 -0.092823 0.15649 -0.75177 -0.011509 0.14587 -0.76425 -0.13366 0.11463 -0.82486 -0.0034347 0.083599 -0.83367 0.04322 -0.041415 0.60127
-0.10983 0.0031761 0.33633 0.16621 -0.0078707 0.30719 0.037219 -0.0046199 0.40753 0.0070634 -0.0026732 0.06818 -0.055256 -2.4636e-05 -0.050416 0.046637 -2.4636e-05 -0.058481 -0.14705 -0.066474 0.082528 0.20217 -0.056883 0.048436 0.030044 -0.22332 0.09819 0.049566 -0.23651 0.073183 0.069215 -0.2948 0.11534 -0.0019682 -0.29699 0.096149 -0.10364 0.058157 -0.4328 0.028863 0.071621 -0.44123 -0.093037 0.15635 -0.75176 -0.011688 0.14575 -0.76426 -0.13381 0.11446 -0.82486 -0.003605 0.083496 -0.83369 0.043145 -0.041158 0.6013
-0.1099 0.0031429 0.33634 0.16613 -0.0077558 0.30718 0.03716 -0.0044712 0.40754 0.0070666 -0.0025679 0.068184 -0.055264 -8.3148e-05 -0.050408 0.046626 -8.3148e-05 -0.058489 -0.14744 -0.066283 0.082533 0.20246 -0.057629 0.048639 0.030639 -0.22198 0.097568 0.049929 -0.23721 0.074183 0.072206 -0.29176 0.1138 -0.0026068 -0.29664 0.09757 -0.10378 0.058004 -0.43279 0.028739 0.071484 -0.44125 -0.093248 0.15622 -0.75175 -0.011865 0.14563 -0.76427 -0.13398 0.11431 -0.82486 -0.0037703 0.083402 -0.83371 0.043071 -0.040916 0.60132
-0.10998 0.0031131 0.33637 0.16606 -0.007643 0.30717 0.037103 -0.0043305 0.40755 0.0070685 -0.002465 0.068187 -0.055271 -0.00013938 -0.0504 0.046617 -0.00013938 -0.058497 -0.14781 -0.066116 0.082545 0.20269 -0.058321 0.048828 0.033158 -0.21837 0.095872 0.050327 -0.23789 0.075325 0.080581 -0.28354 0.10957 -0.0031947 -0.29625 0.099156 -0.10391 0.057855 -0.43278 0.028619 0.071353 -0.44126 -0.093452 0.15609 -0.75173 -0.012038 0.14552 -0.76427 -0.13414 0.11417 -0.82486 -0.0039302 0.083315 -0.83373 0.042999 -0.040689 0.60135
-0.11005 0.0030871 0.33639 0.16599 -0.0075337 0.30716 0.037048 -0.0041977 0.40756 0.0070692 -0.0023649 0.068191 -0.055278 -0.00019327 -0.050392 0.046608 -0.00019327 -0.058503 -0.14817 -0.065968 0.082563 0.2029 -0.058963 0.049007 0.036867 -0.21336 0.093515 0.050738 -0.23857 0.076489 0.092267 -0.27205 0.10367 -0.003714 -0.29587 0.10076 -0.10403 0.057711 -0.43277 0.028504 0.071227 -0.44128 -0.093649 0.15597 -0.75172 -0.012204 0.14543 -0.76427 -0.13431 0.11403 -0.82485 -0.0040844 0.083235 -0.83375 0.042928 -0.040476 0.60137
-0.11012 0.0030654 0.33642 0.16592 -0.0074293 0.30715 0.036995 -0.0040728 0.40757 0.007069 -0.0022678 0.068194 -0.055285 -0.00024475 -0.050384 0.046601 -0.00024475 -0.058509 -0.1485 -0.065834 0.082587 0.20306 -0.05956 0.049174 0.041032 -0.20782 0.090913 0.051136 -0.23923 0.077557 0.10519 -0.25921 0.097121 -0.0041471 -0.29556 0.10226 -0.10415 0.057575 -0.43276 0.028396 0.071105 -0.44129 -0.093836 0.15586 -0.7517 -0.012364 0.14533 -0.76427 -0.13448 0.11391 -0.82485 -0.0042324 0.083163 -0.83377 0.04286 -0.040276 0.6014
-0.11018 0.0030485 0.33644 0.16586 -0.0073312 0.30715 0.036943 -0.0039558 0.40758 0.0070681 -0.002174 0.068197 -0.055292 -0.00029378 -0.050376 0.046594 -0.00029378 -0.058514 -0.14881 -0.065709 0.082614 0.2032 -0.060118 0.049331 0.044917 -0.20263 0.08848 0.051497 -0.23988 0.078408 0.11727 -0.24695 0.090954 -0.004476 -0.29537 0.10349 -0.10426 0.057448 -0.43275 0.028296 0.070984 -0.4413 -0.094013 0.15576 -0.75169 -0.012517 0.14525 -0.76427 -0.13463 0.1138 -0.82484 -0.004374 0.083098 -0.83379 0.042794 -0.04009 0.60142
-0.11025 0.0030368 0.33647 0.1658 -0.0072408 0.30714 0.036894 -0.0038468 0.40758 0.0070668 -0.002084 0.0682 -0.055298 -0.00034028 -0.050369 0.046589 -0.00034028 -0.058519 -0.14911 -0.065588 0.082643 0.20331 -0.060641 0.049478 0.04779 -0.19865 0.086632 0.051798 -0.24051 0.078924 0.12645 -0.23717 0.086192 -0.004683 -0.29535 0.10433 -0.10436 0.057331 -0.43274 0.028207 0.070863 -0.44132 -0.094178 0.15566 -0.75167 -0.01266 0.14517 -0.76427 -0.13477 0.1137 -0.82483 -0.0045089 0.083039 -0.8338 0.042731 -0.039915 0.60144
-0.11031 0.0030308 0.3365 0.16574 -0.0071595 0.30714 0.036848 -0.0037457 0.40759 0.0070653 -0.0019979 0.068203 -0.055304 -0.00038419 -0.050362 0.046584 -0.00038419 -0.058522 -0.1494 -0.065467 0.082675 0.2034 -0.061135 0.049617 0.048916 -0.19676 0.085783 0.052013 -0.24112 0.078985 0.13064 -0.2318 0.083858 -0.0047503 -0.29556 0.10463 -0.10446 0.057227 -0.43273 0.028131 0.070741 -0.44133 -0.09433 0.15558 -0.75166 -0.012792 0.1451 -0.76427 -0.13489 0.1136 -0.82483 -0.0046366 0.082986 -0.83381 0.042672 -0.039752 0.60146
-0.11037 0.003031 0.33654 0.16569 -0.0070887 0.30714 0.036805 -0.0036525 0.4076 0.0070639 -0.0019162 0.068205 -0.05531 -0.00042547 -0.050355 0.046581 -0.00042547 -0.058524 -0.14967 -0.06534 0.082706 0.20348 -0.061603 0.049748 0.047559 -0.19783 0.086347 0.05212 -0.24171 0.078473 0.12777 -0.23275 0.084978 -0.0046602 -0.29606 0.10425 -0.10455 0.057137 -0.43272 0.028068 0.070616 -0.44135 -0.094466 0.1555 -0.75165 -0.012914 0.14503 -0.76426 -0.13499 0.11351 -0.82483 -0.0047569 0.082939 -0.83382 0.042616 -0.039601 0.60147
-0.11043 0.0030378 0.33657 0.16565 -0.0070297 0.30714 0.036764 -0.0035672 0.4076 0.0070626 -0.001839 0.068208 -0.055315 -0.00046403 -0.050349 0.046578 -0.00046403 -0.058526 -0.14994 -0.065203 0.082737 0.20354 -0.062052 0.049871 0.042986 -0.20273 0.088741 0.052093 -0.24228 0.077269 0.11578 -0.24194 0.090576 -0.0043947 -0.2969 0.10305 -0.10463 0.057063 -0.43271 0.028021 0.070486 -0.44136 -0.094585 0.15544 -0.75163 -0.013022 0.14497 -0.76425 -0.13506 0.11342 -0.82483 -0.0048694 0.082898 -0.83383 0.042565 -0.03946 0.60149
