-0.15807 0.0053528 0.3232 0.12331 -0.0091602 0.33207 -0.020848 -0.021305 0.40814 -0.004336 -0.0062215 0.068176 -0.051995 0.00083889 -0.053766 0.054171 0.00083889 -0.051574 -0.22029 0.030091 0.06597 0.17874 0.0036055 0.072426 -0.17931 -0.12271 -0.1105 0.10784 -0.16379 -0.079631 -0.15374 -0.19763 -0.13441 0.074605 -0.2276 -0.12041 -0.038916 0.097112 -0.43126 0.06732 0.096439 -0.42924 0.0046089 0.15325 -0.75752 0.04396 0.14306 -0.75904 0.0672 0.13707 -0.82521 0.065002 0.094105 -0.836 -0.019941 -0.10178 0.58824
-0.15878 0.005725 0.32356 0.12314 -0.0092471 0.33267 -0.021375 -0.021435 0.40813 -0.0043467 -0.0061374 0.068181 -0.052132 0.00075767 -0.053636 0.054144 0.00075767 -0.051605 -0.22702 0.011039 0.065858 0.16919 -0.029388 0.07088 -0.16257 -0.17938 -0.053073 0.057348 -0.20741 -0.042066 -0.12921 -0.255 -0.054653 0.015396 -0.27687 -0.058691 -0.039022 0.097138 -0.43111 0.067437 0.096344 -0.42927 0.0044867 0.15317 -0.75738 0.04422 0.14302 -0.75907 0.067125 0.13713 -0.82506 0.065241 0.094092 -0.83605 -0.019953 -0.10105 0.58861
-0.15838 0.0060476 0.32369 0.12362 -0.0085136 0.33226 -0.02069 -0.019526 0.40825 -0.0042796 -0.0058965 0.068208 -0.052229 0.00052872 -0.053543 0.053984 0.00052872 -0.051775 -0.22766 -0.010779 0.067319 0.15729 -0.058871 0.073172 -0.14009 -0.21781 -0.0045706 0.017343 -0.23805 0.0040393 -0.10318 -0.29041 0.010687 -0.030158 -0.30554 0.0092636 -0.039478 0.096869 -0.43104 0.067627 0.096304 -0.42938 0.0039339 0.15293 -0.75732 0.044392 0.14296 -0.75919 0.066643 0.13708 -0.82498 0.065568 0.094145 -0.83619 -0.019265 -0.098296 0.5891
-0.15723 0.0064029 0.32367 0.12452 -0.0072424 0.33118 -0.019222 -0.016332 0.40843 -0.0041503 -0.0054917 0.068252 -0.052289 0.00020186 -0.053487 0.053727 0.00020186 -0.052042 -0.22434 -0.0327 0.069763 0.14495 -0.083834 0.077736 -0.11663 -0.24202 0.036212 -0.013389 -0.25738 0.051316 -0.078375 -0.3096 0.063594 -0.064791 -0.31835 0.073581 -0.040167 0.096426 -0.43103 0.067838 0.096306 -0.42954 0.0030608 0.1526 -0.75732 0.044469 0.14287 -0.75935 0.065861 0.13703 -0.82495 0.065925 0.094257 -0.83641 -0.018115 -0.09421 0.58967
-0.15572 0.0068732 0.32357 0.12561 -0.0057164 0.32982 -0.017401 -0.012606 0.40864 -0.0039748 -0.0049157 0.068306 -0.052313 -0.00017304 -0.053464 0.053411 -0.00017304 -0.052366 -0.21918 -0.052064 0.072602 0.13406 -0.10327 0.083004 -0.096987 -0.25602 0.070483 -0.036059 -0.2671 0.092395 -0.057495 -0.31833 0.10605 -0.09124 -0.32009 0.12439 -0.040973 0.095928 -0.43106 0.068015 0.096339 -0.42975 0.0019772 0.15224 -0.75736 0.044445 0.14279 -0.75956 0.064888 0.13705 -0.82499 0.066255 0.09442 -0.83667 -0.01674 -0.089477 0.59031
-0.15421 0.007541 0.32349 0.12664 -0.0042181 0.32853 -0.015656 -0.0091007 0.40882 -0.0037687 -0.0041613 0.068366 -0.052301 -0.00054618 -0.053473 0.053073 -0.00054618 -0.052707 -0.21429 -0.066211 0.075247 0.12655 -0.11618 0.087412 -0.085922 -0.26383 0.099451 -0.051879 -0.2689 0.11991 -0.043256 -0.32234 0.14003 -0.11224 -0.31552 0.15182 -0.04178 0.095497 -0.43111 0.068105 0.096392 -0.42996 0.00079342 0.15188 -0.75745 0.044311 0.14272 -0.75977 0.063831 0.13722 -0.82507 0.066502 0.094626 -0.83694 -0.015377 -0.084785 0.59099
-0.15298 0.0085466 0.3235 0.12745 -0.0029494 0.32757 -0.014277 -0.006322 0.40895 -0.0035468 -0.0032481 0.068426 -0.052259 -0.00087968 -0.05351 0.052745 -0.00087968 -0.053031 -0.21109 -0.073689 0.077295 0.12334 -0.12258 0.08999 -0.085827 -0.26879 0.12377 -0.061658 -0.26572 0.13066 -0.039219 -0.32621 0.16688 -0.12823 -0.30966 0.15387 -0.042501 0.095211 -0.43115 0.068082 0.096447 -0.43017 -0.00038294 0.15157 -0.75756 0.044078 0.14269 -0.75998 0.062793 0.13758 -0.82519 0.066634 0.094861 -0.83722 -0.014198 -0.080638 0.59168
-0.15198 0.010186 0.32366 0.12809 -0.0018946 0.32686 -0.013186 -0.0041073 0.40903 -0.0033211 -0.0022674 0.068478 -0.0522 -0.0011679 -0.053562 0.052444 -0.0011679 -0.053323 -0.20912 -0.076296 0.078841 0.12269 -0.12521 0.09138 -0.092658 -0.27231 0.14262 -0.065116 -0.26391 0.13263 -0.051225 -0.33146 0.18627 -0.13354 -0.30824 0.14966 -0.04313 0.095041 -0.43119 0.067988 0.096479 -0.43037 -0.0014502 0.15132 -0.75767 0.043801 0.14266 -0.76018 0.061858 0.13794 -0.8253 0.06669 0.095103 -0.83748 -0.0132 -0.077043 0.59232
-0.15113 0.012723 0.32399 0.12865 -0.0010013 0.32626 -0.012248 -0.0021982 0.40908 -0.0031025 -0.0013152 0.068515 -0.052139 -0.0014116 -0.053615 0.052183 -0.0014116 -0.053572 -0.20764 -0.076195 0.080025 0.12262 -0.12704 0.092407 -0.10116 -0.27515 0.15485 -0.062242 -0.26929 0.13474 -0.083212 -0.33854 0.19745 -0.12276 -0.31597 0.15946 -0.043676 0.094941 -0.43122 0.067873 0.096464 -0.43056 -0.0023224 0.15113 -0.75775 0.043539 0.14265 -0.76035 0.061098 0.13814 -0.82536 0.066717 0.095326 -0.83771 -0.012353 -0.073928 0.59285
-0.15038 0.015802 0.32442 0.12916 -0.00021569 0.32573 -0.011412 -0.00049954 0.40912 -0.0028966 -0.0004121 0.068535 -0.052084 -0.0016205 -0.053663 0.051958 -0.0016205 -0.053785 -0.20648 -0.07372 0.080557 0.12284 -0.12844 0.093054 -0.1047 -0.27429 0.15872 -0.057697 -0.27641 0.13635 -0.1155 -0.34271 0.19874 -0.10419 -0.32583 0.17853 -0.044173 0.094871 -0.43125 0.067737 0.096406 -0.43073 -0.0030626 0.15098 -0.75782 0.043293 0.14265 -0.76051 0.060449 0.13819 -0.82538 0.066723 0.095536 -0.83792 -0.011651 -0.071203 0.59329
-0.14969 0.018711 0.32478 0.12962 0.00051701 0.32528 -0.010677 0.00098808 0.40914 -0.0027056 0.00046566 0.068542 -0.052036 -0.0018102 -0.053703 0.051753 -0.0018102 -0.053976 -0.2058 -0.068131 0.079901 0.12412 -0.12826 0.092805 -0.095864 -0.26449 0.15214 -0.058837 -0.27328 0.13123 -0.11474 -0.33618 0.18792 -0.094092 -0.32402 0.18755 -0.044673 0.094801 -0.43127 0.067546 0.096331 -0.43089 -0.0038215 0.15081 -0.75789 0.043029 0.14267 -0.76065 0.059774 0.1382 -0.8254 0.06669 0.095754 -0.83811 -0.011104 -0.068774 0.59366
-0.14903 0.021043 0.32497 0.13003 0.0012224 0.3249 -0.010038 0.0022751 0.40915 -0.0025319 0.0013283 0.068536 -0.051997 -0.0019918 -0.053734 0.051558 -0.0019918 -0.054155 -0.20577 -0.059193 0.077963 0.12709 -0.12565 0.091317 -0.074907 -0.24512 0.13708 -0.067332 -0.25587 0.11823 -0.072418 -0.31721 0.16766 -0.098849 -0.30593 0.17842 -0.045204 0.094713 -0.43129 0.067293 0.096255 -0.43104 -0.0046843 0.15061 -0.75797 0.042733 0.14271 -0.76078 0.058991 0.13827 -0.82545 0.06662 0.095999 -0.8383 -0.010691 -0.066583 0.59401
-0.14842 0.02297 0.32506 0.13038 0.0018724 0.32457 -0.0094837 0.0033945 0.40914 -0.0023778 0.0021598 0.068521 -0.051968 -0.0021685 -0.053756 0.051376 -0.0021685 -0.054322 -0.20655 -0.047627 0.075473 0.13213 -0.12041 0.088577 -0.05627 -0.22411 0.12304 -0.074232 -0.23511 0.10581 -0.026473 -0.29535 0.14972 -0.10629 -0.28427 0.16438 -0.045752 0.094622 -0.4313 0.067016 0.096184 -0.43119 -0.0056129 0.15041 -0.75805 0.042421 0.14276 -0.7609 0.058132 0.13841 -0.82553 0.066545 0.096287 -0.83849 -0.010343 -0.064647 0.5943
-0.14786 0.024696 0.3251 0.13068 0.0024441 0.32427 -0.0090051 0.0043757 0.40912 -0.0022451 0.0029559 0.068499 -0.051946 -0.0023386 -0.05377 0.051209 -0.0023386 -0.054472 -0.20822 -0.034427 0.073184 0.13949 -0.11242 0.08468 -0.052999 -0.20897 0.11843 -0.071044 -0.22161 0.10155 -0.013319 -0.27987 0.14445 -0.10442 -0.27123 0.15825 -0.046306 0.09454 -0.4313 0.066747 0.096124 -0.43131 -0.0065559 0.15023 -0.75811 0.042106 0.14282 -0.76101 0.057241 0.13861 -0.82561 0.06649 0.096626 -0.83868 -0.010008 -0.062988 0.59453
-0.14739 0.026227 0.32513 0.13095 0.0029886 0.32402 -0.0085999 0.0052057 0.40909 -0.0021301 0.0038091 0.06846 -0.051933 -0.0024727 -0.053776 0.051064 -0.0024727 -0.054602 -0.21022 -0.021684 0.071427 0.14882 -0.10157 0.08022 -0.058594 -0.19819 0.11909 -0.059999 -0.21287 0.10022 -0.025672 -0.27025 0.14628 -0.095957 -0.26314 0.15517 -0.046881 0.094449 -0.4313 0.066464 0.096095 -0.43142 -0.0074631 0.15005 -0.75817 0.041749 0.14288 -0.7611 0.056384 0.13883 -0.82569 0.066415 0.096976 -0.83885 -0.0098075 -0.061629 0.59469
-0.14703 0.027488 0.32516 0.13123 0.0035858 0.32388 -0.0082692 0.0058549 0.40903 -0.0020274 0.004848 0.068393 -0.05193 -0.0025312 -0.053776 0.050951 -0.0025312 -0.054705 -0.21178 -0.011898 0.07035 0.15951 -0.087783 0.075988 -0.05886 -0.1867 0.11589 -0.047627 -0.20119 0.091568 -0.038732 -0.26198 0.14335 -0.089407 -0.25009 0.14332 -0.047502 0.094319 -0.43133 0.066125 0.096124 -0.43151 -0.0082858 0.14987 -0.75823 0.041292 0.14292 -0.76118 0.055633 0.13903 -0.82574 0.06625 0.097277 -0.83899 -0.0099314 -0.06059 0.59476
-0.14677 0.02842 0.3252 0.13153 0.0042548 0.32384 -0.0080062 0.0063204 0.40894 -0.001936 0.0060597 0.068297 -0.051933 -0.0025058 -0.053775 0.050868 -0.0025058 -0.054783 -0.21262 -0.0058405 0.069903 0.17041 -0.072369 0.072555 -0.050534 -0.17433 0.10532 -0.037427 -0.18485 0.073919 -0.039976 -0.25319 0.13137 -0.087119 -0.23064 0.12109 -0.048174 0.094137 -0.43139 0.065717 0.09622 -0.43158 -0.0090242 0.14968 -0.7583 0.040746 0.14294 -0.76125 0.055 0.13918 -0.82576 0.065985 0.097483 -0.83908 -0.010389 -0.059863 0.59476
-0.1466 0.028986 0.32523 0.13183 0.0049359 0.32386 -0.0077937 0.0066337 0.40883 -0.001861 0.0072476 0.068187 -0.051931 -0.002429 -0.05378 0.050802 -0.002429 -0.054848 -0.21315 -0.002039 0.069768 0.17971 -0.058396 0.070205 -0.04458 -0.16724 0.091202 -0.028953 -0.16991 0.056727 -0.032884 -0.24538 0.11598 -0.083388 -0.21439 0.10028 -0.048875 0.093912 -0.43147 0.06527 0.096378 -0.43164 -0.0097416 0.14949 -0.75838 0.040214 0.14294 -0.76133 0.05442 0.13931 -0.82577 0.065681 0.097571 -0.83913 -0.010957 -0.059401 0.59469
-0.14649 0.029178 0.32524 0.13209 0.0055706 0.32388 -0.0076164 0.0068229 0.40872 -0.001806 0.0082395 0.068078 -0.051916 -0.0023306 -0.053799 0.050741 -0.0023306 -0.054908 -0.21372 0.00087079 0.069669 0.18602 -0.048332 0.069084 -0.049485 -0.16965 0.077302 -0.021658 -0.16131 0.047737 -0.022042 -0.23982 0.10258 -0.07373 -0.20898 0.090429 -0.049578 0.093658 -0.43159 0.064807 0.096571 -0.43169 -0.010488 0.14931 -0.75849 0.039772 0.14292 -0.76141 0.053833 0.13945 -0.82577 0.06539 0.09753 -0.83915 -0.011444 -0.059164 0.59459
-0.14643 0.029089 0.32524 0.13233 0.0061284 0.32393 -0.0074724 0.0068903 0.40862 -0.0017676 0.0090255 0.067978 -0.051889 -0.0022166 -0.05383 0.050687 -0.0022166 -0.054963 -0.21429 0.003117 0.069571 0.19005 -0.041465 0.0688 -0.058578 -0.17535 0.065004 -0.015725 -0.15672 0.043845 -0.012182 -0.23577 0.092488 -0.061444 -0.20993 0.087256 -0.050242 0.093393 -0.43172 0.064314 0.096696 -0.43176 -0.011237 0.14909 -0.75862 0.039349 0.14285 -0.76151 0.053231 0.13959 -0.82581 0.065084 0.097398 -0.83918 -0.011871 -0.059157 0.59445
-0.14641 0.028839 0.32524 0.13256 0.0065878 0.32405 -0.0073627 0.0068323 0.40853 -0.0017405 0.0096402 0.067893 -0.051857 -0.0020868 -0.053866 0.050644 -0.0020868 -0.055008 -0.21472 0.0046221 0.069505 0.19303 -0.036239 0.06883 -0.061444 -0.1756 0.054997 -0.011504 -0.15196 0.039177 -0.0078545 -0.232 0.085877 -0.051818 -0.20971 0.082944 -0.050827 0.093136 -0.43186 0.063772 0.096643 -0.43187 -0.011943 0.14877 -0.75878 0.038839 0.14268 -0.76164 0.052615 0.1397 -0.82595 0.064721 0.097231 -0.83927 -0.012313 -0.059395 0.59428
-0.14641 0.028483 0.32525 0.13279 0.0069537 0.32423 -0.0072849 0.0066621 0.40846 -0.001721 0.010111 0.067825 -0.05182 -0.0019433 -0.053907 0.050612 -0.0019433 -0.055043 -0.21499 0.0054785 0.06948 0.19558 -0.031845 0.068923 -0.056427 -0.16916 0.047373 -0.008713 -0.14595 0.032327 -0.0091681 -0.22819 0.08201 -0.047034 -0.20591 0.075041 -0.051335 0.092888 -0.432 0.063284 0.096571 -0.43198 -0.012603 0.14837 -0.75897 0.038302 0.14248 -0.76176 0.051977 0.13978 -0.82618 0.064368 0.097114 -0.83937 -0.012774 -0.059853 0.59409
-0.14644 0.028013 0.32528 0.133 0.0072545 0.32444 -0.0072323 0.0064083 0.4084 -0.0017072 0.010458 0.067774 -0.051778 -0.00179 -0.053952 0.050587 -0.00179 -0.055071 -0.2152 0.0059338 0.06948 0.19772 -0.028161 0.069079 -0.049895 -0.16163 0.041674 -0.0064891 -0.14049 0.025984 -0.012165 -0.22487 0.079317 -0.046427 -0.20079 0.06601 -0.051809 0.092631 -0.43214 0.063066 0.096884 -0.43197 -0.013253 0.14793 -0.75917 0.037941 0.14244 -0.76179 0.051293 0.13985 -0.82647 0.064191 0.09716 -0.83939 -0.013195 -0.060467 0.59389
-0.1465 0.027427 0.32532 0.13317 0.0074959 0.32464 -0.0072042 0.0060838 0.40836 -0.0017002 0.010688 0.067738 -0.05173 -0.0016293 -0.054003 0.050567 -0.0016293 -0.055094 -0.21544 0.0061919 0.0695 0.19948 -0.0251 0.069302 -0.046645 -0.15723 0.03757 -0.0041799 -0.13691 0.022087 -0.013809 -0.22256 0.076544 -0.048475 -0.19645 0.058161 -0.052277 0.092355 -0.4323 0.063206 0.097785 -0.43179 -0.013911 0.1475 -0.75938 0.037855 0.14261 -0.76169 0.050567 0.13988 -0.8268 0.064256 0.097382 -0.83927 -0.013541 -0.061196 0.59369
-0.14661 0.026746 0.32539 0.1333 0.0076124 0.32487 -0.0072156 0.0056515 0.40834 -0.0017104 0.010767 0.067725 -0.05168 -0.0014582 -0.054056 0.050554 -0.0014582 -0.055111 -0.21576 0.0063085 0.069557 0.20089 -0.022621 0.069584 -0.045904 -0.1554 0.035158 -0.001824 -0.13494 0.019896 -0.014248 -0.22159 0.073469 -0.049428 -0.19402 0.052798 -0.052716 0.092057 -0.43247 0.063403 0.098842 -0.43157 -0.014534 0.14703 -0.75959 0.037807 0.1427 -0.76158 0.049869 0.1398 -0.82713 0.064322 0.097489 -0.83913 -0.01385 -0.062068 0.5935
-0.14675 0.025999 0.32548 0.13339 0.0075344 0.32514 -0.0072828 0.0050721 0.40835 -0.0017486 0.010659 0.067741 -0.051631 -0.0012737 -0.054108 0.050554 -0.0012737 -0.055115 -0.21619 0.0063112 0.069671 0.20201 -0.020684 0.069914 -0.045939 -0.15473 0.034535 0.00041949 -0.13404 0.018253 -0.014194 -0.22218 0.070089 -0.045563 -0.1943 0.050873 -0.053096 0.091741 -0.43264 0.06331 0.099549 -0.43144 -0.015071 0.14647 -0.75983 0.037523 0.1424 -0.76157 0.049281 0.13954 -0.82744 0.064119 0.097171 -0.83908 -0.014169 -0.063115 0.59333
-0.14693 0.025226 0.3256 0.13344 0.0072951 0.32546 -0.0073944 0.0043867 0.40838 -0.0018101 0.010403 0.067779 -0.051584 -0.0010875 -0.054156 0.050563 -0.0010875 -0.055111 -0.21661 0.0062135 0.0698 0.20289 -0.019198 0.070272 -0.045788 -0.15428 0.034866 0.0024738 -0.13387 0.016908 -0.014052 -0.22358 0.066718 -0.038249 -0.19663 0.051381 -0.053412 0.091425 -0.43281 0.062947 0.099851 -0.43141 -0.015515 0.14585 -0.76006 0.037024 0.14175 -0.76166 0.04881 0.13913 -0.82773 0.063674 0.096494 -0.83913 -0.014501 -0.064292 0.59317
-0.14711 0.024478 0.32571 0.13347 0.0069937 0.32579 -0.0075223 0.0036884 0.40841 -0.0018804 0.010088 0.067825 -0.051543 -0.00092071 -0.054198 0.050576 -0.00092071 -0.055103 -0.21677 0.0060203 0.06987 0.20357 -0.018043 0.070628 -0.044995 -0.15345 0.034727 0.0043147 -0.13423 0.016189 -0.01403 -0.2244 0.063877 -0.032128 -0.19941 0.052058 -0.053681 0.091132 -0.43297 0.062567 0.099989 -0.43142 -0.015889 0.14524 -0.76028 0.03652 0.14107 -0.76176 0.04842 0.13869 -0.82797 0.063204 0.09577 -0.8392 -0.014816 -0.065503 0.59301
-0.14728 0.023781 0.32582 0.1335 0.0067025 0.32611 -0.0076481 0.0030344 0.40845 -0.0019505 0.0097715 0.067869 -0.051508 -0.00078426 -0.054234 0.050587 -0.00078426 -0.055094 -0.21658 0.0057314 0.069845 0.20408 -0.017134 0.070963 -0.043596 -0.15228 0.033844 0.005884 -0.13488 0.016101 -0.014396 -0.22433 0.062113 -0.030466 -0.20097 0.051353 -0.053918 0.090878 -0.4331 0.062317 0.10013 -0.43142 -0.016225 0.1447 -0.76047 0.036132 0.14053 -0.76183 0.048066 0.13828 -0.82819 0.062839 0.095192 -0.83924 -0.015093 -0.066682 0.59284
-0.14745 0.02311 0.32591 0.13353 0.0064362 0.32643 -0.0077751 0.0024085 0.40849 -0.0020231 0.0094487 0.067913 -0.051477 -0.00066819 -0.054265 0.050597 -0.00066819 -0.055086 -0.21619 0.0053367 0.069773 0.2044 -0.016465 0.071275 -0.042622 -0.15212 0.034319 0.0070517 -0.13544 0.015966 -0.015549 -0.22518 0.062018 -0.033611 -0.19956 0.049193 -0.054139 0.090649 -0.43321 0.062119 0.10026 -0.43142 -0.016564 0.14417 -0.76064 0.035796 0.14007 -0.76189 0.047691 0.13792 -0.82842 0.062521 0.094706 -0.83928 -0.015329 -0.067824 0.59267
-0.14763 0.022437 0.32601 0.13355 0.0061984 0.32675 -0.0079084 0.0017873 0.40852 -0.0021021 0.0091091 0.067957 -0.051448 -0.00056121 -0.054294 0.050608 -0.00056121 -0.055078 -0.21579 0.00483 0.069708 0.20451 -0.016039 0.071566 -0.043013 -0.15419 0.038095 0.0077618 -0.13575 0.015303 -0.017724 -0.22863 0.063966 -0.041154 -0.19407 0.045872 -0.05436 0.090432 -0.43331 0.061882 0.10038 -0.43141 -0.016934 0.14364 -0.76082 0.035439 0.13957 -0.76195 0.047255 0.1376 -0.82867 0.06218 0.094233 -0.83935 -0.015525 -0.068934 0.59252
-0.14781 0.021761 0.32611 0.13356 0.0059592 0.32708 -0.0080478 0.0011594 0.40856 -0.002186 0.0087471 0.068002 -0.051422 -0.00046124 -0.05432 0.050619 -0.00046124 -0.055069 -0.21545 0.0042423 0.069662 0.20448 -0.015828 0.071841 -0.04417 -0.15745 0.043854 0.0085686 -0.13703 0.015727 -0.019863 -0.23325 0.066679 -0.049678 -0.18815 0.043022 -0.054573 0.090225 -0.43341 0.061608 0.10045 -0.43142 -0.017265 0.14312 -0.76098 0.03508 0.13908 -0.76202 0.04685 0.13733 -0.82892 0.061834 0.093742 -0.83941 -0.015688 -0.070032 0.59238
-0.14799 0.021091 0.32621 0.13357 0.0056744 0.3274 -0.0081905 0.00051938 0.4086 -0.002271 0.0083597 0.068048 -0.051401 -0.00037028 -0.05434 0.050631 -0.00037028 -0.055059 -0.21515 0.0036206 0.069627 0.20439 -0.015795 0.072104 -0.044825 -0.15988 0.048841 0.010283 -0.14111 0.019733 -0.020369 -0.23631 0.06817 -0.054492 -0.18748 0.042837 -0.054762 0.090032 -0.4335 0.061343 0.10046 -0.43144 -0.017436 0.14268 -0.7611 0.034777 0.13866 -0.76208 0.046623 0.13712 -0.82912 0.061539 0.093221 -0.83941 -0.015828 -0.071144 0.59223
-0.14816 0.020437 0.32629 0.13356 0.0053362 0.32769 -0.0083315 -0.00012629 0.40864 -0.0023539 0.0079528 0.068094 -0.051388 -0.00028971 -0.054353 0.050643 -0.00028971 -0.055048 -0.21492 0.002995 0.069603 0.20425 -0.015935 0.072351 -0.044673 -0.16091 0.051731 0.012878 -0.14783 0.027163 -0.019785 -0.23746 0.068187 -0.054421 -0.19292 0.04552 -0.054919 0.089858 -0.43357 0.061108 0.10043 -0.43147 -0.017438 0.14231 -0.76119 0.034546 0.13834 -0.76214 0.046598 0.13696 -0.82924 0.061314 0.092687 -0.83935 -0.015948 -0.072265 0.59209
-0.14831 0.019805 0.32637 0.13356 0.0049883 0.32798 -0.0084631 -0.00075399 0.40868 -0.0024321 0.0075453 0.068137 -0.051378 -0.00022003 -0.054362 0.050654 -0.00022003 -0.055038 -0.21474 0.0023706 0.069598 0.20399 -0.01629 0.072561 -0.044784 -0.16199 0.053238 0.015138 -0.15419 0.034092 -0.021691 -0.23974 0.068935 -0.053282 -0.19842 0.048445 -0.055048 0.089705 -0.43363 0.060886 0.10036 -0.4315 -0.017406 0.14198 -0.76126 0.034336 0.13806 -0.7622 0.046621 0.1368 -0.82933 0.061123 0.09219 -0.83927 -0.016046 -0.073348 0.59195
-0.14846 0.0192 0.32646 0.13356 0.0046709 0.32824 -0.0085792 -0.0013432 0.40871 -0.0025032 0.0071532 0.068177 -0.051372 -0.00016138 -0.054369 0.050664 -0.00016138 -0.055029 -0.21462 0.0017529 0.069615 0.20352 -0.016877 0.072719 -0.045749 -0.164 0.054023 0.016042 -0.15765 0.037202 -0.02763 -0.24468 0.07165 -0.054441 -0.19879 0.049347 -0.055158 0.089579 -0.43368 0.060666 0.10029 -0.43153 -0.017463 0.14164 -0.76133 0.034105 0.13777 -0.76226 0.046553 0.13659 -0.82943 0.060929 0.091771 -0.83923 -0.016115 -0.074352 0.59182
-0.1486 0.018615 0.32653 0.13357 0.0043878 0.32849 -0.0086839 -0.0018947 0.40874 -0.0025675 0.0067758 0.068213 -0.051368 -0.00011271 -0.054373 0.050671 -0.00011271 -0.055022 -0.21454 0.0011577 0.069637 0.20298 -0.017566 0.072853 -0.045315 -0.16422 0.05374 0.01597 -0.15889 0.037536 -0.028063 -0.24516 0.071919 -0.057182 -0.19555 0.048793 -0.055259 0.089474 -0.43372 0.06045 0.10022 -0.43156 -0.017593 0.1413 -0.76141 0.033866 0.13749 -0.76231 0.046392 0.13635 -0.82955 0.06072 0.091392 -0.83922 -0.016139 -0.075287 0.5917
-0.14872 0.018043 0.32659 0.13357 0.0041323 0.32872 -0.0087837 -0.0024155 0.40877 -0.0026257 0.0064076 0.068246 -0.051365 -7.257e-05 -0.054375 0.050678 -7.257e-05 -0.055016 -0.21449 0.00060344 0.069643 0.20255 -0.01819 0.073 -0.040546 -0.15904 0.051807 0.015705 -0.15954 0.037413 -0.010847 -0.23202 0.063975 -0.059586 -0.19222 0.048176 -0.055359 0.089385 -0.43375 0.060248 0.10015 -0.43159 -0.017742 0.14096 -0.76149 0.033647 0.13725 -0.76236 0.046175 0.13609 -0.82969 0.060487 0.090997 -0.83918 -0.016102 -0.076178 0.59158
-0.14882 0.017488 0.32661 0.13357 0.0038979 0.32894 -0.0088792 -0.0029079 0.4088 -0.0026772 0.0060487 0.068277 -0.051365 -3.9893e-05 -0.054375 0.050684 -3.9893e-05 -0.055011 -0.21447 0.0001021 0.069634 0.20227 -0.018692 0.073169 -0.032735 -0.15011 0.049204 0.015595 -0.16032 0.0378 0.018263 -0.21 0.050575 -0.060653 -0.19092 0.048093 -0.055462 0.089308 -0.43377 0.06006 0.10007 -0.43162 -0.017881 0.14066 -0.76156 0.033459 0.13705 -0.7624 0.045933 0.13583 -0.82986 0.060237 0.090577 -0.83911 -0.016008 -0.077032 0.59147
-0.14891 0.016963 0.32663 0.13358 0.0036792 0.32915 -0.0089643 -0.0033688 0.40882 -0.0027199 0.0057049 0.068305 -0.051367 -1.3957e-05 -0.054373 0.050689 -1.3957e-05 -0.055006 -0.2145 -0.0003412 0.06963 0.20207 -0.019121 0.073338 -0.027408 -0.14431 0.048479 0.015552 -0.16109 0.038311 0.035614 -0.19778 0.042998 -0.060301 -0.19245 0.048344 -0.055561 0.089244 -0.43379 0.05988 0.099996 -0.43165 -0.018002 0.14037 -0.76161 0.033292 0.13688 -0.76244 0.045682 0.13559 -0.83004 0.059989 0.090169 -0.83902 -0.01588 -0.077842 0.59136
-0.14899 0.016478 0.32664 0.13359 0.003471 0.32934 -0.0090355 -0.0037971 0.40884 -0.0027526 0.0053796 0.06833 -0.051371 5.7927e-06 -0.054369 0.050693 5.7927e-06 -0.055002 -0.21463 -0.00072209 0.069651 0.20188 -0.019522 0.073491 -0.028478 -0.14641 0.051025 0.015496 -0.16171 0.038623 0.026325 -0.20705 0.048193 -0.058869 -0.19647 0.048642 -0.055649 0.089193 -0.43381 0.059705 0.09992 -0.43167 -0.018103 0.14011 -0.76166 0.033139 0.13673 -0.76247 0.04544 0.13537 -0.83022 0.059759 0.089802 -0.83896 -0.015742 -0.078602 0.59126
-0.14905 0.016026 0.32665 0.13361 0.0032692 0.32952 -0.0090975 -0.0041977 0.40886 -0.0027765 0.0050668 0.068353 -0.051378 1.9423e-05 -0.054363 0.050697 1.9423e-05 -0.054999 -0.21485 -0.0010377 0.069691 0.20171 -0.019908 0.073635 -0.033973 -0.15344 0.054235 0.015444 -0.16225 0.038792 0.0068116 -0.22466 0.057699 -0.057954 -0.19924 0.048533 -0.055725 0.089154 -0.43381 0.059542 0.099836 -0.4317 -0.018185 0.13986 -0.76169 0.033002 0.13658 -0.76251 0.045215 0.13515 -0.83039 0.059555 0.089484 -0.83891 -0.0156 -0.079308 0.59116
-0.1491 0.015595 0.32665 0.13362 0.0030708 0.32968 -0.0091563 -0.004577 0.40888 -0.0027933 0.0047591 0.068375 -0.05139 2.7013e-05 -0.054352 0.0507 2.7013e-05 -0.054996 -0.21517 -0.0012875 0.069743 0.20156 -0.020281 0.073778 -0.040776 -0.16099 0.054948 0.015427 -0.16278 0.03894 -0.0016001 -0.23352 0.060727 -0.059224 -0.19676 0.047595 -0.055785 0.089126 -0.43381 0.059403 0.099736 -0.43173 -0.018253 0.13964 -0.76172 0.032883 0.13643 -0.76254 0.045015 0.13491 -0.83054 0.059382 0.089213 -0.8389 -0.015462 -0.079957 0.59107
-0.14915 0.015178 0.32663 0.13363 0.0028797 0.32985 -0.0092151 -0.004937 0.4089 -0.0028044 0.0044546 0.068395 -0.051404 3.0078e-05 -0.054339 0.050704 3.0078e-05 -0.054992 -0.21554 -0.0014944 0.069795 0.20144 -0.020649 0.073921 -0.046554 -0.16672 0.053503 0.015395 -0.16325 0.038986 0.0027478 -0.23207 0.057315 -0.061938 -0.19084 0.046312 -0.055836 0.089105 -0.4338 0.059279 0.099627 -0.43176 -0.018321 0.13943 -0.76175 0.032771 0.13625 -0.76258 0.044822 0.13466 -0.83067 0.059225 0.088968 -0.83891 -0.01532 -0.080552 0.591
-0.1492 0.014768 0.32661 0.13364 0.0027055 0.33 -0.009275 -0.005277 0.40892 -0.0028109 0.0041547 0.068413 -0.051417 3.1142e-05 -0.054326 0.050707 3.1142e-05 -0.054989 -0.21588 -0.0016984 0.069836 0.2013 -0.021023 0.074057 -0.049535 -0.16971 0.052701 0.015239 -0.16351 0.038708 0.0076721 -0.22962 0.055118 -0.063663 -0.18738 0.045801 -0.055892 0.089085 -0.43379 0.059153 0.099524 -0.43178 -0.018412 0.13924 -0.76177 0.032648 0.13605 -0.76262 0.044602 0.13442 -0.83081 0.059052 0.088713 -0.83892 -0.015161 -0.081094 0.59094
-0.14925 0.014363 0.32658 0.13365 0.0025526 0.33015 -0.0093361 -0.0055965 0.40893 -0.0028134 0.0038616 0.06843 -0.051429 3.1837e-05 -0.054315 0.05071 3.1837e-05 -0.054987 -0.21615 -0.0019233 0.069858 0.20113 -0.021407 0.074183 -0.049677 -0.17018 0.05317 0.014932 -0.16354 0.038146 0.0054845 -0.23188 0.057832 -0.063099 -0.1895 0.046669 -0.055959 0.089062 -0.43378 0.059017 0.099437 -0.43181 -0.018533 0.13906 -0.76179 0.032502 0.13585 -0.76266 0.044346 0.13423 -0.83096 0.058851 0.088446 -0.83894 -0.01498 -0.081588 0.59089
-0.1493 0.013978 0.32656 0.13365 0.0024156 0.3303 -0.009396 -0.0058953 0.40895 -0.0028121 0.003578 0.068446 -0.051439 3.1756e-05 -0.054305 0.050712 3.1756e-05 -0.054985 -0.21638 -0.0021561 0.069871 0.20095 -0.021795 0.074302 -0.050762 -0.17076 0.050589 0.014627 -0.16368 0.03794 -0.00082548 -0.23603 0.05997 -0.061563 -0.19403 0.048346 -0.056028 0.089042 -0.43378 0.058886 0.099358 -0.43183 -0.018657 0.1389 -0.76181 0.032347 0.13567 -0.76269 0.044096 0.13408 -0.83109 0.058658 0.088246 -0.83897 -0.014794 -0.082035 0.59085
-0.14934 0.013623 0.32653 0.13365 0.0022872 0.33044 -0.0094526 -0.0061732 0.40896 -0.0028067 0.0033064 0.06846 -0.051451 3.0328e-05 -0.054294 0.050714 3.0328e-05 -0.054983 -0.21661 -0.0023802 0.069885 0.20077 -0.022178 0.074415 -0.056425 -0.17397 0.040881 0.01448 -0.16427 0.038695 -0.0071623 -0.23852 0.055758 -0.060633 -0.19714 0.05011 -0.056089 0.089027 -0.43377 0.058778 0.099277 -0.43185 -0.018757 0.13876 -0.76183 0.032195 0.13558 -0.76271 0.043896 0.13398 -0.8312 0.058508 0.088183 -0.83901 -0.014619 -0.082439 0.59081
-0.14939 0.013297 0.32651 0.13366 0.002162 0.33057 -0.0095068 -0.0064333 0.40897 -0.0027976 0.003044 0.068472 -0.051464 2.7903e-05 -0.054281 0.050717 2.7903e-05 -0.054981 -0.21685 -0.0025863 0.069905 0.20059 -0.022557 0.074524 -0.064783 -0.17877 0.027517 0.014459 -0.16516 0.040064 -0.012216 -0.23922 0.047269 -0.061139 -0.19683 0.051268 -0.056141 0.089021 -0.43376 0.058688 0.099192 -0.43187 -0.018852 0.13863 -0.76184 0.032059 0.13552 -0.76272 0.043702 0.1339 -0.83131 0.058395 0.088195 -0.83906 -0.014454 -0.082809 0.59079
-0.14943 0.012994 0.32649 0.13366 0.0020349 0.33069 -0.0095612 -0.0066798 0.40898 -0.0027849 0.0027857 0.068484 -0.051478 2.5281e-05 -0.054268 0.050719 2.5281e-05 -0.054978 -0.2171 -0.0027694 0.069934 0.20042 -0.022933 0.074627 -0.071286 -0.18238 0.017605 0.014444 -0.166 0.041237 -0.016049 -0.23967 0.040386 -0.063517 -0.19202 0.051162 -0.056184 0.089021 -0.43374 0.058597 0.099104 -0.43189 -0.018982 0.13849 -0.76186 0.031949 0.13544 -0.76274 0.043427 0.13382 -0.83146 0.058293 0.088152 -0.8391 -0.014287 -0.083156 0.59076
-0.14948 0.012711 0.32648 0.13365 0.0019048 0.33081 -0.0096161 -0.006914 0.40899 -0.0027689 0.0025302 0.068494 -0.051492 2.2936e-05 -0.054255 0.050722 2.2936e-05 -0.054976 -0.21734 -0.0029403 0.069967 0.20025 -0.02331 0.074726 -0.07411 -0.18369 0.013922 0.014331 -0.16654 0.041737 -0.018726 -0.24049 0.037619 -0.066564 -0.18522 0.050102 -0.05622 0.089026 -0.43373 0.0585 0.099015 -0.43192 -0.019156 0.13833 -0.76188 0.031864 0.1353 -0.76277 0.043055 0.13373 -0.83166 0.058187 0.088005 -0.83913 -0.014117 -0.083482 0.59074
-0.14953 0.012453 0.32648 0.13365 0.0017765 0.33092 -0.0096687 -0.0071335 0.409 -0.0027501 0.0022826 0.068504 -0.051507 2.0837e-05 -0.054241 0.050726 2.0837e-05 -0.054972 -0.2175 -0.0031345 0.069993 0.20009 -0.023688 0.074822 -0.075689 -0.18415 0.012491 0.01404 -0.1667 0.041612 -0.020312 -0.24081 0.036214 -0.066537 -0.1844 0.049904 -0.056248 0.089037 -0.43371 0.058408 0.098929 -0.43194 -0.019335 0.13817 -0.76191 0.031793 0.13516 -0.7628 0.042674 0.13367 -0.83188 0.058084 0.087825 -0.83915 -0.013953 -0.08378 0.59072
-0.14958 0.012224 0.32649 0.13366 0.0016547 0.33103 -0.0097164 -0.0073364 0.40901 -0.0027287 0.0020469 0.068512 -0.051522 1.8924e-05 -0.054227 0.05073 1.8924e-05 -0.054969 -0.21755 -0.0033773 0.069998 0.19993 -0.02407 0.074916 -0.078135 -0.18508 0.0097358 0.013529 -0.16644 0.040977 -0.021052 -0.2401 0.033699 -0.0607 -0.19556 0.051936 -0.05627 0.089053 -0.43369 0.058328 0.098848 -0.43196 -0.019482 0.13801 -0.76193 0.031722 0.13503 -0.76282 0.042365 0.13364 -0.83205 0.057986 0.087684 -0.83917 -0.013801 -0.084045 0.5907
-0.14963 0.012009 0.32649 0.13366 0.0015409 0.33114 -0.0097584 -0.0075261 0.40901 -0.0027048 0.0018206 0.068519 -0.051536 1.7205e-05 -0.054213 0.050733 1.7205e-05 -0.054965 -0.21756 -0.0036266 0.069998 0.19978 -0.024452 0.075008 -0.079844 -0.18591 0.0073838 0.012935 -0.16601 0.040085 -0.02219 -0.24034 0.031581 -0.052932 -0.21128 0.054445 -0.056288 0.089072 -0.43367 0.058259 0.098772 -0.43197 -0.019603 0.13788 -0.76194 0.03165 0.13493 -0.76284 0.042112 0.13362 -0.83219 0.05789 0.087576 -0.83919 -0.013636 -0.084304 0.59069
-0.14967 0.011792 0.3265 0.13367 0.0014353 0.33124 -0.0097948 -0.0077075 0.40902 -0.0026783 0.0015989 0.068526 -0.051549 1.5708e-05 -0.0542 0.050737 1.5708e-05 -0.054962 -0.21765 -0.0038193 0.070014 0.19963 -0.024829 0.075096 -0.078024 -0.18545 0.0088594 0.012456 -0.16572 0.039231 -0.025138 -0.24413 0.032606 -0.049171 -0.21997 0.054719 -0.056308 0.089092 -0.43366 0.05819 0.0987 -0.43199 -0.019716 0.13776 -0.76196 0.031578 0.13484 -0.76286 0.04187 0.13355 -0.83232 0.057784 0.087471 -0.83922 -0.013427 -0.084593 0.59065
-0.1497 0.01157 0.3265 0.13369 0.0013372 0.33134 -0.0098235 -0.007883 0.40903 -0.0026496 0.0013813 0.068532 -0.051561 1.437e-05 -0.054189 0.050739 1.437e-05 -0.05496 -0.21785 -0.0039432 0.070052 0.19949 -0.025197 0.07518 -0.071642 -0.18254 0.015147 0.01217 -0.16572 0.038646 -0.026717 -0.24857 0.036878 -0.050862 -0.21865 0.052384 -0.056331 0.089112 -0.43364 0.058123 0.098632 -0.43201 -0.019829 0.13766 -0.76197 0.031508 0.13475 -0.76288 0.041626 0.13342 -0.83244 0.057672 0.087361 -0.83924 -0.013172 -0.084914 0.5906
-0.14973 0.011355 0.32651 0.13371 0.0012442 0.33143 -0.0098401 -0.0080514 0.40903 -0.0026199 0.0011719 0.068537 -0.051573 1.3025e-05 -0.054179 0.05074 1.3025e-05 -0.054959 -0.21806 -0.0040412 0.070104 0.19935 -0.025554 0.075258 -0.061577 -0.17609 0.024566 0.012026 -0.166 0.038488 -0.018746 -0.2447 0.041617 -0.054543 -0.21377 0.049621 -0.056353 0.089134 -0.43362 0.058061 0.098568 -0.43202 -0.019939 0.13758 -0.76198 0.031438 0.13466 -0.7629 0.041399 0.13328 -0.83255 0.057566 0.087263 -0.83926 -0.012908 -0.085238 0.59055
-0.14975 0.011158 0.32653 0.13375 0.0011543 0.33151 -0.0098408 -0.0082125 0.40904 -0.0025898 0.00097396 0.068541 -0.051584 1.1558e-05 -0.054168 0.050742 1.1558e-05 -0.054958 -0.21822 -0.0041474 0.070163 0.19924 -0.025899 0.075329 -0.049387 -0.16608 0.035157 0.011971 -0.16649 0.038808 0.0024695 -0.22789 0.044765 -0.057049 -0.21103 0.048233 -0.05637 0.089159 -0.43361 0.058008 0.098507 -0.43204 -0.020043 0.1375 -0.76199 0.031371 0.13458 -0.76291 0.041204 0.13317 -0.83263 0.057478 0.087189 -0.83929 -0.012666 -0.085537 0.5905
-0.14975 0.010975 0.32657 0.1338 0.0010657 0.33159 -0.0098242 -0.0083695 0.40904 -0.002559 0.00078497 0.068545 -0.051595 1.004e-05 -0.054157 0.050742 1.004e-05 -0.054957 -0.21835 -0.0042539 0.070229 0.19914 -0.026234 0.075396 -0.038741 -0.15638 0.044416 0.011964 -0.16705 0.03929 0.02347 -0.21013 0.047401 -0.057166 -0.21168 0.048177 -0.056384 0.089184 -0.43359 0.057961 0.098445 -0.43205 -0.020139 0.13742 -0.76199 0.031309 0.1345 -0.76293 0.041035 0.13309 -0.83271 0.057403 0.087126 -0.83932 -0.012449 -0.085809 0.59045
-0.14975 0.010799 0.32662 0.13387 0.00097678 0.33166 -0.0097898 -0.0085263 0.40904 -0.0025268 0.0006016 0.068548 -0.051606 8.6009e-06 -0.054147 0.050743 8.6009e-06 -0.054956 -0.21846 -0.0043455 0.070306 0.19908 -0.026563 0.075461 -0.033509 -0.15146 0.049876 0.011968 -0.16753 0.039541 0.027988 -0.2062 0.051191 -0.054228 -0.21588 0.048983 -0.056399 0.089207 -0.43357 0.057913 0.09838 -0.43207 -0.020226 0.13735 -0.762 0.031257 0.13443 -0.76295 0.04088 0.13301 -0.83277 0.057335 0.087054 -0.83934 -0.012255 -0.086058 0.59042
-0.14974 0.010629 0.32669 0.13395 0.00088612 0.33173 -0.00974 -0.0086832 0.40905 -0.0024934 0.00042252 0.06855 -0.051616 7.5634e-06 -0.054137 0.050743 7.5634e-06 -0.054956 -0.21854 -0.0044364 0.070388 0.19903 -0.026902 0.075524 -0.033464 -0.15151 0.051351 0.011902 -0.16777 0.039307 0.015817 -0.21609 0.05597 -0.049133 -0.22213 0.050033 -0.056413 0.089231 -0.43356 0.057866 0.098312 -0.43209 -0.020304 0.13729 -0.762 0.031219 0.13437 -0.76297 0.040736 0.13292 -0.83283 0.057269 0.086971 -0.83936 -0.01207 -0.086305 0.59039
-0.14972 0.010468 0.32676 0.13404 0.0007921 0.3318 -0.0096792 -0.0088375 0.40905 -0.0024596 0.00024804 0.068552 -0.051626 7.3995e-06 -0.054127 0.050744 7.3995e-06 -0.054956 -0.21855 -0.0045638 0.070468 0.19899 -0.027276 0.075587 -0.035223 -0.15339 0.050417 0.011659 -0.16762 0.038436 -0.00089579 -0.22843 0.060166 -0.043979 -0.22766 0.050597 -0.056421 0.08926 -0.43354 0.057821 0.098248 -0.43211 -0.020377 0.13723 -0.76201 0.031197 0.13431 -0.76298 0.040606 0.13282 -0.83288 0.057203 0.086889 -0.83938 -0.01187 -0.086579 0.59034
-0.1497 0.010314 0.32685 0.13414 0.00069313 0.33186 -0.0096115 -0.0089894 0.40905 -0.0024257 7.7904e-05 0.068554 -0.051636 8.3866e-06 -0.054118 0.050744 8.3866e-06 -0.054955 -0.21849 -0.0047408 0.070544 0.19894 -0.027696 0.07565 -0.03612 -0.15456 0.048896 0.011261 -0.16718 0.037089 -0.011878 -0.2345 0.062793 -0.040461 -0.23062 0.050392 -0.056422 0.089295 -0.43352 0.057781 0.09819 -0.43212 -0.020443 0.13718 -0.76201 0.031191 0.13424 -0.763 0.040491 0.13272 -0.83292 0.057137 0.086817 -0.83941 -0.011646 -0.086897 0.59027
-0.14968 0.01016 0.32694 0.13424 0.00058762 0.33193 -0.0095393 -0.0091458 0.40906 -0.0023921 -8.9599e-05 0.068555 -0.051645 1.0316e-05 -0.05411 0.050745 1.0316e-05 -0.054955 -0.21841 -0.0049211 0.070624 0.19889 -0.028135 0.075714 -0.035447 -0.15406 0.0491 0.011047 -0.16714 0.036177 -0.012236 -0.23279 0.064394 -0.039197 -0.23139 0.05024 -0.056423 0.089332 -0.43351 0.057743 0.098138 -0.43214 -0.020497 0.13713 -0.76201 0.031188 0.13417 -0.76302 0.040399 0.13262 -0.83295 0.057078 0.086759 -0.83946 -0.011416 -0.087232 0.5902
-0.14966 0.0099968 0.32704 0.13435 0.00047469 0.332 -0.0094646 -0.0093132 0.40906 -0.0023589 -0.00025591 0.068556 -0.051652 1.2901e-05 -0.054103 0.050745 1.2901e-05 -0.054954 -0.21838 -0.005055 0.070718 0.19882 -0.028566 0.075777 -0.03296 -0.1514 0.052984 0.011345 -0.16814 0.03659 0.00084566 -0.22352 0.065659 -0.040476 -0.23075 0.051015 -0.056428 0.089367 -0.43349 0.057703 0.098088 -0.43215 -0.020534 0.13707 -0.76201 0.031177 0.13411 -0.76304 0.040333 0.13254 -0.83298 0.057029 0.086718 -0.8395 -0.011207 -0.087556 0.59014
-0.14964 0.0098323 0.32713 0.13446 0.00036055 0.33207 -0.0093891 -0.0094836 0.40906 -0.0023269 -0.00041797 0.068556 -0.051657 1.5832e-05 -0.054098 0.050745 1.5832e-05 -0.054955 -0.21841 -0.0051461 0.070822 0.19874 -0.028994 0.075833 -0.030018 -0.1482 0.058554 0.011939 -0.16984 0.037973 0.018507 -0.21273 0.066493 -0.043025 -0.2297 0.052513 -0.056438 0.089397 -0.43348 0.057662 0.09804 -0.43216 -0.020556 0.13701 -0.76202 0.031168 0.13406 -0.76306 0.040283 0.13247 -0.833 0.056982 0.086669 -0.83954 -0.011025 -0.087855 0.59008
-0.14961 0.0096796 0.32722 0.13456 0.00025504 0.33212 -0.0093142 -0.0096415 0.40906 -0.0022978 -0.00057042 0.068556 -0.051663 1.8784e-05 -0.054092 0.050744 1.8784e-05 -0.054955 -0.21845 -0.0052263 0.070919 0.19861 -0.029439 0.07587 -0.02883 -0.14721 0.061713 0.012326 -0.17133 0.0393 0.025722 -0.20957 0.066383 -0.044742 -0.22943 0.053958 -0.056453 0.089421 -0.43347 0.057625 0.097994 -0.43218 -0.020568 0.13695 -0.76202 0.031181 0.13401 -0.76308 0.040229 0.13237 -0.83303 0.056921 0.086575 -0.83955 -0.010871 -0.088124 0.59004
-0.14958 0.0095356 0.3273 0.13466 0.00015441 0.33217 -0.0092361 -0.0097889 0.40906 -0.0022693 -0.00071554 0.068556 -0.051671 2.1583e-05 -0.054085 0.050744 2.1583e-05 -0.054955 -0.21847 -0.0053136 0.071011 0.19845 -0.029905 0.075894 -0.030802 -0.14996 0.060419 0.012268 -0.17206 0.039759 0.01709 -0.21713 0.064957 -0.044548 -0.23037 0.054755 -0.056471 0.089442 -0.43346 0.057593 0.09795 -0.43219 -0.020578 0.1369 -0.76201 0.031219 0.13396 -0.76309 0.040164 0.13224 -0.83307 0.056841 0.086436 -0.83956 -0.010735 -0.088382 0.58999
-0.14955 0.0093689 0.3274 0.13478 3.1852e-05 0.33224 -0.0091429 -0.0099581 0.40906 -0.0022333 -0.00086874 0.068555 -0.051678 2.4305e-05 -0.054078 0.050744 2.4305e-05 -0.054956 -0.2185 -0.0054019 0.071125 0.1983 -0.030375 0.075935 -0.035962 -0.15588 0.056139 0.011995 -0.17211 0.038902 0.0036304 -0.22821 0.06209 -0.043113 -0.23175 0.054639 -0.056493 0.089467 -0.43345 0.057563 0.097907 -0.4322 -0.020588 0.13686 -0.76201 0.031252 0.13391 -0.76311 0.040103 0.13211 -0.83311 0.056757 0.086309 -0.83956 -0.01059 -0.088689 0.58993
-0.14952 0.0091503 0.32755 0.13496 -0.00013707 0.33235 -0.0090244 -0.010178 0.40906 -0.0021829 -0.0010438 0.068554 -0.051683 2.7057e-05 -0.054073 0.050743 2.7057e-05 -0.054956 -0.21854 -0.0054848 0.071285 0.19821 -0.030833 0.076017 -0.043968 -0.16406 0.050565 0.011742 -0.17162 0.036451 -0.0038426 -0.23572 0.057806 -0.041211 -0.23277 0.053451 -0.056517 0.089503 -0.43343 0.057534 0.097864 -0.43222 -0.020603 0.13683 -0.76201 0.031251 0.13387 -0.76313 0.040059 0.13202 -0.83312 0.056682 0.086251 -0.83959 -0.010413 -0.089097 0.58985
-0.14948 0.0088813 0.32773 0.13517 -0.0003492 0.3325 -0.0088872 -0.010439 0.40906 -0.0021212 -0.0012373 0.068553 -0.051688 2.9959e-05 -0.054068 0.050743 2.9959e-05 -0.054957 -0.2186 -0.0055672 0.071479 0.19817 -0.031294 0.076134 -0.053042 -0.17273 0.044683 0.011537 -0.1708 0.032933 -0.0052747 -0.23915 0.05288 -0.039247 -0.23333 0.05151 -0.056545 0.089551 -0.43342 0.057507 0.09782 -0.43223 -0.020619 0.13682 -0.762 0.031223 0.13383 -0.76314 0.040031 0.13196 -0.83312 0.056625 0.086272 -0.83965 -0.010205 -0.089615 0.58973
-0.14946 0.0085747 0.32792 0.1354 -0.00059117 0.33267 -0.0087438 -0.01072 0.40905 -0.0020553 -0.0014394 0.068551 -0.051691 3.314e-05 -0.054065 0.050741 3.314e-05 -0.054958 -0.21866 -0.0056585 0.071681 0.19814 -0.031784 0.076265 -0.060875 -0.17977 0.039217 0.011329 -0.16985 0.029173 -0.0046011 -0.24048 0.048367 -0.037488 -0.23354 0.04931 -0.056575 0.089607 -0.4334 0.057483 0.097775 -0.43224 -0.020636 0.13682 -0.76199 0.031188 0.1338 -0.76315 0.040012 0.13192 -0.83311 0.056595 0.086365 -0.83974 -0.0099803 -0.090231 0.58958
-0.14943 0.0082432 0.3281 0.13562 -0.00084957 0.33282 -0.008607 -0.010996 0.40905 -0.0019922 -0.0016404 0.068548 -0.051694 3.6728e-05 -0.054063 0.05074 3.6728e-05 -0.054959 -0.21871 -0.0057677 0.071866 0.19808 -0.032329 0.076389 -0.065156 -0.18311 0.034894 0.011066 -0.16901 0.025996 -0.0057637 -0.24165 0.045322 -0.036199 -0.23351 0.047344 -0.056607 0.08967 -0.43339 0.057465 0.097727 -0.43226 -0.020648 0.13682 -0.76198 0.031164 0.13377 -0.76316 0.039997 0.13188 -0.8331 0.056597 0.086521 -0.83986 -0.0097492 -0.090934 0.58939
-0.14941 0.0078997 0.32823 0.13581 -0.001111 0.33294 -0.0084894 -0.011246 0.40905 -0.0019391 -0.0018305 0.068545 -0.051696 4.0852e-05 -0.054061 0.050737 4.0852e-05 -0.054962 -0.21874 -0.0059042 0.072009 0.19797 -0.032957 0.076485 -0.063577 -0.18062 0.032436 0.010698 -0.16848 0.024228 -0.012705 -0.24464 0.044799 -0.035646 -0.23338 0.046109 -0.056642 0.089736 -0.43337 0.057456 0.097676 -0.43228 -0.020654 0.13683 -0.76197 0.031172 0.13375 -0.76318 0.03998 0.13183 -0.8331 0.056638 0.086733 -0.84 -0.0095243 -0.091714 0.58915
