-0.13062 0.0061272 0.33267 0.14742 0.0030519 0.3286 0.009177 -0.033524 0.40776 0.00097412 -0.0079993 0.068122 -0.055528 0.0028527 -0.050035 0.049626 0.0028527 -0.055894 -0.19936 0.073061 0.08479 0.17784 -0.012729 0.065019 -0.22934 0.082061 -0.15013 0.20562 -0.24743 0.082772 -0.22673 0.10047 -0.23072 0.23202 -0.29782 0.14279 -0.047111 0.055553 -0.43616 0.05138 0.051953 -0.44259 -0.032662 0.061703 -0.76969 0.084701 0.15968 -0.75687 -0.068281 0.024278 -0.84774 0.12287 0.14329 -0.84075 0.040156 -0.08209 0.59643
-0.13047 0.0060944 0.33306 0.14758 0.0016323 0.32725 0.0097028 -0.032816 0.4078 0.0010692 -0.0078901 0.068133 -0.055555 0.0026875 -0.050013 0.049485 0.0026875 -0.056024 -0.19941 0.072842 0.085183 0.17961 -0.026488 0.065001 -0.22991 0.080815 -0.14971 0.20778 -0.25766 0.10402 -0.22785 0.098999 -0.23038 0.23232 -0.3043 0.1674 -0.046271 0.056194 -0.43601 0.051637 0.048933 -0.44304 -0.030941 0.063463 -0.76946 0.082181 0.15728 -0.75738 -0.067036 0.02647 -0.84749 0.12546 0.14695 -0.83836 0.039035 -0.082562 0.5964
-0.13036 0.0060809 0.33339 0.14767 0.00042674 0.32602 0.010145 -0.032156 0.40784 0.0011482 -0.0077905 0.068143 -0.055571 0.0025415 -0.050001 0.049358 0.0025415 -0.056142 -0.19952 0.072608 0.085519 0.18165 -0.039763 0.065658 -0.23045 0.079621 -0.14934 0.20912 -0.2666 0.12414 -0.22889 0.097576 -0.23009 0.23146 -0.30996 0.19045 -0.045476 0.0568 -0.43587 0.051986 0.046091 -0.44346 -0.02938 0.06506 -0.76926 0.07986 0.15514 -0.75779 -0.065814 0.028504 -0.84732 0.12762 0.15046 -0.83608 0.038167 -0.082877 0.59637
-0.1303 0.0060818 0.33368 0.14772 -0.00059871 0.32491 0.010511 -0.031539 0.40788 0.0012129 -0.0076995 0.068152 -0.055579 0.0024121 -0.049999 0.049243 0.0024121 -0.056249 -0.19968 0.072353 0.085804 0.18392 -0.05258 0.066962 -0.23094 0.078472 -0.14904 0.20971 -0.27436 0.1432 -0.22984 0.096196 -0.22985 0.22959 -0.31488 0.21205 -0.044724 0.05737 -0.43575 0.052419 0.043411 -0.44384 -0.027966 0.06651 -0.76908 0.077738 0.15325 -0.7581 -0.064621 0.03039 -0.84724 0.12939 0.15378 -0.83391 0.037526 -0.083047 0.59634
-0.13026 0.0060923 0.33393 0.14772 -0.0014779 0.32389 0.010809 -0.030963 0.40792 0.001265 -0.0076161 0.06816 -0.055579 0.0022969 -0.050005 0.049139 0.0022969 -0.056344 -0.19988 0.072071 0.086042 0.18639 -0.064964 0.068885 -0.23139 0.077357 -0.14879 0.20963 -0.28109 0.16125 -0.23072 0.094853 -0.22965 0.22684 -0.31913 0.23228 -0.044017 0.057907 -0.43564 0.052929 0.040877 -0.44418 -0.026682 0.067832 -0.76892 0.075816 0.15158 -0.75833 -0.06346 0.032139 -0.84723 0.1308 0.15684 -0.83185 0.037088 -0.083087 0.59632
-0.13026 0.0061076 0.33414 0.14768 -0.0022447 0.32297 0.011046 -0.030423 0.40795 0.0013063 -0.0075395 0.068168 -0.055572 0.0021933 -0.050018 0.049046 0.0021933 -0.05643 -0.20013 0.071756 0.086238 0.18902 -0.07694 0.071401 -0.2318 0.076268 -0.14859 0.20898 -0.2869 0.17836 -0.23152 0.093543 -0.22949 0.22336 -0.32277 0.25122 -0.043355 0.058411 -0.43555 0.053506 0.038471 -0.44449 -0.025513 0.069041 -0.76878 0.074092 0.15011 -0.75847 -0.062337 0.033761 -0.84726 0.13192 0.15957 -0.8299 0.036828 -0.083011 0.59631
-0.13029 0.0061228 0.33433 0.1476 -0.002933 0.32212 0.01123 -0.029915 0.40799 0.0013385 -0.0074688 0.068176 -0.055559 0.0020989 -0.050038 0.048963 0.0020989 -0.056508 -0.2004 0.071404 0.086398 0.19178 -0.088534 0.074481 -0.23218 0.075195 -0.14843 0.20784 -0.29193 0.19457 -0.23224 0.092259 -0.22937 0.21926 -0.32588 0.26898 -0.042739 0.058883 -0.43546 0.054144 0.036177 -0.44477 -0.024445 0.070155 -0.76866 0.072567 0.14881 -0.75854 -0.061255 0.035265 -0.84732 0.13277 0.16193 -0.82809 0.036722 -0.082833 0.5963
-0.13035 0.0061331 0.3345 0.14749 -0.0035767 0.32133 0.011368 -0.029435 0.40802 0.0013634 -0.007403 0.068183 -0.05554 0.0020111 -0.050063 0.048887 0.0020111 -0.056578 -0.2007 0.071007 0.086525 0.19463 -0.099771 0.078098 -0.23251 0.074131 -0.14831 0.20629 -0.29631 0.20995 -0.23289 0.090995 -0.22928 0.2147 -0.32851 0.28562 -0.042168 0.059325 -0.43539 0.054835 0.033979 -0.44502 -0.023462 0.07119 -0.76856 0.07124 0.14765 -0.75854 -0.060221 0.036664 -0.84741 0.13342 0.16384 -0.8264 0.036744 -0.082568 0.59629
-0.13043 0.0061337 0.33465 0.14735 -0.0042095 0.3206 0.011469 -0.02898 0.40805 0.0013828 -0.0073411 0.068189 -0.055517 0.0019276 -0.050092 0.048818 0.0019276 -0.056641 -0.20101 0.070562 0.086624 0.19753 -0.11067 0.082225 -0.23281 0.073065 -0.14822 0.20441 -0.30016 0.22455 -0.23347 0.089747 -0.22921 0.2098 -0.33075 0.30126 -0.041644 0.059739 -0.43533 0.05557 0.031861 -0.44524 -0.02255 0.072164 -0.76846 0.070111 0.14662 -0.75847 -0.059237 0.037966 -0.84749 0.13389 0.16525 -0.82485 0.036869 -0.08223 0.59629
-0.13054 0.0061197 0.33479 0.14718 -0.0048655 0.31991 0.01154 -0.028545 0.40808 0.0013984 -0.0072823 0.068195 -0.055491 0.0018457 -0.050125 0.048756 0.0018457 -0.056698 -0.20133 0.070062 0.086701 0.20045 -0.12127 0.086834 -0.23307 0.071989 -0.14816 0.2023 -0.30362 0.23843 -0.23399 0.088509 -0.22916 0.20471 -0.33264 0.31596 -0.041167 0.060124 -0.43528 0.056342 0.029806 -0.44543 -0.021693 0.073093 -0.76837 0.06918 0.14568 -0.75834 -0.058308 0.039182 -0.84756 0.13425 0.16609 -0.82343 0.037074 -0.081832 0.59629
-0.13066 0.0060864 0.33493 0.14699 -0.0055783 0.31925 0.011589 -0.028128 0.4081 0.0014119 -0.0072257 0.068201 -0.055462 0.001763 -0.05016 0.048698 0.001763 -0.056751 -0.20165 0.069501 0.086761 0.20335 -0.13159 0.091898 -0.2333 0.070894 -0.14812 0.20003 -0.30681 0.25164 -0.23444 0.087274 -0.22913 0.19956 -0.33427 0.32983 -0.040737 0.060483 -0.43523 0.057143 0.027797 -0.4456 -0.020876 0.073995 -0.76828 0.068447 0.1448 -0.75816 -0.05744 0.040323 -0.84761 0.13453 0.16631 -0.82217 0.037332 -0.081388 0.5963
-0.1308 0.0060288 0.33508 0.14678 -0.006382 0.3186 0.011623 -0.027723 0.40813 0.0014252 -0.0071702 0.068207 -0.055432 0.0016771 -0.050197 0.048644 0.0016771 -0.0568 -0.20196 0.068874 0.086807 0.20619 -0.14165 0.097388 -0.23349 0.069771 -0.14809 0.19769 -0.30987 0.26425 -0.23483 0.086039 -0.22912 0.19448 -0.3357 0.34295 -0.040355 0.060816 -0.43519 0.057966 0.025818 -0.44576 -0.020084 0.074886 -0.76819 0.067912 0.14398 -0.75793 -0.056637 0.041399 -0.84761 0.13478 0.16584 -0.82106 0.03762 -0.080914 0.59631
-0.13095 0.0059421 0.33523 0.14656 -0.0073103 0.31796 0.01165 -0.027327 0.40815 0.0014399 -0.0071151 0.068212 -0.055401 0.0015853 -0.050234 0.048593 0.0015853 -0.056846 -0.20226 0.068175 0.086846 0.20894 -0.15148 0.10328 -0.23364 0.068611 -0.14807 0.19536 -0.31293 0.27631 -0.23517 0.084796 -0.22911 0.18961 -0.337 0.35541 -0.040021 0.061125 -0.43516 0.058801 0.023853 -0.44589 -0.019302 0.075783 -0.7681 0.067573 0.14317 -0.75766 -0.055903 0.04242 -0.84755 0.13504 0.16462 -0.8201 0.037913 -0.080422 0.59632
-0.13111 0.0058215 0.33539 0.14632 -0.0083972 0.31732 0.011677 -0.026937 0.40818 0.0014578 -0.0070593 0.068217 -0.05537 0.0014852 -0.050271 0.048544 0.0014852 -0.05689 -0.20253 0.067399 0.086881 0.21156 -0.1611 0.10954 -0.23376 0.067404 -0.14805 0.19314 -0.3161 0.28788 -0.23544 0.083541 -0.22911 0.1851 -0.33824 0.36729 -0.039735 0.061411 -0.43512 0.059642 0.021885 -0.44601 -0.018515 0.076703 -0.768 0.067432 0.14236 -0.75735 -0.055243 0.043396 -0.84741 0.13536 0.1626 -0.81931 0.038185 -0.079927 0.59634
-0.13127 0.0056623 0.33558 0.14609 -0.0096764 0.31666 0.011713 -0.026547 0.4082 0.0014807 -0.0070019 0.068223 -0.05534 0.0013743 -0.050306 0.048495 0.0013743 -0.056934 -0.20276 0.066541 0.086918 0.21402 -0.17054 0.11615 -0.23385 0.066142 -0.14803 0.19109 -0.31953 0.29901 -0.23567 0.082267 -0.22911 0.18106 -0.33948 0.3787 -0.039499 0.061674 -0.43509 0.060481 0.019897 -0.44611 -0.017708 0.077663 -0.7679 0.067488 0.14151 -0.75701 -0.054662 0.044339 -0.84718 0.13579 0.15971 -0.81869 0.038413 -0.079444 0.59636
-0.13144 0.0054596 0.33579 0.14584 -0.011181 0.31596 0.011765 -0.026156 0.40823 0.0015103 -0.006942 0.068228 -0.055312 0.0012503 -0.050339 0.048445 0.0012503 -0.056978 -0.20296 0.065594 0.086961 0.21627 -0.17983 0.12307 -0.2339 0.064817 -0.14801 0.18931 -0.32334 0.30976 -0.23584 0.08097 -0.22911 0.17765 -0.34079 0.38971 -0.039313 0.061917 -0.43506 0.061309 0.017874 -0.44621 -0.016866 0.078679 -0.76778 0.06774 0.14061 -0.75665 -0.054163 0.045257 -0.84685 0.13636 0.15589 -0.81825 0.038571 -0.078985 0.59639
-0.13161 0.0052173 0.33603 0.1456 -0.012921 0.31525 0.011836 -0.02576 0.40825 0.0015469 -0.0068794 0.068233 -0.055287 0.0011136 -0.050369 0.048395 0.0011136 -0.057022 -0.20312 0.064566 0.087014 0.21831 -0.18894 0.13023 -0.23392 0.063433 -0.14797 0.18783 -0.32756 0.32013 -0.23596 0.079646 -0.22909 0.17488 -0.34225 0.40034 -0.039174 0.062142 -0.43502 0.062122 0.015823 -0.44629 -0.015988 0.079753 -0.76764 0.068168 0.13963 -0.75628 -0.053745 0.046155 -0.84641 0.13709 0.15117 -0.81794 0.038648 -0.07856 0.59642
-0.13178 0.0049499 0.3363 0.14536 -0.014872 0.31452 0.011924 -0.025363 0.40827 0.0015889 -0.0068149 0.068239 -0.055264 0.00096861 -0.050395 0.048345 0.00096861 -0.057066 -0.20324 0.063484 0.087073 0.22014 -0.19782 0.13748 -0.23391 0.062014 -0.14793 0.18658 -0.33206 0.33006 -0.23604 0.078294 -0.22907 0.17268 -0.34396 0.41051 -0.03908 0.062352 -0.43499 0.062919 0.01378 -0.44637 -0.015088 0.080865 -0.7675 0.068727 0.13857 -0.75593 -0.053396 0.047029 -0.84588 0.13794 0.14568 -0.81768 0.03865 -0.078168 0.59645
-0.13195 0.0046726 0.33658 0.14512 -0.01701 0.31381 0.012025 -0.024966 0.40829 0.0016345 -0.0067492 0.068244 -0.055244 0.00082008 -0.050419 0.048296 0.00082008 -0.057109 -0.20331 0.062373 0.08714 0.2218 -0.20639 0.14468 -0.23386 0.060586 -0.14788 0.18553 -0.33672 0.33947 -0.23607 0.076912 -0.22904 0.17093 -0.34602 0.42013 -0.039027 0.062552 -0.43495 0.063698 0.011784 -0.44643 -0.014183 0.081994 -0.76735 0.069369 0.13741 -0.75563 -0.053103 0.047873 -0.8453 0.13885 0.13957 -0.81738 0.038584 -0.07781 0.59648
-0.13211 0.0044007 0.33688 0.14488 -0.019309 0.31314 0.012137 -0.024572 0.40831 0.0016821 -0.006683 0.06825 -0.055227 0.00067265 -0.05044 0.048249 0.00067265 -0.05715 -0.20335 0.061258 0.087211 0.22329 -0.21458 0.15169 -0.23377 0.059173 -0.14782 0.18462 -0.34143 0.34828 -0.23605 0.075501 -0.22899 0.16953 -0.34853 0.42913 -0.03901 0.062745 -0.43492 0.064458 0.0098738 -0.44649 -0.013289 0.08312 -0.76719 0.070047 0.13615 -0.75541 -0.052854 0.048683 -0.84468 0.13978 0.13298 -0.81695 0.038456 -0.077485 0.59652
-0.13226 0.0041493 0.33719 0.14463 -0.021746 0.31252 0.012257 -0.024182 0.40833 0.0017299 -0.0066172 0.068255 -0.055212 0.00053099 -0.050457 0.048205 0.00053099 -0.05719 -0.20335 0.060167 0.087287 0.22463 -0.22232 0.15835 -0.23365 0.057801 -0.14776 0.1838 -0.34606 0.35643 -0.23598 0.074058 -0.22893 0.16839 -0.35158 0.4374 -0.039026 0.062936 -0.43489 0.065199 0.0080874 -0.44653 -0.012422 0.084222 -0.76703 0.070715 0.13478 -0.7553 -0.052637 0.049454 -0.84404 0.14069 0.12605 -0.81628 0.038272 -0.077194 0.59655
-0.13241 0.0039338 0.33751 0.14439 -0.024295 0.31199 0.012381 -0.023799 0.40835 0.0017762 -0.0065526 0.06826 -0.055201 0.00039975 -0.050473 0.048165 0.00039975 -0.057226 -0.20332 0.059125 0.087366 0.22585 -0.22955 0.16453 -0.23348 0.056494 -0.14769 0.18301 -0.35049 0.36384 -0.23587 0.072584 -0.22885 0.1674 -0.35527 0.44488 -0.039072 0.063129 -0.43485 0.065918 0.0064638 -0.44657 -0.011599 0.085279 -0.76688 0.071324 0.13328 -0.75533 -0.052441 0.050181 -0.84342 0.14153 0.11893 -0.81531 0.038041 -0.076936 0.59659
-0.13254 0.0037693 0.33783 0.14415 -0.026931 0.31155 0.012508 -0.023425 0.40837 0.0018192 -0.0064899 0.068265 -0.055193 0.00028363 -0.050485 0.04813 0.00028363 -0.057258 -0.20325 0.058158 0.087446 0.22695 -0.2362 0.17007 -0.23327 0.055277 -0.14763 0.18221 -0.3546 0.37044 -0.23571 0.071077 -0.22876 0.16646 -0.3597 0.45146 -0.039142 0.063328 -0.43482 0.066615 0.0050416 -0.44659 -0.010835 0.086271 -0.76672 0.071829 0.13165 -0.75552 -0.052252 0.05086 -0.84283 0.14224 0.11176 -0.81392 0.037768 -0.076711 0.59662
-0.13267 0.0036569 0.33815 0.14392 -0.029627 0.31124 0.012635 -0.023061 0.40839 0.0018584 -0.0064295 0.06827 -0.055187 0.00018327 -0.050495 0.0481 0.00018327 -0.057286 -0.20316 0.057269 0.087526 0.22797 -0.24222 0.17491 -0.23302 0.05415 -0.14757 0.18139 -0.35833 0.37621 -0.23552 0.069538 -0.22864 0.16554 -0.3649 0.45715 -0.039239 0.063534 -0.43479 0.06729 0.0038509 -0.44661 -0.010151 0.087185 -0.76658 0.072212 0.12985 -0.75592 -0.052066 0.051484 -0.84229 0.14281 0.10463 -0.8121 0.037467 -0.076512 0.59665
-0.13278 0.0035557 0.33846 0.14369 -0.032349 0.31104 0.01277 -0.022702 0.40841 0.001896 -0.0063707 0.068274 -0.055179 8.7475e-05 -0.050508 0.048077 8.7475e-05 -0.057309 -0.20305 0.056389 0.087601 0.22896 -0.24769 0.17928 -0.23275 0.053034 -0.14751 0.18069 -0.36184 0.38134 -0.2353 0.067969 -0.22853 0.16489 -0.37069 0.46214 -0.039383 0.063742 -0.43476 0.067949 0.0028972 -0.44661 -0.0095745 0.088033 -0.76644 0.072549 0.12778 -0.75651 -0.051904 0.052051 -0.8418 0.14321 0.097498 -0.81008 0.037173 -0.076309 0.59668
-0.13286 0.003417 0.33876 0.14349 -0.035064 0.31094 0.012919 -0.022344 0.40842 0.0019347 -0.0063128 0.068279 -0.055166 -1.715e-05 -0.050525 0.04806 -1.715e-05 -0.057325 -0.20293 0.055434 0.087667 0.22999 -0.25268 0.18343 -0.23246 0.051837 -0.14746 0.1803 -0.36531 0.38606 -0.23507 0.066372 -0.22843 0.16478 -0.37686 0.46668 -0.039596 0.063944 -0.43474 0.068596 0.0021815 -0.4466 -0.0091378 0.08883 -0.76632 0.072932 0.12533 -0.7573 -0.051789 0.052557 -0.84136 0.14347 0.090301 -0.80812 0.036925 -0.076071 0.59671
-0.13293 0.0031919 0.33904 0.14332 -0.037735 0.31095 0.01309 -0.021982 0.40843 0.0019776 -0.0062548 0.068283 -0.055142 -0.00014401 -0.050552 0.048049 -0.00014401 -0.057335 -0.20281 0.054324 0.087718 0.23111 -0.25728 0.18762 -0.23217 0.050467 -0.14743 0.18038 -0.36895 0.39057 -0.23487 0.064751 -0.22837 0.16548 -0.3832 0.47102 -0.0399 0.064132 -0.43472 0.069239 0.0017046 -0.44657 -0.0088716 0.089592 -0.76621 0.073454 0.12237 -0.75829 -0.051745 0.052997 -0.84097 0.14357 0.082968 -0.80648 0.036763 -0.075763 0.59676
-0.13297 0.0028317 0.33931 0.1432 -0.04033 0.31105 0.013289 -0.021611 0.40845 0.0020275 -0.0061958 0.068287 -0.055103 -0.0003065 -0.050593 0.048047 -0.0003065 -0.057336 -0.20271 0.052974 0.08775 0.23239 -0.26157 0.19211 -0.23189 0.048831 -0.14741 0.18112 -0.37293 0.3951 -0.2347 0.06311 -0.22836 0.16729 -0.38948 0.47539 -0.040318 0.0643 -0.43473 0.069883 0.0014674 -0.44654 -0.0088069 0.090335 -0.76612 0.074206 0.11879 -0.75949 -0.051795 0.053368 -0.84063 0.14351 0.075428 -0.80542 0.036726 -0.075354 0.59681
-0.13298 0.0022878 0.33956 0.14313 -0.042812 0.31124 0.013524 -0.021225 0.40846 0.0020871 -0.006135 0.06829 -0.055045 -0.00051803 -0.050651 0.048051 -0.00051803 -0.057328 -0.20264 0.051304 0.087758 0.2339 -0.26564 0.19717 -0.23163 0.046837 -0.14742 0.18267 -0.37747 0.39987 -0.2346 0.06145 -0.22842 0.17047 -0.3955 0.48004 -0.040872 0.064439 -0.43474 0.070534 0.0014707 -0.44648 -0.0089748 0.091075 -0.76605 0.075282 0.11448 -0.76089 -0.051965 0.053665 -0.84032 0.14331 0.067613 -0.8052 0.036851 -0.074809 0.59688
-0.13296 0.0015113 0.33978 0.14312 -0.045147 0.31152 0.013801 -0.020821 0.40847 0.0021594 -0.0060716 0.068294 -0.054964 -0.00079199 -0.050729 0.048064 -0.00079199 -0.057309 -0.2026 0.049231 0.087738 0.23569 -0.26956 0.20305 -0.23141 0.044393 -0.14745 0.18522 -0.38274 0.40509 -0.23457 0.059775 -0.22858 0.1753 -0.40103 0.48523 -0.041585 0.064543 -0.43478 0.071199 0.0017155 -0.44642 -0.0094063 0.091828 -0.76601 0.076773 0.10932 -0.7625 -0.052277 0.053885 -0.84006 0.14296 0.059453 -0.80609 0.037179 -0.074097 0.59697
-0.13291 0.00046328 0.33997 0.1432 -0.047304 0.31187 0.014127 -0.020394 0.40848 0.0022467 -0.0060047 0.068296 -0.054856 -0.0011389 -0.050832 0.048085 -0.0011389 -0.057281 -0.20261 0.046689 0.087685 0.23782 -0.27341 0.20996 -0.23124 0.041425 -0.14752 0.18892 -0.3889 0.41095 -0.23464 0.0581 -0.22882 0.18202 -0.40591 0.49113 -0.042474 0.064606 -0.43484 0.07188 0.0021994 -0.44633 -0.010125 0.092607 -0.76599 0.078756 0.10322 -0.76431 -0.052752 0.054025 -0.83983 0.14247 0.0509 -0.80829 0.037741 -0.07319 0.59707
-0.13282 -0.00082303 0.34014 0.14334 -0.04927 0.31228 0.014493 -0.019946 0.40849 0.0023471 -0.0059346 0.068299 -0.054724 -0.0015482 -0.050957 0.048115 -0.0015482 -0.057241 -0.20266 0.043737 0.087603 0.24026 -0.27713 0.21771 -0.23112 0.038003 -0.14761 0.19375 -0.39581 0.41725 -0.23478 0.056524 -0.22902 0.19042 -0.41021 0.49756 -0.043519 0.064633 -0.43492 0.072571 0.0028963 -0.44623 -0.011099 0.093411 -0.76599 0.081197 0.096293 -0.76626 -0.053372 0.054093 -0.83964 0.14188 0.042041 -0.81165 0.03851 -0.072107 0.5972
-0.1327 -0.0022821 0.34028 0.14353 -0.051042 0.31273 0.014888 -0.019482 0.4085 0.002457 -0.0058616 0.068301 -0.054575 -0.0019998 -0.051097 0.048152 -0.0019998 -0.057192 -0.20273 0.04049 0.087499 0.24297 -0.28061 0.2259 -0.23102 0.034257 -0.14772 0.19958 -0.40321 0.42365 -0.23495 0.055185 -0.229 0.20013 -0.41412 0.50416 -0.044684 0.064634 -0.43502 0.07326 0.0037697 -0.44612 -0.012272 0.09423 -0.76601 0.084012 0.088766 -0.76827 -0.054105 0.054101 -0.83946 0.14125 0.03303 -0.81585 0.039434 -0.070889 0.59734
-0.13256 -0.0038483 0.34041 0.14377 -0.052617 0.31321 0.015299 -0.019007 0.4085 0.0025726 -0.0057864 0.068303 -0.054413 -0.0024735 -0.051247 0.048199 -0.0024735 -0.057133 -0.20281 0.037063 0.087381 0.2459 -0.28377 0.23417 -0.23094 0.030319 -0.14784 0.20633 -0.41081 0.42983 -0.23513 0.05422 -0.22857 0.21078 -0.41786 0.51056 -0.045931 0.06462 -0.43512 0.073933 0.0047829 -0.44599 -0.013588 0.095053 -0.76605 0.087114 0.080851 -0.77024 -0.054919 0.054062 -0.8393 0.14064 0.02402 -0.82057 0.040461 -0.069574 0.59749
-0.13241 -0.0054558 0.34052 0.14404 -0.053993 0.31369 0.015712 -0.018526 0.40851 0.0026902 -0.0057094 0.068305 -0.054244 -0.0029492 -0.051403 0.048253 -0.0029492 -0.057066 -0.20289 0.03357 0.087254 0.249 -0.28648 0.24214 -0.23087 0.026322 -0.14797 0.21389 -0.41837 0.43544 -0.23528 0.053768 -0.22754 0.222 -0.42161 0.51639 -0.047225 0.0646 -0.43523 0.074578 0.0058991 -0.44585 -0.01499 0.095873 -0.76609 0.090419 0.072762 -0.77209 -0.055781 0.053987 -0.83914 0.14011 0.015162 -0.82547 0.041538 -0.068202 0.59764
-0.13224 -0.0070391 0.34062 0.14432 -0.055165 0.31418 0.016116 -0.018044 0.40852 0.0028062 -0.0056312 0.068307 -0.054076 -0.0034067 -0.051557 0.048316 -0.0034067 -0.056992 -0.20294 0.030126 0.087127 0.25221 -0.28865 0.24941 -0.23078 0.022398 -0.1481 0.22214 -0.42559 0.44013 -0.23535 0.053966 -0.22573 0.23341 -0.42558 0.52129 -0.048527 0.064585 -0.43533 0.075182 0.0070817 -0.44571 -0.016421 0.096679 -0.76613 0.093843 0.064715 -0.77373 -0.05666 0.053888 -0.83897 0.13972 0.0066098 -0.83024 0.042613 -0.066814 0.5978
-0.13207 -0.0085323 0.34071 0.14461 -0.056132 0.31463 0.016497 -0.017566 0.40852 0.0029168 -0.0055522 0.068309 -0.053913 -0.003826 -0.051705 0.048388 -0.003826 -0.05691 -0.20296 0.026847 0.087007 0.25549 -0.29017 0.25561 -0.23067 0.018678 -0.14823 0.23099 -0.43223 0.44358 -0.23532 0.054952 -0.22295 0.24463 -0.42996 0.5249 -0.049802 0.064586 -0.43543 0.075732 0.0082939 -0.44555 -0.017825 0.097461 -0.76616 0.097299 0.056926 -0.77508 -0.057521 0.053779 -0.8388 0.13952 -0.0014842 -0.83455 0.043634 -0.065449 0.59795
-0.13189 -0.009872 0.34081 0.14489 -0.056891 0.31504 0.016842 -0.017096 0.40853 0.0030185 -0.005473 0.068312 -0.053762 -0.0041875 -0.051841 0.048467 -0.0041875 -0.056822 -0.20293 0.023842 0.086899 0.25878 -0.29094 0.26037 -0.23053 0.01529 -0.14833 0.24033 -0.43801 0.44546 -0.23514 0.056852 -0.21903 0.2553 -0.43495 0.52687 -0.051014 0.064612 -0.43551 0.076215 0.0095006 -0.4454 -0.019148 0.098211 -0.76619 0.1007 0.049607 -0.77606 -0.058335 0.053671 -0.8386 0.13957 -0.0089675 -0.83809 0.044549 -0.064145 0.5981
-0.13171 -0.011046 0.3409 0.14515 -0.057475 0.31541 0.017154 -0.016644 0.40853 0.0031111 -0.0053949 0.068314 -0.053625 -0.0044851 -0.051962 0.048555 -0.0044851 -0.056728 -0.20284 0.021134 0.086805 0.26207 -0.29099 0.26369 -0.23034 0.012262 -0.14843 0.25012 -0.44286 0.44573 -0.23481 0.059535 -0.21411 0.2654 -0.44054 0.52715 -0.052158 0.064663 -0.43559 0.076623 0.010699 -0.44524 -0.020383 0.098928 -0.76621 0.104 0.042899 -0.77665 -0.059098 0.053569 -0.83837 0.13989 -0.01569 -0.84079 0.04534 -0.062912 0.59824
-0.13151 -0.012092 0.34099 0.1454 -0.05795 0.31574 0.017448 -0.016222 0.40854 0.0031977 -0.0053195 0.068316 -0.053502 -0.0047264 -0.052071 0.048652 -0.0047264 -0.056627 -0.2027 0.018655 0.08672 0.26537 -0.29048 0.26591 -0.23009 0.0095233 -0.14852 0.26039 -0.44691 0.44467 -0.23433 0.062607 -0.20864 0.27521 -0.44657 0.52603 -0.053263 0.064731 -0.43565 0.076947 0.011918 -0.44507 -0.021574 0.099617 -0.76621 0.10714 0.036873 -0.7769 -0.059834 0.053473 -0.83813 0.14042 -0.021503 -0.84282 0.046019 -0.061731 0.59838
-0.13129 -0.013051 0.34106 0.14564 -0.058384 0.31603 0.017738 -0.015841 0.40854 0.0032816 -0.0052487 0.068318 -0.053391 -0.0049196 -0.052167 0.048758 -0.0049196 -0.05652 -0.2025 0.016331 0.086638 0.2687 -0.28957 0.2674 -0.22978 0.0069972 -0.1486 0.27117 -0.45027 0.44256 -0.23373 0.065666 -0.20309 0.28503 -0.45285 0.5238 -0.054357 0.064807 -0.43569 0.07718 0.01319 -0.44489 -0.022765 0.10029 -0.7662 0.11008 0.031598 -0.77688 -0.060569 0.053381 -0.83788 0.14113 -0.026259 -0.84436 0.0466 -0.06058 0.59852
-0.13102 -0.013964 0.34112 0.14587 -0.058843 0.31628 0.018041 -0.015515 0.40854 0.0033661 -0.0051844 0.068318 -0.053293 -0.0050728 -0.052251 0.048874 -0.0050728 -0.056405 -0.20225 0.014093 0.086555 0.27207 -0.28842 0.26852 -0.22939 0.0046082 -0.1487 0.28249 -0.45308 0.43969 -0.23302 0.068309 -0.19793 0.29517 -0.45919 0.52075 -0.05547 0.06488 -0.43573 0.077316 0.014544 -0.4447 -0.024001 0.10094 -0.76619 0.1128 0.02714 -0.77664 -0.061327 0.053291 -0.83762 0.14196 -0.02981 -0.8456 0.047098 -0.05944 0.59868
-0.1307 -0.014871 0.34116 0.14608 -0.059397 0.31652 0.018371 -0.015255 0.40854 0.0034546 -0.0051285 0.068318 -0.053206 -0.0051941 -0.052324 0.048999 -0.0051941 -0.056282 -0.20195 0.011866 0.086464 0.27549 -0.28719 0.26963 -0.22892 0.0022804 -0.1488 0.29436 -0.45546 0.43633 -0.2322 0.070131 -0.19363 0.30593 -0.4654 0.51717 -0.056628 0.064941 -0.43576 0.077347 0.016013 -0.44449 -0.025327 0.10159 -0.76617 0.11524 0.023568 -0.77626 -0.062135 0.053203 -0.83736 0.14288 -0.032008 -0.84673 0.047525 -0.058289 0.59886
-0.13032 -0.015814 0.34117 0.14629 -0.060112 0.31674 0.018745 -0.015074 0.40853 0.0035502 -0.0050826 0.068316 -0.053131 -0.0052917 -0.052388 0.049135 -0.0052917 -0.056152 -0.2016 0.0095804 0.08636 0.27898 -0.28604 0.2711 -0.22835 -6.2121e-05 -0.14893 0.30684 -0.45754 0.43278 -0.2313 0.07073 -0.19066 0.31762 -0.4713 0.51334 -0.057863 0.064981 -0.43578 0.077266 0.017628 -0.44427 -0.026788 0.10225 -0.76613 0.11737 0.02095 -0.77577 -0.063018 0.053115 -0.8371 0.14384 -0.032705 -0.84791 0.047897 -0.057108 0.59906
-0.12987 -0.016832 0.34116 0.14649 -0.061055 0.31694 0.019178 -0.014984 0.40851 0.0036563 -0.0050488 0.068313 -0.053065 -0.0053736 -0.052442 0.049281 -0.0053736 -0.056013 -0.20121 0.0071633 0.086238 0.28257 -0.28513 0.27329 -0.22768 -0.002495 -0.14908 0.31993 -0.45944 0.42931 -0.23033 0.069703 -0.18947 0.33054 -0.47671 0.50957 -0.059202 0.06499 -0.43579 0.077066 0.019418 -0.44403 -0.028428 0.10291 -0.7661 0.11916 0.019353 -0.77526 -0.064002 0.053025 -0.83686 0.1448 -0.031754 -0.84934 0.048226 -0.055875 0.59929
-0.12933 -0.017948 0.34111 0.14669 -0.062246 0.31714 0.019679 -0.014989 0.40849 0.0037747 -0.0050274 0.068308 -0.05301 -0.0054456 -0.052488 0.049438 -0.0054456 -0.055866 -0.20077 0.0045776 0.086096 0.28625 -0.28453 0.27639 -0.2269 -0.00506 -0.14926 0.3336 -0.4612 0.42612 -0.2293 0.066866 -0.19029 0.34484 -0.48147 0.50601 -0.060657 0.064963 -0.43579 0.076744 0.021395 -0.44377 -0.030268 0.10357 -0.76605 0.12057 0.018787 -0.77475 -0.065098 0.052932 -0.83663 0.14568 -0.029189 -0.85109 0.048524 -0.054579 0.59956
-0.12872 -0.019144 0.34104 0.1469 -0.063598 0.31731 0.020241 -0.01507 0.40846 0.0039039 -0.0050164 0.068301 -0.052967 -0.0055083 -0.052523 0.049605 -0.0055083 -0.055711 -0.20028 0.0018639 0.085937 0.29004 -0.2841 0.28016 -0.22602 -0.0077232 -0.14947 0.34769 -0.46268 0.42316 -0.22824 0.062519 -0.19277 0.36025 -0.48553 0.50253 -0.062206 0.064898 -0.43579 0.076309 0.023525 -0.44349 -0.032275 0.10424 -0.766 0.12162 0.019134 -0.77426 -0.066286 0.052832 -0.83641 0.14634 -0.025448 -0.85296 0.04879 -0.053227 0.59985
-0.12805 -0.020397 0.34095 0.14713 -0.065006 0.31745 0.020854 -0.015208 0.40842 0.0040421 -0.0050131 0.068294 -0.052938 -0.0055613 -0.052546 0.049779 -0.0055613 -0.05555 -0.19973 -0.00092725 0.085765 0.29396 -0.28368 0.28432 -0.22504 -0.01044 -0.14969 0.362 -0.46369 0.42036 -0.22719 0.057028 -0.19646 0.37648 -0.48884 0.49896 -0.06382 0.064797 -0.43577 0.075769 0.025765 -0.44319 -0.034409 0.1049 -0.76595 0.12232 0.020258 -0.77378 -0.067542 0.05272 -0.8362 0.14663 -0.021025 -0.85473 0.049022 -0.05183 0.60016
-0.12733 -0.021683 0.34086 0.14742 -0.06637 0.31755 0.02151 -0.015382 0.40838 0.0041873 -0.0050148 0.068285 -0.052923 -0.0056044 -0.052557 0.049959 -0.0056044 -0.055383 -0.19912 -0.0037449 0.085586 0.29802 -0.2831 0.2886 -0.22397 -0.013167 -0.14992 0.37633 -0.46405 0.41768 -0.22616 0.05076 -0.20095 0.39323 -0.49136 0.49512 -0.06547 0.06466 -0.43575 0.075133 0.028077 -0.44288 -0.036629 0.10553 -0.76588 0.12268 0.022023 -0.77333 -0.068842 0.052594 -0.836 0.14641 -0.016412 -0.85618 0.04922 -0.050398 0.60048
-0.12656 -0.02298 0.34075 0.14776 -0.067586 0.31759 0.0222 -0.015574 0.40834 0.0043376 -0.005019 0.068275 -0.052925 -0.0056375 -0.052552 0.050145 -0.0056375 -0.055213 -0.19845 -0.0065384 0.085404 0.30223 -0.2822 0.29271 -0.22281 -0.015859 -0.15016 0.39049 -0.46359 0.41504 -0.22518 0.04408 -0.20579 0.41022 -0.49304 0.49085 -0.067128 0.064489 -0.43572 0.074411 0.030418 -0.44256 -0.038895 0.10613 -0.7658 0.12271 0.024294 -0.7729 -0.070162 0.052449 -0.83579 0.14552 -0.012104 -0.85708 0.049383 -0.048942 0.60081
-0.12577 -0.024263 0.34066 0.14819 -0.068552 0.31757 0.022914 -0.015762 0.40829 0.0044911 -0.0050229 0.068265 -0.052946 -0.0056603 -0.05253 0.050334 -0.0056603 -0.055039 -0.1977 -0.0092568 0.085223 0.3066 -0.2808 0.29638 -0.22158 -0.018473 -0.15039 0.40429 -0.46212 0.41237 -0.22428 0.037354 -0.21057 0.42713 -0.49382 0.48596 -0.068766 0.064283 -0.43567 0.07361 0.032748 -0.44223 -0.041168 0.10668 -0.76571 0.12244 0.026935 -0.7725 -0.071479 0.052281 -0.83558 0.14382 -0.0085928 -0.85722 0.04951 -0.047472 0.60115
-0.12496 -0.02551 0.34057 0.1487 -0.069165 0.31746 0.023645 -0.015926 0.40825 0.004646 -0.005024 0.068255 -0.052986 -0.0056725 -0.052491 0.050526 -0.0056725 -0.054863 -0.19688 -0.011849 0.085048 0.31115 -0.27875 0.29933 -0.22027 -0.020964 -0.15062 0.41753 -0.45948 0.40961 -0.22349 0.03095 -0.21485 0.44368 -0.49367 0.4803 -0.070354 0.064044 -0.43561 0.072742 0.035027 -0.44189 -0.043406 0.10717 -0.76562 0.12188 0.029809 -0.77212 -0.072768 0.052086 -0.83536 0.14116 -0.0063719 -0.85636 0.049599 -0.045998 0.60147
-0.12414 -0.026697 0.34049 0.14933 -0.069342 0.31726 0.024384 -0.01605 0.4082 0.0048007 -0.0050201 0.068244 -0.053048 -0.0056732 -0.052432 0.050717 -0.0056732 -0.054688 -0.19598 -0.014271 0.084884 0.31588 -0.27592 0.30132 -0.2189 -0.023291 -0.15083 0.43006 -0.45553 0.4067 -0.22282 0.025188 -0.21826 0.4596 -0.49256 0.47373 -0.071872 0.063775 -0.43554 0.071811 0.037221 -0.44155 -0.045578 0.10759 -0.76551 0.12103 0.032796 -0.77177 -0.074012 0.051864 -0.83513 0.13744 -0.0058268 -0.85435 0.049647 -0.044529 0.60178
-0.1233 -0.027805 0.34044 0.15005 -0.069107 0.31698 0.025138 -0.016133 0.40815 0.0049559 -0.0050111 0.068234 -0.053133 -0.0056567 -0.052351 0.050904 -0.0056567 -0.054517 -0.19501 -0.016508 0.084736 0.32074 -0.27238 0.30242 -0.21748 -0.02544 -0.15102 0.44186 -0.45043 0.40355 -0.22224 0.020155 -0.22079 0.47482 -0.49054 0.4663 -0.073337 0.063487 -0.43545 0.070813 0.039337 -0.44121 -0.047697 0.10796 -0.76538 0.11993 0.035852 -0.77145 -0.075226 0.051629 -0.83489 0.13281 -0.0067604 -0.85132 0.049638 -0.043057 0.60208
-0.12245 -0.028816 0.3404 0.15086 -0.068519 0.3166 0.025916 -0.016181 0.4081 0.0051131 -0.0049977 0.068223 -0.053243 -0.0056162 -0.052247 0.051078 -0.0056162 -0.054359 -0.19401 -0.018556 0.08461 0.32564 -0.2683 0.30277 -0.21606 -0.027403 -0.15119 0.45299 -0.44443 0.40007 -0.22171 0.015858 -0.22255 0.48933 -0.4877 0.45814 -0.074781 0.063195 -0.43533 0.06974 0.041397 -0.44088 -0.049794 0.10829 -0.76523 0.11859 0.038958 -0.77116 -0.076439 0.0514 -0.83463 0.1275 -0.0087795 -0.84751 0.049554 -0.041571 0.60236
-0.12157 -0.029712 0.34038 0.15174 -0.067638 0.31614 0.026728 -0.016198 0.40805 0.0052736 -0.0049806 0.068212 -0.053379 -0.0055446 -0.052117 0.051235 -0.0055446 -0.054219 -0.19299 -0.020411 0.084512 0.33053 -0.26381 0.30252 -0.21464 -0.02917 -0.15133 0.4635 -0.43778 0.39616 -0.22117 0.012303 -0.22364 0.50314 -0.48414 0.44939 -0.076235 0.062913 -0.43519 0.06858 0.043422 -0.44056 -0.051897 0.10861 -0.76505 0.11704 0.042095 -0.7709 -0.077679 0.051196 -0.83435 0.12175 -0.011491 -0.84318 0.049374 -0.040061 0.60262
-0.12067 -0.030473 0.34038 0.15268 -0.066522 0.3156 0.027582 -0.01619 0.40799 0.0054388 -0.0049604 0.068201 -0.053542 -0.005435 -0.05196 0.051367 -0.005435 -0.054106 -0.19197 -0.02207 0.084446 0.33532 -0.25907 0.30184 -0.21326 -0.030733 -0.15143 0.47344 -0.43074 0.39174 -0.22057 0.0094968 -0.22415 0.51624 -0.47994 0.44016 -0.077729 0.062657 -0.43501 0.067327 0.045432 -0.44026 -0.054037 0.10892 -0.76484 0.11531 0.045246 -0.77068 -0.078972 0.051038 -0.83405 0.1158 -0.014501 -0.83856 0.049079 -0.038513 0.60288
-0.11973 -0.031082 0.34039 0.15367 -0.06523 0.31497 0.028488 -0.016161 0.40793 0.0056103 -0.0049379 0.068188 -0.053735 -0.0052804 -0.051774 0.051468 -0.0052804 -0.054024 -0.19098 -0.023528 0.084418 0.33995 -0.25424 0.30086 -0.21195 -0.032086 -0.15149 0.48287 -0.42356 0.38672 -0.21988 0.007445 -0.22421 0.52863 -0.4752 0.43058 -0.079294 0.062441 -0.4348 0.065969 0.04745 -0.43998 -0.056241 0.10927 -0.7646 0.11341 0.048392 -0.77048 -0.080347 0.050944 -0.83373 0.10988 -0.017417 -0.83391 0.04865 -0.036918 0.60311
-0.11876 -0.031519 0.34041 0.15468 -0.063822 0.31427 0.029456 -0.016118 0.40786 0.0057893 -0.0049136 0.068175 -0.053958 -0.0050738 -0.051557 0.051531 -0.0050738 -0.053981 -0.19005 -0.024783 0.084435 0.34434 -0.24945 0.29974 -0.21073 -0.033219 -0.15151 0.49184 -0.41648 0.38101 -0.21903 0.0061545 -0.2239 0.5403 -0.47 0.42078 -0.080961 0.06228 -0.43454 0.064498 0.049497 -0.43973 -0.058541 0.10965 -0.76431 0.11138 0.051515 -0.77031 -0.081831 0.050934 -0.83338 0.10423 -0.019845 -0.82946 0.048066 -0.035264 0.60333
-0.11774 -0.031769 0.34045 0.15572 -0.062356 0.31349 0.030494 -0.016066 0.40779 0.0059774 -0.0048884 0.068161 -0.054213 -0.0048088 -0.051307 0.051551 -0.0048088 -0.053984 -0.18918 -0.02583 0.084501 0.34842 -0.24486 0.29863 -0.20963 -0.034126 -0.15147 0.50039 -0.40976 0.37451 -0.21798 0.0056264 -0.22333 0.55125 -0.46444 0.41088 -0.082761 0.062187 -0.43424 0.062906 0.051592 -0.43951 -0.060963 0.11009 -0.76397 0.10924 0.054597 -0.77017 -0.083451 0.051026 -0.83301 0.099075 -0.021406 -0.82545 0.047312 -0.03354 0.60354
-0.11668 -0.031835 0.3405 0.15676 -0.060858 0.31264 0.031605 -0.016002 0.40771 0.0061759 -0.0048623 0.068145 -0.054498 -0.0044885 -0.051026 0.051525 -0.0044885 -0.054033 -0.18838 -0.026681 0.084615 0.35218 -0.24052 0.29756 -0.20866 -0.034813 -0.15139 0.50855 -0.40344 0.36727 -0.21678 0.0057855 -0.22257 0.5615 -0.45856 0.40097 -0.084699 0.06216 -0.43389 0.061189 0.053735 -0.43933 -0.063523 0.1106 -0.76358 0.10699 0.057628 -0.77006 -0.085221 0.05122 -0.83261 0.094493 -0.021942 -0.82202 0.046419 -0.031742 0.60372
-0.11557 -0.031738 0.34057 0.15781 -0.059335 0.31172 0.032785 -0.015921 0.40762 0.006386 -0.0048349 0.068128 -0.054806 -0.0041234 -0.050719 0.051457 -0.0041234 -0.054124 -0.18764 -0.027353 0.084771 0.35565 -0.23638 0.29646 -0.20783 -0.035297 -0.15125 0.51635 -0.39745 0.35941 -0.21553 0.0064976 -0.22166 0.57107 -0.45241 0.39109 -0.086767 0.062182 -0.4335 0.059353 0.055912 -0.43918 -0.06622 0.11115 -0.76316 0.10462 0.060605 -0.76998 -0.087144 0.051499 -0.83218 0.090437 -0.021463 -0.81923 0.045452 -0.029872 0.60389
-0.11442 -0.031498 0.34065 0.15887 -0.057791 0.31075 0.034031 -0.015819 0.40752 0.0066089 -0.0048059 0.068109 -0.055134 -0.0037239 -0.05039 0.051348 -0.0037239 -0.054254 -0.18691 -0.027868 0.084962 0.35886 -0.23243 0.29527 -0.20715 -0.035596 -0.15107 0.52378 -0.39169 0.35103 -0.21433 0.0076269 -0.22064 0.58 -0.446 0.38129 -0.088953 0.062234 -0.43307 0.057399 0.058108 -0.43906 -0.069058 0.11174 -0.76269 0.10214 0.063522 -0.76992 -0.089223 0.051847 -0.83173 0.08686 -0.019982 -0.81715 0.04448 -0.027934 0.60403
-0.11323 -0.031137 0.34074 0.15994 -0.056232 0.30972 0.035339 -0.015689 0.40741 0.006846 -0.0047751 0.068088 -0.055475 -0.0033006 -0.050045 0.051202 -0.0033006 -0.054419 -0.1862 -0.028244 0.085181 0.36183 -0.22863 0.29394 -0.20663 -0.035729 -0.15084 0.53086 -0.3861 0.34228 -0.21328 0.0090376 -0.21957 0.58831 -0.43938 0.37163 -0.091249 0.062301 -0.43261 0.055331 0.060308 -0.43897 -0.072038 0.11236 -0.76218 0.099524 0.066376 -0.76988 -0.091462 0.052248 -0.83125 0.083716 -0.017514 -0.81583 0.043571 -0.025928 0.60414
-0.11199 -0.030676 0.34085 0.161 -0.054661 0.30865 0.036707 -0.015525 0.4073 0.0070984 -0.004742 0.068064 -0.055824 -0.002864 -0.049687 0.05102 -0.002864 -0.054616 -0.18547 -0.028501 0.085423 0.36461 -0.22494 0.2924 -0.20626 -0.035711 -0.15057 0.5376 -0.38058 0.33325 -0.21251 0.010594 -0.21847 0.59603 -0.43256 0.36215 -0.093643 0.062364 -0.43212 0.053152 0.062497 -0.43889 -0.075161 0.11299 -0.76165 0.096776 0.069163 -0.76987 -0.093863 0.052686 -0.83074 0.080959 -0.014073 -0.81534 0.042792 -0.023858 0.60422
-0.11071 -0.030134 0.34097 0.16207 -0.053085 0.30754 0.038129 -0.015323 0.40718 0.0073676 -0.0047064 0.068038 -0.056176 -0.0024248 -0.049321 0.050806 -0.0024248 -0.054841 -0.1847 -0.028659 0.085682 0.36722 -0.22134 0.29059 -0.20607 -0.035561 -0.15026 0.54401 -0.37505 0.32409 -0.2121 0.012161 -0.21739 0.6032 -0.42559 0.35289 -0.096125 0.062406 -0.43161 0.050867 0.06466 -0.43882 -0.078428 0.11363 -0.76108 0.093886 0.071879 -0.76986 -0.096429 0.053145 -0.83021 0.07854 -0.009674 -0.81573 0.042211 -0.021726 0.60426
-0.10938 -0.029534 0.3411 0.16313 -0.051508 0.30639 0.039604 -0.015076 0.40704 0.0076546 -0.0046679 0.068008 -0.056526 -0.0019934 -0.048952 0.050562 -0.0019934 -0.055089 -0.18387 -0.028738 0.08595 0.36969 -0.21779 0.28845 -0.20604 -0.035297 -0.14991 0.5501 -0.36943 0.3149 -0.21217 0.013601 -0.21638 0.60984 -0.41849 0.34392 -0.098685 0.062411 -0.43108 0.048478 0.066782 -0.43877 -0.081843 0.11426 -0.76049 0.090847 0.07452 -0.76988 -0.099164 0.053608 -0.82965 0.076414 -0.0043305 -0.81707 0.041896 -0.019535 0.60426
-0.10802 -0.028897 0.34124 0.1642 -0.049934 0.30522 0.041128 -0.014779 0.4069 0.0079608 -0.0046262 0.067975 -0.056867 -0.0015804 -0.048585 0.050289 -0.0015804 -0.055358 -0.18296 -0.028756 0.086221 0.37205 -0.21426 0.28591 -0.20619 -0.034936 -0.14953 0.55589 -0.36362 0.3058 -0.21282 0.01478 -0.21548 0.61598 -0.41129 0.33527 -0.10131 0.062361 -0.43053 0.045989 0.068848 -0.43872 -0.085405 0.11487 -0.75989 0.087653 0.077082 -0.7699 -0.10207 0.05406 -0.82906 0.074534 0.0019429 -0.81942 0.041914 -0.017285 0.60423
-0.10662 -0.028242 0.3414 0.16525 -0.04837 0.30403 0.042697 -0.014425 0.40675 0.0082874 -0.0045809 0.067938 -0.057196 -0.0011964 -0.048224 0.049991 -0.0011964 -0.055643 -0.18195 -0.028735 0.086489 0.37433 -0.21073 0.28293 -0.20653 -0.034495 -0.14911 0.56138 -0.35755 0.29693 -0.21416 0.015562 -0.21473 0.62165 -0.40403 0.32699 -0.104 0.062239 -0.42997 0.043403 0.070842 -0.43868 -0.089117 0.11544 -0.75926 0.084296 0.079561 -0.76994 -0.10515 0.054483 -0.82846 0.072853 0.009132 -0.82283 0.042334 -0.014981 0.60414
-0.10517 -0.027591 0.34157 0.1663 -0.046818 0.30282 0.044308 -0.014011 0.40659 0.0086357 -0.0045318 0.067898 -0.057505 -0.00085189 -0.047873 0.049671 -0.00085189 -0.055942 -0.18082 -0.028694 0.086747 0.37657 -0.20715 0.27943 -0.20706 -0.033993 -0.14866 0.56659 -0.35113 0.2884 -0.21629 0.015811 -0.21417 0.62689 -0.39673 0.31914 -0.10673 0.062028 -0.42941 0.040723 0.07275 -0.43863 -0.09298 0.11598 -0.75862 0.080769 0.081953 -0.76998 -0.10841 0.054863 -0.82782 0.071324 0.017223 -0.82737 0.043223 -0.012624 0.60401
-0.10369 -0.026966 0.34175 0.16734 -0.045286 0.30161 0.045957 -0.013529 0.40642 0.0090069 -0.0044785 0.067852 -0.057791 -0.00055744 -0.047539 0.04933 -0.00055744 -0.056249 -0.17954 -0.028651 0.08699 0.37879 -0.2035 0.27535 -0.20779 -0.033447 -0.14818 0.57153 -0.34428 0.28033 -0.21932 0.015391 -0.21385 0.63171 -0.38942 0.31177 -0.1095 0.06171 -0.42885 0.037954 0.074557 -0.43858 -0.096997 0.11645 -0.75798 0.077064 0.084253 -0.77002 -0.11185 0.055183 -0.82716 0.069901 0.0262 -0.8331 0.044649 -0.010216 0.60382
-0.10217 -0.026386 0.34194 0.16837 -0.043776 0.30039 0.047641 -0.012975 0.40624 0.0094024 -0.0044207 0.067803 -0.058047 -0.0003236 -0.047225 0.048971 -0.0003236 -0.056563 -0.17809 -0.028627 0.08721 0.38103 -0.19974 0.27064 -0.20872 -0.032874 -0.14767 0.5762 -0.33691 0.27284 -0.22335 0.014166 -0.2138 0.63615 -0.38213 0.30491 -0.11229 0.061269 -0.42829 0.035097 0.076248 -0.43853 -0.10117 0.11686 -0.75733 0.073176 0.086459 -0.77007 -0.11548 0.055426 -0.82648 0.068536 0.036051 -0.84008 0.04668 -0.0077601 0.60358
-0.10061 -0.025873 0.34214 0.16938 -0.042295 0.29918 0.049356 -0.012342 0.40605 0.0098233 -0.004358 0.067748 -0.058269 -0.00016093 -0.046935 0.048597 -0.00016093 -0.056878 -0.17646 -0.028643 0.087401 0.38331 -0.19585 0.26523 -0.20986 -0.032293 -0.14714 0.58063 -0.32894 0.26605 -0.22849 0.012002 -0.21408 0.64025 -0.3749 0.29863 -0.1151 0.060687 -0.42774 0.032157 0.077808 -0.43845 -0.10549 0.1172 -0.75667 0.069097 0.088565 -0.77011 -0.11929 0.055576 -0.82577 0.067184 0.04676 -0.84836 0.049383 -0.0052583 0.60327
-0.099008 -0.025448 0.34235 0.17038 -0.040847 0.29798 0.0511 -0.011625 0.40585 0.010271 -0.0042902 0.067688 -0.058451 -7.9975e-05 -0.046675 0.04821 -7.9975e-05 -0.057191 -0.17463 -0.028716 0.087558 0.38567 -0.19179 0.25905 -0.21122 -0.03172 -0.14658 0.58481 -0.32028 0.26009 -0.23485 0.0087608 -0.21471 0.64402 -0.36775 0.29297 -0.11792 0.059947 -0.42721 0.029137 0.079221 -0.43836 -0.10998 0.11744 -0.75602 0.064821 0.090568 -0.77016 -0.12329 0.055618 -0.82503 0.065797 0.058314 -0.85802 0.052827 -0.002713 0.60291
