-0.11442 0.019467 0.32528 0.15283 0.0013413 0.30523 0.025835 0.0043866 0.40809 0.0052463 0.0071302 0.068023 -0.056057 -0.0022123 -0.049474 0.049228 -0.0022123 -0.056274 -0.2073 0.035841 0.076774 0.21892 0.017334 0.048277 -0.22025 -0.10533 -0.11316 0.20884 -0.025433 -0.18461 -0.19808 -0.14624 -0.18152 0.19752 -0.066613 -0.25543 -0.077473 0.079051 -0.43011 0.069578 0.016528 -0.44509 -0.036889 0.15288 -0.7532 0.063416 0.22743 -0.70388 -0.047654 0.11376 -0.83755 0.058537 0.14794 -0.75306 0.01724 -0.02063 0.60357
-0.11536 0.01398 0.32432 0.15104 0.00037986 0.3046 0.024613 0.0021065 0.40816 0.0050416 0.0069854 0.068046 -0.055965 -0.002009 -0.049585 0.049183 -0.002009 -0.056318 -0.2113 0.031735 0.076612 0.22059 0.028495 0.049663 -0.21716 -0.13047 -0.095602 0.21186 -0.013902 -0.18336 -0.19354 -0.174 -0.1579 0.20284 -0.054267 -0.25517 -0.077417 0.081513 -0.42972 0.066402 -0.0029324 -0.44558 -0.035492 0.15985 -0.75152 0.062221 0.20783 -0.70425 -0.053922 0.13844 -0.84043 0.052692 0.11716 -0.74426 0.017242 -0.017763 0.60435
-0.1169 0.011249 0.32491 0.14978 -0.0022025 0.30509 0.022965 -0.0044287 0.4082 0.0048045 0.0060909 0.068165 -0.055915 -0.0015769 -0.049663 0.049163 -0.0015769 -0.056354 -0.21087 0.0069103 0.07674 0.2211 0.034074 0.051566 -0.20292 -0.15717 -0.094491 0.21264 -0.007904 -0.18151 -0.1816 -0.21193 -0.15826 0.20765 -0.044011 -0.25554 -0.077563 0.082866 -0.4296 0.06561 -0.0078197 -0.44591 -0.033245 0.16535 -0.75016 0.059591 0.19787 -0.70917 -0.056139 0.14907 -0.83965 0.06627 0.14124 -0.77743 0.017144 -0.014514 0.60505
-0.11842 0.0083494 0.32536 0.14894 -0.0023923 0.30674 0.021172 -0.011695 0.40825 0.0044309 0.0040537 0.068327 -0.056028 -0.00060622 -0.049551 0.049232 -0.00060622 -0.056309 -0.20864 -0.014264 0.076221 0.22196 0.042571 0.055176 -0.18308 -0.18216 -0.088792 0.21469 0.0019712 -0.17823 -0.16195 -0.24986 -0.12451 0.21283 -0.030574 -0.25441 -0.075585 0.087256 -0.42881 0.061627 -0.016819 -0.44548 -0.026071 0.17841 -0.74615 0.060709 0.17224 -0.72049 -0.053805 0.16424 -0.83434 0.076823 0.12935 -0.80249 0.016449 -0.01151 0.60551
-0.11915 0.0049643 0.32505 0.14848 -0.0013016 0.30816 0.020104 -0.015679 0.40835 0.0040678 0.0014434 0.068458 -0.056175 0.00048951 -0.049388 0.049399 0.00048951 -0.056165 -0.20695 -0.021788 0.07555 0.2241 0.053051 0.059222 -0.16575 -0.19922 -0.075972 0.22163 0.016649 -0.17497 -0.14095 -0.27571 -0.06306 0.2187 -0.011367 -0.25289 -0.071172 0.095344 -0.42717 0.054239 -0.035237 -0.44425 -0.014977 0.20017 -0.73915 0.066329 0.12479 -0.73693 -0.048752 0.18963 -0.82577 0.076263 0.062236 -0.80584 0.015007 -0.012219 0.60557
-0.11846 0.0044783 0.32516 0.14847 -0.0070236 0.30636 0.021151 -0.013424 0.40846 0.0041833 0.00018628 0.068475 -0.055879 0.00035733 -0.049722 0.049591 0.00035733 -0.055997 -0.20741 -0.030084 0.077177 0.2272 0.050794 0.059147 -0.16061 -0.20082 -0.080479 0.23543 0.024082 -0.17612 -0.13326 -0.27899 -0.075887 0.22485 0.010646 -0.25644 -0.067493 0.10206 -0.42585 0.051858 -0.045393 -0.44318 -0.0090239 0.21861 -0.73326 0.069614 0.081121 -0.75207 -0.046424 0.20896 -0.81857 0.079899 0.033432 -0.83096 0.013456 -0.022225 0.60519
-0.11809 0.0026351 0.32568 0.14877 -0.010893 0.30515 0.022082 -0.013529 0.40845 0.0042949 -0.00072004 0.068456 -0.055467 0.00029066 -0.050184 0.049846 0.00029066 -0.05577 -0.20954 -0.034447 0.078854 0.23034 0.046626 0.058793 -0.15721 -0.20505 -0.076663 0.24684 0.031593 -0.1772 -0.1263 -0.27964 -0.096676 0.23275 0.029881 -0.25903 -0.065263 0.1082 -0.42462 0.052808 -0.0464 -0.44272 -0.0069248 0.2334 -0.72861 0.069439 0.037187 -0.76509 -0.046924 0.22253 -0.81251 0.078102 -0.0094198 -0.84436 0.012965 -0.027899 0.60506
-0.11884 -0.0016827 0.32618 0.14894 -0.011429 0.30622 0.0215 -0.019784 0.40823 0.0041257 -0.0021103 0.06844 -0.055108 0.00094369 -0.050569 0.050185 0.00094369 -0.055458 -0.21077 -0.035203 0.079056 0.2319 0.042894 0.059615 -0.14977 -0.21728 -0.059996 0.25188 0.032871 -0.17631 -0.11391 -0.28667 -0.086916 0.23931 0.030757 -0.25797 -0.063187 0.11464 -0.42333 0.053895 -0.044055 -0.44264 -0.0046166 0.24673 -0.72434 0.068652 -0.0048791 -0.77401 -0.047518 0.23429 -0.8066 0.06833 -0.072677 -0.83903 0.011525 -0.028268 0.60506
-0.11972 -0.004665 0.32678 0.14878 -0.016207 0.30707 0.02056 -0.027042 0.40787 0.0039667 -0.0034792 0.068394 -0.054699 0.0014847 -0.050998 0.050482 0.0014847 -0.055176 -0.20852 -0.041269 0.078965 0.23083 0.031933 0.058884 -0.14245 -0.2257 -0.05461 0.2548 0.015638 -0.17631 -0.1033 -0.29117 -0.086274 0.23998 0.0049696 -0.2569 -0.060515 0.12028 -0.42221 0.054726 -0.04184 -0.44254 -0.0015417 0.258 -0.72059 0.069638 -0.032107 -0.77613 -0.046968 0.24396 -0.80122 0.061809 -0.094886 -0.84555 0.0070037 -0.034952 0.6045
-0.12009 -0.0062557 0.32862 0.1493 -0.019054 0.30713 0.020936 -0.031575 0.40752 0.004014 -0.0044295 0.068335 -0.054642 0.0017699 -0.051051 0.050448 0.0017699 -0.055199 -0.20443 -0.046707 0.079755 0.22901 0.029787 0.058324 -0.13295 -0.23244 -0.048754 0.25557 0.0091043 -0.17628 -0.091309 -0.29562 -0.082626 0.24017 -0.012547 -0.25462 -0.060316 0.12561 -0.42062 0.055353 -0.038574 -0.44288 -0.002402 0.26698 -0.7176 0.069394 -0.053936 -0.77599 -0.049804 0.25099 -0.79669 0.057891 -0.12212 -0.83818 0.0058749 -0.038676 0.60411
-0.12002 -0.0048803 0.33112 0.14989 -0.018274 0.30663 0.021992 -0.032637 0.4074 0.0041948 -0.0050001 0.068288 -0.054612 0.0020031 -0.051076 0.050613 0.0020031 -0.05504 -0.20238 -0.039153 0.080821 0.22785 0.034834 0.058108 -0.12651 -0.22243 -0.048987 0.25109 0.010367 -0.17653 -0.084786 -0.28132 -0.0889 0.23653 -0.021175 -0.25158 -0.062056 0.13267 -0.41824 0.057874 -0.032921 -0.4432 -0.0086218 0.28378 -0.71107 0.066822 -0.070494 -0.77492 -0.05728 0.26504 -0.78884 0.053932 -0.14203 -0.8336 0.008511 -0.041066 0.60401
-0.11995 -9.029e-05 0.33234 0.14932 -0.014985 0.30569 0.022336 -0.02906 0.40765 0.0043098 -0.0048004 0.068293 -0.054339 0.0018612 -0.05137 0.051218 0.0018612 -0.054482 -0.20097 -0.020407 0.080013 0.22656 0.037369 0.056808 -0.12653 -0.19336 -0.06392 0.23966 0.0024761 -0.17725 -0.086117 -0.24372 -0.11557 0.22584 -0.035967 -0.24916 -0.063505 0.14128 -0.41527 0.061608 -0.025371 -0.44319 -0.017443 0.31002 -0.69969 0.062813 -0.072283 -0.77378 -0.066508 0.28921 -0.77664 0.049614 -0.13043 -0.8459 0.010565 -0.039601 0.60428
-0.12028 0.0044777 0.33095 0.14761 -0.0093285 0.30437 0.021823 -0.019726 0.4082 0.0042585 -0.0032155 0.068382 -0.054198 0.00062777 -0.051544 0.051612 0.00062777 -0.054133 -0.19352 -0.010761 0.075902 0.22329 0.034707 0.053479 -0.12807 -0.17103 -0.085499 0.22467 -0.016786 -0.17755 -0.087278 -0.21122 -0.14563 0.21386 -0.057867 -0.24835 -0.064188 0.14799 -0.41226 0.061932 -0.018489 -0.44332 -0.025242 0.33068 -0.68901 0.058795 -0.054069 -0.77515 -0.074125 0.3105 -0.76597 0.047037 -0.10757 -0.85109 0.0095956 -0.024636 0.60511
-0.12041 0.0032612 0.33033 0.14764 -0.0033864 0.30414 0.022269 -0.014163 0.40846 0.0043143 -0.0024116 0.068425 -0.054257 -0.00029405 -0.051493 0.051847 -0.00029405 -0.053919 -0.18725 -0.009494 0.073311 0.22153 0.029593 0.05078 -0.13121 -0.15556 -0.10588 0.21424 -0.035037 -0.17783 -0.10195 -0.18642 -0.17621 0.20732 -0.074405 -0.25083 -0.066586 0.15269 -0.40989 0.060901 -0.014507 -0.44336 -0.035242 0.34571 -0.68068 0.055681 -0.04029 -0.77647 -0.084449 0.32294 -0.75792 0.045077 -0.092644 -0.85403 0.013704 -0.026652 0.60493
-0.11786 0.006495 0.33123 0.15084 -0.00013167 0.30446 0.025191 -0.01186 0.40833 0.0048323 -0.0020575 0.068392 -0.05451 -0.00072557 -0.051216 0.051731 -0.00072557 -0.054021 -0.18134 0.0031008 0.073204 0.22145 0.01578 0.048853 -0.14331 -0.11676 -0.12678 0.20355 -0.069968 -0.17078 -0.13482 -0.13885 -0.20615 0.19077 -0.11062 -0.24096 -0.064017 0.14787 -0.41137 0.060573 -0.01313 -0.44352 -0.036956 0.35509 -0.67164 0.05175 -0.025737 -0.77689 -0.085216 0.34106 -0.74954 0.039453 -0.063727 -0.86091 0.019566 -0.032973 0.6044
-0.11242 0.018749 0.3314 0.15565 0.00033892 0.30411 0.02979 -0.0067049 0.40814 0.0057236 -0.00077769 0.068351 -0.054911 -0.0014333 -0.050772 0.051159 -0.0014333 -0.05455 -0.17323 0.031501 0.073011 0.2213 -0.0060621 0.046724 -0.16326 -0.051193 -0.14832 0.19037 -0.12107 -0.1579 -0.16957 -0.066249 -0.22942 0.16061 -0.17203 -0.2151 -0.05479 0.1293 -0.41793 0.061436 -0.012214 -0.44406 -0.028176 0.35482 -0.66262 0.046274 0.0030667 -0.77714 -0.073554 0.37638 -0.74011 0.030375 -0.012446 -0.86787 0.019833 -0.018548 0.60477
-0.10999 0.014962 0.32939 0.15854 0.0029461 0.30419 0.032362 -0.0014729 0.40801 0.006174 9.5391e-05 0.068322 -0.055316 -0.0022249 -0.050302 0.050768 -0.0022249 -0.05489 -0.17297 0.039155 0.072169 0.22292 -0.012185 0.046489 -0.17047 -0.027247 -0.15637 0.19297 -0.11975 -0.16286 -0.1798 -0.042734 -0.23707 0.15945 -0.18234 -0.20838 -0.058914 0.10977 -0.42381 0.063367 -0.009 -0.44448 -0.039936 0.34136 -0.66377 0.043301 0.023358 -0.77641 -0.084648 0.39845 -0.73541 0.028098 -0.0043662 -0.86402 0.020133 -0.012681 0.60461
-0.10901 0.01535 0.32796 0.1594 0.0039849 0.3046 0.032816 0.00059505 0.40796 0.0063455 0.00079557 0.068296 -0.055742 -0.0025272 -0.049815 0.050314 -0.0025272 -0.05529 -0.17547 0.053103 0.073507 0.22805 -0.022986 0.049511 -0.18522 0.0017811 -0.15683 0.18797 -0.1319 -0.15625 -0.19621 -0.012838 -0.23745 0.15092 -0.20057 -0.17667 -0.071233 0.084563 -0.42928 0.064124 0.0024687 -0.44473 -0.053333 0.32208 -0.66308 0.039765 0.04727 -0.7746 -0.090043 0.33591 -0.72885 0.026609 -0.004678 -0.85179 0.019361 -0.012565 0.60431
-0.10773 0.027342 0.32792 0.15936 0.0012274 0.305 0.032435 0.00069998 0.40797 0.0064533 0.001723 0.068272 -0.056145 -0.0023132 -0.049371 0.049732 -0.0023132 -0.055825 -0.1758 0.0817 0.076779 0.23441 -0.044601 0.054111 -0.21193 0.054762 -0.15605 0.16835 -0.18348 -0.1265 -0.22901 0.046595 -0.23655 0.12144 -0.25179 -0.12178 -0.083694 0.052033 -0.43443 0.063757 0.017596 -0.44489 -0.057044 0.29928 -0.65729 0.035039 0.07616 -0.77237 -0.079646 0.23069 -0.72117 0.022391 0.011069 -0.83838 0.017602 -0.011005 0.60434
-0.10774 0.032231 0.32748 0.15873 -0.0016883 0.30531 0.03168 0.0031307 0.408 0.0063453 0.0028772 0.068245 -0.056348 -0.0022337 -0.049143 0.049419 -0.0022337 -0.056106 -0.17709 0.097041 0.079159 0.23877 -0.056322 0.057703 -0.23118 0.086495 -0.15161 0.15645 -0.21833 -0.095187 -0.25319 0.084321 -0.2313 0.10599 -0.2842 -0.096069 -0.096155 0.017691 -0.43658 0.064116 0.027279 -0.44459 -0.065307 0.26551 -0.65819 0.031672 0.094209 -0.77013 -0.079217 0.19067 -0.71771 0.019829 0.021349 -0.82763 0.016931 -0.011778 0.60417
-0.11039 0.035865 0.32823 0.15624 -0.0014342 0.30514 0.029498 0.0073903 0.40804 0.0060009 0.0047291 0.068164 -0.056227 -0.0027406 -0.049254 0.04932 -0.0027406 -0.056169 -0.18374 0.1092 0.083541 0.24606 -0.063807 0.062962 -0.25621 0.10694 -0.14184 0.1523 -0.24453 -0.057198 -0.27684 0.10753 -0.22191 0.10219 -0.30982 -0.056096 -0.10593 -0.023277 -0.43492 0.06289 0.044464 -0.44271 -0.074767 0.21684 -0.66517 0.024856 0.11684 -0.76642 -0.077501 0.1288 -0.70398 0.016436 0.038464 -0.81708 0.011861 -0.015516 0.60312
-0.11273 0.037154 0.32959 0.1532 -0.0070293 0.30458 0.02755 0.0070039 0.40811 0.0058072 0.005579 0.068123 -0.056044 -0.0029049 -0.049454 0.049251 -0.0029049 -0.056222 -0.19065 0.11884 0.088938 0.2521 -0.081919 0.06951 -0.27883 0.12097 -0.13114 0.1456 -0.26665 -0.034308 -0.29566 0.12379 -0.21205 0.094801 -0.33198 -0.029536 -0.11078 -0.045666 -0.43322 0.061527 0.061246 -0.44058 -0.074893 0.17435 -0.68137 0.017289 0.13887 -0.76231 -0.079898 0.10545 -0.72796 0.0082882 0.059176 -0.81013 0.0060969 -0.019529 0.60242
-0.11299 0.034173 0.33029 0.15104 -0.019858 0.30387 0.026979 0.001082 0.4082 0.0058885 0.0047094 0.068181 -0.055988 -0.0024074 -0.049544 0.049145 -0.0024074 -0.056339 -0.19469 0.12104 0.092749 0.25398 -0.10606 0.074474 -0.29029 0.12686 -0.12404 0.13578 -0.28266 -0.030507 -0.30544 0.13121 -0.20523 0.081571 -0.34516 -0.028985 -0.11148 -0.046244 -0.4329 0.061631 0.067958 -0.43954 -0.067706 0.14782 -0.70101 0.012438 0.15069 -0.75926 -0.087934 0.14348 -0.79127 -0.0032911 0.071464 -0.80643 0.0042869 -0.021361 0.60287
-0.11386 0.031747 0.33078 0.14917 -0.023784 0.30274 0.026291 -0.0015795 0.40827 0.005804 0.0040867 0.068234 -0.05584 -0.0024831 -0.049707 0.049086 -0.0024831 -0.056387 -0.20218 0.11661 0.094889 0.25816 -0.1082 0.075494 -0.30225 0.12431 -0.11984 0.13877 -0.29446 -0.0085835 -0.3158 0.12291 -0.20145 0.081696 -0.35136 0.0073993 -0.11066 -0.067586 -0.42987 0.060807 0.073215 -0.43859 -0.070952 0.11408 -0.70762 0.0066683 0.15921 -0.75666 -0.084766 0.098475 -0.80095 -0.012575 0.077053 -0.80042 0.0038653 -0.022436 0.60316
-0.11456 0.025288 0.33252 0.14848 -0.022778 0.30018 0.027114 -0.0055216 0.40823 0.0057984 0.0024722 0.068298 -0.055522 -0.0021332 -0.050077 0.048933 -0.0021332 -0.056533 -0.21098 0.10483 0.097936 0.26328 -0.10128 0.07365 -0.31342 0.10295 -0.11569 0.15491 -0.3024 0.0099245 -0.32394 0.090719 -0.19671 0.1007 -0.36159 0.030378 -0.10339 -0.08684 -0.42769 0.055752 0.082042 -0.43705 -0.075026 0.072542 -0.71933 -0.0053377 0.17161 -0.75284 -0.088576 0.039605 -0.80553 -0.028437 0.10801 -0.81316 0.0045718 -0.029097 0.60277
-0.11439 0.015898 0.33467 0.14874 -0.022333 0.29705 0.029228 -0.011432 0.40804 0.0060234 0.00023122 0.068335 -0.055248 -0.0010643 -0.050415 0.048804 -0.0010643 -0.056675 -0.21639 0.094657 0.10222 0.26583 -0.097621 0.07063 -0.31654 0.075708 -0.11176 0.16806 -0.3054 0.012161 -0.32352 0.053515 -0.19115 0.11724 -0.36874 0.027181 -0.093766 -0.091167 -0.42766 0.050012 0.091292 -0.43539 -0.076884 0.032847 -0.73724 -0.016955 0.1857 -0.74858 -0.099776 -0.00049625 -0.82156 -0.042383 0.14191 -0.82816 0.0053447 -0.037551 0.60211
-0.11387 0.0090116 0.33559 0.14877 -0.023265 0.29491 0.030806 -0.01564 0.4078 0.0063401 -0.0011231 0.068295 -0.055207 5.7658e-05 -0.05047 0.048896 5.7658e-05 -0.056606 -0.21729 0.093645 0.10585 0.26525 -0.097212 0.067744 -0.31052 0.063006 -0.10986 0.16695 -0.30403 0.0068053 -0.31534 0.035948 -0.18787 0.11374 -0.36291 0.028894 -0.0897 -0.090197 -0.42807 0.048267 0.09579 -0.43447 -0.081702 0.0027076 -0.74853 -0.020196 0.19496 -0.74585 -0.10752 -0.045575 -0.82429 -0.04274 0.14171 -0.81956 0.0052473 -0.04092 0.60177
-0.1137 0.0043369 0.33602 0.14851 -0.024136 0.29354 0.031563 -0.018686 0.40762 0.0065436 -0.0020697 0.068252 -0.055152 0.00088776 -0.050522 0.049039 0.00088776 -0.056475 -0.21778 0.090363 0.10695 0.26505 -0.096319 0.065705 -0.30668 0.056855 -0.11025 0.16728 -0.30232 0.00038326 -0.31133 0.028248 -0.18775 0.11459 -0.3602 0.032919 -0.088081 -0.087638 -0.42889 0.046625 0.097997 -0.43398 -0.087559 -0.021255 -0.75712 -0.022833 0.20092 -0.74404 -0.12282 -0.072248 -0.82729 -0.044763 0.14411 -0.81507 0.0058618 -0.044475 0.60149
-0.11276 -4.6715e-05 0.33443 0.15012 -0.022169 0.29443 0.032118 -0.020654 0.40749 0.0066732 -0.0030033 0.068205 -0.05511 0.0010734 -0.050564 0.049299 0.0010734 -0.056244 -0.2079 0.085302 0.10157 0.25823 -0.093881 0.062623 -0.29058 0.05528 -0.11842 0.16117 -0.29417 -0.018043 -0.29898 0.023483 -0.19422 0.11185 -0.355 -0.0068355 -0.087264 -0.070066 -0.4322 0.04862 0.10275 -0.43253 -0.097239 -0.053897 -0.76415 -0.016272 0.21695 -0.73935 -0.1385 -0.10473 -0.83095 -0.039603 0.1623 -0.81174 0.0049993 -0.046773 0.60114
-0.11065 -0.0023801 0.33169 0.15292 -0.018834 0.29615 0.033188 -0.02065 0.40741 0.0068745 -0.003583 0.068157 -0.055213 0.00082016 -0.050457 0.049508 0.00082016 -0.056066 -0.19108 0.083127 0.093189 0.24866 -0.08961 0.05847 -0.26418 0.056629 -0.13072 0.15098 -0.27804 -0.047123 -0.27706 0.01783 -0.20262 0.10378 -0.34208 -0.071494 -0.087068 -0.043367 -0.43648 0.054074 0.11002 -0.43023 -0.10922 -0.089086 -0.76673 -0.0021897 0.23947 -0.73287 -0.14922 -0.14547 -0.82988 -0.026259 0.18493 -0.805 0.0017968 -0.047766 0.60026
-0.10848 0.0011081 0.331 0.15363 -0.017528 0.29505 0.034914 -0.017777 0.4074 0.0071982 -0.0032126 0.068142 -0.055517 0.00065572 -0.050126 0.049335 0.00065572 -0.056221 -0.18411 0.083654 0.089833 0.24946 -0.079922 0.054986 -0.24845 0.052898 -0.1363 0.15518 -0.25697 -0.071573 -0.25926 0.0064938 -0.204 0.10778 -0.32236 -0.093076 -0.087204 -0.029904 -0.43755 0.056776 0.1157 -0.42858 -0.11586 -0.10176 -0.76285 0.0043647 0.25179 -0.72904 -0.15634 -0.16046 -0.82385 -0.019732 0.19801 -0.80155 -0.0011458 -0.049231 0.59876
-0.1068 0.0063631 0.33073 0.15363 -0.012254 0.2936 0.036335 -0.01323 0.40744 0.0074049 -0.0025674 0.068148 -0.055975 0.0001551 -0.049616 0.049175 0.0001551 -0.056362 -0.17694 0.079492 0.085109 0.24911 -0.055226 0.049492 -0.22696 0.032091 -0.14148 0.16586 -0.21875 -0.10015 -0.23027 -0.016667 -0.20778 0.12201 -0.28024 -0.13069 -0.086333 -0.012653 -0.43792 0.057779 0.12178 -0.42666 -0.11471 -0.096606 -0.75956 0.010202 0.27034 -0.72177 -0.14815 -0.15835 -0.82031 -0.015469 0.21612 -0.79444 -0.0014217 -0.042536 0.59885
-0.10572 0.010715 0.32948 0.15237 -0.0085753 0.29224 0.036528 -0.01001 0.40753 0.0073524 -0.002263 0.068164 -0.056554 -0.00018711 -0.048956 0.049384 -0.00018711 -0.05618 -0.16869 0.077476 0.080031 0.2432 -0.030717 0.043345 -0.20004 0.0080619 -0.14443 0.17291 -0.17546 -0.13083 -0.20114 -0.040689 -0.21184 0.13451 -0.22991 -0.18047 -0.084096 0.011728 -0.43761 0.061497 0.12815 -0.42394 -0.11184 -0.079394 -0.75768 0.023215 0.29302 -0.71178 -0.15022 -0.14808 -0.81108 0.00059265 0.25041 -0.7912 0.00046886 -0.031101 0.6003
-0.10536 0.016381 0.32802 0.15017 -0.0084487 0.29117 0.035523 -0.0074007 0.40767 0.0070838 -0.0020613 0.068199 -0.057128 -0.00021679 -0.048284 0.049866 -0.00021679 -0.055753 -0.16355 0.084308 0.077749 0.23327 -0.018469 0.038896 -0.17715 -0.0055962 -0.1411 0.17541 -0.13767 -0.15762 -0.18609 -0.060418 -0.20262 0.13967 -0.18545 -0.21481 -0.082057 0.034797 -0.43571 0.06799 0.13359 -0.42136 -0.1107 -0.055635 -0.75583 0.041502 0.31081 -0.7031 -0.15639 -0.12233 -0.80484 0.027486 0.28342 -0.79151 0.00095034 -0.02276 0.60127
-0.10622 0.027249 0.32839 0.14945 -0.00081017 0.29202 0.034079 -0.00024611 0.40784 0.0067664 -0.00095165 0.068256 -0.057388 -0.0010385 -0.047965 0.050144 -0.0010385 -0.055493 -0.16151 0.088507 0.075345 0.22021 -0.0032275 0.035664 -0.15836 -0.023528 -0.1338 0.18263 -0.090032 -0.18167 -0.17386 -0.094516 -0.16997 0.15029 -0.12963 -0.24845 -0.08307 0.051475 -0.43337 0.070264 0.13187 -0.42214 -0.10478 -0.030967 -0.75651 0.054481 0.3219 -0.69642 -0.099613 -0.064306 -0.83401 0.04237 0.27212 -0.77359 -0.0031422 -0.017212 0.60089
-0.10907 0.032707 0.32799 0.1441 0.00043766 0.29062 0.030618 0.0040354 0.40811 0.0064702 0.00073472 0.068285 -0.057058 -0.0021375 -0.048318 0.050417 -0.0021375 -0.055214 -0.16905 0.066682 0.071952 0.21139 0.018514 0.034496 -0.14162 -0.069509 -0.11943 0.19791 -0.030784 -0.19659 -0.15554 -0.1507 -0.13495 0.18877 -0.050542 -0.27344 -0.086918 0.062658 -0.43152 0.068944 0.090362 -0.4321 -0.093034 0.0077981 -0.76028 0.067683 0.29888 -0.69255 -0.040268 0.0041504 -0.84379 0.05498 0.22604 -0.74979 -0.0033506 -0.007265 0.60193
-0.11172 0.031785 0.32669 0.13765 -0.004612 0.28812 0.027184 0.0035808 0.40834 0.0062244 0.001759 0.068291 -0.056563 -0.002679 -0.048874 0.050774 -0.002679 -0.054862 -0.17867 0.038128 0.069327 0.20925 0.035482 0.035172 -0.1324 -0.12158 -0.099795 0.21444 0.0144 -0.20098 -0.14285 -0.20347 -0.099646 0.23202 0.014579 -0.28269 -0.09007 0.068957 -0.43057 0.067877 0.030804 -0.4433 -0.080608 0.047144 -0.7638 0.080566 0.25526 -0.69028 -0.015826 0.049734 -0.82984 0.068379 0.1697 -0.72933 0.00056139 0.00203 0.60385
-0.11181 0.031934 0.32641 0.13753 -0.0044516 0.28837 0.026809 0.0032633 0.40837 0.0060537 0.001536 0.068311 -0.056349 -0.0025144 -0.049128 0.051058 -0.0025144 -0.054605 -0.1795 0.033829 0.069269 0.21007 0.038927 0.036298 -0.13542 -0.14614 -0.07869 0.22436 0.026322 -0.20002 -0.1451 -0.22739 -0.062945 0.24479 0.029274 -0.28054 -0.090408 0.070218 -0.43057 0.068621 -0.0028809 -0.44428 -0.073286 0.064246 -0.76405 0.086845 0.22539 -0.68727 -0.0078233 0.063936 -0.82974 0.073917 0.13578 -0.722 0.0026437 0.0021507 0.60418
-0.11175 0.032471 0.32663 0.13773 -0.0034169 0.28829 0.027094 0.0041714 0.40836 0.0060327 0.0015383 0.068318 -0.055803 -0.0024607 -0.049749 0.051169 -0.0024607 -0.054506 -0.18164 0.026976 0.070383 0.21069 0.043631 0.037117 -0.13951 -0.17071 -0.052921 0.23377 0.039383 -0.19866 -0.1344 -0.24967 -0.060655 0.25379 0.042456 -0.27844 -0.092257 0.068633 -0.43127 0.066872 -0.032806 -0.44249 -0.06864 0.076475 -0.76431 0.088261 0.19729 -0.68387 0.0031081 0.083914 -0.82969 0.068573 0.16038 -0.75466 0.0053717 0.0022893 0.60436
-0.10942 0.03061 0.32842 0.14137 -0.0044309 0.28832 0.030327 0.0011101 0.40811 0.0065332 0.00084242 0.068273 -0.055737 -0.0019541 -0.049843 0.051067 -0.0019541 -0.054618 -0.18079 0.014568 0.072837 0.21762 0.04834 0.039219 -0.14018 -0.19611 -0.028238 0.25347 0.05688 -0.19487 -0.11887 -0.27159 -0.060058 0.2711 0.062378 -0.27573 -0.091275 0.068232 -0.43161 0.063436 -0.062291 -0.43972 -0.053668 0.095827 -0.76202 0.084321 0.15866 -0.68834 0.0001558 0.080119 -0.82891 0.045836 0.15643 -0.77772 0.01115 0.0015129 0.60455
-0.10397 0.026061 0.33105 0.1495 -0.0067326 0.28886 0.037136 -0.0054263 0.40756 0.0075417 -0.00074164 0.068179 -0.056569 -0.00095868 -0.04893 0.050705 -0.00095868 -0.054984 -0.17574 0.0042549 0.076056 0.23131 0.050158 0.042439 -0.13695 -0.21428 -0.0069932 0.28345 0.073152 -0.18763 -0.10681 -0.28281 -0.041679 0.29262 0.076363 -0.2697 -0.091772 0.068647 -0.43085 0.057576 -0.091153 -0.43411 -0.03681 0.11852 -0.75645 0.075416 0.11211 -0.69868 -0.007696 0.060209 -0.82428 0.013872 0.10918 -0.76905 0.016897 -0.0075058 0.60374
-0.098919 0.02024 0.33203 0.15572 -0.010066 0.28829 0.043245 -0.010485 0.40691 0.0084652 -0.0020764 0.068052 -0.05754 -0.00024826 -0.047797 0.05019 -0.00024826 -0.055465 -0.17643 -0.0031527 0.078845 0.24188 0.04823 0.043625 -0.13066 -0.22615 0.013283 0.30681 0.080174 -0.18239 -0.091493 -0.28334 -0.030834 0.30517 0.069655 -0.26408 -0.10617 0.06282 -0.42943 0.044864 -0.12347 -0.42513 -0.042271 0.13312 -0.74988 0.062474 0.059795 -0.70603 0.01029 0.079856 -0.80641 -0.0050376 0.085305 -0.77066 0.0163 -0.027899 0.60136
-0.097888 0.0097617 0.33325 0.15616 -0.022089 0.28664 0.044526 -0.024447 0.406 0.008827 -0.0048108 0.067836 -0.058288 0.0012168 -0.046852 0.050202 0.0012168 -0.055429 -0.18621 -0.014531 0.083786 0.24559 0.024859 0.040958 -0.12645 -0.23527 0.02088 0.3007 0.037582 -0.18832 -0.08625 -0.29266 -0.023114 0.29069 0.017374 -0.26817 -0.12372 0.044161 -0.42862 0.025625 -0.14349 -0.41654 -0.048095 0.14565 -0.73694 0.039671 -0.037742 -0.72868 -0.0011065 0.086676 -0.78892 -0.0084466 -0.055443 -0.78999 0.011701 -0.04644 0.59943
-0.10145 0.001555 0.33429 0.15168 -0.031 0.28534 0.041202 -0.034479 0.40575 0.0083884 -0.0068368 0.067744 -0.058467 0.0022873 -0.046601 0.050582 0.0022873 -0.05506 -0.19617 -0.023465 0.087198 0.24209 0.0010053 0.037344 -0.13126 -0.23712 0.0085308 0.27548 -0.013799 -0.19723 -0.095007 -0.30005 -0.031373 0.26265 -0.038359 -0.27507 -0.13971 0.03682 -0.42621 0.0075043 -0.15024 -0.4113 -0.053636 0.16389 -0.72305 0.010287 -0.13938 -0.7467 -0.035346 0.087418 -0.77596 -0.010758 -0.21874 -0.80248 0.0062567 -0.057641 0.59843
-0.10681 0.002142 0.33485 0.14611 -0.026298 0.28497 0.036925 -0.02867 0.40658 0.0075734 -0.0061515 0.067899 -0.058034 0.001767 -0.047158 0.050816 0.001767 -0.05486 -0.19766 -0.022044 0.086235 0.23401 -0.0039032 0.035103 -0.14329 -0.22753 -0.018312 0.25099 -0.031723 -0.19969 -0.11096 -0.28773 -0.065011 0.23992 -0.060604 -0.27638 -0.15417 0.053079 -0.42137 0.0018032 -0.14669 -0.41201 -0.066381 0.18901 -0.7135 -0.011706 -0.17993 -0.74421 -0.059103 0.1098 -0.76314 -0.021711 -0.25571 -0.7995 0.0023975 -0.062642 0.59779
-0.10872 0.0061712 0.33698 0.14379 -0.020176 0.28382 0.036435 -0.021532 0.40709 0.007568 -0.0050663 0.067994 -0.057629 0.00089823 -0.047683 0.050755 0.00089823 -0.05494 -0.19331 -0.013621 0.085663 0.22707 -0.012608 0.031609 -0.15009 -0.20709 -0.046064 0.2276 -0.056817 -0.20127 -0.12667 -0.25881 -0.10576 0.21758 -0.087291 -0.27746 -0.16043 0.059352 -0.41938 0.013867 -0.12796 -0.4204 -0.074187 0.21337 -0.70273 -0.012861 -0.15945 -0.75104 -0.075893 0.13273 -0.74966 -0.032242 -0.22425 -0.81321 0.0029731 -0.061904 0.59729
-0.10251 0.012238 0.33688 0.14833 -0.016223 0.28153 0.043332 -0.012743 0.4067 0.0088612 -0.0036587 0.067915 -0.058236 -8.6705e-05 -0.046932 0.050055 -8.6705e-05 -0.055579 -0.18427 0.0070658 0.084259 0.22644 -0.023898 0.027514 -0.16218 -0.15499 -0.085281 0.20817 -0.092305 -0.19839 -0.14712 -0.20132 -0.15213 0.19645 -0.12342 -0.27431 -0.1401 0.053285 -0.42409 0.023451 -0.11423 -0.42834 -0.065415 0.23107 -0.69663 -0.014957 -0.132 -0.76049 -0.075439 0.1523 -0.74613 -0.043594 -0.19696 -0.82297 0.012753 -0.055933 0.59679
-0.09138 0.023706 0.33502 0.15638 -0.01386 0.27904 0.053645 -0.0029573 0.40572 0.010615 -0.0022171 0.067737 -0.059432 -0.0010533 -0.04541 0.049087 -0.0010533 -0.056432 -0.17369 0.036333 0.082465 0.22853 -0.034498 0.024072 -0.17776 -0.081998 -0.12315 0.19105 -0.11939 -0.1941 -0.16563 -0.12715 -0.19164 0.1725 -0.15468 -0.2664 -0.12459 0.060333 -0.42458 0.037076 -0.090349 -0.43505 -0.053478 0.25163 -0.68881 -0.029327 -0.12286 -0.7602 -0.072334 0.17419 -0.73819 -0.063267 -0.19412 -0.80993 0.026568 -0.041708 0.59718
-0.082716 0.039234 0.33454 0.16187 -0.011143 0.27717 0.060756 0.0041001 0.40469 0.011736 -0.0013379 0.067575 -0.060207 -0.0016889 -0.044354 0.048307 -0.0016889 -0.057087 -0.16785 0.064947 0.083833 0.22723 -0.045239 0.021803 -0.18589 -0.018574 -0.13689 0.17253 -0.12994 -0.19275 -0.17674 -0.05783 -0.20982 0.14259 -0.17475 -0.25525 -0.15169 0.087859 -0.41218 0.067801 -0.040961 -0.44374 -0.060052 0.28021 -0.66925 -0.042284 -0.10501 -0.75293 -0.086773 0.20149 -0.71387 -0.085552 -0.18076 -0.78601 0.03532 -0.021623 0.59855
-0.077522 0.042109 0.33225 0.16574 -0.0050175 0.27487 0.066378 0.010981 0.40365 0.012694 -0.00021233 0.067409 -0.061294 -0.0019078 -0.042844 0.046838 -0.0019078 -0.058283 -0.17236 0.09254 0.089653 0.22745 -0.052263 0.020682 -0.19815 0.03958 -0.14293 0.15639 -0.15298 -0.18171 -0.20808 0.02047 -0.2208 0.11962 -0.20631 -0.23346 -0.16851 0.075351 -0.40974 0.076997 -0.030514 -0.4465 -0.076024 0.28553 -0.65178 -0.032584 -0.033252 -0.75762 -0.093322 0.22755 -0.71864 -0.076001 -0.11126 -0.78701 0.042358 -0.01446 0.59782
-0.075931 0.034597 0.32788 0.16516 0.002714 0.2723 0.068354 0.01843 0.40307 0.013132 0.0012011 0.067318 -0.0632 -0.0017764 -0.039956 0.044909 -0.0017764 -0.059798 -0.1776 0.094083 0.089477 0.22885 -0.052654 0.020272 -0.24158 0.095482 -0.13411 0.14501 -0.18532 -0.15714 -0.26559 0.093108 -0.21425 0.102 -0.24319 -0.19751 -0.17545 0.038129 -0.41108 0.073062 -0.034109 -0.44701 -0.098535 0.2725 -0.63658 -0.025668 0.037405 -0.76065 -0.10677 0.25786 -0.73397 -0.058554 -0.043649 -0.79322 0.047529 -0.0088484 0.59734
-0.074733 0.023338 0.3226 0.16163 0.0045581 0.27037 0.067717 0.022115 0.40299 0.013082 0.0020236 0.067308 -0.064473 -0.0023346 -0.03785 0.044231 -0.0023346 -0.060275 -0.17431 0.069129 0.080443 0.23006 -0.055969 0.020759 -0.29497 0.13601 -0.11276 0.13462 -0.21889 -0.12251 -0.31829 0.13821 -0.19201 0.083405 -0.27827 -0.14875 -0.18292 0.0061185 -0.40913 0.072828 -0.026215 -0.4483 -0.11463 0.25852 -0.61671 -0.032405 0.076038 -0.74806 -0.13274 0.25885 -0.70716 -0.053179 -0.0089516 -0.78138 0.049182 -0.0044077 0.59758
-0.069468 0.0094286 0.31703 0.16156 -0.0062791 0.26978 0.069578 0.016566 0.40294 0.013313 0.0013178 0.067279 -0.063083 -0.0043774 -0.039904 0.046621 -0.0043774 -0.058323 -0.16507 0.05309 0.072955 0.2303 -0.079438 0.023544 -0.30052 0.14496 -0.10094 0.11635 -0.25833 -0.082386 -0.32732 0.15219 -0.1786 0.060193 -0.31817 -0.091486 -0.18084 -0.022207 -0.41109 0.071598 -0.027255 -0.44669 -0.10709 0.24459 -0.59722 -0.024686 0.11579 -0.73239 -0.14573 0.18207 -0.63003 -0.040801 0.029704 -0.76574 0.047001 -0.020716 0.59523
-0.065903 -0.0017799 0.31167 0.15988 -0.019647 0.27027 0.069197 0.0087393 0.40327 0.013301 3.1606e-06 0.067297 -0.062188 -0.0043139 -0.0414 0.05027 -0.0043139 -0.055212 -0.1605 0.045724 0.067539 0.22218 -0.11511 0.030426 -0.30284 0.14879 -0.089801 0.085994 -0.29684 -0.037058 -0.33021 0.15566 -0.16772 0.02612 -0.35395 -0.029962 -0.17948 -0.047913 -0.41056 0.064175 -0.017393 -0.44457 -0.10807 0.20561 -0.61706 0.00066608 0.10799 -0.74588 -0.14752 0.11597 -0.63827 -0.011668 0.023162 -0.78319 0.040981 -0.034725 0.5937
-0.068092 -0.0090491 0.30916 0.15488 -0.026844 0.2717 0.064366 0.0045496 0.40412 0.012541 -0.00051926 0.067436 -0.061276 -0.0041907 -0.042644 0.051598 -0.0041907 -0.053979 -0.15538 0.028501 0.061299 0.20829 -0.14149 0.037797 -0.30868 0.13533 -0.0849 0.055593 -0.32015 0.0076909 -0.33016 0.13616 -0.16466 -0.0059359 -0.36922 0.032001 -0.18636 -0.070743 -0.40575 0.051619 0.0078663 -0.4435 -0.12775 0.12842 -0.66581 0.029242 0.079541 -0.76959 -0.15181 0.048857 -0.70624 0.021071 -0.0032747 -0.81251 0.031841 -0.039125 0.5937
-0.072426 -0.012155 0.30846 0.14922 -0.028135 0.27299 0.058533 0.0043417 0.40503 0.011501 9.1082e-05 0.067625 -0.05917 -0.0062798 -0.045309 0.049475 -0.0062798 -0.05574 -0.14392 0.0010497 0.052916 0.19615 -0.14934 0.041116 -0.30217 0.10033 -0.092955 0.036204 -0.32416 0.040134 -0.31627 0.095331 -0.17426 -0.023694 -0.36349 0.081215 -0.19741 -0.088909 -0.40027 0.04074 0.032917 -0.44343 -0.14919 0.043405 -0.70258 0.047588 0.076965 -0.77446 -0.1626 -0.041955 -0.73799 0.040977 -0.0043857 -0.82029 0.02251 -0.041313 0.59352
-0.07117 -0.010836 0.30462 0.14683 -0.030273 0.27264 0.057336 0.0037097 0.40522 0.011423 0.00029585 0.067646 -0.058267 -0.006397 -0.046529 0.047426 -0.006397 -0.057508 -0.13918 -0.005152 0.047479 0.19053 -0.15453 0.041725 -0.2994 0.092163 -0.097691 0.025799 -0.32517 0.051896 -0.31121 0.085418 -0.17933 -0.032413 -0.36311 0.097165 -0.19943 -0.10037 -0.39755 0.038272 0.041841 -0.44427 -0.15394 0.013464 -0.70914 0.057039 0.076588 -0.7757 -0.16515 -0.073292 -0.74364 0.050317 -0.0043375 -0.82232 0.018455 -0.043335 0.59288
-0.079641 -0.02488 0.3181 0.15395 -0.024445 0.27733 0.05574 0.0010934 0.40545 0.010771 -0.0010629 0.067729 -0.056465 -0.0048351 -0.048751 0.04511 -0.0048351 -0.059466 -0.15087 -0.015732 0.062296 0.20569 -0.14628 0.04698 -0.31486 0.071112 -0.08471 0.052145 -0.32488 0.066589 -0.32576 0.063561 -0.1663 -0.0059561 -0.36593 0.10852 -0.19175 -0.11036 -0.3988 0.035267 0.048388 -0.4455 -0.16192 -0.019275 -0.71835 0.059083 0.084422 -0.77664 -0.16743 -0.10413 -0.75678 0.056696 0.0035655 -0.82359 0.022143 -0.040642 0.59518
-0.09326 -0.038511 0.35332 0.17578 -0.01406 0.29365 0.057159 -0.0011122 0.40521 0.010512 -0.002596 0.067736 -0.054015 -0.0030539 -0.051672 0.04171 -0.0030539 -0.062012 -0.16787 -0.025922 0.098487 0.23748 -0.13151 0.06329 -0.33521 0.047363 -0.052649 0.096358 -0.31958 0.094622 -0.34463 0.038945 -0.13439 0.037503 -0.36442 0.13167 -0.17859 -0.10806 -0.40573 0.036382 0.061388 -0.44638 -0.18371 -0.076436 -0.73786 0.06622 0.10067 -0.7766 -0.18207 -0.16032 -0.77946 0.068636 0.019997 -0.82402 0.034217 -0.032152 0.5987
-0.094363 -0.023224 0.39094 0.20245 -0.010927 0.31367 0.06659 0.00029201 0.40376 0.012436 -0.0022896 0.067416 -0.053076 -0.0016797 -0.052697 0.038405 -0.0016797 -0.06416 -0.17237 -0.011791 0.13705 0.2605 -0.12775 0.082061 -0.33515 0.062681 -0.018504 0.10881 -0.30832 0.10908 -0.34435 0.055008 -0.10035 0.049815 -0.35801 0.13918 -0.16408 -0.079303 -0.41811 0.051192 0.07717 -0.44563 -0.20681 -0.11302 -0.74702 0.087662 0.1163 -0.77521 -0.2072 -0.19563 -0.79102 0.087403 0.035779 -0.82288 0.04913 -0.022412 0.59896
-0.096068 -0.012901 0.41233 0.1972 -0.0086042 0.30603 0.067135 0.0034388 0.40366 0.012827 -0.0018548 0.067366 -0.051654 -0.00072094 -0.054076 0.038415 -0.00072094 -0.064179 -0.17371 -0.012574 0.15822 0.25124 -0.11892 0.070332 -0.32124 0.058591 -0.012595 0.096303 -0.29647 0.057984 -0.33054 0.051681 -0.094419 0.037158 -0.35105 0.075713 -0.15134 -0.043944 -0.42849 0.060366 0.094204 -0.44164 -0.21604 -0.10421 -0.75125 0.10111 0.13852 -0.77011 -0.21789 -0.18585 -0.79716 0.098678 0.057934 -0.81785 0.050236 -0.016835 0.59914
-0.10007 -0.0036828 0.41973 0.17753 -0.016559 0.29003 0.062205 0.0030877 0.40448 0.01241 -0.0012727 0.067452 -0.05087 -0.0013286 -0.054827 0.039553 -0.0013286 -0.063474 -0.17511 -0.0078953 0.16477 0.22338 -0.12145 0.050161 -0.30528 0.065055 -0.019568 0.065552 -0.28936 -0.0073646 -0.31521 0.059522 -0.10162 0.0043016 -0.3451 -0.0019808 -0.14267 -0.012154 -0.43351 0.068202 0.1005 -0.43865 -0.21993 -0.065688 -0.75363 0.11349 0.1486 -0.76583 -0.22691 -0.14634 -0.80034 0.10551 0.06847 -0.81329 0.043329 -0.017112 0.59982
-0.099364 0.014821 0.42062 0.16847 -0.028675 0.28367 0.063013 0.0034469 0.40434 0.012884 -0.00015091 0.067376 -0.051996 -0.0030998 -0.053683 0.040183 -0.0030998 -0.063013 -0.17417 0.014675 0.16556 0.20381 -0.1307 0.040788 -0.29369 0.095341 -0.022512 0.04206 -0.27759 -0.050997 -0.304 0.090528 -0.10441 -0.020062 -0.33149 -0.059541 -0.13362 0.01331 -0.43448 0.080422 0.096969 -0.43759 -0.21987 -0.029881 -0.75415 0.13272 0.15083 -0.76296 -0.23535 -0.10957 -0.80076 0.11644 0.071513 -0.80993 0.040245 -0.017877 0.59912
-0.090165 0.032361 0.41656 0.16626 -0.019776 0.27372 0.07206 0.015542 0.40247 0.013778 0.00099303 0.067191 -0.054088 -0.0036996 -0.051534 0.042015 -0.0036996 -0.061766 -0.17201 0.02546 0.16368 0.20423 -0.10968 0.026567 -0.29018 0.10123 -0.026768 0.063636 -0.24246 -0.1105 -0.3001 0.094954 -0.10781 0.010347 -0.29493 -0.14568 -0.11642 0.030893 -0.43465 0.090038 0.10038 -0.43406 -0.20287 -0.015172 -0.75359 0.14949 0.17473 -0.7553 -0.2185 -0.094711 -0.80047 0.13277 0.095246 -0.80188 0.042805 -0.011607 0.59562
-0.083375 0.043903 0.41049 0.16311 -0.01256 0.26593 0.078761 0.024826 0.40089 0.014462 0.0020013 0.067026 -0.056242 -0.0040618 -0.049143 0.04307 -0.0040618 -0.06103 -0.1826 0.040317 0.16419 0.20431 -0.090657 0.015112 -0.31001 0.12729 -0.01816 0.10176 -0.19859 -0.16855 -0.32568 0.12744 -0.1027 0.067716 -0.23712 -0.23299 -0.10385 0.042466 -0.43352 0.10171 0.096873 -0.43391 -0.19218 0.0040535 -0.75428 0.16574 0.16731 -0.74907 -0.2081 -0.075213 -0.80137 0.14855 0.08757 -0.79494 0.044097 -0.0072574 0.59244
-0.084106 0.044836 0.40464 0.15825 -0.0097416 0.2631 0.078533 0.028265 0.40062 0.014564 0.0028744 0.06697 -0.057691 -0.0049828 -0.047351 0.042688 -0.0049828 -0.061216 -0.19271 0.046672 0.16201 0.20201 -0.075665 0.0093964 -0.3139 0.1171 -0.025693 0.14221 -0.15292 -0.20685 -0.31911 0.10441 -0.10286 0.13445 -0.16693 -0.28781 -0.13094 0.037237 -0.42798 0.10279 0.057148 -0.44035 -0.18748 0.028021 -0.7561 0.16595 0.11524 -0.77043 -0.20377 -0.051547 -0.80267 0.1486 0.035208 -0.81575 0.041221 -0.0062033 0.59125
-0.089448 0.040303 0.40009 0.15343 -0.0027949 0.26273 0.073895 0.031919 0.40124 0.014027 0.0036066 0.06705 -0.057937 -0.0062217 -0.0469 0.04196 -0.0062217 -0.061608 -0.18685 0.035945 0.15284 0.20565 -0.050569 0.0065393 -0.27955 0.036441 -0.06393 0.1864 -0.10626 -0.22311 -0.25437 -0.017739 -0.11862 0.2014 -0.0999 -0.30406 -0.17136 0.035118 -0.41849 0.084501 -0.00094872 -0.44878 -0.1656 0.057897 -0.75199 0.12564 0.0056487 -0.7867 -0.17937 -0.022516 -0.79794 0.11119 -0.075079 -0.83179 0.033771 -0.0053314 0.59077
-0.095553 0.048314 0.39717 0.14556 -0.00085419 0.26325 0.06738 0.03529 0.40218 0.012935 0.0042868 0.067236 -0.056912 -0.0069765 -0.048041 0.042119 -0.0069765 -0.061424 -0.18277 0.046378 0.14606 0.2097 -0.029042 0.0068241 -0.2747 0.018142 -0.072847 0.22491 -0.066303 -0.22655 -0.25496 -0.045574 -0.12496 0.24374 -0.054454 -0.30637 -0.10807 0.10231 -0.41264 0.067753 0.0083305 -0.44986 -0.11252 0.13964 -0.73558 0.046328 -0.19012 -0.6936 -0.12793 0.060161 -0.78198 0.030838 -0.27115 -0.73793 0.019812 -0.007107 0.58881
-0.10902 0.051059 0.39584 0.13265 0.00027001 0.26544 0.053576 0.035224 0.40411 0.010866 0.0059708 0.067461 -0.05492 -0.0071595 -0.050268 0.04324 -0.0071595 -0.060611 -0.18869 0.051199 0.14229 0.20894 -0.0068654 0.010935 -0.28577 0.012254 -0.069395 0.24639 -0.028838 -0.2222 -0.28141 -0.047272 -0.12615 0.26487 -0.017758 -0.30225 -0.066837 0.15357 -0.40904 0.052517 0.010878 -0.4506 -0.067614 0.29005 -0.74919 0.014501 -0.18527 -0.69974 -0.083227 0.20694 -0.79134 -0.00040641 -0.26422 -0.74755 0.0055728 -0.008521 0.59039
-0.1244 0.048912 0.39502 0.12057 0.004093 0.26809 0.038221 0.035004 0.40586 0.0089672 0.0091581 0.067388 -0.053912 -0.0072064 -0.051344 0.043897 -0.0072064 -0.060134 -0.19723 0.046584 0.1394 0.20787 0.018388 0.017447 -0.29441 -0.0075318 -0.07002 0.25704 0.0023922 -0.21381 -0.29603 -0.070218 -0.12391 0.27337 0.0077074 -0.29451 -0.078377 0.13583 -0.41238 0.019153 -0.039008 -0.44744 -0.066132 0.22452 -0.70292 -0.0080343 -0.084841 -0.77975 -0.078343 0.14572 -0.75065 -0.020874 -0.16089 -0.83284 -0.0056599 -0.0090454 0.59306
-0.13002 0.056803 0.39349 0.11627 0.0086131 0.26893 0.03227 0.039838 0.40564 0.0085956 0.012965 0.066805 -0.055286 -0.0075303 -0.049805 0.042948 -0.0075303 -0.060773 -0.19824 0.054583 0.1366 0.2124 0.037972 0.022887 -0.30718 -0.002906 -0.065973 0.26812 0.015252 -0.20632 -0.31681 -0.069907 -0.11331 0.27322 0.006376 -0.28808 -0.050478 0.097222 -0.4245 -0.042066 -0.10198 -0.42841 -0.093599 -0.18191 -0.54047 -0.12188 -0.2302 -0.72027 -0.10333 -0.2387 -0.61342 -0.13611 -0.30638 -0.77283 -0.015267 -0.010794 0.59023
-0.13707 0.050184 0.39223 0.11166 0.012641 0.26986 0.025506 0.042001 0.4056 0.0074158 0.015335 0.066453 -0.055498 -0.0078253 -0.049548 0.042544 -0.0078253 -0.061028 -0.20141 0.04567 0.1344 0.21008 0.038844 0.024325 -0.32403 -0.0073876 -0.061253 0.26085 0.0079467 -0.20508 -0.33912 -0.074249 -0.10793 0.26936 -0.0051209 -0.28632 -0.038706 0.11533 -0.41865 -0.089081 -0.14401 -0.40307 -0.072579 -0.025213 -0.6187 -0.2019 -0.30289 -0.69175 -0.081633 -0.090006 -0.68272 -0.21293 -0.38184 -0.74069 -0.021593 -0.011229 0.58968
-0.14488 0.033785 0.39302 0.10722 0.011342 0.27159 0.018346 0.037458 0.4063 0.0058646 0.01571 0.066511 -0.055091 -0.0076381 -0.050001 0.042544 -0.0076381 -0.061041 -0.20669 0.025671 0.13462 0.20095 0.019131 0.022952 -0.33869 -0.021065 -0.056675 0.23983 -0.018181 -0.20791 -0.35836 -0.081362 -0.10936 0.25871 -0.026723 -0.28816 -0.048765 0.16924 -0.39878 -0.10603 -0.15688 -0.38763 -0.013659 0.3494 -0.74567 -0.19035 -0.17376 -0.69101 -0.023586 0.2599 -0.78174 -0.1993 -0.25549 -0.73569 -0.02231 -0.011263 0.59304
-0.1446 0.031054 0.39785 0.10924 -0.0021038 0.27383 0.01861 0.025233 0.40708 0.0061425 0.014406 0.066785 -0.057161 -0.0065022 -0.047806 0.041328 -0.0065022 -0.062006 -0.20724 0.023395 0.13965 0.1931 -0.016905 0.022042 -0.34229 -0.020117 -0.050183 0.22449 -0.061105 -0.20867 -0.37214 -0.067194 -0.11127 0.23398 -0.06985 -0.29036 -0.047017 0.18478 -0.38729 -0.095171 -0.14498 -0.39985 0.021561 -0.14131 -0.40855 -0.084616 0.12912 -0.59025 0.0097335 -0.22222 -0.45409 -0.10664 0.047994 -0.63142 -0.015023 -0.014021 0.59746
