-0.15634 0.075903 0.31339 0.11758 0.044335 0.35054 -0.03411 0.018237 0.40553 -0.0065933 0.017694 0.065947 -0.053689 -0.0057537 -0.051763 0.056609 -0.0057537 -0.048552 -0.2297 0.12936 0.063574 0.14407 0.0744 0.087772 -0.2875 -0.066806 -0.056212 0.19393 0.0052298 -0.13336 -0.3034 -0.13823 -0.094754 0.21302 -0.015564 -0.21109 -0.141 -0.32447 -0.25851 0.20292 -0.32305 -0.22135 -0.11598 -0.33341 -0.59135 0.18115 -0.30758 -0.55418 -0.14069 -0.36811 -0.67469 0.24774 -0.30444 -0.61989 -0.0066231 -0.021176 0.59686
-0.155 0.070101 0.31757 0.1191 0.038778 0.35254 -0.032253 0.0081349 0.40597 -0.0063736 0.015836 0.06637 -0.053711 -0.0053621 -0.051779 0.056645 -0.0053621 -0.048551 -0.25487 0.12448 0.075823 0.1211 0.067311 0.085008 -0.28846 -0.074403 -0.050831 0.13542 -0.0012073 -0.1533 -0.30713 -0.14205 -0.094211 0.13312 -0.027447 -0.24156 -0.14072 -0.32437 -0.2582 0.20342 -0.32239 -0.22145 -0.11569 -0.3332 -0.59104 0.18152 -0.30743 -0.5543 -0.13211 -0.3854 -0.66486 0.24797 -0.30439 -0.62021 -0.0062786 -0.031477 0.59751
-0.15472 0.063039 0.32007 0.12011 0.031563 0.3542 -0.031372 -0.0011134 0.40615 -0.0061854 0.014385 0.066751 -0.053719 -0.0050951 -0.051799 0.056696 -0.0050951 -0.048523 -0.28131 0.11678 0.091875 0.12746 0.066971 0.088648 -0.29083 -0.077784 -0.044117 0.1471 -0.012957 -0.14087 -0.31084 -0.14267 -0.091171 0.14785 -0.04489 -0.22335 -0.14057 -0.32435 -0.25789 0.20372 -0.32198 -0.22148 -0.11552 -0.33304 -0.59074 0.18162 -0.30683 -0.55431 -0.12794 -0.39283 -0.66098 0.24823 -0.30501 -0.62008 -0.00539 -0.042998 0.59719
-0.15536 0.05463 0.32131 0.12068 0.023171 0.35557 -0.031215 -0.0098913 0.40609 -0.0060284 0.013028 0.067098 -0.053723 -0.0048705 -0.051819 0.05675 -0.0048705 -0.048486 -0.30722 0.10734 0.11003 0.15372 0.07057 0.097559 -0.29401 -0.07813 -0.036439 0.20365 -0.026689 -0.10827 -0.3142 -0.141 -0.086298 0.22193 -0.063711 -0.17604 -0.14042 -0.32437 -0.2576 0.20395 -0.32164 -0.22149 -0.11533 -0.3329 -0.59045 0.18161 -0.30586 -0.55427 -0.12653 -0.39381 -0.66087 0.24856 -0.30599 -0.61966 -0.0041433 -0.055583 0.59606
-0.15675 0.044788 0.32174 0.12091 0.01408 0.35673 -0.031531 -0.018582 0.40583 -0.0059028 0.011455 0.067418 -0.053733 -0.0046063 -0.051834 0.056796 -0.0046063 -0.048459 -0.33081 0.097239 0.12857 0.19044 0.075298 0.1106 -0.2974 -0.076621 -0.028167 0.27978 -0.03907 -0.06772 -0.31686 -0.13794 -0.080259 0.32014 -0.079725 -0.1192 -0.14015 -0.32436 -0.25735 0.20426 -0.32122 -0.22153 -0.11502 -0.33271 -0.59019 0.18163 -0.30457 -0.55425 -0.1262 -0.3917 -0.66232 0.24902 -0.30702 -0.61912 -0.0027245 -0.069075 0.59431
-0.15874 0.033425 0.32178 0.1209 0.0047726 0.35772 -0.032067 -0.027567 0.40539 -0.0058084 0.009354 0.06772 -0.053759 -0.0042203 -0.051839 0.056822 -0.0042203 -0.048462 -0.3503 0.087544 0.1458 0.22818 0.078344 0.12665 -0.30037 -0.074439 -0.019671 0.3502 -0.046769 -0.031439 -0.31851 -0.13438 -0.073716 0.40721 -0.088749 -0.072414 -0.13966 -0.32426 -0.25712 0.20477 -0.32054 -0.22165 -0.11446 -0.33243 -0.58997 0.18184 -0.30303 -0.5543 -0.12529 -0.3899 -0.66313 0.24965 -0.3078 -0.61864 -0.0013197 -0.083319 0.5921
-0.16116 0.020607 0.32182 0.12072 -0.0042851 0.35861 -0.032592 -0.03709 0.40482 -0.0057455 0.0064894 0.068005 -0.053806 -0.0036446 -0.05183 0.056819 -0.0036446 -0.048509 -0.36419 0.079221 0.16019 0.25857 0.077346 0.14466 -0.30242 -0.072654 -0.011344 0.3929 -0.047058 -0.0098043 -0.31892 -0.13115 -0.067316 0.45282 -0.087463 -0.052053 -0.13884 -0.32402 -0.25695 0.20559 -0.31947 -0.22189 -0.11357 -0.33203 -0.5898 0.18237 -0.30132 -0.55449 -0.12239 -0.39132 -0.66142 0.25048 -0.30808 -0.61835 -0.00010164 -0.098034 0.58962
-0.16374 0.0075763 0.32196 0.12056 -0.012725 0.35946 -0.033034 -0.046299 0.40419 -0.0057162 0.0032135 0.068239 -0.05386 -0.0029197 -0.05182 0.056783 -0.0029197 -0.0486 -0.3733 0.072368 0.17154 0.28135 0.073394 0.16446 -0.30359 -0.071462 -0.0037627 0.41135 -0.041876 0.0010249 -0.31867 -0.12855 -0.061543 0.4649 -0.079218 -0.049797 -0.13779 -0.32366 -0.25683 0.2066 -0.31811 -0.22224 -0.11244 -0.33152 -0.58967 0.18311 -0.29954 -0.5548 -0.11793 -0.39522 -0.65773 0.25144 -0.30808 -0.61821 0.00086031 -0.11197 0.58711
-0.16615 -0.0038751 0.32215 0.12059 -0.020227 0.36033 -0.033396 -0.053838 0.40362 -0.0057235 0.00015163 0.068368 -0.053893 -0.0021369 -0.051828 0.056715 -0.0021369 -0.048724 -0.37951 0.066672 0.18025 0.30007 0.069187 0.18623 -0.30423 -0.070655 0.0024106 0.42088 -0.035335 0.011506 -0.31873 -0.12658 -0.056809 0.46915 -0.070467 -0.045829 -0.13671 -0.32321 -0.25676 0.20759 -0.31667 -0.22265 -0.11128 -0.33094 -0.5896 0.18385 -0.29781 -0.55517 -0.11323 -0.39913 -0.65375 0.2524 -0.30823 -0.61804 0.0015451 -0.12345 0.58486
-0.16818 -0.012893 0.32236 0.12084 -0.026967 0.36114 -0.033739 -0.05942 0.4031 -0.0057755 -0.0023775 0.068354 -0.053891 -0.0013186 -0.051861 0.056624 -0.0013186 -0.048862 -0.38439 0.061531 0.18689 0.31663 0.066436 0.20908 -0.3048 -0.070162 0.0067463 0.43168 -0.030166 0.02731 -0.31938 -0.1252 -0.053529 0.4814 -0.06477 -0.029644 -0.13569 -0.32269 -0.25673 0.20847 -0.31522 -0.22308 -0.11018 -0.33029 -0.58957 0.1845 -0.29616 -0.55557 -0.10943 -0.40124 -0.65083 0.2533 -0.30847 -0.61784 0.0020182 -0.13178 0.58303
-0.16996 -0.020846 0.32249 0.12094 -0.034289 0.36151 -0.03426 -0.065304 0.40228 -0.0058914 -0.0047864 0.068194 -0.053864 -0.00032432 -0.051902 0.056538 -0.00032432 -0.048975 -0.38873 0.055641 0.19233 0.32902 0.064487 0.22959 -0.30607 -0.070234 0.0093655 0.44166 -0.025796 0.042674 -0.31926 -0.12417 -0.052118 0.49379 -0.05878 -0.012944 -0.13455 -0.32201 -0.25672 0.20949 -0.31351 -0.22351 -0.10895 -0.32945 -0.58956 0.1853 -0.29432 -0.55598 -0.10715 -0.4013 -0.64959 0.25422 -0.30754 -0.61794 0.0025493 -0.13876 0.58156
-0.17163 -0.029384 0.32245 0.12047 -0.043623 0.36101 -0.035159 -0.074002 0.40078 -0.0060891 -0.007569 0.067888 -0.053828 0.0010027 -0.051928 0.056486 0.0010027 -0.049024 -0.39316 0.047657 0.19743 0.33483 0.062407 0.24416 -0.30879 -0.071144 0.010446 0.44706 -0.0212 0.050671 -0.31699 -0.12327 -0.052957 0.49557 -0.048418 -0.0096785 -0.13311 -0.32108 -0.25669 0.21095 -0.31124 -0.22394 -0.10737 -0.32829 -0.58952 0.18655 -0.292 -0.55639 -0.10685 -0.39927 -0.6505 0.25529 -0.30413 -0.61871 0.0034364 -0.14637 0.58034
-0.17311 -0.039469 0.32187 0.11938 -0.054922 0.35931 -0.036291 -0.08612 0.39835 -0.0063385 -0.010813 0.067424 -0.053779 0.002692 -0.05192 0.056443 0.002692 -0.049011 -0.39755 0.037171 0.20193 0.33432 0.060282 0.25247 -0.31255 -0.072682 0.0097694 0.44586 -0.015763 0.052625 -0.31402 -0.1227 -0.055816 0.48466 -0.034054 -0.017424 -0.13114 -0.31986 -0.25669 0.21315 -0.30814 -0.22448 -0.10522 -0.32674 -0.58951 0.18851 -0.28892 -0.55691 -0.10756 -0.39509 -0.65345 0.25685 -0.29831 -0.62009 0.004955 -0.15427 0.57914
-0.17414 -0.05149 0.32013 0.11793 -0.066917 0.35615 -0.037228 -0.10069 0.3949 -0.006569 -0.014268 0.066774 -0.053705 0.0046682 -0.051856 0.056345 0.0046682 -0.048975 -0.40115 0.024552 0.20468 0.32997 0.059041 0.25697 -0.31598 -0.07424 0.0067931 0.43748 -0.0092096 0.056704 -0.31422 -0.12304 -0.059956 0.46621 -0.019746 -0.020174 -0.12839 -0.31835 -0.25686 0.2164 -0.30393 -0.22531 -0.10226 -0.32478 -0.58967 0.19147 -0.28483 -0.55773 -0.10703 -0.38868 -0.65791 0.25946 -0.29139 -0.62173 0.0073621 -0.16017 0.57764
-0.17453 -0.065555 0.31689 0.11646 -0.078488 0.35151 -0.037586 -0.11655 0.39043 -0.0067131 -0.017684 0.065935 -0.053593 0.0068432 -0.051722 0.056141 0.0068432 -0.048945 -0.40334 0.010497 0.2049 0.32415 0.059272 0.25989 -0.31795 -0.07524 0.0013523 0.4228 -0.0016366 0.066711 -0.32009 -0.1245 -0.064673 0.44586 -0.0089753 -0.0090179 -0.12481 -0.31657 -0.25726 0.22078 -0.29854 -0.22655 -0.098427 -0.32245 -0.59006 0.1955 -0.27968 -0.55896 -0.10369 -0.38036 -0.66314 0.2634 -0.28454 -0.62325 0.010796 -0.16286 0.57554
-0.17448 -0.080588 0.3129 0.1156 -0.089328 0.34644 -0.037215 -0.13199 0.38555 -0.0067212 -0.020852 0.064999 -0.053442 0.0090899 -0.051532 0.055857 0.0090899 -0.048905 -0.40407 -0.0029472 0.20367 0.3185 0.059924 0.26211 -0.31855 -0.075286 -0.0049836 0.40879 0.005259 0.066073 -0.32772 -0.12576 -0.069501 0.43055 -0.0021444 -0.0084748 -0.12113 -0.31471 -0.25764 0.22535 -0.29288 -0.2278 -0.094432 -0.31989 -0.59043 0.19974 -0.27423 -0.5602 -0.098977 -0.3721 -0.66777 0.26775 -0.27849 -0.62439 0.014865 -0.16622 0.57246
-0.17427 -0.09519 0.30924 0.11602 -0.099353 0.34225 -0.036045 -0.14513 0.38102 -0.0065527 -0.023578 0.064087 -0.053254 0.011271 -0.051309 0.055538 0.011271 -0.048827 -0.40353 -0.013385 0.20257 0.3144 0.059507 0.26412 -0.3182 -0.074028 -0.010192 0.40392 0.009388 0.033376 -0.33148 -0.12505 -0.074049 0.42731 0.00124 -0.051204 -0.11832 -0.31298 -0.25771 0.22893 -0.28805 -0.22856 -0.09119 -0.31731 -0.59048 0.20306 -0.2695 -0.56093 -0.095172 -0.3663 -0.67027 0.27126 -0.27378 -0.62489 0.019024 -0.17541 0.56807
-0.17463 -0.10815 0.30666 0.11729 -0.10802 0.33957 -0.03472 -0.15482 0.37735 -0.0063572 -0.025697 0.063295 -0.052976 0.013337 -0.051111 0.055193 0.013337 -0.048704 -0.40237 -0.019737 0.20214 0.31185 0.057495 0.26538 -0.31798 -0.07067 -0.013724 0.40561 0.011381 -0.010789 -0.32999 -0.12096 -0.078429 0.4307 0.0036387 -0.11083 -0.11748 -0.31088 -0.25791 0.23073 -0.28436 -0.22913 -0.089809 -0.31423 -0.59065 0.20471 -0.26573 -0.5615 -0.094369 -0.36245 -0.67109 0.27305 -0.27016 -0.6253 0.022242 -0.19122 0.56264
-0.17691 -0.11855 0.30544 0.1173 -0.11413 0.33792 -0.034927 -0.16092 0.37472 -0.0065611 -0.027086 0.062684 -0.052478 0.015363 -0.051046 0.054782 0.015363 -0.048563 -0.40199 -0.022838 0.20144 0.30881 0.054759 0.26387 -0.31986 -0.06377 -0.017179 0.39519 0.015826 0.015272 -0.32797 -0.11254 -0.083488 0.4171 0.010375 -0.075072 -0.11991 -0.3069 -0.25983 0.23058 -0.28086 -0.23107 -0.091667 -0.30925 -0.59252 0.20449 -0.26204 -0.56341 -0.098401 -0.35586 -0.67353 0.27276 -0.26618 -0.62732 0.02279 -0.20803 0.55734
-0.18223 -0.12564 0.30575 0.11417 -0.11667 0.33681 -0.038128 -0.16357 0.37319 -0.0075333 -0.027674 0.062301 -0.051652 0.017412 -0.051206 0.054269 0.017412 -0.048429 -0.40355 -0.023623 0.19953 0.30339 0.052174 0.25776 -0.3255 -0.052191 -0.022115 0.3566 0.027439 0.17966 -0.33 -0.099229 -0.089985 0.36652 0.026743 0.14989 -0.12661 -0.29969 -0.26483 0.22848 -0.27662 -0.23574 -0.097842 -0.30115 -0.59749 0.20237 -0.25758 -0.56808 -0.1085 -0.34239 -0.68056 0.27022 -0.26051 -0.63247 0.019252 -0.22031 0.55328
-0.18915 -0.13024 0.30696 0.10892 -0.11675 0.33577 -0.043133 -0.16433 0.3723 -0.0089495 -0.027777 0.062066 -0.050664 0.019334 -0.051501 0.053718 0.019334 -0.048313 -0.40569 -0.022586 0.19653 0.29657 0.049681 0.24839 -0.33322 -0.037873 -0.02828 0.30748 0.049355 0.39014 -0.33505 -0.083238 -0.097411 0.30315 0.055797 0.4385 -0.13583 -0.29033 -0.27204 0.22546 -0.27165 -0.24251 -0.10658 -0.29103 -0.60465 0.19937 -0.25223 -0.57483 -0.12088 -0.3259 -0.69026 0.26656 -0.25371 -0.63996 0.013455 -0.22797 0.55031
-0.19488 -0.13392 0.30801 0.10412 -0.11653 0.33437 -0.047389 -0.1655 0.37128 -0.01013 -0.02791 0.06184 -0.04982 0.020872 -0.051746 0.05324 0.020872 -0.04822 -0.40574 -0.019992 0.19311 0.29082 0.046737 0.23867 -0.33961 -0.024341 -0.03449 0.28281 0.083883 0.47215 -0.33924 -0.068196 -0.1046 0.27387 0.099432 0.55246 -0.14442 -0.28113 -0.27938 0.22311 -0.2664 -0.24965 -0.1147 -0.2812 -0.61195 0.19709 -0.24631 -0.58193 -0.12915 -0.31438 -0.69821 0.26358 -0.24728 -0.64781 0.0088896 -0.23365 0.54764
-0.19776 -0.13771 0.30819 0.10142 -0.11749 0.33256 -0.049335 -0.1685 0.36967 -0.010654 -0.028399 0.061533 -0.049303 0.02189 -0.051835 0.052926 0.02189 -0.048126 -0.40226 -0.016359 0.18959 0.28717 0.043335 0.23055 -0.34267 -0.013734 -0.04006 0.29984 0.12943 0.33695 -0.34017 -0.056312 -0.11091 0.3016 0.15528 0.37049 -0.15022 -0.27349 -0.28561 0.2224 -0.26091 -0.25631 -0.12001 -0.27284 -0.61814 0.1965 -0.23973 -0.58853 -0.12965 -0.31191 -0.7019 0.26241 -0.24186 -0.65495 0.0076297 -0.23917 0.54479
-0.19892 -0.14109 0.30766 0.10008 -0.11913 0.33126 -0.050051 -0.17238 0.36777 -0.010798 -0.029062 0.061193 -0.048957 0.022571 -0.051861 0.052812 0.022571 -0.047929 -0.39701 -0.012877 0.18536 0.28305 0.04088 0.22336 -0.34407 -0.0045303 -0.045638 0.32897 0.17418 0.12293 -0.3395 -0.046028 -0.11702 0.34596 0.2098 0.080864 -0.1538 -0.26641 -0.29167 0.22267 -0.25403 -0.2639 -0.12311 -0.26423 -0.62416 0.1969 -0.23145 -0.59604 -0.1259 -0.31236 -0.70389 0.26233 -0.23579 -0.66283 0.0079955 -0.24405 0.54214
-0.1999 -0.14333 0.3067 0.099014 -0.12064 0.3315 -0.050962 -0.17583 0.36601 -0.010929 -0.029645 0.060887 -0.048587 0.023137 -0.051947 0.05292 0.023137 -0.047524 -0.39219 -0.010809 0.17971 0.27541 0.040955 0.21603 -0.34601 0.0052709 -0.052056 0.33449 0.20523 -0.0014858 -0.33943 -0.035293 -0.12383 0.35833 0.24832 -0.087171 -0.15608 -0.2586 -0.29882 0.22303 -0.24446 -0.27409 -0.12497 -0.25326 -0.63122 0.19738 -0.22033 -0.60613 -0.12243 -0.3082 -0.70744 0.2624 -0.22709 -0.67314 0.0078241 -0.24745 0.54018
-0.20049 -0.14453 0.30527 0.097984 -0.12101 0.33282 -0.051855 -0.17831 0.3647 -0.011069 -0.030047 0.060665 -0.048181 0.023602 -0.052116 0.053236 0.023602 -0.046936 -0.38796 -0.010789 0.17253 0.26421 0.044227 0.20801 -0.34854 0.015352 -0.05952 0.30977 0.22067 -0.00038821 -0.33993 -0.024322 -0.13159 0.32981 0.26906 -0.083554 -0.15693 -0.25048 -0.30687 0.22361 -0.2321 -0.28661 -0.12563 -0.24036 -0.63914 0.19799 -0.20613 -0.61852 -0.12049 -0.29773 -0.71354 0.26262 -0.21473 -0.68569 0.0073983 -0.24898 0.5391
-0.19889 -0.14557 0.30308 0.09754 -0.11901 0.33341 -0.051027 -0.17995 0.364 -0.010929 -0.03031 0.060559 -0.047899 0.023785 -0.052297 0.053711 0.023785 -0.046308 -0.38263 -0.012876 0.16423 0.25212 0.050523 0.19924 -0.34976 0.023288 -0.067665 0.27464 0.22866 0.041427 -0.33901 -0.015392 -0.13997 0.28769 0.28202 -0.02147 -0.15524 -0.24404 -0.31438 0.22541 -0.2179 -0.29938 -0.12426 -0.22824 -0.64646 0.19961 -0.18945 -0.63107 -0.11832 -0.2845 -0.72107 0.2639 -0.19855 -0.69849 0.0092293 -0.2487 0.53881
-0.19393 -0.14698 0.30002 0.098093 -0.11388 0.33198 -0.04733 -0.18077 0.36408 -0.010307 -0.030449 0.060598 -0.047861 0.023554 -0.052437 0.054253 0.023554 -0.045802 -0.37489 -0.016619 0.15535 0.24142 0.059312 0.18983 -0.34811 0.027472 -0.076044 0.24686 0.23612 0.050201 -0.33507 -0.010033 -0.14854 0.25614 0.29555 0.00015432 -0.15041 -0.24058 -0.32026 0.22894 -0.20283 -0.31075 -0.1205 -0.21887 -0.65211 0.20269 -0.17107 -0.64209 -0.11456 -0.27175 -0.72889 0.26667 -0.17887 -0.70992 0.014963 -0.24673 0.53921
-0.18785 -0.14766 0.29718 0.099222 -0.10713 0.33001 -0.042635 -0.18006 0.36502 -0.0095104 -0.030314 0.060798 -0.047958 0.02306 -0.052566 0.054573 0.02306 -0.045675 -0.36548 -0.019135 0.14684 0.23188 0.068429 0.18067 -0.34409 0.030748 -0.083891 0.229 0.2422 0.028773 -0.329 -0.0056771 -0.15655 0.23738 0.30768 -0.01731 -0.14477 -0.23789 -0.3256 0.232 -0.1879 -0.3213 -0.1164 -0.21013 -0.65713 0.20523 -0.15243 -0.65222 -0.11026 -0.26006 -0.73603 0.269 -0.15814 -0.72046 0.021552 -0.2435 0.54042
-0.18388 -0.14599 0.29597 0.10025 -0.10097 0.3298 -0.039724 -0.17691 0.36688 -0.009002 -0.029707 0.061169 -0.048015 0.022536 -0.052743 0.054326 0.022536 -0.046205 -0.35579 -0.016833 0.13976 0.22248 0.075224 0.17287 -0.3388 0.037305 -0.090359 0.21897 0.24367 0.0035066 -0.32247 0.0014816 -0.16312 0.22682 0.31328 -0.041682 -0.14148 -0.23265 -0.33211 0.23156 -0.17413 -0.3323 -0.11471 -0.19869 -0.66319 0.20449 -0.13521 -0.66282 -0.10724 -0.24919 -0.74157 0.26828 -0.13946 -0.7312 0.024534 -0.23954 0.54256
-0.18343 -0.14135 0.29667 0.10045 -0.096526 0.33173 -0.039959 -0.17145 0.36941 -0.0090054 -0.02865 0.061663 -0.047935 0.022106 -0.052998 0.053519 0.022106 -0.047323 -0.34641 -0.0087198 0.13402 0.21276 0.078486 0.16648 -0.33324 0.049153 -0.095491 0.21461 0.23995 -0.011107 -0.31671 0.013384 -0.16831 0.22147 0.31083 -0.055292 -0.1419 -0.22376 -0.34026 0.22635 -0.16229 -0.34406 -0.11658 -0.18351 -0.67076 0.19934 -0.12048 -0.67424 -0.10652 -0.23891 -0.74516 0.26337 -0.12467 -0.74241 0.021943 -0.23536 0.54545
-0.18497 -0.13469 0.29771 0.098996 -0.093195 0.33313 -0.042428 -0.16546 0.37188 -0.0093636 -0.027511 0.062133 -0.047754 0.021717 -0.05332 0.052725 0.021717 -0.048401 -0.33667 0.0020355 0.12763 0.20316 0.079295 0.15989 -0.32818 0.064818 -0.10076 0.21379 0.23469 -0.019576 -0.31223 0.028988 -0.17363 0.22083 0.30459 -0.063702 -0.14446 -0.21362 -0.34854 0.21784 -0.1528 -0.35535 -0.12058 -0.1672 -0.67834 0.19125 -0.1084 -0.68522 -0.1079 -0.22904 -0.74729 0.25559 -0.11362 -0.753 0.01581 -0.23146 0.54841
-0.18684 -0.12705 0.29754 0.09521 -0.090269 0.33141 -0.046078 -0.16067 0.3736 -0.0098973 -0.026644 0.062441 -0.047521 0.0213 -0.053692 0.05251 0.0213 -0.048836 -0.32588 0.012135 0.11873 0.19408 0.078845 0.15151 -0.32429 0.082581 -0.10754 0.2143 0.23143 -0.027764 -0.30943 0.046975 -0.18048 0.22434 0.29873 -0.074082 -0.14745 -0.20465 -0.35542 0.20767 -0.14593 -0.36493 -0.12513 -0.15239 -0.68444 0.18185 -0.098901 -0.69449 -0.11103 -0.21931 -0.74861 0.24643 -0.10585 -0.76188 0.0083776 -0.22824 0.55077
-0.18888 -0.11901 0.2963 0.089827 -0.087469 0.3276 -0.050481 -0.15669 0.37474 -0.010542 -0.025953 0.062629 -0.047295 0.020768 -0.054097 0.052831 0.020768 -0.048711 -0.31404 0.020682 0.10786 0.18469 0.077382 0.14163 -0.32152 0.10136 -0.11488 0.21375 0.22849 -0.038084 -0.308 0.06599 -0.18804 0.22859 0.29156 -0.08892 -0.15054 -0.19624 -0.36127 0.19702 -0.14052 -0.37298 -0.12965 -0.13871 -0.68951 0.17231 -0.090644 -0.70221 -0.11539 -0.20882 -0.7501 0.23701 -0.099704 -0.76923 0.00048059 -0.22526 0.55256
-0.19173 -0.11091 0.29509 0.084392 -0.084763 0.32476 -0.05556 -0.15195 0.37591 -0.011298 -0.025087 0.062835 -0.047143 0.020021 -0.054515 0.053305 0.020021 -0.048506 -0.3016 0.028141 0.09701 0.17349 0.07462 0.13165 -0.31934 0.12044 -0.12054 0.20962 0.22128 -0.050989 -0.30724 0.08465 -0.1942 0.22858 0.27813 -0.10804 -0.15415 -0.18607 -0.36756 0.18674 -0.13463 -0.3805 -0.13408 -0.12409 -0.69504 0.16352 -0.081554 -0.70933 -0.12036 -0.19632 -0.75294 0.2283 -0.092837 -0.77595 -0.0078481 -0.2216 0.5542
-0.19544 -0.10339 0.29468 0.080303 -0.082137 0.32491 -0.060792 -0.14564 0.37754 -0.012095 -0.023859 0.063151 -0.047117 0.018965 -0.054926 0.053679 0.018965 -0.048535 -0.28894 0.034311 0.087632 0.15993 0.070523 0.1227 -0.31708 0.13799 -0.12342 0.20065 0.20738 -0.066199 -0.30666 0.10156 -0.19799 0.22126 0.25573 -0.13039 -0.15817 -0.17317 -0.37507 0.17778 -0.12685 -0.38807 -0.1382 -0.10761 -0.70188 0.15628 -0.070108 -0.71641 -0.12511 -0.1815 -0.7577 0.22115 -0.083414 -0.78257 -0.016092 -0.21681 0.55599
-0.19818 -0.097984 0.2948 0.078523 -0.079645 0.32692 -0.064341 -0.13917 0.37942 -0.012658 -0.022571 0.063521 -0.047234 0.017509 -0.055305 0.054089 0.017509 -0.048625 -0.27632 0.037004 0.079669 0.14617 0.065811 0.11511 -0.31352 0.14894 -0.12579 0.18928 0.19072 -0.081367 -0.3064 0.11525 -0.20183 0.20942 0.22843 -0.1524 -0.16095 -0.16054 -0.38273 0.17125 -0.11728 -0.39513 -0.14116 -0.091817 -0.70889 0.15119 -0.056414 -0.72282 -0.12821 -0.16696 -0.76312 0.21623 -0.071078 -0.78852 -0.022305 -0.21181 0.55794
-0.19789 -0.096318 0.29499 0.07986 -0.077348 0.32914 -0.064243 -0.1343 0.38123 -0.012688 -0.021601 0.063864 -0.0475 0.015581 -0.055626 0.054728 0.015581 -0.048527 -0.26398 0.03383 0.072798 0.1348 0.061316 0.10908 -0.30742 0.1479 -0.13043 0.17856 0.17623 -0.093874 -0.30668 0.12433 -0.20863 0.19685 0.20137 -0.17017 -0.16064 -0.15176 -0.38912 0.16826 -0.10633 -0.40089 -0.14206 -0.079776 -0.71462 0.14874 -0.040924 -0.72773 -0.12821 -0.15567 -0.76768 0.21411 -0.055816 -0.79304 -0.024395 -0.20769 0.55996
-0.19481 -0.097666 0.29498 0.083441 -0.075339 0.33071 -0.061056 -0.13133 0.38278 -0.012248 -0.021038 0.064137 -0.047801 0.013486 -0.055903 0.055518 0.013486 -0.04824 -0.25264 0.026069 0.066895 0.12662 0.057304 0.10442 -0.29903 0.1359 -0.13797 0.17006 0.16393 -0.10342 -0.30694 0.12909 -0.21816 0.18603 0.17665 -0.183 -0.15761 -0.14722 -0.39377 0.16801 -0.095303 -0.40516 -0.14121 -0.07184 -0.71861 0.14821 -0.025223 -0.73101 -0.12575 -0.14799 -0.77091 0.21403 -0.039429 -0.79603 -0.022987 -0.20445 0.56201
-0.1915 -0.098974 0.29464 0.086711 -0.073737 0.33155 -0.057866 -0.12907 0.38403 -0.011765 -0.020683 0.064338 -0.04791 0.011906 -0.056193 0.056105 0.011906 -0.048011 -0.24353 0.018665 0.062037 0.1206 0.053478 0.10065 -0.29009 0.12039 -0.14689 0.16387 0.14899 -0.112 -0.30587 0.13153 -0.22709 0.1782 0.15327 -0.19328 -0.15449 -0.14412 -0.39715 0.16781 -0.086361 -0.40829 -0.1401 -0.065666 -0.72138 0.1477 -0.01203 -0.73319 -0.12352 -0.1417 -0.77341 0.21391 -0.02553 -0.79797 -0.021412 -0.20102 0.56406
-0.19007 -0.09774 0.29394 0.087605 -0.072613 0.33173 -0.057215 -0.12648 0.38497 -0.011594 -0.020354 0.06447 -0.047658 0.011367 -0.056532 0.05621 0.011367 -0.048043 -0.23755 0.015709 0.058294 0.11583 0.049569 0.097332 -0.28212 0.10761 -0.1557 0.15997 0.12763 -0.12125 -0.3024 0.13301 -0.23262 0.1741 0.13064 -0.20303 -0.15347 -0.14006 -0.39971 0.16548 -0.081177 -0.41064 -0.13998 -0.059255 -0.72342 0.14565 -0.0034867 -0.73477 -0.12368 -0.13498 -0.77565 0.21206 -0.016993 -0.79935 -0.022398 -0.19655 0.56604
-0.18992 -0.095088 0.29324 0.087183 -0.07177 0.33181 -0.058073 -0.1238 0.38571 -0.011628 -0.020046 0.06456 -0.04725 0.01145 -0.056851 0.056029 0.01145 -0.048226 -0.23385 0.015697 0.05564 0.11231 0.045623 0.094643 -0.27517 0.095607 -0.16379 0.15805 0.10317 -0.13 -0.29708 0.13099 -0.23569 0.17231 0.11102 -0.2113 -0.15378 -0.13575 -0.40166 0.1621 -0.078511 -0.41239 -0.14056 -0.053159 -0.72492 0.14282 0.0017229 -0.73594 -0.12465 -0.12894 -0.77707 0.2093 -0.012174 -0.80034 -0.024669 -0.19185 0.56782
-0.18947 -0.093369 0.29304 0.087566 -0.070914 0.33257 -0.058189 -0.12165 0.38642 -0.011603 -0.019806 0.064645 -0.047016 0.011415 -0.057044 0.055919 0.011415 -0.048348 -0.23098 0.015223 0.054019 0.11038 0.041788 0.09294 -0.26877 0.079659 -0.1708 0.1577 0.081343 -0.13615 -0.29102 0.12162 -0.23849 0.17068 0.097613 -0.21612 -0.15367 -0.1329 -0.4031 0.15983 -0.076124 -0.4137 -0.14101 -0.048785 -0.72598 0.14072 0.0060982 -0.73676 -0.12364 -0.1257 -0.77679 0.2073 -0.0078911 -0.80103 -0.025594 -0.1883 0.56921
-0.18776 -0.093123 0.29363 0.089889 -0.069465 0.33438 -0.056373 -0.11969 0.38735 -0.011357 -0.019559 0.06477 -0.047074 0.010879 -0.057098 0.056021 0.010879 -0.048349 -0.22803 0.012867 0.053256 0.1102 0.038345 0.092286 -0.2623 0.058366 -0.17647 0.15864 0.064649 -0.13884 -0.28471 0.10352 -0.24245 0.16874 0.089594 -0.21708 -0.15217 -0.13163 -0.40444 0.15954 -0.072352 -0.41485 -0.14072 -0.046051 -0.72698 0.13996 0.011483 -0.73745 -0.1205 -0.12457 -0.77579 0.20672 -0.0019936 -0.80166 -0.024002 -0.18572 0.57042
-0.18497 -0.091713 0.29492 0.093549 -0.066342 0.33695 -0.053303 -0.11586 0.38891 -0.010912 -0.019006 0.065006 -0.047169 0.010087 -0.057169 0.056094 0.010087 -0.048441 -0.22515 0.01071 0.052975 0.1116 0.035794 0.092219 -0.25487 0.036186 -0.18065 0.16079 0.049913 -0.13938 -0.27757 0.079596 -0.24756 0.16904 0.079065 -0.21652 -0.14964 -0.12918 -0.40656 0.15977 -0.066538 -0.41632 -0.13958 -0.04225 -0.72878 0.13952 0.018566 -0.73856 -0.11976 -0.1199 -0.77837 0.20645 0.0058509 -0.80274 -0.021303 -0.18124 0.57226
-0.18141 -0.086421 0.29676 0.097765 -0.060558 0.33989 -0.049837 -0.10816 0.39148 -0.010315 -0.017859 0.065413 -0.047034 0.0093285 -0.05741 0.055879 0.0093285 -0.048844 -0.22255 0.01093 0.052799 0.11436 0.034559 0.092235 -0.24575 0.01767 -0.18318 0.16406 0.033602 -0.13923 -0.26899 0.053007 -0.25356 0.17408 0.058188 -0.21683 -0.14661 -0.12278 -0.41029 0.15891 -0.058258 -0.41861 -0.13752 -0.03467 -0.73223 0.13827 0.027804 -0.74057 -0.1258 -0.1063 -0.78856 0.20528 0.015686 -0.80479 -0.01908 -0.17202 0.57555
-0.17793 -0.077271 0.29915 0.10175 -0.052727 0.34267 -0.046682 -0.097135 0.39473 -0.0096926 -0.016205 0.065933 -0.046696 0.0086484 -0.05779 0.055364 0.0086484 -0.04955 -0.22055 0.012793 0.052608 0.11836 0.033959 0.091933 -0.23621 0.0017467 -0.18386 0.16818 0.014647 -0.13873 -0.2596 0.024435 -0.25902 0.18258 0.027861 -0.21796 -0.1435 -0.11259 -0.4153 0.1565 -0.048525 -0.42157 -0.13493 -0.023519 -0.73698 0.13593 0.0384 -0.7433 -0.13601 -0.086327 -0.80346 0.20292 0.026396 -0.80757 -0.01793 -0.15887 0.57984
-0.17574 -0.066001 0.30217 0.1047 -0.044468 0.34466 -0.044452 -0.084906 0.39789 -0.00922 -0.014366 0.06644 -0.04636 0.0079421 -0.058161 0.054689 0.0079421 -0.050409 -0.2195 0.013748 0.052441 0.12351 0.032621 0.09098 -0.22879 -0.016163 -0.18246 0.17272 -0.0064834 -0.13755 -0.25073 -0.006971 -0.26173 0.1909 -0.0055625 -0.21832 -0.14066 -0.10057 -0.42049 0.15273 -0.039247 -0.42472 -0.1325 -0.010829 -0.742 0.13272 0.048772 -0.74619 -0.14343 -0.067564 -0.81583 0.19963 0.036145 -0.81041 -0.017835 -0.14487 0.58393
-0.17548 -0.054115 0.30569 0.10619 -0.036981 0.34551 -0.043482 -0.073096 0.40039 -0.009004 -0.012584 0.066839 -0.046179 0.0071188 -0.058414 0.053993 0.0071188 -0.051274 -0.21962 0.012088 0.052299 0.12968 0.02956 0.08928 -0.22511 -0.038996 -0.17883 0.17724 -0.029218 -0.13533 -0.24332 -0.041402 -0.26006 0.19629 -0.037422 -0.21649 -0.13824 -0.088268 -0.42505 0.1479 -0.031722 -0.42765 -0.13069 0.0017003 -0.74652 0.12894 0.05778 -0.74877 -0.14343 -0.055281 -0.82087 0.19572 0.043731 -0.81281 -0.018626 -0.13233 0.58693
-0.17607 -0.042278 0.30892 0.10689 -0.030064 0.34582 -0.043203 -0.061623 0.40232 -0.0089267 -0.010842 0.06715 -0.04612 0.0061401 -0.058571 0.05341 0.0061401 -0.052007 -0.22054 0.0089188 0.05206 0.13652 0.025087 0.087512 -0.22386 -0.064199 -0.17324 0.18126 -0.05273 -0.13177 -0.23695 -0.076848 -0.25423 0.19892 -0.068803 -0.21162 -0.13566 -0.075828 -0.42903 0.14252 -0.025228 -0.43022 -0.12926 0.01354 -0.75069 0.12496 0.065751 -0.751 -0.13915 -0.047082 -0.82172 0.19157 0.050047 -0.81484 -0.019695 -0.12098 0.58898
-0.17613 -0.030987 0.31096 0.10771 -0.023248 0.34631 -0.042883 -0.050082 0.40389 -0.0088293 -0.0090744 0.067414 -0.046112 0.004982 -0.058681 0.053067 0.004982 -0.052479 -0.22184 0.0058526 0.051592 0.14368 0.01976 0.086486 -0.22318 -0.088202 -0.16598 0.18432 -0.076169 -0.12653 -0.23093 -0.11088 -0.24487 0.19959 -0.10186 -0.20303 -0.13221 -0.063102 -0.43267 0.13712 -0.018668 -0.43235 -0.12786 0.024398 -0.75486 0.12118 0.073298 -0.75294 -0.13517 -0.039135 -0.82302 0.18759 0.056371 -0.8167 -0.020358 -0.11004 0.59046
-0.17527 -0.020723 0.31163 0.10884 -0.016491 0.34713 -0.04231 -0.038783 0.40517 -0.0086738 -0.0073256 0.067643 -0.046116 0.003723 -0.058769 0.052988 0.003723 -0.05266 -0.22358 0.0028068 0.05108 0.15073 0.013889 0.086405 -0.22267 -0.10992 -0.15741 0.18601 -0.099427 -0.11912 -0.22529 -0.14188 -0.2332 0.19852 -0.13626 -0.19102 -0.12788 -0.050362 -0.43597 0.13206 -0.011791 -0.434 -0.12639 0.034102 -0.75899 0.11779 0.080699 -0.75452 -0.13301 -0.030631 -0.82596 0.184 0.062988 -0.81829 -0.020433 -0.0995 0.59157
-0.17426 -0.011958 0.31155 0.10969 -0.010221 0.34773 -0.041845 -0.028811 0.40609 -0.0085549 -0.0057585 0.067816 -0.046125 0.0025541 -0.05883 0.053089 0.0025541 -0.052631 -0.22646 -0.0021612 0.051068 0.15722 0.0075051 0.086808 -0.22356 -0.13097 -0.14784 0.18606 -0.12321 -0.10887 -0.22078 -0.16911 -0.2211 0.19536 -0.16893 -0.17698 -0.12341 -0.038337 -0.43869 0.12747 -0.0052786 -0.43518 -0.12502 0.042601 -0.76262 0.11477 0.087867 -0.75557 -0.13088 -0.024078 -0.82796 0.18077 0.069092 -0.81923 -0.020284 -0.090097 0.59235
-0.17377 -0.0050511 0.31131 0.10979 -0.0048304 0.34763 -0.041799 -0.021093 0.40661 -0.0085538 -0.0045153 0.067916 -0.046132 0.00164 -0.058861 0.053282 0.00164 -0.052476 -0.23094 -0.010566 0.052019 0.1627 0.00072956 0.087252 -0.2268 -0.1527 -0.13764 0.18427 -0.14773 -0.095575 -0.21806 -0.19219 -0.2101 0.1899 -0.197 -0.16236 -0.11947 -0.027672 -0.44062 0.12345 0.00024884 -0.43593 -0.12392 0.049887 -0.76536 0.11207 0.094687 -0.75599 -0.12735 -0.021198 -0.82707 0.17789 0.073949 -0.8192 -0.02024 -0.082483 0.59284
-0.1737 0.00030738 0.31108 0.10937 -0.00033757 0.347 -0.042011 -0.015321 0.40683 -0.0086277 -0.00357 0.067962 -0.046131 0.00094783 -0.058876 0.053501 0.00094783 -0.052269 -0.23627 -0.020701 0.053799 0.16701 -0.0056871 0.087623 -0.2311 -0.1737 -0.12719 0.18104 -0.16992 -0.082058 -0.21661 -0.21259 -0.19908 0.18302 -0.2195 -0.14865 -0.11615 -0.018379 -0.44187 0.11993 0.004834 -0.43636 -0.1231 0.056149 -0.76728 0.10971 0.10099 -0.75595 -0.12459 -0.017811 -0.82632 0.17533 0.077613 -0.81845 -0.020221 -0.076388 0.59314
-0.17363 0.0046833 0.31088 0.10896 0.0033791 0.34623 -0.042141 -0.010719 0.40694 -0.0086862 -0.0028326 0.067985 -0.046117 0.00036976 -0.05889 0.053688 0.00036976 -0.052081 -0.24118 -0.029638 0.056044 0.1701 -0.010758 0.087933 -0.23435 -0.19155 -0.11687 0.17702 -0.18546 -0.072268 -0.21551 -0.2325 -0.186 0.17605 -0.23622 -0.1374 -0.11335 -0.010226 -0.4427 0.1168 0.0087723 -0.43664 -0.12246 0.061653 -0.76864 0.10769 0.10658 -0.75577 -0.12609 -0.0075233 -0.83059 0.17308 0.080433 -0.81742 -0.019997 -0.07119 0.5934
-0.17333 0.008476 0.31072 0.10889 0.0064453 0.34561 -0.041998 -0.0067618 0.40703 -0.0086774 -0.0022382 0.068008 -0.046095 -0.00015603 -0.058908 0.053812 -0.00015603 -0.051954 -0.24488 -0.035733 0.058437 0.172 -0.014016 0.088177 -0.23557 -0.20482 -0.1073 0.17282 -0.19276 -0.067965 -0.21433 -0.25221 -0.17079 0.16996 -0.24755 -0.12932 -0.11092 -0.0029596 -0.44326 0.11393 0.01231 -0.43688 -0.12204 0.066629 -0.76965 0.10594 0.11135 -0.75566 -0.13297 0.011818 -0.84126 0.17108 0.082745 -0.81647 -0.019499 -0.066474 0.59369
-0.17289 0.011761 0.31063 0.10905 0.0089927 0.34512 -0.041682 -0.0034107 0.40711 -0.0086232 -0.0017707 0.068029 -0.046092 -0.00060186 -0.058908 0.053891 -0.00060186 -0.051869 -0.2475 -0.039831 0.060742 0.17295 -0.016 0.088319 -0.23597 -0.21406 -0.099482 0.16904 -0.19541 -0.066641 -0.21352 -0.26832 -0.15735 0.16502 -0.25502 -0.1236 -0.10872 0.0037151 -0.44362 0.11117 0.015598 -0.4371 -0.12203 0.07124 -0.77035 0.10424 0.11539 -0.75566 -0.14169 0.034122 -0.85275 0.16915 0.084852 -0.81578 -0.018978 -0.062222 0.59403
-0.17246 0.014575 0.31058 0.10928 0.011139 0.34474 -0.041327 -0.00067344 0.40717 -0.0085538 -0.0014183 0.068047 -0.046137 -0.00093412 -0.05887 0.053948 -0.00093412 -0.051806 -0.24927 -0.042982 0.062741 0.17314 -0.017341 0.088307 -0.23696 -0.22001 -0.094391 0.16615 -0.1974 -0.065498 -0.21362 -0.27731 -0.14969 0.16137 -0.26022 -0.11936 -0.10662 0.010086 -0.44379 0.10835 0.018771 -0.43729 -0.12264 0.075644 -0.77079 0.10236 0.11878 -0.7558 -0.1485 0.052822 -0.85918 0.1671 0.087037 -0.81548 -0.018708 -0.05845 0.59442
-0.17206 0.016915 0.31037 0.10938 0.012813 0.34436 -0.041107 0.0015867 0.40718 -0.008499 -0.0011523 0.068059 -0.046222 -0.0011744 -0.058798 0.053988 -0.0011744 -0.051759 -0.25098 -0.045236 0.064288 0.17217 -0.018382 0.087958 -0.23894 -0.22312 -0.091884 0.16335 -0.19973 -0.064258 -0.21486 -0.27974 -0.1475 0.158 -0.26359 -0.11685 -0.10491 0.016305 -0.44376 0.10534 0.021945 -0.43747 -0.12392 0.080047 -0.77096 0.10016 0.12173 -0.75607 -0.15306 0.067304 -0.86009 0.1648 0.08941 -0.81555 -0.018794 -0.055046 0.59482
-0.17169 0.018751 0.30967 0.1091 0.013815 0.34379 -0.041219 0.0036057 0.40715 -0.0084884 -0.0009324 0.068063 -0.046317 -0.0013825 -0.058719 0.054008 -0.0013825 -0.051732 -0.25378 -0.045952 0.065284 0.16922 -0.019259 0.086997 -0.24163 -0.22366 -0.091054 0.1589 -0.20133 -0.064371 -0.21727 -0.27896 -0.1475 0.15311 -0.26474 -0.11713 -0.10414 0.022427 -0.44347 0.102 0.025219 -0.43765 -0.1258 0.08469 -0.7708 0.09758 0.1245 -0.75642 -0.15743 0.081048 -0.8588 0.16214 0.091958 -0.81587 -0.019225 -0.051806 0.5952
-0.17124 0.020046 0.30835 0.10842 0.014013 0.34293 -0.04166 0.0054657 0.40709 -0.0085253 -0.0007391 0.068061 -0.046406 -0.0015936 -0.058643 0.054005 -0.0015936 -0.05173 -0.25817 -0.044695 0.065689 0.16404 -0.019985 0.085276 -0.24453 -0.22176 -0.091302 0.15208 -0.20127 -0.066944 -0.22052 -0.27731 -0.14743 0.14583 -0.26342 -0.12087 -0.10464 0.028392 -0.44289 0.098252 0.028647 -0.43782 -0.12824 0.089706 -0.77028 0.094625 0.1273 -0.75679 -0.16279 0.095414 -0.85785 0.1591 0.094651 -0.81628 -0.019832 -0.048786 0.59549
-0.17036 0.020724 0.30705 0.10803 0.013525 0.34189 -0.041698 0.0066892 0.40706 -0.0085195 -0.00062844 0.068063 -0.046534 -0.0017538 -0.058537 0.053979 -0.0017538 -0.051752 -0.26232 -0.041818 0.065661 0.15849 -0.020127 0.08312 -0.24646 -0.21702 -0.093194 0.14571 -0.19908 -0.071725 -0.22304 -0.27339 -0.14883 0.13869 -0.25982 -0.1272 -0.10589 0.033733 -0.44215 0.094297 0.032119 -0.43797 -0.13124 0.094853 -0.76944 0.091462 0.13025 -0.75711 -0.16706 0.10385 -0.85675 0.15581 0.097404 -0.81663 -0.019876 -0.046972 0.59564
-0.16864 0.020708 0.30654 0.1088 0.012526 0.34082 -0.040462 0.0066875 0.40718 -0.0083621 -0.00067168 0.068082 -0.046757 -0.0017904 -0.058357 0.053934 -0.0017904 -0.051797 -0.26395 -0.037845 0.065395 0.15484 -0.019168 0.080949 -0.24609 -0.20898 -0.097539 0.14332 -0.19447 -0.07817 -0.22305 -0.26497 -0.15404 0.13489 -0.2542 -0.13498 -0.10719 0.037906 -0.4414 0.090382 0.035494 -0.4381 -0.13479 0.099807 -0.76833 0.088302 0.13343 -0.7573 -0.16749 0.098303 -0.85434 0.15247 0.10012 -0.81674 -0.018513 -0.047525 0.59557
-0.16607 0.019987 0.30696 0.11085 0.011075 0.3398 -0.037837 0.0053531 0.40744 -0.0080327 -0.00088331 0.068118 -0.047092 -0.0016863 -0.058091 0.053871 -0.0016863 -0.051866 -0.26226 -0.032938 0.064856 0.15354 -0.017113 0.078934 -0.24338 -0.19743 -0.1046 0.14545 -0.18703 -0.086203 -0.22055 -0.25077 -0.16394 0.1352 -0.24555 -0.14436 -0.1082 0.040821 -0.44072 0.086666 0.03877 -0.43817 -0.13876 0.10445 -0.76703 0.085226 0.13681 -0.75735 -0.16375 0.079313 -0.84958 0.14918 0.10275 -0.8166 -0.015519 -0.050429 0.59533
-0.16307 0.01864 0.30768 0.11343 0.0090997 0.33874 -0.034616 0.0031582 0.40776 -0.007617 -0.0012094 0.068162 -0.047502 -0.0014914 -0.057761 0.053787 -0.0014914 -0.051959 -0.25831 -0.026835 0.063728 0.15283 -0.014591 0.076939 -0.23977 -0.18252 -0.11396 0.14904 -0.1763 -0.096311 -0.21769 -0.23063 -0.17762 0.13747 -0.23136 -0.1571 -0.10907 0.04294 -0.44009 0.083201 0.042118 -0.43819 -0.14283 0.10889 -0.76566 0.082159 0.14021 -0.75736 -0.15838 0.057811 -0.84163 0.14592 0.10528 -0.81632 -0.011422 -0.054253 0.59505
-0.16009 0.016765 0.30813 0.11583 0.0065738 0.33761 -0.031564 0.00054502 0.40802 -0.0071986 -0.0015997 0.0682 -0.047948 -0.0012526 -0.057396 0.053679 -0.0012526 -0.052078 -0.25315 -0.019298 0.061794 0.15114 -0.012165 0.074867 -0.2366 -0.16434 -0.12512 0.15124 -0.16185 -0.10879 -0.21646 -0.20467 -0.19393 0.13964 -0.20962 -0.17447 -0.10995 0.044565 -0.43951 0.080013 0.045697 -0.43814 -0.14677 0.11324 -0.76428 0.079006 0.14347 -0.75741 -0.15401 0.044162 -0.83021 0.14262 0.10775 -0.81605 -0.0068293 -0.057701 0.59486
-0.15745 0.014574 0.30855 0.11793 0.0038542 0.33658 -0.028858 -0.0024902 0.40822 -0.0068034 -0.0020589 0.068229 -0.048366 -0.00097049 -0.057051 0.053521 -0.00097049 -0.052247 -0.24728 -0.010466 0.059638 0.14904 -0.0096655 0.072984 -0.23383 -0.14235 -0.13707 0.15234 -0.14362 -0.12244 -0.21673 -0.1744 -0.21087 0.14156 -0.1822 -0.19401 -0.11099 0.04469 -0.43909 0.076988 0.04951 -0.43805 -0.15085 0.11748 -0.76262 0.075595 0.14652 -0.75755 -0.15287 0.040587 -0.81925 0.13908 0.11031 -0.81603 -0.0025861 -0.061 0.59476
-0.15545 0.012326 0.30951 0.1199 0.0014577 0.3359 -0.026429 -0.0061381 0.40833 -0.0064332 -0.0026143 0.068244 -0.04868 -0.00062621 -0.056788 0.053284 -0.00062621 -0.052492 -0.24093 -0.00063421 0.05818 0.14799 -0.0066192 0.071707 -0.23082 -0.11576 -0.14862 0.15394 -0.12171 -0.13539 -0.21749 -0.14192 -0.22608 0.1439 -0.15259 -0.21167 -0.11232 0.04176 -0.43901 0.073955 0.053495 -0.43796 -0.15559 0.12149 -0.7603 0.071722 0.1493 -0.75781 -0.15693 0.045856 -0.81439 0.13503 0.11319 -0.81653 0.00036643 -0.065018 0.59469
-0.15424 0.010175 0.31124 0.12175 -0.00037527 0.33572 -0.024299 -0.010404 0.40837 -0.0061026 -0.0032665 0.068245 -0.048855 -0.00021686 -0.056641 0.052968 -0.00021686 -0.052812 -0.23453 0.0097614 0.057941 0.14861 -0.0028041 0.07126 -0.22737 -0.084754 -0.15878 0.15702 -0.096479 -0.14624 -0.21818 -0.10858 -0.238 0.14727 -0.12289 -0.22481 -0.11386 0.034986 -0.43932 0.070837 0.057534 -0.43789 -0.16095 0.12473 -0.75725 0.067304 0.15184 -0.75817 -0.16624 0.05706 -0.81795 0.13035 0.11648 -0.81762 0.001571 -0.070339 0.59454
-0.15375 0.0080434 0.31322 0.12326 -0.0019992 0.33591 -0.022687 -0.014893 0.40833 -0.0058545 -0.0039577 0.068231 -0.048933 0.00022597 -0.056574 0.052646 0.00022597 -0.053135 -0.22892 0.019984 0.058599 0.14975 0.0014586 0.071444 -0.22418 -0.051633 -0.167 0.16126 -0.068845 -0.15457 -0.21918 -0.074054 -0.24675 0.15219 -0.092098 -0.23382 -0.11512 0.02523 -0.43987 0.067761 0.061379 -0.43781 -0.16574 0.12567 -0.75414 0.06252 0.15429 -0.75848 -0.1766 0.067706 -0.82522 0.12522 0.11996 -0.8189 0.0016094 -0.076926 0.59402
-0.15384 0.0058271 0.31484 0.12419 -0.0038452 0.33635 -0.021841 -0.019161 0.40822 -0.0057354 -0.0046231 0.068202 -0.048965 0.00066622 -0.056542 0.052398 0.00066622 -0.053379 -0.225 0.029259 0.059717 0.15 0.0057773 0.072007 -0.22208 -0.018965 -0.17281 0.16616 -0.039803 -0.16006 -0.22097 -0.037823 -0.25269 0.15915 -0.058805 -0.23946 -0.11556 0.013566 -0.44045 0.064882 0.064768 -0.43767 -0.1686 0.12264 -0.75175 0.05758 0.15684 -0.75855 -0.18326 0.07084 -0.83054 0.11985 0.12339 -0.81992 0.0011975 -0.084664 0.59283
-0.15439 0.0034203 0.31549 0.12428 -0.0063444 0.33689 -0.022006 -0.022762 0.40803 -0.0057918 -0.0051974 0.068157 -0.049007 0.0010679 -0.0565 0.052307 0.0010679 -0.053463 -0.22366 0.036812 0.060862 0.14795 0.0097603 0.072693 -0.22189 0.010678 -0.17574 0.17122 -0.010348 -0.16239 -0.22407 0.00063956 -0.25617 0.16867 -0.021614 -0.24252 -0.11462 0.0010664 -0.44087 0.062354 0.067439 -0.43745 -0.16818 0.114 -0.75086 0.052698 0.15966 -0.75822 -0.18148 0.059506 -0.82827 0.11449 0.1265 -0.82024 0.0010511 -0.093437 0.59067
-0.1553 0.00071755 0.31455 0.12329 -0.009928 0.33738 -0.023428 -0.02525 0.40778 -0.0060701 -0.0056157 0.068097 -0.049109 0.0013948 -0.056404 0.052454 0.0013948 -0.053308 -0.22579 0.041866 0.061599 0.1422 0.013016 0.073251 -0.22443 0.034728 -0.17529 0.17595 0.018527 -0.16127 -0.22895 0.041856 -0.25756 0.18122 0.020877 -0.24377 -0.11176 -0.011193 -0.44093 0.060332 0.06913 -0.4371 -0.16312 0.09808 -0.75223 0.048085 0.16295 -0.75731 -0.16651 0.026749 -0.81274 0.10936 0.12904 -0.81941 0.0018863 -0.10313 0.58725
