-0.20212 0.050265 0.29912 0.055468 -0.022599 0.33318 -0.09485 -0.024569 0.39734 -0.014573 -0.0023099 0.066991 -0.051685 -0.00335 -0.053967 0.060973 -0.00335 -0.043199 -0.24302 0.07611 0.037757 0.098098 -0.007062 0.071282 -0.22665 -0.085196 -0.13511 0.017125 -0.15607 -0.094276 -0.25581 -0.079714 -0.2123 0.01912 -0.15069 -0.17678 -0.16978 -0.27702 -0.30517 0.0057602 -0.30132 -0.28837 -0.16846 -0.26999 -0.639 0.040056 -0.27584 -0.61953 -0.19205 -0.3278 -0.70873 0.077744 -0.30263 -0.70091 -0.087718 -0.0681 0.58962
-0.20415 0.040053 0.30194 0.054305 -0.033755 0.33435 -0.097249 -0.041197 0.3949 -0.015274 -0.0044116 0.066718 -0.051461 -0.0026559 -0.054215 0.061251 -0.0026559 -0.042845 -0.2426 0.062771 0.038623 0.098887 -0.0088934 0.073903 -0.22621 -0.095717 -0.1365 0.017051 -0.15562 -0.093277 -0.25987 -0.083034 -0.20907 0.019602 -0.14971 -0.1759 -0.16857 -0.27656 -0.30564 0.0067465 -0.29995 -0.289 -0.16742 -0.26922 -0.63946 0.041463 -0.27401 -0.62007 -0.19092 -0.32681 -0.7094 0.075438 -0.30432 -0.7017 -0.092725 -0.0861 0.58705
-0.20489 0.03297 0.30418 0.053813 -0.040681 0.3351 -0.098347 -0.052984 0.39334 -0.015794 -0.006241 0.066456 -0.051322 -0.0019732 -0.054377 0.061485 -0.0019732 -0.042548 -0.24156 0.063354 0.041723 0.099208 -0.011343 0.075165 -0.22525 -0.097692 -0.13095 0.016334 -0.15611 -0.093211 -0.26275 -0.081354 -0.20122 0.019887 -0.14865 -0.17564 -0.16692 -0.27629 -0.30604 0.0080271 -0.29874 -0.28957 -0.16595 -0.26867 -0.63985 0.04307 -0.27231 -0.62057 -0.18932 -0.32605 -0.71001 0.074005 -0.30547 -0.70233 -0.096568 -0.10045 0.5849
-0.20486 0.027803 0.30569 0.053768 -0.044837 0.3355 -0.098576 -0.061257 0.39236 -0.01618 -0.0078697 0.066195 -0.05123 -0.0012784 -0.054487 0.061695 -0.0012784 -0.042273 -0.24024 0.072172 0.045853 0.099217 -0.014188 0.07549 -0.22404 -0.094392 -0.12178 0.015166 -0.15711 -0.09386 -0.26477 -0.076615 -0.19111 0.019994 -0.14743 -0.17588 -0.16507 -0.27612 -0.30638 0.0094293 -0.29761 -0.29007 -0.16431 -0.26822 -0.64018 0.044729 -0.27069 -0.621 -0.1875 -0.32541 -0.71055 0.073166 -0.30616 -0.70279 -0.099395 -0.11215 0.58298
-0.20456 0.02334 0.30632 0.053946 -0.04768 0.33561 -0.098367 -0.067344 0.39163 -0.016477 -0.0093693 0.065924 -0.051143 -0.00054811 -0.054582 0.061905 -0.00054811 -0.041983 -0.23895 0.083541 0.049809 0.09907 -0.017205 0.075302 -0.22284 -0.089086 -0.1123 0.013738 -0.15818 -0.095011 -0.26624 -0.070762 -0.18108 0.019945 -0.14593 -0.1765 -0.16324 -0.27595 -0.30663 0.010781 -0.29649 -0.29048 -0.16273 -0.26777 -0.64043 0.046294 -0.26908 -0.62135 -0.18573 -0.32476 -0.71103 0.072642 -0.30646 -0.70307 -0.10136 -0.12216 0.58107
-0.20451 0.018368 0.30592 0.054123 -0.050669 0.3355 -0.098152 -0.072572 0.39081 -0.016732 -0.010811 0.065632 -0.051023 0.00024112 -0.054696 0.062136 0.00024112 -0.041643 -0.23804 0.091774 0.052387 0.098924 -0.020171 0.075023 -0.22191 -0.085042 -0.10581 0.012242 -0.15886 -0.096446 -0.2675 -0.065737 -0.1735 0.01976 -0.14405 -0.17738 -0.1617 -0.27569 -0.3068 0.011909 -0.29531 -0.29079 -0.16143 -0.26723 -0.64059 0.047619 -0.26745 -0.62161 -0.18427 -0.32399 -0.71143 0.072155 -0.30646 -0.70314 -0.1026 -0.13147 0.57898
-0.20522 0.011676 0.30435 0.054075 -0.055263 0.33523 -0.098362 -0.078269 0.38958 -0.016992 -0.012267 0.065307 -0.05083 0.0011127 -0.054864 0.062408 0.0011127 -0.041217 -0.23783 0.091188 0.052384 0.098935 -0.022863 0.075078 -0.22152 -0.085531 -0.10563 0.01087 -0.15872 -0.097949 -0.26884 -0.063483 -0.17073 0.019459 -0.14171 -0.17838 -0.16067 -0.27525 -0.30686 0.012641 -0.29399 -0.29099 -0.16067 -0.26649 -0.64065 0.048555 -0.26572 -0.62174 -0.18337 -0.32296 -0.71176 0.071425 -0.30623 -0.70301 -0.10327 -0.14107 0.5765
-0.20718 0.0020722 0.30148 0.053582 -0.062893 0.33486 -0.09942 -0.085745 0.38762 -0.017302 -0.013809 0.064938 -0.050524 0.0020908 -0.05512 0.062745 0.0020908 -0.040669 -0.23863 0.076218 0.048622 0.09925 -0.025066 0.07588 -0.22191 -0.093752 -0.11499 0.009804 -0.15734 -0.099305 -0.27061 -0.065918 -0.17505 0.019054 -0.13881 -0.17939 -0.16038 -0.27454 -0.30681 0.01281 -0.29246 -0.29105 -0.16066 -0.26545 -0.64059 0.048961 -0.26385 -0.62175 -0.18329 -0.32155 -0.71201 0.07018 -0.30585 -0.70264 -0.10352 -0.15193 0.57342
-0.2104 -0.01057 0.29744 0.052582 -0.073631 0.33438 -0.10137 -0.095515 0.38478 -0.017673 -0.015541 0.06448 -0.05012 0.0032257 -0.055439 0.063143 0.0032257 -0.039982 -0.2404 0.047295 0.041297 0.099578 -0.027 0.077324 -0.22312 -0.10961 -0.13339 0.0086825 -0.1553 -0.10025 -0.27336 -0.073754 -0.18619 0.018091 -0.13607 -0.18018 -0.16079 -0.27355 -0.30662 0.012486 -0.29069 -0.29096 -0.16135 -0.26408 -0.64039 0.048875 -0.26182 -0.62161 -0.18395 -0.31975 -0.71215 0.068452 -0.30533 -0.70206 -0.10347 -0.16459 0.56958
-0.21415 -0.024854 0.29281 0.05124 -0.085604 0.33367 -0.10373 -0.10696 0.38116 -0.018069 -0.017612 0.063837 -0.04971 0.0046058 -0.05571 0.063569 0.0046058 -0.039163 -0.24253 0.013417 0.032561 0.098997 -0.029497 0.078569 -0.22485 -0.12829 -0.15498 0.0063723 -0.15462 -0.10045 -0.27801 -0.085975 -0.20016 0.015454 -0.13538 -0.1804 -0.1614 -0.27235 -0.30624 0.012079 -0.2887 -0.29068 -0.16224 -0.26239 -0.63999 0.048598 -0.25967 -0.62131 -0.18483 -0.31764 -0.71209 0.066713 -0.30464 -0.70129 -0.10323 -0.17899 0.56484
-0.21764 -0.039269 0.28818 0.049743 -0.096791 0.33259 -0.10596 -0.11936 0.37688 -0.018449 -0.020172 0.062911 -0.049392 0.0063225 -0.055816 0.063984 0.0063225 -0.038223 -0.24437 -0.015757 0.024719 0.09654 -0.033441 0.078716 -0.2268 -0.14462 -0.17348 0.0016799 -0.15744 -0.099567 -0.2855 -0.10143 -0.2127 0.0099743 -0.13868 -0.17968 -0.16168 -0.27106 -0.30561 0.012025 -0.28652 -0.29019 -0.16283 -0.26044 -0.63934 0.048448 -0.25742 -0.62082 -0.18533 -0.31532 -0.71174 0.065467 -0.30369 -0.70039 -0.10287 -0.19502 0.55904
-0.22037 -0.052646 0.28399 0.048207 -0.10581 0.33107 -0.10772 -0.1321 0.37206 -0.018783 -0.023269 0.061654 -0.049215 0.008433 -0.055684 0.064353 0.008433 -0.037173 -0.24553 -0.03337 0.019409 0.091613 -0.039629 0.077146 -0.22876 -0.15483 -0.18451 -0.0060264 -0.16523 -0.097706 -0.29573 -0.11919 -0.22086 0.0010884 -0.14725 -0.17809 -0.16128 -0.26969 -0.30473 0.012583 -0.28414 -0.28949 -0.16275 -0.2582 -0.63843 0.048611 -0.25509 -0.62017 -0.18507 -0.31282 -0.71109 0.065004 -0.30243 -0.69939 -0.10249 -0.21243 0.55212
-0.22283 -0.06502 0.28017 0.046528 -0.11347 0.32924 -0.10931 -0.14486 0.36673 -0.019088 -0.026576 0.060195 -0.049068 0.010876 -0.055388 0.064642 0.010876 -0.036021 -0.24645 -0.042346 0.015944 0.084931 -0.048561 0.074223 -0.23103 -0.1601 -0.19014 -0.015419 -0.17712 -0.096501 -0.30496 -0.13906 -0.22629 -0.0096635 -0.16001 -0.17718 -0.16041 -0.26809 -0.30381 0.013387 -0.28145 -0.28874 -0.16226 -0.25544 -0.63747 0.048796 -0.25252 -0.61949 -0.18432 -0.30989 -0.71034 0.06487 -0.30073 -0.69833 -0.10221 -0.23055 0.54424
-0.22571 -0.076688 0.27648 0.044552 -0.1211 0.32728 -0.1112 -0.15737 0.36092 -0.019385 -0.029687 0.058698 -0.048803 0.013565 -0.055036 0.06482 0.013565 -0.034776 -0.24778 -0.047738 0.013133 0.077495 -0.060674 0.070522 -0.23401 -0.16269 -0.19389 -0.024743 -0.19174 -0.09792 -0.30865 -0.161 -0.23166 -0.020282 -0.17531 -0.17884 -0.15941 -0.26602 -0.30311 0.013933 -0.2783 -0.2881 -0.16175 -0.2519 -0.6367 0.04861 -0.24953 -0.61894 -0.18349 -0.30619 -0.70978 0.064449 -0.29845 -0.69725 -0.10213 -0.24858 0.5356
-0.22958 -0.087994 0.27276 0.042207 -0.12987 0.32535 -0.11371 -0.16944 0.35468 -0.019689 -0.032238 0.057316 -0.048296 0.016413 -0.054717 0.064854 0.016413 -0.033454 -0.25004 -0.054162 0.0099194 0.070324 -0.076112 0.066598 -0.23794 -0.16469 -0.19892 -0.032305 -0.20781 -0.10339 -0.30288 -0.18476 -0.23928 -0.028854 -0.19166 -0.18443 -0.15854 -0.26333 -0.30281 0.013829 -0.27458 -0.28774 -0.16151 -0.24736 -0.63631 0.047748 -0.246 -0.61868 -0.18287 -0.30148 -0.70963 0.063292 -0.29548 -0.69623 -0.10226 -0.26582 0.52642
-0.23383 -0.099726 0.2691 0.04023 -0.13974 0.32322 -0.11597 -0.18133 0.34809 -0.019886 -0.034272 0.056075 -0.047672 0.019335 -0.054318 0.064708 0.019335 -0.032145 -0.25271 -0.062103 0.0065416 0.064598 -0.092289 0.062801 -0.24199 -0.16664 -0.20522 -0.036986 -0.22476 -0.10924 -0.28925 -0.20809 -0.24822 -0.034293 -0.20853 -0.1903 -0.15732 -0.26043 -0.30268 0.01369 -0.27052 -0.28771 -0.16107 -0.24217 -0.63606 0.046704 -0.24215 -0.61877 -0.18193 -0.29615 -0.70961 0.062547 -0.29182 -0.69567 -0.10162 -0.28209 0.51706
-0.23716 -0.11292 0.26573 0.039794 -0.15003 0.32051 -0.11643 -0.19355 0.34125 -0.0198 -0.036057 0.054932 -0.04719 0.022244 -0.053619 0.064347 0.022244 -0.030976 -0.25473 -0.069784 0.0039458 0.061586 -0.10512 0.059366 -0.24466 -0.16825 -0.21104 -0.037985 -0.24241 -0.109 -0.27247 -0.22761 -0.25576 -0.035959 -0.22595 -0.19003 -0.15491 -0.25804 -0.30221 0.014686 -0.26655 -0.288 -0.15953 -0.237 -0.63541 0.046412 -0.23839 -0.6192 -0.17962 -0.29096 -0.70919 0.064235 -0.28756 -0.69615 -0.098701 -0.29751 0.50795
-0.23829 -0.12858 0.26288 0.042051 -0.16004 0.3168 -0.11361 -0.20664 0.33426 -0.019257 -0.037856 0.053845 -0.047105 0.025056 -0.052407 0.063737 0.025056 -0.030074 -0.25504 -0.075446 0.003065 0.062512 -0.11059 0.056522 -0.24453 -0.1692 -0.21463 -0.034535 -0.26055 -0.096393 -0.25717 -0.24 -0.25923 -0.033249 -0.24393 -0.17739 -0.15044 -0.25689 -0.30093 0.017972 -0.26308 -0.28861 -0.15599 -0.23249 -0.63389 0.047798 -0.23515 -0.62 -0.17493 -0.28665 -0.70785 0.070348 -0.28275 -0.6982 -0.092017 -0.31224 0.4995
-0.23671 -0.14678 0.26032 0.047183 -0.16924 0.31188 -0.10716 -0.22048 0.32729 -0.018214 -0.039774 0.052788 -0.047484 0.027623 -0.050709 0.062936 0.027623 -0.029491 -0.25398 -0.078827 0.0040747 0.066864 -0.10776 0.054269 -0.24166 -0.16889 -0.21561 -0.027032 -0.27772 -0.072317 -0.24568 -0.24415 -0.2581 -0.026622 -0.26109 -0.15332 -0.14379 -0.25701 -0.29897 0.02391 -0.25998 -0.28983 -0.15043 -0.22876 -0.63161 0.051248 -0.2321 -0.62143 -0.16773 -0.28327 -0.70575 0.081449 -0.27611 -0.70132 -0.081135 -0.32618 0.49184
-0.23285 -0.16637 0.25724 0.054138 -0.17733 0.30573 -0.098292 -0.2342 0.32054 -0.016798 -0.041713 0.051766 -0.048159 0.029724 -0.048865 0.062117 0.029724 -0.029191 -0.25363 -0.081572 0.0061893 0.071933 -0.099622 0.052314 -0.23806 -0.16634 -0.21532 -0.017354 -0.29086 -0.046817 -0.23736 -0.24175 -0.25461 -0.017885 -0.27432 -0.12785 -0.13573 -0.25762 -0.29729 0.031863 -0.25642 -0.29231 -0.14387 -0.22517 -0.62952 0.056465 -0.22806 -0.62409 -0.159 -0.27999 -0.70391 0.096293 -0.26473 -0.70366 -0.066974 -0.339 0.48473
-0.2272 -0.18613 0.25281 0.061785 -0.18403 0.29838 -0.088282 -0.24687 0.31424 -0.015147 -0.043563 0.050781 -0.048945 0.03113 -0.047231 0.061463 0.03113 -0.029126 -0.25621 -0.085442 0.0085612 0.074867 -0.089405 0.050343 -0.23584 -0.16055 -0.2152 -0.007469 -0.2968 -0.030527 -0.23137 -0.23466 -0.25118 -0.0089296 -0.28042 -0.11157 -0.12708 -0.25784 -0.29689 0.041125 -0.25151 -0.29677 -0.1374 -0.22108 -0.6286 0.063107 -0.22176 -0.62861 -0.14977 -0.27594 -0.70342 0.11352 -0.2456 -0.70327 -0.050537 -0.35034 0.4779
-0.22003 -0.20486 0.24658 0.069263 -0.18918 0.28989 -0.078007 -0.25801 0.30833 -0.013364 -0.045251 0.049823 -0.049715 0.031733 -0.046032 0.061099 0.031733 -0.029237 -0.26258 -0.091487 0.010484 0.073808 -0.079752 0.047996 -0.23621 -0.15122 -0.21627 0.0010777 -0.29374 -0.030691 -0.22679 -0.22474 -0.24954 -0.001241 -0.27753 -0.11174 -0.1185 -0.25724 -0.29823 0.05104 -0.24485 -0.30339 -0.13181 -0.21627 -0.62932 0.070753 -0.2126 -0.63514 -0.14088 -0.27079 -0.70478 0.13169 -0.21763 -0.69892 -0.032778 -0.35989 0.47114
-0.21098 -0.22127 0.23936 0.076538 -0.19304 0.2805 -0.067086 -0.26847 0.30195 -0.011442 -0.046827 0.048834 -0.050517 0.031783 -0.045095 0.060979 0.031783 -0.029411 -0.26955 -0.098571 0.011679 0.069921 -0.071504 0.044753 -0.23755 -0.14016 -0.21832 0.0080425 -0.28406 -0.044226 -0.22241 -0.21386 -0.24937 0.0049456 -0.26804 -0.12528 -0.11005 -0.25655 -0.30022 0.06109 -0.23746 -0.31089 -0.12687 -0.21189 -0.63067 0.078726 -0.20192 -0.64242 -0.13247 -0.26599 -0.70675 0.14917 -0.18572 -0.6916 -0.014498 -0.3675 0.46439
-0.19951 -0.23411 0.23221 0.08373 -0.19595 0.2705 -0.054901 -0.27936 0.2941 -0.0093553 -0.04836 0.047748 -0.051433 0.031597 -0.044168 0.061026 0.031597 -0.029525 -0.27313 -0.10514 0.01195 0.064951 -0.065159 0.04007 -0.2377 -0.1296 -0.22088 0.013429 -0.27095 -0.066086 -0.21698 -0.20386 -0.25 0.0096321 -0.25512 -0.14716 -0.10172 -0.25677 -0.30145 0.070785 -0.23063 -0.31768 -0.12217 -0.20932 -0.63132 0.086303 -0.19148 -0.64891 -0.12456 -0.26327 -0.70775 0.16429 -0.1559 -0.68266 0.0035328 -0.37303 0.45763
-0.18556 -0.24222 0.22612 0.090779 -0.19829 0.26028 -0.041257 -0.29148 0.28405 -0.0071352 -0.049898 0.046521 -0.052491 0.03149 -0.04305 0.061146 0.03149 -0.029476 -0.27015 -0.10963 0.011261 0.06059 -0.061022 0.033739 -0.23491 -0.12135 -0.22338 0.017199 -0.25719 -0.09123 -0.2096 -0.19616 -0.25076 0.012793 -0.24154 -0.17235 -0.093708 -0.25855 -0.30082 0.079458 -0.22544 -0.32238 -0.11753 -0.20954 -0.63026 0.092655 -0.1828 -0.65328 -0.11737 -0.26387 -0.70655 0.17534 -0.13376 -0.67366 0.020263 -0.37643 0.45093
-0.17255 -0.24534 0.22164 0.096163 -0.20058 0.25117 -0.029403 -0.30297 0.27356 -0.0052724 -0.051287 0.045278 -0.053298 0.031745 -0.041954 0.061137 0.031745 -0.029299 -0.26384 -0.11027 0.010857 0.058134 -0.057844 0.028294 -0.23078 -0.11395 -0.22449 0.018985 -0.24237 -0.11467 -0.2025 -0.18853 -0.25139 0.014175 -0.22687 -0.19585 -0.088156 -0.25978 -0.29972 0.085022 -0.22159 -0.32517 -0.11458 -0.21002 -0.62886 0.096081 -0.17566 -0.65572 -0.11266 -0.26483 -0.70484 0.18052 -0.12131 -0.66741 0.032392 -0.37832 0.44491
-0.16561 -0.24367 0.2191 0.097653 -0.2034 0.24496 -0.02425 -0.31073 0.26555 -0.0044807 -0.05228 0.04423 -0.053252 0.032632 -0.041289 0.060743 0.032632 -0.029095 -0.26057 -0.10523 0.012603 0.058685 -0.053623 0.027596 -0.22848 -0.1043 -0.22251 0.01826 -0.22454 -0.13145 -0.19938 -0.17698 -0.25178 0.01342 -0.20914 -0.21262 -0.088139 -0.25705 -0.30072 0.084696 -0.21803 -0.327 -0.11584 -0.20656 -0.62963 0.094462 -0.16902 -0.65714 -0.11295 -0.26116 -0.70568 0.17792 -0.11885 -0.66733 0.035533 -0.37963 0.4405
-0.16967 -0.23743 0.21881 0.093116 -0.20735 0.24339 -0.030523 -0.31176 0.26288 -0.0054456 -0.052637 0.04358 -0.05178 0.034402 -0.041451 0.059718 0.034402 -0.028963 -0.26649 -0.092767 0.018296 0.063283 -0.046445 0.035345 -0.23109 -0.089482 -0.21581 0.014539 -0.20185 -0.13681 -0.20383 -0.15769 -0.25185 0.010201 -0.18644 -0.21787 -0.0966 -0.24707 -0.30632 0.075842 -0.21376 -0.32879 -0.12369 -0.19509 -0.63502 0.085791 -0.16185 -0.65848 -0.12064 -0.24806 -0.71205 0.16577 -0.12657 -0.67673 0.025493 -0.38129 0.43861
-0.18398 -0.22807 0.22031 0.083326 -0.21244 0.24605 -0.047248 -0.30644 0.26548 -0.0080109 -0.052388 0.043347 -0.04908 0.03684 -0.042396 0.058185 0.03684 -0.028921 -0.28166 -0.074316 0.027547 0.071192 -0.037045 0.050389 -0.23825 -0.070349 -0.20496 0.0086422 -0.17534 -0.13171 -0.21507 -0.13161 -0.25168 0.0052558 -0.15982 -0.21261 -0.11251 -0.23023 -0.31651 0.059882 -0.20834 -0.33114 -0.13735 -0.17588 -0.64498 0.071389 -0.1537 -0.66032 -0.13478 -0.22586 -0.72387 0.14569 -0.14157 -0.69472 0.0039785 -0.38369 0.43896
-0.20137 -0.21837 0.22225 0.072332 -0.21809 0.25023 -0.06704 -0.29895 0.27003 -0.011072 -0.051867 0.043346 -0.046223 0.0392 -0.043585 0.056682 0.0392 -0.028894 -0.29927 -0.054882 0.037517 0.079675 -0.029138 0.06611 -0.24569 -0.052073 -0.19304 0.0028574 -0.14937 -0.12353 -0.22747 -0.10513 -0.25152 0.00051132 -0.13361 -0.20441 -0.13039 -0.21109 -0.32842 0.042815 -0.20202 -0.33424 -0.15246 -0.15409 -0.65664 0.056326 -0.14476 -0.66291 -0.15066 -0.20076 -0.73761 0.12309 -0.1575 -0.71575 -0.020668 -0.38661 0.44
-0.21434 -0.21122 0.22323 0.064352 -0.22365 0.25305 -0.082172 -0.29367 0.27303 -0.013474 -0.051424 0.043378 -0.044324 0.040709 -0.044455 0.055765 0.040709 -0.0288 -0.31214 -0.039658 0.045235 0.085893 -0.026595 0.075604 -0.24895 -0.040046 -0.18323 -0.00045278 -0.12843 -0.12001 -0.23515 -0.084879 -0.25164 -0.0020423 -0.11231 -0.20118 -0.14449 -0.19446 -0.33902 0.030881 -0.19504 -0.33829 -0.16445 -0.13513 -0.66701 0.045867 -0.1353 -0.66646 -0.16335 -0.17923 -0.74958 0.10361 -0.16784 -0.73399 -0.039754 -0.38981 0.44008
-0.21832 -0.20828 0.22251 0.061912 -0.22866 0.25283 -0.087913 -0.29328 0.27236 -0.014502 -0.051282 0.043311 -0.044 0.040952 -0.044675 0.055725 0.040952 -0.028619 -0.31588 -0.031778 0.048909 0.08813 -0.031414 0.074981 -0.24551 -0.037278 -0.1775 -0.00063155 -0.11458 -0.12588 -0.23471 -0.075143 -0.25194 -0.0019369 -0.098085 -0.20765 -0.1512 -0.18323 -0.34644 0.027796 -0.18764 -0.34333 -0.1704 -0.12232 -0.6742 0.043139 -0.12554 -0.67105 -0.16973 -0.16525 -0.75748 0.090752 -0.16864 -0.74572 -0.047983 -0.39303 0.43826
-0.2166 -0.20795 0.22108 0.063006 -0.23301 0.25106 -0.087525 -0.29579 0.26952 -0.014615 -0.05133 0.043187 -0.04453 0.040468 -0.044546 0.056127 0.040468 -0.028487 -0.31357 -0.028873 0.049903 0.087684 -0.040587 0.06841 -0.23799 -0.040402 -0.17454 -0.0015828 -0.1033 -0.13782 -0.22956 -0.073845 -0.25129 -0.0027715 -0.08674 -0.21991 -0.15251 -0.17533 -0.35182 0.030534 -0.17996 -0.34901 -0.17183 -0.11341 -0.67937 0.045547 -0.11573 -0.67633 -0.17152 -0.15605 -0.76277 0.082361 -0.16296 -0.75279 -0.04913 -0.39592 0.43545
-0.21376 -0.20814 0.2202 0.064879 -0.23669 0.24974 -0.085592 -0.2985 0.26664 -0.014465 -0.051398 0.043077 -0.044972 0.039954 -0.044472 0.056421 0.039954 -0.028567 -0.30948 -0.027666 0.050101 0.086348 -0.050276 0.061391 -0.22988 -0.044999 -0.17247 -0.0079647 -0.088987 -0.15121 -0.22417 -0.077864 -0.24844 -0.0088175 -0.073059 -0.23267 -0.15136 -0.16784 -0.3568 0.034951 -0.17213 -0.3549 -0.17095 -0.10521 -0.68419 0.049549 -0.10614 -0.68189 -0.17123 -0.14778 -0.76756 0.075349 -0.15497 -0.75796 -0.048472 -0.39815 0.43285
-0.21375 -0.20704 0.22095 0.065184 -0.23969 0.25058 -0.086059 -0.29907 0.26557 -0.014615 -0.051341 0.043046 -0.04453 0.040003 -0.044795 0.056148 0.040003 -0.028978 -0.30736 -0.025388 0.051096 0.085699 -0.057102 0.058711 -0.22423 -0.047218 -0.16975 -0.022459 -0.067861 -0.16154 -0.22242 -0.084221 -0.24253 -0.022488 -0.053438 -0.24104 -0.15032 -0.15827 -0.36282 0.037435 -0.16415 -0.36067 -0.16979 -0.094981 -0.69008 0.052042 -0.096896 -0.6874 -0.17106 -0.13712 -0.77364 0.067333 -0.14818 -0.76366 -0.050518 -0.39945 0.4315
-0.21614 -0.20516 0.22304 0.064423 -0.24209 0.25327 -0.088393 -0.29776 0.26624 -0.014989 -0.051175 0.043112 -0.043423 0.040473 -0.045439 0.055513 0.040473 -0.029536 -0.30714 -0.022831 0.052458 0.085783 -0.060866 0.060181 -0.22118 -0.047184 -0.16706 -0.033968 -0.048773 -0.16534 -0.22377 -0.090964 -0.23564 -0.03324 -0.035568 -0.24316 -0.14962 -0.14699 -0.36977 0.038067 -0.1553 -0.36644 -0.16874 -0.083087 -0.69693 0.052963 -0.087338 -0.69302 -0.17098 -0.12461 -0.78079 0.06085 -0.14127 -0.77002 -0.054428 -0.40013 0.43128
-0.21861 -0.20395 0.22557 0.064312 -0.24403 0.25659 -0.090159 -0.29598 0.26777 -0.015242 -0.050986 0.043272 -0.042303 0.040911 -0.046147 0.054999 0.040911 -0.029928 -0.30712 -0.0223 0.052896 0.085995 -0.062727 0.063493 -0.21961 -0.04671 -0.166 -0.025524 -0.045966 -0.15954 -0.22584 -0.096574 -0.23113 -0.025009 -0.031946 -0.23841 -0.14847 -0.13562 -0.37689 0.038499 -0.14453 -0.37255 -0.16753 -0.071207 -0.70395 0.053543 -0.076469 -0.6991 -0.17006 -0.11247 -0.78795 0.060532 -0.13089 -0.77614 -0.057083 -0.40078 0.43155
-0.21893 -0.20486 0.22769 0.066541 -0.2456 0.25939 -0.088962 -0.2951 0.26932 -0.015033 -0.050855 0.043524 -0.041802 0.040877 -0.046664 0.055069 0.040877 -0.029858 -0.30562 -0.026052 0.051168 0.085769 -0.063812 0.066384 -0.2184 -0.047578 -0.16814 0.018981 -0.072942 -0.14122 -0.22628 -0.099617 -0.23219 0.01749 -0.05451 -0.22609 -0.14609 -0.12574 -0.38341 0.040344 -0.13084 -0.37932 -0.1659 -0.060988 -0.71038 0.054982 -0.063316 -0.70599 -0.16737 -0.10282 -0.79406 0.070768 -0.11379 -0.78119 -0.055424 -0.40194 0.43174
-0.21589 -0.20866 0.22932 0.072119 -0.24634 0.26126 -0.083465 -0.29547 0.2707 -0.014153 -0.050814 0.04387 -0.042128 0.040318 -0.04684 0.055688 0.040318 -0.029461 -0.3018 -0.035088 0.047295 0.085435 -0.064458 0.067809 -0.2167 -0.050648 -0.17334 0.095441 -0.12582 -0.11053 -0.22394 -0.10055 -0.23889 0.091185 -0.10183 -0.203 -0.14219 -0.11794 -0.38895 0.044123 -0.1143 -0.38673 -0.16373 -0.053231 -0.71583 0.057566 -0.047598 -0.71362 -0.16278 -0.096418 -0.79876 0.090191 -0.089703 -0.78526 -0.047988 -0.40347 0.43191
-0.20939 -0.2154 0.23113 0.081379 -0.24522 0.26258 -0.073396 -0.29646 0.27243 -0.012525 -0.050841 0.044315 -0.043058 0.039562 -0.04662 0.056317 0.039562 -0.029297 -0.29562 -0.049156 0.042551 0.086225 -0.064209 0.067941 -0.21389 -0.055857 -0.17978 0.17953 -0.18333 -0.070667 -0.21889 -0.10172 -0.24813 0.17465 -0.15912 -0.16343 -0.13688 -0.11183 -0.39348 0.049266 -0.096056 -0.39443 -0.16106 -0.047889 -0.72032 0.060671 -0.029717 -0.72147 -0.15693 -0.092583 -0.80237 0.11168 -0.061304 -0.78934 -0.034901 -0.40458 0.43284
-0.19938 -0.22514 0.23384 0.09462 -0.2412 0.26375 -0.05853 -0.2974 0.27504 -0.010077 -0.05091 0.044864 -0.044352 0.038953 -0.045956 0.0564 0.038953 -0.029944 -0.2871 -0.067947 0.038269 0.089407 -0.062576 0.067005 -0.20937 -0.063105 -0.18559 0.24608 -0.22347 -0.024994 -0.21124 -0.10554 -0.25668 0.2457 -0.21102 -0.10161 -0.13035 -0.10699 -0.39699 0.055156 -0.077307 -0.40205 -0.15794 -0.044879 -0.7239 0.063632 -0.010108 -0.72901 -0.15049 -0.090593 -0.80526 0.12786 -0.031405 -0.7945 -0.016361 -0.40446 0.4353
-0.18548 -0.23752 0.2377 0.11156 -0.23322 0.26501 -0.038792 -0.29746 0.2788 -0.006774 -0.050935 0.045515 -0.045892 0.03862 -0.044803 0.055654 0.03862 -0.031706 -0.27582 -0.090884 0.03518 0.095426 -0.058842 0.065207 -0.20282 -0.072638 -0.18973 0.28044 -0.23246 0.022696 -0.20126 -0.11338 -0.26268 0.29089 -0.24529 -0.018681 -0.12271 -0.10346 -0.39939 0.060899 -0.05895 -0.40929 -0.1543 -0.044465 -0.7265 0.065428 0.010573 -0.73586 -0.14374 -0.09027 -0.80755 0.13391 -0.0024204 -0.80125 0.0074965 -0.40205 0.43971
-0.16667 -0.2512 0.24194 0.13058 -0.22032 0.26614 -0.014467 -0.29551 0.28334 -0.0026647 -0.050689 0.046242 -0.047845 0.038185 -0.043124 0.054447 0.038185 -0.034242 -0.26042 -0.11676 0.032613 0.10279 -0.051763 0.062704 -0.19455 -0.085522 -0.19322 0.29258 -0.21579 0.067552 -0.18953 -0.12408 -0.26748 0.31739 -0.25698 0.067857 -0.11401 -0.10237 -0.4004 0.064954 -0.041193 -0.41596 -0.14977 -0.047727 -0.72784 0.064193 0.031146 -0.74196 -0.13604 -0.09273 -0.80886 0.13092 0.024163 -0.80891 0.03668 -0.39575 0.44557
-0.1418 -0.26472 0.24562 0.14983 -0.20151 0.26688 0.014113 -0.29037 0.28819 0.0021899 -0.049921 0.047018 -0.05042 0.037196 -0.040883 0.053238 0.037196 -0.037117 -0.23937 -0.14426 0.029698 0.10974 -0.040018 0.059649 -0.18497 -0.10294 -0.19732 0.29605 -0.18173 0.10457 -0.17668 -0.1361 -0.27287 0.33527 -0.24221 0.13819 -0.10429 -0.10503 -0.39974 0.065689 -0.024147 -0.4219 -0.14395 -0.055862 -0.72761 0.057943 0.050359 -0.74729 -0.12661 -0.099274 -0.80871 0.12084 0.046989 -0.81662 0.071217 -0.3839 0.45225
-0.11095 -0.27654 0.24802 0.16739 -0.17674 0.26715 0.045722 -0.28132 0.29296 0.0075761 -0.048466 0.047819 -0.053668 0.035341 -0.038166 0.052414 0.035341 -0.039916 -0.21215 -0.17165 0.025759 0.11487 -0.023144 0.056296 -0.1746 -0.12522 -0.20303 0.3024 -0.13906 0.12987 -0.16347 -0.14779 -0.28024 0.35306 -0.20027 0.17644 -0.093909 -0.11184 -0.3974 0.061953 -0.0079661 -0.42693 -0.13673 -0.069012 -0.72577 0.045558 0.067108 -0.75184 -0.11521 -0.11023 -0.80697 0.10589 0.064798 -0.82356 0.10986 -0.36566 0.45922
-0.081544 -0.28452 0.24953 0.18076 -0.1516 0.26793 0.073746 -0.2705 0.29762 0.012355 -0.046668 0.048646 -0.056707 0.033138 -0.035802 0.051914 0.033138 -0.042349 -0.18411 -0.19441 0.0213 0.11906 -0.0058585 0.053528 -0.1646 -0.14752 -0.20954 0.31122 -0.099774 0.14636 -0.15136 -0.1565 -0.28858 0.36963 -0.14973 0.19059 -0.085338 -0.11786 -0.39523 0.055526 0.0069357 -0.4309 -0.12988 -0.080937 -0.72411 0.031139 0.081197 -0.75554 -0.10469 -0.12004 -0.80538 0.089861 0.076886 -0.82916 0.14365 -0.34527 0.4663
-0.063767 -0.28631 0.25102 0.1872 -0.13381 0.27059 0.089553 -0.26109 0.3023 0.015043 -0.045062 0.049509 -0.058303 0.031418 -0.034895 0.051513 0.031418 -0.044171 -0.16284 -0.20702 0.017268 0.12402 0.0051826 0.052462 -0.15636 -0.16308 -0.21538 0.31764 -0.077063 0.15949 -0.14208 -0.15924 -0.29594 0.38025 -0.11636 0.19754 -0.081808 -0.11615 -0.3957 0.049285 0.020046 -0.43366 -0.12585 -0.083014 -0.72505 0.020742 0.092769 -0.75834 -0.0991 -0.12093 -0.80642 0.077173 0.082759 -0.83294 0.16074 -0.32889 0.4735
-0.067215 -0.27971 0.25328 0.18415 -0.13065 0.27643 0.085025 -0.2561 0.30711 0.014243 -0.044152 0.050418 -0.057294 0.030963 -0.036484 0.051002 0.030963 -0.045149 -0.1555 -0.20429 0.01457 0.13134 0.0036897 0.054137 -0.15122 -0.16545 -0.21914 0.31705 -0.083324 0.17433 -0.13727 -0.15318 -0.30047 0.38043 -0.12445 0.21317 -0.08632 -0.10016 -0.40117 0.045988 0.030882 -0.43506 -0.12691 -0.067119 -0.73088 0.020119 0.10197 -0.76016 -0.10222 -0.10558 -0.81239 0.072013 0.082047 -0.83448 0.14999 -0.32228 0.48082
-0.09042 -0.26522 0.25641 0.17249 -0.14105 0.28492 0.061689 -0.25513 0.31215 0.010225 -0.043891 0.051374 -0.053884 0.031657 -0.04035 0.05049 0.031657 -0.045271 -0.16158 -0.18754 0.013321 0.14031 -0.0096977 0.058119 -0.14942 -0.15447 -0.22065 0.3097 -0.11601 0.18842 -0.13676 -0.13888 -0.302 0.37019 -0.16998 0.2335 -0.097475 -0.070954 -0.41105 0.04618 0.039523 -0.43519 -0.1321 -0.03463 -0.74101 0.029231 0.10903 -0.76104 -0.11283 -0.075182 -0.82269 0.074557 0.0767 -0.83419 0.11378 -0.3244 0.48833
-0.12209 -0.24571 0.25984 0.15609 -0.1566 0.2939 0.029638 -0.25474 0.31753 0.0047398 -0.043738 0.052372 -0.049492 0.032587 -0.045157 0.050375 0.032587 -0.044722 -0.17373 -0.16386 0.012938 0.14814 -0.028186 0.062663 -0.15026 -0.13554 -0.22085 0.30014 -0.15929 0.19264 -0.13876 -0.11986 -0.30179 0.35352 -0.22384 0.23694 -0.10996 -0.036359 -0.42214 0.048439 0.046543 -0.43439 -0.13757 0.0046422 -0.75225 0.042904 0.11423 -0.76109 -0.12527 -0.038437 -0.83411 0.081411 0.070722 -0.83321 0.066438 -0.32816 0.49618
-0.15063 -0.22417 0.26299 0.13895 -0.16862 0.30117 -0.00075987 -0.25142 0.32333 -0.00041693 -0.043137 0.053404 -0.045576 0.032812 -0.049531 0.051062 0.032812 -0.043692 -0.18442 -0.14049 0.012814 0.15201 -0.044786 0.065983 -0.15298 -0.11426 -0.22071 0.29309 -0.19694 0.17771 -0.14143 -0.099751 -0.30119 0.33457 -0.25612 0.20142 -0.11834 -0.0044139 -0.43116 0.051279 0.052536 -0.43296 -0.13937 0.040617 -0.76137 0.055795 0.11785 -0.76044 -0.13378 -0.0043021 -0.84338 0.089067 0.068182 -0.83274 0.022689 -0.32627 0.50451
-0.16891 -0.20271 0.26559 0.12386 -0.17199 0.30552 -0.022945 -0.24325 0.32958 -0.004125 -0.041799 0.054456 -0.043087 0.031816 -0.052593 0.052669 0.031816 -0.042405 -0.18911 -0.12202 0.012643 0.15047 -0.055267 0.067039 -0.15667 -0.09442 -0.22073 0.29014 -0.2202 0.14359 -0.14338 -0.081072 -0.30091 0.31607 -0.25413 0.12508 -0.11964 0.01993 -0.43621 0.05376 0.057888 -0.43124 -0.13544 0.067132 -0.76647 0.064687 0.12023 -0.75928 -0.13511 0.021704 -0.8486 0.095366 0.071172 -0.83343 -0.0083548 -0.3149 0.51329
-0.17909 -0.18181 0.26803 0.11121 -0.16892 0.30776 -0.038229 -0.23162 0.33611 -0.0066642 -0.039983 0.055492 -0.041935 0.029955 -0.054478 0.05472 0.029955 -0.041143 -0.18957 -0.10742 0.012738 0.14498 -0.061103 0.06633 -0.16003 -0.07615 -0.22045 0.28653 -0.23576 0.10943 -0.14415 -0.064025 -0.30047 0.29791 -0.24063 0.047769 -0.11591 0.038105 -0.43825 0.05608 0.062567 -0.4295 -0.12761 0.086134 -0.76854 0.070752 0.12177 -0.75792 -0.13134 0.041163 -0.85075 0.10095 0.077709 -0.83489 -0.029183 -0.2974 0.52216
-0.18447 -0.16169 0.27077 0.10105 -0.16254 0.30897 -0.048898 -0.21836 0.34273 -0.0084878 -0.038016 0.056475 -0.041901 0.027695 -0.055447 0.056667 0.027695 -0.040199 -0.18835 -0.09497 0.013488 0.13736 -0.064472 0.064543 -0.16175 -0.059114 -0.21928 0.27667 -0.25224 0.096746 -0.14342 -0.048529 -0.29921 0.27965 -0.24282 0.014551 -0.10985 0.052333 -0.43857 0.058572 0.066486 -0.42805 -0.11818 0.10057 -0.76887 0.075707 0.1229 -0.75672 -0.12521 0.056538 -0.85118 0.10679 0.085307 -0.83658 -0.043724 -0.278 0.53071
-0.18791 -0.14258 0.27412 0.093367 -0.15556 0.31003 -0.056979 -0.20503 0.34928 -0.0099874 -0.03617 0.057378 -0.042749 0.025439 -0.055754 0.058052 0.025439 -0.039805 -0.18764 -0.0832 0.01514 0.12922 -0.067213 0.062294 -0.16083 -0.043096 -0.21684 0.25642 -0.27501 0.11963 -0.14101 -0.034526 -0.29669 0.26086 -0.27997 0.056567 -0.10377 0.064556 -0.43832 0.06152 0.069624 -0.42712 -0.10912 0.11299 -0.76861 0.081013 0.12401 -0.75593 -0.11906 0.069965 -0.85105 0.11355 0.091683 -0.83798 -0.055354 -0.26022 0.53862
-0.18998 -0.12461 0.27762 0.087668 -0.14852 0.31094 -0.063125 -0.19187 0.35567 -0.01123 -0.034423 0.058229 -0.04416 0.023275 -0.055606 0.058895 0.023275 -0.039894 -0.18778 -0.071815 0.017196 0.12125 -0.069359 0.05981 -0.1582 -0.028487 -0.21384 0.22906 -0.29251 0.15318 -0.13778 -0.022084 -0.29367 0.24139 -0.32968 0.13184 -0.098041 0.07523 -0.43777 0.064937 0.072299 -0.42661 -0.10076 0.12395 -0.76806 0.086781 0.12528 -0.7555 -0.11325 0.081857 -0.85064 0.12009 0.095643 -0.83865 -0.064556 -0.24387 0.54596
-0.19051 -0.10788 0.2805 0.083309 -0.14129 0.31141 -0.067542 -0.17868 0.36182 -0.012177 -0.03266 0.059075 -0.045788 0.021184 -0.055196 0.059369 0.021184 -0.040295 -0.18853 -0.060917 0.018913 0.11381 -0.070352 0.057191 -0.15534 -0.015884 -0.21136 0.20032 -0.28756 0.15972 -0.13492 -0.011309 -0.29131 0.22117 -0.35595 0.17444 -0.092364 0.084329 -0.43691 0.068743 0.074944 -0.42628 -0.092852 0.13331 -0.76719 0.092682 0.12685 -0.75523 -0.10752 0.092066 -0.8499 0.12473 0.096348 -0.83817 -0.070862 -0.22753 0.55294
-0.18934 -0.092508 0.28209 0.07968 -0.1337 0.31118 -0.070435 -0.16529 0.36766 -0.012792 -0.030771 0.05996 -0.0473 0.019154 -0.054711 0.059646 0.019154 -0.040843 -0.18965 -0.050607 0.019592 0.10728 -0.069682 0.054555 -0.15371 -0.0058472 -0.21039 0.1757 -0.2446 0.10442 -0.13354 -0.0023403 -0.29067 0.20019 -0.32527 0.12296 -0.086479 0.09183 -0.43576 0.072853 0.07796 -0.42593 -0.085195 0.14095 -0.76603 0.098392 0.12884 -0.75495 -0.10161 0.10046 -0.84882 0.12589 0.093069 -0.83614 -0.073858 -0.20989 0.55974
-0.18674 -0.078617 0.28234 0.076696 -0.12573 0.31058 -0.072025 -0.15177 0.37313 -0.013105 -0.028781 0.060867 -0.048533 0.017225 -0.054271 0.059811 0.017225 -0.041441 -0.19116 -0.040947 0.019224 0.10201 -0.067582 0.052251 -0.15384 0.0015895 -0.21098 0.15719 -0.17223 -0.0033321 -0.13406 0.0041754 -0.29166 0.17951 -0.24368 -0.013348 -0.080489 0.097833 -0.43441 0.077061 0.081289 -0.4255 -0.077879 0.14701 -0.76467 0.10368 0.13118 -0.75459 -0.0956 0.10716 -0.84752 0.12385 0.086776 -0.83276 -0.073927 -0.19117 0.5663
-0.18333 -0.066367 0.28174 0.074684 -0.11742 0.31041 -0.072548 -0.13838 0.37816 -0.013194 -0.026821 0.061737 -0.049458 0.015483 -0.053944 0.059882 0.015483 -0.042039 -0.19331 -0.031967 0.018342 0.098384 -0.064874 0.050819 -0.15552 0.0068059 -0.21242 0.144 -0.098149 -0.11926 -0.13628 0.0071941 -0.29321 0.16105 -0.1484 -0.16954 -0.074787 0.10253 -0.4331 0.081069 0.084515 -0.42506 -0.071245 0.1518 -0.76333 0.1084 0.13365 -0.7542 -0.089881 0.11251 -0.84623 0.1204 0.079783 -0.82866 -0.072086 -0.1728 0.57232
-0.17972 -0.055916 0.2808 0.073979 -0.10884 0.31147 -0.072236 -0.12537 0.38267 -0.013138 -0.025022 0.062507 -0.050052 0.014012 -0.053793 0.059877 0.014012 -0.042594 -0.19631 -0.023702 0.017495 0.096768 -0.06239 0.050796 -0.15851 0.010192 -0.21399 0.13526 -0.050419 -0.19839 -0.14001 0.0056736 -0.29428 0.1467 -0.077267 -0.27949 -0.069773 0.10612 -0.43203 0.084574 0.087212 -0.42467 -0.065637 0.15565 -0.76221 0.1124 0.13603 -0.75381 -0.08483 0.11684 -0.84519 0.11736 0.074425 -0.8245 -0.069365 -0.15623 0.57752
-0.17636 -0.047244 0.2799 0.074621 -0.10011 0.31399 -0.071292 -0.11296 0.38664 -0.012988 -0.023458 0.063148 -0.050343 0.012807 -0.053831 0.059813 0.012807 -0.043086 -0.20004 -0.016303 0.017024 0.097119 -0.060492 0.052247 -0.1624 0.012003 -0.21521 0.12983 -0.040855 -0.21949 -0.14473 -0.0001692 -0.29433 0.13711 -0.048612 -0.31088 -0.065728 0.10879 -0.4313 0.087384 0.08925 -0.42436 -0.0613 0.15879 -0.76141 0.11555 0.13829 -0.75344 -0.080727 0.12039 -0.84452 0.1157 0.071978 -0.82069 -0.066427 -0.14224 0.58174
-0.17338 -0.04002 0.27923 0.076101 -0.091468 0.31708 -0.069861 -0.10123 0.39009 -0.012741 -0.02209 0.063688 -0.050457 0.011698 -0.05398 0.059702 0.011698 -0.043549 -0.20368 -0.01014 0.016904 0.098647 -0.05869 0.054372 -0.16644 0.01225 -0.21605 0.12609 -0.051645 -0.20462 -0.1493 -0.0078195 -0.29381 0.13058 -0.045147 -0.29301 -0.062718 0.11072 -0.43079 0.089504 0.091034 -0.42406 -0.0583 0.16129 -0.76081 0.11782 0.14068 -0.75303 -0.077664 0.12321 -0.84409 0.11492 0.071777 -0.81719 -0.063266 -0.13035 0.58513
-0.17086 -0.033874 0.27896 0.077854 -0.083155 0.31975 -0.068081 -0.090265 0.39303 -0.012388 -0.020867 0.064161 -0.050525 0.010497 -0.054149 0.059556 0.010497 -0.044023 -0.20635 -0.0056034 0.017065 0.10048 -0.056399 0.056279 -0.16984 0.010915 -0.21652 0.12236 -0.061824 -0.18048 -0.15254 -0.014518 -0.29326 0.12518 -0.045792 -0.26178 -0.060784 0.11206 -0.43035 0.090958 0.093027 -0.42369 -0.056682 0.16322 -0.76028 0.11916 0.14349 -0.75255 -0.075715 0.12536 -0.84374 0.11434 0.072951 -0.81392 -0.059804 -0.11997 0.58788
-0.16887 -0.02846 0.27921 0.079403 -0.075387 0.32125 -0.066102 -0.080118 0.3955 -0.011934 -0.019746 0.064596 -0.050657 0.0090707 -0.054265 0.059389 0.0090707 -0.044533 -0.20742 -0.002892 0.017442 0.10192 -0.05321 0.057273 -0.17203 0.0081053 -0.21666 0.11745 -0.055018 -0.16889 -0.15358 -0.018098 -0.29313 0.11944 -0.03393 -0.24655 -0.059886 0.11298 -0.42985 0.091806 0.095555 -0.4232 -0.056382 0.16465 -0.75971 0.1196 0.1469 -0.75196 -0.074861 0.12691 -0.84334 0.11345 0.07471 -0.81082 -0.056034 -0.11058 0.59012
-0.16738 -0.02353 0.27982 0.080674 -0.068197 0.32183 -0.064126 -0.070791 0.39754 -0.011441 -0.01871 0.064992 -0.050842 0.0075328 -0.054323 0.059208 0.0075328 -0.045053 -0.20733 -0.0013082 0.017971 0.10299 -0.049507 0.057558 -0.17336 0.004494 -0.21653 0.11228 -0.035903 -0.1693 -0.15313 -0.019113 -0.29326 0.11398 -0.013405 -0.247 -0.059603 0.11364 -0.4293 0.092264 0.098314 -0.42265 -0.05684 0.16577 -0.7591 0.1195 0.15053 -0.75132 -0.074672 0.12808 -0.84289 0.11234 0.076628 -0.80795 -0.052251 -0.10213 0.59192
-0.16632 -0.018863 0.28059 0.081709 -0.061567 0.32203 -0.062373 -0.062263 0.39918 -0.010987 -0.017754 0.065341 -0.051036 0.0060692 -0.054339 0.059021 0.0060692 -0.045538 -0.20687 0.00010134 0.018588 0.10393 -0.045901 0.057601 -0.17449 0.00091515 -0.21619 0.10845 -0.015188 -0.17478 -0.15232 -0.018896 -0.29336 0.11005 0.0060791 -0.25423 -0.059406 0.11417 -0.42876 0.092594 0.10082 -0.42214 -0.057355 0.1668 -0.75848 0.11931 0.15385 -0.75072 -0.0746 0.12913 -0.84241 0.11132 0.078386 -0.80542 -0.048841 -0.094701 0.59329
-0.16563 -0.014251 0.28131 0.082547 -0.055477 0.32236 -0.061043 -0.054509 0.40048 -0.010645 -0.016868 0.065635 -0.051199 0.0048543 -0.054326 0.058835 0.0048543 -0.045949 -0.20677 0.002232 0.019233 0.10497 -0.042962 0.057834 -0.17602 -0.0018483 -0.21572 0.10741 -0.0029529 -0.17875 -0.15223 -0.018718 -0.29314 0.10877 0.015432 -0.25984 -0.058798 0.1147 -0.42825 0.093041 0.10263 -0.42175 -0.057268 0.16792 -0.75788 0.11947 0.15636 -0.75024 -0.07413 0.13031 -0.84192 0.11065 0.079685 -0.80332 -0.046163 -0.088344 0.59426
-0.16519 -0.0096668 0.2819 0.083216 -0.049852 0.32293 -0.06013 -0.047435 0.40148 -0.010427 -0.01604 0.065879 -0.051316 0.003917 -0.054298 0.05865 0.003917 -0.046283 -0.20721 0.005223 0.019861 0.10619 -0.040728 0.058325 -0.17807 -0.0036803 -0.21516 0.10905 -0.0011221 -0.1793 -0.15322 -0.019057 -0.2926 0.10997 0.013541 -0.26125 -0.0577 0.11528 -0.42779 0.093656 0.10367 -0.4215 -0.056475 0.16917 -0.75731 0.12006 0.15801 -0.74989 -0.073166 0.13166 -0.84143 0.11038 0.080497 -0.80163 -0.044246 -0.082903 0.59488
-0.16491 -0.0052065 0.28236 0.083733 -0.044581 0.32352 -0.05948 -0.040904 0.40224 -0.0103 -0.015252 0.066084 -0.051397 0.0031849 -0.054263 0.058463 0.0031849 -0.046565 -0.20799 0.0086844 0.02044 0.10757 -0.038858 0.058881 -0.18046 -0.0049311 -0.21455 0.1122 -0.0059136 -0.17776 -0.1551 -0.019839 -0.29189 0.11256 0.0048753 -0.26002 -0.056328 0.11585 -0.42739 0.094353 0.10417 -0.42136 -0.055262 0.17047 -0.75679 0.12091 0.15907 -0.74964 -0.071912 0.13309 -0.84097 0.1104 0.080982 -0.80026 -0.042884 -0.078066 0.59527
-0.16464 -0.00096928 0.28269 0.084117 -0.039552 0.32393 -0.058935 -0.034775 0.40284 -0.01023 -0.014489 0.066263 -0.051448 0.0025832 -0.054229 0.058272 0.0025832 -0.046819 -0.20891 0.012216 0.020941 0.1091 -0.037009 0.059304 -0.18298 -0.0059604 -0.21394 0.11567 -0.013429 -0.17553 -0.15772 -0.020975 -0.29121 0.11541 -0.0059826 -0.25777 -0.054903 0.11639 -0.42703 0.095042 0.10433 -0.4213 -0.053925 0.17174 -0.75631 0.12186 0.1598 -0.74946 -0.070573 0.13449 -0.84055 0.11059 0.081307 -0.79914 -0.041869 -0.073517 0.59551
-0.16428 0.0029456 0.2829 0.084384 -0.034653 0.32394 -0.05834 -0.02891 0.40333 -0.010184 -0.013732 0.066427 -0.051479 0.0020372 -0.054207 0.058072 0.0020372 -0.047072 -0.20976 0.015416 0.021332 0.11076 -0.034833 0.059396 -0.18543 -0.0071281 -0.21335 0.11826 -0.019769 -0.17401 -0.16089 -0.022379 -0.29073 0.11741 -0.01445 -0.25611 -0.053645 0.11685 -0.42671 0.095635 0.10438 -0.42129 -0.052758 0.17289 -0.75588 0.12275 0.16049 -0.74932 -0.069359 0.13576 -0.84018 0.11083 0.081636 -0.79815 -0.040991 -0.06894 0.59572
-0.16371 0.0064389 0.283 0.084552 -0.029771 0.32333 -0.057535 -0.023167 0.40378 -0.010128 -0.012966 0.066588 -0.051497 0.0014724 -0.054205 0.057861 0.0014724 -0.047347 -0.21034 0.017885 0.021583 0.11251 -0.031986 0.05896 -0.18759 -0.008794 -0.21283 0.11877 -0.021037 -0.17461 -0.16445 -0.023964 -0.29063 0.11744 -0.015943 -0.25667 -0.052777 0.1172 -0.42644 0.096042 0.10453 -0.4213 -0.052054 0.17384 -0.7555 0.12341 0.16139 -0.74918 -0.068476 0.13681 -0.83987 0.11102 0.082133 -0.79722 -0.040042 -0.06402 0.59598
-0.1628 0.0094115 0.28297 0.084639 -0.024795 0.32191 -0.056366 -0.017409 0.40425 -0.01003 -0.012174 0.066759 -0.051511 0.00081401 -0.054231 0.057635 0.00081401 -0.047671 -0.21044 0.019223 0.021661 0.11435 -0.028121 0.057797 -0.18927 -0.011318 -0.21241 0.11601 -0.013332 -0.17874 -0.16821 -0.025642 -0.29109 0.11439 -0.0058798 -0.26108 -0.052518 0.11739 -0.42619 0.096175 0.10502 -0.4213 -0.05211 0.1745 -0.75517 0.12367 0.16278 -0.74902 -0.068133 0.13754 -0.83966 0.11104 0.082964 -0.79625 -0.038813 -0.058441 0.5964
