-0.11634 0.0047169 0.34847 0.17359 -0.0020073 0.32297 0.034537 -0.018154 0.40736 0.0063398 -0.0058172 0.068055 -0.053414 0.00032511 -0.052363 0.047 0.00032511 -0.058189 -0.16764 -0.021681 0.089003 0.26615 -0.0049328 0.073827 -0.035865 -0.21401 0.046424 0.18323 -0.22301 0.11548 0.032146 -0.25996 0.036287 0.14502 -0.2776 0.16447 -0.069652 0.090799 -0.43117 0.037191 0.07425 -0.44079 -0.053986 0.15066 -0.75929 0.0098869 0.14144 -0.76672 -0.079138 0.099456 -0.83349 0.031563 0.079116 -0.8331 0.028435 -0.1418 0.56094
-0.11632 0.0044127 0.34843 0.17117 -0.0040328 0.31958 0.034543 -0.018472 0.40735 0.0063088 -0.0058086 0.068059 -0.053521 0.00038952 -0.052253 0.046995 0.00038952 -0.058193 -0.16802 -0.020813 0.089103 0.27072 -0.0076553 0.073115 -0.038004 -0.21453 0.046623 0.18887 -0.22562 0.12009 0.028756 -0.26194 0.034883 0.14959 -0.27715 0.17138 -0.069945 0.091075 -0.431 0.037426 0.074709 -0.44072 -0.054209 0.15096 -0.75911 0.010506 0.14166 -0.76673 -0.07936 0.099791 -0.83334 0.032145 0.079378 -0.83316 0.028618 -0.14157 0.56142
-0.11628 0.0040974 0.34839 0.16899 -0.0059928 0.31648 0.034574 -0.018822 0.40734 0.0062832 -0.0058052 0.068062 -0.053625 0.00045492 -0.052145 0.04699 0.00045492 -0.058197 -0.1684 -0.020175 0.089194 0.27504 -0.010726 0.072657 -0.040208 -0.21521 0.046624 0.19443 -0.22827 0.12512 0.025242 -0.26406 0.033343 0.15444 -0.277 0.1786 -0.070229 0.091345 -0.43084 0.03765 0.075163 -0.44066 -0.054432 0.15125 -0.75894 0.011098 0.14188 -0.76674 -0.079582 0.10012 -0.8332 0.032697 0.079635 -0.83322 0.02881 -0.14134 0.56191
-0.11621 0.0037719 0.34835 0.16703 -0.0078884 0.31364 0.034629 -0.019202 0.40733 0.0062628 -0.0058069 0.068064 -0.053726 0.00052119 -0.05204 0.046985 0.00052119 -0.0582 -0.16878 -0.019748 0.089276 0.27912 -0.014127 0.072445 -0.042473 -0.21605 0.046438 0.19992 -0.23097 0.13054 0.021612 -0.26629 0.031677 0.15956 -0.27713 0.18612 -0.070504 0.091609 -0.43068 0.037865 0.075612 -0.44059 -0.054654 0.15154 -0.75877 0.011662 0.1421 -0.76675 -0.079803 0.10045 -0.83306 0.033218 0.079887 -0.83327 0.029009 -0.1411 0.5624
-0.11611 0.0034373 0.34832 0.16528 -0.0097206 0.31105 0.034707 -0.019611 0.40731 0.0062473 -0.0058133 0.068065 -0.053825 0.00058819 -0.051938 0.046981 0.00058819 -0.058202 -0.16915 -0.019512 0.089348 0.28298 -0.017838 0.072471 -0.044796 -0.21703 0.046076 0.20534 -0.23371 0.13633 0.017873 -0.26861 0.029894 0.16493 -0.27753 0.19388 -0.070772 0.091868 -0.43052 0.038069 0.076056 -0.44052 -0.054875 0.15182 -0.75861 0.0122 0.14232 -0.76675 -0.080025 0.10077 -0.83292 0.03371 0.080134 -0.83333 0.029216 -0.14085 0.56291
-0.11599 0.0030944 0.34828 0.16373 -0.011491 0.30872 0.034806 -0.020046 0.40728 0.0062366 -0.0058243 0.068065 -0.053921 0.00065577 -0.051837 0.046978 0.00065577 -0.058205 -0.16952 -0.019447 0.089413 0.28661 -0.021841 0.072727 -0.047172 -0.21811 0.045547 0.2107 -0.23649 0.14243 0.014032 -0.271 0.028001 0.17054 -0.27821 0.20186 -0.071032 0.092121 -0.43037 0.038264 0.076495 -0.44046 -0.055097 0.15209 -0.75845 0.012712 0.14253 -0.76676 -0.080246 0.10109 -0.83279 0.034173 0.080376 -0.83337 0.029429 -0.1406 0.56342
-0.11586 0.0027442 0.34824 0.16238 -0.0132 0.30662 0.034925 -0.020505 0.40725 0.0062303 -0.0058396 0.068064 -0.054014 0.0007238 -0.051739 0.046975 0.0007238 -0.058206 -0.16988 -0.019533 0.08947 0.29003 -0.026116 0.073204 -0.049599 -0.2193 0.044863 0.21601 -0.23932 0.14882 0.010095 -0.27345 0.026007 0.17639 -0.27915 0.21001 -0.071284 0.092369 -0.43022 0.03845 0.076929 -0.44039 -0.055317 0.15237 -0.7583 0.013199 0.14274 -0.76676 -0.080466 0.1014 -0.83266 0.034609 0.080614 -0.83342 0.029649 -0.14035 0.56394
-0.1157 0.0023875 0.34821 0.16121 -0.014848 0.30475 0.035062 -0.020985 0.40722 0.0062283 -0.0058589 0.068063 -0.054105 0.00079213 -0.051644 0.046972 0.00079213 -0.058208 -0.17024 -0.019751 0.08952 0.29324 -0.030645 0.073894 -0.052073 -0.22056 0.044035 0.22127 -0.2422 0.15547 0.0060691 -0.27593 0.023922 0.18245 -0.28036 0.21831 -0.071529 0.092612 -0.43007 0.038626 0.077357 -0.44032 -0.055538 0.15263 -0.75814 0.013661 0.14295 -0.76676 -0.080686 0.1017 -0.83254 0.035018 0.080847 -0.83346 0.029875 -0.1401 0.56446
-0.11552 0.0020255 0.34817 0.16021 -0.016438 0.30308 0.035216 -0.021486 0.40718 0.0062303 -0.005882 0.068061 -0.054193 0.00086065 -0.05155 0.046969 0.00086065 -0.058209 -0.17059 -0.020081 0.089564 0.29625 -0.035408 0.074789 -0.054589 -0.22189 0.043072 0.2265 -0.24513 0.16233 0.0019618 -0.27843 0.021754 0.18873 -0.28181 0.22672 -0.071767 0.092849 -0.42993 0.038794 0.077781 -0.44026 -0.055759 0.1529 -0.758 0.014098 0.14315 -0.76676 -0.080906 0.102 -0.83242 0.035402 0.081075 -0.8335 0.030106 -0.13984 0.56499
-0.11533 0.0016589 0.34814 0.15938 -0.01797 0.30163 0.035386 -0.022003 0.40714 0.0062361 -0.0059086 0.068058 -0.054278 0.00092919 -0.051459 0.046968 0.00092919 -0.058209 -0.17093 -0.020503 0.089603 0.29907 -0.040386 0.07588 -0.057145 -0.22325 0.041985 0.23169 -0.24811 0.16937 -0.0022203 -0.28093 0.019511 0.1952 -0.28352 0.23521 -0.071998 0.09308 -0.42979 0.038952 0.078199 -0.44019 -0.055979 0.15315 -0.75785 0.014513 0.14335 -0.76676 -0.081124 0.1023 -0.8323 0.03576 0.0813 -0.83353 0.030342 -0.13958 0.56552
-0.11513 0.0012888 0.3481 0.1587 -0.019445 0.30036 0.03557 -0.022536 0.40709 0.0062454 -0.0059385 0.068054 -0.054361 0.00099763 -0.05137 0.046966 0.00099763 -0.058209 -0.17127 -0.020998 0.089637 0.3017 -0.045561 0.077159 -0.059737 -0.22465 0.040785 0.23686 -0.25115 0.17656 -0.0064703 -0.28341 0.017203 0.20186 -0.28547 0.24373 -0.072223 0.093306 -0.42966 0.039102 0.078612 -0.44012 -0.056199 0.15341 -0.75772 0.014904 0.14355 -0.76675 -0.081342 0.10259 -0.83219 0.036095 0.08152 -0.83357 0.030581 -0.13932 0.56606
-0.11491 0.00091599 0.34807 0.15817 -0.020865 0.29927 0.035766 -0.023081 0.40704 0.0062581 -0.0059714 0.06805 -0.054442 0.0010658 -0.051283 0.046965 0.0010658 -0.058208 -0.1716 -0.021545 0.089667 0.30416 -0.050913 0.078618 -0.06236 -0.22604 0.039482 0.24201 -0.25424 0.18387 -0.010781 -0.28586 0.014837 0.2087 -0.28766 0.25227 -0.072442 0.093526 -0.42953 0.039244 0.079019 -0.44006 -0.056419 0.15366 -0.75758 0.015273 0.14374 -0.76674 -0.08156 0.10287 -0.83208 0.036407 0.081736 -0.8336 0.030825 -0.13905 0.56659
-0.11467 0.0005415 0.34803 0.15777 -0.02223 0.29836 0.035974 -0.023638 0.40699 0.0062738 -0.0060071 0.068045 -0.054521 0.0011336 -0.051198 0.046965 0.0011336 -0.058207 -0.17193 -0.022126 0.089693 0.30646 -0.056423 0.080248 -0.065012 -0.22743 0.038086 0.24714 -0.25739 0.19125 -0.015146 -0.28824 0.012423 0.2157 -0.29009 0.26077 -0.072655 0.093741 -0.4294 0.039377 0.07942 -0.43999 -0.056639 0.1539 -0.75745 0.015621 0.14393 -0.76673 -0.081776 0.10315 -0.83197 0.036697 0.081948 -0.83363 0.031072 -0.13878 0.56713
-0.11443 0.00016626 0.348 0.1575 -0.023541 0.2976 0.036192 -0.024203 0.40694 0.0062923 -0.0060453 0.06804 -0.054597 0.0012009 -0.051115 0.046965 0.0012009 -0.058206 -0.17224 -0.022719 0.089717 0.30859 -0.062073 0.08204 -0.067688 -0.22878 0.036609 0.25228 -0.26061 0.19868 -0.019559 -0.29055 0.009969 0.22285 -0.29274 0.2692 -0.072862 0.09395 -0.42928 0.039501 0.079817 -0.43992 -0.056859 0.15414 -0.75732 0.015947 0.14412 -0.76672 -0.081991 0.10342 -0.83186 0.036966 0.082157 -0.83365 0.031321 -0.1385 0.56766
-0.11418 -0.00020882 0.34797 0.15735 -0.0248 0.29699 0.036418 -0.024774 0.40688 0.0063135 -0.0060858 0.068034 -0.054672 0.0012676 -0.051034 0.046965 0.0012676 -0.058204 -0.17255 -0.023306 0.089738 0.31057 -0.067843 0.083988 -0.070386 -0.23009 0.035061 0.25742 -0.26388 0.20612 -0.024011 -0.29277 0.0074838 0.23014 -0.29561 0.27754 -0.073064 0.094154 -0.42916 0.039618 0.080207 -0.43986 -0.05708 0.15437 -0.75719 0.016253 0.14431 -0.76671 -0.082205 0.10368 -0.83176 0.037215 0.082361 -0.83367 0.031573 -0.13823 0.5682
-0.11392 -0.00058278 0.34793 0.1573 -0.026008 0.29652 0.036651 -0.02535 0.40683 0.0063369 -0.0061283 0.068028 -0.054744 0.0013334 -0.050955 0.046966 0.0013334 -0.058201 -0.17285 -0.023867 0.089758 0.31241 -0.073714 0.086081 -0.0731 -0.23133 0.033452 0.26257 -0.26722 0.21353 -0.028497 -0.29487 0.004976 0.23757 -0.2987 0.28574 -0.073261 0.094352 -0.42904 0.039727 0.080592 -0.43979 -0.0573 0.1546 -0.75707 0.01654 0.14449 -0.7667 -0.082418 0.10394 -0.83166 0.037445 0.082562 -0.83369 0.031826 -0.13795 0.56873
-0.11366 -0.00095469 0.3479 0.15735 -0.027165 0.29617 0.03689 -0.025928 0.40677 0.0063626 -0.0061726 0.068021 -0.054814 0.0013983 -0.050877 0.046968 0.0013983 -0.058199 -0.17314 -0.024382 0.089777 0.31411 -0.079668 0.088313 -0.075829 -0.23248 0.031793 0.26774 -0.27063 0.22088 -0.03301 -0.29685 0.0024544 0.24511 -0.302 0.29377 -0.073453 0.094544 -0.42893 0.039829 0.08097 -0.43972 -0.057521 0.15482 -0.75695 0.016807 0.14467 -0.76668 -0.082629 0.10419 -0.83157 0.037656 0.08276 -0.83371 0.03208 -0.13766 0.56925
-0.11339 -0.0013236 0.34787 0.15749 -0.028273 0.29593 0.037133 -0.026506 0.40671 0.0063901 -0.0062185 0.068015 -0.054883 0.0014621 -0.050802 0.04697 0.0014621 -0.058195 -0.17342 -0.024832 0.089795 0.31568 -0.085685 0.090674 -0.078567 -0.23353 0.030095 0.27293 -0.2741 0.22813 -0.037542 -0.29867 -7.244e-05 0.25276 -0.30551 0.3016 -0.073641 0.094731 -0.42881 0.039923 0.081343 -0.43966 -0.057742 0.15504 -0.75684 0.017056 0.14485 -0.76666 -0.082839 0.10444 -0.83147 0.03785 0.082954 -0.83372 0.032335 -0.13738 0.56978
-0.11312 -0.0016886 0.34784 0.1577 -0.029333 0.2958 0.037379 -0.027081 0.40665 0.0064192 -0.0062656 0.068007 -0.054949 0.0015248 -0.050728 0.046973 0.0015248 -0.058191 -0.17369 -0.025195 0.089815 0.31713 -0.091745 0.093156 -0.081312 -0.23446 0.028367 0.27816 -0.27764 0.23525 -0.042087 -0.30032 -0.0025958 0.26051 -0.30921 0.30919 -0.073825 0.094912 -0.4287 0.04001 0.08171 -0.43959 -0.057963 0.15525 -0.75672 0.017286 0.14503 -0.76664 -0.083048 0.10467 -0.83138 0.038028 0.083144 -0.83373 0.03259 -0.13709 0.57029
-0.11285 -0.0020488 0.34781 0.15798 -0.030347 0.29576 0.037626 -0.027652 0.40659 0.0064498 -0.0063137 0.068 -0.055014 0.001586 -0.050656 0.046977 0.001586 -0.058187 -0.17394 -0.025454 0.089835 0.31847 -0.097831 0.095752 -0.084059 -0.23524 0.026621 0.28342 -0.28125 0.24221 -0.046637 -0.30179 -0.0051071 0.26834 -0.31312 0.3165 -0.074005 0.095088 -0.4286 0.040089 0.082071 -0.43953 -0.058185 0.15545 -0.75662 0.0175 0.1452 -0.76662 -0.083255 0.1049 -0.8313 0.03819 0.083332 -0.83374 0.032844 -0.1368 0.57081
-0.11258 -0.0024031 0.34778 0.15833 -0.031314 0.29581 0.037874 -0.028217 0.40653 0.0064816 -0.0063626 0.067992 -0.055077 0.0016458 -0.050585 0.046981 0.0016458 -0.058182 -0.17419 -0.025588 0.089857 0.3197 -0.10392 0.098451 -0.086805 -0.23587 0.024867 0.28874 -0.28494 0.24897 -0.051187 -0.30305 -0.0075977 0.27625 -0.31721 0.32351 -0.074181 0.095258 -0.4285 0.040162 0.082426 -0.43946 -0.058407 0.15566 -0.75651 0.017697 0.14537 -0.7666 -0.08346 0.10513 -0.83121 0.038338 0.083516 -0.83375 0.033098 -0.1365 0.57131
-0.11231 -0.0027507 0.34776 0.15872 -0.032236 0.29592 0.03812 -0.028772 0.40646 0.0065143 -0.006412 0.067985 -0.055139 0.001704 -0.050516 0.046986 0.001704 -0.058176 -0.17443 -0.025577 0.089881 0.32083 -0.11 0.10125 -0.089547 -0.23633 0.023115 0.2941 -0.2887 0.25549 -0.055728 -0.30408 -0.010059 0.28422 -0.32148 0.33017 -0.074354 0.095422 -0.42839 0.040228 0.082775 -0.43939 -0.05863 0.15585 -0.7564 0.017878 0.14554 -0.76658 -0.083664 0.10534 -0.83113 0.038472 0.083697 -0.83375 0.03335 -0.13621 0.5718
-0.11205 -0.0030907 0.34773 0.15914 -0.033115 0.29609 0.038363 -0.029317 0.4064 0.0065477 -0.0064617 0.067977 -0.055199 0.0017604 -0.050449 0.046991 0.0017604 -0.05817 -0.17465 -0.025402 0.089909 0.32188 -0.11605 0.10413 -0.09228 -0.23659 0.021377 0.29953 -0.29254 0.26174 -0.060255 -0.30488 -0.012482 0.29224 -0.32593 0.33645 -0.074524 0.095581 -0.4283 0.040287 0.083118 -0.43933 -0.058854 0.15604 -0.7563 0.018043 0.1457 -0.76655 -0.083866 0.10555 -0.83104 0.038593 0.083876 -0.83375 0.033599 -0.13591 0.57229
-0.11179 -0.003422 0.3477 0.1596 -0.033951 0.29631 0.038601 -0.029848 0.40634 0.0065816 -0.0065115 0.067969 -0.055257 0.0018149 -0.050383 0.046997 0.0018149 -0.058163 -0.17486 -0.025043 0.08994 0.32284 -0.12205 0.10709 -0.095001 -0.23663 0.019662 0.30502 -0.29646 0.26769 -0.064759 -0.30541 -0.014858 0.3003 -0.33056 0.34232 -0.074691 0.095734 -0.4282 0.040341 0.083454 -0.43926 -0.059078 0.15622 -0.7562 0.018194 0.14587 -0.76653 -0.084066 0.10575 -0.83096 0.038703 0.084052 -0.83375 0.033847 -0.13561 0.57276
-0.11153 -0.0037438 0.34768 0.16008 -0.034746 0.29657 0.038835 -0.030364 0.40629 0.0066157 -0.0065609 0.067961 -0.055314 0.0018673 -0.050318 0.047004 0.0018673 -0.058156 -0.17506 -0.02448 0.089976 0.32373 -0.12797 0.11013 -0.097707 -0.23645 0.017981 0.31059 -0.30046 0.27329 -0.069235 -0.30566 -0.017179 0.30838 -0.33535 0.34774 -0.074856 0.095882 -0.42811 0.040387 0.083784 -0.43919 -0.059302 0.1564 -0.75611 0.018331 0.14603 -0.7665 -0.084263 0.10594 -0.83089 0.038801 0.084225 -0.83375 0.034091 -0.1353 0.57323
-0.11129 -0.0040551 0.34766 0.16057 -0.0355 0.29685 0.039061 -0.030863 0.40623 0.0066499 -0.00661 0.067953 -0.05537 0.0019176 -0.050255 0.047012 0.0019176 -0.058148 -0.17524 -0.023694 0.090016 0.32456 -0.13381 0.11323 -0.10039 -0.23601 0.016344 0.31624 -0.30454 0.27853 -0.073676 -0.30561 -0.019436 0.31649 -0.3403 0.35267 -0.075019 0.096023 -0.42801 0.040428 0.084107 -0.43913 -0.059528 0.15657 -0.75601 0.018453 0.14618 -0.76647 -0.084459 0.10613 -0.83081 0.03889 0.084395 -0.83374 0.034332 -0.13499 0.57368
-0.11105 -0.0043549 0.34763 0.16106 -0.036215 0.29715 0.039278 -0.031341 0.40617 0.0066838 -0.0066582 0.067945 -0.055424 0.0019655 -0.050193 0.04702 0.0019655 -0.05814 -0.17541 -0.022664 0.090062 0.32532 -0.13954 0.11638 -0.10306 -0.23531 0.014763 0.32198 -0.30871 0.28335 -0.078074 -0.30524 -0.02162 0.3246 -0.34541 0.35709 -0.07518 0.096159 -0.42792 0.040463 0.084424 -0.43906 -0.059754 0.15674 -0.75592 0.018564 0.14634 -0.76644 -0.084653 0.10631 -0.83074 0.03897 0.084563 -0.83373 0.034568 -0.13468 0.57412
-0.11083 -0.0046425 0.34761 0.16154 -0.036891 0.29745 0.039486 -0.031798 0.40612 0.0067172 -0.0067055 0.067937 -0.055478 0.002011 -0.050132 0.047029 0.002011 -0.058131 -0.17557 -0.021371 0.090115 0.32604 -0.14514 0.11958 -0.10569 -0.23432 0.013248 0.32782 -0.31296 0.28773 -0.082422 -0.30454 -0.023723 0.3327 -0.35068 0.36095 -0.075339 0.09629 -0.42784 0.040493 0.084735 -0.439 -0.059982 0.1569 -0.75583 0.018661 0.14649 -0.76641 -0.084844 0.10647 -0.83067 0.039041 0.084729 -0.83372 0.0348 -0.13437 0.57454
-0.11061 -0.0049167 0.34759 0.16201 -0.037531 0.29775 0.039683 -0.032231 0.40607 0.0067499 -0.0067516 0.067929 -0.05553 0.0020539 -0.050073 0.047039 0.0020539 -0.058122 -0.17571 -0.019796 0.090175 0.32671 -0.1506 0.12281 -0.1083 -0.23303 0.011809 0.33376 -0.3173 0.29163 -0.086714 -0.30348 -0.025736 0.34079 -0.35608 0.36423 -0.075498 0.096415 -0.42775 0.040517 0.085039 -0.43893 -0.06021 0.15705 -0.75574 0.018747 0.14664 -0.76638 -0.085033 0.10663 -0.83059 0.039106 0.084892 -0.83371 0.035027 -0.13406 0.57495
-0.11042 -0.0051767 0.34757 0.16244 -0.038134 0.29803 0.039866 -0.032638 0.40602 0.0067817 -0.0067962 0.067922 -0.055581 0.0020941 -0.050014 0.04705 0.0020941 -0.058112 -0.17584 -0.017918 0.090242 0.32735 -0.15589 0.12608 -0.11087 -0.23141 0.010456 0.33981 -0.32173 0.29502 -0.090943 -0.30205 -0.02765 0.34885 -0.36163 0.36688 -0.075655 0.096534 -0.42767 0.040535 0.085336 -0.43886 -0.060439 0.1572 -0.75566 0.018822 0.14679 -0.76634 -0.085219 0.10678 -0.83052 0.039164 0.085054 -0.83369 0.035248 -0.13374 0.57535
-0.11023 -0.0054216 0.34756 0.16284 -0.038702 0.29828 0.040036 -0.033016 0.40598 0.0068123 -0.0068391 0.067914 -0.055631 0.0021314 -0.049957 0.047061 0.0021314 -0.058101 -0.17595 -0.015722 0.090318 0.32796 -0.16099 0.12936 -0.11341 -0.22946 0.0091999 0.34597 -0.32625 0.29786 -0.095103 -0.30024 -0.029458 0.35687 -0.3673 0.36888 -0.075811 0.096647 -0.42759 0.040549 0.085626 -0.4388 -0.060669 0.15734 -0.75557 0.018887 0.14694 -0.76631 -0.085403 0.10693 -0.83046 0.039217 0.085213 -0.83367 0.035463 -0.13342 0.57572
-0.11007 -0.0056517 0.34754 0.1632 -0.039237 0.2985 0.040193 -0.033367 0.40593 0.0068418 -0.0068803 0.067907 -0.05568 0.002166 -0.049901 0.047074 0.002166 -0.05809 -0.17604 -0.013226 0.090403 0.32853 -0.16588 0.13263 -0.1159 -0.22719 0.0080392 0.35222 -0.33081 0.30016 -0.099189 -0.29805 -0.031157 0.36481 -0.37304 0.37023 -0.075967 0.096755 -0.42751 0.040557 0.08591 -0.43873 -0.060901 0.15748 -0.75549 0.018941 0.14708 -0.76627 -0.085585 0.10706 -0.83039 0.039265 0.085371 -0.83365 0.035673 -0.1331 0.57608
-0.10991 -0.0058676 0.34753 0.16353 -0.039739 0.29869 0.040337 -0.033692 0.40589 0.0068703 -0.0069199 0.067901 -0.055728 0.0021979 -0.049846 0.047087 0.0021979 -0.058078 -0.17612 -0.010462 0.090501 0.32907 -0.1705 0.13582 -0.11836 -0.22464 0.0069695 0.3585 -0.33535 0.30191 -0.1032 -0.29554 -0.03275 0.37266 -0.37877 0.37098 -0.076122 0.096857 -0.42743 0.040561 0.086188 -0.43867 -0.061133 0.15761 -0.75541 0.018986 0.14722 -0.76623 -0.085766 0.10719 -0.83033 0.039307 0.085526 -0.83363 0.035876 -0.13278 0.57642
-0.10977 -0.0060699 0.34751 0.16383 -0.040209 0.29886 0.04047 -0.033994 0.40586 0.0068978 -0.006958 0.067894 -0.055775 0.0022274 -0.049792 0.0471 0.0022274 -0.058066 -0.17619 -0.0074628 0.090613 0.32956 -0.17482 0.1389 -0.12078 -0.22183 0.0059862 0.36478 -0.3398 0.30313 -0.10714 -0.29275 -0.034236 0.38036 -0.3844 0.37116 -0.076276 0.096954 -0.42735 0.04056 0.086459 -0.4386 -0.061366 0.15773 -0.75533 0.019021 0.14736 -0.76619 -0.085946 0.10731 -0.83026 0.039344 0.085681 -0.8336 0.036074 -0.13246 0.57675
-0.10964 -0.0062593 0.3475 0.1641 -0.04065 0.29901 0.040594 -0.034273 0.40582 0.0069246 -0.0069948 0.067887 -0.055821 0.0022546 -0.049739 0.047114 0.0022546 -0.058054 -0.17623 -0.0042607 0.09074 0.33 -0.1788 0.14181 -0.12316 -0.2188 0.0050846 0.371 -0.34411 0.30384 -0.111 -0.2897 -0.035617 0.38788 -0.38984 0.37078 -0.076429 0.097046 -0.42728 0.040555 0.086725 -0.43853 -0.0616 0.15785 -0.75526 0.019047 0.1475 -0.76615 -0.086126 0.10742 -0.8302 0.039375 0.085833 -0.83357 0.036268 -0.13214 0.57706
-0.10952 -0.0064363 0.3475 0.16435 -0.041061 0.29914 0.040709 -0.034532 0.40579 0.0069506 -0.0070303 0.067881 -0.055867 0.0022797 -0.049687 0.047129 0.0022797 -0.058041 -0.17626 -0.00088799 0.090886 0.33038 -0.1824 0.14451 -0.12551 -0.21559 0.0042601 0.37713 -0.3482 0.30402 -0.11478 -0.28644 -0.036894 0.39519 -0.39502 0.36989 -0.076582 0.097133 -0.4272 0.040545 0.086985 -0.43847 -0.061835 0.15797 -0.75518 0.019064 0.14763 -0.76611 -0.086308 0.10753 -0.83014 0.0394 0.085984 -0.83354 0.036457 -0.13182 0.57736
-0.10941 -0.0066016 0.34749 0.16457 -0.041445 0.29925 0.040816 -0.034773 0.40576 0.006976 -0.0070647 0.067875 -0.055911 0.0023028 -0.049635 0.047143 0.0023028 -0.058028 -0.17627 0.0026228 0.091051 0.33068 -0.18557 0.14695 -0.12781 -0.21222 0.003508 0.38311 -0.35201 0.30371 -0.11848 -0.28302 -0.038069 0.40225 -0.39986 0.36853 -0.076733 0.097216 -0.42713 0.040532 0.08724 -0.4384 -0.062071 0.15808 -0.75511 0.019072 0.14776 -0.76607 -0.08649 0.10764 -0.83008 0.039419 0.086134 -0.83351 0.036642 -0.1315 0.57765
-0.1093 -0.0067558 0.34748 0.16478 -0.041803 0.29934 0.040917 -0.034997 0.40573 0.0070009 -0.007098 0.067869 -0.055955 0.0023241 -0.049585 0.047158 0.0023241 -0.058015 -0.17627 0.0062394 0.091239 0.33091 -0.18828 0.14907 -0.13008 -0.20873 0.0028236 0.3889 -0.35549 0.30289 -0.12209 -0.27946 -0.039141 0.40903 -0.40426 0.3667 -0.076883 0.097294 -0.42706 0.040515 0.08749 -0.43834 -0.062308 0.15818 -0.75504 0.019071 0.1479 -0.76603 -0.086675 0.10775 -0.83002 0.039431 0.086282 -0.83348 0.036824 -0.13118 0.57793
-0.1092 -0.0068996 0.34748 0.16497 -0.042135 0.29943 0.041014 -0.035206 0.4057 0.0070255 -0.0071304 0.067863 -0.055998 0.0023437 -0.049535 0.047174 0.0023437 -0.058002 -0.17625 0.0099292 0.09145 0.33106 -0.19048 0.15083 -0.13231 -0.20516 0.0022024 0.39446 -0.35856 0.30159 -0.12562 -0.2758 -0.040112 0.41549 -0.40815 0.36447 -0.077033 0.097367 -0.42699 0.040495 0.087735 -0.43828 -0.062545 0.15828 -0.75497 0.019063 0.14803 -0.76599 -0.086863 0.10785 -0.82997 0.039438 0.08643 -0.83345 0.037003 -0.13087 0.57819
-0.10911 -0.0070336 0.34748 0.16515 -0.042444 0.2995 0.041106 -0.035402 0.40567 0.0070498 -0.007162 0.067857 -0.056041 0.0023619 -0.049487 0.047189 0.0023619 -0.057988 -0.17621 0.01366 0.091687 0.33111 -0.19213 0.15219 -0.1345 -0.20152 0.0016397 0.39974 -0.36117 0.29981 -0.12907 -0.27209 -0.040984 0.42159 -0.41145 0.36184 -0.077181 0.097437 -0.42692 0.040471 0.087975 -0.43821 -0.062783 0.15838 -0.7549 0.019046 0.14816 -0.76594 -0.087055 0.10795 -0.82992 0.039437 0.086576 -0.83342 0.037178 -0.13056 0.57844
-0.10902 -0.0071584 0.34748 0.16532 -0.042729 0.29957 0.041196 -0.035587 0.40565 0.0070739 -0.0071929 0.067851 -0.056082 0.0023787 -0.049439 0.047205 0.0023787 -0.057975 -0.17616 0.017399 0.091952 0.33106 -0.1932 0.15308 -0.13665 -0.19787 0.0011307 0.40469 -0.36325 0.29757 -0.13243 -0.26836 -0.041757 0.4273 -0.41407 0.35886 -0.077327 0.097502 -0.42686 0.040444 0.088211 -0.43815 -0.063021 0.15848 -0.75483 0.019022 0.14829 -0.7659 -0.087251 0.10805 -0.82987 0.03943 0.086721 -0.83338 0.037352 -0.13026 0.57868
-0.10893 -0.0072747 0.34749 0.16548 -0.042993 0.29963 0.041285 -0.035762 0.40562 0.007098 -0.0072232 0.067845 -0.056123 0.0023944 -0.049392 0.04722 0.0023944 -0.057962 -0.17608 0.021114 0.092246 0.33091 -0.19365 0.15347 -0.13877 -0.19422 0.00067096 0.40928 -0.36473 0.29486 -0.1357 -0.26466 -0.042432 0.43259 -0.41593 0.35555 -0.077473 0.097564 -0.42679 0.040414 0.088444 -0.43808 -0.06326 0.15857 -0.75476 0.018991 0.14841 -0.76586 -0.087452 0.10815 -0.82982 0.039417 0.086866 -0.83335 0.037523 -0.12996 0.57891
-0.10884 -0.0073831 0.34749 0.16564 -0.043237 0.29969 0.041373 -0.03593 0.4056 0.0071221 -0.007253 0.06784 -0.056163 0.002409 -0.049345 0.047235 0.002409 -0.057949 -0.17599 0.024773 0.092573 0.33064 -0.19342 0.1533 -0.14085 -0.19062 0.0002557 0.41345 -0.36556 0.2917 -0.13889 -0.26101 -0.043011 0.43741 -0.41694 0.35195 -0.077617 0.097622 -0.42673 0.040381 0.088672 -0.43802 -0.0635 0.15866 -0.7547 0.018952 0.14854 -0.76581 -0.087659 0.10826 -0.82977 0.039396 0.08701 -0.83332 0.037693 -0.12966 0.57914
-0.10875 -0.0074841 0.3475 0.16581 -0.043462 0.29974 0.041463 -0.036092 0.40557 0.0071464 -0.0072824 0.067834 -0.056202 0.0024228 -0.0493 0.04725 0.0024228 -0.057936 -0.17588 0.028343 0.092933 0.33025 -0.19249 0.15253 -0.14289 -0.18709 -0.00011971 0.41716 -0.36567 0.28809 -0.14198 -0.25747 -0.043494 0.44174 -0.41703 0.34809 -0.07776 0.097676 -0.42667 0.040346 0.088898 -0.43796 -0.06374 0.15875 -0.75463 0.018907 0.14867 -0.76577 -0.087872 0.10836 -0.82973 0.039367 0.087153 -0.83328 0.037862 -0.12938 0.57935
-0.10866 -0.0075785 0.34752 0.16597 -0.043669 0.2998 0.041555 -0.03625 0.40555 0.007171 -0.0073116 0.067828 -0.056241 0.0024359 -0.049255 0.047265 0.0024359 -0.057923 -0.17576 0.031792 0.093329 0.32972 -0.19081 0.1511 -0.14489 -0.18367 -0.00045993 0.42036 -0.365 0.28405 -0.14497 -0.25406 -0.043882 0.44553 -0.41611 0.344 -0.077901 0.097727 -0.42661 0.040308 0.089119 -0.4379 -0.06398 0.15884 -0.75457 0.018855 0.1488 -0.76572 -0.088093 0.10847 -0.82969 0.039332 0.087296 -0.83325 0.03803 -0.1291 0.57956
-0.10857 -0.0076666 0.34753 0.16615 -0.043859 0.29987 0.04165 -0.036405 0.40552 0.0071959 -0.0073406 0.067822 -0.05628 0.0024484 -0.04921 0.04728 0.0024484 -0.057911 -0.17561 0.035099 0.093761 0.32907 -0.18836 0.149 -0.14685 -0.18037 -0.00077151 0.42304 -0.36351 0.27959 -0.14788 -0.25081 -0.044183 0.44878 -0.41414 0.33969 -0.078041 0.097775 -0.42655 0.040268 0.089338 -0.43784 -0.064221 0.15892 -0.75451 0.018797 0.14892 -0.76568 -0.088321 0.10859 -0.82965 0.039289 0.087439 -0.83321 0.038197 -0.12883 0.57976
-0.10848 -0.007748 0.34755 0.16633 -0.044033 0.29994 0.041748 -0.036557 0.4055 0.007221 -0.0073693 0.067816 -0.056317 0.0024604 -0.049167 0.047294 0.0024604 -0.057899 -0.17545 0.038267 0.094229 0.32829 -0.1852 0.14629 -0.14879 -0.1772 -0.0010653 0.42522 -0.36125 0.27471 -0.15069 -0.2477 -0.044418 0.45152 -0.41119 0.33515 -0.078179 0.09782 -0.42649 0.040227 0.089554 -0.43778 -0.064462 0.159 -0.75445 0.018734 0.14905 -0.76563 -0.088556 0.1087 -0.82962 0.039239 0.087581 -0.83318 0.038364 -0.12856 0.57996
-0.10838 -0.0078223 0.34757 0.16651 -0.044191 0.30001 0.041848 -0.036706 0.40547 0.0072464 -0.0073978 0.067811 -0.056354 0.0024719 -0.049124 0.047307 0.0024719 -0.057887 -0.17528 0.041305 0.09473 0.32739 -0.18138 0.14302 -0.15069 -0.17412 -0.0013527 0.42695 -0.35827 0.26942 -0.15342 -0.24471 -0.044609 0.45381 -0.40733 0.33036 -0.078316 0.097863 -0.42643 0.040183 0.089766 -0.43772 -0.064702 0.15908 -0.75439 0.018665 0.14917 -0.76559 -0.088798 0.10883 -0.82959 0.039183 0.087722 -0.83314 0.03853 -0.1283 0.58015
-0.10828 -0.0078889 0.34759 0.1667 -0.044333 0.30008 0.041949 -0.036852 0.40545 0.0072718 -0.007426 0.067805 -0.056391 0.0024828 -0.049081 0.047321 0.0024828 -0.057876 -0.1751 0.044219 0.095263 0.32638 -0.17695 0.13925 -0.15257 -0.17112 -0.001645 0.42827 -0.35463 0.26374 -0.15607 -0.2418 -0.044778 0.4557 -0.40265 0.32529 -0.07845 0.097902 -0.42638 0.040139 0.089975 -0.43766 -0.064942 0.15916 -0.75433 0.018591 0.1493 -0.76554 -0.089045 0.10895 -0.82956 0.039121 0.087862 -0.83311 0.038694 -0.12806 0.58033
-0.10818 -0.0079475 0.34762 0.16689 -0.04446 0.30016 0.042052 -0.036995 0.40543 0.0072973 -0.0074538 0.067799 -0.056426 0.0024933 -0.04904 0.047334 0.0024933 -0.057865 -0.1749 0.047017 0.095826 0.32527 -0.17198 0.13505 -0.15443 -0.16819 -0.0019537 0.42921 -0.35038 0.25767 -0.15865 -0.23897 -0.044949 0.45723 -0.39722 0.31991 -0.078582 0.097939 -0.42632 0.040093 0.090181 -0.4376 -0.06518 0.15924 -0.75427 0.018514 0.14942 -0.7655 -0.089297 0.10908 -0.82953 0.039055 0.088002 -0.83308 0.038856 -0.12781 0.58051
-0.10808 -0.0079976 0.34765 0.16708 -0.044573 0.30024 0.042156 -0.037134 0.4054 0.0073228 -0.0074812 0.067793 -0.056461 0.0025033 -0.048999 0.047347 0.0025033 -0.057854 -0.17471 0.049706 0.096417 0.32406 -0.1665 0.13048 -0.15627 -0.16531 -0.0022902 0.42982 -0.34557 0.25123 -0.16115 -0.23617 -0.045143 0.45846 -0.39112 0.31421 -0.078711 0.097973 -0.42627 0.040047 0.090382 -0.43755 -0.065417 0.15932 -0.75422 0.018433 0.14954 -0.76545 -0.089554 0.10921 -0.8295 0.038983 0.08814 -0.83305 0.039017 -0.12758 0.58068
-0.10798 -0.0080387 0.34768 0.16727 -0.044671 0.30032 0.04226 -0.037269 0.40538 0.0073482 -0.0075082 0.067787 -0.056496 0.0025128 -0.048959 0.04736 0.0025128 -0.057843 -0.1745 0.052294 0.097034 0.32277 -0.16059 0.1256 -0.1581 -0.16246 -0.0026659 0.43014 -0.34026 0.24443 -0.16359 -0.23339 -0.045385 0.45943 -0.38442 0.30815 -0.078839 0.098005 -0.42622 0.04 0.09058 -0.43749 -0.065653 0.15939 -0.75416 0.018349 0.14966 -0.76541 -0.089814 0.10934 -0.82948 0.038908 0.088277 -0.83301 0.039175 -0.12735 0.58084
-0.10788 -0.0080704 0.34771 0.16747 -0.044755 0.3004 0.042364 -0.0374 0.40536 0.0073734 -0.0075347 0.067782 -0.056529 0.0025219 -0.04892 0.047372 0.0025219 -0.057832 -0.1743 0.054789 0.097677 0.32139 -0.15429 0.12047 -0.15992 -0.15963 -0.0030921 0.43021 -0.33449 0.23727 -0.16597 -0.23061 -0.045695 0.46019 -0.37721 0.30173 -0.078963 0.098035 -0.42617 0.039953 0.090774 -0.43744 -0.065886 0.15947 -0.75411 0.018263 0.14978 -0.76537 -0.090077 0.10948 -0.82945 0.038829 0.088412 -0.83298 0.039331 -0.12713 0.581
-0.10778 -0.0080922 0.34775 0.16767 -0.044826 0.30049 0.042467 -0.037527 0.40533 0.0073983 -0.0075606 0.067776 -0.056562 0.0025306 -0.048881 0.047384 0.0025306 -0.057822 -0.17409 0.057197 0.098342 0.31995 -0.14766 0.11515 -0.16174 -0.15681 -0.0035803 0.43007 -0.32833 0.22976 -0.16829 -0.22779 -0.046098 0.46079 -0.36956 0.2949 -0.079085 0.098063 -0.42612 0.039906 0.090964 -0.43738 -0.066116 0.15954 -0.75406 0.018175 0.1499 -0.76532 -0.090343 0.10961 -0.82943 0.038748 0.088545 -0.83295 0.039483 -0.12692 0.58115
-0.10768 -0.0081037 0.34779 0.16786 -0.044883 0.30058 0.042569 -0.03765 0.40531 0.0074229 -0.0075861 0.067771 -0.056594 0.0025389 -0.048844 0.047395 0.0025389 -0.057812 -0.17389 0.059526 0.099028 0.31844 -0.14076 0.1097 -0.16356 -0.15397 -0.0041418 0.42976 -0.32182 0.22192 -0.17056 -0.22492 -0.046615 0.46128 -0.36155 0.28765 -0.079203 0.098088 -0.42607 0.03986 0.091149 -0.43733 -0.066344 0.15961 -0.75401 0.018086 0.15001 -0.76528 -0.09061 0.10975 -0.82941 0.038664 0.088677 -0.83292 0.039633 -0.12671 0.5813
-0.10758 -0.0081044 0.34783 0.16806 -0.044928 0.30067 0.042669 -0.037768 0.40529 0.0074471 -0.0076108 0.067765 -0.056625 0.0025468 -0.048807 0.047407 0.0025468 -0.057803 -0.17369 0.061783 0.099734 0.31688 -0.13363 0.1042 -0.16538 -0.15109 -0.0047881 0.42931 -0.31502 0.21376 -0.17278 -0.22196 -0.047269 0.46171 -0.35325 0.27996 -0.079318 0.098112 -0.42603 0.039814 0.09133 -0.43728 -0.066569 0.15967 -0.75396 0.017996 0.15013 -0.76524 -0.090879 0.10989 -0.8294 0.038578 0.088807 -0.83289 0.039779 -0.12651 0.58144
-0.10748 -0.0080939 0.34787 0.16825 -0.044961 0.30076 0.042767 -0.037881 0.40527 0.0074708 -0.007635 0.06776 -0.056656 0.0025543 -0.048771 0.047418 0.0025543 -0.057793 -0.17349 0.063977 0.10046 0.31527 -0.12634 0.098685 -0.16721 -0.14818 -0.0055306 0.42878 -0.30798 0.20528 -0.17496 -0.21891 -0.048082 0.46213 -0.34475 0.27181 -0.07943 0.098135 -0.42598 0.039769 0.091507 -0.43723 -0.066789 0.15974 -0.75391 0.017905 0.15024 -0.7652 -0.091147 0.11003 -0.82938 0.038492 0.088934 -0.83286 0.039921 -0.12632 0.58158
-0.10738 -0.0080716 0.34792 0.16844 -0.044982 0.30085 0.042862 -0.03799 0.40525 0.0074939 -0.0076584 0.067755 -0.056685 0.0025615 -0.048736 0.047429 0.0025615 -0.057784 -0.17331 0.066114 0.1012 0.31362 -0.11894 0.093234 -0.16905 -0.14519 -0.0063806 0.42819 -0.30076 0.1965 -0.17711 -0.21572 -0.049078 0.46259 -0.33613 0.26316 -0.079539 0.098155 -0.42594 0.039725 0.091679 -0.43718 -0.067006 0.1598 -0.75386 0.017815 0.15035 -0.76516 -0.091416 0.11017 -0.82937 0.038405 0.089059 -0.83283 0.04006 -0.12614 0.5817
-0.10729 -0.0080373 0.34796 0.16863 -0.044991 0.30094 0.042955 -0.038093 0.40523 0.0075164 -0.0076812 0.06775 -0.056714 0.0025683 -0.048702 0.04744 0.0025683 -0.057775 -0.17314 0.068201 0.10195 0.31194 -0.11148 0.087904 -0.17091 -0.14213 -0.0073495 0.4276 -0.29341 0.18743 -0.17921 -0.21238 -0.050279 0.46313 -0.32745 0.25399 -0.079644 0.098175 -0.4259 0.039682 0.091846 -0.43713 -0.067219 0.15987 -0.75382 0.017726 0.15046 -0.76512 -0.091683 0.11031 -0.82935 0.038318 0.089182 -0.83281 0.040193 -0.12596 0.58183
-0.10719 -0.0079903 0.34801 0.16881 -0.04499 0.30104 0.043043 -0.038192 0.40521 0.0075382 -0.0077031 0.067745 -0.056742 0.0025748 -0.048669 0.04745 0.0025748 -0.057766 -0.17298 0.070246 0.10272 0.31023 -0.10403 0.082755 -0.17279 -0.13898 -0.0084487 0.42704 -0.28597 0.17807 -0.18129 -0.20886 -0.051708 0.46381 -0.31881 0.24429 -0.079744 0.098193 -0.42586 0.039642 0.092008 -0.43709 -0.067427 0.15993 -0.75377 0.017638 0.15057 -0.76508 -0.091949 0.11044 -0.82934 0.038231 0.089302 -0.83278 0.040322 -0.12578 0.58195
-0.1071 -0.0079302 0.34806 0.16899 -0.044977 0.30113 0.043128 -0.038284 0.40519 0.0075592 -0.0077242 0.06774 -0.05677 0.002581 -0.048637 0.04746 0.002581 -0.057757 -0.17283 0.072257 0.1035 0.30851 -0.096627 0.077851 -0.17469 -0.13571 -0.0096897 0.42655 -0.27851 0.16844 -0.18335 -0.20514 -0.053387 0.46468 -0.31027 0.23403 -0.079841 0.098209 -0.42582 0.039603 0.092165 -0.43704 -0.06763 0.15999 -0.75373 0.017553 0.15067 -0.76504 -0.092213 0.11058 -0.82933 0.038146 0.089419 -0.83275 0.040447 -0.12562 0.58206
-0.10702 -0.0078567 0.34812 0.16916 -0.044955 0.30122 0.043208 -0.038372 0.40518 0.0075794 -0.0077445 0.067736 -0.056796 0.0025869 -0.048606 0.04747 0.0025869 -0.057749 -0.17271 0.074241 0.10428 0.30678 -0.089335 0.073252 -0.17662 -0.13231 -0.011084 0.42617 -0.27108 0.15854 -0.18539 -0.20119 -0.055339 0.46578 -0.30191 0.22318 -0.079934 0.098225 -0.42578 0.039567 0.092317 -0.437 -0.067828 0.16005 -0.75369 0.017469 0.15077 -0.765 -0.092474 0.11072 -0.82932 0.038062 0.089533 -0.83273 0.040566 -0.12546 0.58216
-0.10694 -0.0077692 0.34817 0.16933 -0.044923 0.30131 0.043283 -0.038453 0.40516 0.0075986 -0.0077638 0.067731 -0.056821 0.0025926 -0.048576 0.04748 0.0025926 -0.057741 -0.1726 0.076206 0.10508 0.30506 -0.082209 0.069021 -0.17859 -0.12877 -0.012642 0.42594 -0.26373 0.14839 -0.18741 -0.19699 -0.057586 0.46716 -0.29381 0.21172 -0.080022 0.09824 -0.42575 0.039533 0.092464 -0.43696 -0.06802 0.1601 -0.75365 0.017389 0.15087 -0.76496 -0.092731 0.11086 -0.82931 0.037981 0.089644 -0.8327 0.040679 -0.1253 0.58227
-0.10686 -0.0076672 0.34823 0.16949 -0.044881 0.3014 0.043353 -0.038528 0.40515 0.0076168 -0.0077822 0.067727 -0.056846 0.002598 -0.048547 0.047489 0.002598 -0.057733 -0.17251 0.078158 0.10588 0.30334 -0.075302 0.065218 -0.18059 -0.12507 -0.014377 0.4259 -0.25651 0.138 -0.18942 -0.19251 -0.060151 0.46888 -0.28606 0.19962 -0.080106 0.098254 -0.42571 0.039502 0.092605 -0.43691 -0.068206 0.16016 -0.75361 0.017312 0.15096 -0.76493 -0.092984 0.11099 -0.8293 0.037903 0.089752 -0.83268 0.040786 -0.12515 0.58236
-0.10678 -0.0075504 0.34829 0.16964 -0.04483 0.30149 0.043416 -0.038597 0.40513 0.0076339 -0.0077996 0.067723 -0.05687 0.0026032 -0.048519 0.047498 0.0026032 -0.057725 -0.17245 0.080105 0.10668 0.30163 -0.068671 0.061905 -0.18263 -0.12119 -0.016299 0.4261 -0.24948 0.12738 -0.19142 -0.18774 -0.063057 0.47097 -0.27872 0.18688 -0.080185 0.098268 -0.42568 0.039474 0.09274 -0.43688 -0.068386 0.16021 -0.75357 0.01724 0.15105 -0.76489 -0.093232 0.11113 -0.8293 0.037829 0.089856 -0.83266 0.040888 -0.12501 0.58245
-0.10671 -0.0074183 0.34835 0.16979 -0.044771 0.30158 0.043474 -0.03866 0.40512 0.0076499 -0.007816 0.06772 -0.056892 0.0026081 -0.048492 0.047508 0.0026081 -0.057717 -0.17242 0.082054 0.10748 0.29995 -0.062369 0.059144 -0.18472 -0.11712 -0.018419 0.42657 -0.24269 0.11653 -0.19343 -0.18264 -0.066327 0.4735 -0.27187 0.17345 -0.080259 0.098281 -0.42565 0.03945 0.09287 -0.43684 -0.068559 0.16026 -0.75353 0.017172 0.15114 -0.76486 -0.093474 0.11126 -0.82929 0.037758 0.089956 -0.83264 0.040982 -0.12488 0.58254
-0.10664 -0.0072703 0.34841 0.16992 -0.044704 0.30167 0.043524 -0.038716 0.40511 0.0076646 -0.0078313 0.067716 -0.056914 0.0026129 -0.048466 0.047516 0.0026129 -0.05771 -0.17241 0.084014 0.10829 0.29831 -0.056453 0.056997 -0.18686 -0.11285 -0.02075 0.42735 -0.23619 0.10547 -0.19544 -0.17719 -0.069982 0.47651 -0.2656 0.15932 -0.080329 0.098293 -0.42562 0.039429 0.092994 -0.4368 -0.068725 0.16031 -0.7535 0.017109 0.15122 -0.76483 -0.09371 0.11139 -0.82928 0.037692 0.090053 -0.83261 0.04107 -0.12474 0.58262
-0.10658 -0.0071062 0.34847 0.17005 -0.044629 0.30175 0.043566 -0.038765 0.4051 0.007678 -0.0078455 0.067713 -0.056935 0.0026175 -0.048442 0.047525 0.0026175 -0.057702 -0.17244 0.085991 0.10909 0.2967 -0.050976 0.055525 -0.18905 -0.10834 -0.023302 0.42849 -0.23004 0.09421 -0.19745 -0.17136 -0.074047 0.48005 -0.25997 0.14446 -0.080393 0.098306 -0.42559 0.039412 0.093112 -0.43677 -0.068883 0.16036 -0.75347 0.017053 0.15131 -0.76479 -0.093939 0.11151 -0.82928 0.037631 0.090146 -0.8326 0.041151 -0.12462 0.58269
-0.10653 -0.0069253 0.34853 0.17017 -0.044546 0.30184 0.043601 -0.038807 0.40509 0.00769 -0.0078585 0.06771 -0.056955 0.0026219 -0.048418 0.047534 0.0026219 -0.057695 -0.1725 0.087993 0.1099 0.29514 -0.045995 0.054789 -0.1913 -0.1036 -0.026087 0.43002 -0.22429 0.082756 -0.19948 -0.16514 -0.078542 0.48417 -0.25508 0.12885 -0.080452 0.098318 -0.42556 0.0394 0.093223 -0.43673 -0.069033 0.16041 -0.75344 0.017002 0.15138 -0.76476 -0.094161 0.11163 -0.82927 0.037576 0.090234 -0.83258 0.041225 -0.1245 0.58276
-0.10648 -0.0067273 0.3486 0.17027 -0.044457 0.30192 0.043627 -0.038843 0.40509 0.0077006 -0.0078703 0.067708 -0.056974 0.0026261 -0.048396 0.047542 0.0026261 -0.057688 -0.17259 0.090027 0.11069 0.29363 -0.041564 0.054852 -0.1936 -0.098596 -0.029116 0.43198 -0.219 0.071119 -0.20153 -0.1585 -0.083491 0.48891 -0.25099 0.11247 -0.080505 0.09833 -0.42553 0.039392 0.093329 -0.4367 -0.069176 0.16045 -0.75341 0.016958 0.15146 -0.76474 -0.094374 0.11175 -0.82926 0.037528 0.090318 -0.83256 0.041291 -0.12439 0.58283
-0.10644 -0.0065117 0.34867 0.17036 -0.044361 0.302 0.043645 -0.038871 0.40508 0.0077096 -0.0078809 0.067705 -0.056991 0.0026303 -0.048375 0.04755 0.0026303 -0.057681 -0.17272 0.092101 0.11148 0.29219 -0.037738 0.055775 -0.19598 -0.09332 -0.032401 0.43442 -0.21421 0.05931 -0.2036 -0.1514 -0.088917 0.49433 -0.24779 0.09529 -0.080552 0.098343 -0.42551 0.039388 0.093428 -0.43667 -0.069309 0.1605 -0.75338 0.016922 0.15153 -0.76471 -0.094579 0.11187 -0.82926 0.037486 0.090398 -0.83254 0.041348 -0.12428 0.58289
-0.1064 -0.006278 0.34873 0.17044 -0.044259 0.30207 0.043653 -0.038891 0.40508 0.007717 -0.0078902 0.067703 -0.057008 0.0026343 -0.048354 0.047558 0.0026343 -0.057675 -0.17289 0.094222 0.11226 0.29082 -0.034572 0.057619 -0.19842 -0.087755 -0.035954 0.43737 -0.20998 0.04734 -0.2057 -0.14384 -0.094842 0.50048 -0.24554 0.07729 -0.080594 0.098355 -0.42548 0.03939 0.09352 -0.43664 -0.069434 0.16054 -0.75335 0.016894 0.15159 -0.76468 -0.094774 0.11198 -0.82925 0.037452 0.090473 -0.83253 0.041398 -0.12417 0.58295
-0.10637 -0.0060258 0.3488 0.17051 -0.044151 0.30215 0.043651 -0.038903 0.40508 0.0077228 -0.0078981 0.067702 -0.057024 0.0026382 -0.048336 0.047566 0.0026382 -0.057668 -0.1731 0.096397 0.11303 0.28953 -0.032121 0.060446 -0.20094 -0.081885 -0.039784 0.44088 -0.20636 0.035217 -0.20783 -0.13578 -0.10129 0.5074 -0.24433 0.058446 -0.08063 0.098369 -0.42546 0.039397 0.093606 -0.43662 -0.06955 0.16058 -0.75333 0.016874 0.15165 -0.76466 -0.094958 0.11209 -0.82925 0.037426 0.090544 -0.83252 0.041439 -0.12408 0.583
-0.10635 -0.0057547 0.34887 0.17056 -0.044038 0.30222 0.043638 -0.038908 0.40508 0.0077267 -0.0079047 0.0677 -0.057039 0.002642 -0.048318 0.047573 0.002642 -0.057661 -0.17336 0.098635 0.11379 0.28833 -0.030441 0.064318 -0.20354 -0.075692 -0.043905 0.44499 -0.20341 0.022953 -0.20999 -0.1272 -0.10828 0.51515 -0.24424 0.038734 -0.080659 0.098382 -0.42544 0.03941 0.093685 -0.43659 -0.069656 0.16062 -0.7533 0.016863 0.15171 -0.76464 -0.095132 0.11219 -0.82924 0.037409 0.090609 -0.8325 0.041471 -0.12398 0.58304
