-0.13431 0.067713 0.30114 0.11745 0.032302 0.27938 -0.0013795 0.037389 0.3915 0.0062823 0.045457 0.050988 -0.057644 -0.0057095 -0.047325 0.056419 -0.0057095 -0.048778 -0.25739 0.055987 0.065845 0.26236 0.069801 0.059739 -0.19673 -0.15371 -0.02644 0.24536 -0.012024 0.28152 -0.20318 -0.18666 -0.10202 0.24473 -0.033417 0.3614 -0.1699 -0.31547 -0.25563 0.13056 -0.31956 -0.26774 -0.21695 -0.35713 -0.58357 0.11148 -0.29776 -0.60038 -0.2611 -0.41818 -0.6391 0.14839 -0.32475 -0.68205 -0.028551 -0.020649 0.57807
-0.13306 0.06749 0.29954 0.11737 0.031043 0.27942 -0.0015108 0.035965 0.39147 0.0063201 0.045446 0.051017 -0.057133 -0.0055899 -0.047949 0.056505 -0.0055899 -0.048696 -0.24585 0.059702 0.058656 0.25985 0.063315 0.054921 -0.18225 -0.16396 0.030593 0.23103 -0.01186 0.27753 -0.18612 -0.23246 0.01235 0.22354 -0.030958 0.3573 -0.16984 -0.31577 -0.25538 0.13075 -0.31926 -0.26788 -0.21598 -0.35579 -0.5836 0.11182 -0.29787 -0.60056 -0.26012 -0.42165 -0.63375 0.14865 -0.32473 -0.68231 -0.030215 -0.023548 0.57732
-0.13261 0.066544 0.29946 0.11758 0.029404 0.27946 -0.0013011 0.034274 0.39151 0.006298 0.045362 0.051097 -0.056721 -0.0054645 -0.04845 0.056589 -0.0054645 -0.048612 -0.24063 0.061993 0.056121 0.26342 0.061035 0.056679 -0.18228 -0.17037 0.057623 0.22392 -0.0071908 0.27984 -0.18877 -0.25517 0.067496 0.21042 -0.024372 0.35926 -0.16965 -0.31601 -0.25522 0.13097 -0.31894 -0.26803 -0.21569 -0.35596 -0.58346 0.11217 -0.29789 -0.60073 -0.2591 -0.42398 -0.63165 0.14896 -0.32474 -0.6825 -0.031836 -0.026129 0.57678
-0.13276 0.065005 0.30064 0.11808 0.027457 0.27953 -0.00081149 0.03223 0.39159 0.0062432 0.045215 0.051222 -0.056396 -0.0053357 -0.048845 0.056672 -0.0053357 -0.048529 -0.24029 0.062935 0.057223 0.27168 0.062193 0.063815 -0.19422 -0.17289 0.060969 0.22264 0.00085438 0.28722 -0.20685 -0.25941 0.076377 0.20396 -0.014728 0.36609 -0.16933 -0.31621 -0.25512 0.13121 -0.31862 -0.26818 -0.21571 -0.35712 -0.58321 0.11253 -0.29783 -0.6009 -0.25794 -0.42524 -0.63204 0.1493 -0.32477 -0.68265 -0.033386 -0.028683 0.57635
-0.13334 0.063001 0.30282 0.11886 0.025278 0.27968 -0.00010316 0.029747 0.39168 0.0061831 0.045014 0.051388 -0.056144 -0.0052059 -0.049151 0.05675 -0.0052059 -0.048449 -0.24339 0.062604 0.060944 0.28326 0.066018 0.075135 -0.21547 -0.17151 0.04695 0.22575 0.011147 0.29845 -0.23608 -0.24981 0.051953 0.20274 -0.0030911 0.37663 -0.1689 -0.31638 -0.25507 0.13144 -0.31828 -0.26833 -0.21571 -0.35876 -0.58295 0.11288 -0.29773 -0.60108 -0.25652 -0.42555 -0.63418 0.14965 -0.32481 -0.68279 -0.034838 -0.031501 0.57596
-0.13415 0.060664 0.30575 0.11991 0.02294 0.27994 0.00076268 0.026739 0.39177 0.0061448 0.044769 0.05159 -0.055949 -0.0050775 -0.049387 0.056823 -0.0050775 -0.048376 -0.24847 0.061076 0.066266 0.29678 0.07174 0.089443 -0.24342 -0.16619 0.021885 0.23183 0.02256 0.31227 -0.27218 -0.23099 0.0071795 0.20535 0.0094709 0.38972 -0.16836 -0.31655 -0.25503 0.13164 -0.31795 -0.2685 -0.21534 -0.36036 -0.58274 0.11324 -0.29761 -0.60127 -0.25473 -0.42501 -0.63731 0.15001 -0.32486 -0.68292 -0.036163 -0.034876 0.57551
-0.135 0.058124 0.30916 0.12122 0.020518 0.28035 0.0017248 0.02312 0.39182 0.0061556 0.044489 0.051822 -0.055799 -0.0049529 -0.049568 0.056887 -0.0049529 -0.048311 -0.2541 0.058426 0.072173 0.31084 0.07859 0.10554 -0.27547 -0.15689 -0.0079079 0.23947 0.033963 0.32747 -0.31087 -0.20755 -0.044985 0.21037 0.021891 0.4042 -0.16771 -0.31675 -0.255 0.13179 -0.31764 -0.26868 -0.21425 -0.36141 -0.58268 0.11359 -0.2975 -0.60148 -0.25247 -0.42369 -0.6407 0.15036 -0.32491 -0.68307 -0.037333 -0.039098 0.57492
-0.13572 0.05551 0.31281 0.1228 0.018086 0.28093 0.0027221 0.018805 0.39181 0.0062427 0.044185 0.05208 -0.055679 -0.0048345 -0.049714 0.056943 -0.0048345 -0.048259 -0.25883 0.05473 0.077646 0.32408 0.085797 0.12224 -0.30901 -0.1436 -0.036109 0.24724 0.044229 0.34281 -0.34788 -0.18413 -0.091583 0.21638 0.033104 0.41889 -0.16696 -0.31699 -0.25495 0.13185 -0.31734 -0.26888 -0.21208 -0.3614 -0.58283 0.11393 -0.29743 -0.6017 -0.24961 -0.42172 -0.64358 0.15068 -0.32495 -0.68327 -0.038322 -0.044459 0.57411
-0.13612 0.052949 0.31644 0.12462 0.015715 0.28174 0.0036924 0.013707 0.39171 0.0064325 0.043864 0.052359 -0.055575 -0.0047244 -0.049841 0.056986 -0.0047244 -0.048223 -0.26123 0.050068 0.081685 0.33512 0.092592 0.13833 -0.34145 -0.12629 -0.05645 0.25373 0.052238 0.35706 -0.37894 -0.1653 -0.11978 0.22198 0.042048 0.43264 -0.16611 -0.31729 -0.25485 0.13181 -0.31707 -0.2691 -0.20851 -0.35981 -0.58328 0.11426 -0.29742 -0.60196 -0.24606 -0.41917 -0.64522 0.15097 -0.32499 -0.68353 -0.0391 -0.051248 0.57299
-0.13619 0.050308 0.3199 0.12665 0.013276 0.28295 0.0045114 0.0076709 0.39156 0.006695 0.043427 0.052728 -0.055479 -0.0046114 -0.049962 0.057014 -0.0046114 -0.048207 -0.2615 0.044846 0.084435 0.34313 0.098193 0.15277 -0.3703 -0.10621 -0.066105 0.258 0.057503 0.36938 -0.40178 -0.15317 -0.12495 0.22598 0.048178 0.44463 -0.1651 -0.31765 -0.25475 0.13167 -0.3168 -0.26936 -0.20351 -0.35638 -0.58408 0.1146 -0.29747 -0.60227 -0.24168 -0.41596 -0.64552 0.15125 -0.32501 -0.68386 -0.039618 -0.059553 0.57166
-0.1362 0.047031 0.32326 0.12874 0.010314 0.28501 0.0049537 0.00043416 0.39148 0.0069089 0.042605 0.053373 -0.055386 -0.0044618 -0.05008 0.057013 -0.0044618 -0.048224 -0.26241 0.039994 0.087903 0.34821 0.1018 0.1647 -0.39331 -0.086629 -0.067846 0.25987 0.060564 0.37958 -0.41737 -0.14582 -0.11585 0.22759 0.051777 0.4546 -0.1638 -0.31796 -0.25481 0.13148 -0.31644 -0.26974 -0.19765 -0.3512 -0.58521 0.11498 -0.29749 -0.60268 -0.23633 -0.41171 -0.6454 0.15162 -0.32505 -0.68428 -0.039792 -0.069134 0.57053
-0.13645 0.042528 0.3266 0.13076 0.0063436 0.28838 0.0047848 -0.0082769 0.3916 0.0069441 0.041111 0.054491 -0.055294 -0.0042402 -0.050199 0.056975 -0.0042402 -0.048285 -0.26699 0.036493 0.094266 0.3505 0.10261 0.17331 -0.40822 -0.071014 -0.064952 0.25921 0.062054 0.38751 -0.42693 -0.14096 -0.10243 0.22603 0.053205 0.46236 -0.16206 -0.31815 -0.25517 0.13131 -0.31592 -0.27027 -0.19151 -0.34442 -0.58667 0.11546 -0.2974 -0.60328 -0.22988 -0.406 -0.64588 0.15216 -0.32513 -0.68479 -0.039534 -0.079724 0.57004
-0.13723 0.036219 0.32999 0.13257 0.00089366 0.29348 0.0037792 -0.018722 0.39206 0.0066744 0.038665 0.056268 -0.0552 -0.0039111 -0.050322 0.056888 -0.0039111 -0.048403 -0.27815 0.035274 0.10562 0.35019 0.099876 0.17781 -0.41289 -0.062694 -0.06064 0.25595 0.062575 0.39304 -0.43168 -0.13636 -0.094408 0.22063 0.052817 0.46771 -0.15973 -0.31811 -0.25599 0.1312 -0.31513 -0.27103 -0.18568 -0.33619 -0.58844 0.11607 -0.29711 -0.6041 -0.2222 -0.39844 -0.64795 0.15297 -0.32526 -0.68539 -0.038758 -0.091067 0.5706
-0.13864 0.02794 0.33334 0.13406 -0.0061617 0.30016 0.0019458 -0.030808 0.39279 0.0060666 0.035148 0.058635 -0.05508 -0.0034423 -0.050478 0.056751 -0.0034423 -0.04858 -0.2958 0.036025 0.12201 0.3476 0.093957 0.17863 -0.40803 -0.061577 -0.056325 0.25091 0.061885 0.39602 -0.43183 -0.131 -0.094597 0.21285 0.050771 0.4705 -0.15672 -0.31782 -0.25729 0.13126 -0.31401 -0.27204 -0.18032 -0.3265 -0.59039 0.11684 -0.29651 -0.60518 -0.21341 -0.38872 -0.65174 0.15411 -0.32532 -0.68609 -0.037417 -0.10321 0.57207
-0.14058 0.017962 0.33638 0.13514 -0.014577 0.30759 -0.00045461 -0.044064 0.39354 0.0051876 0.030613 0.061248 -0.054886 -0.0028049 -0.050722 0.056578 -0.0028049 -0.048814 -0.31666 0.037103 0.14126 0.34321 0.086437 0.1775 -0.39737 -0.063905 -0.051501 0.24582 0.058838 0.39633 -0.42659 -0.12521 -0.09846 0.20645 0.04702 0.47065 -0.15305 -0.31736 -0.25894 0.13163 -0.3125 -0.2733 -0.1751 -0.31522 -0.59227 0.11779 -0.29542 -0.60649 -0.20396 -0.37663 -0.6565 0.15557 -0.32503 -0.68689 -0.035503 -0.11654 0.5737
-0.14291 0.0065829 0.33884 0.13571 -0.02409 0.31493 -0.0031492 -0.057999 0.39405 0.0041089 0.025122 0.063747 -0.054571 -0.0019701 -0.051108 0.056378 -0.0019701 -0.049102 -0.33726 0.036798 0.16108 0.33751 0.078956 0.17619 -0.38479 -0.065738 -0.04557 0.24251 0.052247 0.39384 -0.41508 -0.11935 -0.10109 0.20529 0.041505 0.46807 -0.14872 -0.31676 -0.26082 0.13243 -0.31055 -0.27479 -0.16969 -0.30221 -0.59381 0.11894 -0.29368 -0.608 -0.19431 -0.36199 -0.66143 0.15735 -0.32412 -0.68776 -0.033014 -0.13144 0.57471
-0.14553 -0.0059155 0.34045 0.13572 -0.034439 0.32137 -0.0058705 -0.072147 0.39404 0.0029034 0.018757 0.06579 -0.054091 -0.00090367 -0.051686 0.056165 -0.00090367 -0.049436 -0.35433 0.033514 0.17929 0.331 0.073061 0.17639 -0.37396 -0.063417 -0.037998 0.24258 0.041079 0.38866 -0.3967 -0.11381 -0.097932 0.21288 0.034237 0.46296 -0.14373 -0.3161 -0.26281 0.13381 -0.30808 -0.27651 -0.16377 -0.28736 -0.59475 0.1203 -0.29113 -0.60969 -0.18488 -0.34466 -0.66575 0.15945 -0.32231 -0.68873 -0.029944 -0.14826 0.57437
-0.14832 -0.019412 0.34123 0.13527 -0.045373 0.32666 -0.008424 -0.086369 0.39335 0.0016587 0.011834 0.067249 -0.053465 0.00050128 -0.052384 0.055939 0.00050128 -0.049759 -0.36701 0.027167 0.19493 0.32408 0.069066 0.17849 -0.36592 -0.056997 -0.029146 0.24512 0.026407 0.38414 -0.37423 -0.10897 -0.08886 0.22754 0.026111 0.45895 -0.13814 -0.31521 -0.26482 0.13586 -0.30493 -0.27843 -0.15714 -0.27096 -0.59501 0.1221 -0.28773 -0.61155 -0.17571 -0.32521 -0.66904 0.16197 -0.31944 -0.68992 -0.026308 -0.16673 0.57248
-0.1512 -0.033899 0.34135 0.13461 -0.056654 0.33094 -0.010667 -0.10075 0.39186 0.00047263 0.0048398 0.068149 -0.052756 0.002403 -0.05305 0.055694 0.002403 -0.049982 -0.37613 0.018737 0.2079 0.31709 0.066415 0.18195 -0.35978 -0.049159 -0.020008 0.24741 0.010787 0.38593 -0.35288 -0.10521 -0.076914 0.24399 0.018652 0.4621 -0.13202 -0.31382 -0.26681 0.13867 -0.30083 -0.28047 -0.14971 -0.25358 -0.59459 0.12467 -0.28353 -0.61357 -0.1666 -0.30474 -0.67116 0.16507 -0.31545 -0.69156 -0.02213 -0.18611 0.56921
-0.15407 -0.049373 0.34103 0.13399 -0.068043 0.33436 -0.012457 -0.1154 0.38945 -0.00055643 -0.0017351 0.068515 -0.052028 0.0049609 -0.053531 0.055426 0.0049609 -0.050011 -0.38254 0.0092304 0.21815 0.31039 0.06453 0.18622 -0.35465 -0.042638 -0.011591 0.24672 -0.0031902 0.3997 -0.33788 -0.10291 -0.0652 0.25684 0.013398 0.47856 -0.12546 -0.31164 -0.26876 0.1423 -0.29555 -0.28259 -0.14138 -0.23581 -0.59352 0.12834 -0.27857 -0.61575 -0.15734 -0.28435 -0.67195 0.16892 -0.31026 -0.69386 -0.017435 -0.20567 0.56477
-0.15679 -0.065832 0.34038 0.13365 -0.079363 0.33701 -0.013633 -0.13043 0.386 -0.0013355 -0.0074695 0.068374 -0.051343 0.0082937 -0.053684 0.055126 0.0082937 -0.049768 -0.38706 -0.00050661 0.2257 0.30429 0.062856 0.19079 -0.34967 -0.039848 -0.0047321 0.24109 -0.013011 0.42888 -0.3336 -0.10239 -0.056439 0.26178 0.011855 0.51175 -0.11854 -0.30845 -0.27063 0.1468 -0.28888 -0.28474 -0.13213 -0.21823 -0.59185 0.13336 -0.27284 -0.61807 -0.14777 -0.26508 -0.67134 0.17358 -0.30384 -0.69698 -0.012227 -0.22475 0.55929
-0.15886 -0.08329 0.33916 0.13388 -0.090912 0.33863 -0.013878 -0.14621 0.38115 -0.0018109 -0.012466 0.067745 -0.050752 0.01221 -0.053445 0.054775 0.01221 -0.049269 -0.39018 -0.010836 0.23141 0.29901 0.060986 0.19554 -0.34439 -0.040715 0.00105 0.23468 -0.016728 0.45943 -0.33758 -0.10349 -0.050421 0.2626 0.015291 0.54438 -0.11147 -0.30435 -0.27245 0.15191 -0.281 -0.287 -0.12259 -0.20151 -0.58992 0.13903 -0.26565 -0.62048 -0.13835 -0.24744 -0.66988 0.17832 -0.29622 -0.70037 -0.0063621 -0.24344 0.55268
-0.15962 -0.10177 0.33689 0.13494 -0.10321 0.33878 -0.012804 -0.16323 0.3745 -0.0019473 -0.01707 0.066644 -0.050301 0.016373 -0.052792 0.054347 0.016373 -0.048576 -0.39222 -0.022678 0.23653 0.29469 0.058584 0.20053 -0.33856 -0.044018 0.0068419 0.23446 -0.012659 0.46931 -0.3442 -0.10579 -0.045588 0.26683 0.024858 0.54962 -0.10451 -0.29963 -0.2743 0.15721 -0.27226 -0.28947 -0.11365 -0.18635 -0.58824 0.14425 -0.25605 -0.62292 -0.12979 -0.23173 -0.66842 0.18203 -0.28751 -0.70319 0.0003729 -0.26212 0.54471
-0.15841 -0.12129 0.33313 0.13711 -0.11678 0.337 -0.010024 -0.18196 0.36561 -0.0017094 -0.021628 0.065088 -0.050036 0.020448 -0.0517 0.053817 0.020448 -0.047749 -0.3935 -0.036955 0.24228 0.2915 0.055313 0.20581 -0.33192 -0.048529 0.013734 0.24743 0.00087973 0.43638 -0.34783 -0.1089 -0.040372 0.28204 0.041712 0.50058 -0.097911 -0.29456 -0.27623 0.16232 -0.26304 -0.2923 -0.10623 -0.17347 -0.58728 0.14793 -0.24309 -0.62531 -0.12281 -0.21823 -0.66778 0.18363 -0.27781 -0.7046 0.0081921 -0.28118 0.53513
-0.15488 -0.14166 0.32754 0.14048 -0.13203 0.333 -0.0054423 -0.20262 0.35424 -0.0011072 -0.026395 0.063111 -0.049971 0.024152 -0.050185 0.05318 0.024152 -0.046828 -0.39409 -0.05388 0.24923 0.28952 0.050745 0.21131 -0.3245 -0.052791 0.022125 0.27812 0.024376 0.34658 -0.34431 -0.11193 -0.033982 0.31335 0.066038 0.38039 -0.092068 -0.28932 -0.27835 0.16677 -0.25373 -0.29552 -0.10109 -0.16321 -0.58746 0.14918 -0.22625 -0.62755 -0.11803 -0.20691 -0.66868 0.18223 -0.26729 -0.70398 0.016979 -0.30088 0.52383
-0.15015 -0.16169 0.32033 0.14425 -0.14889 0.3272 -0.00033689 -0.22411 0.34103 -0.00036295 -0.031208 0.060825 -0.049974 0.027455 -0.048449 0.05253 0.027455 -0.045755 -0.39281 -0.070331 0.25468 0.28859 0.044022 0.21635 -0.31772 -0.05426 0.029179 0.31961 0.052731 0.22337 -0.33634 -0.11181 -0.029264 0.35463 0.093481 0.21909 -0.087954 -0.28353 -0.28099 0.16982 -0.24496 -0.29881 -0.098288 -0.15435 -0.58883 0.14806 -0.2072 -0.62944 -0.11568 -0.19615 -0.67111 0.17799 -0.25646 -0.70172 0.025068 -0.3208 0.51114
-0.14575 -0.17987 0.31192 0.14738 -0.16714 0.32023 0.0036129 -0.24495 0.32689 0.00023899 -0.035778 0.058367 -0.049869 0.030399 -0.046749 0.05199 0.030399 -0.044444 -0.38816 -0.082213 0.25501 0.28848 0.034162 0.22009 -0.31339 -0.050076 0.031112 0.36159 0.079209 0.10123 -0.32862 -0.10483 -0.030129 0.39641 0.11836 0.060473 -0.086724 -0.27667 -0.28453 0.17064 -0.2374 -0.30176 -0.097682 -0.14516 -0.59133 0.14494 -0.18822 -0.63074 -0.11585 -0.18386 -0.67488 0.17137 -0.24592 -0.69853 0.03034 -0.34031 0.49755
-0.14325 -0.19472 0.30269 0.14882 -0.18657 0.31271 0.0047285 -0.26367 0.31271 0.00041441 -0.039817 0.055874 -0.049481 0.033027 -0.045341 0.051681 0.033027 -0.042807 -0.37862 -0.085431 0.2466 0.28895 0.020181 0.22168 -0.31332 -0.037381 0.024142 0.39378 0.097078 0.014601 -0.32586 -0.087252 -0.040487 0.42924 0.135 -0.051698 -0.089528 -0.26823 -0.28936 0.16842 -0.23175 -0.30395 -0.099125 -0.13393 -0.59489 0.14018 -0.17161 -0.6312 -0.11862 -0.16797 -0.67983 0.16283 -0.23627 -0.69509 0.030678 -0.35882 0.48354
-0.14353 -0.20528 0.2931 0.14801 -0.20657 0.30525 0.0021431 -0.27914 0.29935 5.1005e-06 -0.043133 0.053459 -0.048733 0.035366 -0.044375 0.051675 0.035366 -0.040826 -0.36387 -0.077964 0.22835 0.28981 0.0020442 0.2207 -0.31828 -0.015146 0.0071302 0.40943 0.10239 -0.01477 -0.33074 -0.057689 -0.061459 0.44683 0.14018 -0.089924 -0.096736 -0.25802 -0.29562 0.16293 -0.22832 -0.30516 -0.10225 -0.11964 -0.59932 0.13427 -0.15877 -0.63072 -0.12376 -0.1475 -0.68559 0.15302 -0.22779 -0.69197 0.025075 -0.37564 0.46975
-0.14557 -0.21221 0.28383 0.14589 -0.22544 0.29847 -0.0026346 -0.2913 0.28754 -0.00077835 -0.045812 0.051169 -0.047845 0.037391 -0.04368 0.051887 0.037391 -0.03868 -0.34711 -0.063857 0.20659 0.29101 -0.017518 0.21808 -0.32589 0.012305 -0.013332 0.41213 0.09938 -0.0023742 -0.34001 -0.021527 -0.086014 0.45216 0.13795 -0.07431 -0.10642 -0.24686 -0.30273 0.15565 -0.22639 -0.30579 -0.10601 -0.10328 -0.60403 0.12807 -0.14859 -0.6296 -0.13011 -0.1246 -0.69136 0.14311 -0.21987 -0.68924 0.015772 -0.38984 0.45727
-0.14801 -0.21645 0.27561 0.14363 -0.24127 0.29295 -0.0076634 -0.30023 0.27801 -0.0016583 -0.047989 0.049039 -0.047087 0.039071 -0.043032 0.052205 0.039071 -0.036586 -0.33218 -0.048257 0.18899 0.29251 -0.03527 0.21496 -0.33323 0.039675 -0.029246 0.40736 0.09374 0.029527 -0.34937 0.014607 -0.10564 0.44987 0.13365 -0.03362 -0.11625 -0.23577 -0.30998 0.14839 -0.22502 -0.30636 -0.10926 -0.086201 -0.60835 0.12255 -0.13946 -0.62822 -0.13632 -0.10204 -0.69626 0.13437 -0.21173 -0.6869 0.0056037 -0.4005 0.44728
-0.14948 -0.21893 0.26915 0.14243 -0.25216 0.28929 -0.01101 -0.30605 0.27147 -0.0023579 -0.0498 0.047104 -0.04673 0.040373 -0.042203 0.05252 0.040373 -0.03476 -0.32292 -0.036289 0.18319 0.2943 -0.047991 0.21249 -0.33738 0.061692 -0.032661 0.4006 0.091157 0.058756 -0.35451 0.044123 -0.11186 0.44463 0.13262 0.0034884 -0.12388 -0.22572 -0.31666 0.14295 -0.2233 -0.30738 -0.11086 -0.069762 -0.61163 0.11864 -0.12981 -0.62695 -0.14106 -0.082547 -0.69939 0.12808 -0.20257 -0.68497 -0.0026095 -0.40667 0.44096
-0.14917 -0.22024 0.26475 0.14288 -0.25712 0.28751 -0.01161 -0.30897 0.26821 -0.0026993 -0.051301 0.045439 -0.046872 0.041313 -0.041107 0.052735 0.041313 -0.033354 -0.32068 -0.030451 0.19187 0.29619 -0.053931 0.21094 -0.33685 0.075925 -0.020756 0.39551 0.094764 0.071987 -0.35318 0.063913 -0.10164 0.43969 0.1377 0.01989 -0.12816 -0.21686 -0.3226 0.14019 -0.22025 -0.30945 -0.11043 -0.054639 -0.61394 0.11671 -0.11843 -0.6264 -0.14377 -0.067016 -0.70082 0.12471 -0.19172 -0.68381 -0.0073458 -0.40809 0.43879
-0.14726 -0.22029 0.26192 0.14443 -0.25693 0.28658 -0.01002 -0.30942 0.26777 -0.0026899 -0.052398 0.044192 -0.047292 0.041996 -0.03991 0.052786 0.041996 -0.032404 -0.32225 -0.028322 0.20847 0.29774 -0.054094 0.20896 -0.33277 0.085269 -0.00031637 0.39246 0.10292 0.072481 -0.34695 0.077399 -0.082028 0.43573 0.14714 0.020067 -0.13016 -0.20774 -0.32859 0.13925 -0.21486 -0.31333 -0.10908 -0.04025 -0.6167 0.11603 -0.10486 -0.62756 -0.14532 -0.052924 -0.70238 0.12326 -0.17868 -0.68444 -0.0095184 -0.40578 0.43995
-0.14406 -0.21895 0.26008 0.14644 -0.25253 0.28532 -0.0069786 -0.30784 0.2696 -0.0023571 -0.05298 0.04352 -0.047735 0.042535 -0.03881 0.052611 0.042535 -0.031934 -0.32389 -0.026944 0.22539 0.29846 -0.049788 0.20503 -0.32659 0.093202 0.020814 0.39141 0.11345 0.065324 -0.33779 0.088721 -0.061225 0.43312 0.15867 0.010874 -0.13118 -0.19671 -0.33554 0.13907 -0.2061 -0.31981 -0.10806 -0.025879 -0.62151 0.11578 -0.088732 -0.63146 -0.14679 -0.037367 -0.70609 0.12255 -0.16298 -0.68797 -0.010308 -0.40091 0.44351
-0.13987 -0.21606 0.25867 0.14827 -0.24489 0.28261 -0.0032156 -0.30467 0.27313 -0.0017297 -0.052942 0.043573 -0.047949 0.043043 -0.037998 0.052151 0.043043 -0.031965 -0.32196 -0.023418 0.23518 0.29789 -0.042318 0.19764 -0.31974 0.10313 0.034934 0.39233 0.12421 0.055536 -0.32768 0.10194 -0.047265 0.43223 0.17004 -0.00092022 -0.1325 -0.18218 -0.34433 0.13859 -0.19295 -0.32964 -0.10861 -0.010826 -0.6299 0.11514 -0.06968 -0.63911 -0.14918 -0.017534 -0.71392 0.12144 -0.14418 -0.69547 -0.010868 -0.39462 0.44853
-0.13518 -0.2119 0.25766 0.14972 -0.23519 0.27837 0.00076709 -0.30029 0.27789 -0.00087205 -0.052313 0.04432 -0.047883 0.043529 -0.037537 0.051419 0.043529 -0.032483 -0.31545 -0.017004 0.23516 0.29583 -0.032955 0.18683 -0.31341 0.11596 0.039216 0.39418 0.13417 0.045994 -0.31818 0.11836 -0.043107 0.4323 0.18026 -0.011603 -0.13453 -0.16399 -0.35496 0.13735 -0.17544 -0.34259 -0.1111 0.0050089 -0.64195 0.11373 -0.048027 -0.65042 -0.15266 0.0061683 -0.72604 0.1195 -0.12252 -0.70688 -0.011428 -0.38767 0.45435
-0.1307 -0.20726 0.25763 0.15114 -0.22492 0.27384 0.0047489 -0.29501 0.28348 0.00010739 -0.051292 0.045501 -0.047726 0.043877 -0.03733 0.050515 0.043877 -0.033432 -0.30665 -0.0096121 0.22847 0.29239 -0.022926 0.17446 -0.30854 0.12955 0.03682 0.39469 0.14362 0.036929 -0.31038 0.13592 -0.045467 0.43123 0.18986 -0.021216 -0.13665 -0.1437 -0.36636 0.13559 -0.15481 -0.35718 -0.11491 0.020983 -0.65597 0.11175 -0.024929 -0.66394 -0.15629 0.029379 -0.74041 0.11715 -0.099178 -0.72076 -0.011078 -0.38035 0.46068
-0.12715 -0.20296 0.25921 0.15291 -0.21557 0.27031 0.0085264 -0.2891 0.28949 0.0010975 -0.050085 0.046843 -0.047683 0.043965 -0.037269 0.049544 0.043965 -0.034751 -0.29802 -0.0033152 0.21863 0.28773 -0.013453 0.16252 -0.30603 0.14154 0.031273 0.39154 0.15291 0.028413 -0.30533 0.15233 -0.050679 0.42684 0.19946 -0.03003 -0.13817 -0.12302 -0.37738 0.13358 -0.1324 -0.37188 -0.1193 0.03641 -0.67015 0.1094 -0.0015925 -0.67816 -0.15909 0.047497 -0.75484 0.1149 -0.075339 -0.73557 -0.0088425 -0.37292 0.46727
-0.12519 -0.19977 0.26297 0.15539 -0.20853 0.26903 0.011904 -0.28287 0.29556 0.0019911 -0.048896 0.048084 -0.047947 0.043677 -0.037253 0.048611 0.043677 -0.036379 -0.29191 -7.158e-05 0.20902 0.28199 -0.0057039 0.15289 -0.30672 0.14972 0.025939 0.38253 0.16238 0.02047 -0.30398 0.16542 -0.055245 0.41712 0.20959 -0.038329 -0.13844 -0.10356 -0.38694 0.13159 -0.10951 -0.3852 -0.1236 0.050633 -0.68273 0.10689 0.020807 -0.69161 -0.16013 0.05623 -0.76724 0.1132 -0.052178 -0.74983 -0.0038223 -0.36563 0.47384
-0.1247 -0.19765 0.26838 0.15833 -0.20363 0.26993 0.014809 -0.27641 0.30152 0.0027432 -0.047828 0.049113 -0.048512 0.043008 -0.037293 0.047773 0.043008 -0.038216 -0.28851 3.4271e-05 0.20056 0.27535 4.1834e-05 0.14551 -0.30992 0.15376 0.021499 0.36791 0.17152 0.012354 -0.30574 0.1748 -0.058431 0.40273 0.21945 -0.046564 -0.13748 -0.085842 -0.39474 0.12954 -0.087046 -0.39657 -0.12747 0.063504 -0.6932 0.10427 0.041641 -0.7036 -0.15946 0.056392 -0.77712 0.11197 -0.030349 -0.76285 0.0035655 -0.35846 0.4803
-0.12489 -0.19591 0.27401 0.16101 -0.19946 0.27195 0.017272 -0.26969 0.3074 0.0033595 -0.046907 0.049945 -0.049209 0.042041 -0.037484 0.047052 0.042041 -0.040137 -0.28631 -0.0015579 0.19224 0.26802 0.0042309 0.1388 -0.31376 0.15493 0.016449 0.34991 0.17915 0.0026927 -0.30871 0.18152 -0.061753 0.38655 0.22714 -0.055326 -0.13583 -0.069479 -0.40115 0.12709 -0.065593 -0.40614 -0.13085 0.075286 -0.70198 0.10143 0.060722 -0.71414 -0.15794 0.052947 -0.78524 0.11067 -0.010086 -0.7746 0.011836 -0.3512 0.48668
-0.12495 -0.19385 0.27841 0.16272 -0.19453 0.27396 0.019322 -0.26266 0.31322 0.0038472 -0.046155 0.0506 -0.049865 0.040863 -0.037927 0.04647 0.040863 -0.042013 -0.28374 -0.0033639 0.18294 0.26022 0.0073303 0.13111 -0.31631 0.15449 0.0092235 0.33078 0.18408 -0.0099053 -0.31099 0.18668 -0.066791 0.37153 0.23075 -0.065208 -0.13407 -0.05406 -0.40656 0.12388 -0.045718 -0.41409 -0.13373 0.086254 -0.70955 0.098279 0.077875 -0.72322 -0.15645 0.050979 -0.79242 0.10875 0.0083906 -0.78504 0.019471 -0.34363 0.49303
-0.12418 -0.19083 0.28033 0.16281 -0.18757 0.27497 0.020982 -0.2553 0.31901 0.0042119 -0.04558 0.051104 -0.050324 0.039556 -0.038708 0.046044 0.039556 -0.043727 -0.27936 -0.0040569 0.17172 0.25211 0.0097566 0.12102 -0.31584 0.1536 -0.001575 0.31262 0.18526 -0.026593 -0.31085 0.1912 -0.074985 0.36023 0.22859 -0.07672 -0.13273 -0.039209 -0.41134 0.11961 -0.027926 -0.4206 -0.13607 0.096664 -0.71633 0.094709 0.092969 -0.73085 -0.1558 0.055042 -0.79939 0.10573 0.0249 -0.79416 0.025097 -0.33551 0.49939
-0.12272 -0.18687 0.28014 0.16146 -0.17889 0.27506 0.022194 -0.24764 0.32476 0.0044451 -0.045055 0.051568 -0.050579 0.038134 -0.03979 0.04578 0.038134 -0.045254 -0.27301 -0.003738 0.15875 0.2436 0.011463 0.10894 -0.31231 0.15198 -0.015815 0.29567 0.18288 -0.046363 -0.30819 0.19448 -0.086488 0.35191 0.2213 -0.089611 -0.132 -0.024874 -0.41556 0.11427 -0.012143 -0.42584 -0.13806 0.1066 -0.72243 0.090614 0.10623 -0.73715 -0.15611 0.064872 -0.80618 0.10146 0.039631 -0.80202 0.028622 -0.32645 0.50586
-0.1212 -0.18231 0.27914 0.15929 -0.1697 0.27484 0.022853 -0.23981 0.33048 0.0045305 -0.044379 0.052142 -0.050702 0.036579 -0.041072 0.045671 0.036579 -0.04662 -0.26521 -0.0032708 0.14485 0.23443 0.012157 0.096305 -0.30661 0.14863 -0.032549 0.27924 0.17784 -0.067054 -0.3038 0.19511 -0.10077 0.34407 0.21074 -0.10322 -0.13188 -0.011179 -0.41918 0.10803 0.0020154 -0.42998 -0.13997 0.11606 -0.72778 0.085883 0.1181 -0.74226 -0.15714 0.077633 -0.81243 0.09604 0.052968 -0.8087 0.030639 -0.31595 0.51261
-0.12025 -0.1775 0.2786 0.1569 -0.16119 0.27496 0.022856 -0.23189 0.33614 0.0044518 -0.043351 0.052979 -0.050768 0.03487 -0.042448 0.045714 0.03487 -0.04785 -0.2565 -0.0035261 0.13082 0.22435 0.011541 0.084547 -0.29962 0.14251 -0.050821 0.26261 0.17104 -0.086495 -0.29847 0.19168 -0.1173 0.33419 0.1988 -0.11689 -0.13239 0.0017549 -0.42215 0.10105 0.014936 -0.4332 -0.1421 0.12504 -0.7323 0.080406 0.129 -0.74633 -0.15865 0.090462 -0.81777 0.089531 0.0653 -0.8143 0.03175 -0.30353 0.51976
-0.12042 -0.17264 0.27961 0.1548 -0.15432 0.276 0.022086 -0.22389 0.34176 0.0041936 -0.041808 0.054196 -0.050837 0.032994 -0.043831 0.0459 0.032994 -0.048967 -0.24739 -0.0051207 0.11742 0.21325 0.0093988 0.074909 -0.29213 0.13297 -0.06969 0.24527 0.16318 -0.10287 -0.29286 0.18318 -0.13547 0.32039 0.18697 -0.12988 -0.13345 0.013874 -0.42443 0.093544 0.026922 -0.43567 -0.14457 0.13356 -0.73596 0.074207 0.13927 -0.74952 -0.16035 0.10097 -0.8219 0.08212 0.076921 -0.8189 0.032411 -0.28886 0.52743
-0.12177 -0.167 0.28212 0.15278 -0.14867 0.27814 0.020343 -0.21536 0.34748 0.0037447 -0.039793 0.055715 -0.0509 0.030973 -0.045202 0.046199 0.030973 -0.049984 -0.23829 -0.0072762 0.1051 0.20188 0.0059427 0.06758 -0.28439 0.12119 -0.0883 0.22792 0.15389 -0.11628 -0.28703 0.17094 -0.15438 0.30437 0.17467 -0.14105 -0.13463 0.025513 -0.42609 0.086021 0.037822 -0.43749 -0.14678 0.14186 -0.73885 0.068049 0.14873 -0.75196 -0.16171 0.10938 -0.82496 0.074546 0.087618 -0.8226 0.032296 -0.27245 0.53548
-0.12424 -0.15955 0.28568 0.15042 -0.14332 0.28148 0.017402 -0.20567 0.35349 0.0030957 -0.03742 0.057388 -0.050921 0.02884 -0.046571 0.046573 0.02884 -0.050909 -0.22959 -0.008737 0.094197 0.19125 0.0015318 0.062391 -0.27646 0.10902 -0.10582 0.21165 0.14245 -0.1275 -0.28082 0.1571 -0.17299 0.28906 0.16062 -0.14912 -0.13534 0.037142 -0.4272 0.07907 0.047327 -0.43878 -0.14786 0.15022 -0.74114 0.062951 0.157 -0.75377 -0.16211 0.11677 -0.82717 0.067744 0.097008 -0.82549 0.030812 -0.25513 0.5437
-0.12775 -0.14926 0.28988 0.14729 -0.13738 0.28608 0.013037 -0.19419 0.35998 0.0022371 -0.034806 0.059069 -0.050865 0.02663 -0.047946 0.046986 0.02663 -0.051753 -0.22168 -0.0082476 0.085061 0.1824 -0.0034742 0.059173 -0.2684 0.098307 -0.12143 0.19756 0.12813 -0.13731 -0.27406 0.14379 -0.19027 0.2774 0.14352 -0.15282 -0.13503 0.049228 -0.42787 0.073285 0.05513 -0.43963 -0.14695 0.15896 -0.743 0.059929 0.16373 -0.75509 -0.16091 0.12426 -0.82881 0.062644 0.1047 -0.82768 0.027365 -0.23771 0.55187
-0.13206 -0.13553 0.29429 0.14323 -0.13013 0.29189 0.0072934 -0.18053 0.36701 0.0011914 -0.03205 0.060639 -0.050714 0.024358 -0.049322 0.047415 0.024358 -0.052513 -0.21484 -0.005028 0.077898 0.17597 -0.0087071 0.057689 -0.26039 0.090241 -0.13451 0.1864 0.11066 -0.14628 -0.26677 0.13241 -0.20541 0.27089 0.12264 -0.15205 -0.13331 0.061905 -0.42817 0.069065 0.061095 -0.44011 -0.14361 0.16821 -0.74452 0.059591 0.16873 -0.756 -0.15782 0.13267 -0.83007 0.059862 0.11052 -0.82925 0.021749 -0.22079 0.55978
-0.1364 -0.11938 0.29862 0.13893 -0.12144 0.29839 0.0011434 -0.16517 0.37422 9.0467e-05 -0.02921 0.062066 -0.050507 0.021979 -0.050651 0.047882 0.021979 -0.053156 -0.20913 7.5446e-05 0.07246 0.17141 -0.013768 0.057477 -0.25294 0.083778 -0.14519 0.17769 0.091261 -0.15427 -0.25969 0.12193 -0.21836 0.26621 0.099144 -0.15077 -0.13057 0.074168 -0.42824 0.066139 0.065689 -0.44024 -0.13885 0.17763 -0.7456 0.061149 0.17237 -0.75654 -0.15361 0.1419 -0.83099 0.058924 0.11493 -0.83035 0.015094 -0.20429 0.56726
-0.13988 -0.10212 0.30258 0.13528 -0.11127 0.30496 -0.0042434 -0.14872 0.38116 -0.00091046 -0.026333 0.063335 -0.050297 0.019435 -0.051876 0.048423 0.019435 -0.053639 -0.20452 0.0058691 0.068403 0.1679 -0.018252 0.058027 -0.24666 0.077396 -0.15377 0.17072 0.071476 -0.161 -0.25367 0.11076 -0.2292 0.25898 0.074593 -0.1538 -0.1273 0.084765 -0.42819 0.064095 0.069502 -0.43999 -0.13401 0.18674 -0.74608 0.063515 0.17515 -0.7567 -0.1493 0.15167 -0.83158 0.059126 0.11856 -0.83108 0.008811 -0.18796 0.57414
-0.14161 -0.085085 0.3059 0.13318 -0.099635 0.31097 -0.0077005 -0.13184 0.38739 -0.0016566 -0.023467 0.064435 -0.050134 0.016669 -0.052938 0.049072 0.016669 -0.05392 -0.20099 0.011162 0.065381 0.16461 -0.021755 0.058829 -0.24214 0.06958 -0.16053 0.16477 0.052856 -0.16618 -0.24956 0.097332 -0.23805 0.24486 0.050554 -0.16594 -0.12403 0.092451 -0.42814 0.062519 0.073126 -0.43935 -0.13041 0.19509 -0.7458 0.065603 0.17759 -0.75648 -0.14589 0.16167 -0.83183 0.059762 0.12203 -0.83159 0.0043084 -0.17158 0.58023
-0.1412 -0.069292 0.30844 0.13307 -0.08684 0.31601 -0.0086459 -0.11518 0.39261 -0.0020686 -0.02068 0.065357 -0.050049 0.013718 -0.053798 0.049815 0.013718 -0.054002 -0.19844 0.015218 0.063126 0.16114 -0.024054 0.059553 -0.23956 0.059607 -0.16573 0.15938 0.036458 -0.16972 -0.24778 0.081083 -0.24497 0.22235 0.028334 -0.18862 -0.12112 0.096572 -0.42819 0.061145 0.076885 -0.43838 -0.12876 0.20234 -0.74474 0.066772 0.17997 -0.75595 -0.1439 0.17174 -0.8318 0.060374 0.12573 -0.83201 0.0023769 -0.15525 0.5854
-0.13932 -0.055127 0.31034 0.13442 -0.073908 0.32014 -0.0077634 -0.099481 0.39683 -0.0022308 -0.018088 0.066109 -0.050028 0.01082 -0.05446 0.050535 0.01082 -0.053977 -0.19665 0.018288 0.061537 0.15799 -0.025315 0.060251 -0.23824 0.048482 -0.1695 0.15475 0.022287 -0.17191 -0.24778 0.063598 -0.25001 0.19615 0.0086805 -0.21601 -0.11861 0.097762 -0.42838 0.060018 0.080533 -0.43726 -0.1284 0.20849 -0.74314 0.067344 0.18219 -0.75526 -0.1428 0.182 -0.83161 0.061029 0.12958 -0.83247 0.0024668 -0.13988 0.58961
-0.13681 -0.042887 0.31179 0.13657 -0.061956 0.32346 -0.0059022 -0.085473 0.40013 -0.0022491 -0.01581 0.066698 -0.05005 0.0082406 -0.054931 0.0511 0.0082406 -0.05395 -0.19537 0.020751 0.060532 0.15576 -0.025758 0.061029 -0.23735 0.037433 -0.17197 0.15114 0.010208 -0.17311 -0.2489 0.046748 -0.25322 0.17175 -0.007733 -0.24132 -0.1165 0.096822 -0.42874 0.059223 0.083748 -0.43623 -0.12851 0.21354 -0.74129 0.067765 0.18404 -0.75461 -0.14193 0.19259 -0.83141 0.061865 0.1334 -0.83313 0.0038535 -0.12647 0.59283
-0.13447 -0.03286 0.31296 0.13888 -0.052082 0.32609 -0.0039035 -0.073879 0.40255 -0.0022279 -0.013965 0.067134 -0.050098 0.0062404 -0.055218 0.051381 0.0062404 -0.054028 -0.19435 0.022983 0.060031 0.15507 -0.025602 0.061989 -0.23609 0.027679 -0.17329 0.14878 7.6496e-05 -0.17365 -0.25048 0.032384 -0.25465 0.15459 -0.020256 -0.25784 -0.11479 0.094545 -0.42931 0.058847 0.086215 -0.43549 -0.12825 0.21752 -0.73948 0.068478 0.18536 -0.75418 -0.14063 0.20365 -0.83134 0.063019 0.13704 -0.83414 0.0058171 -0.11599 0.59503
-0.13269 -0.024842 0.31401 0.14098 -0.04457 0.32809 -0.0022088 -0.064718 0.40424 -0.0022152 -0.012538 0.067439 -0.050167 0.0048677 -0.055337 0.051338 0.0048677 -0.054255 -0.19344 0.025191 0.059946 0.15599 -0.025113 0.063113 -0.23416 0.019916 -0.17363 0.14741 -0.0087809 -0.17368 -0.25181 0.02137 -0.25458 0.14631 -0.029343 -0.26313 -0.11354 0.091363 -0.43005 0.058874 0.087913 -0.4351 -0.1273 0.22043 -0.73778 0.069682 0.18617 -0.75402 -0.13867 0.21419 -0.8312 0.064525 0.14047 -0.83548 0.0078698 -0.10847 0.59633
-0.1313 -0.017938 0.315 0.14288 -0.038557 0.32953 -0.00069616 -0.057017 0.4054 -0.002179 -0.011328 0.067655 -0.050279 0.0038704 -0.055311 0.051055 0.0038704 -0.054596 -0.19262 0.027348 0.060175 0.15788 -0.024624 0.064218 -0.23196 0.014105 -0.17329 0.14604 -0.017783 -0.17306 -0.25221 0.013181 -0.25367 0.14325 -0.03701 -0.26075 -0.1129 0.087194 -0.43089 0.059152 0.089243 -0.43491 -0.12598 0.2223 -0.73605 0.071233 0.18683 -0.75399 -0.13648 0.2217 -0.83031 0.06628 0.14382 -0.83692 0.0098515 -0.10256 0.59704
-0.13007 -0.011197 0.316 0.14464 -0.03309 0.33043 0.00079894 -0.049728 0.40625 -0.0020811 -0.010121 0.067829 -0.050458 0.0029736 -0.055162 0.050627 0.0029736 -0.055007 -0.19189 0.029404 0.06062 0.16004 -0.024472 0.065107 -0.22993 0.010154 -0.17255 0.14363 -0.028404 -0.17163 -0.25097 0.0071861 -0.25257 0.14133 -0.04539 -0.25474 -0.11304 0.081919 -0.43172 0.059518 0.090637 -0.43474 -0.12469 0.22315 -0.7341 0.072961 0.18768 -0.75394 -0.13453 0.22351 -0.82796 0.068167 0.14724 -0.83819 0.011627 -0.096826 0.5975
-0.12876 -0.00371 0.31707 0.14631 -0.027248 0.33083 0.0024343 -0.041841 0.40701 -0.0018851 -0.00871 0.068001 -0.050724 0.0019131 -0.054917 0.050146 0.0019131 -0.055446 -0.19123 0.031316 0.061177 0.16178 -0.024975 0.065593 -0.22851 0.007954 -0.17169 0.13919 -0.04202 -0.16925 -0.24745 0.002748 -0.25192 0.13664 -0.056511 -0.24899 -0.11408 0.075432 -0.43244 0.059811 0.092512 -0.43443 -0.12381 0.223 -0.73174 0.074695 0.18908 -0.75371 -0.13326 0.21713 -0.82347 0.070071 0.15087 -0.83906 0.013066 -0.089885 0.59805
-0.12732 0.0046771 0.31818 0.1479 -0.020666 0.33084 0.0042297 -0.033096 0.40775 -0.0015872 -0.0070645 0.068182 -0.051059 0.00064065 -0.054611 0.049666 0.00064065 -0.055883 -0.19061 0.033088 0.061753 0.16282 -0.026079 0.065702 -0.2277 0.0071283 -0.17087 0.13288 -0.057962 -0.16611 -0.24207 -0.00091082 -0.25175 0.12825 -0.070206 -0.2451 -0.11596 0.067938 -0.43302 0.059931 0.095006 -0.43391 -0.12356 0.22184 -0.72909 0.076244 0.19115 -0.75326 -0.13278 0.20311 -0.81698 0.071874 0.1548 -0.83945 0.014157 -0.081459 0.59874
-0.12584 0.013409 0.31919 0.14942 -0.013507 0.33058 0.0060758 -0.023937 0.4084 -0.0012143 -0.0053183 0.068352 -0.051404 -0.00069066 -0.054293 0.049203 -0.00069066 -0.056297 -0.18994 0.034769 0.062255 0.16326 -0.02738 0.065656 -0.22706 0.0070463 -0.17018 0.12597 -0.073653 -0.16274 -0.23629 -0.0046986 -0.25148 0.11809 -0.084267 -0.24251 -0.11835 0.059928 -0.43347 0.059832 0.097999 -0.43322 -0.12403 0.21962 -0.72651 0.077396 0.19379 -0.7526 -0.13287 0.18486 -0.80942 0.073458 0.15907 -0.83948 0.014998 -0.072308 0.59943
-0.12442 0.021904 0.31995 0.15085 -0.0059504 0.33021 0.0078587 -0.014835 0.40888 -0.00079443 -0.0036113 0.06849 -0.051701 -0.0019199 -0.054011 0.048772 -0.0019199 -0.056671 -0.18914 0.036411 0.062591 0.16319 -0.028461 0.065683 -0.22616 0.0070681 -0.16966 0.11974 -0.086444 -0.15969 -0.23159 -0.0095287 -0.25055 0.10815 -0.096404 -0.24056 -0.12093 0.051905 -0.43381 0.05947 0.10136 -0.43238 -0.12529 0.21632 -0.72435 0.077938 0.19692 -0.75178 -0.1333 0.1659 -0.8017 0.074702 0.16369 -0.83924 0.015691 -0.063231 0.59995
-0.12314 0.029614 0.32034 0.15219 0.0018049 0.32984 0.0094677 -0.0062434 0.40912 -0.00035531 -0.0020755 0.068576 -0.051896 -0.0028979 -0.05381 0.048388 -0.0028979 -0.056984 -0.18812 0.038061 0.062676 0.16272 -0.028944 0.065992 -0.22461 0.0065926 -0.16937 0.11539 -0.093929 -0.15746 -0.22931 -0.016204 -0.24843 0.10031 -0.10452 -0.23865 -0.12342 0.044353 -0.43407 0.058816 0.10495 -0.43143 -0.12742 0.21189 -0.72298 0.077693 0.20041 -0.75084 -0.1339 0.14953 -0.79476 0.075502 0.16869 -0.83884 0.016326 -0.054986 0.60015
-0.12204 0.036355 0.32035 0.15338 0.0093735 0.32952 0.010832 0.0015533 0.40916 7.7587e-05 -0.00075592 0.068611 -0.052004 -0.0036037 -0.053677 0.048057 -0.0036037 -0.057234 -0.18688 0.039717 0.062497 0.16195 -0.028854 0.066562 -0.22242 0.0054423 -0.16928 0.11299 -0.096331 -0.15608 -0.2293 -0.024324 -0.24537 0.094911 -0.10866 -0.23663 -0.12566 0.037547 -0.43424 0.058005 0.10868 -0.43039 -0.13037 0.20632 -0.72252 0.076854 0.20417 -0.74979 -0.13514 0.13661 -0.78912 0.075923 0.17393 -0.83833 0.016852 -0.047889 0.60003
-0.12112 0.042169 0.32006 0.15433 0.016255 0.3292 0.011904 0.0083775 0.40904 0.00048022 0.00035594 0.068609 -0.052078 -0.0040953 -0.053563 0.047782 -0.0040953 -0.057424 -0.18546 0.041347 0.062085 0.16098 -0.028468 0.067233 -0.21988 0.0037001 -0.16934 0.1119 -0.095498 -0.15531 -0.23045 -0.032749 -0.24207 0.091328 -0.11016 -0.23459 -0.12764 0.031636 -0.4343 0.057271 0.11243 -0.42929 -0.13403 0.19963 -0.72299 0.075842 0.20805 -0.74866 -0.13785 0.12649 -0.78513 0.07613 0.17921 -0.83768 0.017135 -0.041983 0.5997
-0.12037 0.0471 0.31955 0.15497 0.021945 0.32885 0.012639 0.014053 0.40884 0.0008286 0.0012693 0.068582 -0.052175 -0.0044318 -0.05342 0.047567 -0.0044318 -0.05756 -0.18388 0.042918 0.061469 0.15991 -0.028066 0.06784 -0.21726 0.0014532 -0.16947 0.11148 -0.0933 -0.15489 -0.23165 -0.040325 -0.23925 0.088936 -0.11039 -0.23267 -0.12932 0.026763 -0.43423 0.056848 0.11613 -0.42813 -0.1383 0.19181 -0.72439 0.075083 0.21193 -0.74747 -0.14289 0.11853 -0.78311 0.076293 0.18432 -0.83689 0.01704 -0.037309 0.59925
-0.11978 0.051194 0.31889 0.1552 0.025943 0.32844 0.01299 0.018403 0.40862 0.0010987 0.0019934 0.068546 -0.052349 -0.0046723 -0.053199 0.047413 -0.0046723 -0.057647 -0.18218 0.044398 0.060682 0.15883 -0.02793 0.068221 -0.21484 -0.0012116 -0.1696 0.11109 -0.091605 -0.15456 -0.2318 -0.045902 -0.23762 0.087105 -0.11071 -0.23099 -0.13068 0.023075 -0.43404 0.056972 0.11967 -0.42695 -0.14305 0.18289 -0.72671 0.075001 0.21569 -0.74624 -0.1511 0.11206 -0.78339 0.076581 0.18904 -0.83597 0.01643 -0.033904 0.5988
-0.11935 0.054494 0.31817 0.15494 0.027745 0.32793 0.01291 0.021252 0.40846 0.0012665 0.0025376 0.068514 -0.052656 -0.0048759 -0.052853 0.047323 -0.0048759 -0.057688 -0.18039 0.045754 0.059754 0.15786 -0.028339 0.068212 -0.21289 -0.0042073 -0.16967 0.11008 -0.092285 -0.15409 -0.22978 -0.048328 -0.23789 0.085206 -0.11248 -0.22966 -0.13168 0.020717 -0.43369 0.057878 0.12296 -0.42576 -0.14819 0.17286 -0.72998 0.076022 0.21918 -0.74498 -0.16335 0.10642 -0.7863 0.077161 0.19316 -0.8349 0.01517 -0.031809 0.59844
-0.11908 0.057047 0.31746 0.1541 0.02685 0.32728 0.012353 0.022422 0.40841 0.0013081 0.002911 0.068499 -0.053152 -0.0051018 -0.052333 0.0473 -0.0051018 -0.057689 -0.17855 0.046955 0.058717 0.15707 -0.029574 0.067649 -0.21171 -0.0074469 -0.1696 0.10783 -0.097208 -0.15321 -0.22448 -0.046451 -0.24077 0.082612 -0.11707 -0.22879 -0.13229 0.019833 -0.43318 0.059801 0.12591 -0.42458 -0.1536 0.16173 -0.73419 0.07857 0.2223 -0.74371 -0.18048 0.10096 -0.79217 0.078204 0.19648 -0.83367 0.013123 -0.031064 0.59829
-0.11896 0.058896 0.31683 0.15261 0.022753 0.32646 0.011274 0.021739 0.40855 0.0011993 0.003123 0.068515 -0.053891 -0.005409 -0.05159 0.047347 -0.005409 -0.057655 -0.17668 0.047967 0.057601 0.15658 -0.031914 0.066369 -0.21156 -0.010844 -0.16932 0.10367 -0.10825 -0.15168 -0.2148 -0.039119 -0.24697 0.078692 -0.12584 -0.22852 -0.1325 0.02057 -0.4325 0.062977 0.12842 -0.42343 -0.15917 0.14951 -0.73934 0.083071 0.2249 -0.74245 -0.20334 0.095011 -0.80131 0.079876 0.19877 -0.83228 0.010153 -0.031707 0.59844
