-0.13634 0.012099 0.33969 0.14907 0.0045609 0.33375 0.0069961 -0.026621 0.40831 0.00060943 -0.0068678 0.06825 -0.056011 0.001838 -0.049542 0.049398 0.001838 -0.056138 -0.21293 0.05128 0.088193 0.28369 -0.14747 0.16224 -0.22488 0.073709 -0.14744 0.26184 -0.25624 0.37167 -0.20143 0.081777 -0.22633 0.23232 -0.2124 0.43528 -0.038275 0.11198 -0.42304 0.073756 0.00080363 -0.44517 0.00055684 0.14577 -0.75295 0.11347 0.059012 -0.77155 -0.044019 0.12506 -0.8326 0.11982 -0.010791 -0.83359 0.042716 -0.095766 0.58958
-0.13676 0.011361 0.33992 0.14921 0.0036417 0.33372 0.006816 -0.027006 0.40829 0.00060964 -0.0069263 0.068244 -0.056064 0.0018122 -0.049483 0.049366 0.0018122 -0.056167 -0.21291 0.049995 0.088251 0.29059 -0.16061 0.18181 -0.22517 0.072162 -0.14738 0.25363 -0.24528 0.39771 -0.20639 0.077222 -0.2275 0.23166 -0.19458 0.46033 -0.038414 0.1101 -0.42352 0.073124 -0.0017023 -0.44522 0.00055087 0.14428 -0.75337 0.11113 0.045927 -0.77329 -0.043313 0.12337 -0.83335 0.11952 -0.020596 -0.83863 0.042905 -0.096263 0.58942
-0.13702 0.01063 0.33999 0.14932 0.0017801 0.33329 0.0067623 -0.027095 0.40829 0.0006179 -0.0069469 0.068241 -0.056088 0.0017669 -0.049457 0.049332 0.0017669 -0.056199 -0.21277 0.049426 0.088231 0.29619 -0.1715 0.19722 -0.22527 0.071059 -0.14744 0.24893 -0.2418 0.4169 -0.20997 0.073909 -0.22843 0.23113 -0.18918 0.47999 -0.038269 0.10846 -0.42395 0.072353 -0.0042208 -0.44527 0.00096674 0.14288 -0.75374 0.1088 0.03385 -0.77475 -0.042308 0.12177 -0.83399 0.11738 -0.029999 -0.84274 0.042789 -0.0967 0.5893
-0.13717 0.0099056 0.33994 0.14939 -0.00077463 0.33258 0.0067971 -0.026978 0.40829 0.0006317 -0.0069413 0.068242 -0.056092 0.0017081 -0.049455 0.049295 0.0017081 -0.056233 -0.21256 0.049285 0.088149 0.30077 -0.18029 0.20907 -0.22527 0.070239 -0.14757 0.24716 -0.24404 0.43035 -0.21242 0.071583 -0.22915 0.23077 -0.19348 0.495 -0.037943 0.10702 -0.42432 0.071506 -0.0067546 -0.4453 0.0016437 0.14163 -0.75405 0.10651 0.022543 -0.77594 -0.041137 0.12032 -0.83452 0.11382 -0.039241 -0.84594 0.042499 -0.097087 0.58918
-0.13726 0.009187 0.33984 0.14943 -0.0037731 0.33168 0.0068825 -0.026745 0.4083 0.00064856 -0.0069213 0.068244 -0.056082 0.0016416 -0.049469 0.049257 0.0016416 -0.056268 -0.21229 0.049278 0.08802 0.3046 -0.18714 0.21795 -0.22523 0.069544 -0.14776 0.24771 -0.25029 0.43917 -0.21396 0.069989 -0.22968 0.23065 -0.20475 0.50613 -0.037543 0.10579 -0.42464 0.070642 -0.0093068 -0.44533 0.0024211 0.1406 -0.75431 0.10428 0.011766 -0.77685 -0.039931 0.1191 -0.83496 0.10927 -0.048563 -0.84825 0.042169 -0.097435 0.58906
-0.13733 0.008474 0.33973 0.14943 -0.006966 0.33072 0.0069804 -0.026488 0.40832 0.00066598 -0.0068988 0.068246 -0.056066 0.0015736 -0.049489 0.049217 0.0015736 -0.056305 -0.21198 0.049116 0.087859 0.30795 -0.19222 0.22444 -0.22522 0.068814 -0.14796 0.24999 -0.2588 0.44448 -0.21485 0.068872 -0.23005 0.23082 -0.22029 0.51413 -0.03717 0.10474 -0.42491 0.069824 -0.01188 -0.44533 0.0031382 0.13985 -0.75451 0.10213 0.001282 -0.77749 -0.038822 0.11817 -0.83533 0.10414 -0.058205 -0.84966 0.041931 -0.097753 0.58893
-0.13745 0.0077661 0.33968 0.14939 -0.010104 0.32981 0.0070528 -0.026297 0.40833 0.00068147 -0.0068856 0.068247 -0.056052 0.0015099 -0.049507 0.049176 0.0015099 -0.056342 -0.21168 0.048506 0.087683 0.31109 -0.19568 0.22914 -0.2253 0.067892 -0.14814 0.25342 -0.26783 0.4474 -0.21533 0.067975 -0.23028 0.23132 -0.23738 0.51974 -0.036931 0.10386 -0.42514 0.069111 -0.014478 -0.44531 0.0036342 0.13945 -0.75466 0.10009 -0.0091484 -0.77784 -0.037942 0.11762 -0.83563 0.098852 -0.068407 -0.85019 0.041918 -0.098051 0.58877
-0.13764 0.0070628 0.33974 0.14931 -0.012937 0.32904 0.0070619 -0.026263 0.40833 0.00069255 -0.0068935 0.068246 -0.056047 0.0014565 -0.049514 0.049134 0.0014565 -0.05638 -0.21139 0.047158 0.087505 0.3143 -0.19767 0.23263 -0.22556 0.066617 -0.14828 0.2574 -0.27566 0.44903 -0.21563 0.067044 -0.23039 0.23221 -0.2533 0.52372 -0.036929 0.10314 -0.42533 0.068565 -0.017103 -0.44526 0.0037485 0.13947 -0.75475 0.098167 -0.019764 -0.77792 -0.037423 0.11749 -0.83589 0.093831 -0.079412 -0.84985 0.042263 -0.098338 0.58858
-0.13796 0.0063637 0.33997 0.14918 -0.015217 0.32855 0.0069697 -0.026476 0.40832 0.00069672 -0.0069343 0.068242 -0.056058 0.0014194 -0.049503 0.049091 0.0014194 -0.056419 -0.21116 0.04478 0.087343 0.31783 -0.19836 0.23551 -0.22605 0.064832 -0.14834 0.26133 -0.28055 0.4505 -0.21599 0.065823 -0.23042 0.23354 -0.26533 0.52682 -0.037269 0.10256 -0.42548 0.068246 -0.019758 -0.44517 0.0033203 0.13996 -0.75479 0.096393 -0.030802 -0.77771 -0.037396 0.11787 -0.83612 0.089498 -0.09146 -0.84865 0.043098 -0.098624 0.58833
-0.13843 0.0056497 0.34039 0.14902 -0.016766 0.32839 0.0067619 -0.027004 0.40829 0.00069367 -0.007017 0.068233 -0.05609 0.0014042 -0.049467 0.049046 0.0014042 -0.056458 -0.21098 0.041203 0.087211 0.32189 -0.198 0.23847 -0.22682 0.062442 -0.14829 0.26469 -0.28124 0.4529 -0.21661 0.064155 -0.23037 0.23533 -0.27142 0.52988 -0.038027 0.10214 -0.4256 0.068194 -0.022427 -0.44505 0.0022296 0.14102 -0.75477 0.094767 -0.042412 -0.77723 -0.037963 0.11883 -0.83633 0.086188 -0.10462 -0.84668 0.044514 -0.098928 0.58803
-0.13894 0.0047972 0.34094 0.14893 -0.017808 0.32851 0.0065572 -0.027785 0.40824 0.00069528 -0.0071347 0.068221 -0.056128 0.0014142 -0.049423 0.048998 0.0014142 -0.0565 -0.2108 0.036936 0.087128 0.32627 -0.19726 0.24271 -0.22772 0.05972 -0.14814 0.26724 -0.27916 0.45715 -0.21742 0.062426 -0.23022 0.23736 -0.27322 0.53419 -0.039129 0.10208 -0.42563 0.068325 -0.02499 -0.44491 0.00058455 0.14278 -0.75464 0.093175 -0.054232 -0.77651 -0.039051 0.12049 -0.83644 0.083764 -0.11806 -0.84443 0.046375 -0.099315 0.58767
-0.13931 0.0036463 0.3415 0.14905 -0.018707 0.32875 0.0065204 -0.02871 0.40818 0.00071768 -0.007275 0.068206 -0.056152 0.0014516 -0.049396 0.048944 0.0014516 -0.056546 -0.21051 0.032727 0.087112 0.33063 -0.19703 0.24966 -0.22853 0.057065 -0.14793 0.26888 -0.27668 0.46417 -0.21824 0.061213 -0.22995 0.23935 -0.27368 0.5412 -0.04045 0.10262 -0.42552 0.068513 -0.027287 -0.44478 -0.0014276 0.14541 -0.75435 0.091465 -0.065727 -0.77561 -0.040531 0.12297 -0.83636 0.081923 -0.13058 -0.84254 0.048464 -0.099867 0.58728
-0.13939 0.002037 0.34197 0.1495 -0.019827 0.32897 0.0068166 -0.029673 0.4081 0.00077699 -0.0074254 0.068189 -0.056139 0.001519 -0.049408 0.048881 0.001519 -0.056598 -0.21002 0.029322 0.087182 0.33463 -0.19815 0.26072 -0.22904 0.054878 -0.14766 0.26948 -0.27616 0.47483 -0.21891 0.061093 -0.22952 0.24101 -0.27575 0.55238 -0.04186 0.10403 -0.42522 0.068634 -0.029161 -0.44468 -0.0036193 0.14908 -0.75385 0.089484 -0.07636 -0.77457 -0.042271 0.12641 -0.83602 0.080363 -0.14102 -0.84165 0.050563 -0.10067 0.58687
-0.13903 -0.00014407 0.34223 0.15039 -0.021468 0.32906 0.0075777 -0.030585 0.40802 0.00088648 -0.007576 0.068171 -0.056076 0.0016187 -0.049476 0.048807 0.0016187 -0.05666 -0.20925 0.02734 0.08735 0.33792 -0.20129 0.27694 -0.22907 0.053491 -0.14738 0.26898 -0.27959 0.48973 -0.21928 0.062508 -0.22891 0.24205 -0.2818 0.56871 -0.043262 0.10647 -0.42468 0.068571 -0.030445 -0.44465 -0.0058442 0.15393 -0.75308 0.087113 -0.085602 -0.77345 -0.044167 0.13093 -0.83534 0.07881 -0.14839 -0.84225 0.052499 -0.10178 0.58645
-0.13829 -0.0027022 0.3423 0.15157 -0.023505 0.32894 0.0087177 -0.031489 0.40793 0.0010404 -0.0077322 0.068152 -0.055988 0.0017519 -0.049572 0.048718 0.0017519 -0.056732 -0.20834 0.02654 0.087588 0.34036 -0.20583 0.29691 -0.22871 0.052787 -0.14708 0.26768 -0.28639 0.5076 -0.21946 0.064994 -0.22821 0.24215 -0.29036 0.58814 -0.044742 0.10971 -0.42393 0.068282 -0.030913 -0.4447 -0.0082286 0.15986 -0.75205 0.084469 -0.092989 -0.77238 -0.046298 0.1366 -0.83437 0.07718 -0.153 -0.84373 0.054395 -0.10312 0.58601
-0.13728 -0.0053167 0.34223 0.15284 -0.02564 0.32856 0.010062 -0.032481 0.40782 0.0012253 -0.007906 0.068129 -0.055915 0.0019194 -0.049648 0.048614 0.0019194 -0.056816 -0.20749 0.026334 0.087849 0.34184 -0.21064 0.31825 -0.22813 0.052465 -0.14681 0.26598 -0.29495 0.52634 -0.2196 0.067718 -0.22753 0.24098 -0.2984 0.60735 -0.046463 0.11331 -0.42305 0.067755 -0.030314 -0.44484 -0.01101 0.16669 -0.75077 0.081764 -0.09808 -0.77148 -0.048813 0.14347 -0.83323 0.075461 -0.15565 -0.84505 0.056493 -0.10456 0.58552
-0.13611 -0.0076667 0.34204 0.15395 -0.027572 0.32788 0.011434 -0.033657 0.40769 0.0014277 -0.0081093 0.068101 -0.0559 0.002122 -0.049656 0.048492 0.002122 -0.056913 -0.20691 0.026129 0.088088 0.34225 -0.21457 0.33856 -0.2275 0.052226 -0.14657 0.26433 -0.30363 0.5439 -0.21989 0.069848 -0.22699 0.23821 -0.3029 0.62302 -0.048589 0.11684 -0.42212 0.066976 -0.028398 -0.44508 -0.014426 0.17423 -0.74928 0.07921 -0.10044 -0.77088 -0.051865 0.15161 -0.83204 0.073648 -0.15717 -0.84517 0.059034 -0.10595 0.58496
-0.1349 -0.009474 0.34179 0.15471 -0.029047 0.32687 0.012681 -0.035102 0.40753 0.0016352 -0.008353 0.068067 -0.055978 0.0023605 -0.049557 0.048351 0.0023605 -0.057024 -0.20676 0.025416 0.088265 0.34155 -0.21664 0.35562 -0.227 0.051821 -0.14638 0.26312 -0.31101 0.55836 -0.22047 0.070685 -0.22669 0.23366 -0.30132 0.63223 -0.051255 0.11991 -0.42119 0.06594 -0.024967 -0.44544 -0.018681 0.18231 -0.74757 0.076976 -0.099688 -0.77072 -0.055586 0.16103 -0.83087 0.071721 -0.15825 -0.84323 0.062218 -0.10718 0.58432
-0.13363 -0.010802 0.34147 0.15524 -0.030157 0.32568 0.013821 -0.036819 0.40734 0.0018447 -0.0086402 0.068026 -0.056125 0.0026344 -0.049376 0.048204 0.0026344 -0.057136 -0.20695 0.024306 0.088381 0.3401 -0.21727 0.36862 -0.22667 0.051426 -0.14623 0.26266 -0.31721 0.569 -0.22127 0.070626 -0.22657 0.22831 -0.29522 0.63525 -0.054366 0.1226 -0.42026 0.064691 -0.020253 -0.44586 -0.02372 0.1909 -0.74565 0.074888 -0.096013 -0.77097 -0.059965 0.17151 -0.82965 0.069599 -0.15851 -0.83971 0.065898 -0.10832 0.58361
-0.13224 -0.011875 0.34105 0.15578 -0.031161 0.32451 0.014954 -0.038774 0.40712 0.0020572 -0.00897 0.067977 -0.056291 0.0029425 -0.049169 0.048068 0.0029425 -0.057235 -0.20728 0.023211 0.088459 0.33848 -0.21752 0.37741 -0.22651 0.051415 -0.14606 0.26318 -0.32309 0.57569 -0.2221 0.070584 -0.22645 0.22366 -0.28809 0.63385 -0.057722 0.12515 -0.41932 0.063303 -0.014693 -0.44629 -0.029361 0.20004 -0.74347 0.07261 -0.08985 -0.77157 -0.064923 0.18272 -0.82823 0.067165 -0.15707 -0.83577 0.069763 -0.10953 0.58287
-0.13068 -0.01292 0.3405 0.15657 -0.032318 0.3236 0.016179 -0.040932 0.40686 0.0022742 -0.0093419 0.06792 -0.056426 0.0032839 -0.048993 0.047964 0.0032839 -0.057304 -0.20751 0.022543 0.088522 0.33727 -0.21846 0.38186 -0.22653 0.052165 -0.14585 0.26491 -0.32949 0.5783 -0.22278 0.071476 -0.22619 0.22125 -0.28344 0.62982 -0.061121 0.12783 -0.41833 0.061846 -0.0087235 -0.44666 -0.035423 0.20974 -0.74101 0.069804 -0.081643 -0.77242 -0.070377 0.19431 -0.82644 0.064306 -0.15303 -0.83254 0.073501 -0.11096 0.58213
-0.12888 -0.014146 0.33981 0.15784 -0.033859 0.32313 0.017596 -0.043249 0.40656 0.0024981 -0.009753 0.067853 -0.056486 0.0036557 -0.048898 0.047905 0.0036557 -0.05733 -0.20745 0.022666 0.0886 0.33693 -0.22107 0.38199 -0.22671 0.054 -0.14553 0.26803 -0.3372 0.57689 -0.22314 0.074113 -0.22563 0.22242 -0.28444 0.62492 -0.064385 0.13088 -0.41727 0.060377 -0.0027451 -0.44692 -0.041742 0.22002 -0.73824 0.06617 -0.071839 -0.77347 -0.076255 0.20594 -0.82414 0.060911 -0.14566 -0.83106 0.076822 -0.11276 0.58144
-0.12685 -0.015586 0.33913 0.15962 -0.035735 0.323 0.019282 -0.045619 0.40622 0.0027457 -0.010181 0.06778 -0.056485 0.0040393 -0.048869 0.047884 0.0040393 -0.057321 -0.20708 0.023467 0.088802 0.33689 -0.2254 0.37963 -0.22709 0.05674 -0.14501 0.2721 -0.34632 0.57316 -0.22345 0.078277 -0.22469 0.22702 -0.29116 0.62088 -0.067591 0.13426 -0.41612 0.058797 0.0032009 -0.44704 -0.048311 0.23058 -0.7352 0.061764 -0.060944 -0.77458 -0.082555 0.21732 -0.82136 0.056934 -0.13563 -0.83106 0.079648 -0.11489 0.58082
-0.12463 -0.017179 0.33865 0.16183 -0.03774 0.32298 0.021307 -0.047899 0.40586 0.0030415 -0.010594 0.067704 -0.056468 0.0044071 -0.048856 0.047879 0.0044071 -0.057298 -0.20645 0.024567 0.08928 0.33599 -0.23099 0.37755 -0.22768 0.059923 -0.14412 0.27632 -0.35655 0.56978 -0.22417 0.083179 -0.22333 0.23399 -0.30194 0.61939 -0.070953 0.13778 -0.41486 0.056923 0.0092719 -0.44703 -0.05521 0.24098 -0.73198 0.056839 -0.049498 -0.77561 -0.089317 0.22816 -0.81825 0.052362 -0.12437 -0.8316 0.082017 -0.1172 0.58032
-0.12227 -0.01886 0.33861 0.16437 -0.039668 0.32282 0.023738 -0.049945 0.40548 0.0034097 -0.010959 0.067629 -0.056481 0.0047313 -0.048811 0.047867 0.0047313 -0.057283 -0.20565 0.025585 0.090188 0.33309 -0.23738 0.37854 -0.22852 0.063088 -0.14271 0.27989 -0.36758 0.5694 -0.22575 0.088023 -0.22149 0.24229 -0.31509 0.62211 -0.074686 0.14126 -0.41347 0.05457 0.015627 -0.4469 -0.062522 0.25078 -0.72865 0.051652 -0.03804 -0.77641 -0.09658 0.23819 -0.81494 0.04718 -0.11336 -0.83171 0.083972 -0.11956 0.57995
-0.1198 -0.020577 0.33919 0.16718 -0.041342 0.32228 0.026636 -0.051636 0.40508 0.0038731 -0.011248 0.067559 -0.056567 0.0049883 -0.048687 0.047829 0.0049883 -0.057295 -0.20475 0.026178 0.091666 0.32722 -0.24412 0.38499 -0.22962 0.065805 -0.14066 0.28214 -0.3791 0.57428 -0.22859 0.092058 -0.21914 0.25093 -0.32901 0.6304 -0.078977 0.14451 -0.41195 0.051583 0.022396 -0.44664 -0.070296 0.25955 -0.7253 0.046453 -0.027089 -0.77686 -0.10435 0.24715 -0.81157 0.041417 -0.1039 -0.83055 0.085555 -0.12184 0.57976
-0.1172 -0.022381 0.34028 0.17025 -0.042942 0.32137 0.029973 -0.053123 0.40465 0.0044325 -0.011496 0.067486 -0.056721 0.005202 -0.048485 0.047752 0.005202 -0.057342 -0.20381 0.026403 0.093693 0.31963 -0.25092 0.39449 -0.2309 0.068042 -0.13801 0.28384 -0.39074 0.58197 -0.23212 0.095036 -0.21636 0.2596 -0.34286 0.64156 -0.083644 0.14751 -0.41034 0.048152 0.029358 -0.44629 -0.0782 0.26724 -0.72201 0.041422 -0.016929 -0.77697 -0.11217 0.25512 -0.80829 0.035566 -0.095728 -0.82866 0.086825 -0.1242 0.57967
-0.11438 -0.024397 0.34161 0.1736 -0.044877 0.32026 0.033666 -0.054731 0.40414 0.0050747 -0.011779 0.067392 -0.056911 0.005427 -0.048237 0.047632 0.005427 -0.057421 -0.20291 0.026584 0.096148 0.31301 -0.25757 0.40152 -0.23222 0.070028 -0.13495 0.28667 -0.40209 0.58703 -0.2352 0.097035 -0.21332 0.26844 -0.35631 0.65034 -0.088273 0.15031 -0.40872 0.044687 0.036065 -0.44591 -0.085653 0.27401 -0.71885 0.036694 -0.0076934 -0.77689 -0.1193 0.26238 -0.80532 0.03042 -0.087525 -0.82749 0.087857 -0.12693 0.57955
-0.11127 -0.026748 0.34286 0.1773 -0.04756 0.31911 0.037629 -0.056789 0.40351 0.0057864 -0.012172 0.067262 -0.057103 0.0057181 -0.047975 0.047464 0.0057181 -0.05753 -0.20213 0.027047 0.098909 0.31006 -0.26387 0.40052 -0.23341 0.071991 -0.13167 0.29231 -0.41273 0.58393 -0.23665 0.098137 -0.21019 0.27758 -0.36905 0.6514 -0.092444 0.15297 -0.40714 0.041603 0.042066 -0.44556 -0.092073 0.28002 -0.71593 0.032403 0.00048616 -0.77674 -0.12502 0.26923 -0.80282 0.026778 -0.077968 -0.82847 0.088722 -0.13035 0.57928
-0.10782 -0.029555 0.34377 0.18136 -0.051379 0.31806 0.041783 -0.059609 0.40271 0.0065541 -0.012745 0.06708 -0.057265 0.0061265 -0.04773 0.047244 0.0061265 -0.057665 -0.20154 0.028086 0.10185 0.31327 -0.26967 0.38641 -0.23436 0.074143 -0.12832 0.30232 -0.42228 0.56762 -0.23539 0.098429 -0.2071 0.28717 -0.38085 0.63985 -0.095772 0.15556 -0.4057 0.039287 0.046943 -0.44528 -0.096931 0.28543 -0.71331 0.028672 0.0075057 -0.77666 -0.12866 0.2759 -0.80097 0.025371 -0.065834 -0.83295 0.089509 -0.13475 0.57874
-0.10395 -0.032898 0.34421 0.18583 -0.056364 0.31709 0.046157 -0.063263 0.4017 0.007365 -0.013489 0.066847 -0.057399 0.0066429 -0.047499 0.046978 0.0066429 -0.057822 -0.20108 0.029529 0.10488 0.32194 -0.27522 0.36075 -0.23511 0.076405 -0.12499 0.31597 -0.43092 0.53978 -0.23154 0.098023 -0.20405 0.29759 -0.39288 0.61662 -0.098327 0.15803 -0.4044 0.03771 0.050759 -0.44508 -0.10048 0.29027 -0.71101 0.025446 0.013638 -0.77667 -0.1309 0.28211 -0.79951 0.025942 -0.051354 -0.8404 0.090531 -0.14006 0.57786
-0.099637 -0.036826 0.3442 0.19072 -0.062281 0.31601 0.050859 -0.067645 0.40042 0.008207 -0.014334 0.066574 -0.057533 0.0072138 -0.047253 0.046679 0.0072138 -0.057997 -0.20059 0.030858 0.10789 0.33296 -0.28112 0.33011 -0.23588 0.078486 -0.12163 0.33085 -0.43922 0.50708 -0.22611 0.097054 -0.20086 0.3094 -0.40734 0.58704 -0.10053 0.16029 -0.40318 0.036538 0.053934 -0.44492 -0.10356 0.29441 -0.70898 0.022541 0.019438 -0.77673 -0.13339 0.28714 -0.79787 0.027493 -0.035846 -0.84895 0.092268 -0.14595 0.57664
-0.094826 -0.041388 0.34376 0.19605 -0.068887 0.31463 0.055998 -0.072645 0.39882 0.0090676 -0.015208 0.066271 -0.057694 0.0077842 -0.046966 0.046359 0.0077842 -0.058182 -0.19995 0.031545 0.1108 0.3432 -0.28796 0.30117 -0.23689 0.080087 -0.11824 0.34451 -0.44778 0.47633 -0.22013 0.09566 -0.19737 0.32316 -0.42646 0.55651 -0.1028 0.16224 -0.40202 0.035427 0.056897 -0.44474 -0.10703 0.29776 -0.70716 0.019766 0.025467 -0.77679 -0.13783 0.29026 -0.79547 0.029012 -0.020652 -0.85669 0.095206 -0.15209 0.57507
-0.089493 -0.046612 0.34292 0.20182 -0.075934 0.3128 0.061666 -0.078142 0.39688 0.0099338 -0.016042 0.065951 -0.057909 0.0083011 -0.046611 0.046031 0.0083011 -0.058373 -0.19899 0.031095 0.11353 0.34965 -0.29628 0.28031 -0.23834 0.080928 -0.11478 0.35461 -0.45717 0.45403 -0.21464 0.093991 -0.19343 0.33933 -0.45226 0.53025 -0.10554 0.16377 -0.40087 0.034048 0.060058 -0.44451 -0.1117 0.30023 -0.70552 0.016943 0.032255 -0.77681 -0.14579 0.29081 -0.79178 0.029529 -0.0070652 -0.8618 0.099789 -0.15812 0.57314
-0.083881 -0.052209 0.34179 0.20779 -0.083044 0.31059 0.067633 -0.083814 0.39468 0.010777 -0.016791 0.06563 -0.058171 0.0087396 -0.046201 0.04571 0.0087396 -0.058561 -0.19776 0.029565 0.11599 0.3518 -0.30565 0.26865 -0.24018 0.081045 -0.11136 0.361 -0.46741 0.44099 -0.2107 0.092465 -0.18921 0.35716 -0.48345 0.50959 -0.10877 0.1649 -0.39973 0.032356 0.063466 -0.44423 -0.11753 0.30188 -0.70403 0.014059 0.039745 -0.77676 -0.15702 0.28906 -0.7869 0.028882 0.0045439 -0.86396 0.10573 -0.16378 0.57096
-0.078466 -0.05761 0.34056 0.21351 -0.089727 0.30834 0.073391 -0.089164 0.39249 0.011557 -0.017437 0.065327 -0.058448 0.0090997 -0.04578 0.045415 0.0090997 -0.058735 -0.19644 0.027497 0.11812 0.35135 -0.31477 0.26276 -0.24215 0.080744 -0.10818 0.36535 -0.47805 0.43316 -0.20939 0.091732 -0.18513 0.37477 -0.51582 0.4925 -0.11215 0.16572 -0.39864 0.030548 0.066858 -0.44391 -0.12377 0.30294 -0.70274 0.011249 0.047378 -0.77666 -0.16964 0.28614 -0.78148 0.027608 0.014602 -0.86418 0.11213 -0.1688 0.56877
-0.073734 -0.062236 0.3394 0.21851 -0.095491 0.30635 0.07842 -0.093691 0.39053 0.012231 -0.01796 0.065063 -0.058705 0.0093821 -0.045394 0.045163 0.0093821 -0.058884 -0.19522 0.025445 0.11986 0.35005 -0.32233 0.25906 -0.24397 0.080344 -0.10545 0.3694 -0.48864 0.42631 -0.2118 0.092452 -0.18161 0.39026 -0.54506 0.47686 -0.11536 0.16634 -0.39767 0.02883 0.069962 -0.44359 -0.12963 0.30361 -0.70166 0.0086508 0.054574 -0.77651 -0.18177 0.28316 -0.7762 0.026266 0.023562 -0.86351 0.11803 -0.17294 0.56679
-0.070148 -0.065533 0.33852 0.22235 -0.099869 0.30494 0.082227 -0.096914 0.38905 0.01276 -0.018344 0.064857 -0.058909 0.0095879 -0.045089 0.044969 0.0095879 -0.058999 -0.19427 0.023948 0.12116 0.3496 -0.32706 0.25406 -0.24539 0.080151 -0.10336 0.3749 -0.49871 0.41629 -0.21893 0.095237 -0.17909 0.40182 -0.567 0.46057 -0.11806 0.16683 -0.39683 0.027401 0.072515 -0.4433 -0.13439 0.30412 -0.70082 0.0063971 0.060775 -0.77634 -0.19156 0.28123 -0.77171 0.025396 0.031863 -0.86297 0.12255 -0.17596 0.56523
-0.067704 -0.067486 0.33796 0.22504 -0.10296 0.30411 0.084825 -0.098843 0.38805 0.013152 -0.0186 0.064708 -0.059055 0.009724 -0.044869 0.044829 0.009724 -0.059084 -0.1936 0.023118 0.12207 0.35062 -0.32886 0.2463 -0.24637 0.080234 -0.10187 0.38301 -0.5078 0.40094 -0.23002 0.099692 -0.17757 0.40994 -0.58065 0.44209 -0.12022 0.16725 -0.39614 0.026293 0.074489 -0.44304 -0.13822 0.3044 -0.70021 0.0044969 0.065851 -0.77613 -0.19883 0.2804 -0.76821 0.025135 0.03965 -0.86295 0.12557 -0.17793 0.56411
-0.065927 -0.06862 0.33767 0.22703 -0.10545 0.30359 0.086742 -0.099978 0.38732 0.013462 -0.018774 0.064594 -0.059168 0.0098039 -0.044702 0.04471 0.0098039 -0.059161 -0.19307 0.022645 0.12279 0.35264 -0.3288 0.23638 -0.24715 0.080426 -0.10066 0.39436 -0.51543 0.38004 -0.24258 0.10441 -0.17668 0.4174 -0.58814 0.42046 -0.12207 0.16756 -0.39555 0.025376 0.076091 -0.44282 -0.14225 0.30414 -0.69979 0.0028354 0.070098 -0.77591 -0.20508 0.27968 -0.76543 0.025212 0.046771 -0.86323 0.12776 -0.17925 0.56324
-0.064323 -0.069484 0.33756 0.22881 -0.10802 0.30305 0.088527 -0.10084 0.38665 0.013746 -0.01891 0.064492 -0.059274 0.0098409 -0.044551 0.044582 0.0098409 -0.059251 -0.19249 0.022202 0.1235 0.35514 -0.32801 0.225 -0.24797 0.080549 -0.099429 0.40954 -0.52111 0.35349 -0.254 0.10794 -0.17603 0.42705 -0.59175 0.39475 -0.12387 0.16773 -0.39503 0.024511 0.077536 -0.44261 -0.14763 0.303 -0.69949 0.0012923 0.073834 -0.77569 -0.21187 0.27806 -0.76311 0.025339 0.05306 -0.86353 0.12982 -0.18032 0.56241
-0.062407 -0.070614 0.33757 0.23083 -0.11136 0.30219 0.090717 -0.10194 0.38581 0.014063 -0.019053 0.064379 -0.059398 0.0098485 -0.044383 0.044414 0.0098485 -0.059376 -0.19171 0.021465 0.12439 0.35759 -0.32759 0.21282 -0.24905 0.080427 -0.097866 0.42908 -0.52437 0.32119 -0.26177 0.10888 -0.17521 0.44167 -0.59371 0.36404 -0.12586 0.16773 -0.39454 0.023561 0.079037 -0.44241 -0.1555 0.30067 -0.69928 -0.00025121 0.07737 -0.77546 -0.22072 0.27452 -0.76095 0.025234 0.058363 -0.86362 0.13243 -0.18153 0.56143
-0.059968 -0.072229 0.33766 0.23327 -0.11562 0.30083 0.093537 -0.10349 0.3847 0.014438 -0.019227 0.064244 -0.059551 0.0098351 -0.044181 0.044187 0.0098351 -0.059548 -0.19065 0.020317 0.12553 0.35954 -0.32766 0.19995 -0.25041 0.080007 -0.095868 0.45152 -0.52503 0.28392 -0.26527 0.10696 -0.17403 0.46125 -0.59489 0.32805 -0.12831 0.16754 -0.394 0.022463 0.080687 -0.44223 -0.16603 0.2972 -0.69905 -0.0018637 0.080857 -0.77524 -0.23201 0.26888 -0.75877 0.024776 0.062829 -0.8634 0.13597 -0.18308 0.56016
-0.057115 -0.074177 0.3378 0.23592 -0.12033 0.29888 0.096847 -0.10536 0.38338 0.014867 -0.019427 0.064086 -0.05973 0.0098035 -0.043946 0.043899 0.0098035 -0.059766 -0.18932 0.018869 0.12684 0.36059 -0.32724 0.18585 -0.25186 0.079372 -0.093575 0.47307 -0.52328 0.24342 -0.26612 0.10325 -0.17249 0.4825 -0.59452 0.28718 -0.13145 0.16715 -0.39335 0.02124 0.08244 -0.44206 -0.17834 0.29308 -0.69866 -0.003556 0.084264 -0.77503 -0.24482 0.2619 -0.75643 0.024027 0.066958 -0.86303 0.14039 -0.18494 0.55858
-0.053974 -0.076286 0.33798 0.23859 -0.12498 0.29627 0.10049 -0.10741 0.38189 0.015343 -0.01965 0.063906 -0.059931 0.0097563 -0.043683 0.043547 0.0097563 -0.06003 -0.18776 0.01725 0.12823 0.36034 -0.3253 0.16997 -0.25316 0.078613 -0.091135 0.48979 -0.51931 0.20152 -0.26605 0.098918 -0.17061 0.50197 -0.59176 0.24191 -0.13554 0.16655 -0.39249 0.019918 0.084246 -0.44191 -0.19147 0.2888 -0.69796 -0.0053359 0.087546 -0.77484 -0.25813 0.25436 -0.75382 0.023063 0.071271 -0.86264 0.14567 -0.18704 0.55664
-0.050672 -0.078384 0.33821 0.24106 -0.12907 0.29294 0.1043 -0.10949 0.38029 0.015857 -0.019893 0.063705 -0.060149 0.0096958 -0.043395 0.043128 0.0096958 -0.06034 -0.18599 0.015585 0.12962 0.35841 -0.32081 0.15175 -0.2541 0.07782 -0.088697 0.49786 -0.5133 0.16001 -0.26679 0.095088 -0.16841 0.51627 -0.58579 0.19272 -0.14083 0.16575 -0.39134 0.018523 0.086051 -0.4418 -0.20448 0.28488 -0.6968 -0.0072103 0.090661 -0.77467 -0.27095 0.24707 -0.75082 0.021958 0.076277 -0.86237 0.15175 -0.18935 0.55431
-0.047328 -0.080357 0.33845 0.24322 -0.13226 0.28895 0.10814 -0.11147 0.37863 0.016399 -0.020145 0.063488 -0.060379 0.009627 -0.043088 0.042651 0.009627 -0.060688 -0.18409 0.013968 0.13096 0.35482 -0.31351 0.13153 -0.25463 0.077044 -0.086351 0.49653 -0.50542 0.12024 -0.26906 0.092306 -0.16595 0.52408 -0.57638 0.14109 -0.14722 0.16475 -0.3899 0.017086 0.087823 -0.44171 -0.2169 0.28151 -0.69512 -0.009161 0.093584 -0.77453 -0.28281 0.24046 -0.74746 0.020786 0.082071 -0.86227 0.15847 -0.19175 0.55163
-0.044054 -0.082168 0.3387 0.24503 -0.13441 0.28455 0.11189 -0.11325 0.37701 0.016948 -0.02039 0.063264 -0.060618 0.0095574 -0.042767 0.042132 0.0095574 -0.06106 -0.18219 0.01245 0.13225 0.35014 -0.30415 0.11082 -0.25493 0.076282 -0.084106 0.48923 -0.49577 0.082959 -0.27227 0.090325 -0.16337 0.52687 -0.56415 0.089805 -0.15418 0.16364 -0.38829 0.015639 0.089556 -0.44164 -0.2289 0.27853 -0.69302 -0.011135 0.096312 -0.7744 -0.29397 0.23445 -0.74391 0.019626 0.088184 -0.86224 0.16552 -0.19412 0.54874
-0.04096 -0.083785 0.33894 0.24648 -0.13539 0.27999 0.11544 -0.11473 0.37549 0.017488 -0.020612 0.063046 -0.060861 0.0094948 -0.042435 0.041591 0.0094948 -0.06144 -0.18042 0.01108 0.1335 0.34498 -0.29356 0.091214 -0.2552 0.07553 -0.081967 0.47969 -0.48444 0.048852 -0.27573 0.088841 -0.1608 0.52632 -0.54976 0.041765 -0.16113 0.1625 -0.3866 0.014217 0.091245 -0.44159 -0.24073 0.27574 -0.69058 -0.013078 0.098844 -0.77428 -0.30472 0.22896 -0.74038 0.018553 0.094111 -0.86216 0.17259 -0.19631 0.54576
-0.038156 -0.085175 0.33915 0.24756 -0.13507 0.27552 0.11866 -0.11582 0.37415 0.017998 -0.020794 0.062843 -0.061102 0.0094471 -0.0421 0.041049 0.0094471 -0.061813 -0.17892 0.0099054 0.13472 0.33995 -0.28256 0.074297 -0.25563 0.074782 -0.079935 0.47158 -0.47155 0.018602 -0.27878 0.087556 -0.15836 0.52409 -0.53387 -0.00017741 -0.16752 0.16139 -0.38495 0.012853 0.092884 -0.44153 -0.2526 0.27295 -0.68789 -0.014936 0.10118 -0.77417 -0.31534 0.2239 -0.73707 0.017645 0.09935 -0.86194 0.17935 -0.19815 0.54283
-0.035683 -0.08633 0.33934 0.24827 -0.13352 0.27129 0.12152 -0.11648 0.37303 0.018472 -0.020927 0.062662 -0.061344 0.0094214 -0.041755 0.040513 0.0094214 -0.06217 -0.17774 0.0089477 0.1359 0.33538 -0.27164 0.060724 -0.25631 0.07405 -0.078007 0.46638 -0.45719 -0.0079783 -0.28107 0.086304 -0.15613 0.52101 -0.51675 -0.035096 -0.17308 0.16036 -0.3834 0.011564 0.09447 -0.44148 -0.26446 0.27005 -0.68505 -0.016666 0.10333 -0.77406 -0.32586 0.21921 -0.73409 0.016927 0.10368 -0.86152 0.1856 -0.19957 0.54007
-0.033474 -0.087276 0.33951 0.24865 -0.13111 0.26727 0.12408 -0.1168 0.37208 0.01892 -0.021016 0.062498 -0.061599 0.0094233 -0.041379 0.03998 0.0094233 -0.062514 -0.17682 0.0081855 0.13705 0.33124 -0.26079 0.049716 -0.25717 0.073376 -0.076164 0.46215 -0.44142 -0.032425 -0.2828 0.085137 -0.15407 0.51669 -0.49809 -0.065054 -0.17805 0.1594 -0.38187 0.01034 0.096 -0.44142 -0.27581 0.26713 -0.68222 -0.018252 0.1053 -0.77396 -0.33592 0.21494 -0.73145 0.016354 0.10732 -0.861 0.19128 -0.20055 0.53755
-0.031457 -0.088043 0.33965 0.24872 -0.12823 0.26344 0.12642 -0.11688 0.37127 0.019354 -0.021066 0.062348 -0.06188 0.0094584 -0.040948 0.039443 0.0094584 -0.062848 -0.17607 0.007594 0.13818 0.32744 -0.24998 0.040372 -0.25812 0.072802 -0.074385 0.45668 -0.42432 -0.056389 -0.28419 0.084119 -0.15212 0.5106 -0.47752 -0.092373 -0.18269 0.1585 -0.3803 0.0091694 0.097473 -0.44137 -0.28614 0.26427 -0.67954 -0.019676 0.10713 -0.77388 -0.3451 0.21113 -0.72913 0.01587 0.11051 -0.86045 0.19637 -0.20108 0.53537
-0.029555 -0.088661 0.33977 0.24851 -0.12527 0.25976 0.12861 -0.11682 0.37053 0.019784 -0.021082 0.062207 -0.062198 0.0095323 -0.04044 0.038897 0.0095323 -0.063176 -0.1754 0.0071487 0.13928 0.32389 -0.23916 0.031793 -0.25908 0.072371 -0.072651 0.44774 -0.40596 -0.081511 -0.28549 0.083319 -0.15023 0.50222 -0.45469 -0.11936 -0.18725 0.15765 -0.37861 0.0080415 0.098886 -0.44134 -0.29492 0.26156 -0.67714 -0.020922 0.10882 -0.77383 -0.353 0.20782 -0.72713 0.015423 0.1135 -0.85995 0.20082 -0.20116 0.53359
-0.027709 -0.089163 0.33987 0.24811 -0.12245 0.25623 0.13072 -0.11669 0.36984 0.02022 -0.021073 0.06207 -0.062557 0.0096443 -0.039852 0.038343 0.0096443 -0.063496 -0.17475 0.0068196 0.14033 0.32042 -0.22818 0.023416 -0.25996 0.072094 -0.070966 0.43441 -0.38647 -0.10829 -0.28681 0.082762 -0.1484 0.49128 -0.42976 -0.14725 -0.19185 0.15684 -0.3768 0.006975 0.10023 -0.44132 -0.30193 0.25911 -0.67508 -0.021967 0.11039 -0.77381 -0.35943 0.20502 -0.72538 0.015022 0.1164 -0.85955 0.2047 -0.20085 0.53221
-0.025883 -0.089591 0.33991 0.24764 -0.11963 0.25289 0.13278 -0.11654 0.36916 0.020663 -0.021053 0.061931 -0.062936 0.0097823 -0.039214 0.037794 0.0097823 -0.063803 -0.17408 0.0065679 0.14132 0.31669 -0.21676 0.015283 -0.26072 0.071923 -0.069375 0.41809 -0.36601 -0.13518 -0.28807 0.082401 -0.14667 0.4779 -0.40388 -0.17531 -0.19632 0.15608 -0.37496 0.0060445 0.10151 -0.44132 -0.30749 0.25704 -0.67327 -0.022784 0.11184 -0.77382 -0.36462 0.20268 -0.72371 0.014793 0.11909 -0.85921 0.20821 -0.20031 0.53106
-0.024044 -0.089989 0.33986 0.24725 -0.11666 0.24981 0.13482 -0.11642 0.36845 0.021118 -0.021037 0.061783 -0.063316 0.0099331 -0.038563 0.037264 0.0099331 -0.064092 -0.17336 0.0063538 0.14219 0.31236 -0.20461 0.0074987 -0.2613 0.071804 -0.067929 0.40041 -0.34476 -0.16042 -0.28917 0.082184 -0.14508 0.46226 -0.37825 -0.20262 -0.20044 0.15538 -0.37319 0.0053299 0.1027 -0.44134 -0.31198 0.25546 -0.67161 -0.023341 0.11315 -0.77384 -0.36885 0.20073 -0.72192 0.014873 0.12141 -0.85888 0.21157 -0.19972 0.52998
-0.022162 -0.090397 0.33968 0.24709 -0.11341 0.24704 0.13688 -0.11638 0.36771 0.021584 -0.021039 0.061619 -0.063676 0.010084 -0.037932 0.036769 0.010084 -0.064354 -0.17254 0.0061378 0.14291 0.30705 -0.19143 0.00016711 -0.26167 0.071685 -0.06668 0.38301 -0.32291 -0.18226 -0.29001 0.082054 -0.14368 0.44452 -0.35411 -0.22826 -0.20403 0.15474 -0.37158 0.0049107 0.1038 -0.44138 -0.31577 0.25451 -0.66998 -0.02361 0.11432 -0.77389 -0.37239 0.19912 -0.71986 0.015397 0.1232 -0.85851 0.21503 -0.19925 0.52877
-0.020292 -0.090826 0.33938 0.24717 -0.10976 0.24466 0.13889 -0.11644 0.36693 0.022047 -0.021068 0.061443 -0.064005 0.010229 -0.03734 0.036317 0.010229 -0.064586 -0.17168 0.0059265 0.1435 0.30058 -0.17713 -0.0065721 -0.26184 0.071573 -0.06562 0.36668 -0.30054 -0.19972 -0.29058 0.08202 -0.14247 0.42457 -0.33167 -0.25155 -0.207 0.1542 -0.37018 0.0047448 0.1048 -0.44142 -0.31916 0.25424 -0.66831 -0.023631 0.11536 -0.77395 -0.37547 0.19789 -0.71747 0.016357 0.12439 -0.85809 0.21862 -0.199 0.52736
-0.018677 -0.091213 0.33908 0.24719 -0.10576 0.24276 0.14062 -0.11657 0.36623 0.022451 -0.021114 0.06128 -0.064313 0.010381 -0.036766 0.035906 0.010381 -0.064789 -0.171 0.0058232 0.14406 0.29306 -0.16213 -0.012507 -0.26205 0.071604 -0.064629 0.3504 -0.27748 -0.21353 -0.29112 0.082216 -0.14134 0.40165 -0.30906 -0.2723 -0.20954 0.15383 -0.36886 0.0045354 0.10571 -0.44145 -0.3223 0.25456 -0.66653 -0.023596 0.11628 -0.774 -0.37826 0.19729 -0.71504 0.017442 0.12509 -0.85766 0.22201 -0.19895 0.52591
-0.017584 -0.091487 0.3389 0.24685 -0.10146 0.24144 0.14178 -0.11675 0.36573 0.022736 -0.021168 0.061157 -0.064612 0.010555 -0.036185 0.035535 0.010555 -0.064966 -0.17072 0.0059432 0.14472 0.28466 -0.14685 -0.017416 -0.26254 0.07193 -0.063569 0.33291 -0.25356 -0.22462 -0.29187 0.08279 -0.14013 0.37494 -0.28413 -0.2904 -0.21186 0.15372 -0.36751 0.0039536 0.10654 -0.44144 -0.32531 0.2554 -0.6646 -0.023715 0.11712 -0.77403 -0.38095 0.19761 -0.71287 0.018303 0.12543 -0.85725 0.22484 -0.19905 0.5246
-0.017279 -0.091577 0.33897 0.24583 -0.09691 0.24082 0.14211 -0.11694 0.36555 0.022845 -0.021218 0.061103 -0.064913 0.010765 -0.035572 0.035199 0.010765 -0.065118 -0.1711 0.0064017 0.14561 0.27553 -0.13177 -0.021079 -0.26354 0.072703 -0.062304 0.31299 -0.22858 -0.23392 -0.29309 0.083894 -0.13873 0.34362 -0.25476 -0.30575 -0.21417 0.15395 -0.36597 0.002671 0.10731 -0.44137 -0.32831 0.25665 -0.66248 -0.024197 0.11792 -0.77402 -0.38368 0.19911 -0.71129 0.01859 0.12554 -0.85692 0.22672 -0.19927 0.52359
-0.017923 -0.091451 0.33936 0.24392 -0.092212 0.24092 0.14145 -0.11715 0.36575 0.022736 -0.021261 0.061133 -0.065215 0.011021 -0.03493 0.034919 0.011021 -0.065233 -0.17227 0.0072626 0.14679 0.26567 -0.11716 -0.02333 -0.26521 0.074014 -0.060756 0.28992 -0.20247 -0.24195 -0.29491 0.085611 -0.13706 0.30776 -0.22018 -0.31817 -0.21661 0.15457 -0.3642 0.00051831 0.10801 -0.4412 -0.33128 0.25828 -0.66018 -0.02517 0.11867 -0.77394 -0.38651 0.20194 -0.71041 0.018112 0.12557 -0.85665 0.22741 -0.19959 0.52301
-0.019421 -0.09117 0.34002 0.24124 -0.087611 0.24161 0.13988 -0.11743 0.36626 0.02242 -0.02131 0.061234 -0.065478 0.011319 -0.034339 0.034774 0.011319 -0.065266 -0.17413 0.0084634 0.14821 0.25462 -0.10291 -0.02414 -0.26742 0.0758 -0.058987 0.26428 -0.17542 -0.24828 -0.29724 0.087858 -0.13517 0.26964 -0.18297 -0.32741 -0.21913 0.15557 -0.36225 -0.0022834 0.10864 -0.4409 -0.33385 0.26042 -0.65783 -0.026565 0.11937 -0.77374 -0.38914 0.20587 -0.70988 0.017057 0.12566 -0.85632 0.227 -0.20007 0.52278
-0.021639 -0.090812 0.34085 0.23793 -0.083372 0.24275 0.13755 -0.11785 0.36701 0.021915 -0.021378 0.061391 -0.065657 0.011653 -0.033885 0.034847 0.011653 -0.065165 -0.17654 0.0099229 0.14978 0.24187 -0.088835 -0.023498 -0.27006 0.077978 -0.057082 0.23687 -0.14765 -0.25232 -0.29994 0.090533 -0.13316 0.23187 -0.14623 -0.33322 -0.22165 0.15693 -0.36024 -0.0054544 0.10918 -0.44041 -0.33557 0.26323 -0.65559 -0.028283 0.11999 -0.77335 -0.39124 0.21064 -0.70931 0.015672 0.12597 -0.85578 0.22561 -0.20078 0.52284
-0.024444 -0.090451 0.34179 0.23415 -0.079759 0.24417 0.13458 -0.11848 0.36788 0.021239 -0.021482 0.061586 -0.065709 0.012018 -0.033658 0.035226 0.012018 -0.06488 -0.17937 0.01156 0.15142 0.22693 -0.074751 -0.021397 -0.27296 0.080464 -0.055126 0.20848 -0.11941 -0.25349 -0.30288 0.093528 -0.13111 0.19706 -0.11306 -0.33531 -0.22409 0.15863 -0.35826 -0.0087151 0.10963 -0.43969 -0.33602 0.26687 -0.65363 -0.030223 0.1205 -0.77272 -0.39246 0.21597 -0.70827 0.014204 0.12664 -0.85488 0.22335 -0.20181 0.52309
-0.027685 -0.090146 0.34275 0.23006 -0.076929 0.24577 0.13113 -0.11935 0.36882 0.02042 -0.021629 0.061803 -0.06561 0.012408 -0.033707 0.035948 0.012408 -0.064389 -0.18248 0.013297 0.15306 0.20974 -0.060583 -0.017923 -0.276 0.08317 -0.053195 0.17997 -0.09108 -0.25152 -0.3059 0.096739 -0.1291 0.16718 -0.0856 -0.33369 -0.22634 0.16062 -0.35641 -0.011829 0.10997 -0.43873 -0.33488 0.27135 -0.65207 -0.032279 0.12088 -0.77183 -0.39252 0.22158 -0.70653 0.012831 0.12773 -0.85356 0.2204 -0.20317 0.52347
-0.031172 -0.089906 0.34371 0.22585 -0.074733 0.24747 0.1274 -0.1204 0.36976 0.019522 -0.02181 0.062024 -0.065396 0.01281 -0.033968 0.036912 0.01281 -0.063749 -0.1857 0.015072 0.15464 0.19164 -0.046546 -0.013434 -0.27904 0.085994 -0.051336 0.15254 -0.063592 -0.24707 -0.3089 0.10006 -0.12716 0.14239 -0.063293 -0.32919 -0.22824 0.16279 -0.35479 -0.014685 0.11022 -0.43762 -0.33217 0.27641 -0.65098 -0.034326 0.12116 -0.77077 -0.39122 0.22714 -0.70436 0.011534 0.12893 -0.852 0.217 -0.20479 0.52392
-0.034702 -0.08973 0.34462 0.2217 -0.072964 0.24924 0.12361 -0.12155 0.37067 0.018617 -0.022014 0.062234 -0.065112 0.013213 -0.034357 0.037993 0.013213 -0.063036 -0.18887 0.016823 0.15613 0.17417 -0.032909 -0.0083425 -0.28193 0.08883 -0.049592 0.12738 -0.037946 -0.24093 -0.31173 0.10338 -0.12535 0.12252 -0.045089 -0.32275 -0.22961 0.16501 -0.35348 -0.017194 0.11038 -0.43646 -0.32799 0.28168 -0.6504 -0.036234 0.12135 -0.76964 -0.38839 0.23231 -0.70213 0.010256 0.12989 -0.85045 0.21341 -0.20653 0.52438
-0.038077 -0.089618 0.34544 0.21782 -0.071418 0.25103 0.11998 -0.12272 0.3715 0.017773 -0.022228 0.062415 -0.064805 0.013605 -0.03479 0.039067 0.013605 -0.062322 -0.19181 0.01849 0.15749 0.15891 -0.019942 -0.0030557 -0.28455 0.091574 -0.048007 0.10572 -0.015148 -0.23394 -0.31428 0.10659 -0.1237 0.10739 -0.029938 -0.31534 -0.23026 0.16715 -0.35258 -0.019266 0.11047 -0.43536 -0.32242 0.2868 -0.65038 -0.037873 0.12149 -0.76856 -0.38387 0.23677 -0.7002 0.0089435 0.13027 -0.84913 0.2099 -0.2083 0.52481
-0.041095 -0.089568 0.34616 0.21438 -0.06989 0.25281 0.11673 -0.12382 0.37219 0.017061 -0.022439 0.062552 -0.064521 0.013973 -0.035183 0.040007 0.013973 -0.061681 -0.19436 0.020012 0.15866 0.1474 -0.0079132 0.0020164 -0.28675 0.094122 -0.046625 0.08878 0.0037959 -0.2269 -0.31641 0.10959 -0.12226 0.096831 -0.016791 -0.30792 -0.23003 0.16909 -0.35219 -0.020812 0.1105 -0.43443 -0.31557 0.29143 -0.65097 -0.039115 0.12158 -0.76764 -0.37748 0.24017 -0.69894 0.0075408 0.12971 -0.84827 0.20672 -0.20997 0.52514
-0.043556 -0.08958 0.34673 0.2116 -0.068174 0.25453 0.11407 -0.12478 0.37272 0.01655 -0.022635 0.062628 -0.064307 0.014305 -0.035452 0.04069 0.014305 -0.061186 -0.19635 0.021328 0.15962 0.14122 0.0029089 0.0064646 -0.28839 0.09637 -0.045488 0.077778 0.01788 -0.22062 -0.318 0.11227 -0.12105 0.090678 -0.0045998 -0.30144 -0.22872 0.17069 -0.35239 -0.021743 0.11047 -0.43377 -0.30752 0.29521 -0.65221 -0.039829 0.12167 -0.76699 -0.36905 0.24219 -0.69871 0.005993 0.12787 -0.84812 0.20415 -0.21143 0.52534
-0.045259 -0.089654 0.34711 0.20965 -0.066065 0.25614 0.11223 -0.12551 0.37303 0.016312 -0.022804 0.062627 -0.064208 0.014589 -0.035512 0.040988 0.014589 -0.060912 -0.19761 0.022378 0.16032 0.14191 0.012255 0.0098796 -0.28934 0.098212 -0.044639 0.073931 0.026099 -0.21593 -0.31892 0.11452 -0.12013 0.088755 0.0076858 -0.29686 -0.22616 0.17183 -0.35328 -0.02197 0.11041 -0.43349 -0.29836 0.29779 -0.65415 -0.039886 0.12177 -0.76671 -0.35842 0.24248 -0.69987 0.0042447 0.12439 -0.84889 0.20244 -0.21256 0.52534
-0.046005 -0.089789 0.34728 0.20873 -0.063359 0.25761 0.11142 -0.12594 0.37307 0.016415 -0.022934 0.062531 -0.064272 0.014814 -0.035281 0.040778 0.014814 -0.060933 -0.19798 0.023099 0.16071 0.15105 0.019857 0.011852 -0.28947 0.099544 -0.044123 0.07846 0.027447 -0.21363 -0.31904 0.11623 -0.11953 0.090893 0.021114 -0.29514 -0.22216 0.17239 -0.35495 -0.021403 0.11031 -0.4337 -0.28819 0.29882 -0.65685 -0.039158 0.1219 -0.76693 -0.34541 0.24072 -0.70279 0.002241 0.11892 -0.85082 0.20186 -0.21325 0.5251
