-0.10634 0.023345 0.31101 0.13918 -0.039771 0.30037 0.018581 -0.017431 0.40841 0.0039702 -0.0059147 0.068226 -0.055486 0.00086978 -0.050155 0.053775 0.00086978 -0.051986 -0.16847 0.098778 0.063829 0.16226 -0.29153 0.2183 -0.17714 0.071036 -0.17138 0.13741 -0.5268 0.20417 -0.18877 0.052859 -0.25122 0.11875 -0.60202 0.23302 -0.12036 0.07768 -0.42677 0.062309 0.07012 -0.43549 -0.10943 0.17996 -0.74443 0.06427 0.21078 -0.73831 -0.13723 0.10413 -0.79174 0.035728 0.13455 -0.78453 0.012584 -0.038102 0.6045
-0.1062 0.023242 0.31081 0.13875 -0.040381 0.30006 0.018605 -0.017424 0.40841 0.0039626 -0.005875 0.06823 -0.055343 0.00081798 -0.050313 0.053849 0.00081798 -0.05191 -0.16912 0.09941 0.063949 0.15968 -0.29325 0.22022 -0.178 0.072067 -0.17131 0.13459 -0.5285 0.2068 -0.18966 0.053969 -0.25117 0.1168 -0.60541 0.23276 -0.12014 0.077945 -0.42687 0.062712 0.070013 -0.43542 -0.10915 0.18046 -0.74446 0.064781 0.21069 -0.73823 -0.13701 0.10467 -0.79179 0.043324 0.13996 -0.7886 0.012374 -0.038246 0.60448
-0.10608 0.023406 0.31076 0.13856 -0.04081 0.29992 0.018644 -0.017397 0.40842 0.0039572 -0.0058354 0.068234 -0.0552 0.00076335 -0.050471 0.053913 0.00076335 -0.051844 -0.16916 0.099184 0.06379 0.15856 -0.29407 0.22078 -0.17842 0.072406 -0.17153 0.13287 -0.52926 0.2076 -0.19013 0.054446 -0.25141 0.11489 -0.60674 0.23241 -0.11994 0.078202 -0.42698 0.063116 0.069916 -0.43535 -0.10888 0.18094 -0.74448 0.065276 0.21061 -0.73815 -0.13689 0.10521 -0.79183 0.045936 0.14166 -0.78985 0.012165 -0.038377 0.60446
-0.10597 0.023775 0.31082 0.13861 -0.041063 0.29997 0.018693 -0.017351 0.40842 0.0039529 -0.0057959 0.068237 -0.055054 0.00070431 -0.050631 0.053967 0.00070431 -0.051788 -0.16874 0.098261 0.063406 0.15873 -0.29408 0.22017 -0.17852 0.072183 -0.17196 0.13209 -0.52917 0.20693 -0.1903 0.05441 -0.25188 0.11309 -0.60624 0.23209 -0.11975 0.078457 -0.42708 0.063521 0.069823 -0.43529 -0.10862 0.18142 -0.74451 0.065766 0.21055 -0.73808 -0.13682 0.10577 -0.79187 0.044857 0.14061 -0.789 0.011957 -0.038499 0.60443
-0.10586 0.02429 0.31095 0.13888 -0.041144 0.30021 0.018747 -0.017289 0.40842 0.0039485 -0.0057564 0.068241 -0.054905 0.00063924 -0.050794 0.054013 0.00063924 -0.051742 -0.16801 0.096806 0.062853 0.16003 -0.29338 0.21862 -0.17842 0.071526 -0.17257 0.13208 -0.52832 0.20512 -0.19027 0.053982 -0.25252 0.11145 -0.60413 0.23192 -0.11959 0.078716 -0.42718 0.063927 0.069731 -0.43524 -0.10836 0.18191 -0.74453 0.066264 0.21049 -0.73801 -0.13678 0.10635 -0.7919 0.041383 0.13777 -0.7868 0.011747 -0.03861 0.60441
-0.10576 0.024889 0.31112 0.13936 -0.041056 0.30065 0.018802 -0.017214 0.40842 0.0039428 -0.0057172 0.068244 -0.054752 0.00056656 -0.05096 0.054049 0.00056656 -0.051705 -0.16711 0.09498 0.062185 0.16228 -0.29205 0.2163 -0.17823 0.070567 -0.17329 0.13267 -0.52679 0.20251 -0.19017 0.053283 -0.25328 0.11006 -0.60061 0.23202 -0.11943 0.078984 -0.42727 0.064335 0.069632 -0.4352 -0.10809 0.1824 -0.74455 0.066781 0.21043 -0.73795 -0.13676 0.10693 -0.79192 0.036806 0.1341 -0.78397 0.011534 -0.038714 0.60438
-0.10565 0.025512 0.31129 0.14003 -0.040805 0.30128 0.018852 -0.017128 0.40842 0.0039344 -0.0056781 0.068248 -0.054594 0.00048465 -0.051131 0.054077 0.00048465 -0.051677 -0.16619 0.092947 0.061455 0.16533 -0.29019 0.21344 -0.1781 0.069433 -0.17407 0.13371 -0.52468 0.19943 -0.19011 0.052432 -0.2541 0.10899 -0.59591 0.23251 -0.11929 0.079268 -0.42737 0.064746 0.069523 -0.43517 -0.1078 0.18291 -0.74457 0.067328 0.21036 -0.7379 -0.13671 0.10753 -0.79193 0.032422 0.13054 -0.78124 0.011318 -0.038812 0.60435
-0.10553 0.026099 0.31141 0.14089 -0.040393 0.30214 0.018893 -0.017033 0.40843 0.0039224 -0.0056393 0.068252 -0.054429 0.00039191 -0.051308 0.054096 0.00039191 -0.051658 -0.16539 0.090869 0.06072 0.169 -0.2879 0.21022 -0.17813 0.068255 -0.17485 0.13503 -0.52207 0.19623 -0.19021 0.051551 -0.25493 0.1083 -0.59024 0.23352 -0.11915 0.079573 -0.42745 0.065158 0.069396 -0.43514 -0.10749 0.18344 -0.74457 0.067916 0.21027 -0.73786 -0.13661 0.10814 -0.79194 0.029524 0.12807 -0.77935 0.011096 -0.038905 0.60432
-0.1054 0.026588 0.31145 0.14192 -0.039824 0.3032 0.01892 -0.016934 0.40843 0.0039054 -0.0056009 0.068256 -0.054256 0.00028675 -0.051491 0.054107 0.00028675 -0.051647 -0.16487 0.088909 0.060033 0.17314 -0.28526 0.20685 -0.17845 0.067162 -0.17557 0.13647 -0.51904 0.19323 -0.19059 0.050759 -0.2557 0.10807 -0.58382 0.23516 -0.11902 0.079905 -0.42754 0.065574 0.069248 -0.43513 -0.10714 0.184 -0.74457 0.068558 0.21015 -0.73782 -0.13644 0.10877 -0.79194 0.029406 0.12763 -0.77903 0.010868 -0.038994 0.6043
-0.10524 0.02692 0.31136 0.14312 -0.039104 0.3045 0.018928 -0.016831 0.40844 0.0038822 -0.0055628 0.068261 -0.054075 0.00016756 -0.051681 0.054111 0.00016756 -0.051643 -0.16477 0.087229 0.059449 0.17757 -0.28238 0.20353 -0.17918 0.066284 -0.17618 0.13786 -0.51569 0.19079 -0.19135 0.050177 -0.25637 0.10837 -0.57686 0.23756 -0.1189 0.080271 -0.42761 0.065993 0.069072 -0.43512 -0.10675 0.18459 -0.74457 0.069264 0.21001 -0.7378 -0.13617 0.10941 -0.79193 0.033363 0.13019 -0.781 0.010633 -0.039082 0.60427
-0.10506 0.027034 0.31112 0.14446 -0.038236 0.30603 0.018911 -0.016727 0.40844 0.0038517 -0.0055251 0.068265 -0.053884 3.2752e-05 -0.05188 0.054107 3.2752e-05 -0.051647 -0.16524 0.085992 0.059022 0.18213 -0.27933 0.20047 -0.18044 0.065748 -0.17662 0.13905 -0.51211 0.18922 -0.19263 0.049924 -0.25688 0.10926 -0.56958 0.24084 -0.11877 0.080675 -0.42769 0.066416 0.068863 -0.43512 -0.10632 0.18522 -0.74455 0.070047 0.20983 -0.73779 -0.13578 0.11006 -0.79192 0.042677 0.13669 -0.78601 0.010388 -0.039169 0.60425
-0.10486 0.026921 0.31073 0.14592 -0.03723 0.30776 0.018868 -0.016624 0.40845 0.0038136 -0.0054878 0.068271 -0.053686 -0.00011691 -0.052084 0.054097 -0.00011691 -0.051658 -0.1663 0.085227 0.058782 0.1868 -0.27609 0.1977 -0.18228 0.06555 -0.17687 0.14001 -0.50823 0.18865 -0.19443 0.050006 -0.25719 0.11078 -0.56217 0.24477 -0.11864 0.081118 -0.42775 0.066841 0.06862 -0.43514 -0.10583 0.18589 -0.74453 0.070907 0.20961 -0.73778 -0.13525 0.11072 -0.7919 0.057445 0.14732 -0.7939 0.010137 -0.039255 0.60422
-0.10473 0.026663 0.31032 0.14742 -0.036108 0.30959 0.018803 -0.016522 0.40846 0.003769 -0.0054506 0.068276 -0.053489 -0.00027637 -0.052285 0.054082 -0.00027637 -0.051673 -0.16777 0.084717 0.058717 0.19182 -0.27238 0.19495 -0.18457 0.065436 -0.17691 0.14104 -0.50377 0.18875 -0.19662 0.050217 -0.25732 0.11285 -0.55477 0.24849 -0.11851 0.08159 -0.4278 0.067266 0.068347 -0.43516 -0.10529 0.18659 -0.74449 0.07183 0.20936 -0.73779 -0.1346 0.11139 -0.79188 0.075565 0.1609 -0.80295 0.009887 -0.039333 0.6042
-0.10471 0.026355 0.31002 0.1489 -0.034892 0.31144 0.018719 -0.016419 0.40847 0.0037196 -0.0054132 0.068282 -0.053303 -0.00044008 -0.052473 0.054063 -0.00044008 -0.051692 -0.16945 0.084222 0.058809 0.19746 -0.26789 0.19193 -0.1872 0.065128 -0.17676 0.14244 -0.49838 0.18917 -0.19901 0.050329 -0.25729 0.11541 -0.54752 0.25107 -0.11836 0.08208 -0.42784 0.067686 0.068051 -0.43519 -0.1047 0.18731 -0.74443 0.072797 0.20908 -0.7378 -0.13387 0.11207 -0.79184 0.094696 0.17607 -0.81126 0.0096467 -0.039398 0.60418
-0.10488 0.02609 0.30997 0.15027 -0.033605 0.31319 0.01862 -0.016316 0.40848 0.0036668 -0.0053753 0.068288 -0.053138 -0.00060251 -0.05264 0.054042 -0.00060251 -0.051712 -0.17112 0.083498 0.059039 0.20398 -0.26234 0.18834 -0.19002 0.064345 -0.17643 0.14451 -0.49174 0.18955 -0.20144 0.050113 -0.25711 0.11838 -0.54056 0.2516 -0.1182 0.082577 -0.42786 0.068099 0.067737 -0.43522 -0.10408 0.18803 -0.74436 0.073791 0.20877 -0.73782 -0.13308 0.11274 -0.79179 0.1125 0.19149 -0.81692 0.0094249 -0.039443 0.60417
-0.10531 0.025961 0.31029 0.15147 -0.032268 0.31476 0.01851 -0.016212 0.40849 0.0036121 -0.0053366 0.068294 -0.053003 -0.00075816 -0.052775 0.05402 -0.00075816 -0.051733 -0.17258 0.082306 0.059389 0.21164 -0.25542 0.1839 -0.19291 0.062813 -0.17593 0.14756 -0.48353 0.18953 -0.20374 0.049344 -0.25679 0.1217 -0.53402 0.24917 -0.11802 0.083069 -0.42786 0.0685 0.067411 -0.43525 -0.10343 0.18875 -0.74426 0.074794 0.20845 -0.73784 -0.13225 0.1134 -0.79172 0.12666 0.20582 -0.81806 0.0092301 -0.039463 0.60416
-0.106 0.026003 0.31101 0.15246 -0.030855 0.31608 0.018395 -0.016107 0.4085 0.0035575 -0.0052973 0.068299 -0.0529 -0.000903 -0.052876 0.053999 -0.000903 -0.051752 -0.17374 0.08055 0.059836 0.22034 -0.2472 0.17869 -0.19573 0.060409 -0.17527 0.15151 -0.47377 0.18915 -0.2058 0.047888 -0.25637 0.12511 -0.52783 0.24389 -0.11782 0.08354 -0.42784 0.068889 0.067078 -0.43529 -0.10275 0.18945 -0.74414 0.075795 0.20811 -0.73786 -0.1314 0.11404 -0.79162 0.13629 0.21827 -0.81434 0.0090645 -0.039457 0.60416
-0.10687 0.026185 0.31203 0.1533 -0.029275 0.31723 0.018284 -0.016002 0.40851 0.0035054 -0.0052581 0.068305 -0.052826 -0.0010349 -0.052948 0.053978 -0.0010349 -0.051772 -0.17462 0.078314 0.060348 0.2295 -0.23824 0.17329 -0.1983 0.057213 -0.17452 0.15577 -0.46299 0.18889 -0.20757 0.045735 -0.25586 0.12819 -0.52165 0.23722 -0.11759 0.083963 -0.42782 0.06927 0.066741 -0.43533 -0.10205 0.19014 -0.74401 0.076786 0.20777 -0.73789 -0.1305 0.11467 -0.79151 0.1423 0.22874 -0.80739 0.0089218 -0.039432 0.60416
-0.10782 0.026467 0.31324 0.15402 -0.027433 0.31823 0.018185 -0.015901 0.40852 0.0034584 -0.0052197 0.06831 -0.052775 -0.0011519 -0.052996 0.053956 -0.0011519 -0.051793 -0.17529 0.075694 0.060895 0.23851 -0.22911 0.16831 -0.20043 0.053316 -0.1737 0.15975 -0.4517 0.18927 -0.209 0.04288 -0.25527 0.13047 -0.51513 0.23069 -0.11731 0.084314 -0.4278 0.069645 0.066405 -0.43537 -0.10134 0.19081 -0.74386 0.077761 0.20743 -0.73792 -0.12954 0.11526 -0.79138 0.14574 0.2372 -0.79897 0.008795 -0.039397 0.60416
-0.10878 0.02681 0.31452 0.15466 -0.025235 0.31915 0.018108 -0.015803 0.40853 0.003419 -0.0051828 0.068315 -0.052742 -0.001252 -0.053027 0.053932 -0.001252 -0.051815 -0.17579 0.072788 0.061445 0.24678 -0.22038 0.16436 -0.20197 0.048813 -0.17288 0.16283 -0.44045 0.19084 -0.21006 0.03932 -0.25463 0.13151 -0.50792 0.22582 -0.117 0.084567 -0.42779 0.070018 0.066073 -0.43542 -0.10062 0.19146 -0.7437 0.078715 0.20708 -0.73796 -0.1285 0.1158 -0.79123 0.14763 0.24361 -0.79082 0.0086773 -0.03936 0.60416
-0.10966 0.027176 0.31577 0.15526 -0.022595 0.32002 0.018062 -0.015711 0.40854 0.0033897 -0.0051483 0.068319 -0.052721 -0.0013334 -0.053045 0.053906 -0.0013334 -0.05184 -0.17616 0.069693 0.061968 0.25372 -0.21262 0.16202 -0.20274 0.043799 -0.1721 0.16442 -0.42976 0.19408 -0.2107 0.035059 -0.25396 0.13088 -0.49969 0.2241 -0.11663 0.084697 -0.42782 0.070392 0.065749 -0.43547 -0.099892 0.1921 -0.74353 0.079641 0.20675 -0.738 -0.12737 0.11629 -0.79106 0.14901 0.24792 -0.78466 0.0085621 -0.039327 0.60415
-0.11041 0.027543 0.31693 0.15587 -0.019578 0.3209 0.018047 -0.015626 0.40854 0.0033709 -0.0051162 0.068323 -0.052709 -0.0013965 -0.053055 0.053878 -0.0013965 -0.051868 -0.17644 0.066517 0.062453 0.25917 -0.20599 0.16131 -0.20279 0.038485 -0.17138 0.16447 -0.41984 0.19895 -0.21095 0.030265 -0.25328 0.12861 -0.49049 0.22574 -0.11621 0.084706 -0.42788 0.070767 0.065436 -0.43552 -0.099169 0.19273 -0.74337 0.080536 0.20642 -0.73804 -0.12615 0.11673 -0.79087 0.15034 0.25039 -0.78096 0.0084474 -0.039302 0.60415
-0.11106 0.027898 0.318 0.1565 -0.016393 0.32183 0.018061 -0.015548 0.40854 0.0033611 -0.0050865 0.068325 -0.052704 -0.0014441 -0.053059 0.053847 -0.0014441 -0.051898 -0.17666 0.063378 0.062908 0.26339 -0.20033 0.16173 -0.20236 0.033179 -0.17072 0.16338 -0.41066 0.20487 -0.21091 0.025253 -0.2526 0.12518 -0.4807 0.22984 -0.11577 0.084617 -0.42797 0.071138 0.065133 -0.43558 -0.098449 0.19333 -0.7432 0.081396 0.20611 -0.73809 -0.12485 0.11711 -0.79068 0.15163 0.25149 -0.77907 0.0083354 -0.039283 0.60414
-0.11161 0.028233 0.31898 0.15717 -0.013251 0.32284 0.018098 -0.015478 0.40854 0.0033586 -0.005059 0.068328 -0.052705 -0.0014791 -0.053057 0.053815 -0.0014791 -0.05193 -0.17684 0.060391 0.063342 0.26664 -0.19544 0.16276 -0.20168 0.028195 -0.17012 0.16157 -0.40213 0.21126 -0.21067 0.020343 -0.25196 0.12109 -0.47073 0.23546 -0.11532 0.084456 -0.42807 0.0715 0.064841 -0.43564 -0.097734 0.19391 -0.74303 0.082217 0.2058 -0.73814 -0.12351 0.11745 -0.79047 0.15286 0.25172 -0.77833 0.0082286 -0.039266 0.60412
-0.11206 0.028535 0.31985 0.15792 -0.010366 0.324 0.018155 -0.015415 0.40855 0.0033621 -0.0050335 0.068329 -0.052708 -0.0015043 -0.053053 0.053782 -0.0015043 -0.051964 -0.17699 0.057675 0.063761 0.26917 -0.19113 0.1639 -0.20099 0.023847 -0.16957 0.15947 -0.39421 0.21753 -0.21031 0.015855 -0.25136 0.11682 -0.46099 0.24162 -0.11487 0.084248 -0.42819 0.071848 0.064561 -0.4357 -0.097025 0.19445 -0.74287 0.082996 0.20551 -0.73819 -0.12214 0.11774 -0.79025 0.15399 0.25158 -0.77804 0.0081293 -0.039251 0.60411
-0.11244 0.028797 0.32062 0.15876 -0.0079268 0.32532 0.018228 -0.015361 0.40854 0.0033699 -0.0050097 0.068331 -0.052714 -0.0015223 -0.053047 0.053747 -0.0015223 -0.052 -0.17714 0.055334 0.064174 0.27125 -0.18722 0.16466 -0.20053 0.020416 -0.16908 0.15748 -0.38681 0.22314 -0.20994 0.012088 -0.25082 0.11285 -0.45184 0.24745 -0.11445 0.084016 -0.4283 0.07218 0.064294 -0.43576 -0.096325 0.19497 -0.74271 0.083731 0.20524 -0.73824 -0.12076 0.118 -0.79003 0.15502 0.25153 -0.77758 0.0080399 -0.039235 0.6041
-0.11276 0.029013 0.3213 0.15958 -0.0058723 0.32663 0.018312 -0.015312 0.40854 0.003381 -0.0049877 0.068332 -0.052721 -0.0015343 -0.053039 0.05371 -0.0015343 -0.052038 -0.1773 0.053327 0.06458 0.27308 -0.18348 0.16487 -0.20031 0.017816 -0.16863 0.15578 -0.37969 0.228 -0.20959 0.009062 -0.25035 0.10939 -0.4432 0.25271 -0.11403 0.083749 -0.42842 0.072502 0.064035 -0.43582 -0.095629 0.19546 -0.74255 0.084434 0.20497 -0.73829 -0.11936 0.11823 -0.78981 0.15595 0.2517 -0.77677 0.0079603 -0.039219 0.60408
-0.11302 0.029182 0.3219 0.16016 -0.0039772 0.32767 0.018404 -0.015264 0.40854 0.0033949 -0.0049671 0.068333 -0.052733 -0.0015401 -0.053028 0.053668 -0.0015401 -0.052081 -0.17746 0.051518 0.064972 0.27483 -0.17969 0.1646 -0.20022 0.015725 -0.16822 0.1544 -0.37249 0.23229 -0.20927 0.0066219 -0.24994 0.10651 -0.43467 0.25759 -0.11359 0.083419 -0.42856 0.072829 0.063781 -0.43589 -0.094931 0.19594 -0.74238 0.085127 0.2047 -0.73835 -0.11793 0.11845 -0.78958 0.15683 0.25198 -0.77575 0.0078894 -0.039204 0.60407
-0.11325 0.029302 0.32243 0.16033 -0.0020132 0.32813 0.018499 -0.015212 0.40854 0.0034108 -0.0049478 0.068333 -0.05275 -0.0015397 -0.05301 0.053621 -0.0015397 -0.05213 -0.17764 0.049771 0.065342 0.27664 -0.17561 0.16389 -0.20014 0.013815 -0.16785 0.15339 -0.36485 0.23623 -0.20899 0.0046087 -0.24958 0.10427 -0.42588 0.26228 -0.11308 0.082995 -0.42872 0.073176 0.063525 -0.43596 -0.094227 0.19643 -0.7422 0.085831 0.20443 -0.73841 -0.11647 0.11868 -0.78933 0.15769 0.25229 -0.77467 0.0078259 -0.039194 0.60405
-0.11346 0.029372 0.3229 0.15987 0.00024761 0.32774 0.018594 -0.015151 0.40854 0.0034282 -0.0049298 0.068334 -0.052775 -0.0015331 -0.052986 0.053564 -0.0015331 -0.052188 -0.17784 0.047949 0.065683 0.27868 -0.17102 0.16281 -0.19995 0.011757 -0.16749 0.15278 -0.35641 0.24 -0.20874 0.0028638 -0.24925 0.10273 -0.41644 0.26699 -0.11246 0.082447 -0.42892 0.073558 0.063264 -0.43604 -0.09351 0.19695 -0.74201 0.086569 0.20415 -0.73849 -0.11494 0.11893 -0.78906 0.15858 0.25251 -0.77366 0.0077684 -0.03919 0.60404
-0.11367 0.02939 0.32333 0.15863 0.0029952 0.32626 0.018684 -0.015077 0.40854 0.0034464 -0.0049128 0.068334 -0.052809 -0.0015203 -0.052952 0.053498 -0.0015203 -0.052256 -0.17805 0.045932 0.06599 0.2811 -0.16572 0.16142 -0.19956 0.0092722 -0.16716 0.15258 -0.34688 0.24379 -0.20855 0.0012384 -0.24895 0.10194 -0.40602 0.27187 -0.11171 0.081751 -0.42917 0.073988 0.062992 -0.43613 -0.092775 0.1975 -0.74179 0.087358 0.20384 -0.73858 -0.11335 0.11921 -0.78878 0.15954 0.25256 -0.77286 0.0077159 -0.039194 0.60402
-0.11388 0.029354 0.32373 0.15674 0.0061383 0.32389 0.018766 -0.014987 0.40854 0.003465 -0.0048969 0.068334 -0.052852 -0.0015012 -0.05291 0.053424 -0.0015012 -0.052333 -0.17828 0.043734 0.066263 0.28381 -0.15982 0.15981 -0.19898 0.0064221 -0.16685 0.15278 -0.33648 0.24759 -0.20837 -0.00034215 -0.24868 0.10189 -0.39486 0.2769 -0.11085 0.080932 -0.42945 0.074461 0.062712 -0.43623 -0.092023 0.19809 -0.74155 0.088192 0.20352 -0.73868 -0.11168 0.11953 -0.78848 0.16055 0.25245 -0.77227 0.0076676 -0.039207 0.604
-0.11411 0.029259 0.32408 0.15445 0.0094597 0.32103 0.018835 -0.014879 0.40854 0.0034836 -0.0048821 0.068334 -0.052899 -0.0014761 -0.052863 0.053344 -0.0014761 -0.052415 -0.17852 0.041429 0.066505 0.28665 -0.15356 0.15807 -0.19831 0.0034232 -0.16657 0.15334 -0.32564 0.25133 -0.20817 -0.0019193 -0.24845 0.10253 -0.38343 0.28194 -0.1099 0.080035 -0.42976 0.074964 0.062428 -0.43633 -0.091258 0.1987 -0.7413 0.089052 0.20319 -0.73879 -0.10997 0.11987 -0.78816 0.16159 0.2522 -0.77186 0.0076233 -0.039226 0.60398
-0.11435 0.0291 0.3244 0.15203 0.012741 0.31806 0.018889 -0.014751 0.40854 0.0035019 -0.0048685 0.068334 -0.052949 -0.0014452 -0.052814 0.053262 -0.0014452 -0.052499 -0.17875 0.03909 0.066719 0.28946 -0.14718 0.15632 -0.19761 0.00049262 -0.16635 0.15421 -0.31481 0.25491 -0.20792 -0.0035343 -0.24827 0.10381 -0.37219 0.28687 -0.10891 0.079107 -0.43007 0.075483 0.062147 -0.43643 -0.090484 0.19931 -0.74104 0.08992 0.20284 -0.7389 -0.10822 0.12022 -0.78784 0.16265 0.25185 -0.77159 0.0075828 -0.039249 0.60395
-0.11461 0.028874 0.32467 0.14973 0.015766 0.31537 0.018924 -0.0146 0.40854 0.0035195 -0.0048561 0.068334 -0.053 -0.0014086 -0.052764 0.053181 -0.0014086 -0.052582 -0.17898 0.036792 0.066909 0.29207 -0.14093 0.15465 -0.19697 -0.0021526 -0.16618 0.15533 -0.30443 0.25827 -0.20756 -0.0052285 -0.24813 0.1057 -0.36161 0.29154 -0.10789 0.078193 -0.43038 0.076007 0.061872 -0.43653 -0.089706 0.19991 -0.74077 0.090777 0.20249 -0.73902 -0.10644 0.12057 -0.78753 0.16369 0.25144 -0.7714 0.0075456 -0.039277 0.60393
-0.1149 0.028576 0.32492 0.14778 0.018354 0.31329 0.018936 -0.014424 0.40855 0.0035361 -0.004845 0.068334 -0.053048 -0.0013665 -0.052717 0.053104 -0.0013665 -0.052661 -0.1792 0.034598 0.067077 0.29436 -0.135 0.15313 -0.19645 -0.0043355 -0.16607 0.15669 -0.29484 0.26133 -0.20708 -0.0070301 -0.24806 0.10814 -0.35207 0.29585 -0.10689 0.077332 -0.43067 0.076525 0.061608 -0.43663 -0.088927 0.20049 -0.74051 0.09161 0.20214 -0.73914 -0.10465 0.12091 -0.78722 0.1647 0.25099 -0.77127 0.0075115 -0.039306 0.60391
-0.11522 0.028205 0.32512 0.14617 0.020526 0.3118 0.018928 -0.014223 0.40855 0.0035519 -0.0048349 0.068334 -0.053095 -0.0013194 -0.052671 0.05303 -0.0013194 -0.052736 -0.17941 0.032528 0.067222 0.2964 -0.12933 0.15174 -0.19605 -0.006076 -0.16603 0.15832 -0.28596 0.26413 -0.20649 -0.008903 -0.24805 0.11103 -0.34344 0.29977 -0.10591 0.076526 -0.43095 0.077035 0.061354 -0.43672 -0.088146 0.20105 -0.74026 0.092418 0.20179 -0.73926 -0.10284 0.12125 -0.78692 0.16568 0.25051 -0.7712 0.0074807 -0.039336 0.60388
-0.11555 0.027757 0.32529 0.14486 0.022357 0.31075 0.018905 -0.013996 0.40856 0.0035672 -0.0048253 0.068334 -0.053139 -0.0012677 -0.052627 0.052959 -0.0012677 -0.052809 -0.17963 0.030588 0.067342 0.29831 -0.1238 0.1504 -0.19574 -0.0074537 -0.16603 0.16028 -0.27756 0.2667 -0.20581 -0.010792 -0.24807 0.11426 -0.33544 0.30328 -0.10494 0.075763 -0.43122 0.077541 0.061107 -0.4368 -0.087359 0.20158 -0.74001 0.09321 0.20144 -0.73937 -0.10104 0.12158 -0.78663 0.16664 0.24999 -0.77119 0.007453 -0.039365 0.60385
-0.1159 0.027231 0.32542 0.14379 0.023925 0.31002 0.01887 -0.013745 0.40857 0.0035821 -0.0048159 0.068334 -0.053182 -0.001212 -0.052585 0.052891 -0.001212 -0.052878 -0.17985 0.028782 0.067433 0.30023 -0.11827 0.14903 -0.19549 -0.0085483 -0.16609 0.16263 -0.26941 0.26911 -0.20509 -0.01264 -0.24814 0.11772 -0.32779 0.3064 -0.10398 0.075033 -0.43147 0.078043 0.060865 -0.43688 -0.086564 0.2021 -0.73975 0.09399 0.20108 -0.73949 -0.09924 0.12192 -0.78635 0.16758 0.24943 -0.77124 0.0074286 -0.039393 0.60383
-0.11626 0.026625 0.32552 0.1429 0.025309 0.30949 0.018827 -0.013468 0.40858 0.003597 -0.0048064 0.068334 -0.053224 -0.0011528 -0.052544 0.052825 -0.0011528 -0.052945 -0.18008 0.027116 0.067494 0.30229 -0.11262 0.14755 -0.19528 -0.0094396 -0.16618 0.16543 -0.26129 0.27139 -0.20436 -0.014393 -0.24823 0.1213 -0.32021 0.3091 -0.10302 0.074327 -0.43171 0.078545 0.060625 -0.43696 -0.085758 0.20261 -0.7395 0.094765 0.20071 -0.73962 -0.097449 0.12226 -0.78607 0.16852 0.24881 -0.77136 0.0074077 -0.039417 0.6038
-0.11662 0.025942 0.32558 0.14213 0.026567 0.30903 0.018778 -0.013167 0.40859 0.0036119 -0.0047965 0.068334 -0.053265 -0.0010904 -0.052504 0.05276 -0.0010904 -0.053011 -0.18033 0.025594 0.067524 0.30458 -0.10668 0.14592 -0.19508 -0.010201 -0.16629 0.16872 -0.25298 0.27354 -0.20364 -0.016004 -0.24833 0.12494 -0.31241 0.31142 -0.10206 0.073639 -0.43195 0.079049 0.060386 -0.43703 -0.08494 0.2031 -0.73925 0.095541 0.20033 -0.73974 -0.095674 0.12261 -0.7858 0.16946 0.24813 -0.77155 0.00739 -0.039439 0.60377
-0.11699 0.025202 0.32561 0.14143 0.0277 0.30858 0.01872 -0.012853 0.4086 0.0036255 -0.0047867 0.068334 -0.053304 -0.0010249 -0.052466 0.052697 -0.0010249 -0.053076 -0.18059 0.024215 0.06753 0.3071 -0.10012 0.1441 -0.1949 -0.010886 -0.16642 0.17253 -0.24442 0.27533 -0.20294 -0.017454 -0.24845 0.12878 -0.30404 0.31343 -0.10111 0.072978 -0.43218 0.079557 0.060149 -0.43711 -0.08411 0.20358 -0.739 0.096317 0.19995 -0.73987 -0.093926 0.12296 -0.78553 0.1704 0.24741 -0.77181 0.0073744 -0.039467 0.60373
-0.11737 0.024426 0.32562 0.14073 0.028698 0.30808 0.018645 -0.012534 0.40861 0.0036367 -0.0047774 0.068334 -0.053341 -0.00095609 -0.052429 0.052635 -0.00095609 -0.053138 -0.18086 0.022978 0.067519 0.30981 -0.092616 0.14208 -0.19471 -0.011543 -0.16654 0.17686 -0.23552 0.27649 -0.20228 -0.018729 -0.24857 0.13299 -0.29471 0.31524 -0.10018 0.072357 -0.4324 0.080071 0.059916 -0.43718 -0.083269 0.20405 -0.73876 0.097094 0.19956 -0.74 -0.092219 0.12332 -0.78528 0.17134 0.24663 -0.77213 0.0073599 -0.039509 0.6037
-0.11776 0.02364 0.32563 0.13996 0.029549 0.30748 0.018548 -0.012223 0.40862 0.0036442 -0.0047692 0.068334 -0.053376 -0.00088402 -0.052396 0.052575 -0.00088402 -0.053199 -0.18112 0.02188 0.067498 0.31269 -0.083818 0.13986 -0.19452 -0.012221 -0.16665 0.18172 -0.22623 0.27674 -0.20168 -0.019819 -0.24869 0.13774 -0.28407 0.31696 -0.099275 0.07179 -0.4326 0.080593 0.059689 -0.43724 -0.082419 0.20451 -0.73852 0.097871 0.19916 -0.74013 -0.090565 0.12369 -0.78503 0.17227 0.24582 -0.7725 0.0073452 -0.039575 0.60366
-0.11817 0.022865 0.32564 0.13905 0.030242 0.30672 0.018422 -0.011928 0.40863 0.0036466 -0.0047626 0.068334 -0.053407 -0.00080857 -0.052365 0.052516 -0.00080857 -0.053258 -0.18138 0.020921 0.067476 0.31569 -0.073386 0.13741 -0.19431 -0.012968 -0.16673 0.18711 -0.21647 0.27582 -0.20113 -0.020709 -0.24879 0.1432 -0.27175 0.31869 -0.0984 0.071288 -0.43279 0.081126 0.059471 -0.4373 -0.081562 0.20496 -0.7383 0.098647 0.19875 -0.74026 -0.088977 0.12406 -0.7848 0.17321 0.24497 -0.77291 0.007329 -0.039673 0.60363
-0.11859 0.022117 0.32567 0.13799 0.030781 0.30578 0.018267 -0.011657 0.40865 0.0036434 -0.0047578 0.068335 -0.053435 -0.0007301 -0.052338 0.052459 -0.0007301 -0.053315 -0.18162 0.020094 0.067457 0.31875 -0.061242 0.13475 -0.19409 -0.013808 -0.16677 0.19297 -0.20626 0.27367 -0.20065 -0.0214 -0.24886 0.14941 -0.25781 0.32039 -0.097562 0.07086 -0.43296 0.081671 0.059264 -0.43736 -0.0807 0.2054 -0.73809 0.099421 0.19834 -0.7404 -0.08746 0.12444 -0.78458 0.17414 0.24409 -0.77335 0.0073108 -0.039809 0.60359
-0.11902 0.021395 0.3257 0.13684 0.031201 0.30475 0.018086 -0.011408 0.40866 0.0036354 -0.0047541 0.068335 -0.053458 -0.00065 -0.052315 0.052404 -0.00065 -0.05337 -0.18184 0.019384 0.067439 0.32166 -0.047891 0.13199 -0.19384 -0.014702 -0.16679 0.1991 -0.1958 0.27066 -0.20023 -0.021917 -0.24893 0.15606 -0.24326 0.32167 -0.096759 0.070498 -0.43311 0.082226 0.059067 -0.43741 -0.079836 0.20583 -0.73789 0.10019 0.19793 -0.74054 -0.08601 0.12482 -0.78437 0.17505 0.24319 -0.77382 0.0072915 -0.039979 0.60355
-0.11945 0.020698 0.32573 0.13566 0.031543 0.30371 0.017886 -0.011179 0.40867 0.0036237 -0.004751 0.068336 -0.053477 -0.00056975 -0.052296 0.052351 -0.00056975 -0.053424 -0.18204 0.018777 0.067416 0.32423 -0.033917 0.12922 -0.19357 -0.015604 -0.16679 0.20528 -0.18531 0.26725 -0.19987 -0.02229 -0.24898 0.16283 -0.22924 0.32213 -0.09599 0.070192 -0.43326 0.082789 0.058881 -0.43746 -0.078974 0.20625 -0.7377 0.10094 0.19752 -0.74067 -0.084617 0.1252 -0.78418 0.17595 0.24228 -0.77431 0.007272 -0.040177 0.60351
-0.11987 0.020022 0.32576 0.13455 0.031846 0.30275 0.017674 -0.010968 0.40869 0.0036094 -0.0047477 0.068337 -0.053491 -0.00049086 -0.052282 0.0523 -0.00049086 -0.053475 -0.18223 0.018257 0.067387 0.32625 -0.019905 0.12656 -0.19326 -0.01647 -0.1668 0.21128 -0.17503 0.26388 -0.19956 -0.022551 -0.24903 0.16939 -0.2169 0.32133 -0.095253 0.069933 -0.43339 0.083358 0.058706 -0.4375 -0.07812 0.20665 -0.73753 0.10168 0.19711 -0.74081 -0.083275 0.12557 -0.78401 0.17683 0.24135 -0.77483 0.0072534 -0.040398 0.60347
-0.12028 0.019364 0.32578 0.13358 0.032151 0.30197 0.017456 -0.010772 0.4087 0.0035936 -0.0047435 0.068338 -0.0535 -0.00041484 -0.052274 0.05225 -0.00041484 -0.053524 -0.18239 0.017807 0.067347 0.32752 -0.0064326 0.1241 -0.19292 -0.017253 -0.16681 0.21688 -0.16518 0.261 -0.1993 -0.022727 -0.24908 0.1754 -0.20736 0.31886 -0.094545 0.069712 -0.43351 0.083932 0.058543 -0.43753 -0.077275 0.20704 -0.73737 0.1024 0.1967 -0.74095 -0.081976 0.12594 -0.78386 0.17768 0.24041 -0.77535 0.0072367 -0.040637 0.60342
-0.12068 0.018727 0.32579 0.13277 0.03247 0.30141 0.017235 -0.010593 0.40871 0.0035769 -0.0047383 0.068339 -0.053503 -0.00034304 -0.052271 0.052203 -0.00034304 -0.05357 -0.18254 0.01742 0.067295 0.32792 0.0062934 0.12192 -0.19254 -0.017923 -0.16684 0.22195 -0.15581 0.25878 -0.19908 -0.022838 -0.24914 0.18078 -0.20074 0.31483 -0.093864 0.069524 -0.43363 0.084511 0.058389 -0.43756 -0.07644 0.20742 -0.73723 0.1031 0.19629 -0.74109 -0.080713 0.1263 -0.78373 0.1785 0.23946 -0.7759 0.0072243 -0.040895 0.60338
-0.12106 0.018116 0.3258 0.13212 0.032775 0.30102 0.017009 -0.010441 0.40872 0.0035594 -0.0047332 0.068341 -0.053499 -0.00027661 -0.052276 0.052159 -0.00027661 -0.053613 -0.18267 0.0171 0.067237 0.32745 0.018644 0.12007 -0.19214 -0.018476 -0.16689 0.22654 -0.14673 0.25697 -0.1989 -0.022881 -0.24919 0.18581 -0.19557 0.31014 -0.093205 0.069371 -0.43374 0.085101 0.058241 -0.43759 -0.075604 0.20778 -0.73709 0.10379 0.19588 -0.74122 -0.079483 0.12666 -0.78361 0.17931 0.2385 -0.77645 0.0072202 -0.041187 0.60333
-0.12142 0.017538 0.3258 0.13158 0.033031 0.30077 0.016776 -0.010327 0.40873 0.0035411 -0.004729 0.068342 -0.053486 -0.00021666 -0.05229 0.05212 -0.00021666 -0.053652 -0.1828 0.016851 0.067178 0.32611 0.03104 0.11858 -0.19173 -0.018908 -0.16694 0.23069 -0.1377 0.25529 -0.19874 -0.022853 -0.24925 0.1908 -0.19026 0.30575 -0.092565 0.069255 -0.43385 0.085706 0.058093 -0.4376 -0.074755 0.20815 -0.73697 0.10448 0.19545 -0.74136 -0.078286 0.12702 -0.78352 0.18012 0.23751 -0.777 0.007229 -0.041527 0.60329
-0.12178 0.017002 0.3258 0.13114 0.033208 0.30061 0.016534 -0.010262 0.40875 0.0035219 -0.0047267 0.068343 -0.053462 -0.00016433 -0.052315 0.052086 -0.00016433 -0.053685 -0.18292 0.016677 0.067123 0.32391 0.0439 0.11747 -0.19133 -0.019216 -0.16699 0.23447 -0.1285 0.25346 -0.1986 -0.022751 -0.2493 0.19605 -0.18322 0.30264 -0.091941 0.069178 -0.43396 0.086332 0.057941 -0.43761 -0.073884 0.20851 -0.73687 0.10519 0.195 -0.74149 -0.077117 0.12738 -0.78344 0.18095 0.23647 -0.77756 0.0072548 -0.041931 0.60323
-0.12213 0.016514 0.3258 0.13075 0.033273 0.3005 0.01628 -0.010255 0.40876 0.0035019 -0.0047272 0.068344 -0.053427 -0.00012069 -0.052351 0.052058 -0.00012069 -0.053712 -0.18305 0.016583 0.067078 0.32088 0.057624 0.11679 -0.19094 -0.019395 -0.16704 0.23792 -0.11893 0.2512 -0.19847 -0.022573 -0.24934 0.20187 -0.17292 0.30173 -0.091328 0.069142 -0.43407 0.086983 0.057779 -0.4376 -0.072979 0.20888 -0.73677 0.10593 0.19452 -0.74163 -0.075975 0.12776 -0.78338 0.18182 0.23539 -0.77812 0.007302 -0.042412 0.60318
-0.12247 0.016079 0.32582 0.1304 0.033221 0.30043 0.016015 -0.010304 0.40876 0.0034811 -0.0047307 0.068345 -0.05338 -8.5578e-05 -0.052398 0.052037 -8.5578e-05 -0.053732 -0.18319 0.016565 0.067045 0.31718 0.072009 0.1165 -0.19057 -0.019454 -0.16709 0.24106 -0.10912 0.24851 -0.19835 -0.022323 -0.24937 0.20821 -0.15933 0.30313 -0.090728 0.069143 -0.43418 0.087656 0.057607 -0.43759 -0.072043 0.20925 -0.73669 0.10669 0.19402 -0.74176 -0.074861 0.12815 -0.78333 0.18271 0.23426 -0.77867 0.0073687 -0.042966 0.60312
-0.12281 0.015696 0.32584 0.1301 0.033077 0.30038 0.015745 -0.010395 0.40877 0.0034599 -0.0047364 0.068346 -0.053326 -5.7509e-05 -0.052453 0.052022 -5.7509e-05 -0.053747 -0.18333 0.016612 0.067023 0.31313 0.086195 0.11652 -0.19023 -0.019411 -0.16712 0.24385 -0.099585 0.24567 -0.19823 -0.022019 -0.24939 0.21464 -0.14409 0.30604 -0.090145 0.069175 -0.43428 0.088335 0.057427 -0.43757 -0.071095 0.20962 -0.73661 0.10746 0.1935 -0.74189 -0.073783 0.12853 -0.78329 0.18361 0.2331 -0.77922 0.0074468 -0.043567 0.60305
-0.12313 0.015365 0.32587 0.12984 0.032867 0.30036 0.015475 -0.010513 0.40878 0.0034383 -0.0047432 0.068346 -0.053267 -3.4915e-05 -0.052513 0.05201 -3.4915e-05 -0.053759 -0.18348 0.016714 0.067011 0.30909 0.099292 0.11676 -0.18992 -0.019285 -0.16715 0.24625 -0.090858 0.24296 -0.19811 -0.021676 -0.24941 0.22072 -0.12891 0.3096 -0.089584 0.069226 -0.43439 0.089006 0.05724 -0.43755 -0.070153 0.20998 -0.73655 0.10823 0.19297 -0.74201 -0.072748 0.12891 -0.78327 0.1845 0.23194 -0.77975 0.0075277 -0.044188 0.60299
-0.12343 0.015088 0.3259 0.12963 0.032617 0.30037 0.015212 -0.010641 0.40879 0.0034168 -0.0047504 0.068347 -0.053206 -1.6234e-05 -0.052575 0.052001 -1.6234e-05 -0.053767 -0.18363 0.016857 0.067009 0.3054 0.11041 0.11712 -0.18963 -0.019096 -0.16717 0.24822 -0.083476 0.24068 -0.198 -0.02131 -0.24942 0.22602 -0.11551 0.31297 -0.089052 0.06929 -0.43449 0.089651 0.05705 -0.43752 -0.069234 0.21032 -0.73649 0.10898 0.19245 -0.74213 -0.071762 0.12928 -0.78326 0.18537 0.2308 -0.78027 0.0076031 -0.044804 0.60293
-0.12372 0.014863 0.32593 0.12946 0.032352 0.30041 0.01496 -0.010765 0.40879 0.0033954 -0.004757 0.068347 -0.053147 4.3693e-08 -0.052635 0.051993 4.3693e-08 -0.053775 -0.18378 0.017033 0.067016 0.30237 0.11871 0.11751 -0.18938 -0.01886 -0.16718 0.24974 -0.077934 0.2391 -0.19789 -0.020935 -0.24942 0.2301 -0.10552 0.31533 -0.088554 0.069357 -0.43458 0.090258 0.056858 -0.4375 -0.068358 0.21063 -0.73644 0.10969 0.19195 -0.74223 -0.070832 0.12962 -0.78325 0.18619 0.22969 -0.78077 0.0076649 -0.045388 0.60286
-0.12399 0.014686 0.32597 0.12933 0.032084 0.30047 0.014721 -0.010883 0.4088 0.0033742 -0.0047631 0.068348 -0.053091 1.4581e-05 -0.052692 0.051987 1.4581e-05 -0.053781 -0.18393 0.017233 0.06703 0.30002 0.12431 0.11792 -0.18916 -0.018586 -0.16719 0.25083 -0.07414 0.23824 -0.19778 -0.020554 -0.24941 0.23295 -0.099181 0.31648 -0.088089 0.069426 -0.43466 0.090824 0.056666 -0.43748 -0.067525 0.21092 -0.7364 0.11037 0.19147 -0.74233 -0.069955 0.12993 -0.78325 0.18696 0.22863 -0.78125 0.0077131 -0.04594 0.6028
-0.12424 0.01455 0.32601 0.12926 0.031815 0.30058 0.014494 -0.011001 0.40881 0.0033533 -0.0047689 0.068349 -0.053036 2.7395e-05 -0.052747 0.051981 2.7395e-05 -0.053786 -0.18407 0.017456 0.06705 0.29813 0.12802 0.11838 -0.18896 -0.018271 -0.16719 0.2516 -0.07155 0.2379 -0.19767 -0.020155 -0.24941 0.23483 -0.095659 0.31665 -0.087651 0.069499 -0.43474 0.091357 0.056473 -0.43746 -0.066727 0.21119 -0.73636 0.11101 0.19101 -0.74243 -0.069123 0.13022 -0.78326 0.18769 0.2276 -0.78171 0.0077539 -0.046472 0.60274
-0.12448 0.014447 0.32606 0.12923 0.031545 0.30073 0.014276 -0.011127 0.40881 0.0033325 -0.004775 0.068349 -0.052982 3.8483e-05 -0.052802 0.051979 3.8483e-05 -0.053789 -0.18421 0.0177 0.067074 0.29648 0.13069 0.11891 -0.18878 -0.017913 -0.16719 0.25213 -0.069609 0.23789 -0.19755 -0.019729 -0.2494 0.23602 -0.094105 0.31611 -0.087235 0.069579 -0.43482 0.091867 0.056279 -0.43744 -0.065953 0.21145 -0.73633 0.11163 0.19056 -0.74251 -0.068325 0.1305 -0.78327 0.18838 0.22659 -0.78215 0.0077937 -0.047002 0.60268
-0.1247 0.014371 0.3261 0.12926 0.031275 0.30094 0.014065 -0.011269 0.40881 0.0033118 -0.0047818 0.06835 -0.052928 4.7844e-05 -0.052855 0.051979 4.7844e-05 -0.053789 -0.18434 0.017961 0.0671 0.29483 0.13314 0.11955 -0.18863 -0.017508 -0.16719 0.25251 -0.067762 0.238 -0.19744 -0.019265 -0.2494 0.23679 -0.093664 0.31513 -0.086837 0.069669 -0.43489 0.092363 0.056083 -0.43742 -0.065195 0.21169 -0.7363 0.11223 0.19011 -0.74259 -0.067552 0.13077 -0.78328 0.18907 0.22559 -0.78258 0.0078387 -0.047544 0.60262
-0.12491 0.014315 0.32614 0.12934 0.031008 0.3012 0.013861 -0.011432 0.40882 0.0032911 -0.0047897 0.06835 -0.052873 5.5506e-05 -0.05291 0.051983 5.5506e-05 -0.053785 -0.18446 0.018239 0.067128 0.29298 0.13615 0.12032 -0.18848 -0.017055 -0.16719 0.25283 -0.065505 0.23805 -0.19732 -0.018753 -0.2494 0.23742 -0.093534 0.31394 -0.086452 0.069772 -0.43495 0.092851 0.055886 -0.4374 -0.064444 0.21193 -0.73628 0.11283 0.18967 -0.74267 -0.066795 0.13103 -0.78331 0.18974 0.22461 -0.78298 0.0078944 -0.048111 0.60255
-0.1251 0.014276 0.32618 0.12948 0.030745 0.30154 0.013663 -0.011618 0.40882 0.0032699 -0.0047987 0.068351 -0.052818 6.1751e-05 -0.052965 0.05199 6.1751e-05 -0.053778 -0.18457 0.018532 0.067155 0.2909 0.13981 0.12119 -0.18835 -0.016555 -0.1672 0.25311 -0.062798 0.23796 -0.1972 -0.018195 -0.24941 0.23801 -0.093369 0.31268 -0.086077 0.069888 -0.43501 0.093333 0.055686 -0.43737 -0.063697 0.21216 -0.73626 0.11342 0.18922 -0.74274 -0.066052 0.13129 -0.78334 0.1904 0.22363 -0.78337 0.0079597 -0.048705 0.60248
-0.12529 0.014254 0.32623 0.12968 0.030492 0.30195 0.013469 -0.011822 0.40882 0.0032476 -0.0048086 0.068351 -0.052764 6.7006e-05 -0.053019 0.052001 6.7006e-05 -0.053768 -0.18466 0.018843 0.067183 0.28867 0.14385 0.1221 -0.18823 -0.016009 -0.16721 0.25333 -0.059854 0.23772 -0.19709 -0.017593 -0.24942 0.23865 -0.093072 0.31141 -0.085712 0.070014 -0.43507 0.093808 0.055484 -0.43734 -0.062957 0.21238 -0.73624 0.114 0.18877 -0.74281 -0.065324 0.13155 -0.78337 0.19106 0.22266 -0.78374 0.0080296 -0.049318 0.60242
-0.12546 0.014252 0.32627 0.12994 0.03025 0.30243 0.01328 -0.012043 0.40882 0.0032235 -0.0048192 0.068351 -0.052709 7.1693e-05 -0.053073 0.052015 7.1693e-05 -0.053754 -0.18475 0.019172 0.067211 0.28636 0.148 0.12299 -0.18812 -0.01542 -0.16723 0.25346 -0.05689 0.23731 -0.19698 -0.016954 -0.24944 0.23937 -0.092547 0.31021 -0.085359 0.07015 -0.43513 0.094271 0.055278 -0.4373 -0.062227 0.2126 -0.73623 0.11458 0.18833 -0.74288 -0.064613 0.1318 -0.78341 0.1917 0.22169 -0.7841 0.0080992 -0.049942 0.60235
-0.12562 0.014269 0.32631 0.13027 0.030025 0.303 0.013095 -0.012277 0.40882 0.003197 -0.0048302 0.068352 -0.052656 7.6239e-05 -0.053126 0.052033 7.6239e-05 -0.053736 -0.18482 0.01952 0.067238 0.28403 0.15198 0.12378 -0.18803 -0.014791 -0.16724 0.25349 -0.054121 0.23672 -0.19689 -0.016281 -0.24945 0.24023 -0.0917 0.30914 -0.085016 0.070294 -0.43518 0.09472 0.05507 -0.43727 -0.061508 0.21282 -0.73622 0.11514 0.18788 -0.74294 -0.063919 0.13204 -0.78345 0.19234 0.22074 -0.78444 0.0081635 -0.05057 0.60228
-0.12577 0.014306 0.32635 0.13066 0.02982 0.30366 0.012914 -0.012521 0.40882 0.0031673 -0.0048413 0.068352 -0.052603 8.1068e-05 -0.053178 0.052054 8.1068e-05 -0.053716 -0.18488 0.019889 0.067266 0.28176 0.15552 0.12443 -0.18795 -0.014122 -0.16726 0.2534 -0.051762 0.23594 -0.19681 -0.015579 -0.24947 0.24129 -0.090435 0.30827 -0.084684 0.070445 -0.43523 0.095154 0.054857 -0.43723 -0.060803 0.21303 -0.73621 0.1157 0.18744 -0.74299 -0.063245 0.13228 -0.78349 0.19296 0.21979 -0.78476 0.0082176 -0.051194 0.60221
-0.12591 0.014363 0.32639 0.13113 0.029637 0.30442 0.012737 -0.012772 0.40882 0.0031339 -0.0048524 0.068353 -0.052553 8.6604e-05 -0.053228 0.052079 8.6604e-05 -0.053692 -0.18494 0.02028 0.067294 0.27962 0.15834 0.12486 -0.18789 -0.013417 -0.16728 0.25316 -0.050028 0.23494 -0.19675 -0.014853 -0.24949 0.2426 -0.088658 0.30766 -0.084362 0.070601 -0.43528 0.095569 0.05464 -0.4372 -0.060114 0.21323 -0.73621 0.11624 0.187 -0.74305 -0.06259 0.13252 -0.78354 0.19357 0.21886 -0.78506 0.0082566 -0.051807 0.60214
-0.12605 0.014442 0.32643 0.13167 0.029482 0.30527 0.012563 -0.013026 0.40882 0.0030961 -0.0048633 0.068354 -0.052504 9.3274e-05 -0.053276 0.052107 9.3274e-05 -0.053665 -0.18498 0.020695 0.067321 0.27769 0.16018 0.12501 -0.18785 -0.012678 -0.1673 0.25276 -0.049135 0.23372 -0.19672 -0.014107 -0.24951 0.24422 -0.086272 0.30739 -0.084051 0.070761 -0.43532 0.095962 0.054419 -0.43716 -0.059443 0.21342 -0.7362 0.11677 0.18656 -0.74309 -0.061957 0.13274 -0.78359 0.19417 0.21794 -0.78534 0.0082756 -0.052402 0.60207
-0.12617 0.014542 0.32647 0.13228 0.029358 0.30623 0.012392 -0.013282 0.40882 0.0030532 -0.0048737 0.068355 -0.052459 0.0001015 -0.053321 0.052137 0.0001015 -0.053635 -0.18501 0.021133 0.067348 0.27603 0.16075 0.12482 -0.18782 -0.011907 -0.16732 0.25218 -0.049299 0.23225 -0.19672 -0.013346 -0.24953 0.2462 -0.083184 0.30751 -0.08375 0.070923 -0.43535 0.096332 0.054193 -0.43713 -0.058793 0.21361 -0.7362 0.11729 0.18613 -0.74314 -0.061346 0.13296 -0.78364 0.19475 0.21704 -0.78561 0.0082695 -0.052971 0.60201
-0.12629 0.014665 0.32651 0.13297 0.029268 0.30731 0.012223 -0.013534 0.40882 0.0030045 -0.0048834 0.068357 -0.052416 0.00011171 -0.053363 0.052171 0.00011171 -0.053602 -0.18504 0.021598 0.067375 0.27471 0.15979 0.12422 -0.18781 -0.011106 -0.16734 0.2514 -0.050735 0.23053 -0.19674 -0.012575 -0.24955 0.2486 -0.079297 0.30809 -0.08346 0.071085 -0.43539 0.096675 0.053961 -0.43709 -0.058167 0.21379 -0.73619 0.11779 0.1857 -0.74318 -0.06076 0.13318 -0.78369 0.19532 0.21615 -0.78586 0.0082334 -0.053507 0.60195
