-0.14736 0.031954 0.31685 0.12033 0.015461 0.32942 -0.019757 -0.013778 0.40839 -0.0042788 0.002221 0.068427 -0.053652 0.0044089 -0.051933 0.054289 0.0044089 -0.051267 -0.20561 0.096147 0.06558 0.23343 0.074785 0.096311 -0.24563 0.095512 -0.16802 0.20495 -0.14182 0.0044458 -0.25708 0.097707 -0.24989 0.1852 -0.22192 -0.0014278 -0.065293 0.082745 -0.4336 0.10997 0.052132 -0.43411 -0.01023 0.20501 -0.7394 0.14879 0.14871 -0.75137 -0.030304 0.22858 -0.82773 0.22919 0.15939 -0.79808 -0.010218 -0.053186 0.60145
-0.14762 0.032164 0.31714 0.1194 0.016134 0.32847 -0.019897 -0.01382 0.40841 -0.0043216 0.0021497 0.068447 -0.053828 0.0045211 -0.051744 0.054449 0.0045211 -0.051101 -0.20705 0.095871 0.065845 0.24231 0.068804 0.097082 -0.25021 0.094706 -0.16751 0.21112 -0.15557 0.022634 -0.26272 0.09491 -0.24922 0.1924 -0.2423 0.015723 -0.065574 0.083387 -0.4333 0.10996 0.052269 -0.43396 -0.010283 0.20504 -0.7393 0.14865 0.14874 -0.75128 -0.030334 0.22962 -0.82779 0.22866 0.15893 -0.79816 -0.0099967 -0.05371 0.60136
-0.1477 0.03233 0.3175 0.11892 0.016491 0.32781 -0.019836 -0.013969 0.40843 -0.0042693 0.0020257 0.068466 -0.053951 0.0045912 -0.051612 0.054532 0.0045912 -0.051016 -0.20816 0.095004 0.066092 0.24878 0.061591 0.09747 -0.25367 0.092559 -0.16702 0.21438 -0.16828 0.040281 -0.26683 0.091056 -0.24861 0.19608 -0.25914 0.033985 -0.065899 0.083921 -0.43307 0.10987 0.052341 -0.4339 -0.01045 0.20499 -0.73926 0.14848 0.14894 -0.75121 -0.030552 0.23012 -0.82786 0.22822 0.15898 -0.7982 -0.0098184 -0.054222 0.60131
-0.14761 0.032457 0.31792 0.11884 0.016548 0.3274 -0.019589 -0.014212 0.40845 -0.0041304 0.0018546 0.068484 -0.054025 0.0046223 -0.051533 0.054545 0.0046223 -0.051004 -0.20896 0.093617 0.066323 0.25309 0.053274 0.097536 -0.25608 0.089218 -0.16654 0.21505 -0.18002 0.057377 -0.26952 0.086264 -0.24806 0.19663 -0.27274 0.053163 -0.066262 0.084351 -0.4329 0.10969 0.052352 -0.43392 -0.010727 0.20487 -0.7393 0.14827 0.14929 -0.75113 -0.03094 0.23016 -0.82793 0.22784 0.15948 -0.79821 -0.0096815 -0.054719 0.60129
-0.14735 0.032548 0.3184 0.11912 0.016324 0.32721 -0.019168 -0.014537 0.40847 -0.0039134 0.0016417 0.068501 -0.054058 0.0046178 -0.0515 0.054495 0.0046178 -0.051058 -0.20947 0.091777 0.066538 0.25549 0.043985 0.097345 -0.25752 0.084832 -0.16606 0.21344 -0.19084 0.073913 -0.27091 0.080654 -0.24757 0.19445 -0.28341 0.073064 -0.066661 0.084683 -0.43278 0.10943 0.052312 -0.43401 -0.011107 0.20467 -0.73938 0.14802 0.14978 -0.75105 -0.031486 0.22978 -0.82802 0.22751 0.1604 -0.79818 -0.0095841 -0.055196 0.60129
-0.14695 0.032608 0.31892 0.11971 0.015835 0.32718 -0.018588 -0.014933 0.40849 -0.0036268 0.0013926 0.068517 -0.054053 0.0045809 -0.051508 0.054389 0.0045809 -0.05117 -0.20969 0.089555 0.06674 0.25625 0.033853 0.096956 -0.25804 0.07955 -0.1656 0.20988 -0.20081 0.089879 -0.27109 0.074347 -0.24711 0.18993 -0.29142 0.093494 -0.067091 0.084924 -0.43272 0.1091 0.052225 -0.43416 -0.011584 0.20441 -0.73952 0.14773 0.15041 -0.75097 -0.032172 0.22907 -0.82813 0.2272 0.16167 -0.79812 -0.0095244 -0.055651 0.60132
-0.14641 0.032642 0.31948 0.12059 0.015099 0.32729 -0.017863 -0.015386 0.40851 -0.003279 0.0011126 0.068531 -0.054017 0.0045149 -0.05155 0.054234 0.0045149 -0.051334 -0.20964 0.087018 0.06693 0.25563 0.023009 0.096434 -0.25773 0.073521 -0.16513 0.20469 -0.20998 0.10527 -0.27019 0.067462 -0.24668 0.18348 -0.2971 0.11426 -0.067548 0.085076 -0.4327 0.10872 0.0521 -0.43436 -0.012153 0.2041 -0.7397 0.1474 0.15117 -0.75089 -0.032983 0.22809 -0.82825 0.2269 0.16326 -0.79804 -0.0095005 -0.05608 0.60138
-0.14575 0.032653 0.32007 0.12169 0.014133 0.3275 -0.017007 -0.015885 0.40854 -0.0028787 0.00080717 0.068543 -0.053954 0.004423 -0.051621 0.054037 0.004423 -0.051542 -0.20933 0.084237 0.06711 0.25387 0.011583 0.095841 -0.25665 0.066895 -0.16468 0.19819 -0.21842 0.12006 -0.2683 0.060118 -0.24628 0.1755 -0.30072 0.13517 -0.068029 0.085148 -0.43271 0.10828 0.051944 -0.43461 -0.012809 0.20373 -0.73992 0.14704 0.15203 -0.7508 -0.033905 0.22689 -0.8284 0.22658 0.16511 -0.79794 -0.0095105 -0.056477 0.60145
-0.14498 0.032646 0.3207 0.12298 0.012954 0.32776 -0.016034 -0.016418 0.40856 -0.0024342 0.00048182 0.068553 -0.05387 0.0043084 -0.051716 0.053804 0.0043084 -0.051786 -0.20878 0.081281 0.067281 0.25125 -0.00029564 0.095238 -0.25487 0.059819 -0.16422 0.1907 -0.22617 0.13426 -0.26554 0.052435 -0.2459 0.16637 -0.30258 0.15602 -0.06853 0.085143 -0.43276 0.1078 0.051762 -0.4349 -0.013544 0.20331 -0.74017 0.14664 0.153 -0.7507 -0.034922 0.22555 -0.82857 0.22624 0.16716 -0.79782 -0.0095525 -0.056841 0.60153
-0.14412 0.032626 0.32134 0.12441 0.01158 0.32804 -0.014956 -0.016973 0.40858 -0.001954 0.00014194 0.068561 -0.05377 0.0041745 -0.051828 0.053542 0.0041745 -0.052059 -0.208 0.078217 0.067446 0.24802 -0.012496 0.094688 -0.25247 0.052443 -0.16377 0.18255 -0.2333 0.14786 -0.26202 0.044534 -0.24552 0.1565 -0.303 0.17663 -0.069046 0.085067 -0.43284 0.10728 0.051562 -0.43522 -0.014355 0.20285 -0.74045 0.1462 0.15406 -0.7506 -0.036018 0.22413 -0.82877 0.22584 0.16938 -0.79768 -0.0096248 -0.057166 0.60163
-0.14317 0.032595 0.32199 0.12595 0.010027 0.3283 -0.01379 -0.017536 0.4086 -0.0014467 -0.000207 0.068567 -0.05366 0.0040245 -0.051953 0.053259 0.0040245 -0.052354 -0.207 0.075117 0.067606 0.24443 -0.024887 0.094254 -0.24951 0.044916 -0.16331 0.17404 -0.23988 0.16083 -0.25784 0.036534 -0.24514 0.14629 -0.30225 0.1968 -0.069575 0.084926 -0.43293 0.10673 0.051352 -0.43556 -0.015233 0.20236 -0.74074 0.14572 0.1552 -0.75048 -0.037178 0.2227 -0.829 0.22537 0.17171 -0.79754 -0.0097255 -0.05745 0.60173
-0.14216 0.03256 0.32266 0.12754 0.0083131 0.3285 -0.012547 -0.018097 0.40862 -0.00092078 -0.00055958 0.06857 -0.053544 0.0038616 -0.052083 0.052961 0.0038616 -0.052664 -0.2058 0.072047 0.067762 0.24075 -0.03734 0.093998 -0.24606 0.037387 -0.16285 0.16552 -0.24594 0.17318 -0.25313 0.028555 -0.24475 0.13613 -0.30064 0.21633 -0.070112 0.084725 -0.43304 0.10616 0.051137 -0.43591 -0.016175 0.20183 -0.74105 0.1452 0.15641 -0.75035 -0.038387 0.22131 -0.82927 0.22481 0.1741 -0.79738 -0.0098526 -0.057688 0.60183
-0.14108 0.032524 0.32333 0.12915 0.0064556 0.3286 -0.011243 -0.018643 0.40863 -0.00038466 -0.00091034 0.06857 -0.053428 0.0036891 -0.052213 0.052655 0.0036891 -0.052981 -0.20441 0.069079 0.067916 0.23724 -0.049724 0.093982 -0.2422 0.030003 -0.16239 0.15728 -0.25157 0.18489 -0.24798 0.020717 -0.24433 0.12643 -0.29847 0.23504 -0.070653 0.084469 -0.43316 0.10558 0.050925 -0.43627 -0.017175 0.20128 -0.74136 0.14465 0.15768 -0.75021 -0.03963 0.22005 -0.82958 0.22414 0.1765 -0.79723 -0.010004 -0.057876 0.60193
-0.13996 0.032492 0.32399 0.13073 0.0044717 0.32856 -0.0098906 -0.019162 0.40865 0.00015313 -0.0012539 0.068568 -0.053318 0.0035103 -0.052339 0.052348 0.0035103 -0.053298 -0.20285 0.06628 0.06807 0.23414 -0.061909 0.094269 -0.238 0.022916 -0.16192 0.14967 -0.25681 0.19596 -0.24251 0.013139 -0.2439 0.11757 -0.29603 0.25272 -0.071195 0.084164 -0.43328 0.10499 0.050722 -0.43663 -0.018225 0.20071 -0.74167 0.14406 0.159 -0.75005 -0.04089 0.21896 -0.82993 0.22333 0.17886 -0.79707 -0.010179 -0.058011 0.60202
-0.13881 0.032467 0.32464 0.13223 0.0023787 0.32835 -0.0085044 -0.019641 0.40866 0.00068411 -0.0015847 0.068562 -0.053219 0.0033283 -0.052453 0.052047 0.0033283 -0.053607 -0.20112 0.063719 0.068225 0.23173 -0.073765 0.094921 -0.23353 0.016272 -0.16145 0.14299 -0.26172 0.20637 -0.23682 0.0059413 -0.24342 0.10997 -0.29362 0.26919 -0.071733 0.083815 -0.4334 0.1044 0.050536 -0.43698 -0.019322 0.20012 -0.74197 0.14343 0.16036 -0.74986 -0.042153 0.21813 -0.83032 0.22238 0.18113 -0.79691 -0.010374 -0.05809 0.60211
-0.13764 0.032455 0.32527 0.13362 0.0001937 0.32792 -0.007098 -0.020069 0.40866 0.0011998 -0.0018973 0.068553 -0.053136 0.0031466 -0.05255 0.051759 0.0031466 -0.053902 -0.19924 0.061467 0.068384 0.23025 -0.085161 0.096 -0.22885 0.010222 -0.16097 0.13758 -0.26636 0.21611 -0.23103 -0.00075632 -0.2429 0.104 -0.29154 0.28426 -0.072264 0.083427 -0.43351 0.10382 0.050374 -0.43731 -0.020458 0.19952 -0.74226 0.14277 0.16175 -0.74966 -0.043403 0.2176 -0.83077 0.22126 0.18327 -0.79677 -0.010589 -0.058107 0.60218
-0.13646 0.032459 0.32587 0.13485 -0.0020659 0.32724 -0.0056854 -0.020433 0.40867 0.0016917 -0.0021864 0.06854 -0.053074 0.0029682 -0.052624 0.05149 0.0029682 -0.054174 -0.19723 0.059591 0.068547 0.22998 -0.095968 0.097569 -0.22404 0.0049141 -0.16047 0.13374 -0.27079 0.22519 -0.22524 -0.0068341 -0.24232 0.10008 -0.29009 0.29771 -0.072785 0.083007 -0.43361 0.10325 0.050242 -0.43762 -0.021629 0.19892 -0.74253 0.14207 0.16316 -0.74944 -0.044625 0.21745 -0.83126 0.21996 0.18521 -0.79663 -0.010821 -0.05806 0.60224
-0.13529 0.032482 0.32645 0.13589 -0.0043819 0.32627 -0.00428 -0.020724 0.40867 0.0021521 -0.0024471 0.068523 -0.053039 0.0027962 -0.052671 0.051247 0.0027962 -0.054419 -0.1951 0.058153 0.068715 0.23111 -0.10607 0.099679 -0.21916 0.00047958 -0.15997 0.13176 -0.27508 0.23357 -0.21957 -0.012184 -0.24169 0.098532 -0.28953 0.3094 -0.07329 0.082559 -0.43369 0.10271 0.050147 -0.43789 -0.022828 0.19833 -0.74278 0.14133 0.16457 -0.74919 -0.045808 0.21772 -0.83181 0.21845 0.18693 -0.7965 -0.011069 -0.057946 0.60228
-0.13413 0.032514 0.32698 0.13672 -0.0067284 0.32503 -0.0028906 -0.020949 0.40866 0.0025804 -0.0026798 0.068503 -0.053028 0.0026305 -0.052691 0.051029 0.0026305 -0.054635 -0.19286 0.05714 0.068883 0.23352 -0.11548 0.10229 -0.21426 -0.0030882 -0.15947 0.13143 -0.27931 0.24123 -0.21403 -0.016791 -0.24102 0.099111 -0.28996 0.31933 -0.073784 0.082089 -0.43374 0.10219 0.050091 -0.43814 -0.024051 0.19773 -0.743 0.14056 0.16599 -0.74892 -0.046967 0.21823 -0.83237 0.21681 0.18852 -0.79638 -0.011348 -0.057775 0.6023
-0.13299 0.032538 0.32748 0.13738 -0.0090758 0.32358 -0.0015243 -0.021125 0.40865 0.0029793 -0.0028873 0.06848 -0.053038 0.0024699 -0.05269 0.050832 0.0024699 -0.054828 -0.19054 0.056507 0.06904 0.23689 -0.12427 0.10532 -0.20938 -0.0058619 -0.15899 0.13236 -0.28359 0.2481 -0.20863 -0.020685 -0.24033 0.10131 -0.29139 0.32762 -0.074271 0.081605 -0.43378 0.1017 0.050077 -0.43835 -0.025294 0.19713 -0.74321 0.13974 0.16739 -0.74864 -0.048134 0.2187 -0.83291 0.21513 0.1901 -0.79624 -0.011676 -0.05756 0.60229
-0.13187 0.032538 0.32791 0.13787 -0.011395 0.32196 -0.00018796 -0.021267 0.40864 0.0033512 -0.0030724 0.068455 -0.053064 0.0023132 -0.052671 0.050653 0.0023132 -0.055 -0.18816 0.056208 0.069177 0.24092 -0.13252 0.10869 -0.20455 -0.0079148 -0.15856 0.13417 -0.28803 0.25414 -0.20337 -0.023897 -0.23966 0.10461 -0.2938 0.33438 -0.074756 0.081113 -0.43381 0.10125 0.050105 -0.43854 -0.026554 0.19654 -0.74339 0.13888 0.16878 -0.74836 -0.049338 0.21884 -0.83337 0.21351 0.19182 -0.79607 -0.012071 -0.057319 0.60225
-0.13077 0.032497 0.32829 0.13821 -0.013655 0.32022 0.0011115 -0.021393 0.40862 0.0036988 -0.003238 0.068429 -0.053102 0.0021589 -0.052638 0.050488 0.0021589 -0.055158 -0.18574 0.056197 0.069284 0.24531 -0.14029 0.11231 -0.19979 -0.00932 -0.15819 0.13643 -0.29272 0.25929 -0.19826 -0.026456 -0.23905 0.10851 -0.29721 0.33971 -0.075244 0.080619 -0.43382 0.10082 0.050177 -0.4387 -0.027825 0.19594 -0.74356 0.13798 0.17014 -0.74809 -0.05061 0.2184 -0.83371 0.21205 0.19383 -0.79586 -0.012555 -0.057064 0.60219
-0.12971 0.032399 0.3286 0.13842 -0.015828 0.31839 0.0023673 -0.021519 0.4086 0.0040249 -0.0033869 0.068401 -0.053149 0.0020058 -0.052596 0.050332 0.0020058 -0.055303 -0.1833 0.056428 0.069351 0.24974 -0.14766 0.11611 -0.19515 -0.010151 -0.1579 0.13877 -0.29778 0.26349 -0.19329 -0.028392 -0.23851 0.1125 -0.30161 0.34373 -0.07574 0.08013 -0.43382 0.10042 0.050293 -0.43885 -0.029105 0.19535 -0.74372 0.13703 0.17147 -0.74782 -0.051981 0.21707 -0.83389 0.21086 0.19627 -0.79557 -0.013145 -0.056812 0.60209
-0.12868 0.032226 0.32884 0.13851 -0.017883 0.31654 0.0035724 -0.02166 0.40858 0.0043319 -0.0035219 0.068373 -0.0532 0.0018527 -0.052549 0.050183 0.0018527 -0.055441 -0.18086 0.056856 0.06937 0.25391 -0.1547 0.11999 -0.19066 -0.01048 -0.1577 0.14077 -0.3033 0.2667 -0.18846 -0.029735 -0.23809 0.11605 -0.30701 0.34656 -0.076248 0.079653 -0.43381 0.10005 0.050455 -0.43897 -0.030389 0.19475 -0.74387 0.13603 0.17276 -0.74758 -0.053481 0.21459 -0.83385 0.21002 0.19927 -0.7952 -0.013861 -0.056578 0.60196
-0.12768 0.031962 0.32899 0.13851 -0.019792 0.31471 0.0047199 -0.021834 0.40855 0.0046225 -0.0036459 0.068345 -0.053251 0.0016982 -0.052502 0.050037 0.0016982 -0.055575 -0.17844 0.057434 0.069329 0.25751 -0.16149 0.12388 -0.18634 -0.010381 -0.15763 0.14204 -0.3094 0.26885 -0.18379 -0.030516 -0.2378 0.11866 -0.3134 0.34829 -0.076774 0.079194 -0.4338 0.099714 0.050664 -0.43908 -0.031673 0.19415 -0.74402 0.13497 0.174 -0.74736 -0.05514 0.21067 -0.83355 0.20964 0.20298 -0.79473 -0.014722 -0.056376 0.6018
-0.12673 0.031595 0.32906 0.13843 -0.021527 0.31294 0.0058046 -0.022054 0.40852 0.0048992 -0.0037615 0.068317 -0.053298 0.0015411 -0.052459 0.049889 0.0015411 -0.05571 -0.17606 0.058119 0.069222 0.26026 -0.16809 0.1277 -0.18224 -0.0099243 -0.1577 0.14222 -0.31616 0.26989 -0.17926 -0.030764 -0.23768 0.11987 -0.32079 0.34904 -0.077322 0.078759 -0.43378 0.099414 0.050921 -0.43918 -0.032953 0.19354 -0.74417 0.13387 0.17518 -0.74718 -0.056986 0.20507 -0.83294 0.20979 0.2075 -0.79416 -0.015745 -0.05622 0.6016
-0.12579 0.031157 0.32903 0.13831 -0.023097 0.31126 0.00684 -0.022317 0.40849 0.0051631 -0.0038693 0.06829 -0.053341 0.0013819 -0.05242 0.049739 0.0013819 -0.055845 -0.17377 0.058888 0.069054 0.26214 -0.17449 0.13138 -0.17841 -0.0091402 -0.1579 0.14138 -0.32355 0.26987 -0.17494 -0.030506 -0.23773 0.1197 -0.32908 0.34887 -0.077895 0.078352 -0.43376 0.099145 0.051222 -0.43927 -0.034229 0.19294 -0.74432 0.13272 0.17631 -0.74703 -0.058999 0.19792 -0.83202 0.21028 0.21254 -0.79352 -0.016905 -0.056113 0.60137
-0.12481 0.030709 0.32892 0.13819 -0.024534 0.3097 0.0078522 -0.022601 0.40845 0.0054143 -0.0039682 0.068265 -0.053379 0.0012223 -0.052385 0.049589 0.0012223 -0.055981 -0.17162 0.059729 0.068843 0.26331 -0.18063 0.13485 -0.17492 -0.0080358 -0.15822 0.13986 -0.33144 0.26887 -0.17093 -0.029769 -0.23793 0.11852 -0.33813 0.34778 -0.078494 0.077971 -0.43373 0.098902 0.05156 -0.43936 -0.035501 0.19233 -0.74447 0.13154 0.17739 -0.74691 -0.061135 0.18962 -0.8308 0.21073 0.21756 -0.79293 -0.018155 -0.056051 0.6011
-0.12376 0.030315 0.32873 0.13812 -0.025868 0.30826 0.008867 -0.02289 0.40842 0.0056529 -0.0040573 0.06824 -0.053414 0.0010636 -0.052352 0.049441 0.0010636 -0.056115 -0.16964 0.060635 0.068605 0.26392 -0.18645 0.13807 -0.17181 -0.0066172 -0.15863 0.13802 -0.3397 0.26696 -0.16731 -0.028577 -0.23825 0.1167 -0.3478 0.34581 -0.079118 0.077618 -0.4337 0.09868 0.051926 -0.43943 -0.036768 0.19174 -0.74462 0.13034 0.17843 -0.74681 -0.063347 0.18056 -0.82929 0.21076 0.222 -0.79247 -0.019446 -0.056026 0.60078
-0.12259 0.030035 0.32845 0.13815 -0.027133 0.30697 0.0099107 -0.023163 0.40837 0.0058792 -0.0041358 0.068217 -0.053446 0.00090752 -0.052322 0.049294 0.00090752 -0.056247 -0.1679 0.061594 0.068359 0.26414 -0.19189 0.14097 -0.16917 -0.0048904 -0.15911 0.13621 -0.3482 0.26423 -0.16418 -0.026956 -0.23868 0.11461 -0.35795 0.34296 -0.079769 0.077293 -0.43366 0.098474 0.052315 -0.4395 -0.038032 0.19116 -0.74476 0.12914 0.17944 -0.74672 -0.065587 0.17112 -0.82751 0.20999 0.22529 -0.79226 -0.020729 -0.056036 0.60043
-0.12125 0.029933 0.3281 0.13834 -0.028358 0.30585 0.011009 -0.023402 0.40833 0.0060931 -0.0042026 0.068195 -0.053477 0.00075557 -0.052293 0.04915 0.00075557 -0.056375 -0.16644 0.062598 0.068122 0.26412 -0.19688 0.1435 -0.16705 -0.0028616 -0.15966 0.13479 -0.35681 0.26077 -0.16164 -0.024933 -0.23919 0.11261 -0.36843 0.33928 -0.080448 0.076995 -0.43361 0.09828 0.052717 -0.43956 -0.039293 0.19059 -0.74489 0.12795 0.18042 -0.74664 -0.06781 0.16171 -0.82546 0.20805 0.2269 -0.79239 -0.021955 -0.056074 0.60004
-0.11969 0.03007 0.32768 0.13872 -0.029577 0.30491 0.012189 -0.023588 0.40828 0.0062948 -0.0042569 0.068174 -0.053507 0.00060928 -0.052265 0.049012 0.00060928 -0.056499 -0.16531 0.063636 0.067909 0.26403 -0.20137 0.14559 -0.16552 -0.00053694 -0.16024 0.13412 -0.36541 0.25667 -0.15977 -0.022532 -0.23976 0.11107 -0.3791 0.33476 -0.081154 0.076725 -0.43356 0.098093 0.053127 -0.43961 -0.04055 0.19005 -0.74501 0.12678 0.18139 -0.74656 -0.069968 0.15271 -0.82316 0.20456 0.22626 -0.79296 -0.023077 -0.056136 0.59962
-0.11788 0.030509 0.32719 0.13935 -0.030821 0.30418 0.013475 -0.023702 0.40823 0.0064845 -0.0042978 0.068154 -0.053537 0.00047022 -0.052236 0.04888 0.00047022 -0.056617 -0.16456 0.0647 0.067739 0.26402 -0.2053 0.1472 -0.16464 0.0020774 -0.16084 0.13453 -0.37387 0.252 -0.15866 -0.019779 -0.24038 0.11036 -0.38983 0.32943 -0.08189 0.076483 -0.4335 0.097906 0.053536 -0.43966 -0.041806 0.18953 -0.74511 0.12565 0.18235 -0.74646 -0.072014 0.14451 -0.82063 0.19915 0.22282 -0.79406 -0.024044 -0.056216 0.59915
-0.11577 0.031307 0.32664 0.14027 -0.032119 0.30367 0.014893 -0.023727 0.40817 0.0066622 -0.0043243 0.068136 -0.053568 0.00033986 -0.052205 0.048755 0.00033986 -0.056728 -0.16425 0.065778 0.067627 0.26425 -0.20861 0.14825 -0.16447 0.0049745 -0.16144 0.13638 -0.38206 0.24685 -0.15842 -0.0167 -0.24102 0.11083 -0.40047 0.32333 -0.082654 0.07627 -0.43343 0.097717 0.053938 -0.43971 -0.043059 0.18904 -0.74521 0.12457 0.1833 -0.74636 -0.073905 0.13748 -0.81788 0.19145 0.21606 -0.7958 -0.024812 -0.05631 0.59864
-0.11338 0.032439 0.32603 0.14147 -0.03347 0.30337 0.016429 -0.023666 0.40812 0.0068282 -0.004338 0.068119 -0.0536 0.00021812 -0.052174 0.048642 0.00021812 -0.056828 -0.16434 0.066863 0.067575 0.26472 -0.21135 0.14881 -0.16498 0.0081318 -0.16203 0.13963 -0.38993 0.24135 -0.159 -0.01333 -0.24166 0.11252 -0.41097 0.31654 -0.083444 0.076082 -0.43335 0.097518 0.05433 -0.43975 -0.044309 0.18858 -0.74528 0.12354 0.18425 -0.74623 -0.075622 0.13174 -0.81496 0.18171 0.20625 -0.79813 -0.025373 -0.056408 0.5981
-0.11081 0.033808 0.32538 0.14287 -0.034847 0.30325 0.01804 -0.02354 0.40806 0.0069827 -0.0043422 0.068103 -0.05363 0.00010364 -0.052143 0.048547 0.00010364 -0.056911 -0.16475 0.067946 0.067567 0.26532 -0.21366 0.149 -0.16605 0.011513 -0.16261 0.14399 -0.39752 0.23562 -0.16028 -0.0097119 -0.24232 0.11518 -0.42136 0.30924 -0.084254 0.075916 -0.43327 0.097305 0.054713 -0.43978 -0.045552 0.18815 -0.74535 0.12255 0.1852 -0.74609 -0.077171 0.1271 -0.81194 0.17062 0.1943 -0.80091 -0.025755 -0.056499 0.59754
-0.10814 0.035314 0.3247 0.14442 -0.036218 0.30326 0.019681 -0.023374 0.40799 0.0071258 -0.0043404 0.068088 -0.053659 -5.0177e-06 -0.052113 0.048477 -5.0177e-06 -0.056972 -0.16539 0.069019 0.067591 0.26593 -0.21567 0.14896 -0.16759 0.015082 -0.16318 0.14912 -0.40485 0.22981 -0.16213 -0.0058874 -0.24297 0.11857 -0.43164 0.3016 -0.085078 0.075769 -0.43318 0.097073 0.05509 -0.43979 -0.046788 0.18775 -0.74541 0.12158 0.18614 -0.74592 -0.07856 0.12342 -0.8089 0.15891 0.18114 -0.80401 -0.025989 -0.056571 0.59699
-0.10547 0.036858 0.324 0.14604 -0.037556 0.30338 0.021307 -0.02319 0.40793 0.0072578 -0.0043361 0.068075 -0.053685 -0.00010926 -0.052086 0.048439 -0.00010926 -0.057005 -0.16618 0.070073 0.067633 0.26645 -0.21754 0.14881 -0.16947 0.018802 -0.16373 0.15469 -0.41195 0.22408 -0.16441 -0.0018992 -0.24362 0.12243 -0.44186 0.29378 -0.085909 0.075636 -0.43309 0.096815 0.055463 -0.43978 -0.048012 0.18737 -0.74545 0.12061 0.18707 -0.74573 -0.079797 0.12053 -0.80591 0.14732 0.16772 -0.80727 -0.026102 -0.056614 0.59645
-0.10287 0.038341 0.3233 0.14766 -0.03883 0.30358 0.022873 -0.023011 0.40787 0.0073788 -0.0043327 0.068062 -0.053707 -0.00021052 -0.052063 0.048439 -0.00021052 -0.057004 -0.16704 0.0711 0.067677 0.26674 -0.21939 0.1487 -0.17158 0.022636 -0.16428 0.16038 -0.41885 0.21855 -0.167 0.00221 -0.24427 0.12652 -0.45202 0.28596 -0.086741 0.075513 -0.43301 0.096526 0.055832 -0.43975 -0.049222 0.18702 -0.74549 0.11965 0.18799 -0.74551 -0.080888 0.11827 -0.80305 0.13657 0.15497 -0.81055 -0.026126 -0.056615 0.59595
-0.10045 0.039662 0.32262 0.14921 -0.040012 0.30381 0.024335 -0.022859 0.40781 0.0074892 -0.0043336 0.068049 -0.053724 -0.00031021 -0.052045 0.048484 -0.00031021 -0.056963 -0.16787 0.072092 0.067711 0.2667 -0.22137 0.14876 -0.17382 0.026548 -0.16481 0.16586 -0.42556 0.21337 -0.16977 0.0063978 -0.2449 0.13059 -0.46215 0.27832 -0.087567 0.075397 -0.43292 0.096202 0.0562 -0.43969 -0.050416 0.18668 -0.74553 0.11866 0.18889 -0.74527 -0.08184 0.11647 -0.8004 0.12738 0.14383 -0.81371 -0.026088 -0.056562 0.5955
-0.098279 0.040724 0.32195 0.15063 -0.041072 0.30404 0.025647 -0.022757 0.40775 0.007589 -0.0043424 0.068037 -0.053734 -0.00040976 -0.052034 0.048581 -0.00040976 -0.056877 -0.1686 0.073039 0.06772 0.2662 -0.22362 0.14911 -0.17607 0.030502 -0.16532 0.17082 -0.43213 0.20869 -0.17257 0.010622 -0.24551 0.1344 -0.47228 0.27101 -0.088382 0.075283 -0.43284 0.095836 0.056569 -0.43959 -0.051591 0.18636 -0.74557 0.11765 0.18977 -0.74499 -0.082662 0.11498 -0.79804 0.1205 0.13525 -0.81659 -0.026019 -0.056445 0.59512
-0.096459 0.041428 0.32133 0.15184 -0.04198 0.30423 0.026766 -0.022728 0.40769 0.0076785 -0.0043624 0.068026 -0.053736 -0.00051051 -0.052031 0.048736 -0.00051051 -0.056739 -0.16913 0.073936 0.067691 0.26514 -0.22628 0.1499 -0.17822 0.034461 -0.16581 0.17491 -0.43857 0.20464 -0.17529 0.014839 -0.2461 0.13769 -0.48242 0.2642 -0.089178 0.075168 -0.43277 0.095422 0.05694 -0.43944 -0.052744 0.18606 -0.7456 0.11659 0.19062 -0.74468 -0.08336 0.11363 -0.79603 0.11661 0.13012 -0.81907 -0.025947 -0.056252 0.59482
-0.095012 0.041751 0.32074 0.15283 -0.042735 0.30438 0.027676 -0.022777 0.40764 0.0077575 -0.0043952 0.068015 -0.053732 -0.00061156 -0.052034 0.048948 -0.00061156 -0.056552 -0.16944 0.074788 0.06762 0.26347 -0.2294 0.15117 -0.1802 0.038398 -0.16629 0.178 -0.4449 0.20129 -0.17784 0.019021 -0.24667 0.14033 -0.49247 0.25807 -0.089955 0.075055 -0.4327 0.094964 0.05731 -0.43926 -0.053872 0.18577 -0.74564 0.11549 0.19144 -0.74435 -0.083947 0.11233 -0.7944 0.11578 0.1286 -0.82105 -0.025868 -0.055974 0.59462
-0.093894 0.041755 0.3202 0.1536 -0.043359 0.30448 0.028395 -0.022893 0.40759 0.0078255 -0.0044402 0.068004 -0.053722 -0.00070942 -0.052043 0.049206 -0.00070942 -0.056322 -0.16956 0.075622 0.067517 0.26128 -0.23289 0.15287 -0.182 0.0423 -0.16674 0.18014 -0.45109 0.19862 -0.18023 0.023149 -0.2472 0.14233 -0.5022 0.25272 -0.090713 0.074957 -0.43264 0.09447 0.057673 -0.43905 -0.054972 0.18549 -0.74568 0.11436 0.19223 -0.74399 -0.084441 0.11108 -0.79309 0.11731 0.12995 -0.82253 -0.025744 -0.055607 0.59451
-0.09306 0.041507 0.3197 0.15417 -0.043879 0.30453 0.028943 -0.023062 0.40755 0.0078819 -0.0044968 0.067994 -0.053711 -0.00080043 -0.052053 0.0495 -0.00080043 -0.05606 -0.16952 0.076465 0.067391 0.25864 -0.2367 0.15495 -0.1836 0.046152 -0.16717 0.18137 -0.45712 0.19659 -0.18245 0.02721 -0.2477 0.14368 -0.51135 0.2483 -0.091455 0.074884 -0.43257 0.093949 0.05802 -0.43882 -0.056039 0.18521 -0.74572 0.11323 0.19297 -0.74362 -0.08486 0.10988 -0.79205 0.12046 0.13338 -0.82351 -0.025532 -0.055148 0.5945
-0.092463 0.041074 0.31923 0.15457 -0.044322 0.30454 0.029339 -0.023269 0.40751 0.0079262 -0.0045641 0.067985 -0.053701 -0.00088094 -0.052062 0.04982 -0.00088094 -0.055775 -0.16937 0.077342 0.067253 0.2556 -0.24075 0.15736 -0.18499 0.049939 -0.16757 0.18176 -0.46299 0.19519 -0.18449 0.031186 -0.24815 0.14439 -0.51969 0.24495 -0.092184 0.074849 -0.43249 0.093412 0.058342 -0.43857 -0.05707 0.18494 -0.74577 0.11212 0.19366 -0.74324 -0.085224 0.10874 -0.79123 0.12449 0.1381 -0.82398 -0.025192 -0.054591 0.59458
-0.092056 0.040521 0.31878 0.1548 -0.044714 0.30451 0.029604 -0.023502 0.40747 0.0079576 -0.0046416 0.067976 -0.053695 -0.00094731 -0.052068 0.050155 -0.00094731 -0.055474 -0.16912 0.078281 0.067112 0.25226 -0.24497 0.16004 -0.18615 0.053649 -0.16792 0.18136 -0.46866 0.19439 -0.18636 0.035064 -0.24854 0.14446 -0.52696 0.24278 -0.092902 0.074864 -0.43241 0.092869 0.058633 -0.43831 -0.058062 0.18467 -0.74581 0.11104 0.19429 -0.74286 -0.085551 0.10765 -0.79056 0.12867 0.14332 -0.82394 -0.024682 -0.053934 0.59476
-0.091792 0.039916 0.31837 0.15489 -0.04508 0.30445 0.029757 -0.023746 0.40744 0.0079758 -0.0047286 0.067968 -0.053694 -0.00099589 -0.052067 0.050494 -0.00099589 -0.055168 -0.16883 0.079309 0.066978 0.24869 -0.24929 0.16295 -0.18706 0.057265 -0.16824 0.18023 -0.47412 0.19415 -0.18805 0.038826 -0.24888 0.14391 -0.53292 0.24194 -0.093611 0.074942 -0.43231 0.09233 0.058885 -0.43806 -0.059011 0.18439 -0.74586 0.11003 0.19486 -0.7425 -0.08586 0.10662 -0.79001 0.13226 0.14825 -0.82339 -0.023961 -0.053171 0.59503
-0.091626 0.039325 0.31797 0.15486 -0.045448 0.30435 0.029817 -0.023989 0.40742 0.00798 -0.0048244 0.06796 -0.053703 -0.001023 -0.052058 0.050827 -0.001023 -0.054866 -0.16853 0.080452 0.066861 0.24494 -0.25364 0.16602 -0.18772 0.060775 -0.16852 0.17843 -0.47935 0.19445 -0.18956 0.042458 -0.24916 0.14272 -0.53733 0.24255 -0.094314 0.075093 -0.43219 0.091803 0.059089 -0.43781 -0.059912 0.1841 -0.74592 0.10908 0.19536 -0.74215 -0.086168 0.10565 -0.78951 0.13451 0.1521 -0.82232 -0.022987 -0.0523 0.5954
-0.091509 0.038814 0.3176 0.15472 -0.045842 0.30423 0.029804 -0.024217 0.4074 0.0079698 -0.0049282 0.067954 -0.053723 -0.0010252 -0.052037 0.051143 -0.0010252 -0.054576 -0.16824 0.081736 0.066771 0.24111 -0.25794 0.16922 -0.1881 0.064164 -0.16875 0.17602 -0.48433 0.19526 -0.19089 0.045944 -0.24936 0.14092 -0.53994 0.24476 -0.095013 0.075331 -0.43205 0.0913 0.059238 -0.43759 -0.060762 0.18381 -0.74597 0.10824 0.19578 -0.74183 -0.086495 0.10473 -0.78902 0.13471 0.15409 -0.82073 -0.02172 -0.051315 0.59586
-0.091415 0.038415 0.31724 0.15449 -0.046272 0.30408 0.029736 -0.024419 0.40739 0.0079452 -0.0050382 0.067948 -0.053755 -0.0010026 -0.052004 0.051437 -0.0010026 -0.054303 -0.168 0.083162 0.066713 0.23722 -0.26214 0.1725 -0.18822 0.067418 -0.16893 0.17307 -0.48906 0.19654 -0.19204 0.049271 -0.2495 0.13855 -0.54079 0.24848 -0.09571 0.075653 -0.43188 0.090819 0.059335 -0.43739 -0.061566 0.1835 -0.74603 0.10749 0.19612 -0.74153 -0.086853 0.10387 -0.78849 0.13255 0.15389 -0.81866 -0.020158 -0.050224 0.59642
-0.091342 0.038109 0.3169 0.15418 -0.046716 0.3039 0.029623 -0.024593 0.40739 0.0079073 -0.0051505 0.067944 -0.053797 -0.00096191 -0.051961 0.05171 -0.00096191 -0.054046 -0.16781 0.084691 0.066685 0.23326 -0.26624 0.1759 -0.18814 0.070526 -0.16906 0.16969 -0.49356 0.19821 -0.19304 0.052432 -0.24957 0.13573 -0.54031 0.25339 -0.096405 0.076035 -0.4317 0.090348 0.059395 -0.43721 -0.062341 0.18318 -0.74609 0.1068 0.19641 -0.74126 -0.087244 0.10307 -0.78794 0.12844 0.1519 -0.81621 -0.018361 -0.049051 0.59704
-0.091292 0.037871 0.31657 0.15381 -0.047154 0.30369 0.029478 -0.024736 0.40739 0.0078574 -0.0052613 0.067941 -0.053846 -0.00091 -0.05191 0.051964 -0.00091 -0.053803 -0.16767 0.08628 0.066683 0.22918 -0.2702 0.17943 -0.18789 0.073475 -0.16916 0.16602 -0.49783 0.20019 -0.19391 0.05542 -0.24958 0.13259 -0.53901 0.25909 -0.0971 0.076452 -0.4315 0.08987 0.059439 -0.43704 -0.063102 0.18285 -0.74615 0.10613 0.19667 -0.74101 -0.087669 0.1023 -0.78738 0.12284 0.14854 -0.8135 -0.016393 -0.047823 0.5977
-0.091267 0.037676 0.31626 0.15337 -0.047562 0.30344 0.029312 -0.024844 0.40739 0.0077966 -0.0053666 0.06794 -0.053901 -0.0008539 -0.051855 0.052203 -0.0008539 -0.053571 -0.16758 0.087887 0.066705 0.22497 -0.27402 0.18311 -0.18755 0.076252 -0.16921 0.16215 -0.50192 0.20241 -0.19469 0.058226 -0.24955 0.12928 -0.53737 0.26522 -0.097795 0.076879 -0.43129 0.089369 0.059485 -0.43689 -0.063869 0.18251 -0.74621 0.10545 0.19692 -0.74077 -0.08813 0.10158 -0.78682 0.11621 0.14428 -0.81063 -0.01432 -0.046564 0.59839
-0.091268 0.037501 0.31596 0.15289 -0.047919 0.30315 0.029136 -0.024915 0.4074 0.0077262 -0.0054625 0.06794 -0.053957 -0.00080061 -0.051797 0.052429 -0.00080061 -0.05335 -0.16755 0.08947 0.066748 0.22059 -0.27767 0.18695 -0.18716 0.078846 -0.16924 0.15821 -0.50582 0.2048 -0.19539 0.060844 -0.24948 0.12592 -0.53588 0.27141 -0.098491 0.077291 -0.43109 0.08883 0.059552 -0.43674 -0.064659 0.18217 -0.74627 0.1047 0.19718 -0.74054 -0.088627 0.10088 -0.78627 0.109 0.13955 -0.8077 -0.012205 -0.045301 0.59907
-0.091298 0.037321 0.31568 0.15238 -0.048203 0.30281 0.028962 -0.024945 0.40742 0.0076474 -0.005545 0.067943 -0.054013 -0.00075712 -0.051739 0.052644 -0.00075712 -0.053137 -0.16757 0.090985 0.066808 0.21602 -0.28116 0.191 -0.18678 0.081244 -0.16924 0.1543 -0.50957 0.20727 -0.19604 0.063267 -0.24939 0.12263 -0.53501 0.27726 -0.099188 0.077661 -0.43089 0.088238 0.059659 -0.43659 -0.065489 0.18183 -0.74632 0.10387 0.19748 -0.74032 -0.089164 0.10021 -0.78574 0.10168 0.13479 -0.80484 -0.010115 -0.04406 0.59973
-0.091357 0.037111 0.31541 0.15184 -0.048391 0.30242 0.028802 -0.024932 0.40743 0.0075614 -0.0056102 0.067947 -0.054067 -0.00073043 -0.051684 0.052851 -0.00073043 -0.052929 -0.16766 0.09239 0.066885 0.21122 -0.28445 0.19525 -0.18647 0.083434 -0.16921 0.15056 -0.51319 0.20974 -0.19667 0.065486 -0.24927 0.11956 -0.53527 0.28242 -0.099888 0.077965 -0.4307 0.087576 0.059824 -0.43643 -0.066377 0.18148 -0.74637 0.1029 0.19783 -0.74009 -0.08974 0.099562 -0.78523 0.094692 0.13046 -0.80215 -0.0081143 -0.042866 0.60034
-0.091448 0.036848 0.31515 0.15129 -0.04846 0.30198 0.028667 -0.024873 0.40745 0.0074693 -0.0056542 0.067954 -0.054115 -0.00072752 -0.051635 0.053051 -0.00072752 -0.052726 -0.16781 0.093643 0.066973 0.20618 -0.28753 0.19974 -0.18627 0.085404 -0.16916 0.14709 -0.51668 0.21215 -0.1973 0.067495 -0.24915 0.11684 -0.53714 0.2865 -0.10059 0.078177 -0.43053 0.086829 0.060066 -0.43627 -0.06734 0.18113 -0.74641 0.10176 0.19827 -0.73986 -0.090357 0.098923 -0.78477 0.088506 0.12699 -0.79975 -0.0062669 -0.041745 0.60087
-0.091572 0.036518 0.31491 0.15073 -0.048401 0.30149 0.028563 -0.024767 0.40746 0.0073719 -0.0056749 0.067963 -0.054156 -0.00075178 -0.051591 0.053248 -0.00075178 -0.052526 -0.16803 0.094721 0.067071 0.20089 -0.2904 0.20445 -0.18622 0.08715 -0.1691 0.14396 -0.52007 0.21443 -0.19795 0.069293 -0.24902 0.11454 -0.54085 0.28928 -0.1013 0.078284 -0.43037 0.085991 0.060395 -0.4361 -0.068388 0.18079 -0.74644 0.10043 0.1988 -0.73962 -0.091016 0.098293 -0.78436 0.083403 0.12466 -0.79768 -0.0046147 -0.040713 0.60133
-0.091729 0.036131 0.31468 0.15017 -0.048227 0.30095 0.028482 -0.024615 0.40748 0.0072685 -0.0056741 0.067975 -0.054193 -0.00079911 -0.051552 0.053439 -0.00079911 -0.052329 -0.16831 0.095643 0.067179 0.19543 -0.29305 0.20931 -0.18632 0.088688 -0.16902 0.14118 -0.52331 0.21656 -0.19862 0.07089 -0.24888 0.11264 -0.54616 0.29086 -0.10201 0.0783 -0.43024 0.085076 0.0608 -0.43592 -0.069511 0.18045 -0.74646 0.098935 0.19941 -0.73936 -0.091717 0.097678 -0.78398 0.079305 0.12336 -0.79594 -0.0031515 -0.039764 0.6017
-0.091918 0.0357 0.31446 0.14959 -0.047953 0.30037 0.028416 -0.024422 0.4075 0.0071582 -0.0056542 0.067988 -0.054228 -0.00086446 -0.051515 0.053626 -0.00086446 -0.052135 -0.16865 0.096431 0.067296 0.18989 -0.29547 0.21424 -0.18652 0.090033 -0.16893 0.13871 -0.5264 0.21852 -0.19932 0.072299 -0.24873 0.11113 -0.55274 0.29139 -0.10273 0.078241 -0.43011 0.084101 0.06127 -0.43573 -0.070698 0.18012 -0.74647 0.097315 0.20009 -0.73911 -0.092459 0.097082 -0.78364 0.076087 0.12295 -0.79447 -0.0018649 -0.038889 0.60201
-0.092139 0.035239 0.31425 0.149 -0.047595 0.29977 0.028356 -0.024191 0.40753 0.0070403 -0.0056175 0.068004 -0.054262 -0.00094278 -0.051477 0.053808 -0.00094278 -0.051947 -0.16903 0.097111 0.067422 0.18434 -0.29765 0.21915 -0.18681 0.091203 -0.16882 0.13655 -0.52929 0.2203 -0.20002 0.073534 -0.24858 0.10996 -0.56028 0.29099 -0.10346 0.078124 -0.42999 0.083082 0.061793 -0.43553 -0.071939 0.1798 -0.74647 0.095601 0.20083 -0.73884 -0.093241 0.096512 -0.78334 0.073624 0.12328 -0.79325 -0.00074225 -0.038082 0.60226
-0.092393 0.034761 0.31405 0.14838 -0.047169 0.29914 0.028294 -0.023924 0.40755 0.0069139 -0.0055662 0.068021 -0.054299 -0.001029 -0.051436 0.053983 -0.001029 -0.051763 -0.16947 0.097704 0.067556 0.17887 -0.2996 0.22397 -0.18718 0.092214 -0.16871 0.13467 -0.53196 0.22188 -0.20075 0.074608 -0.24841 0.1091 -0.56844 0.2898 -0.10421 0.077965 -0.42987 0.082036 0.062355 -0.43533 -0.073222 0.1795 -0.74645 0.093825 0.20161 -0.73857 -0.094064 0.095973 -0.78307 0.071794 0.12421 -0.79222 0.00022876 -0.037332 0.60245
-0.092679 0.034278 0.31386 0.14775 -0.046692 0.29851 0.028221 -0.023626 0.40758 0.0067784 -0.0055028 0.06804 -0.054341 -0.0011181 -0.05139 0.054153 -0.0011181 -0.051585 -0.16995 0.098236 0.067697 0.17358 -0.30131 0.22861 -0.18759 0.093085 -0.16858 0.13305 -0.53438 0.22324 -0.20148 0.075532 -0.24823 0.10853 -0.5769 0.28797 -0.10497 0.077782 -0.42975 0.080979 0.062945 -0.43513 -0.074537 0.17922 -0.74641 0.09202 0.20242 -0.7383 -0.094926 0.095471 -0.78282 0.070471 0.12559 -0.79136 0.0010606 -0.036632 0.60261
-0.092997 0.033805 0.31369 0.14709 -0.046179 0.29788 0.028129 -0.023298 0.40761 0.0066328 -0.0054295 0.06806 -0.05439 -0.001205 -0.051336 0.054315 -0.001205 -0.051413 -0.17047 0.098728 0.067846 0.16853 -0.30277 0.233 -0.18803 0.093831 -0.16845 0.13168 -0.53653 0.22438 -0.20222 0.076321 -0.24804 0.10821 -0.58535 0.28563 -0.10574 0.077591 -0.42962 0.079928 0.063551 -0.43493 -0.075871 0.17896 -0.74636 0.09022 0.20326 -0.73802 -0.095828 0.095013 -0.78259 0.069532 0.12728 -0.79063 0.0017658 -0.035974 0.60273
-0.093347 0.033353 0.31352 0.14639 -0.045646 0.29725 0.028008 -0.022944 0.40764 0.0064765 -0.0053487 0.068081 -0.054447 -0.0012847 -0.051272 0.054471 -0.0012847 -0.051248 -0.17103 0.099206 0.068002 0.16381 -0.30399 0.23704 -0.18848 0.09447 -0.16831 0.13053 -0.53837 0.22526 -0.20297 0.076986 -0.24783 0.10812 -0.59347 0.28292 -0.10653 0.077408 -0.42948 0.0789 0.06416 -0.43474 -0.077215 0.17873 -0.74628 0.088458 0.2041 -0.73775 -0.096767 0.094603 -0.78237 0.068852 0.12913 -0.78998 0.0023567 -0.03535 0.60283
-0.093728 0.032937 0.31336 0.14567 -0.04511 0.29664 0.02785 -0.022568 0.40768 0.0063085 -0.0052626 0.068103 -0.054517 -0.0013521 -0.051196 0.054619 -0.0013521 -0.05109 -0.17162 0.099692 0.068164 0.15952 -0.30495 0.24067 -0.18891 0.095019 -0.16816 0.12959 -0.53988 0.22587 -0.20372 0.077542 -0.2476 0.10822 -0.60093 0.27998 -0.10735 0.077251 -0.42932 0.07791 0.06476 -0.43455 -0.078557 0.17852 -0.74618 0.086767 0.20494 -0.73747 -0.097745 0.094249 -0.78216 0.068306 0.13098 -0.78939 0.0028458 -0.03475 0.60292
-0.09414 0.032569 0.3132 0.14491 -0.044586 0.29605 0.027646 -0.022172 0.40771 0.0061281 -0.0051737 0.068126 -0.0546 -0.0014022 -0.051105 0.054758 -0.0014022 -0.050941 -0.17224 0.10021 0.068332 0.15572 -0.30565 0.24379 -0.1893 0.095494 -0.16801 0.12883 -0.54103 0.22621 -0.20448 0.078 -0.24735 0.10848 -0.6074 0.27694 -0.10818 0.077135 -0.42913 0.076977 0.065338 -0.43436 -0.079886 0.17835 -0.74606 0.08518 0.20576 -0.7372 -0.098761 0.093954 -0.78196 0.067771 0.13271 -0.7888 0.0032456 -0.034168 0.60301
-0.094584 0.032262 0.31306 0.1441 -0.04409 0.2955 0.027388 -0.02176 0.40776 0.0059345 -0.0050841 0.068149 -0.0547 -0.0014298 -0.050997 0.05489 -0.0014298 -0.050799 -0.17288 0.10078 0.068506 0.15252 -0.30609 0.24633 -0.18963 0.095914 -0.16785 0.12825 -0.5418 0.22624 -0.20524 0.078374 -0.24708 0.10887 -0.61257 0.27395 -0.10904 0.077078 -0.42892 0.076116 0.065883 -0.43419 -0.081191 0.17822 -0.74591 0.08373 0.20656 -0.73693 -0.099813 0.093727 -0.78177 0.067123 0.13416 -0.78818 0.0035685 -0.033593 0.60309
-0.095058 0.03203 0.31292 0.14326 -0.043638 0.295 0.027067 -0.021334 0.40781 0.005727 -0.0049963 0.068173 -0.054818 -0.0014301 -0.050869 0.055012 -0.0014301 -0.050667 -0.17355 0.10144 0.068685 0.14998 -0.30626 0.2482 -0.18987 0.096293 -0.16769 0.12781 -0.54215 0.22596 -0.20599 0.078676 -0.24679 0.10936 -0.61612 0.27114 -0.10993 0.077096 -0.42868 0.075343 0.066382 -0.43402 -0.082461 0.17812 -0.74574 0.08245 0.20731 -0.73666 -0.1009 0.093571 -0.78156 0.066236 0.13518 -0.78749 0.003827 -0.03302 0.6032
-0.095564 0.031885 0.31279 0.14236 -0.043247 0.29454 0.026675 -0.020899 0.40786 0.0055046 -0.0049125 0.068198 -0.054956 -0.0013978 -0.050719 0.055125 -0.0013978 -0.050545 -0.17422 0.10219 0.068869 0.1482 -0.30617 0.24933 -0.19001 0.096651 -0.16753 0.1275 -0.54205 0.22534 -0.20674 0.07892 -0.24647 0.10992 -0.61773 0.26865 -0.11084 0.077206 -0.4284 0.074676 0.066823 -0.43387 -0.083684 0.17807 -0.74554 0.081373 0.20801 -0.7364 -0.10203 0.093493 -0.78135 0.064988 0.13563 -0.7867 0.0040335 -0.032438 0.60332
-0.0961 0.031842 0.31266 0.14142 -0.042932 0.29414 0.026202 -0.020456 0.40791 0.0052667 -0.0048352 0.068222 -0.055118 -0.0013281 -0.050545 0.055229 -0.0013281 -0.050433 -0.17491 0.10308 0.069057 0.14725 -0.30579 0.24962 -0.19003 0.097002 -0.16738 0.12731 -0.54148 0.22438 -0.20748 0.079119 -0.24613 0.11051 -0.61706 0.26662 -0.11179 0.077424 -0.42808 0.074131 0.067194 -0.43373 -0.084851 0.17806 -0.74531 0.080534 0.20864 -0.73614 -0.10319 0.093499 -0.78113 0.063253 0.13537 -0.78576 0.0042005 -0.031839 0.60348
-0.096667 0.031912 0.31254 0.14042 -0.042709 0.29382 0.025641 -0.02001 0.40797 0.0050123 -0.0047665 0.068247 -0.055306 -0.0012157 -0.050344 0.055322 -0.0012157 -0.050332 -0.17561 0.10411 0.069249 0.14723 -0.30514 0.24901 -0.1899 0.097366 -0.16722 0.12721 -0.54042 0.22304 -0.20822 0.079285 -0.24575 0.11111 -0.61381 0.26519 -0.11277 0.077768 -0.42771 0.073724 0.067481 -0.43361 -0.085949 0.17811 -0.74504 0.079964 0.20919 -0.73589 -0.10438 0.093595 -0.78089 0.060908 0.13424 -0.78464 0.0043404 -0.031217 0.60368
-0.097264 0.032109 0.31243 0.13936 -0.042594 0.29357 0.024982 -0.019563 0.40804 0.0047408 -0.0047088 0.068271 -0.055521 -0.0010557 -0.050114 0.055404 -0.0010557 -0.050243 -0.17631 0.10531 0.069444 0.14822 -0.30421 0.24741 -0.1896 0.097758 -0.16706 0.12718 -0.53882 0.22133 -0.20894 0.07943 -0.24535 0.11169 -0.60765 0.26449 -0.11378 0.078253 -0.42729 0.073473 0.067674 -0.43351 -0.086968 0.1782 -0.74475 0.079697 0.20965 -0.73566 -0.10561 0.093786 -0.78063 0.057828 0.13211 -0.7833 0.0044656 -0.030561 0.60393
