-0.12933 -0.16564 0.33064 0.10887 -0.14707 0.32732 -0.015676 -0.072331 0.40228 -0.0078943 -0.010604 0.067311 -0.049584 0.011534 -0.054803 0.055351 0.011534 -0.048972 0.11344 -0.15344 0.22311 0.23809 -0.098952 0.10008 -0.081432 -0.071071 0.1163 0.03558 -0.14851 -0.012634 -0.087785 -0.14223 0.074634 -0.040523 -0.16218 -0.041971 -0.16001 0.13363 -0.40813 0.096268 0.051807 -0.43452 -0.14307 0.29053 -0.70239 0.052144 0.12081 -0.75822 -0.15903 0.27411 -0.79314 0.018933 0.1191 -0.84571 -0.07289 -0.08889 0.59034
-0.11442 -0.14508 0.3352 0.13638 -0.11568 0.33303 0.00020235 -0.061127 0.40449 -0.0024016 -0.010583 0.067638 -0.049863 0.0093972 -0.054907 0.052936 0.0093972 -0.051917 0.23109 -0.17973 0.22644 0.18968 -0.071206 0.08096 -0.055388 -0.06039 0.13473 0.0073583 -0.15415 -0.043126 -0.053869 -0.12541 0.088531 -0.068959 -0.17997 -0.055684 -0.16768 0.12485 -0.40807 0.093777 0.049086 -0.43752 -0.16563 0.28695 -0.69981 0.0556 0.099948 -0.76514 -0.15729 0.23651 -0.77079 0.03727 0.067837 -0.85012 -0.052526 -0.077298 0.59382
-0.094198 -0.15482 0.33545 0.1516 -0.085829 0.33377 0.0092517 -0.050754 0.40599 0.00069315 -0.0099837 0.067857 -0.05102 0.0080875 -0.054092 0.05146 0.0080875 -0.053674 0.15766 -0.12657 0.22412 0.15742 -0.062233 0.06945 -0.060169 -0.075638 0.1191 -0.0098958 -0.16729 -0.061275 -0.062118 -0.14347 0.072387 -0.085433 -0.20001 -0.068538 -0.17061 0.11763 -0.40855 0.090752 0.050051 -0.43921 -0.17894 0.28179 -0.69918 0.061788 0.092439 -0.76913 -0.15151 0.2164 -0.75957 0.062825 0.043183 -0.84861 -0.044028 -0.067563 0.59518
-0.078645 -0.16671 0.33469 0.15907 -0.058366 0.33308 0.013995 -0.04193 0.40691 0.0023231 -0.0090401 0.067987 -0.052022 0.0071781 -0.053328 0.050583 0.0071781 -0.054666 -0.0034914 -0.038086 0.212 0.14351 -0.056979 0.06534 -0.079381 -0.10158 0.083651 -0.012158 -0.17724 -0.067792 -0.085438 -0.17391 0.038361 -0.086188 -0.21351 -0.076799 -0.16946 0.11196 -0.40992 0.088442 0.051211 -0.44014 -0.18342 0.27613 -0.70042 0.069142 0.092981 -0.77091 -0.1461 0.20719 -0.75645 0.086608 0.034861 -0.84324 -0.040895 -0.059574 0.59563
-0.077764 -0.15261 0.33622 0.16331 -0.034141 0.33449 0.016956 -0.03537 0.40737 0.0034216 -0.0079851 0.068049 -0.051837 0.0062423 -0.053586 0.049967 0.0062423 -0.055319 -0.14899 0.041619 0.18592 0.15014 -0.040389 0.06842 -0.096626 -0.12299 0.042624 0.0045946 -0.17328 -0.063389 -0.096737 -0.19426 -0.0013852 -0.067467 -0.21168 -0.076731 -0.16487 0.10786 -0.41252 0.088094 0.049075 -0.44089 -0.17945 0.27105 -0.70348 0.076101 0.096269 -0.77123 -0.14545 0.20232 -0.75838 0.099629 0.032588 -0.83609 -0.036625 -0.053219 0.59641
-0.098323 -0.092287 0.34231 0.16783 -0.014143 0.3404 0.020033 -0.031566 0.40754 0.0047199 -0.0069993 0.06807 -0.049793 0.0049677 -0.055505 0.049357 0.0049677 -0.055962 -0.19389 0.075289 0.14445 0.17699 -0.0014056 0.077726 -0.098715 -0.12781 0.0092611 0.041593 -0.14805 -0.049601 -0.075146 -0.18709 -0.035078 -0.028387 -0.18871 -0.065965 -0.15751 0.10515 -0.41652 0.090558 0.040842 -0.44188 -0.16778 0.2674 -0.70811 0.081401 0.097499 -0.77076 -0.15225 0.19608 -0.7624 0.095366 0.027366 -0.82907 -0.026174 -0.048589 0.59847
-0.12532 -0.018699 0.34839 0.16924 -0.00028706 0.34558 0.020918 -0.029484 0.40766 0.0055874 -0.005909 0.068115 -0.047654 0.0038136 -0.057506 0.049079 0.0038136 -0.05631 -0.17739 0.071973 0.10436 0.20678 0.044041 0.087205 -0.094095 -0.12537 -0.0099127 0.081218 -0.11656 -0.033536 -0.041788 -0.16908 -0.053547 0.012536 -0.15891 -0.05134 -0.14809 0.1027 -0.42095 0.094001 0.028354 -0.44273 -0.15143 0.26438 -0.71305 0.085811 0.095226 -0.76974 -0.15763 0.18857 -0.76608 0.083943 0.018849 -0.82295 -0.01434 -0.04712 0.60092
-0.13735 0.019099 0.34798 0.16227 0.0056439 0.34283 0.016154 -0.027641 0.40795 0.0050022 -0.0044849 0.068253 -0.04782 0.0034719 -0.05742 0.049646 0.0034719 -0.055863 -0.18105 0.058192 0.086989 0.21814 0.07162 0.089812 -0.098203 -0.13184 -0.012529 0.10094 -0.10049 -0.023525 -0.031036 -0.1677 -0.05087 0.032017 -0.14263 -0.042519 -0.13724 0.099259 -0.4245 0.095703 0.015283 -0.44275 -0.13386 0.26075 -0.71678 0.09073 0.089543 -0.76827 -0.14944 0.18215 -0.76751 0.080537 0.010029 -0.81802 -0.0090817 -0.050408 0.60225
-0.13621 0.024865 0.34265 0.15012 0.0064596 0.33542 0.0075774 -0.026189 0.40831 0.0034789 -0.0033082 0.06842 -0.049368 0.0038651 -0.056055 0.051093 0.0038651 -0.054507 -0.20667 0.04562 0.086822 0.2159 0.081519 0.08842 -0.10902 -0.14534 -0.0084947 0.10388 -0.098025 -0.018327 -0.040663 -0.18113 -0.040508 0.035695 -0.1398 -0.040379 -0.12436 0.096566 -0.42716 0.094976 0.0044987 -0.44182 -0.11427 0.25737 -0.71964 0.095725 0.081828 -0.76665 -0.12907 0.17797 -0.76773 0.084036 0.0017875 -0.81422 -0.01025 -0.056498 0.60239
-0.13504 0.028204 0.33783 0.14001 0.0070153 0.33151 -0.00044552 -0.026082 0.40843 0.0022478 -0.0033045 0.068491 -0.04983 0.0045289 -0.055605 0.05319 0.0045289 -0.052365 -0.21697 0.037771 0.085479 0.21729 0.086005 0.090427 -0.11623 -0.15514 -0.013036 0.10558 -0.096063 -0.01219 -0.050565 -0.19304 -0.044341 0.042786 -0.14026 -0.04129 -0.10843 0.097527 -0.42957 0.092269 -0.0017393 -0.44016 -0.089954 0.25595 -0.72287 0.099493 0.073964 -0.7653 -0.10469 0.17632 -0.76911 0.085417 -0.00612 -0.81135 -0.013651 -0.06183 0.60203
-0.13694 0.035877 0.33465 0.13357 0.0077825 0.33186 -0.0065504 -0.027625 0.40826 0.001447 -0.0044223 0.068444 -0.049113 0.0052033 -0.056175 0.055426 0.0052033 -0.049936 -0.20981 0.034149 0.0793 0.22327 0.087567 0.095014 -0.11985 -0.15804 -0.027903 0.10829 -0.093566 -0.005627 -0.057055 -0.19819 -0.063189 0.05308 -0.14186 -0.042966 -0.091013 0.10051 -0.4318 0.08896 -0.0033756 -0.4382 -0.062939 0.25503 -0.72643 0.10189 0.065808 -0.76462 -0.080419 0.1753 -0.77192 0.083445 -0.014031 -0.80991 -0.017623 -0.065987 0.60147
-0.13844 0.039757 0.33143 0.12877 0.0064484 0.33246 -0.011378 -0.030649 0.40792 0.00051249 -0.0059746 0.068328 -0.048641 0.0057684 -0.056535 0.057146 0.0057684 -0.04794 -0.20562 0.031768 0.074182 0.22448 0.0825 0.096256 -0.12646 -0.15586 -0.04608 0.10589 -0.097108 -0.003086 -0.067004 -0.19871 -0.084323 0.054209 -0.1475 -0.044093 -0.075252 0.1011 -0.43357 0.086954 -0.0017842 -0.43653 -0.038201 0.25122 -0.72952 0.10353 0.056004 -0.76492 -0.057693 0.17168 -0.77505 0.081913 -0.022358 -0.81072 -0.022189 -0.070551 0.60079
-0.13917 0.038019 0.32776 0.12452 0.0028582 0.33215 -0.015654 -0.034429 0.40748 -0.00070387 -0.0074848 0.068179 -0.048828 0.0061403 -0.056332 0.058209 0.0061403 -0.046587 -0.21002 0.029556 0.071625 0.22031 0.072768 0.094187 -0.13657 -0.15029 -0.063595 0.099855 -0.10567 -0.0050526 -0.080581 -0.19672 -0.10232 0.046835 -0.15582 -0.044328 -0.062541 0.098542 -0.43477 0.086917 0.0021069 -0.43531 -0.018014 0.24436 -0.73184 0.10482 0.045383 -0.76586 -0.037617 0.1652 -0.77787 0.081731 -0.031816 -0.81235 -0.027116 -0.07569 0.60003
-0.14129 0.034217 0.32431 0.12058 -0.0013038 0.33221 -0.020124 -0.037813 0.40698 -0.0019994 -0.0086698 0.068021 -0.049235 0.0062695 -0.055961 0.058904 0.0062695 -0.045667 -0.21622 0.02801 0.069396 0.21732 0.064983 0.093725 -0.14565 -0.14285 -0.079186 0.097731 -0.11204 -0.0086655 -0.09249 -0.19411 -0.11801 0.042219 -0.16189 -0.044095 -0.05276 0.095151 -0.43548 0.088494 0.007761 -0.43434 -0.002341 0.23698 -0.73353 0.106 0.03654 -0.76656 -0.02102 0.15803 -0.78018 0.081599 -0.043156 -0.81171 -0.031941 -0.080387 0.59925
-0.14544 0.030171 0.32125 0.11663 -0.0041624 0.33345 -0.025093 -0.040382 0.40645 -0.0032902 -0.0094803 0.067861 -0.049601 0.0062589 -0.055638 0.059412 0.0062589 -0.045009 -0.22141 0.02609 0.066584 0.21688 0.06213 0.096423 -0.15122 -0.13466 -0.092942 0.099925 -0.11355 -0.011045 -0.10376 -0.19201 -0.13207 0.042083 -0.16291 -0.043296 -0.045329 0.091999 -0.43588 0.091706 0.014643 -0.43338 0.0094661 0.23032 -0.73479 0.10831 0.030386 -0.76652 -0.0073834 0.15125 -0.78199 0.086411 -0.051746 -0.81112 -0.036583 -0.084176 0.59846
-0.15053 0.025725 0.31817 0.11221 -0.0037574 0.33611 -0.030411 -0.042489 0.40586 -0.0046268 -0.0101 0.067691 -0.049882 0.0063626 -0.055375 0.059789 0.0063626 -0.044497 -0.22733 0.02116 0.063752 0.21477 0.06325 0.1002 -0.15315 -0.12639 -0.1063 0.099383 -0.11255 -0.0095192 -0.12195 -0.19064 -0.14488 0.03816 -0.15842 -0.041324 -0.039241 0.08879 -0.43621 0.09699 0.022194 -0.4322 0.018611 0.22419 -0.7359 0.11401 0.02604 -0.76563 0.0051753 0.14475 -0.78351 0.10728 -0.047643 -0.81837 -0.041352 -0.087195 0.59768
-0.15613 0.020375 0.3147 0.10718 -0.00028587 0.34002 -0.036083 -0.044192 0.40521 -0.00608 -0.010588 0.067503 -0.050006 0.0065887 -0.055236 0.060096 0.0065887 -0.044049 -0.23468 0.012189 0.060911 0.2088 0.066185 0.10354 -0.15572 -0.11685 -0.12176 0.095643 -0.11133 -0.0062319 -0.14748 -0.18776 -0.15885 0.031866 -0.1529 -0.039894 -0.033713 0.085084 -0.43671 0.10445 0.029403 -0.43065 0.025933 0.21834 -0.73701 0.12445 0.022937 -0.76387 0.017227 0.13839 -0.78483 0.14427 -0.03156 -0.83168 -0.046346 -0.089671 0.59687
-0.16277 0.013298 0.31049 0.10181 0.0032649 0.34448 -0.042341 -0.045121 0.40449 -0.0077362 -0.010823 0.067293 -0.04986 0.0066186 -0.055364 0.060401 0.0066186 -0.043622 -0.24254 0.00033204 0.057274 0.19978 0.067482 0.10591 -0.16856 -0.10259 -0.14298 0.097175 -0.1119 -0.0094598 -0.17095 -0.17801 -0.17889 0.037649 -0.157 -0.043709 -0.02829 0.080349 -0.43751 0.11371 0.034677 -0.42873 0.03176 0.21256 -0.73818 0.13974 0.021034 -0.76134 0.027568 0.1321 -0.78584 0.18278 -0.018258 -0.83661 -0.051351 -0.091906 0.59593
-0.17027 0.0043064 0.30543 0.096344 0.0051697 0.34879 -0.049197 -0.045036 0.40371 -0.0095537 -0.010749 0.067069 -0.049429 0.0062621 -0.055789 0.060718 0.0062621 -0.04323 -0.25 -0.01294 0.052443 0.18899 0.065578 0.10714 -0.18724 -0.088106 -0.16482 0.10646 -0.11567 -0.02011 -0.17942 -0.16407 -0.19952 0.059238 -0.17337 -0.052914 -0.023212 0.074833 -0.4386 0.12355 0.037193 -0.42665 0.036287 0.20697 -0.73941 0.15859 0.020641 -0.75831 0.035458 0.12608 -0.78653 0.21389 -0.014273 -0.82785 -0.055519 -0.094072 0.59474
-0.17724 -0.0057038 0.29968 0.090899 0.0060665 0.35233 -0.056271 -0.043957 0.4029 -0.011279 -0.010424 0.066856 -0.048874 0.0055742 -0.056351 0.060974 0.0055742 -0.04297 -0.25641 -0.025881 0.046753 0.17822 0.062128 0.10761 -0.18395 -0.091087 -0.16775 0.11523 -0.12309 -0.026432 -0.15524 -0.16195 -0.19812 0.081491 -0.19111 -0.059923 -0.019819 0.070063 -0.43968 0.13146 0.03744 -0.42504 0.039549 0.20219 -0.74053 0.17748 0.022575 -0.75541 0.041118 0.121 -0.78707 0.23954 -0.011225 -0.81631 -0.057013 -0.096113 0.59312
-0.18276 -0.015625 0.2942 0.086105 0.0065428 0.35518 -0.062788 -0.041953 0.40214 -0.012677 -0.0098799 0.06669 -0.048395 0.0045841 -0.056855 0.061061 0.0045841 -0.042971 -0.26146 -0.036898 0.041245 0.16904 0.058332 0.10798 -0.14919 -0.11725 -0.14471 0.11803 -0.13348 -0.021897 -0.099604 -0.17766 -0.16846 0.09382 -0.20316 -0.059831 -0.018763 0.066846 -0.44052 0.13656 0.03553 -0.4242 0.042094 0.19831 -0.74137 0.19483 0.025879 -0.75283 0.045302 0.11695 -0.78753 0.26206 -0.0056895 -0.80925 -0.055176 -0.098052 0.59103
-0.18711 -0.024114 0.29145 0.083667 0.0066329 0.35877 -0.067234 -0.039156 0.40172 -0.013586 -0.0090716 0.066623 -0.048238 0.0032217 -0.057075 0.060828 0.0032217 -0.043409 -0.26546 -0.044766 0.038281 0.16242 0.053831 0.10933 -0.11565 -0.14518 -0.11708 0.11718 -0.14394 -0.013157 -0.05338 -0.19408 -0.14131 0.09861 -0.21306 -0.054739 -0.019075 0.064261 -0.44096 0.14163 0.03055 -0.42375 0.045553 0.19425 -0.74165 0.21339 0.025841 -0.7498 0.049684 0.11289 -0.78775 0.28261 -0.0072759 -0.80337 -0.051961 -0.10012 0.58872
-0.19048 -0.029576 0.29254 0.0843 0.0063099 0.36359 -0.06886 -0.035909 0.40177 -0.01396 -0.0080482 0.066675 -0.048545 0.0016536 -0.056875 0.060213 0.0016536 -0.044332 -0.26969 -0.046862 0.039297 0.15831 0.048702 0.11187 -0.10831 -0.15751 -0.1003 0.11418 -0.15198 -0.006314 -0.04464 -0.19756 -0.13532 0.10001 -0.22302 -0.047843 -0.020026 0.061948 -0.44093 0.1479 0.022701 -0.42348 0.050553 0.18985 -0.74115 0.23332 0.019731 -0.74619 0.054808 0.10864 -0.78751 0.3007 -0.021134 -0.79622 -0.049415 -0.10209 0.58661
-0.19246 -0.029834 0.29452 0.085785 0.0055637 0.36719 -0.069179 -0.033092 0.40197 -0.014016 -0.0071344 0.06677 -0.049161 0.00069997 -0.056372 0.05941 0.00069997 -0.045444 -0.27774 -0.036778 0.042869 0.15408 0.044647 0.1133 -0.11813 -0.15622 -0.084923 0.10593 -0.15686 -0.0017677 -0.055038 -0.19102 -0.12535 0.10259 -0.22839 -0.042934 -0.022047 0.061584 -0.44043 0.1514 0.015431 -0.42395 0.054729 0.18782 -0.73986 0.24664 0.011222 -0.74396 0.057968 0.10678 -0.78657 0.31201 -0.036487 -0.79103 -0.048971 -0.10247 0.58552
-0.19281 -0.024111 0.29482 0.086164 0.0043049 0.36754 -0.0696 -0.031422 0.40204 -0.013967 -0.0066001 0.066835 -0.049911 0.00093486 -0.055706 0.058644 0.00093486 -0.046423 -0.28892 -0.014107 0.046583 0.14761 0.042824 0.1118 -0.13044 -0.14877 -0.063603 0.090688 -0.15833 0.00024029 -0.062266 -0.18196 -0.092696 0.10702 -0.22603 -0.042846 -0.025506 0.0644 -0.43953 0.14889 0.011773 -0.42552 0.055998 0.1902 -0.73789 0.24734 0.004337 -0.74452 0.057058 0.10925 -0.78483 0.31335 -0.043681 -0.79056 -0.050947 -0.10048 0.58586
-0.19218 -0.016659 0.29424 0.085974 0.0021662 0.36579 -0.069968 -0.030771 0.40204 -0.013869 -0.0063791 0.066877 -0.050724 0.0017461 -0.054946 0.058116 0.0017461 -0.047059 -0.28671 -0.00075722 0.046248 0.13987 0.041649 0.10852 -0.13004 -0.15047 -0.049617 0.074014 -0.15677 -0.0031078 -0.056021 -0.18412 -0.064381 0.10055 -0.22179 -0.046861 -0.029937 0.069028 -0.43833 0.14249 0.011572 -0.42749 0.054873 0.19526 -0.73559 0.24062 0.00076329 -0.74646 0.053785 0.11442 -0.78274 0.30744 -0.045539 -0.79286 -0.05222 -0.098502 0.58646
-0.19097 -0.011857 0.29399 0.086327 -0.00083062 0.36352 -0.06963 -0.030756 0.40212 -0.013692 -0.0063324 0.066921 -0.051549 0.0024121 -0.054146 0.05792 0.0024121 -0.047275 -0.25774 -0.0158 0.039379 0.13282 0.039568 0.10503 -0.10654 -0.17286 -0.054868 0.062209 -0.15316 -0.013247 -0.031581 -0.2074 -0.066835 0.074278 -0.22161 -0.053194 -0.034759 0.073775 -0.43698 0.13523 0.013874 -0.42912 0.051921 0.20117 -0.73324 0.23289 0.0016641 -0.7482 0.049907 0.12053 -0.78073 0.29821 -0.045781 -0.79546 -0.049764 -0.098801 0.5862
-0.18775 -0.010008 0.29393 0.088556 -0.0027141 0.36157 -0.067188 -0.03065 0.40253 -0.013193 -0.0063118 0.067021 -0.052341 0.0028236 -0.053361 0.057726 0.0028236 -0.047485 -0.2168 -0.045494 0.032548 0.1299 0.037662 0.10214 -0.070738 -0.20385 -0.066323 0.058227 -0.15025 -0.023217 0.0024652 -0.23913 -0.082001 0.048185 -0.22379 -0.058667 -0.039655 0.077925 -0.43564 0.12914 0.017151 -0.43041 0.045548 0.20908 -0.73066 0.2256 0.0080556 -0.74995 0.043899 0.12864 -0.77849 0.28946 -0.040579 -0.79809 -0.044123 -0.10031 0.58564
-0.18126 -0.010353 0.29361 0.093468 -0.0014728 0.36029 -0.061645 -0.029804 0.40345 -0.012173 -0.0061946 0.067217 -0.053075 0.0030256 -0.052624 0.057217 0.0030256 -0.04808 -0.18331 -0.070103 0.032995 0.13318 0.03749 0.1002 -0.037374 -0.22718 -0.067977 0.062454 -0.15051 -0.025655 0.03513 -0.26275 -0.085147 0.043986 -0.22485 -0.060731 -0.044638 0.081097 -0.43447 0.12543 0.020085 -0.43153 0.033811 0.22034 -0.72757 0.21835 0.02063 -0.75227 0.033628 0.14001 -0.77565 0.28365 -0.025282 -0.80104 -0.036839 -0.10129 0.58564
-0.17397 -0.012407 0.29297 0.098552 0.0021281 0.3588 -0.055381 -0.028514 0.40447 -0.011049 -0.0060193 0.067431 -0.053835 0.0029941 -0.051847 0.056798 0.0029941 -0.04858 -0.15949 -0.086532 0.037805 0.13485 0.039247 0.098039 -0.010548 -0.23936 -0.065372 0.065931 -0.15199 -0.023813 0.062345 -0.27453 -0.082266 0.04859 -0.22329 -0.062523 -0.051171 0.083296 -0.43329 0.12227 0.023426 -0.43232 0.016105 0.23299 -0.72406 0.20805 0.038479 -0.75468 0.01855 0.15283 -0.77235 0.276 -0.0022126 -0.80452 -0.029615 -0.10136 0.58598
-0.16922 -0.015562 0.29216 0.10068 0.0064942 0.35608 -0.051492 -0.027309 0.4051 -0.010367 -0.0058653 0.067559 -0.054686 0.0027045 -0.050956 0.05701 0.0027045 -0.048345 -0.14199 -0.0972 0.041178 0.12588 0.042596 0.094316 0.0092462 -0.24172 -0.069772 0.058687 -0.15158 -0.023784 0.082474 -0.27569 -0.087812 0.040681 -0.21838 -0.068441 -0.060649 0.084785 -0.43192 0.11719 0.028303 -0.43256 -0.0071379 0.2443 -0.72033 0.19148 0.059849 -0.75644 -0.00088643 0.16458 -0.76887 0.26043 0.02389 -0.80858 -0.024 -0.10063 0.58615
-0.1668 -0.017587 0.29163 0.10075 0.011098 0.35316 -0.049594 -0.026007 0.40541 -0.010034 -0.0056986 0.067621 -0.055308 0.0023124 -0.050305 0.057487 0.0023124 -0.047799 -0.13095 -0.10212 0.042317 0.11377 0.046777 0.090272 0.020645 -0.238 -0.07886 0.047507 -0.14933 -0.025135 0.093879 -0.27066 -0.099085 0.02839 -0.21038 -0.077457 -0.07018 0.086758 -0.43053 0.11128 0.033291 -0.4326 -0.031289 0.25465 -0.71652 0.17162 0.080916 -0.75747 -0.021044 0.17543 -0.76523 0.23996 0.048494 -0.8126 -0.019991 -0.099303 0.58614
-0.16503 -0.015882 0.29186 0.10119 0.015978 0.35181 -0.04788 -0.02417 0.40571 -0.0097016 -0.0054454 0.067687 -0.055257 0.0020338 -0.050375 0.057538 0.0020338 -0.047752 -0.12755 -0.10062 0.042613 0.11221 0.050751 0.088096 0.022485 -0.23278 -0.084876 0.045512 -0.14662 -0.02494 0.095522 -0.26502 -0.10648 0.030865 -0.20043 -0.086098 -0.075571 0.090529 -0.42949 0.10701 0.036155 -0.43293 -0.050561 0.26552 -0.71277 0.1537 0.097429 -0.75795 -0.037458 0.18649 -0.76139 0.22108 0.067644 -0.8157 -0.01692 -0.097653 0.58615
-0.16318 -0.011365 0.29251 0.10175 0.022056 0.3515 -0.045931 -0.022042 0.40606 -0.0093305 -0.0051415 0.067763 -0.054659 0.001887 -0.051027 0.057253 0.001887 -0.048098 -0.12822 -0.09575 0.04286 0.12279 0.052554 0.08798 0.019399 -0.22873 -0.086426 0.054324 -0.1445 -0.024557 0.09224 -0.26135 -0.1081 0.045889 -0.19384 -0.090763 -0.078648 0.094499 -0.42893 0.10474 0.037933 -0.43333 -0.066275 0.27526 -0.7094 0.13761 0.11004 -0.75777 -0.051579 0.19655 -0.75807 0.20386 0.082107 -0.81771 -0.01443 -0.095782 0.5863
-0.16105 -0.0067929 0.29278 0.10085 0.030444 0.35051 -0.044107 -0.020174 0.40637 -0.0090485 -0.0048708 0.067825 -0.053944 0.0017713 -0.051789 0.057132 0.0017713 -0.04825 -0.1271 -0.092327 0.043445 0.14014 0.050074 0.088966 0.018744 -0.22722 -0.08575 0.068867 -0.14351 -0.027582 0.091604 -0.26038 -0.10649 0.059634 -0.19733 -0.08831 -0.08426 0.095567 -0.42888 0.10366 0.041326 -0.43322 -0.083358 0.28063 -0.70679 0.12052 0.12199 -0.75666 -0.067752 0.20307 -0.75629 0.18509 0.095135 -0.81886 -0.012361 -0.093682 0.58666
-0.15873 -0.0028186 0.29243 0.099506 0.038191 0.34878 -0.042618 -0.01812 0.40662 -0.0088739 -0.0045321 0.067871 -0.053358 0.0014926 -0.052402 0.057221 0.0014926 -0.048154 -0.12424 -0.090396 0.043856 0.15752 0.046263 0.089959 0.020256 -0.22689 -0.085209 0.081974 -0.14034 -0.03493 0.093179 -0.26053 -0.10495 0.065603 -0.20461 -0.082677 -0.091899 0.092705 -0.42938 0.10308 0.046381 -0.43262 -0.10099 0.28067 -0.70519 0.10334 0.13365 -0.75483 -0.084141 0.20362 -0.75487 0.1659 0.10733 -0.81927 -0.010813 -0.090989 0.58716
-0.15648 0.0013665 0.2916 0.10047 0.039787 0.34735 -0.041548 -0.014793 0.40685 -0.0087462 -0.0039078 0.067923 -0.053 0.00081266 -0.052774 0.057252 0.00081266 -0.048127 -0.12372 -0.08676 0.043021 0.16754 0.047148 0.089814 0.018538 -0.22463 -0.087059 0.085423 -0.12972 -0.04529 0.091144 -0.25881 -0.10704 0.062811 -0.20119 -0.082293 -0.097381 0.086385 -0.43049 0.10245 0.051287 -0.432 -0.1144 0.27614 -0.70472 0.089506 0.14342 -0.75276 -0.09491 0.19627 -0.75142 0.15035 0.11744 -0.81897 -0.010042 -0.087139 0.58765
-0.15446 0.0055098 0.29062 0.1035 0.036282 0.34644 -0.040733 -0.010608 0.40707 -0.0086198 -0.0030965 0.067981 -0.052842 -9.6882e-05 -0.052938 0.057138 -9.6882e-05 -0.048268 -0.12521 -0.081727 0.041303 0.1677 0.048617 0.088281 0.014334 -0.22066 -0.09056 0.078125 -0.12108 -0.051705 0.086227 -0.25556 -0.11182 0.053869 -0.19358 -0.085106 -0.099676 0.077448 -0.43209 0.1017 0.055199 -0.43155 -0.12265 0.26778 -0.70548 0.079633 0.15092 -0.75073 -0.10253 0.18618 -0.75051 0.1393 0.12531 -0.81815 -0.0097805 -0.082668 0.58808
-0.1527 0.0084221 0.28994 0.10572 0.034482 0.34545 -0.039795 -0.0072892 0.40725 -0.0084646 -0.0024711 0.068029 -0.052749 -0.00071262 -0.053031 0.056964 -0.00071262 -0.048476 -0.12453 -0.078682 0.040322 0.16005 0.037959 0.085915 0.013777 -0.21809 -0.092383 0.065478 -0.13611 -0.042756 0.084915 -0.25401 -0.11448 0.044458 -0.2063 -0.080018 -0.10062 0.067022 -0.43388 0.10119 0.058158 -0.43125 -0.12821 0.25633 -0.70753 0.07175 0.1569 -0.74883 -0.11663 0.18456 -0.76248 0.13063 0.13179 -0.81711 -0.0093071 -0.079058 0.58845
-0.15115 0.010065 0.28976 0.10634 0.036612 0.34424 -0.038541 -0.0052422 0.4074 -0.0082742 -0.0021051 0.068065 -0.052684 -0.00094617 -0.053092 0.056771 -0.00094617 -0.048698 -0.12158 -0.077651 0.040417 0.15086 0.017467 0.083664 0.017268 -0.21712 -0.091671 0.055215 -0.17039 -0.022406 0.087823 -0.25434 -0.11347 0.039116 -0.23716 -0.067699 -0.10124 0.056065 -0.43561 0.1015 0.059953 -0.43109 -0.13145 0.2426 -0.71086 0.065024 0.16192 -0.74691 -0.137 0.19368 -0.78596 0.12322 0.13734 -0.81598 -0.0083871 -0.076636 0.58881
-0.14962 0.011706 0.28989 0.10695 0.039579 0.34317 -0.037001 -0.0033625 0.40756 -0.0080681 -0.0017299 0.068098 -0.052729 -0.001204 -0.053039 0.056547 -0.001204 -0.048948 -0.12089 -0.074866 0.040466 0.15076 0.0062587 0.082854 0.018707 -0.21466 -0.090414 0.057184 -0.19037 -0.011669 0.088886 -0.25324 -0.1111 0.04087 -0.25393 -0.062096 -0.1015 0.045318 -0.43698 0.10343 0.060054 -0.43107 -0.13037 0.2274 -0.71542 0.05998 0.16633 -0.74462 -0.15222 0.20546 -0.80639 0.11709 0.142 -0.81468 -0.0073485 -0.074409 0.58918
-0.14799 0.013793 0.29003 0.10826 0.041405 0.34232 -0.035367 -0.0011337 0.40771 -0.0078697 -0.0012403 0.068132 -0.052908 -0.0016363 -0.052849 0.056278 -0.0016363 -0.049244 -0.12183 -0.070612 0.039996 0.16113 0.0094145 0.083628 0.017775 -0.2113 -0.089848 0.070189 -0.18562 -0.016394 0.087514 -0.25102 -0.10993 0.047986 -0.24761 -0.066197 -0.10131 0.034945 -0.43792 0.10592 0.058183 -0.4313 -0.12465 0.20996 -0.72144 0.056477 0.17027 -0.74198 -0.15427 0.20605 -0.8156 0.11206 0.14598 -0.81327 -0.0065612 -0.071898 0.58959
-0.14626 0.015531 0.28971 0.10952 0.042081 0.34135 -0.034044 0.0010261 0.40783 -0.0077052 -0.00078482 0.068159 -0.053158 -0.0019986 -0.052585 0.055953 -0.0019986 -0.049603 -0.11635 -0.071037 0.039553 0.17012 0.011203 0.084445 0.022614 -0.21289 -0.089925 0.077502 -0.18019 -0.020005 0.091169 -0.25322 -0.11251 0.052236 -0.24378 -0.066743 -0.10056 0.024319 -0.43859 0.10536 0.054444 -0.43203 -0.11654 0.18725 -0.72951 0.05336 0.17366 -0.7395 -0.14073 0.17452 -0.81542 0.10754 0.14986 -0.812 -0.0064075 -0.069435 0.59
-0.14462 0.016548 0.28897 0.11034 0.042319 0.34039 -0.03316 0.0028312 0.4079 -0.007577 -0.00046538 0.068177 -0.05339 -0.0021708 -0.05234 0.055594 -0.0021708 -0.049999 -0.10831 -0.074037 0.039096 0.17095 0.0038425 0.084593 0.030432 -0.21738 -0.089241 0.071807 -0.18751 -0.013446 0.097298 -0.25782 -0.11656 0.05155 -0.25467 -0.0583 -0.098669 0.013029 -0.43917 0.10381 0.049627 -0.43299 -0.10746 0.15791 -0.73961 0.050907 0.17623 -0.73713 -0.11527 0.11213 -0.81242 0.10408 0.1531 -0.81053 -0.006887 -0.067264 0.59041
-0.14366 0.017373 0.28883 0.11123 0.043835 0.34045 -0.032319 0.0043514 0.40795 -0.0074458 -0.00026846 0.068191 -0.053486 -0.0023026 -0.052242 0.05528 -0.0023026 -0.050335 -0.12344 -0.062252 0.03743 0.16757 -0.0037018 0.085039 0.018143 -0.20815 -0.084186 0.064398 -0.19773 -0.0038593 0.08473 -0.24886 -0.11125 0.055539 -0.26447 -0.051352 -0.094311 0.001143 -0.4399 0.11355 0.045674 -0.43301 -0.09706 0.12385 -0.75056 0.052035 0.1775 -0.73376 -0.091479 0.060009 -0.82015 0.10429 0.15323 -0.80758 -0.0073252 -0.065363 0.59078
-0.1434 0.017996 0.28938 0.11213 0.04674 0.34127 -0.031459 0.0057979 0.40799 -0.0073095 -0.00011172 0.068204 -0.053526 -0.0024402 -0.052206 0.055048 -0.0024402 -0.050576 -0.1673 -0.031953 0.033892 0.16329 -0.0049458 0.085515 -0.019168 -0.18102 -0.074948 0.063268 -0.203 0.0019743 0.04932 -0.2224 -0.094196 0.068554 -0.26282 -0.053155 -0.087009 -0.011032 -0.44058 0.13211 0.042552 -0.43198 -0.084747 0.085926 -0.76068 0.056002 0.17761 -0.72923 -0.075606 0.038001 -0.84141 0.10688 0.15079 -0.80343 -0.0073011 -0.063809 0.59099
-0.1426 0.017008 0.2884 0.11163 0.047329 0.33956 -0.031368 0.0076148 0.40797 -0.00726 0.00021426 0.068212 -0.05405 -0.002337 -0.05165 0.054822 -0.002337 -0.050837 -0.1955 -0.013288 0.029288 0.15768 -0.0027411 0.082624 -0.041268 -0.16298 -0.070682 0.064799 -0.20524 0.0017754 0.029145 -0.20444 -0.083719 0.080554 -0.25801 -0.060145 -0.078386 -0.022767 -0.44011 0.12173 0.035563 -0.4323 -0.069839 0.042017 -0.7674 0.053298 0.17807 -0.72588 -0.055239 0.0093148 -0.8535 0.10134 0.15342 -0.80223 -0.0071133 -0.062968 0.59058
-0.14106 0.013611 0.2857 0.10924 0.043102 0.33349 -0.032111 0.0094519 0.4079 -0.0072939 0.00063396 0.068215 -0.055389 -0.0018401 -0.050207 0.054404 -0.0018401 -0.051331 -0.17871 -0.026575 0.025789 0.15142 -0.00032101 0.074727 -0.021746 -0.17225 -0.075975 0.066261 -0.20707 -0.0039175 0.048908 -0.21267 -0.090974 0.084966 -0.25776 -0.067355 -0.07053 -0.032705 -0.43805 0.063058 0.022069 -0.43543 -0.052602 -0.0063625 -0.76933 0.038461 0.17996 -0.72483 -0.021956 -0.049871 -0.84148 0.082281 0.16577 -0.80563 -0.0067505 -0.063131 0.58957
-0.1422 0.0093086 0.28769 0.10758 0.036459 0.32649 -0.031369 0.0086047 0.40795 -0.0070998 0.00021068 0.068227 -0.057114 -0.0011761 -0.048289 0.053288 -0.0011761 -0.052477 -0.14982 -0.051041 0.028896 0.14987 0.0015943 0.066398 0.0089948 -0.19005 -0.07892 0.071915 -0.20939 -0.0082669 0.078905 -0.22953 -0.098733 0.090646 -0.26111 -0.070001 -0.066054 -0.037864 -0.43629 0.0026759 0.0071156 -0.43907 -0.036048 -0.046133 -0.76879 0.020954 0.18249 -0.72275 0.014088 -0.10458 -0.82229 0.062358 0.18112 -0.80671 -0.00504 -0.06427 0.58936
-0.14903 0.0057087 0.29904 0.10823 0.030546 0.32197 -0.028082 0.0035958 0.40821 -0.0066039 -0.0015851 0.068246 -0.058545 -0.00060744 -0.046616 0.051291 -0.00060744 -0.054395 -0.1409 -0.06565 0.042256 0.15626 0.0034345 0.061965 0.02131 -0.19758 -0.069267 0.084113 -0.21177 -0.0057712 0.090462 -0.23722 -0.091219 0.10485 -0.26511 -0.065095 -0.067756 -0.034004 -0.43621 -0.018412 -0.0044868 -0.44062 -0.023627 -0.066242 -0.76707 0.0096231 0.18497 -0.71618 0.039842 -0.12328 -0.8121 0.052825 0.19283 -0.79909 -0.0019054 -0.065878 0.59093
-0.16075 0.0033225 0.31375 0.10706 0.028055 0.31992 -0.027368 -0.0010164 0.40825 -0.0068046 -0.0032285 0.068182 -0.058581 -0.00028164 -0.046519 0.049619 -0.00028164 -0.055969 -0.14057 -0.075087 0.060544 0.16294 0.0082178 0.060824 0.025275 -0.20017 -0.053548 0.09365 -0.21012 7.2929e-05 0.094047 -0.23999 -0.076411 0.11892 -0.26522 -0.05614 -0.078788 -0.013336 -0.43575 -0.022557 -0.013775 -0.43895 -0.018602 -0.070606 -0.7593 0.0013737 0.18817 -0.70389 0.043682 -0.12518 -0.80345 0.048044 0.2019 -0.78386 -0.0020492 -0.06588 0.59282
-0.17553 0.0018199 0.32537 0.10024 0.030483 0.31968 -0.033838 -0.0010613 0.4077 -0.0085381 -0.0032487 0.067967 -0.056464 -0.00023187 -0.04893 0.049402 -0.00023187 -0.056173 -0.13461 -0.086746 0.077406 0.16225 0.018018 0.061504 0.033673 -0.20554 -0.03995 0.092644 -0.20163 0.0048633 0.10273 -0.24434 -0.064412 0.1235 -0.25885 -0.047081 -0.099685 0.027477 -0.433 -0.038561 -0.022957 -0.43396 -0.022377 -0.066706 -0.7419 -0.0083451 0.19257 -0.68627 0.020958 -0.13365 -0.78767 0.040329 0.21047 -0.76426 -0.0095206 -0.062913 0.59346
-0.19087 -0.001924 0.33705 0.091712 0.034136 0.32104 -0.042951 -0.00078928 0.40686 -0.010701 -0.0026707 0.0677 -0.053522 -7.4051e-05 -0.052229 0.04989 -7.4051e-05 -0.055729 -0.14275 -0.092862 0.091389 0.1583 0.0276 0.0638 0.02887 -0.2064 -0.026241 0.092086 -0.19353 0.0097023 0.099309 -0.24314 -0.049507 0.1233 -0.25455 -0.036921 -0.11819 0.066744 -0.43034 -0.0568 -0.033438 -0.42895 -0.027722 -0.062666 -0.72416 -0.017979 0.19543 -0.66882 -0.0014234 -0.13637 -0.77619 0.030669 0.21782 -0.74562 -0.020056 -0.060678 0.59342
-0.20349 -0.010719 0.35209 0.086733 0.034638 0.32363 -0.048434 -0.0055848 0.40621 -0.01183 -0.0029659 0.067517 -0.051455 0.000546 -0.054359 0.050049 0.000546 -0.055616 -0.18624 -0.084199 0.10134 0.15761 0.031101 0.067488 -0.0079404 -0.19376 -0.0095701 0.10541 -0.19384 0.0164 0.065204 -0.22797 -0.025058 0.12605 -0.26137 -0.024299 -0.12098 0.080962 -0.43065 -0.059593 -0.04491 -0.42754 -0.026269 -0.064499 -0.71704 -0.02465 0.19475 -0.65762 0.0062926 -0.11577 -0.782 0.022313 0.22336 -0.73318 -0.027569 -0.063405 0.59365
-0.20675 -0.020315 0.35735 0.084404 0.032929 0.32474 -0.05004 -0.012423 0.40589 -0.011796 -0.0037925 0.067471 -0.050451 0.0010344 -0.055233 0.050526 0.0010344 -0.055166 -0.23371 -0.0702 0.099031 0.15989 0.032145 0.069901 -0.047154 -0.17537 -0.0023585 0.12661 -0.19718 0.021059 0.028808 -0.20721 -0.007689 0.13243 -0.27108 -0.014687 -0.11157 0.081276 -0.43205 -0.049867 -0.04799 -0.42884 -0.01845 -0.064041 -0.71813 -0.028498 0.19869 -0.65286 0.033661 -0.087403 -0.79086 0.016545 0.2326 -0.72752 -0.029947 -0.069308 0.59371
-0.19499 -0.024542 0.33727 0.081731 0.031712 0.32152 -0.04994 -0.015705 0.40588 -0.011038 -0.0042138 0.067569 -0.050108 0.00058195 -0.055498 0.052367 0.00058195 -0.053328 -0.2412 -0.065209 0.076391 0.16249 0.036496 0.068189 -0.047885 -0.16382 -0.019067 0.1431 -0.19488 0.018574 0.02943 -0.19406 -0.018418 0.14005 -0.27129 -0.014802 -0.099239 0.089251 -0.43129 -0.037887 -0.032731 -0.43041 -0.008164 -0.049984 -0.72053 -0.030723 0.21688 -0.65215 0.056864 -0.075659 -0.78212 0.013668 0.25193 -0.72683 -0.027387 -0.074514 0.59281
-0.18055 -0.023474 0.30807 0.077741 0.031596 0.31683 -0.051235 -0.014954 0.40576 -0.01046 -0.0040752 0.067673 -0.04996 -0.00043854 -0.05565 0.054692 -0.00043854 -0.050986 -0.22483 -0.06559 0.048706 0.16451 0.037979 0.065523 -0.027346 -0.15875 -0.043511 0.14917 -0.19254 0.011683 0.04981 -0.18881 -0.042006 0.14328 -0.26881 -0.020366 -0.088124 0.10394 -0.42902 -0.029738 -0.012662 -0.43108 -0.00028139 -0.02935 -0.72227 -0.031836 0.23923 -0.65034 0.067844 -0.074267 -0.76698 0.012089 0.2765 -0.72411 -0.026551 -0.076812 0.59146
-0.18253 -0.020104 0.29851 0.07245 0.03216 0.31574 -0.057082 -0.01214 0.40502 -0.011079 -0.0035981 0.067595 -0.049506 -0.001155 -0.056101 0.055842 -0.001155 -0.049804 -0.22618 -0.06018 0.040104 0.16605 0.026086 0.067462 -0.027031 -0.15402 -0.047525 0.14313 -0.20133 0.0065757 0.049137 -0.18584 -0.048483 0.13574 -0.2781 -0.022572 -0.079901 0.11453 -0.42748 -0.029056 -0.010143 -0.43034 0.00053483 -0.015905 -0.72392 -0.032096 0.248 -0.64181 0.066814 -0.062983 -0.76968 0.0095553 0.29606 -0.71134 -0.036142 -0.07503 0.59074
-0.19816 -0.01614 0.30671 0.066003 0.032876 0.31731 -0.06631 -0.0088218 0.40372 -0.012689 -0.0029681 0.067343 -0.048259 -0.0015056 -0.057164 0.055914 -0.0015056 -0.049684 -0.24571 -0.050836 0.047814 0.16832 0.0062234 0.073717 -0.04589 -0.14825 -0.034325 0.13073 -0.21726 0.0055427 0.028969 -0.18293 -0.038955 0.11994 -0.29459 -0.021353 -0.076708 0.12163 -0.42616 -0.034894 -0.019728 -0.42838 -0.0030929 -5.4383e-05 -0.72782 -0.032667 0.24631 -0.62994 0.060654 -0.031331 -0.78782 0.0066376 0.30143 -0.69647 -0.053042 -0.070512 0.59056
-0.21196 -0.012375 0.31293 0.058676 0.033262 0.31721 -0.075231 -0.0061606 0.40226 -0.014364 -0.0023321 0.067039 -0.045824 -0.0019069 -0.059032 0.056027 -0.0019069 -0.049504 -0.25977 -0.046812 0.053475 0.17307 -0.0072025 0.08054 -0.058068 -0.14301 -0.025332 0.12153 -0.22755 0.0083277 0.01554 -0.18007 -0.03269 0.10362 -0.30286 -0.021677 -0.080616 0.13259 -0.42286 -0.043504 -0.020308 -0.42582 -0.004758 0.038961 -0.73632 -0.034963 0.24916 -0.62306 0.059176 0.022279 -0.80293 0.0054677 0.28497 -0.69567 -0.06736 -0.065959 0.59014
-0.21924 -0.007752 0.31198 0.051677 0.034499 0.31509 -0.082155 -0.0033698 0.40092 -0.015667 -0.0016103 0.066766 -0.043126 -0.0024736 -0.061023 0.056436 -0.0024736 -0.049019 -0.2622 -0.048219 0.052609 0.17893 -0.01127 0.086209 -0.058176 -0.13966 -0.0258 0.11377 -0.22748 0.012473 0.014264 -0.1785 -0.034828 0.09172 -0.29953 -0.023373 -0.088282 0.15014 -0.41643 -0.051021 -0.011888 -0.4235 -0.0082343 0.074373 -0.73574 -0.035861 0.25729 -0.62067 0.05546 0.056941 -0.80081 0.0055655 0.25215 -0.70198 -0.076419 -0.06143 0.5894
-0.22369 -0.00015762 0.30986 0.046838 0.03887 0.31365 -0.086964 0.001627 0.39989 -0.016536 -0.00058384 0.066573 -0.042029 -0.0030724 -0.06183 0.056736 -0.0030724 -0.048657 -0.26043 -0.04849 0.051398 0.18229 -0.011799 0.090602 -0.05651 -0.13936 -0.028519 0.097541 -0.21868 0.014035 0.014644 -0.18024 -0.039545 0.08693 -0.29049 -0.022418 -0.092501 0.17279 -0.4068 -0.053682 -0.01037 -0.42244 -0.02435 0.04655 -0.70214 -0.029101 0.26061 -0.61578 0.030731 0.0041841 -0.77153 0.0046167 0.21804 -0.69163 -0.083038 -0.055136 0.58876
-0.22643 0.0050127 0.30916 0.044145 0.04497 0.3135 -0.089634 0.0064471 0.39928 -0.016934 0.00021236 0.066482 -0.042883 -0.0033486 -0.061218 0.056806 -0.0033486 -0.048559 -0.25878 -0.050468 0.051773 0.1831 -0.010375 0.093674 -0.056142 -0.14264 -0.030211 0.076478 -0.20525 0.012961 0.014453 -0.18411 -0.04342 0.091097 -0.27845 -0.018204 -0.092656 0.18636 -0.3997 -0.051169 -0.020419 -0.42265 -0.046227 -0.021375 -0.6567 -0.016224 0.25446 -0.60886 -0.011039 -0.095832 -0.72251 0.0044552 0.18678 -0.6658 -0.087233 -0.049713 0.58837
-0.22598 -0.0044474 0.30885 0.041822 0.04794 0.31323 -0.090222 0.0045987 0.39912 -0.016838 -0.00044137 0.066484 -0.044563 -0.0027587 -0.059996 0.056813 -0.0027587 -0.048567 -0.25804 -0.065831 0.051399 0.18467 -0.0043988 0.095427 -0.052768 -0.14948 -0.031685 0.067079 -0.19331 0.012918 0.019774 -0.18594 -0.045664 0.10517 -0.26294 -0.013473 -0.094421 0.16546 -0.40604 -0.046459 -0.035408 -0.42318 -0.050376 -0.0283 -0.66252 -0.0061917 0.23992 -0.60758 -0.044017 -0.10147 -0.67775 0.010737 0.15255 -0.64968 -0.086309 -0.05186 0.58808
-0.22349 -0.025834 0.30851 0.039135 0.047188 0.31242 -0.089752 -0.0031844 0.39921 -0.01649 -0.0022764 0.066529 -0.046274 -0.0013726 -0.05873 0.05682 -0.0013726 -0.048612 -0.25204 -0.093345 0.051183 0.18764 0.0049165 0.096287 -0.041271 -0.16006 -0.033414 0.07228 -0.18597 0.015407 0.035115 -0.18723 -0.047125 0.12468 -0.24588 -0.0096825 -0.098534 0.11404 -0.42441 -0.041986 -0.046355 -0.42349 -0.034 0.041904 -0.72342 -0.0023428 0.22527 -0.61303 -0.053783 0.0014578 -0.66038 0.021871 0.13248 -0.65442 -0.081705 -0.060397 0.5878
-0.22327 -0.038364 0.30863 0.036697 0.047366 0.31199 -0.090371 -0.0073729 0.39909 -0.016442 -0.00322 0.066523 -0.047683 -7.5037e-06 -0.057644 0.056747 -7.5037e-06 -0.048742 -0.22672 -0.11592 0.05605 0.18922 0.011608 0.097178 -0.016123 -0.17475 -0.035287 0.078173 -0.18256 0.019137 0.062498 -0.19633 -0.050483 0.13882 -0.23223 -0.0065863 -0.099547 0.071622 -0.43853 -0.039392 -0.042238 -0.42351 -0.019837 0.099981 -0.77041 -0.00083077 0.22677 -0.61815 -0.04091 0.070027 -0.69118 0.027546 0.17082 -0.67296 -0.079884 -0.064586 0.5876
-0.2258 -0.03409 0.30899 0.035547 0.049571 0.31226 -0.09203 -0.0049078 0.39874 -0.016816 -0.0025141 0.066452 -0.04848 0.00059768 -0.056986 0.056518 0.00059768 -0.049015 -0.18547 -0.12481 0.065423 0.1889 0.012479 0.098287 0.0168 -0.1907 -0.038331 0.077825 -0.18255 0.022787 0.093974 -0.2139 -0.058372 0.14332 -0.22491 -0.0042081 -0.096031 0.057266 -0.44113 -0.041951 -0.025652 -0.42345 -0.018481 0.10508 -0.77215 0.0045956 0.2408 -0.62077 -0.015163 0.04549 -0.75947 0.028796 0.25195 -0.69561 -0.082232 -0.061321 0.58753
-0.22548 -0.026069 0.30827 0.03723 0.049078 0.31254 -0.091274 -0.0032784 0.39894 -0.017054 -0.0015477 0.06643 -0.048345 -0.00010326 -0.057065 0.056072 -0.00010326 -0.049496 -0.15866 -0.12525 0.070094 0.18986 0.0089554 0.098651 0.034475 -0.20019 -0.045315 0.076379 -0.18591 0.025242 0.10689 -0.22843 -0.073142 0.14441 -0.2235 -0.0031323 -0.093157 0.05595 -0.43991 -0.055328 -0.019795 -0.42394 -0.019905 0.098912 -0.76074 0.023128 0.23319 -0.62684 0.0012527 0.010208 -0.80742 0.044501 0.2678 -0.71032 -0.082027 -0.059857 0.58769
-0.21977 -0.0247 0.30697 0.04203 0.043921 0.31255 -0.08627 -0.0073665 0.39999 -0.016741 -0.0014336 0.066526 -0.047512 -0.001813 -0.057723 0.055407 -0.001813 -0.050197 -0.15961 -0.12375 0.066926 0.19375 0.0041001 0.097906 0.027866 -0.20146 -0.056012 0.080002 -0.19147 0.025363 0.093962 -0.23383 -0.09309 0.14916 -0.22633 -0.0038664 -0.092968 0.054364 -0.44047 -0.068365 -0.030241 -0.42511 -0.018101 0.11003 -0.75831 0.058591 0.19102 -0.64244 -0.0018958 0.017452 -0.80612 0.083685 0.17656 -0.71618 -0.075313 -0.06572 0.5881
-0.21291 -0.031994 0.30918 0.04774 0.038311 0.31292 -0.078809 -0.015414 0.40127 -0.015829 -0.0024176 0.066695 -0.047269 -0.0026602 -0.057908 0.054631 -0.0026602 -0.051025 -0.16492 -0.12696 0.065701 0.19872 0.003356 0.097006 0.017291 -0.20483 -0.064224 0.094891 -0.19573 0.021933 0.079516 -0.23619 -0.10883 0.16455 -0.22985 -0.0066804 -0.090505 0.047867 -0.44199 -0.037546 -0.025768 -0.42609 -0.017974 0.12889 -0.75802 0.10412 0.14669 -0.67255 -0.01007 0.042731 -0.78903 0.13378 0.077102 -0.73381 -0.064686 -0.075378 0.58867
-0.20814 -0.046744 0.31699 0.052758 0.035364 0.31403 -0.070666 -0.025004 0.40226 -0.014408 -0.0043851 0.06689 -0.048402 -0.0015022 -0.056969 0.053837 -0.0015022 -0.051889 -0.15706 -0.13783 0.072906 0.20325 0.0093692 0.096629 0.018732 -0.21607 -0.065331 0.12269 -0.19642 0.014589 0.082113 -0.23977 -0.11295 0.1928 -0.23147 -0.011536 -0.082697 0.035531 -0.44329 0.056168 0.011662 -0.42608 -0.023086 0.14566 -0.7532 0.15192 0.12323 -0.71566 -0.011915 0.062582 -0.78356 0.1832 0.041941 -0.77257 -0.052902 -0.085205 0.58928
-0.2045 -0.062245 0.32662 0.05761 0.033873 0.31536 -0.062586 -0.03392 0.40301 -0.012799 -0.0065852 0.067075 -0.050197 0.00061309 -0.055462 0.053054 0.00061309 -0.05273 -0.14262 -0.15036 0.083549 0.20746 0.017375 0.09642 0.029704 -0.22663 -0.060153 0.154 -0.19491 0.0050496 0.097794 -0.24097 -0.10484 0.22468 -0.23136 -0.017712 -0.072933 0.023052 -0.44399 0.16382 0.058191 -0.42466 -0.030786 0.16005 -0.74556 0.19491 0.10862 -0.75488 -0.010494 0.077137 -0.78536 0.22862 0.041609 -0.80872 -0.041323 -0.093806 0.58976
-0.20035 -0.070977 0.33345 0.06314 0.031989 0.31624 -0.055158 -0.039976 0.40362 -0.011356 -0.0081725 0.067219 -0.051722 0.0023132 -0.054121 0.052301 0.0023132 -0.053489 -0.13176 -0.15726 0.090937 0.21176 0.021509 0.095874 0.044989 -0.22586 -0.050318 0.17781 -0.19311 -0.0046589 0.11927 -0.23503 -0.084915 0.24924 -0.23011 -0.024386 -0.065561 0.017106 -0.44386 0.22639 0.083754 -0.42146 -0.037504 0.17322 -0.73804 0.22607 0.08564 -0.77105 -0.011009 0.090022 -0.78539 0.26794 0.031525 -0.81361 -0.031108 -0.10012 0.58996
-0.1941 -0.06542 0.33283 0.070191 0.027866 0.31604 -0.048973 -0.040989 0.40422 -0.010432 -0.0083017 0.067289 -0.052042 0.0022256 -0.053681 0.051596 0.0022256 -0.05411 -0.13465 -0.15119 0.088376 0.21655 0.015909 0.094484 0.059368 -0.20308 -0.037454 0.18308 -0.1929 -0.012509 0.13924 -0.21719 -0.053599 0.25556 -0.22831 -0.030736 -0.064927 0.024372 -0.44264 0.18483 0.058284 -0.41612 -0.039668 0.1863 -0.73355 0.23841 0.037084 -0.74501 -0.018661 0.10486 -0.77463 0.29906 -0.032892 -0.75862 -0.023414 -0.10308 0.58971
