-0.15265 -0.0031981 0.30822 0.11574 -0.029954 0.32699 -0.026816 -0.038781 0.40647 -0.0053115 -0.0097276 0.067696 -0.052269 0.0051297 -0.05326 0.055005 0.0051297 -0.05043 -0.21684 0.042897 0.054434 0.20284 0.028386 0.082733 -0.24211 0.047475 -0.18117 0.24962 0.056107 -0.14794 -0.23691 0.057027 -0.26315 0.21198 0.041767 -0.22017 -0.041857 0.052933 -0.43998 0.13543 0.1264 -0.41205 -0.024374 0.10394 -0.7695 0.19591 0.26395 -0.71023 -0.056579 0.081866 -0.85456 0.24856 0.28485 -0.78474 -0.035407 -0.1145 0.58842
-0.15512 -0.0055112 0.30733 0.1137 -0.033885 0.32816 -0.029836 -0.042174 0.40591 -0.0059526 -0.010344 0.067552 -0.052357 0.0056074 -0.053127 0.05523 0.0056074 -0.050134 -0.22074 0.042338 0.054199 0.20493 0.029574 0.086723 -0.2456 0.048122 -0.18143 0.25527 0.062071 -0.14236 -0.23913 0.056472 -0.26346 0.1856 0.018721 -0.1858 -0.044502 0.046818 -0.44069 0.13781 0.12031 -0.41338 -0.025165 0.10116 -0.76955 0.19952 0.25436 -0.71295 -0.057349 0.083213 -0.85554 0.25473 0.28787 -0.78011 -0.036899 -0.11694 0.58834
-0.15696 -0.0088669 0.30662 0.11268 -0.036684 0.32953 -0.031826 -0.045462 0.4054 -0.0064224 -0.010927 0.067416 -0.052324 0.0060226 -0.053113 0.055417 0.0060226 -0.049878 -0.2247 0.039789 0.054244 0.20502 0.02739 0.088658 -0.24932 0.047898 -0.18134 0.2588 0.061362 -0.13962 -0.24193 0.054934 -0.26341 0.19771 0.024937 -0.18481 -0.04768 0.041043 -0.44131 0.14016 0.11641 -0.41399 -0.026681 0.097398 -0.76975 0.2014 0.24614 -0.7155 -0.058599 0.083278 -0.85659 0.25844 0.28716 -0.7773 -0.037495 -0.11949 0.58817
-0.15842 -0.012674 0.30629 0.11242 -0.038777 0.33098 -0.033005 -0.048556 0.40495 -0.0067446 -0.011445 0.067297 -0.052242 0.0063669 -0.053152 0.055554 0.0063669 -0.04968 -0.2283 0.036123 0.054552 0.20421 0.023539 0.089453 -0.25281 0.047056 -0.18092 0.26099 0.058882 -0.13808 -0.24466 0.053008 -0.263 0.22937 0.04758 -0.20023 -0.051007 0.035847 -0.44182 0.14217 0.1138 -0.41424 -0.028655 0.093913 -0.76988 0.20209 0.23918 -0.71782 -0.060394 0.081968 -0.85719 0.26045 0.28379 -0.77606 -0.037702 -0.12201 0.58795
-0.15973 -0.016342 0.3065 0.11268 -0.040587 0.3324 -0.033591 -0.051362 0.40455 -0.0069429 -0.011864 0.067205 -0.052183 0.0066317 -0.053178 0.055631 0.0066317 -0.04956 -0.23106 0.032214 0.055106 0.20357 0.019725 0.090022 -0.2556 0.045848 -0.18023 0.26261 0.059532 -0.13609 -0.24665 0.051289 -0.26226 0.26162 0.073814 -0.21511 -0.0541 0.031469 -0.44218 0.14351 0.11157 -0.41454 -0.03082 0.091964 -0.76973 0.20213 0.23333 -0.71986 -0.062796 0.079184 -0.85678 0.26154 0.27882 -0.77614 -0.038025 -0.12439 0.58775
-0.16105 -0.019487 0.30717 0.11313 -0.042492 0.33371 -0.033889 -0.053855 0.40421 -0.0070608 -0.012175 0.06714 -0.052189 0.006829 -0.053152 0.055653 0.006829 -0.049512 -0.23292 0.028792 0.055791 0.20401 0.017472 0.09121 -0.25753 0.044563 -0.1794 0.26417 0.066954 -0.13237 -0.24751 0.050433 -0.26128 0.27822 0.092358 -0.21533 -0.056755 0.028023 -0.44238 0.14407 0.10905 -0.41513 -0.032989 0.092474 -0.76913 0.20199 0.22831 -0.72163 -0.065889 0.07486 -0.85491 0.26237 0.27314 -0.77728 -0.038763 -0.12665 0.58753
-0.16194 -0.023135 0.3064 0.11305 -0.044533 0.33507 -0.034776 -0.05644 0.40378 -0.0072744 -0.012549 0.067048 -0.052075 0.0071086 -0.053226 0.055724 0.0071086 -0.049392 -0.23622 0.025632 0.055842 0.20498 0.017107 0.093398 -0.26045 0.043725 -0.17922 0.26433 0.076295 -0.12818 -0.24856 0.051499 -0.26068 0.28148 0.10241 -0.20611 -0.059978 0.024797 -0.44256 0.14513 0.10711 -0.41539 -0.035546 0.094084 -0.76827 0.2016 0.22272 -0.72352 -0.069884 0.069125 -0.85169 0.26302 0.26642 -0.779 -0.038819 -0.1299 0.58684
-0.16186 -0.028725 0.30207 0.11173 -0.046705 0.33674 -0.037108 -0.059785 0.40309 -0.0077734 -0.013204 0.066857 -0.051617 0.0076496 -0.053585 0.05597 0.0076496 -0.049023 -0.24362 0.022102 0.054453 0.20551 0.018327 0.096731 -0.26647 0.043879 -0.18047 0.26169 0.080352 -0.1253 -0.25132 0.055565 -0.26098 0.28097 0.10757 -0.19926 -0.065015 0.020924 -0.44288 0.14826 0.10702 -0.41446 -0.039056 0.094669 -0.7675 0.20074 0.21485 -0.72604 -0.075046 0.06235 -0.84756 0.26327 0.25786 -0.78084 -0.036814 -0.13562 0.58512
-0.16148 -0.036194 0.29708 0.11066 -0.049802 0.33909 -0.039423 -0.065261 0.40201 -0.0083756 -0.01416 0.06659 -0.051062 0.008385 -0.054008 0.056317 0.008385 -0.048504 -0.25152 0.017491 0.052891 0.20596 0.019643 0.1009 -0.27219 0.044897 -0.18164 0.26089 0.082297 -0.12121 -0.25257 0.062405 -0.2601 0.28303 0.1122 -0.19447 -0.070814 0.01724 -0.44317 0.15281 0.10792 -0.41281 -0.043661 0.09366 -0.76708 0.19926 0.20422 -0.72912 -0.081618 0.056352 -0.84401 0.26301 0.24665 -0.78294 -0.033977 -0.14474 0.58243
-0.16205 -0.044761 0.2964 0.11206 -0.054925 0.34233 -0.039418 -0.074414 0.40041 -0.0087403 -0.015351 0.066298 -0.05085 0.0091491 -0.054101 0.056582 0.0091491 -0.048074 -0.25377 0.011084 0.053211 0.20714 0.019203 0.10536 -0.2721 0.046175 -0.18036 0.26875 0.08998 -0.11169 -0.24737 0.070935 -0.25512 0.29157 0.12055 -0.18569 -0.075372 0.015236 -0.44315 0.15699 0.10792 -0.41155 -0.049383 0.091233 -0.76723 0.19703 0.19115 -0.73242 -0.089847 0.053197 -0.84278 0.26207 0.23218 -0.78574 -0.032787 -0.15776 0.57913
-0.16475 -0.054452 0.29808 0.11314 -0.061885 0.34468 -0.039356 -0.086448 0.39802 -0.0089607 -0.01696 0.065875 -0.050827 0.010145 -0.053943 0.056576 0.010145 -0.04788 -0.25288 0.0025914 0.053884 0.2072 0.018214 0.10925 -0.26928 0.045676 -0.17849 0.27968 0.10202 -0.099829 -0.24039 0.077967 -0.24879 0.30116 0.13136 -0.17451 -0.079838 0.013511 -0.44271 0.15947 0.1063 -0.41137 -0.057533 0.086718 -0.76769 0.1934 0.17715 -0.73588 -0.1001 0.048817 -0.8422 0.25953 0.21609 -0.78945 -0.034213 -0.17374 0.57487
-0.17049 -0.065722 0.29606 0.10836 -0.069635 0.34328 -0.044077 -0.099062 0.39451 -0.0093918 -0.019285 0.065131 -0.050483 0.011776 -0.053906 0.056127 0.011776 -0.048002 -0.25657 -0.0078833 0.051335 0.20285 0.019656 0.11161 -0.27186 0.040767 -0.18031 0.2808 0.11126 -0.093002 -0.24186 0.079327 -0.24721 0.30091 0.13992 -0.16725 -0.087134 0.0091077 -0.44189 0.15935 0.10309 -0.4126 -0.069985 0.079061 -0.76798 0.18752 0.16451 -0.73961 -0.11266 0.035721 -0.83861 0.25415 0.20134 -0.79409 -0.03808 -0.19083 0.569
-0.177 -0.077166 0.29168 0.10074 -0.077211 0.33967 -0.050959 -0.11077 0.39054 -0.0099321 -0.021792 0.064256 -0.049898 0.013751 -0.053984 0.055396 0.013751 -0.048326 -0.26406 -0.018341 0.047541 0.19649 0.022184 0.11267 -0.27646 0.03465 -0.18338 0.27396 0.11681 -0.090595 -0.2491 0.077524 -0.24875 0.29199 0.14561 -0.16498 -0.094833 0.0050182 -0.44105 0.15764 0.099042 -0.41465 -0.083732 0.070299 -0.76839 0.18118 0.15428 -0.74311 -0.12462 0.017156 -0.83315 0.24784 0.18895 -0.79896 -0.041874 -0.20753 0.56218
-0.17953 -0.08596 0.29215 0.10005 -0.083779 0.33884 -0.051488 -0.12084 0.38754 -0.010113 -0.023313 0.063736 -0.049635 0.015224 -0.053862 0.054807 0.015224 -0.048589 -0.26771 -0.025348 0.048824 0.19504 0.021061 0.11366 -0.27062 0.035065 -0.17999 0.27281 0.12294 -0.085562 -0.24915 0.080355 -0.24562 0.28538 0.15123 -0.16422 -0.096381 0.0088275 -0.44077 0.15688 0.095339 -0.41619 -0.092015 0.064822 -0.76982 0.17822 0.14643 -0.74548 -0.13077 0.0048955 -0.83079 0.24494 0.17826 -0.80287 -0.041328 -0.22274 0.55616
-0.17746 -0.092498 0.29676 0.10657 -0.089762 0.3405 -0.04536 -0.13 0.38535 -0.0098464 -0.023931 0.06355 -0.049915 0.016108 -0.053343 0.054432 0.016108 -0.048724 -0.26623 -0.028752 0.054448 0.19901 0.017045 0.11511 -0.25522 0.042078 -0.17103 0.27658 0.13062 -0.077972 -0.24112 0.088884 -0.23757 0.28583 0.15963 -0.15897 -0.093284 0.018969 -0.44069 0.15808 0.0913 -0.41692 -0.095517 0.061819 -0.7717 0.17825 0.13972 -0.74671 -0.13216 0.00010302 -0.83209 0.2452 0.16803 -0.80565 -0.036484 -0.23681 0.55098
-0.17449 -0.10047 0.29658 0.11062 -0.09686 0.33891 -0.040862 -0.14037 0.38218 -0.0094458 -0.025034 0.063148 -0.05058 0.017112 -0.052376 0.053979 0.017112 -0.048866 -0.26514 -0.031768 0.056356 0.20222 0.016559 0.1169 -0.24506 0.047829 -0.16626 0.26953 0.13728 -0.075305 -0.23679 0.097138 -0.23224 0.29124 0.17354 -0.14114 -0.095347 0.024436 -0.43948 0.16064 0.084313 -0.4177 -0.10262 0.055133 -0.77197 0.17653 0.13163 -0.74782 -0.13637 -0.0071696 -0.83299 0.24355 0.15648 -0.80827 -0.031867 -0.25153 0.54488
-0.1728 -0.11036 0.28891 0.10842 -0.10592 0.333 -0.041787 -0.15254 0.37736 -0.0092041 -0.027091 0.06232 -0.051138 0.018582 -0.051326 0.053416 0.018582 -0.048946 -0.26656 -0.034595 0.052027 0.20163 0.020416 0.11896 -0.2462 0.051726 -0.16816 0.24959 0.14181 -0.078237 -0.24029 0.10386 -0.2323 0.29587 0.19026 -0.1159 -0.10439 0.022192 -0.4373 0.16328 0.073519 -0.41889 -0.11577 0.043649 -0.77043 0.17144 0.12101 -0.74922 -0.146 -0.020365 -0.83154 0.23827 0.14257 -0.81115 -0.030389 -0.26729 0.53737
-0.17237 -0.1183 0.27964 0.10437 -0.11659 0.32805 -0.045546 -0.16501 0.37176 -0.0093526 -0.02931 0.061325 -0.050707 0.020349 -0.051081 0.05307 0.020349 -0.048629 -0.26784 -0.033395 0.046561 0.19866 0.02188 0.12144 -0.25259 0.062943 -0.16921 0.23319 0.14525 -0.078219 -0.2451 0.11422 -0.23349 0.28981 0.20018 -0.10559 -0.11144 0.020034 -0.43624 0.164 0.060469 -0.42013 -0.1293 0.033051 -0.76935 0.16569 0.10855 -0.75058 -0.15677 -0.033865 -0.8288 0.23219 0.12629 -0.81399 -0.032522 -0.28254 0.5297
-0.17169 -0.12434 0.273 0.10282 -0.1272 0.32632 -0.04784 -0.17717 0.36595 -0.0095892 -0.031292 0.060321 -0.049195 0.022317 -0.051726 0.05298 0.022317 -0.04786 -0.26778 -0.030093 0.043754 0.19431 0.019702 0.12403 -0.25972 0.080215 -0.16542 0.22695 0.15061 -0.071218 -0.24833 0.12616 -0.23291 0.2702 0.20331 -0.11538 -0.11315 0.019591 -0.43657 0.16257 0.048017 -0.42099 -0.14032 0.023871 -0.76923 0.16026 0.096809 -0.75137 -0.1656 -0.046559 -0.82558 0.22639 0.11082 -0.81609 -0.034184 -0.29644 0.52259
-0.16715 -0.13537 0.26951 0.107 -0.13405 0.32447 -0.042308 -0.19009 0.35984 -0.0087524 -0.033417 0.059247 -0.047849 0.024565 -0.051983 0.052677 0.024565 -0.04708 -0.26802 -0.03641 0.044435 0.18838 0.022385 0.12581 -0.26694 0.084253 -0.15967 0.2195 0.1639 -0.061567 -0.25417 0.1251 -0.23051 0.24622 0.21606 -0.12069 -0.11652 0.011294 -0.43529 0.1617 0.040857 -0.42099 -0.15129 0.0075288 -0.76738 0.15289 0.091171 -0.75094 -0.17201 -0.065636 -0.82188 0.21858 0.10439 -0.81628 -0.024163 -0.30957 0.51571
-0.15736 -0.15351 0.26863 0.11728 -0.13559 0.32019 -0.027179 -0.20359 0.35365 -0.0064195 -0.035775 0.058122 -0.04749 0.026979 -0.051098 0.051817 0.026979 -0.04671 -0.26924 -0.056328 0.048161 0.18128 0.033994 0.12642 -0.27373 0.066796 -0.15453 0.20381 0.18587 -0.053503 -0.26426 0.10578 -0.22691 0.22439 0.24471 -0.10865 -0.12477 -0.0085429 -0.43097 0.16301 0.040487 -0.42009 -0.16299 -0.018706 -0.76257 0.14224 0.093557 -0.74906 -0.17556 -0.093003 -0.81783 0.2071 0.1094 -0.81464 0.0016878 -0.32161 0.50891
-0.146 -0.16986 0.26824 0.12826 -0.13501 0.31444 -0.010525 -0.21452 0.34837 -0.0038527 -0.037724 0.057173 -0.04782 0.029017 -0.049665 0.050404 0.029017 -0.047036 -0.26963 -0.076029 0.052425 0.17488 0.047593 0.12689 -0.27915 0.045738 -0.15065 0.18531 0.20579 -0.049473 -0.27359 0.084502 -0.22348 0.20354 0.27156 -0.096163 -0.13141 -0.029352 -0.426 0.16528 0.041463 -0.41932 -0.17167 -0.043777 -0.75714 0.1296 0.098231 -0.74641 -0.1753 -0.11812 -0.81395 0.19214 0.1153 -0.81393 0.031612 -0.33015 0.50257
-0.13628 -0.17797 0.26695 0.13576 -0.13504 0.3082 0.0012677 -0.22085 0.34467 -0.0020319 -0.038822 0.056551 -0.048492 0.030291 -0.04824 0.048612 0.030291 -0.048097 -0.26817 -0.085317 0.055462 0.17005 0.056764 0.12705 -0.28258 0.035235 -0.14797 0.17075 0.21692 -0.049109 -0.27827 0.073676 -0.22105 0.18477 0.2846 -0.094562 -0.13177 -0.043325 -0.42219 0.16781 0.03928 -0.41916 -0.17495 -0.059618 -0.75288 0.11836 0.1003 -0.74367 -0.1712 -0.13337 -0.81054 0.17787 0.11533 -0.81449 0.055829 -0.33405 0.4968
-0.12867 -0.18154 0.26561 0.14054 -0.13563 0.30151 0.0094322 -0.2244 0.34205 -0.00064944 -0.039388 0.056156 -0.049394 0.03097 -0.046862 0.046932 0.03097 -0.04933 -0.26679 -0.089275 0.058113 0.16449 0.059996 0.12319 -0.28445 0.031161 -0.14525 0.16633 0.2265 -0.045244 -0.27946 0.068636 -0.21881 0.17764 0.29451 -0.090897 -0.12913 -0.054511 -0.4187 0.17217 0.034139 -0.41844 -0.17559 -0.07048 -0.74897 0.11666 0.099566 -0.74113 -0.16582 -0.14294 -0.80739 0.17831 0.11693 -0.80938 0.074888 -0.33618 0.49083
-0.12312 -0.18485 0.26517 0.14399 -0.13631 0.2946 0.016007 -0.22712 0.33997 0.00066635 -0.039795 0.055857 -0.050414 0.031322 -0.045515 0.045694 0.031322 -0.05027 -0.26694 -0.093568 0.06123 0.15651 0.057418 0.11311 -0.28563 0.027441 -0.14183 0.17451 0.24055 -0.032816 -0.27959 0.063562 -0.21608 0.18769 0.31078 -0.074032 -0.12706 -0.067079 -0.41466 0.17922 0.027403 -0.41635 -0.17639 -0.08105 -0.74456 0.12938 0.096606 -0.73913 -0.16146 -0.15153 -0.80423 0.20083 0.12335 -0.79539 0.090596 -0.33904 0.48422
-0.11924 -0.18873 0.26562 0.14693 -0.13678 0.28877 0.021589 -0.22926 0.33829 0.0018008 -0.040165 0.055579 -0.051313 0.031651 -0.044275 0.0445 0.031651 -0.051117 -0.2668 -0.097492 0.064261 0.14821 0.051998 0.10165 -0.28798 0.021421 -0.13966 0.18531 0.25332 -0.01759 -0.28262 0.05809 -0.2136 0.20224 0.32648 -0.052221 -0.1257 -0.079128 -0.41052 0.1861 0.021765 -0.41415 -0.1774 -0.090781 -0.74018 0.14781 0.092107 -0.7383 -0.15817 -0.15924 -0.80105 0.22508 0.11596 -0.78579 0.10336 -0.34184 0.47812
-0.11672 -0.19256 0.26656 0.14958 -0.13704 0.28509 0.025991 -0.23066 0.33706 0.0025564 -0.040507 0.055307 -0.051888 0.032095 -0.043289 0.043117 0.032095 -0.052033 -0.26422 -0.098561 0.066292 0.14264 0.047295 0.094179 -0.29219 0.013667 -0.14038 0.19033 0.25901 -0.0050993 -0.29075 0.054511 -0.21203 0.2099 0.33406 -0.03429 -0.12447 -0.088527 -0.40688 0.19034 0.018476 -0.41291 -0.17814 -0.098037 -0.73643 0.16267 0.085896 -0.73877 -0.15565 -0.16495 -0.79795 0.23114 0.079342 -0.79207 0.11259 -0.3436 0.47376
-0.11588 -0.19261 0.26674 0.15004 -0.13816 0.28253 0.02693 -0.23108 0.33667 0.0028215 -0.040568 0.055245 -0.052232 0.03202 -0.042919 0.042706 0.03202 -0.05241 -0.25852 -0.092372 0.066086 0.1437 0.046814 0.091951 -0.29311 0.015647 -0.142 0.19932 0.26244 0.010084 -0.29695 0.061663 -0.21057 0.2216 0.33845 -0.013767 -0.12283 -0.097724 -0.40367 0.19461 0.011266 -0.41084 -0.17834 -0.10127 -0.73293 0.17466 0.073982 -0.73819 -0.15403 -0.16658 -0.79543 0.22632 0.032229 -0.80277 0.11469 -0.34558 0.47124
-0.11698 -0.18568 0.26512 0.14664 -0.14113 0.27988 0.022478 -0.23031 0.33749 0.0025523 -0.040119 0.055576 -0.05249 0.03082 -0.043439 0.044373 0.03082 -0.051663 -0.25061 -0.076208 0.063145 0.15267 0.05105 0.093604 -0.28616 0.037495 -0.14166 0.2223 0.26756 0.031702 -0.29421 0.086475 -0.20793 0.24912 0.34385 0.014061 -0.12046 -0.10952 -0.40063 0.20221 -0.0059669 -0.40586 -0.17785 -0.099625 -0.72917 0.18671 0.05313 -0.73415 -0.15347 -0.16266 -0.79386 0.22277 -0.0025811 -0.80304 0.10691 -0.34903 0.47035
-0.11885 -0.17613 0.26288 0.14228 -0.14472 0.27817 0.015955 -0.22862 0.33907 0.0019569 -0.03949 0.056053 -0.052683 0.029232 -0.044318 0.046767 0.029232 -0.05051 -0.24784 -0.059817 0.061615 0.1548 0.043553 0.089303 -0.27917 0.065062 -0.13733 0.24285 0.25686 0.037128 -0.2896 0.11503 -0.2024 0.27487 0.33135 0.020414 -0.1183 -0.12165 -0.39768 0.21224 -0.026824 -0.39887 -0.17718 -0.095973 -0.72527 0.19883 0.030268 -0.72759 -0.15377 -0.15691 -0.79233 0.21807 -0.031743 -0.79424 0.095956 -0.35171 0.4708
-0.11997 -0.17005 0.26169 0.1409 -0.14723 0.27897 0.011867 -0.22648 0.34073 0.0013094 -0.039137 0.056327 -0.052818 0.028308 -0.044799 0.047961 0.028308 -0.049975 -0.25766 -0.054876 0.066149 0.13389 0.0068971 0.069223 -0.28222 0.078798 -0.12808 0.2392 0.20982 0.00022263 -0.293 0.1292 -0.19282 0.27501 0.27849 -0.027882 -0.11744 -0.13057 -0.39483 0.22238 -0.042071 -0.39162 -0.17681 -0.093824 -0.72153 0.20998 0.014351 -0.72045 -0.15452 -0.15395 -0.78975 0.2076 -0.067194 -0.78251 0.090447 -0.35079 0.47228
-0.11982 -0.16663 0.26082 0.14223 -0.14939 0.28214 0.009903 -0.22433 0.34217 0.00072032 -0.039018 0.056417 -0.05317 0.027951 -0.04459 0.048129 0.027951 -0.049983 -0.27111 -0.055012 0.073131 0.1046 -0.039627 0.045581 -0.2899 0.082236 -0.1192 0.21888 0.13911 -0.062751 -0.29858 0.13366 -0.18345 0.2554 0.1966 -0.10962 -0.11654 -0.13635 -0.39232 0.2308 -0.053945 -0.38454 -0.17567 -0.09162 -0.71795 0.2191 0.0029993 -0.71331 -0.15478 -0.15159 -0.78672 0.2082 -0.083542 -0.76739 0.088701 -0.34794 0.47419
-0.1185 -0.16243 0.25872 0.14416 -0.15269 0.28672 0.0077962 -0.22259 0.34331 0.00021301 -0.038892 0.056498 -0.054036 0.027611 -0.043692 0.048323 0.027611 -0.049974 -0.27386 -0.047464 0.076097 0.092601 -0.063954 0.038059 -0.2912 0.087813 -0.11768 0.20064 0.070669 -0.11882 -0.295 0.14167 -0.18011 0.23367 0.11118 -0.18215 -0.11362 -0.14091 -0.39025 0.23632 -0.069015 -0.37733 -0.17237 -0.086413 -0.71426 0.22518 -0.010528 -0.70599 -0.15371 -0.14569 -0.78426 0.24206 -0.045948 -0.74646 0.08507 -0.34647 0.47595
-0.11775 -0.1586 0.25656 0.14497 -0.15513 0.29107 0.0052808 -0.22109 0.34432 -0.00032705 -0.038682 0.056641 -0.054779 0.027333 -0.042946 0.04902 0.027333 -0.049453 -0.27083 -0.036173 0.077018 0.095989 -0.070113 0.042642 -0.28834 0.09388 -0.12032 0.18469 0.014797 -0.15754 -0.28637 0.1504 -0.18052 0.21164 0.038155 -0.23163 -0.11073 -0.14853 -0.38644 0.24215 -0.085946 -0.36843 -0.16925 -0.083887 -0.70869 0.22814 -0.025899 -0.6967 -0.15359 -0.14288 -0.77969 0.28946 0.0089106 -0.72727 0.080361 -0.34524 0.478
-0.1199 -0.15859 0.2568 0.14336 -0.15303 0.2933 0.0033347 -0.21939 0.34549 -0.0010241 -0.038401 0.056856 -0.054392 0.027435 -0.043491 0.050324 0.027435 -0.048045 -0.27677 -0.033685 0.082308 0.098283 -0.081082 0.042861 -0.29034 0.091444 -0.11851 0.16206 -0.027308 -0.18139 -0.28469 0.14875 -0.17804 0.18325 -0.012903 -0.26081 -0.11159 -0.16422 -0.37776 0.25369 -0.099213 -0.35572 -0.17018 -0.093627 -0.69888 0.22871 -0.039007 -0.68294 -0.15791 -0.15467 -0.76867 0.30996 0.0093303 -0.72165 0.078863 -0.3409 0.48125
-0.12217 -0.16156 0.2594 0.14142 -0.14643 0.29287 0.004315 -0.21731 0.3468 -0.0010886 -0.037948 0.057166 -0.053965 0.027433 -0.044062 0.051773 0.027433 -0.046494 -0.29119 -0.0407 0.093631 0.098074 -0.098903 0.035818 -0.29641 0.08053 -0.10995 0.14226 -0.056673 -0.19441 -0.2899 0.13782 -0.16935 0.15734 -0.045172 -0.27548 -0.11245 -0.18488 -0.36552 0.27175 -0.10745 -0.33887 -0.17151 -0.11186 -0.68597 0.2318 -0.049132 -0.66496 -0.16244 -0.17634 -0.75313 0.30434 -0.04171 -0.72356 0.082326 -0.33398 0.48538
-0.11849 -0.16372 0.26254 0.14338 -0.13802 0.29034 0.011268 -0.21488 0.34804 0.00081591 -0.037157 0.057602 -0.055938 0.026325 -0.041858 0.052544 0.026325 -0.046259 -0.30312 -0.04965 0.1092 0.10436 -0.111 0.028239 -0.29905 0.067467 -0.096787 0.14663 -0.075886 -0.20152 -0.2936 0.12706 -0.15377 0.15234 -0.07035 -0.28326 -0.10471 -0.2019 -0.35407 0.29378 -0.11222 -0.31894 -0.16475 -0.12572 -0.67354 0.24457 -0.057807 -0.645 -0.15797 -0.19217 -0.73919 0.30165 -0.089257 -0.715 0.090523 -0.32762 0.48923
-0.11007 -0.16383 0.26544 0.14897 -0.12967 0.28767 0.021838 -0.21144 0.34966 0.0040342 -0.036188 0.05808 -0.059794 0.024371 -0.037466 0.05253 0.024371 -0.047323 -0.31037 -0.057841 0.12669 0.11733 -0.1139 0.023885 -0.29767 0.054976 -0.081317 0.1693 -0.088417 -0.20552 -0.29304 0.11758 -0.13521 0.16571 -0.090602 -0.28789 -0.08977 -0.21277 -0.34526 0.31588 -0.11394 -0.29883 -0.1511 -0.13142 -0.66322 0.26059 -0.063023 -0.62455 -0.14583 -0.19801 -0.72884 0.30616 -0.10893 -0.69463 0.10072 -0.32216 0.49263
-0.1045 -0.163 0.26833 0.15395 -0.12251 0.28795 0.028999 -0.20581 0.35263 0.0061802 -0.035478 0.058419 -0.062419 0.02293 -0.034449 0.052266 0.02293 -0.048364 -0.31868 -0.067018 0.14346 0.12929 -0.11249 0.023626 -0.29777 0.042436 -0.065768 0.18063 -0.098357 -0.20729 -0.2906 0.10309 -0.12131 0.17652 -0.099631 -0.28961 -0.077811 -0.22049 -0.33863 0.33312 -0.11198 -0.28289 -0.1403 -0.13336 -0.65485 0.26181 -0.059775 -0.60445 -0.1366 -0.20015 -0.72029 0.29999 -0.10486 -0.67588 0.10809 -0.31541 0.49631
-0.10415 -0.16197 0.2717 0.15696 -0.11655 0.2918 0.030776 -0.19738 0.35724 0.0065767 -0.034994 0.058663 -0.06288 0.022386 -0.033925 0.052044 0.022386 -0.048855 -0.32964 -0.076802 0.15952 0.1373 -0.10998 0.026897 -0.30035 0.029397 -0.050426 0.17389 -0.10615 -0.20701 -0.28687 0.081761 -0.11268 0.17775 -0.09752 -0.28855 -0.072181 -0.22725 -0.33328 0.34437 -0.10739 -0.27195 -0.13561 -0.13469 -0.64776 0.24589 -0.049214 -0.58508 -0.1338 -0.20239 -0.71234 0.28122 -0.086086 -0.6627 0.11078 -0.30648 0.5008
-0.10533 -0.16096 0.27627 0.15995 -0.11066 0.29697 0.030975 -0.18624 0.36296 0.0065114 -0.034174 0.059107 -0.062762 0.022 -0.03418 0.05186 0.022 -0.049203 -0.33992 -0.084275 0.17777 0.14409 -0.10737 0.031645 -0.30117 0.015769 -0.033464 0.16865 -0.10819 -0.20416 -0.28023 0.057099 -0.10203 0.17856 -0.091754 -0.28487 -0.06829 -0.23404 -0.328 0.35278 -0.10317 -0.26294 -0.13273 -0.13673 -0.64084 0.22835 -0.039428 -0.56642 -0.13271 -0.20523 -0.70465 0.26641 -0.065878 -0.64793 0.11032 -0.29611 0.50629
-0.10623 -0.15982 0.28149 0.16298 -0.10491 0.30151 0.031289 -0.17452 0.36862 0.0065836 -0.032928 0.0598 -0.062899 0.021512 -0.034242 0.051702 0.021512 -0.049584 -0.34769 -0.087583 0.19738 0.15055 -0.10521 0.035987 -0.29865 0.0031689 -0.015828 0.17344 -0.10343 -0.19984 -0.27125 0.034027 -0.087473 0.18329 -0.086406 -0.28025 -0.064458 -0.2409 -0.32243 0.3596 -0.10213 -0.25412 -0.12969 -0.13951 -0.63381 0.21788 -0.035472 -0.54929 -0.13142 -0.20833 -0.69727 0.26252 -0.052944 -0.62972 0.10759 -0.28638 0.51206
-0.10809 -0.15799 0.28504 0.16319 -0.10121 0.30406 0.030028 -0.16714 0.37224 0.0062864 -0.031861 0.060427 -0.062887 0.021414 -0.034388 0.051566 0.021414 -0.049774 -0.35357 -0.086558 0.21216 0.15461 -0.10362 0.038402 -0.29534 -0.0044477 -0.0024702 0.1795 -0.094721 -0.19731 -0.26374 0.01899 -0.075262 0.1883 -0.080232 -0.27842 -0.063644 -0.24661 -0.31743 0.3631 -0.10663 -0.24596 -0.12839 -0.14142 -0.62764 0.21229 -0.037626 -0.5357 -0.1326 -0.21037 -0.69078 0.26165 -0.049219 -0.61441 0.10231 -0.28109 0.51615
-0.11131 -0.15493 0.28606 0.15997 -0.10017 0.30468 0.026577 -0.16509 0.37349 0.0054145 -0.031215 0.06085 -0.062499 0.021825 -0.034838 0.051468 0.021825 -0.049696 -0.35829 -0.082103 0.21978 0.15554 -0.10207 0.038886 -0.29322 -0.0060221 0.0048293 0.18164 -0.084459 -0.19688 -0.25981 0.013262 -0.06843 0.19139 -0.072014 -0.27893 -0.066893 -0.25071 -0.3135 0.3629 -0.11647 -0.23888 -0.12955 -0.14182 -0.62286 0.20923 -0.044575 -0.5264 -0.13715 -0.21091 -0.68551 0.25874 -0.053712 -0.60536 0.09509 -0.28006 0.51844
-0.11443 -0.15023 0.28654 0.15705 -0.099958 0.30582 0.022653 -0.16206 0.375 0.0044391 -0.030494 0.061284 -0.061988 0.02211 -0.035544 0.05146 0.02211 -0.049578 -0.36246 -0.076784 0.2255 0.15534 -0.099057 0.040056 -0.29275 -0.0058997 0.010403 0.18327 -0.073756 -0.19333 -0.25818 0.0088174 -0.063262 0.19395 -0.061299 -0.27377 -0.071271 -0.25419 -0.31035 0.36147 -0.12706 -0.23287 -0.13137 -0.14207 -0.61906 0.20755 -0.052828 -0.51974 -0.14224 -0.21113 -0.6813 0.25564 -0.061174 -0.59961 0.088186 -0.27585 0.5222
-0.11663 -0.14346 0.2881 0.15634 -0.098555 0.30881 0.019484 -0.15457 0.37824 0.0036926 -0.029408 0.061857 -0.061524 0.021856 -0.036481 0.051545 0.021856 -0.049602 -0.36664 -0.072169 0.23301 0.156 -0.094061 0.043207 -0.29381 -0.00742 0.017161 0.18672 -0.063854 -0.18636 -0.25796 0.0020525 -0.05695 0.19771 -0.049662 -0.2635 -0.074305 -0.25799 -0.30752 0.36074 -0.13489 -0.22786 -0.13239 -0.14343 -0.61573 0.20658 -0.059769 -0.51437 -0.14565 -0.21225 -0.67778 0.25401 -0.067525 -0.59468 0.083116 -0.26463 0.52906
-0.11889 -0.13412 0.2909 0.15475 -0.094075 0.31187 0.016662 -0.14702 0.38148 0.0030433 -0.028284 0.062421 -0.060978 0.021302 -0.037728 0.051614 0.021302 -0.049773 -0.37122 -0.067228 0.24078 0.15887 -0.089008 0.046089 -0.29545 -0.01045 0.02345 0.1899 -0.056589 -0.18786 -0.25998 0.0013369 -0.050247 0.20449 -0.04303 -0.26942 -0.075455 -0.26257 -0.30448 0.36094 -0.13998 -0.22372 -0.13256 -0.14652 -0.61231 0.20642 -0.065237 -0.51012 -0.14728 -0.21507 -0.67431 0.25361 -0.072269 -0.59064 0.079331 -0.25219 0.53617
-0.12225 -0.1223 0.29472 0.14986 -0.085467 0.31374 0.013467 -0.14228 0.38351 0.0023173 -0.027358 0.06287 -0.060146 0.020696 -0.039415 0.051626 0.020696 -0.05002 -0.37637 -0.060407 0.24697 0.16188 -0.082834 0.047462 -0.29591 -0.014746 0.028167 0.19506 -0.053848 -0.19769 -0.26459 0.012014 -0.042975 0.21936 -0.045314 -0.28974 -0.075321 -0.26803 -0.30092 0.3615 -0.1436 -0.22035 -0.13246 -0.15134 -0.60851 0.20685 -0.069915 -0.50696 -0.14789 -0.21977 -0.67049 0.25364 -0.076084 -0.58778 0.075768 -0.24284 0.54137
-0.12719 -0.10984 0.29893 0.14302 -0.073995 0.31572 0.0089146 -0.13572 0.38589 0.0013991 -0.026357 0.063315 -0.058716 0.020042 -0.041779 0.051783 0.020042 -0.050118 -0.38158 -0.049655 0.25085 0.15359 -0.065008 0.050342 -0.29153 -0.021089 0.033531 0.21846 -0.057448 -0.17658 -0.27023 0.026179 -0.030924 0.2566 -0.053001 -0.24866 -0.077013 -0.27365 -0.29741 0.36035 -0.1492 -0.2177 -0.13401 -0.15645 -0.60483 0.20642 -0.075959 -0.50481 -0.14993 -0.22481 -0.66676 0.25259 -0.081618 -0.58603 0.070682 -0.23287 0.54608
-0.13364 -0.098168 0.30292 0.1361 -0.061001 0.31913 0.0025721 -0.1232 0.38998 0.00026751 -0.024987 0.063875 -0.05661 0.019291 -0.044822 0.052199 0.019291 -0.049965 -0.38626 -0.033637 0.25238 0.12659 -0.029091 0.057333 -0.28044 -0.029172 0.041488 0.26505 -0.067967 -0.10091 -0.27397 0.034811 -0.012404 0.31784 -0.063556 -0.10307 -0.082604 -0.27875 -0.2945 0.35623 -0.15905 -0.2157 -0.13838 -0.16054 -0.60174 0.20429 -0.084754 -0.50356 -0.15493 -0.22872 -0.6637 0.24973 -0.090531 -0.58519 0.063144 -0.21871 0.55166
-0.13987 -0.086037 0.30647 0.13043 -0.046604 0.32377 -0.0037856 -0.10717 0.39471 -0.00079221 -0.023195 0.064551 -0.054666 0.018349 -0.047634 0.052519 0.018349 -0.049999 -0.39008 -0.013957 0.25325 0.094512 0.010184 0.066762 -0.26867 -0.034025 0.050807 0.28901 -0.08149 -0.029866 -0.26925 0.033386 0.0024068 0.3522 -0.082867 0.022159 -0.088733 -0.28318 -0.29228 0.3519 -0.16962 -0.21417 -0.14303 -0.16381 -0.59935 0.20266 -0.093899 -0.5031 -0.16018 -0.23139 -0.6618 0.24791 -0.099591 -0.58483 0.055656 -0.20246 0.5569
-0.14455 -0.071849 0.30943 0.12664 -0.031455 0.32897 -0.0087369 -0.091174 0.39866 -0.0016064 -0.020997 0.065301 -0.053593 0.017038 -0.049455 0.052501 0.017038 -0.050537 -0.39256 0.0079625 0.2541 0.072564 0.037124 0.076375 -0.26244 -0.031042 0.058863 0.24916 -0.093358 -0.022425 -0.25117 0.02065 0.0031649 0.31426 -0.11505 0.0059144 -0.092564 -0.28691 -0.29076 0.349 -0.17821 -0.21324 -0.14573 -0.16672 -0.59775 0.20304 -0.10174 -0.50377 -0.16337 -0.23301 -0.66144 0.24909 -0.10652 -0.5851 0.050174 -0.18709 0.56049
-0.15003 -0.055201 0.31175 0.12256 -0.020046 0.33364 -0.014942 -0.076819 0.40145 -0.0028665 -0.018492 0.066 -0.052462 0.014828 -0.051248 0.052953 0.014828 -0.050725 -0.39217 0.034787 0.24847 0.060624 0.054534 0.085812 -0.26026 -0.022436 0.059869 0.18167 -0.10029 -0.04617 -0.22687 0.005945 -0.0083301 0.24153 -0.14659 -0.071778 -0.099694 -0.28953 -0.29028 0.33973 -0.19249 -0.21472 -0.1498 -0.16911 -0.59766 0.2005 -0.11432 -0.508 -0.16886 -0.23382 -0.66255 0.24713 -0.11892 -0.58902 0.042321 -0.17373 0.56338
-0.15895 -0.036264 0.31332 0.11582 -0.016535 0.33675 -0.025358 -0.064687 0.4031 -0.0052789 -0.015791 0.06652 -0.050155 0.011313 -0.054166 0.054738 0.011313 -0.049596 -0.38731 0.068956 0.22969 0.05352 0.06873 0.094603 -0.25866 -0.012287 0.048733 0.137 -0.10126 -0.050468 -0.20751 -0.001166 -0.026144 0.18741 -0.16279 -0.092863 -0.11632 -0.29064 -0.29102 0.31591 -0.22035 -0.22029 -0.15912 -0.17082 -0.59967 0.18973 -0.1379 -0.51807 -0.18153 -0.23412 -0.66483 0.2356 -0.14464 -0.59942 0.027672 -0.16171 0.56709
-0.16875 -0.016547 0.31366 0.10794 -0.015983 0.3388 -0.037311 -0.052681 0.40399 -0.0080592 -0.01293 0.066877 -0.047344 0.0074998 -0.057374 0.057129 0.0074998 -0.04766 -0.37775 0.10403 0.20272 0.043006 0.073817 0.098146 -0.25604 -0.0037501 0.030463 0.11227 -0.10661 -0.039493 -0.207 -0.0091876 -0.041056 0.15115 -0.17354 -0.072688 -0.13691 -0.29045 -0.29201 0.28435 -0.25231 -0.22798 -0.1708 -0.17269 -0.60259 0.17473 -0.16605 -0.53131 -0.19759 -0.23446 -0.6676 0.22073 -0.17509 -0.61237 0.013102 -0.14302 0.5723
-0.17537 0.0018526 0.31232 0.10169 -0.011043 0.34068 -0.046362 -0.03828 0.40464 -0.0099878 -0.0099689 0.067135 -0.045291 0.0047793 -0.059426 0.058911 0.0047793 -0.045915 -0.36422 0.13099 0.17649 0.023999 0.062515 0.092143 -0.25182 0.00076783 0.013266 0.088413 -0.12714 -0.035236 -0.23636 -0.030852 -0.044225 0.11542 -0.19419 -0.069832 -0.15236 -0.28943 -0.29198 0.25678 -0.2739 -0.23466 -0.17983 -0.17573 -0.60474 0.16254 -0.18843 -0.5434 -0.21045 -0.23537 -0.67008 0.21234 -0.19686 -0.62199 0.008265 -0.1094 0.57915
-0.17815 0.016224 0.31012 0.098152 -0.0029136 0.34201 -0.051179 -0.023794 0.4052 -0.010925 -0.0073873 0.067317 -0.044472 0.0032937 -0.060085 0.059829 0.0032937 -0.044797 -0.351 0.1473 0.15644 0.026574 0.053996 0.087535 -0.24788 0.0020291 0.0001001 0.079796 -0.14256 -0.034828 -0.27442 -0.057361 -0.040054 0.095294 -0.20806 -0.08129 -0.16052 -0.28835 -0.29134 0.23825 -0.2839 -0.23917 -0.18464 -0.17937 -0.60604 0.15547 -0.20237 -0.5522 -0.21815 -0.23663 -0.67207 0.21051 -0.20843 -0.62755 0.010463 -0.073728 0.58531
-0.17813 0.024013 0.30844 0.097495 0.0034745 0.34194 -0.052051 -0.013437 0.40563 -0.01125 -0.0057918 0.067425 -0.044927 0.0025817 -0.059714 0.060102 0.0025817 -0.044433 -0.34345 0.15388 0.14575 0.091324 0.076544 0.10072 -0.24699 0.0021891 -0.0087591 0.11257 -0.12144 -0.024709 -0.28779 -0.071129 -0.038567 0.11714 -0.18656 -0.07692 -0.16276 -0.28799 -0.29118 0.2301 -0.28746 -0.24143 -0.18546 -0.18237 -0.60712 0.1534 -0.20906 -0.55683 -0.2211 -0.23769 -0.67365 0.21075 -0.21395 -0.63078 0.011568 -0.056886 0.58773
-0.17653 0.027616 0.30756 0.098924 0.0077908 0.34118 -0.050443 -0.00662 0.40595 -0.011254 -0.0049525 0.067489 -0.046055 0.002212 -0.058882 0.060005 0.002212 -0.044597 -0.34062 0.15473 0.1415 0.18794 0.11798 0.12701 -0.24853 0.0018352 -0.014463 0.1644 -0.07514 -0.0063934 -0.27957 -0.07262 -0.041072 0.1591 -0.14092 -0.056737 -0.16186 -0.28817 -0.29166 0.22873 -0.28819 -0.24234 -0.18409 -0.1845 -0.60828 0.15438 -0.21141 -0.55869 -0.2214 -0.23836 -0.67509 0.21119 -0.21664 -0.63295 0.0096344 -0.055299 0.58757
-0.17459 0.032172 0.30711 0.10112 0.012401 0.34135 -0.048436 -3.2084e-06 0.40615 -0.011164 -0.0041574 0.067552 -0.046917 0.0017904 -0.058244 0.059831 0.0017904 -0.044864 -0.33785 0.15541 0.13737 0.24664 0.14316 0.14949 -0.24995 0.00055385 -0.018978 0.18629 -0.039698 0.0096967 -0.27405 -0.072969 -0.043752 0.17277 -0.10522 -0.038642 -0.16122 -0.28818 -0.29236 0.2278 -0.28868 -0.24332 -0.18311 -0.18621 -0.60955 0.15548 -0.21319 -0.56042 -0.22196 -0.2388 -0.67666 0.21159 -0.21895 -0.63504 0.0064629 -0.051319 0.58845
-0.17263 0.038547 0.307 0.10378 0.017638 0.34309 -0.046576 0.0067988 0.4063 -0.011011 -0.0031563 0.067633 -0.047328 0.0011616 -0.05792 0.059622 0.0011616 -0.04516 -0.33379 0.15618 0.13136 0.25793 0.14487 0.16128 -0.25039 -0.0025721 -0.023532 0.17542 -0.026144 0.018696 -0.27644 -0.076888 -0.046333 0.15499 -0.089692 -0.030029 -0.16116 -0.28825 -0.29295 0.22604 -0.2894 -0.24475 -0.18273 -0.18797 -0.61071 0.15605 -0.21542 -0.56273 -0.22172 -0.24068 -0.67771 0.21196 -0.22141 -0.63748 0.0029571 -0.041439 0.591
-0.17023 0.04437 0.30733 0.10733 0.022291 0.34626 -0.04425 0.011971 0.4065 -0.010679 -0.0020597 0.067729 -0.047676 0.00035662 -0.05763 0.059233 0.00035662 -0.04567 -0.32963 0.1535 0.12483 0.25824 0.13748 0.16362 -0.25028 -0.0087189 -0.028726 0.16386 -0.025891 0.0203 -0.27739 -0.083956 -0.051146 0.13683 -0.085872 -0.029843 -0.15967 -0.28928 -0.29322 0.22597 -0.28932 -0.24621 -0.18142 -0.19029 -0.61137 0.15716 -0.21704 -0.56486 -0.21684 -0.24659 -0.67691 0.21246 -0.22313 -0.64028 -0.00070171 -0.032967 0.59361
-0.16747 0.049018 0.30762 0.11134 0.026258 0.34985 -0.041561 0.015978 0.40667 -0.010217 -0.00097265 0.067824 -0.048088 -0.00053934 -0.057286 0.058711 -0.00053934 -0.046336 -0.32523 0.1485 0.11832 0.26501 0.13098 0.16196 -0.24963 -0.016526 -0.034129 0.16323 -0.027764 0.018158 -0.27486 -0.092192 -0.056673 0.1299 -0.082855 -0.033769 -0.15683 -0.29106 -0.29331 0.22778 -0.28838 -0.24755 -0.17921 -0.1929 -0.61167 0.15976 -0.21779 -0.56675 -0.20866 -0.25499 -0.67486 0.21337 -0.22443 -0.64344 -0.0041011 -0.02829 0.59525
-0.16491 0.053602 0.30689 0.1145 0.030529 0.35205 -0.039309 0.021466 0.40661 -0.0098281 1.8607e-05 0.067889 -0.048429 -0.0013989 -0.056994 0.058285 -0.0013989 -0.046867 -0.3192 0.14687 0.11154 0.2761 0.13043 0.16536 -0.24803 -0.022278 -0.038362 0.16469 -0.01898 0.01936 -0.27405 -0.098333 -0.057793 0.12633 -0.068269 -0.034797 -0.15474 -0.29229 -0.2937 0.22936 -0.28756 -0.24889 -0.17765 -0.19481 -0.61224 0.16458 -0.21816 -0.56899 -0.20333 -0.2605 -0.67398 0.21504 -0.22671 -0.64699 -0.0065942 -0.024809 0.59555
-0.16277 0.058354 0.30512 0.11652 0.035504 0.35247 -0.037672 0.028888 0.40628 -0.0095356 0.00099433 0.067922 -0.048726 -0.0022664 -0.056714 0.057952 -0.0022664 -0.047248 -0.31185 0.14927 0.10469 0.28638 0.13497 0.17305 -0.24594 -0.025489 -0.041105 0.16322 0.00021042 0.022483 -0.2743 -0.10225 -0.055035 0.12156 -0.043512 -0.033944 -0.1533 -0.29286 -0.29458 0.23085 -0.28653 -0.25042 -0.17665 -0.19622 -0.61333 0.17156 -0.21792 -0.57174 -0.20178 -0.26221 -0.67496 0.21873 -0.22812 -0.65111 -0.0077494 -0.020724 0.59483
-0.16084 0.062366 0.3035 0.11834 0.040821 0.35244 -0.03605 0.035966 0.40592 -0.0091378 0.002234 0.067953 -0.049213 -0.0033909 -0.056223 0.057427 -0.0033909 -0.047803 -0.30558 0.15018 0.098618 0.28816 0.13692 0.17246 -0.24486 -0.029637 -0.043358 0.15938 0.013935 0.015854 -0.26772 -0.10763 -0.055831 0.11602 -0.026454 -0.041874 -0.14966 -0.29409 -0.29568 0.23521 -0.28347 -0.2524 -0.17406 -0.19875 -0.61474 0.17964 -0.21589 -0.57464 -0.19841 -0.26483 -0.67633 0.22672 -0.22301 -0.65621 -0.0074139 -0.015452 0.59421
-0.15877 0.06535 0.30249 0.12051 0.045997 0.3526 -0.034043 0.041611 0.40562 -0.008563 0.0040026 0.067955 -0.049967 -0.0047793 -0.055448 0.056596 -0.0047793 -0.048663 -0.30112 0.14735 0.093563 0.2809 0.13356 0.16046 -0.24488 -0.035975 -0.045759 0.15489 0.015916 -0.0023644 -0.25297 -0.11536 -0.062815 0.11098 -0.023671 -0.060251 -0.1429 -0.29642 -0.29676 0.24299 -0.27823 -0.25449 -0.16905 -0.20283 -0.6162 0.18781 -0.21213 -0.57711 -0.19102 -0.27016 -0.67729 0.23615 -0.21513 -0.6605 -0.0058937 -0.008988 0.59421
-0.15609 0.068065 0.30133 0.12295 0.050445 0.3523 -0.031625 0.046769 0.40529 -0.0079547 0.0065219 0.067813 -0.050815 -0.0060552 -0.054557 0.055628 -0.0060552 -0.04964 -0.29645 0.14403 0.088764 0.27508 0.13029 0.14923 -0.24388 -0.042042 -0.04828 0.15267 0.015752 -0.018264 -0.23923 -0.12188 -0.070758 0.10854 -0.023232 -0.076317 -0.13514 -0.2989 -0.29763 0.2509 -0.27334 -0.25553 -0.16297 -0.20693 -0.6174 0.19523 -0.20861 -0.57833 -0.18318 -0.27515 -0.67825 0.23642 -0.22268 -0.65885 -0.0041611 -0.0020888 0.59443
-0.15284 0.070912 0.29968 0.12538 0.054004 0.35121 -0.028998 0.052002 0.40484 -0.0074121 0.0096743 0.067481 -0.051585 -0.0070335 -0.053713 0.05469 -0.0070335 -0.050547 -0.29066 0.14245 0.083942 0.27611 0.13045 0.14565 -0.24097 -0.046217 -0.050597 0.15382 0.019435 -0.024272 -0.23126 -0.12515 -0.075475 0.10935 -0.017876 -0.083131 -0.12797 -0.30085 -0.29824 0.25695 -0.27011 -0.25515 -0.15695 -0.21009 -0.61826 0.20151 -0.20632 -0.57818 -0.17707 -0.2781 -0.67937 0.22487 -0.24959 -0.6508 -0.0029384 0.0045763 0.59454
-0.14999 0.073454 0.29808 0.12734 0.057349 0.34972 -0.026727 0.056811 0.40431 -0.0069151 0.012702 0.067062 -0.052145 -0.0079532 -0.053034 0.0539 -0.0079532 -0.051249 -0.28536 0.14211 0.079883 0.27812 0.13219 0.14409 -0.23797 -0.049063 -0.051931 0.15575 0.023572 -0.027366 -0.2238 -0.12681 -0.076016 0.11111 -0.012174 -0.087111 -0.12142 -0.30242 -0.29886 0.26223 -0.26709 -0.25467 -0.15146 -0.21264 -0.61906 0.2071 -0.20412 -0.57791 -0.17142 -0.28064 -0.6802 0.21522 -0.27035 -0.64522 -0.0023648 0.010629 0.59454
-0.14819 0.075429 0.29693 0.12858 0.060928 0.34817 -0.025152 0.060846 0.40372 -0.0064434 0.015115 0.066625 -0.052442 -0.0089932 -0.052571 0.053322 -0.0089932 -0.051679 -0.28171 0.1425 0.077096 0.2765 0.1337 0.13987 -0.23629 -0.051068 -0.051898 0.15643 0.025152 -0.033242 -0.2125 -0.12745 -0.072288 0.11203 -0.010045 -0.093504 -0.11554 -0.30375 -0.29971 0.26755 -0.2633 -0.25502 -0.14682 -0.21488 -0.62004 0.21231 -0.20123 -0.57842 -0.16553 -0.28372 -0.68066 0.21702 -0.26771 -0.64794 -0.0023892 0.015849 0.59444
-0.14698 0.077218 0.296 0.1294 0.064406 0.34655 -0.023974 0.064411 0.40305 -0.0060082 0.017241 0.066119 -0.052593 -0.010071 -0.052227 0.052898 -0.010071 -0.051918 -0.27896 0.14385 0.075114 0.2728 0.13468 0.13404 -0.23561 -0.05195 -0.051194 0.15625 0.024645 -0.040545 -0.198 -0.12422 -0.065399 0.11233 -0.010619 -0.1011 -0.11074 -0.30467 -0.30077 0.27222 -0.25962 -0.25581 -0.14317 -0.21666 -0.62122 0.21674 -0.19837 -0.57932 -0.16098 -0.2858 -0.68174 0.22526 -0.25238 -0.65502 -0.0026574 0.02032 0.59415
-0.14571 0.079302 0.29496 0.13022 0.067337 0.34483 -0.022797 0.067904 0.40227 -0.0056254 0.019528 0.06547 -0.052741 -0.011064 -0.051878 0.052552 -0.011064 -0.05207 -0.27613 0.14649 0.073328 0.26947 0.13503 0.1285 -0.23535 -0.051312 -0.050677 0.15595 0.023035 -0.046878 -0.18167 -0.11372 -0.056632 0.11256 -0.012319 -0.10773 -0.10751 -0.30501 -0.30197 0.27536 -0.25718 -0.25645 -0.14066 -0.21776 -0.62256 0.21992 -0.19647 -0.58007 -0.15968 -0.28499 -0.6846 0.23279 -0.23922 -0.66101 -0.0027702 0.024172 0.59359
-0.14375 0.082159 0.29348 0.13143 0.069271 0.34297 -0.021226 0.071725 0.40134 -0.0053109 0.022425 0.06461 -0.053029 -0.011852 -0.051406 0.052209 -0.011852 -0.052238 -0.27221 0.15077 0.071131 0.26899 0.13466 0.12514 -0.23492 -0.048755 -0.051205 0.15628 0.021307 -0.049841 -0.16488 -0.092554 -0.047268 0.11321 -0.013567 -0.11123 -0.10634 -0.30456 -0.30325 0.27606 -0.25716 -0.25634 -0.13941 -0.21793 -0.62402 0.22136 -0.19647 -0.58009 -0.16356 -0.27936 -0.69038 0.23245 -0.24308 -0.6605 -0.0023286 0.027535 0.59267
