-0.17551 0.003603 0.31727 0.10514 -0.0058251 0.34695 -0.04409 -0.038574 0.40505 -0.0071513 -0.0082391 0.067724 -0.050295 0.0034488 -0.055259 0.055397 0.0034488 -0.050143 -0.23374 0.04583 0.061386 0.15968 0.015957 0.087722 -0.23605 0.02044 -0.17424 0.16084 0.0071205 -0.14911 -0.21661 0.040038 -0.2522 0.21164 0.030574 -0.21001 -0.040381 0.071395 -0.43896 0.088291 0.061791 -0.43415 0.0042045 0.1267 -0.76522 0.097513 0.11272 -0.76401 -0.064743 0.10827 -0.82578 0.13085 0.047271 -0.82203 -0.021388 -0.11971 0.58342
-0.17605 0.0029402 0.31748 0.10465 -0.0071601 0.3474 -0.044722 -0.040496 0.4048 -0.0071793 -0.00845 0.067695 -0.050299 0.0036447 -0.055243 0.055388 0.0036447 -0.05014 -0.23401 0.046075 0.061687 0.15979 0.015244 0.088353 -0.23607 0.022269 -0.17434 0.16179 0.0078017 -0.14853 -0.21544 0.03989 -0.25266 0.21973 0.034578 -0.20191 -0.03985 0.071616 -0.43893 0.08862 0.061842 -0.43414 0.0055348 0.12649 -0.76515 0.097926 0.11217 -0.76409 -0.063777 0.098573 -0.82596 0.13082 0.046859 -0.82251 -0.022015 -0.12159 0.58319
-0.17683 0.0019887 0.31792 0.10388 -0.0089538 0.34766 -0.045544 -0.043107 0.40444 -0.0072731 -0.0087438 0.067647 -0.050298 0.0038795 -0.055228 0.055407 0.0038795 -0.0501 -0.23502 0.047127 0.062524 0.15942 0.014377 0.088777 -0.23991 0.030921 -0.17384 0.16343 0.008341 -0.14811 -0.21972 0.051245 -0.25138 0.21824 0.032979 -0.20474 -0.039187 0.071877 -0.43889 0.088997 0.061822 -0.4341 0.006929 0.12623 -0.76509 0.098621 0.11156 -0.76414 -0.062536 0.11218 -0.82555 0.13117 0.046323 -0.82284 -0.022486 -0.12345 0.58312
-0.17757 0.00088893 0.31847 0.10312 -0.011007 0.34769 -0.046276 -0.04593 0.40404 -0.0073858 -0.0090842 0.06759 -0.050292 0.0041376 -0.055215 0.055435 0.0041376 -0.050048 -0.23635 0.048636 0.063687 0.15915 0.013529 0.08902 -0.24472 0.041773 -0.17294 0.16562 0.0087557 -0.14784 -0.22549 0.066201 -0.24945 0.21214 0.02849 -0.21265 -0.038423 0.072162 -0.43885 0.089421 0.06176 -0.43406 0.0083561 0.12596 -0.76505 0.099518 0.11091 -0.76417 -0.061146 0.13309 -0.82509 0.13177 0.045715 -0.82309 -0.023136 -0.12571 0.58298
-0.178 -0.00021977 0.31903 0.1027 -0.013121 0.34746 -0.046638 -0.048495 0.40371 -0.0074711 -0.0094355 0.067533 -0.050283 0.0044034 -0.055202 0.05545 0.0044034 -0.050009 -0.23759 0.05025 0.064964 0.15953 0.012867 0.089106 -0.24768 0.050237 -0.17187 0.16824 0.0090635 -0.1477 -0.2288 0.076901 -0.24791 0.20639 0.023811 -0.21977 -0.037592 0.072457 -0.43881 0.08989 0.061684 -0.43404 0.0097847 0.1257 -0.76501 0.10054 0.11025 -0.76421 -0.059732 0.1454 -0.8251 0.13248 0.045088 -0.82333 -0.024297 -0.12877 0.58251
-0.17818 -0.0013263 0.31954 0.10247 -0.015312 0.34693 -0.046747 -0.05079 0.40342 -0.007541 -0.0097865 0.067475 -0.050263 0.0046645 -0.055198 0.055454 0.0046645 -0.049981 -0.23864 0.051823 0.06622 0.16052 0.012398 0.089025 -0.24875 0.055291 -0.17065 0.17104 0.0092751 -0.14772 -0.22818 0.080858 -0.24672 0.20385 0.020735 -0.223 -0.036794 0.072763 -0.43877 0.090334 0.061572 -0.43402 0.011169 0.12546 -0.76498 0.10161 0.10965 -0.76425 -0.058394 0.14256 -0.82575 0.13326 0.044538 -0.82358 -0.025955 -0.13257 0.58172
-0.17884 -0.0026575 0.31994 0.10156 -0.017989 0.34604 -0.047454 -0.053662 0.40296 -0.0077166 -0.010174 0.067398 -0.05021 0.0049144 -0.055226 0.055489 0.0049144 -0.049919 -0.23999 0.053589 0.067465 0.16101 0.01182 0.088697 -0.25303 0.062602 -0.16891 0.17357 0.0093891 -0.14796 -0.22688 0.085694 -0.24374 0.20337 0.019305 -0.22439 -0.03626 0.073114 -0.43876 0.090557 0.061307 -0.43402 0.012438 0.1253 -0.76494 0.10261 0.10921 -0.76424 -0.057169 0.13574 -0.82652 0.1342 0.044235 -0.82375 -0.02745 -0.13611 0.58105
-0.18003 -0.0041765 0.32025 0.099855 -0.021097 0.34494 -0.048866 -0.057266 0.4023 -0.0080282 -0.010619 0.067293 -0.050113 0.0051614 -0.055291 0.055575 0.0051614 -0.049798 -0.24164 0.055571 0.068688 0.1607 0.011023 0.088198 -0.26112 0.073304 -0.16674 0.1758 0.0094483 -0.14831 -0.22658 0.09441 -0.23866 0.20393 0.019 -0.22545 -0.035987 0.073542 -0.43879 0.090589 0.060969 -0.43399 0.013649 0.12522 -0.76491 0.10362 0.10899 -0.76416 -0.055975 0.13173 -0.82707 0.13546 0.044252 -0.8238 -0.028516 -0.13898 0.58069
-0.18086 -0.0054707 0.32053 0.098442 -0.023934 0.34399 -0.050011 -0.060714 0.40166 -0.0083708 -0.011116 0.067171 -0.049987 0.0054319 -0.055379 0.055699 0.0054319 -0.04963 -0.24283 0.057459 0.069826 0.16054 0.0102 0.087806 -0.26697 0.081581 -0.16478 0.17826 0.0095591 -0.14853 -0.22621 0.10235 -0.23383 0.20523 0.018842 -0.22618 -0.035649 0.074067 -0.43882 0.090755 0.060876 -0.43387 0.015029 0.12523 -0.76486 0.10485 0.10887 -0.76401 -0.054581 0.12876 -0.82735 0.13715 0.044521 -0.82381 -0.029496 -0.14164 0.58039
-0.18117 -0.0064955 0.32081 0.097561 -0.026443 0.34314 -0.050653 -0.063704 0.40111 -0.0087096 -0.011661 0.067035 -0.049846 0.0057418 -0.055475 0.055868 0.0057418 -0.049405 -0.24344 0.059258 0.070908 0.16082 0.0095193 0.08749 -0.26873 0.085877 -0.16327 0.18116 0.0098765 -0.14864 -0.22504 0.10755 -0.23013 0.20693 0.01877 -0.22672 -0.035105 0.074707 -0.43884 0.090807 0.060473 -0.43376 0.016699 0.12541 -0.76478 0.10637 0.10893 -0.76377 -0.05285 0.12607 -0.82741 0.13927 0.045067 -0.82376 -0.03033 -0.14411 0.5801
-0.18153 -0.0075565 0.32106 0.096618 -0.02919 0.34192 -0.05131 -0.066539 0.40056 -0.009082 -0.012253 0.06688 -0.0497 0.0060933 -0.055568 0.056105 0.0060933 -0.049093 -0.24394 0.06126 0.072031 0.16113 0.0090904 0.08693 -0.26899 0.089079 -0.16197 0.18435 0.010587 -0.14893 -0.22295 0.1112 -0.22693 0.20862 0.01957 -0.22747 -0.03442 0.075468 -0.43884 0.089988 0.058473 -0.43386 0.018652 0.12594 -0.76461 0.1081 0.10942 -0.76334 -0.050764 0.12438 -0.8274 0.14164 0.046038 -0.82351 -0.030571 -0.14595 0.57994
-0.18198 -0.0085579 0.3213 0.095591 -0.032045 0.34044 -0.052025 -0.069147 0.40002 -0.0094569 -0.012842 0.066717 -0.049554 0.0064612 -0.055657 0.056377 0.0064612 -0.048732 -0.24427 0.063314 0.073106 0.16125 0.0087964 0.086142 -0.26882 0.092137 -0.16085 0.18778 0.011743 -0.14935 -0.2202 0.11408 -0.22402 0.21028 0.021129 -0.22838 -0.033634 0.076296 -0.43882 0.088438 0.055166 -0.43414 0.020779 0.12668 -0.76438 0.1102 0.11045 -0.76271 -0.048472 0.12297 -0.82725 0.14449 0.047835 -0.82324 -0.030411 -0.14719 0.5799
-0.1822 -0.0091927 0.32158 0.094857 -0.034428 0.33918 -0.052501 -0.071214 0.39959 -0.009758 -0.013357 0.066573 -0.049408 0.0068048 -0.055746 0.05662 0.0068048 -0.048404 -0.24406 0.065004 0.073946 0.16115 0.0084275 0.085373 -0.26808 0.094598 -0.15997 0.19141 0.013278 -0.14963 -0.21733 0.11654 -0.22158 0.21211 0.022805 -0.22913 -0.032764 0.077119 -0.43879 0.086835 0.05161 -0.43446 0.022917 0.1274 -0.76415 0.11281 0.112 -0.76185 -0.046202 0.12045 -0.82684 0.14805 0.050739 -0.82319 -0.030416 -0.14818 0.57988
-0.18217 -0.0097709 0.32195 0.094631 -0.036079 0.33828 -0.052512 -0.072696 0.39931 -0.0099412 -0.013789 0.066457 -0.049265 0.00711 -0.055834 0.05681 0.00711 -0.048136 -0.24315 0.066342 0.074685 0.16103 0.0082725 0.08476 -0.26668 0.096516 -0.15921 0.19473 0.014925 -0.14974 -0.2147 0.11841 -0.21972 0.21445 0.024908 -0.22943 -0.031826 0.078031 -0.43873 0.085085 0.046006 -0.43496 0.025046 0.12828 -0.76389 0.11431 0.11325 -0.76072 -0.043917 0.11774 -0.82629 0.15052 0.052611 -0.82213 -0.030542 -0.14896 0.57991
-0.18195 -0.010787 0.32245 0.094985 -0.036918 0.33772 -0.051932 -0.073717 0.39919 -0.0099862 -0.01416 0.066372 -0.049128 0.0073793 -0.05592 0.056946 0.0073793 -0.047935 -0.24166 0.067415 0.075532 0.1612 0.0088232 0.084397 -0.26464 0.098137 -0.15835 0.19717 0.016463 -0.14974 -0.21231 0.11948 -0.21836 0.21745 0.028034 -0.22906 -0.030847 0.079187 -0.43861 0.082855 0.035874 -0.43581 0.027162 0.12969 -0.76353 0.11282 0.11312 -0.75925 -0.041525 0.11658 -0.82578 0.15001 0.051141 -0.81881 -0.03041 -0.14942 0.58008
-0.18151 -0.012086 0.32292 0.095682 -0.036966 0.33752 -0.050963 -0.074558 0.39915 -0.0099132 -0.014492 0.066312 -0.048985 0.0076319 -0.056011 0.057006 0.0076319 -0.047824 -0.24038 0.067564 0.076268 0.16173 0.010346 0.084438 -0.26246 0.099322 -0.15755 0.19905 0.018474 -0.14946 -0.20861 0.12074 -0.2166 0.22024 0.031749 -0.22829 -0.029935 0.080618 -0.43844 0.080581 0.022673 -0.43662 0.028991 0.13167 -0.76311 0.10975 0.11088 -0.75733 -0.039312 0.11687 -0.82537 0.14967 0.049559 -0.8157 -0.02947 -0.14933 0.58043
-0.1808 -0.013357 0.32324 0.096448 -0.036355 0.33765 -0.04987 -0.075456 0.39911 -0.0097586 -0.014798 0.066267 -0.048837 0.0078817 -0.056105 0.056981 0.0078817 -0.047813 -0.24002 0.066235 0.07665 0.16263 0.012822 0.084961 -0.26069 0.099776 -0.15704 0.20086 0.021466 -0.14877 -0.20403 0.12208 -0.21469 0.22215 0.035557 -0.22741 -0.029186 0.082252 -0.43824 0.078888 0.0093796 -0.43695 0.03029 0.13409 -0.76268 0.10705 0.10643 -0.75515 -0.03756 0.11775 -0.82503 0.15202 0.050442 -0.81506 -0.027489 -0.14864 0.58092
-0.18006 -0.014526 0.32358 0.097263 -0.035505 0.338 -0.048759 -0.076273 0.39909 -0.0095691 -0.015062 0.066235 -0.048734 0.0081032 -0.056164 0.056928 0.0081032 -0.047839 -0.24004 0.064219 0.076893 0.16363 0.015447 0.085709 -0.25943 0.099096 -0.15673 0.2026 0.02468 -0.14788 -0.20822 0.11779 -0.21821 0.22456 0.040007 -0.22615 -0.02854 0.083795 -0.43801 0.07815 -0.00037009 -0.43699 0.031279 0.13636 -0.76228 0.10448 0.10155 -0.75389 -0.036061 0.1179 -0.82463 0.15116 0.047012 -0.81388 -0.025613 -0.14804 0.58138
-0.17959 -0.015573 0.32387 0.097971 -0.034747 0.33846 -0.047879 -0.076801 0.39909 -0.009406 -0.015248 0.066216 -0.048695 0.0082646 -0.056174 0.056925 0.0082646 -0.047815 -0.23999 0.061962 0.076888 0.16437 0.017351 0.086414 -0.25821 0.09603 -0.15698 0.20418 0.027312 -0.14701 -0.22454 0.10484 -0.22958 0.22748 0.044377 -0.22471 -0.027762 0.085247 -0.43773 0.078491 -0.0057164 -0.43684 0.032422 0.13838 -0.76183 0.10191 0.094728 -0.75461 -0.034409 0.11791 -0.82423 0.14276 0.03239 -0.81074 -0.024708 -0.14768 0.58174
-0.17967 -0.016481 0.32319 0.097933 -0.034021 0.33907 -0.047949 -0.076863 0.39907 -0.0093617 -0.015289 0.066213 -0.048636 0.008343 -0.056214 0.05706 0.008343 -0.04764 -0.24033 0.05826 0.075446 0.16426 0.017945 0.086981 -0.2554 0.087258 -0.15928 0.20557 0.029213 -0.14612 -0.23496 0.09029 -0.24008 0.22621 0.044144 -0.22461 -0.026277 0.087481 -0.43724 0.079535 -0.013189 -0.43615 0.034523 0.1414 -0.7611 0.10087 0.075054 -0.75733 -0.03199 0.12341 -0.82432 0.13152 0.0050102 -0.81146 -0.024115 -0.14585 0.58233
-0.18028 -0.017363 0.32132 0.09704 -0.033292 0.33973 -0.049035 -0.076459 0.39902 -0.0094458 -0.015184 0.066225 -0.048516 0.0083413 -0.056317 0.05732 0.0083413 -0.047326 -0.2412 0.053079 0.072403 0.16319 0.017207 0.087301 -0.25048 0.072119 -0.16364 0.20693 0.031052 -0.14522 -0.23089 0.078874 -0.24439 0.21976 0.038764 -0.22616 -0.024113 0.09063 -0.43654 0.080907 -0.0253 -0.43488 0.037458 0.14569 -0.76006 0.10169 0.04076 -0.76121 -0.028857 0.13544 -0.82506 0.1217 -0.03066 -0.81833 -0.023454 -0.14228 0.58319
-0.18086 -0.018531 0.31949 0.096251 -0.032665 0.34007 -0.049948 -0.075893 0.39902 -0.009515 -0.015051 0.066245 -0.048405 0.0083048 -0.056418 0.057516 0.0083048 -0.047096 -0.24188 0.048862 0.06968 0.16206 0.016046 0.087198 -0.24519 0.055209 -0.16717 0.2087 0.034684 -0.14442 -0.22625 0.068424 -0.24631 0.21501 0.03568 -0.22711 -0.022444 0.093301 -0.43596 0.082358 -0.03545 -0.43368 0.039412 0.1495 -0.75923 0.1022 0.0086168 -0.76428 -0.02628 0.1456 -0.82593 0.11419 -0.061225 -0.82548 -0.02326 -0.13972 0.58377
-0.18117 -0.019277 0.31832 0.095722 -0.031799 0.34022 -0.050434 -0.07531 0.39907 -0.0095432 -0.014943 0.066266 -0.048328 0.0082509 -0.056492 0.057577 0.0082509 -0.047031 -0.24228 0.04574 0.067885 0.16132 0.015704 0.087063 -0.24091 0.039546 -0.16895 0.21018 0.038639 -0.14374 -0.2268 0.056469 -0.2485 0.21415 0.037279 -0.22655 -0.021567 0.095354 -0.4355 0.083696 -0.040402 -0.43293 0.040093 0.15308 -0.75853 0.10082 -0.016315 -0.76571 -0.02446 0.15154 -0.8264 0.10777 -0.084895 -0.82908 -0.023928 -0.139 0.58389
-0.18143 -0.017742 0.31748 0.094523 -0.029832 0.34094 -0.051531 -0.074608 0.39906 -0.009666 -0.014819 0.066276 -0.048246 0.0081537 -0.056578 0.057609 0.0081537 -0.047009 -0.24312 0.04072 0.065715 0.16082 0.017607 0.08795 -0.23818 0.025301 -0.17088 0.20932 0.037425 -0.14311 -0.22528 0.041086 -0.25104 0.21268 0.038663 -0.22551 -0.020535 0.098344 -0.43478 0.084793 -0.042327 -0.43255 0.041288 0.1594 -0.75719 0.097114 -0.045786 -0.76615 -0.022144 0.15956 -0.82596 0.099084 -0.11522 -0.82888 -0.025531 -0.13817 0.58399
-0.18192 -0.015391 0.31602 0.09276 -0.027186 0.34225 -0.053399 -0.0733 0.39906 -0.0099108 -0.014575 0.066295 -0.048065 0.0079437 -0.056761 0.057687 0.0079437 -0.046949 -0.24438 0.033099 0.062315 0.16062 0.020821 0.089785 -0.23707 0.0092145 -0.17349 0.20719 0.032059 -0.14226 -0.22041 0.021009 -0.25359 0.21117 0.037768 -0.22451 -0.018672 0.10217 -0.43385 0.085859 -0.042814 -0.43239 0.043419 0.16961 -0.75494 0.090814 -0.083683 -0.76382 -0.019077 0.17169 -0.82456 0.087083 -0.15629 -0.82281 -0.027669 -0.13572 0.58442
-0.18289 -0.016159 0.31279 0.091466 -0.025293 0.34355 -0.05533 -0.070678 0.39927 -0.010196 -0.014084 0.066355 -0.047674 0.0075363 -0.057141 0.057842 0.0075363 -0.046822 -0.2453 0.0245 0.057547 0.16097 0.022503 0.091481 -0.2372 -0.013956 -0.17591 0.2074 0.029196 -0.14088 -0.21673 -0.0040763 -0.25553 0.21474 0.035816 -0.22338 -0.015736 0.10535 -0.43313 0.087332 -0.042481 -0.43229 0.045534 0.18299 -0.752 0.081936 -0.12533 -0.75526 -0.016048 0.18573 -0.82248 0.073099 -0.2022 -0.80776 -0.029564 -0.13097 0.58532
-0.18388 -0.016928 0.30999 0.090788 -0.023427 0.34456 -0.056719 -0.067239 0.39967 -0.010419 -0.013539 0.066435 -0.047186 0.0070993 -0.057602 0.058022 0.0070993 -0.046669 -0.24528 0.017341 0.053624 0.16165 0.022521 0.092528 -0.23869 -0.038375 -0.17655 0.20929 0.029853 -0.13952 -0.21593 -0.029976 -0.25567 0.22349 0.037479 -0.22087 -0.012906 0.10882 -0.43234 0.088729 -0.040363 -0.43236 0.046521 0.19856 -0.7484 0.072617 -0.16051 -0.74329 -0.014464 0.20139 -0.81937 0.060974 -0.24069 -0.79012 -0.030872 -0.12598 0.58621
-0.18412 -0.011641 0.31106 0.090343 -0.019884 0.34524 -0.057173 -0.064028 0.40013 -0.010494 -0.013246 0.066486 -0.046832 0.0068848 -0.057921 0.058135 0.0068848 -0.046565 -0.24411 0.013828 0.053462 0.16219 0.022291 0.092854 -0.24201 -0.052781 -0.17413 0.20988 0.031061 -0.13915 -0.21761 -0.050184 -0.25294 0.23409 0.047351 -0.21564 -0.011814 0.11452 -0.43091 0.089149 -0.035084 -0.43282 0.045663 0.21498 -0.74411 0.065849 -0.17784 -0.7342 -0.015551 0.2193 -0.81468 0.055161 -0.25829 -0.78081 -0.031646 -0.12384 0.58637
-0.18416 -0.0067943 0.31238 0.090247 -0.016254 0.34573 -0.057255 -0.060312 0.40068 -0.010504 -0.012814 0.066567 -0.046627 0.0065502 -0.058122 0.058208 0.0065502 -0.046519 -0.24375 0.011072 0.05397 0.16265 0.02138 0.092767 -0.24781 -0.059228 -0.17234 0.20957 0.028233 -0.13945 -0.22076 -0.062529 -0.25041 0.24234 0.053304 -0.21103 -0.010709 0.12018 -0.42926 0.088999 -0.029659 -0.4334 0.045764 0.22944 -0.73967 0.06085 -0.18239 -0.72902 -0.016345 0.23656 -0.80931 0.052985 -0.26149 -0.77844 -0.032711 -0.12192 0.58647
-0.18476 -0.011197 0.30898 0.090814 -0.014854 0.34612 -0.057614 -0.055039 0.40138 -0.010554 -0.01173 0.066752 -0.046499 0.0056547 -0.058312 0.058301 0.0056547 -0.046514 -0.24616 0.0053895 0.050873 0.16325 0.018774 0.092577 -0.25635 -0.064621 -0.17531 0.21006 0.018455 -0.13972 -0.22445 -0.067304 -0.25153 0.2449 0.041367 -0.2113 -0.0072672 0.1226 -0.42808 0.089014 -0.027529 -0.43373 0.049848 0.23982 -0.73554 0.055629 -0.18408 -0.72665 -0.013246 0.25009 -0.80435 0.049636 -0.26266 -0.77719 -0.034786 -0.11638 0.58747
-0.18465 -0.016413 0.30519 0.09218 -0.014063 0.34607 -0.057167 -0.049628 0.40218 -0.010476 -0.010486 0.066977 -0.046475 0.0046295 -0.058427 0.058351 0.0046295 -0.046571 -0.24849 0.00076531 0.047741 0.16395 0.014808 0.091779 -0.26522 -0.069552 -0.17796 0.21164 0.010817 -0.14033 -0.22928 -0.067192 -0.25242 0.24448 0.026652 -0.21457 -0.0040614 0.12379 -0.42714 0.08855 -0.024183 -0.43412 0.05397 0.25088 -0.73039 0.050808 -0.17946 -0.72731 -0.0090361 0.26375 -0.79832 0.045941 -0.25831 -0.7775 -0.036288 -0.11021 0.58875
-0.18269 -0.013183 0.3059 0.094269 -0.011975 0.34528 -0.054931 -0.0457 0.40297 -0.010111 -0.0096915 0.067155 -0.046588 0.0040045 -0.058385 0.058298 0.0040045 -0.046697 -0.24781 0.0015172 0.048637 0.1646 0.010949 0.089998 -0.27174 -0.072788 -0.17507 0.21378 0.013711 -0.14172 -0.23547 -0.065689 -0.24915 0.24435 0.025602 -0.2178 -0.0040561 0.12637 -0.42602 0.086817 -0.015376 -0.4349 0.053734 0.26684 -0.72324 0.047594 -0.16443 -0.73108 -0.0078665 0.28265 -0.79006 0.044032 -0.24351 -0.78105 -0.035627 -0.10681 0.58954
-0.18015 -0.0080466 0.308 0.096475 -0.009964 0.3441 -0.052136 -0.042888 0.40364 -0.0096408 -0.00927 0.06728 -0.046789 0.0037044 -0.058241 0.058216 0.0037044 -0.046821 -0.2461 0.0048302 0.050829 0.16509 0.011063 0.088173 -0.27508 -0.073669 -0.17093 0.21452 0.020193 -0.14345 -0.24017 -0.066519 -0.24551 0.24317 0.027837 -0.2206 -0.0062742 0.12959 -0.42492 0.084001 -0.006365 -0.43566 0.050726 0.2826 -0.71622 0.046374 -0.14729 -0.73603 -0.011674 0.30861 -0.78239 0.044409 -0.22568 -0.78712 -0.033677 -0.10362 0.59041
-0.17823 -0.0067838 0.30863 0.098359 -0.0092168 0.3429 -0.049866 -0.040682 0.40415 -0.0092405 -0.0090438 0.067366 -0.04701 0.0035668 -0.05807 0.05816 0.0035668 -0.046899 -0.24557 0.008031 0.051941 0.16541 0.016367 0.087006 -0.27591 -0.071475 -0.1693 0.21298 0.023932 -0.14506 -0.24198 -0.069606 -0.24455 0.23966 0.02432 -0.22316 -0.0098183 0.13193 -0.42425 0.080448 -0.0012757 -0.43607 0.046302 0.29397 -0.71088 0.04652 -0.13371 -0.74078 -0.018377 0.33233 -0.77688 0.046248 -0.21034 -0.79447 -0.031335 -0.098725 0.59175
-0.17666 -0.0054037 0.30973 0.10014 -0.008818 0.34188 -0.047741 -0.039224 0.40455 -0.0088988 -0.008934 0.067429 -0.047176 0.0035285 -0.057941 0.05808 0.0035285 -0.047005 -0.24643 0.012393 0.05386 0.16568 0.020649 0.085967 -0.27765 -0.065073 -0.16792 0.2114 0.027765 -0.14648 -0.2445 -0.06588 -0.2437 0.23501 0.022699 -0.22565 -0.015961 0.13186 -0.42468 0.076402 0.0032283 -0.43636 0.038289 0.30373 -0.7057 0.045453 -0.11693 -0.74629 -0.017627 0.32033 -0.7701 0.046445 -0.19224 -0.8019 -0.028311 -0.094741 0.59285
-0.17537 -0.0012347 0.31217 0.10186 -0.0078572 0.3412 -0.045685 -0.037644 0.40494 -0.0086124 -0.0087173 0.067497 -0.047318 0.0033924 -0.057836 0.057925 0.0033924 -0.047208 -0.24827 0.019363 0.057372 0.16579 0.02043 0.084737 -0.28183 -0.054217 -0.16538 0.21066 0.0313 -0.14776 -0.24958 -0.052031 -0.24149 0.2306 0.026099 -0.22796 -0.024958 0.12787 -0.42655 0.072335 0.008981 -0.43668 0.026655 0.31241 -0.69991 0.042093 -0.094381 -0.75266 -0.0066414 0.26988 -0.76051 0.043607 -0.16949 -0.80851 -0.024797 -0.092612 0.59325
-0.17491 0.0038771 0.31405 0.10321 -0.0059611 0.34092 -0.044439 -0.033359 0.40543 -0.0084332 -0.0079279 0.067609 -0.047633 0.0027365 -0.057603 0.057674 0.0027365 -0.047547 -0.25015 0.029638 0.060459 0.16521 0.018518 0.083627 -0.28629 -0.040271 -0.1631 0.20877 0.026881 -0.1491 -0.25503 -0.036372 -0.23957 0.22747 0.026323 -0.22957 -0.034877 0.11864 -0.42955 0.06911 0.013584 -0.43704 0.015693 0.31529 -0.69465 0.038301 -0.073224 -0.75801 0.003032 0.23384 -0.75086 0.039703 -0.14821 -0.814 -0.022033 -0.089519 0.5932
-0.17471 0.0084763 0.31491 0.10428 -0.0035259 0.34078 -0.043665 -0.027539 0.40596 -0.0083092 -0.0068017 0.067748 -0.04811 0.0017666 -0.057243 0.057351 0.0017666 -0.047983 -0.25111 0.040888 0.062428 0.16424 0.016968 0.082655 -0.28931 -0.026064 -0.16168 0.20595 0.015947 -0.15055 -0.25919 -0.024338 -0.23868 0.22593 0.020724 -0.23062 -0.044344 0.10428 -0.43329 0.066945 0.016159 -0.4374 0.0074157 0.31071 -0.69058 0.035345 -0.057295 -0.76158 0.0058614 0.22863 -0.74248 0.036234 -0.1318 -0.81822 -0.020256 -0.085494 0.59306
-0.17294 0.012038 0.31623 0.10578 -0.001755 0.34014 -0.041746 -0.025668 0.40631 -0.0080672 -0.0063748 0.067824 -0.048494 0.0014061 -0.056937 0.057023 0.0014061 -0.048392 -0.25036 0.047578 0.064427 0.16419 0.016202 0.081446 -0.29011 -0.015691 -0.16051 0.20518 0.010793 -0.152 -0.2615 -0.0165 -0.23811 0.22537 0.014226 -0.23206 -0.052947 0.086563 -0.43733 0.065264 0.018108 -0.43776 0.00053996 0.30101 -0.68765 0.033432 -0.045217 -0.7641 0.0048291 0.22258 -0.73467 0.033743 -0.11939 -0.82119 -0.0184 -0.084163 0.59325
-0.17015 0.01344 0.31832 0.10788 -0.001114 0.33911 -0.038646 -0.027668 0.40647 -0.0076729 -0.0067093 0.067836 -0.048784 0.0017132 -0.056678 0.056694 0.0017132 -0.048765 -0.24894 0.049189 0.066984 0.16472 0.015781 0.079997 -0.28956 -0.008299 -0.15935 0.20543 0.011555 -0.15348 -0.26262 -0.010461 -0.23751 0.22367 0.0074945 -0.23397 -0.06134 0.066575 -0.44089 0.06358 0.021137 -0.43803 -0.0082648 0.28653 -0.6865 0.032223 -0.032674 -0.76612 -0.00046907 0.20417 -0.72878 0.032302 -0.1067 -0.8234 -0.015414 -0.08567 0.59359
-0.16867 0.011345 0.3204 0.11027 -0.0014628 0.33837 -0.035676 -0.028948 0.40665 -0.0072205 -0.0070578 0.067849 -0.049181 0.0020256 -0.056319 0.056327 0.0020256 -0.049173 -0.24913 0.04936 0.069959 0.16428 0.014667 0.078624 -0.28966 0.00066757 -0.15834 0.20264 0.0084602 -0.15511 -0.26414 -0.0020445 -0.23696 0.21791 -0.0023265 -0.23573 -0.070743 0.044919 -0.44298 0.061586 0.026739 -0.43813 -0.023104 0.26629 -0.68812 0.031045 -0.014118 -0.76797 -0.013043 0.1813 -0.72755 0.031611 -0.087797 -0.82568 -0.010572 -0.087333 0.59339
-0.16842 0.0079227 0.32203 0.11237 -0.0032674 0.33784 -0.033544 -0.029146 0.40681 -0.0068531 -0.0072463 0.067867 -0.049569 0.002179 -0.055974 0.056007 0.002179 -0.049532 -0.25068 0.049173 0.07267 0.1632 0.012307 0.077415 -0.29055 0.010009 -0.15762 0.19781 0.0013372 -0.15677 -0.26687 0.007705 -0.23682 0.21001 -0.013276 -0.23725 -0.079405 0.024574 -0.4439 0.059704 0.03261 -0.43812 -0.039648 0.24599 -0.6905 0.029985 0.0053125 -0.76952 -0.028748 0.16155 -0.72966 0.031128 -0.067879 -0.82784 -0.0057725 -0.089615 0.59251
-0.16793 0.0066271 0.3231 0.11359 -0.0070416 0.33701 -0.032365 -0.030398 0.40682 -0.0066842 -0.0074719 0.067863 -0.049725 0.0023321 -0.055836 0.055846 0.0023321 -0.049711 -0.25188 0.0481 0.074345 0.1628 0.0087632 0.076273 -0.29119 0.015806 -0.15722 0.19451 -0.0046484 -0.15826 -0.27046 0.015012 -0.23736 0.204 -0.020945 -0.23882 -0.08437 0.0085263 -0.44442 0.058606 0.035144 -0.43814 -0.050443 0.23165 -0.69135 0.029467 0.016619 -0.77046 -0.040728 0.14849 -0.73274 0.030326 -0.056246 -0.82921 -0.00373 -0.094578 0.59114
-0.16666 0.0051335 0.32432 0.11457 -0.011021 0.33554 -0.030814 -0.033888 0.40666 -0.0064328 -0.008003 0.067824 -0.050034 0.0027024 -0.055538 0.055609 0.0027024 -0.049954 -0.25181 0.045685 0.075819 0.16339 0.0062198 0.07483 -0.29014 0.019834 -0.15663 0.19268 -0.0087813 -0.15988 -0.2699 0.019198 -0.23683 0.19829 -0.024537 -0.24087 -0.086849 -0.010138 -0.44343 0.057711 0.037548 -0.43819 -0.061717 0.20316 -0.69918 0.028995 0.028836 -0.77076 -0.053576 0.12149 -0.74414 0.029752 -0.043867 -0.82971 -0.0018987 -0.10187 0.58957
-0.16458 -0.00015229 0.32634 0.11617 -0.01331 0.33332 -0.027569 -0.039935 0.40632 -0.0057899 -0.0090379 0.067748 -0.050951 0.0034522 -0.054645 0.055031 0.0034522 -0.050539 -0.25011 0.042194 0.078216 0.16481 0.0066822 0.072784 -0.28638 0.025595 -0.15531 0.19098 -0.012241 -0.16197 -0.26033 0.021777 -0.23339 0.19004 -0.025737 -0.24355 -0.089065 -0.037954 -0.4398 0.056228 0.044437 -0.43815 -0.082129 0.13815 -0.72259 0.027919 0.05414 -0.77045 -0.074146 0.058448 -0.77122 0.030081 -0.018455 -0.82947 0.003116 -0.11007 0.58813
-0.16245 -0.0072895 0.32797 0.11782 -0.015903 0.3309 -0.024129 -0.046795 0.40583 -0.0050947 -0.010318 0.067625 -0.052066 0.0043763 -0.053527 0.054377 0.0043763 -0.051178 -0.24747 0.041094 0.080831 0.16686 0.0071335 0.07068 -0.28125 0.033334 -0.15363 0.18922 -0.016106 -0.16412 -0.2471 0.028283 -0.22882 0.18179 -0.030599 -0.24518 -0.089714 -0.060113 -0.43616 0.054862 0.053505 -0.43787 -0.10456 0.055072 -0.74922 0.026689 0.083639 -0.76924 -0.097134 -0.021878 -0.80196 0.030457 0.01113 -0.82831 0.0082498 -0.11767 0.58705
-0.16095 -0.013407 0.32812 0.11881 -0.020492 0.32883 -0.022112 -0.052561 0.40523 -0.0047093 -0.01149 0.067464 -0.052878 0.0051921 -0.052653 0.053942 0.0051921 -0.051562 -0.24484 0.044425 0.082711 0.16913 0.0048454 0.069068 -0.27658 0.04152 -0.15218 0.18754 -0.020854 -0.16583 -0.23652 0.040319 -0.22496 0.17652 -0.042321 -0.24474 -0.087486 -0.06332 -0.43503 0.054259 0.061214 -0.43731 -0.12005 -0.022089 -0.76427 0.025626 0.10589 -0.76709 -0.11542 -0.095604 -0.82179 0.029818 0.033451 -0.82622 0.010245 -0.12357 0.58641
-0.15993 -0.017815 0.32786 0.11923 -0.0242 0.32712 -0.02089 -0.05673 0.40472 -0.0044668 -0.012325 0.067333 -0.053402 0.0057124 -0.052064 0.053617 0.0057124 -0.051842 -0.24317 0.046767 0.083806 0.17068 0.0026601 0.067732 -0.27345 0.046011 -0.15125 0.186 -0.025153 -0.16713 -0.22853 0.043334 -0.22035 0.17377 -0.051008 -0.24476 -0.084336 -0.058867 -0.4352 0.053491 0.066537 -0.43688 -0.12848 -0.089578 -0.76486 0.023618 0.12093 -0.76494 -0.12739 -0.16038 -0.82617 0.027873 0.048521 -0.8241 0.011217 -0.12797 0.58586
-0.15896 -0.020035 0.32814 0.11957 -0.024577 0.32602 -0.01963 -0.058975 0.40447 -0.0041776 -0.012679 0.067287 -0.053782 0.0058741 -0.051655 0.053273 0.0058741 -0.052178 -0.2424 0.04508 0.084287 0.17122 0.003406 0.066787 -0.2716 0.046094 -0.15091 0.18486 -0.027039 -0.16785 -0.22206 0.032988 -0.21505 0.17263 -0.048993 -0.24661 -0.082095 -0.056446 -0.43539 0.052204 0.070612 -0.43661 -0.1316 -0.1448 -0.75365 0.020525 0.13236 -0.7632 -0.13324 -0.21512 -0.81573 0.02516 0.059928 -0.8223 0.013096 -0.13064 0.58533
-0.15745 -0.01914 0.32876 0.12079 -0.022121 0.32648 -0.018033 -0.058772 0.40457 -0.0038319 -0.012549 0.067329 -0.054223 0.0058462 -0.051191 0.052906 0.0058462 -0.052552 -0.24025 0.044753 0.084416 0.17223 0.0074284 0.067384 -0.2681 0.049649 -0.15088 0.18484 -0.024008 -0.16718 -0.21647 0.034164 -0.21384 0.17271 -0.03924 -0.24759 -0.080895 -0.051577 -0.43579 0.05197 0.078174 -0.43554 -0.1314 -0.17901 -0.74031 0.018943 0.14668 -0.76067 -0.13466 -0.25228 -0.79818 0.023673 0.074071 -0.81954 0.015057 -0.12979 0.58561
-0.15528 -0.015895 0.32922 0.12287 -0.018493 0.32814 -0.016209 -0.056912 0.40492 -0.0034751 -0.012147 0.067421 -0.054733 0.0058072 -0.050648 0.052571 0.0058072 -0.052891 -0.23598 0.048212 0.084225 0.17431 0.013457 0.069343 -0.26175 0.059451 -0.15108 0.18591 -0.016742 -0.16543 -0.21352 0.056858 -0.21838 0.17406 -0.026628 -0.24674 -0.08021 -0.042773 -0.43651 0.053398 0.090276 -0.43337 -0.12872 -0.1911 -0.73173 0.019777 0.16644 -0.7567 -0.13214 -0.26981 -0.78172 0.024098 0.093591 -0.8153 0.016417 -0.12561 0.58693
-0.15309 -0.013664 0.32879 0.12413 -0.016471 0.32858 -0.014778 -0.056141 0.4051 -0.0031992 -0.011971 0.067471 -0.05501 0.0058876 -0.050347 0.05238 0.0058876 -0.053076 -0.23159 0.051665 0.083379 0.17644 0.018246 0.070278 -0.25447 0.068748 -0.15191 0.18673 -0.010876 -0.16471 -0.21825 0.082192 -0.22468 0.17722 -0.01674 -0.24659 -0.078908 -0.035889 -0.43723 0.055255 0.10159 -0.43097 -0.12256 -0.19299 -0.72884 0.020885 0.18762 -0.75183 -0.12396 -0.27555 -0.77348 0.024887 0.11478 -0.8105 0.017231 -0.12155 0.58845
-0.15127 -0.012537 0.32728 0.12455 -0.016465 0.32796 -0.014081 -0.055764 0.40518 -0.0030756 -0.011883 0.067493 -0.054916 0.0058168 -0.050459 0.052414 0.0058168 -0.053052 -0.22724 0.054431 0.081512 0.17794 0.018862 0.069937 -0.24681 0.074813 -0.1538 0.18684 -0.0093493 -0.16522 -0.22628 0.097011 -0.2306 0.18154 -0.01313 -0.24761 -0.077501 -0.030795 -0.43796 0.057793 0.10859 -0.42904 -0.11238 -0.19387 -0.72766 0.023827 0.20826 -0.74601 -0.10983 -0.27801 -0.76923 0.027218 0.13533 -0.80462 0.016502 -0.11842 0.58974
-0.1499 -0.0090282 0.32509 0.12594 -0.016242 0.32922 -0.014069 -0.051459 0.40571 -0.0031363 -0.011084 0.067617 -0.054536 0.0049532 -0.050943 0.052699 0.0049532 -0.052843 -0.221 0.05951 0.078344 0.17875 0.013346 0.070497 -0.23773 0.080033 -0.15716 0.18679 -0.011471 -0.16504 -0.2235 0.097707 -0.23651 0.1852 -0.016557 -0.24769 -0.078189 -0.020692 -0.43904 0.062752 0.11046 -0.42795 -0.098457 -0.19833 -0.72006 0.033908 0.22911 -0.73852 -0.091263 -0.2849 -0.75365 0.035016 0.15499 -0.7956 0.0123 -0.11398 0.5909
-0.14893 -0.0042153 0.32319 0.12815 -0.014661 0.33191 -0.014117 -0.044625 0.40653 -0.0032343 -0.0098328 0.067808 -0.054097 0.0037097 -0.051519 0.053028 0.0037097 -0.05262 -0.21478 0.064473 0.075015 0.17924 0.0065636 0.071971 -0.22979 0.083125 -0.16077 0.18685 -0.013763 -0.16402 -0.21167 0.08804 -0.24109 0.18886 -0.020101 -0.24657 -0.080289 -0.0087237 -0.44018 0.06684 0.10809 -0.42794 -0.08209 -0.20586 -0.70889 0.046531 0.24803 -0.73031 -0.070362 -0.29546 -0.73233 0.044914 0.17195 -0.78478 0.0072995 -0.10834 0.59198
-0.14822 -0.0023649 0.32279 0.12954 -0.011658 0.33304 -0.013323 -0.040674 0.40702 -0.0031212 -0.0091341 0.067919 -0.0539 0.0032081 -0.051771 0.053059 0.0032081 -0.052631 -0.21296 0.063331 0.073514 0.17997 0.0075569 0.072734 -0.22781 0.080301 -0.16242 0.18697 -0.011335 -0.16342 -0.20419 0.076802 -0.24195 0.19481 -0.012474 -0.2454 -0.081099 -0.0049756 -0.4406 0.063854 0.10379 -0.42904 -0.064173 -0.21139 -0.70479 0.050493 0.26093 -0.7235 -0.048377 -0.30184 -0.72531 0.048652 0.18343 -0.77598 0.0070759 -0.10338 0.59295
-0.14807 -0.0022647 0.32341 0.1299 -0.0081018 0.33279 -0.012393 -0.038617 0.40723 -0.0029298 -0.0088163 0.067966 -0.053881 0.0032062 -0.051786 0.052899 0.0032062 -0.052788 -0.21416 0.058707 0.073282 0.18075 0.013877 0.072826 -0.22975 0.073733 -0.16273 0.18685 -0.0055875 -0.1633 -0.2016 0.06885 -0.24041 0.20135 0.0021759 -0.24426 -0.081118 -0.0078249 -0.44048 0.058547 0.10081 -0.43012 -0.034174 -0.20309 -0.70803 0.048037 0.2682 -0.71888 -0.014434 -0.29272 -0.72721 0.047633 0.19009 -0.77046 0.0096087 -0.098774 0.59381
-0.14893 -0.00019639 0.32377 0.12968 -0.0051664 0.33294 -0.012726 -0.034572 0.40756 -0.0029642 -0.0081708 0.068041 -0.053798 0.0028366 -0.051889 0.052865 0.0028366 -0.05284 -0.21437 0.05699 0.072569 0.18092 0.017656 0.073127 -0.2307 0.068155 -0.16359 0.18611 -0.00086944 -0.16309 -0.19826 0.065813 -0.23945 0.20513 0.012499 -0.24267 -0.082181 -0.0097574 -0.44044 0.059995 0.10199 -0.42973 0.022178 -0.1712 -0.70999 0.04772 0.27278 -0.71621 0.04593 -0.26055 -0.71868 0.047818 0.19467 -0.76784 0.0094645 -0.093299 0.59457
-0.15064 0.0035675 0.32372 0.12879 -0.0026834 0.33374 -0.014368 -0.029538 0.40791 -0.0032423 -0.0073506 0.068125 -0.053583 0.0022091 -0.052144 0.053044 0.0022091 -0.052693 -0.2141 0.057312 0.071264 0.18003 0.018101 0.073757 -0.23209 0.063035 -0.16498 0.18456 0.0023748 -0.16268 -0.19596 0.06337 -0.23936 0.20662 0.017027 -0.24103 -0.082946 -0.00837 -0.44069 0.065223 0.10401 -0.42877 0.10206 -0.14329 -0.68346 0.049469 0.27767 -0.7135 0.12664 -0.23358 -0.6836 0.04909 0.20082 -0.76693 0.0069925 -0.087796 0.59517
-0.15279 0.0073267 0.32349 0.12708 -0.00016272 0.33476 -0.016753 -0.025774 0.40809 -0.0036545 -0.0067364 0.068169 -0.053254 0.001717 -0.0525 0.05339 0.001717 -0.052361 -0.21522 0.056447 0.069836 0.17783 0.017248 0.074437 -0.2367 0.055777 -0.16624 0.18247 0.0051877 -0.16221 -0.1981 0.055744 -0.23946 0.20727 0.018041 -0.24007 -0.081462 -0.0034993 -0.44124 0.068086 0.1021 -0.42875 0.18208 -0.14377 -0.61749 0.051073 0.28184 -0.71037 0.20111 -0.23541 -0.62606 0.050097 0.20777 -0.76751 0.0044713 -0.083514 0.59552
-0.15476 0.010052 0.323 0.12517 0.0019899 0.33515 -0.018984 -0.022584 0.40817 -0.0040288 -0.0062202 0.068195 -0.052914 0.001305 -0.052853 0.053695 0.001305 -0.052059 -0.21772 0.053382 0.06843 0.17489 0.01718 0.074483 -0.24214 0.043876 -0.1671 0.18156 0.0083395 -0.16226 -0.2022 0.040926 -0.23945 0.20602 0.017056 -0.24075 -0.078572 0.0041503 -0.4418 0.069317 0.095635 -0.42995 0.17915 -0.12022 -0.60283 0.0559 0.26685 -0.71608 0.1892 -0.20867 -0.63139 0.054594 0.19417 -0.77503 0.002614 -0.079884 0.59569
-0.15602 0.011448 0.32221 0.12372 0.003425 0.33446 -0.020338 -0.019143 0.40827 -0.0042376 -0.0056679 0.06823 -0.052666 0.00086912 -0.053109 0.053805 0.00086912 -0.051955 -0.22107 0.048513 0.067182 0.17203 0.019072 0.073551 -0.24571 0.027368 -0.16746 0.1829 0.01162 -0.16308 -0.20546 0.020928 -0.23939 0.20241 0.01537 -0.24321 -0.075446 0.013734 -0.44203 0.070661 0.084985 -0.43219 0.055812 -0.035073 -0.69788 0.066133 0.22022 -0.73605 0.057544 -0.11333 -0.74761 0.064875 0.14564 -0.79252 0.0014422 -0.076392 0.59579
-0.15623 0.012843 0.32134 0.12294 0.0046689 0.33365 -0.020885 -0.016575 0.40836 -0.0043324 -0.00526 0.068258 -0.05255 0.00051955 -0.053228 0.053847 0.00051955 -0.051916 -0.22463 0.044616 0.066463 0.17018 0.021367 0.072619 -0.2478 0.01366 -0.16742 0.18439 0.012158 -0.16377 -0.20881 0.0065412 -0.24001 0.19964 0.014234 -0.24505 -0.071996 0.024676 -0.44179 0.071346 0.070259 -0.43503 -0.043923 0.044456 -0.78501 0.076047 0.16077 -0.75679 -0.047111 -0.02472 -0.8484 0.074878 0.084684 -0.81131 0.00019306 -0.074119 0.59587
-0.15561 0.014871 0.32061 0.12261 0.0059259 0.3335 -0.021041 -0.015817 0.40839 -0.0044026 -0.0051444 0.068262 -0.052528 0.00036734 -0.053252 0.053945 0.00036734 -0.051816 -0.22811 0.042901 0.066418 0.16969 0.02279 0.072444 -0.24967 0.0057144 -0.16679 0.18474 0.0089452 -0.16366 -0.21418 0.0016277 -0.24141 0.1996 0.013874 -0.24484 -0.068167 0.03637 -0.44107 0.070779 0.051783 -0.43788 -0.035816 0.073236 -0.7852 0.081324 0.10484 -0.76794 -0.040023 0.0069369 -0.85174 0.080063 0.030094 -0.82425 -0.0015698 -0.073924 0.59589
-0.15535 0.016157 0.32002 0.12198 0.0064252 0.33376 -0.02163 -0.016663 0.40832 -0.0045468 -0.0052835 0.068241 -0.052419 0.00044248 -0.053358 0.054101 0.00044248 -0.051652 -0.23185 0.040518 0.066647 0.16955 0.023657 0.072818 -0.25315 -0.0052384 -0.16481 0.18542 0.005729 -0.16298 -0.2241 -0.0072607 -0.24216 0.2001 0.012436 -0.24412 -0.064437 0.048023 -0.44005 0.069669 0.030474 -0.43992 -0.024923 0.090328 -0.76388 0.08348 0.051836 -0.77266 -0.029703 0.025651 -0.83116 0.082124 -0.020806 -0.83169 -0.0033238 -0.075609 0.59568
-0.15592 0.016243 0.31954 0.12081 0.005999 0.33417 -0.022876 -0.018352 0.40818 -0.0047792 -0.0055489 0.068204 -0.052176 0.00067011 -0.053593 0.054276 0.00067011 -0.051465 -0.2357 0.036608 0.066828 0.16909 0.024013 0.073415 -0.25846 -0.021526 -0.16166 0.18691 0.0042561 -0.16209 -0.23743 -0.025137 -0.24147 0.1997 0.0082051 -0.24376 -0.061338 0.058314 -0.43899 0.068658 0.0090911 -0.44081 -0.063766 0.11823 -0.76273 0.083804 0.0028924 -0.77418 -0.06981 0.056167 -0.83238 0.082482 -0.06841 -0.83481 -0.0046995 -0.078184 0.59527
-0.15656 0.016311 0.31907 0.1198 0.00551 0.33464 -0.024075 -0.01955 0.40806 -0.0049927 -0.0057212 0.068176 -0.05196 0.00084386 -0.053801 0.054392 0.00084386 -0.05134 -0.2387 0.033761 0.066861 0.16834 0.023272 0.073916 -0.26354 -0.034431 -0.15887 0.1878 0.0026221 -0.16138 -0.24787 -0.042061 -0.23976 0.19875 0.00021493 -0.24323 -0.059356 0.065274 -0.43818 0.068037 -0.0072691 -0.44091 -0.096709 0.14094 -0.76385 0.08225 -0.035588 -0.77336 -0.10191 0.079141 -0.83398 0.081082 -0.1062 -0.83479 -0.0057205 -0.079778 0.59501
-0.15706 0.016294 0.31873 0.11925 0.0054681 0.3351 -0.024843 -0.019845 0.408 -0.0051327 -0.005745 0.068163 -0.051849 0.00089873 -0.053906 0.054441 0.00089873 -0.051288 -0.2411 0.030999 0.066964 0.16753 0.022057 0.074252 -0.26851 -0.043826 -0.15632 0.18799 0.0010784 -0.16093 -0.25511 -0.055798 -0.23707 0.19795 -0.0078728 -0.24248 -0.058153 0.068838 -0.4377 0.067358 -0.018873 -0.44045 -0.10146 0.15119 -0.75959 0.07953 -0.061737 -0.77138 -0.10367 0.086929 -0.82759 0.078608 -0.13201 -0.8332 -0.006462 -0.080217 0.5949
-0.15784 0.01481 0.31872 0.11901 0.0058683 0.33552 -0.025232 -0.019828 0.40797 -0.0052137 -0.0057409 0.068157 -0.051821 0.00092552 -0.053933 0.054486 0.00092552 -0.051239 -0.24442 0.023781 0.067617 0.16707 0.022171 0.0746 -0.27575 -0.058608 -0.15228 0.18879 0.0021782 -0.16054 -0.26507 -0.072746 -0.23303 0.19812 -0.0083355 -0.24207 -0.056604 0.07092 -0.43736 0.065575 -0.031281 -0.43945 -0.098072 0.1538 -0.75734 0.077146 -0.078881 -0.76975 -0.098112 0.087318 -0.82325 0.07652 -0.14887 -0.8319 -0.0070396 -0.081083 0.5946
-0.15892 0.012058 0.31869 0.11864 0.0057706 0.33576 -0.025697 -0.020211 0.40792 -0.0053115 -0.0058109 0.068144 -0.051821 0.0010014 -0.053932 0.054588 0.0010014 -0.05113 -0.24882 0.013313 0.068573 0.16686 0.023791 0.07499 -0.28533 -0.077108 -0.1474 0.19015 0.0053381 -0.16013 -0.27792 -0.091674 -0.22845 0.19887 -0.0027605 -0.24197 -0.054358 0.072812 -0.43705 0.063451 -0.043848 -0.4382 -0.094204 0.15241 -0.75866 0.075202 -0.091393 -0.7685 -0.093595 0.084831 -0.82343 0.07474 -0.16126 -0.83078 -0.007845 -0.083047 0.59406
-0.16003 0.00936 0.31796 0.11756 0.0037916 0.33564 -0.026885 -0.021663 0.40777 -0.00553 -0.0060305 0.068107 -0.051787 0.0011814 -0.05396 0.054792 0.0011814 -0.050906 -0.25347 0.0047446 0.06913 0.16648 0.025925 0.075343 -0.29549 -0.090386 -0.14389 0.19113 0.0080021 -0.15972 -0.28957 -0.10603 -0.2249 0.19906 0.0012037 -0.24177 -0.051703 0.075274 -0.43666 0.062902 -0.051542 -0.43712 -0.087352 0.14943 -0.76048 0.072886 -0.10349 -0.76674 -0.086562 0.081157 -0.82451 0.072231 -0.17382 -0.82849 -0.0093646 -0.085977 0.59344
-0.16117 0.007227 0.31689 0.1159 0.0005988 0.33524 -0.028624 -0.023957 0.40753 -0.005836 -0.0064134 0.068047 -0.051732 0.0014601 -0.054006 0.055077 0.0014601 -0.050591 -0.25772 -0.00061157 0.069365 0.16598 0.028262 0.075674 -0.30421 -0.097068 -0.14208 0.192 0.011406 -0.1593 -0.29799 -0.11468 -0.22265 0.19886 0.0044833 -0.24143 -0.049299 0.079043 -0.436 0.063954 -0.052723 -0.43653 -0.079062 0.14814 -0.76135 0.070706 -0.11269 -0.76491 -0.077988 0.078943 -0.82437 0.069762 -0.18388 -0.82567 -0.011125 -0.089133 0.59289
-0.16246 0.0057282 0.31639 0.11416 -0.0020572 0.33478 -0.030308 -0.026398 0.40726 -0.0061244 -0.0069414 0.06797 -0.051706 0.0018005 -0.054021 0.055382 0.0018005 -0.050247 -0.26105 -0.0035059 0.069765 0.16564 0.030862 0.076049 -0.3094 -0.099849 -0.14122 0.19373 0.018801 -0.15885 -0.30224 -0.11942 -0.22126 0.19911 0.012584 -0.2411 -0.047985 0.084852 -0.43483 0.065629 -0.047593 -0.43663 -0.073135 0.15226 -0.7607 0.069873 -0.11299 -0.76417 -0.071369 0.08137 -0.82175 0.069066 -0.185 -0.82399 -0.012149 -0.091466 0.59259
-0.16404 0.0049291 0.31736 0.11284 -0.0024164 0.33449 -0.031328 -0.028288 0.40703 -0.0062892 -0.0075961 0.067884 -0.05176 0.0021656 -0.053956 0.055648 0.0021656 -0.049936 -0.26291 -0.0047069 0.070823 0.16573 0.033793 0.076534 -0.30893 -0.10146 -0.14058 0.19729 0.033459 -0.15836 -0.30142 -0.12208 -0.22031 0.20068 0.031052 -0.24095 -0.048606 0.093433 -0.43291 0.066939 -0.036369 -0.43766 -0.073391 0.1655 -0.75799 0.071606 -0.098357 -0.76572 -0.070226 0.091623 -0.81538 0.071886 -0.17067 -0.82516 -0.011454 -0.091924 0.59269
