0.13756 0.061448 0.37864 0.11394 0.087026 0.34421 -0.012456 4.0148e-05 0.40055 -0.0051539 -0.030371 0.061291 -0.051978 0.0024997 -0.053732 0.057854 0.0024997 -0.047347 0.048477 -0.11397 0.19991 0.20047 0.12812 0.096276 -0.053139 -0.24704 0.032177 0.12615 -0.052543 -0.037907 -0.037332 -0.31654 -0.0097562 0.08716 -0.12279 -0.057493 -0.13339 0.093957 -0.4238 0.020582 -0.073067 -0.42793 -0.20318 0.17408 -0.74035 -0.011124 -0.10247 -0.75902 -0.15019 0.1935 -0.81502 -0.053224 -0.025364 -0.79132 0.014246 -0.095214 0.57122
0.14533 0.070513 0.37932 0.10717 0.10652 0.34681 -0.0016868 -0.00095064 0.40205 -0.0040686 -0.029518 0.062019 -0.050404 -0.0039492 -0.055062 0.050992 -0.0039492 -0.053527 0.084515 -0.11615 0.2026 0.17361 0.087935 0.095916 -0.034444 -0.24187 0.041071 0.12182 -0.10884 -0.022472 -0.013267 -0.30733 -0.0078612 0.085662 -0.17641 -0.054184 -0.13098 0.06449 -0.43009 0.023552 -0.09047 -0.43363 -0.21027 0.16561 -0.73855 -0.019265 -0.13107 -0.76211 -0.22878 0.14321 -0.82086 -0.065533 -0.05414 -0.79128 0.029726 -0.093138 0.57355
0.1539 0.077705 0.37644 0.1077 0.12191 0.34301 0.0074459 0.0071495 0.40198 -0.0041254 -0.027288 0.062928 -0.05007 -0.0081127 -0.054994 0.046221 -0.0081127 -0.057753 0.11086 -0.1148 0.19946 0.15918 0.072911 0.089122 -0.0191 -0.22974 0.038214 0.12045 -0.13307 -0.020142 0.0092693 -0.2932 -0.0084903 0.089328 -0.20122 -0.055925 -0.13028 0.053284 -0.43155 0.022051 -0.08988 -0.43881 -0.20867 0.17091 -0.7343 -0.030266 -0.13656 -0.7652 -0.25247 0.14375 -0.81817 -0.077711 -0.060522 -0.794 0.042446 -0.082205 0.57431
0.16265 0.082881 0.37151 0.1127 0.13326 0.33531 0.015031 0.019949 0.40098 -0.0048986 -0.024399 0.063879 -0.050478 -0.01022 -0.054216 0.043514 -0.01022 -0.060136 0.12913 -0.1115 0.19296 0.15313 0.07421 0.078761 -0.0062401 -0.21513 0.028219 0.12105 -0.13603 -0.026207 0.030098 -0.27771 -0.011021 0.096323 -0.20681 -0.06071 -0.13008 0.054507 -0.43021 0.017582 -0.077276 -0.44297 -0.202 0.18467 -0.72905 -0.042805 -0.12608 -0.76773 -0.24012 0.17727 -0.81005 -0.08977 -0.051045 -0.79738 0.052693 -0.06715 0.57394
0.17095 0.085895 0.36602 0.11938 0.14062 0.32623 0.021158 0.033057 0.39969 -0.0059625 -0.021573 0.064732 -0.051133 -0.010499 -0.053422 0.042841 -0.010499 -0.060782 0.14093 -0.10784 0.18557 0.15137 0.082992 0.067696 0.0050033 -0.20252 0.015699 0.12265 -0.12851 -0.035956 0.04904 -0.2644 -0.014832 0.10481 -0.20274 -0.066532 -0.12918 0.062322 -0.4281 0.011648 -0.05864 -0.44559 -0.19387 0.20155 -0.72422 -0.055558 -0.10682 -0.76909 -0.2106 0.22594 -0.79964 -0.10172 -0.032245 -0.79932 0.060755 -0.052707 0.5729
0.17819 0.086604 0.3615 0.12489 0.14402 0.31826 0.025916 0.042081 0.39873 -0.0068915 -0.019531 0.065349 -0.051536 -0.0091785 -0.053302 0.044174 -0.0091785 -0.059802 0.14787 -0.10542 0.17976 0.14982 0.090416 0.058791 0.015497 -0.19642 0.0052674 0.12426 -0.12133 -0.044675 0.065916 -0.25683 -0.0193 0.11296 -0.19857 -0.071383 -0.12638 0.070896 -0.42726 0.0057513 -0.03995 -0.44617 -0.18789 0.21623 -0.72126 -0.067202 -0.085934 -0.76873 -0.18277 0.27188 -0.79003 -0.11359 -0.010659 -0.79772 0.066919 -0.043611 0.57163
0.18378 0.084902 0.35931 0.12668 0.14358 0.31369 0.02947 0.043008 0.3987 -0.007278 -0.018913 0.065606 -0.051276 -0.0065419 -0.054412 0.04739 -0.0065419 -0.05737 0.1516 -0.1057 0.17772 0.14472 0.088187 0.054657 0.026009 -0.20085 0.0011384 0.1249 -0.1246 -0.047989 0.080451 -0.25818 -0.02393 0.11897 -0.20329 -0.073415 -0.12078 0.074595 -0.42948 0.0012967 -0.02677 -0.4443 -0.18741 0.22374 -0.72131 -0.076505 -0.070088 -0.76615 -0.17425 0.29829 -0.784 -0.12533 0.0074468 -0.79093 0.071559 -0.044134 0.57059
0.18793 0.081278 0.35874 0.12584 0.1403 0.31143 0.033137 0.03766 0.39931 -0.006993 -0.019146 0.06563 -0.051231 -0.0037 -0.055234 0.050926 -0.0037 -0.054669 0.1544 -0.10816 0.17714 0.13692 0.076446 0.05401 0.03579 -0.21279 0.0013902 0.12362 -0.13815 -0.046655 0.090891 -0.26621 -0.030194 0.12152 -0.21674 -0.073225 -0.11624 0.070864 -0.43265 -0.0018348 -0.018229 -0.4412 -0.19121 0.22458 -0.72096 -0.083636 -0.058316 -0.76254 -0.18308 0.30413 -0.77873 -0.13626 0.019963 -0.7838 0.076395 -0.051399 0.56991
0.19141 0.076686 0.35747 0.1264 0.13588 0.30775 0.039138 0.032435 0.39955 -0.0061267 -0.018706 0.065737 -0.053291 -0.0024148 -0.05262 0.052087 -0.0024148 -0.053678 0.15899 -0.11073 0.17219 0.13089 0.061951 0.052504 0.042899 -0.22368 -0.00071642 0.11948 -0.15368 -0.045469 0.094322 -0.2744 -0.041102 0.11969 -0.23159 -0.073328 -0.12037 0.05957 -0.43164 -0.0049575 -0.0084069 -0.43932 -0.19457 0.22358 -0.7132 -0.089862 -0.043654 -0.76034 -0.19199 0.30078 -0.76705 -0.14518 0.028042 -0.78638 0.084207 -0.056921 0.56954
0.19566 0.071895 0.35372 0.13146 0.13208 0.29974 0.048999 0.032707 0.39865 -0.0048927 -0.016463 0.066183 -0.058676 -0.0040045 -0.044517 0.04884 -0.0040045 -0.055899 0.16665 -0.11148 0.15927 0.13031 0.050781 0.046679 0.045907 -0.22624 -0.010212 0.1124 -0.16411 -0.048396 0.089081 -0.2771 -0.058223 0.11336 -0.24168 -0.075763 -0.13887 0.040944 -0.42265 -0.0091218 0.007479 -0.44059 -0.19431 0.22429 -0.69313 -0.096259 -0.020744 -0.76145 -0.18722 0.29808 -0.74386 -0.15101 0.032556 -0.80579 0.097199 -0.053577 0.56937
0.20574 0.06655 0.34923 0.13865 0.13072 0.28958 0.060208 0.037421 0.39701 -0.004164 -0.013653 0.066828 -0.064696 -0.0072061 -0.035233 0.043022 -0.0072061 -0.06007 0.17019 -0.10966 0.14783 0.13381 0.044219 0.038468 0.046433 -0.22124 -0.021843 0.10694 -0.17027 -0.054173 0.08069 -0.27406 -0.074813 0.10691 -0.2483 -0.079619 -0.16635 0.016908 -0.40991 -0.013722 0.02708 -0.44363 -0.19653 0.22268 -0.66813 -0.10265 0.0058726 -0.76448 -0.17701 0.29551 -0.71608 -0.15348 0.032307 -0.83229 0.11422 -0.042726 0.56892
0.22789 0.059907 0.34693 0.14372 0.13366 0.2812 0.068855 0.043285 0.39549 -0.0050383 -0.012327 0.067394 -0.067308 -0.0098622 -0.031272 0.037818 -0.0098622 -0.063967 0.15957 -0.1049 0.15179 0.13826 0.041869 0.031677 0.047137 -0.21227 -0.0268 0.10929 -0.17573 -0.059722 0.077136 -0.26692 -0.081258 0.10625 -0.25534 -0.082964 -0.19357 -0.010012 -0.40039 -0.017576 0.045577 -0.44593 -0.21053 0.2121 -0.64982 -0.10841 0.028236 -0.76688 -0.17718 0.28897 -0.69486 -0.15261 0.025396 -0.8503 0.13297 -0.028676 0.56767
0.25584 0.051142 0.34766 0.145 0.13819 0.27702 0.072664 0.046626 0.39471 -0.0074141 -0.012929 0.067677 -0.064673 -0.010493 -0.035639 0.035619 -0.010493 -0.065824 0.12749 -0.09556 0.17378 0.14066 0.040729 0.028694 0.046671 -0.20203 -0.021546 0.1177 -0.18275 -0.06285 0.07907 -0.25749 -0.074002 0.10899 -0.26413 -0.084368 -0.21292 -0.033383 -0.39807 -0.019123 0.059778 -0.44573 -0.23494 0.19418 -0.64433 -0.11171 0.043087 -0.76687 -0.19116 0.27759 -0.68647 -0.14842 0.014387 -0.85088 0.14966 -0.017346 0.56552
0.25413 0.039235 0.34748 0.14688 0.131 0.27601 0.073155 0.042882 0.39486 -0.0083998 -0.012152 0.067636 -0.060076 -0.0091993 -0.043183 0.036986 -0.0091993 -0.064939 0.073215 -0.076962 0.19013 0.13836 0.031733 0.028605 0.034354 -0.19121 -0.014817 0.11201 -0.19046 -0.063432 0.070065 -0.24793 -0.063573 0.093432 -0.27014 -0.083581 -0.22055 -0.037681 -0.39982 -0.015925 0.070291 -0.44306 -0.24369 0.18982 -0.64498 -0.1079 0.058109 -0.76444 -0.19348 0.26808 -0.68598 -0.14088 0.012227 -0.84061 0.15719 -0.01838 0.56353
0.18512 0.023269 0.34195 0.15437 0.098011 0.27661 0.072341 0.027647 0.39605 -0.0048497 -0.0063368 0.067259 -0.057419 -0.0063278 -0.047776 0.042146 -0.0063278 -0.060826 -0.0026218 -0.04435 0.1746 0.12892 0.0054643 0.030041 -0.0011482 -0.18018 -0.016673 0.07056 -0.1976 -0.061658 0.032217 -0.24035 -0.062029 0.036392 -0.26821 -0.080566 -0.21337 -0.0070811 -0.40163 -0.0055938 0.078242 -0.4382 -0.20861 0.22127 -0.64369 -0.092207 0.082148 -0.75985 -0.15609 0.26764 -0.68714 -0.13001 0.032675 -0.82808 0.14835 -0.041394 0.56287
0.060126 0.0054758 0.33215 0.16668 0.043819 0.27792 0.070942 0.0035744 0.39795 0.0028268 0.0037975 0.066671 -0.057745 -0.0028228 -0.047702 0.049629 -0.0028228 -0.054605 -0.087504 -0.0012477 0.12947 0.11435 -0.034639 0.031951 -0.054355 -0.16852 -0.026683 -0.00037371 -0.20391 -0.058372 -0.028662 -0.2338 -0.069555 -0.053497 -0.25912 -0.076478 -0.19404 0.049374 -0.40261 0.0098887 0.084243 -0.43229 -0.13823 0.27584 -0.64206 -0.067334 0.11422 -0.75417 -0.088566 0.26877 -0.69158 -0.1173 0.072845 -0.81812 0.12564 -0.081853 0.56368
-0.058171 -0.0086041 0.32498 0.17694 -0.0073605 0.27964 0.068328 -0.019269 0.39976 0.01049 0.012932 0.066141 -0.0591 -0.00025375 -0.045879 0.056176 -0.00025375 -0.049081 -0.15646 0.04013 0.087008 0.10136 -0.071651 0.033608 -0.10213 -0.15494 -0.033404 -0.065162 -0.21016 -0.0551 -0.081868 -0.22414 -0.073879 -0.13422 -0.24988 -0.073721 -0.17123 0.096544 -0.40512 0.023956 0.088363 -0.42727 -0.079528 0.30418 -0.65188 -0.043788 0.14305 -0.74925 -0.04001 0.24849 -0.70915 -0.10575 0.11239 -0.8115 0.10172 -0.12038 0.56501
-0.11287 -0.01407 0.32651 0.17898 -0.03355 0.28154 0.063933 -0.031766 0.40078 0.014352 0.016264 0.065904 -0.059607 2.8497e-05 -0.045125 0.058895 2.8497e-05 -0.046753 -0.18763 0.06861 0.076455 0.095983 -0.090262 0.034432 -0.12371 -0.13854 -0.026703 -0.091587 -0.21705 -0.053207 -0.099881 -0.2079 -0.064046 -0.16787 -0.24686 -0.074399 -0.15301 0.103 -0.41121 0.030695 0.090692 -0.42488 -0.074279 0.2639 -0.68278 -0.031089 0.15838 -0.74676 -0.05338 0.18823 -0.74741 -0.098124 0.13287 -0.80863 0.08816 -0.13942 0.56596
-0.11237 -0.012353 0.33415 0.17437 -0.037873 0.2837 0.058212 -0.035127 0.40105 0.014845 0.014823 0.065889 -0.059149 -0.0013542 -0.04569 0.05847 -0.0013542 -0.047061 -0.1885 0.084579 0.091984 0.096942 -0.093073 0.034846 -0.12366 -0.12146 -0.010961 -0.085516 -0.22404 -0.052522 -0.089806 -0.18832 -0.044231 -0.16179 -0.24911 -0.077772 -0.1405 0.076536 -0.41944 0.031086 0.091663 -0.42466 -0.10852 0.18184 -0.72351 -0.027912 0.16229 -0.74625 -0.108 0.10974 -0.79236 -0.094596 0.13761 -0.80825 0.083848 -0.14136 0.56646
-0.096248 -0.0079017 0.34122 0.1684 -0.03542 0.28631 0.052103 -0.035484 0.40102 0.014407 0.012419 0.065875 -0.058442 -0.0028396 -0.046606 0.057288 -0.0028396 -0.047988 -0.18058 0.093933 0.11103 0.09952 -0.09122 0.035751 -0.11866 -0.10731 0.0025149 -0.070975 -0.23004 -0.052142 -0.075263 -0.17183 -0.02583 -0.14486 -0.25218 -0.081739 -0.13151 0.043683 -0.42668 0.029404 0.09187 -0.42508 -0.14169 0.11782 -0.75286 -0.027765 0.1627 -0.74629 -0.15287 0.054066 -0.81976 -0.094133 0.14029 -0.80834 0.081641 -0.13811 0.56681
-0.094182 -0.0043593 0.34298 0.16483 -0.037444 0.28962 0.046138 -0.037435 0.40103 0.014798 0.011754 0.065735 -0.057999 -0.0033174 -0.047173 0.057087 -0.0033174 -0.048077 -0.1803 0.10101 0.11722 0.1002 -0.092883 0.037875 -0.12108 -0.098668 0.005739 -0.065944 -0.23411 -0.051183 -0.073543 -0.16291 -0.017149 -0.13862 -0.25302 -0.084533 -0.12434 0.023806 -0.43074 0.029015 0.091843 -0.42503 -0.14559 0.10965 -0.75752 -0.025497 0.16559 -0.74583 -0.15445 0.045042 -0.81571 -0.094769 0.14974 -0.80749 0.076129 -0.13853 0.56732
-0.10363 -0.0027308 0.34108 0.16243 -0.042655 0.29398 0.039524 -0.040564 0.40124 0.015554 0.011923 0.065642 -0.057655 -0.0031463 -0.047581 0.057477 -0.0031463 -0.0477 -0.1877 0.10504 0.11429 0.099442 -0.096581 0.041378 -0.12936 -0.09471 0.0015034 -0.068662 -0.23592 -0.048838 -0.081328 -0.15982 -0.016466 -0.14058 -0.25299 -0.085464 -0.119 0.012996 -0.43248 0.030311 0.091884 -0.42476 -0.13217 0.12387 -0.74969 -0.020359 0.17045 -0.74519 -0.13584 0.051053 -0.79969 -0.091587 0.1589 -0.80643 0.06757 -0.14136 0.56827
-0.11569 -0.0034757 0.33841 0.15901 -0.047299 0.29977 0.031224 -0.04347 0.40179 0.015777 0.011318 0.065825 -0.057112 -0.0029706 -0.048196 0.057653 -0.0029706 -0.047585 -0.19951 0.10428 0.10994 0.098438 -0.098954 0.046303 -0.13918 -0.093927 -0.005288 -0.073483 -0.23523 -0.044361 -0.091247 -0.15961 -0.02007 -0.14353 -0.25435 -0.084082 -0.11581 0.002783 -0.43335 0.033089 0.09225 -0.42477 -0.12116 0.11343 -0.74643 -0.012492 0.17556 -0.74492 -0.13097 0.030114 -0.7974 -0.079187 0.15772 -0.80626 0.057357 -0.14342 0.56992
-0.12551 -0.006258 0.33652 0.15363 -0.049669 0.3068 0.02109 -0.045658 0.40259 0.015016 0.0092094 0.066341 -0.056308 -0.0030466 -0.04911 0.057289 -0.0030466 -0.048017 -0.21283 0.099364 0.1082 0.096597 -0.099156 0.052445 -0.14813 -0.094505 -0.011816 -0.077703 -0.23264 -0.039093 -0.099472 -0.15993 -0.025262 -0.14472 -0.25779 -0.08087 -0.11439 -0.01047 -0.43417 0.036947 0.093001 -0.42523 -0.12173 0.063301 -0.75436 -0.0025709 0.17993 -0.74521 -0.14971 -0.025741 -0.81263 -0.057176 0.1441 -0.80688 0.046703 -0.14318 0.5723
-0.13393 -0.009624 0.33505 0.14711 -0.05094 0.31406 0.010222 -0.047903 0.40338 0.013451 0.0061019 0.066998 -0.055505 -0.0030861 -0.050035 0.056731 -0.0030861 -0.048653 -0.22527 0.094253 0.10794 0.090803 -0.099868 0.059255 -0.15647 -0.0942 -0.018192 -0.082751 -0.22985 -0.037303 -0.10715 -0.15937 -0.030759 -0.14766 -0.26189 -0.077617 -0.11332 -0.023619 -0.43487 0.041205 0.093921 -0.42586 -0.12815 0.003424 -0.7654 0.0079881 0.18364 -0.74575 -0.16812 -0.076688 -0.8184 -0.032192 0.12711 -0.80651 0.036576 -0.14149 0.57508
-0.14215 -0.0121 0.33351 0.14036 -0.052377 0.3206 -0.00026381 -0.050969 0.40386 0.011296 0.0025883 0.067596 -0.054964 -0.0027739 -0.05068 0.056357 -0.0027739 -0.049117 -0.23471 0.092822 0.10768 0.078538 -0.10349 0.066135 -0.16457 -0.090997 -0.024617 -0.089777 -0.22833 -0.042971 -0.11557 -0.15673 -0.035377 -0.15549 -0.26493 -0.07609 -0.11126 -0.033142 -0.43535 0.045191 0.094758 -0.42637 -0.13397 -0.035124 -0.77104 0.017857 0.18687 -0.7462 -0.16223 -0.083263 -0.78848 -0.010893 0.11598 -0.80342 0.027827 -0.13933 0.57789
-0.15039 -0.012941 0.33164 0.13362 -0.053801 0.32628 -0.010158 -0.054357 0.40398 0.0086101 -0.00079494 0.068039 -0.054661 -0.0019568 -0.051053 0.056339 -0.0019568 -0.049193 -0.24149 0.095063 0.10666 0.066424 -0.10609 0.072199 -0.17164 -0.085923 -0.029807 -0.093053 -0.22569 -0.054172 -0.12354 -0.1527 -0.037834 -0.16194 -0.26393 -0.0766 -0.10853 -0.037024 -0.43571 0.048534 0.095064 -0.42667 -0.13672 -0.047107 -0.77064 0.027401 0.18956 -0.74632 -0.13708 -0.051846 -0.73233 0.0059643 0.11217 -0.79817 0.0202 -0.13721 0.58031
-0.15831 -0.011878 0.32929 0.1267 -0.0541 0.33151 -0.019834 -0.056754 0.40387 0.0053547 -0.0035473 0.068296 -0.054382 -0.0005859 -0.051356 0.056714 -0.0005859 -0.048769 -0.24757 0.098458 0.10456 0.066983 -0.099648 0.076379 -0.17614 -0.081972 -0.031524 -0.082416 -0.2171 -0.065164 -0.12822 -0.14917 -0.036788 -0.15461 -0.2551 -0.078522 -0.10651 -0.034222 -0.4362 0.051057 0.094266 -0.42681 -0.13657 -0.04396 -0.76867 0.03808 0.19154 -0.74597 -0.1164 -0.018393 -0.6824 0.021432 0.11213 -0.79278 0.012721 -0.13526 0.58189
-0.16547 -0.0089699 0.32643 0.11964 -0.05237 0.33664 -0.029392 -0.057153 0.40364 0.0015883 -0.0052898 0.068351 -0.053962 0.0012988 -0.051748 0.057453 0.0012988 -0.047829 -0.25448 0.1008 0.10126 0.08873 -0.078891 0.078169 -0.177 -0.081433 -0.028333 -0.051182 -0.19946 -0.071319 -0.12759 -0.14763 -0.031561 -0.12507 -0.23626 -0.08112 -0.10615 -0.024552 -0.43699 0.052754 0.092086 -0.42685 -0.13412 -0.036055 -0.7687 0.050836 0.19286 -0.74503 -0.11791 -0.010862 -0.66405 0.037774 0.11273 -0.78877 0.0047985 -0.13358 0.58231
-0.17133 -0.0057301 0.32345 0.11352 -0.048699 0.34167 -0.037674 -0.055972 0.40341 -0.0021829 -0.0061846 0.068257 -0.053458 0.0032683 -0.052189 0.058229 0.0032683 -0.046795 -0.26171 0.10144 0.09761 0.12182 -0.05115 0.07959 -0.1753 -0.083317 -0.022483 -0.00855 -0.17772 -0.073246 -0.12333 -0.14756 -0.024443 -0.083071 -0.21265 -0.083235 -0.10634 -0.011595 -0.43795 0.054348 0.089565 -0.42687 -0.13183 -0.027767 -0.77009 0.064215 0.19456 -0.74358 -0.13097 -0.019255 -0.66904 0.053447 0.11311 -0.78548 -0.002407 -0.13198 0.58203
-0.17527 -0.0040663 0.32084 0.1097 -0.043456 0.3465 -0.043179 -0.054022 0.40333 -0.0053306 -0.006544 0.068086 -0.052987 0.0047873 -0.052587 0.058636 0.0047873 -0.046207 -0.26819 0.10019 0.094692 0.15134 -0.027227 0.083352 -0.1727 -0.085726 -0.01724 0.03189 -0.15904 -0.07301 -0.11813 -0.14788 -0.018551 -0.043391 -0.19155 -0.083595 -0.10543 3.4264e-05 -0.43886 0.056759 0.088105 -0.42701 -0.13264 -0.021779 -0.77098 0.076097 0.19795 -0.74175 -0.13708 -0.023068 -0.67986 0.065867 0.11299 -0.78164 -0.0072553 -0.13018 0.58172
-0.17728 -0.0048168 0.31873 0.10847 -0.037175 0.35094 -0.045567 -0.051818 0.40343 -0.00756 -0.0066009 0.067889 -0.05264 0.0055795 -0.052869 0.058554 0.0055795 -0.046239 -0.27345 0.097108 0.092873 0.16883 -0.012685 0.090468 -0.17041 -0.087523 -0.014698 0.061479 -0.14737 -0.071564 -0.11381 -0.14792 -0.015943 -0.014915 -0.17779 -0.081429 -0.10245 0.0079191 -0.43957 0.059967 0.0877 -0.42733 -0.13749 -0.019008 -0.77046 0.084755 0.20247 -0.73993 -0.12806 -0.01222 -0.68527 0.074776 0.11311 -0.77787 -0.0092339 -0.12801 0.58171
-0.17845 -0.0067942 0.31655 0.10812 -0.030702 0.35468 -0.046691 -0.049305 0.40359 -0.0092069 -0.0064368 0.067682 -0.052458 0.0058588 -0.053006 0.058408 0.0058588 -0.04637 -0.27814 0.092731 0.091146 0.17802 -0.0031725 0.098731 -0.16875 -0.08901 -0.014738 0.080896 -0.14062 -0.067759 -0.11052 -0.14779 -0.016683 0.004627 -0.17164 -0.076904 -0.097798 0.013802 -0.44011 0.062167 0.085689 -0.42792 -0.14353 -0.017026 -0.76929 0.089199 0.20396 -0.73898 -0.11515 0.0036227 -0.68595 0.084329 0.11601 -0.77843 -0.0099657 -0.12545 0.58182
-0.17993 -0.0086452 0.31372 0.10679 -0.024882 0.35739 -0.048554 -0.046379 0.40366 -0.01066 -0.0061179 0.067479 -0.052471 0.0058859 -0.052977 0.058658 0.0058859 -0.046033 -0.28297 0.087666 0.088426 0.18388 0.0065377 0.10566 -0.16787 -0.09063 -0.016951 0.09183 -0.13608 -0.060259 -0.1082 -0.14764 -0.020529 0.018649 -0.17273 -0.070281 -0.091989 0.019804 -0.44052 0.061492 0.079257 -0.42882 -0.14755 -0.013088 -0.76841 0.088649 0.19811 -0.73975 -0.11108 0.013176 -0.68386 0.09882 0.12406 -0.78755 -0.011232 -0.12252 0.58178
-0.18192 -0.010091 0.31059 0.10422 -0.019952 0.35891 -0.051375 -0.043208 0.40363 -0.011994 -0.0057336 0.067293 -0.05264 0.0057726 -0.05282 0.059293 0.0057726 -0.045234 -0.28746 0.082592 0.084919 0.18861 0.017533 0.11031 -0.16724 -0.092422 -0.020232 0.095475 -0.13271 -0.048576 -0.1061 -0.14755 -0.025705 0.028789 -0.17916 -0.061545 -0.085437 0.02655 -0.44075 0.058449 0.068245 -0.42995 -0.14811 -0.0054472 -0.76784 0.08456 0.18491 -0.74194 -0.11645 0.015555 -0.68054 0.11628 0.13277 -0.80242 -0.013387 -0.11951 0.58154
-0.18378 -0.011779 0.30833 0.10158 -0.01562 0.35924 -0.053833 -0.040188 0.40359 -0.013012 -0.0053929 0.067136 -0.05287 0.0055025 -0.052625 0.059898 0.0055025 -0.044467 -0.29009 0.07825 0.081954 0.19207 0.02732 0.11307 -0.16567 -0.094079 -0.022869 0.092594 -0.13088 -0.032957 -0.1029 -0.14748 -0.029114 0.035145 -0.18768 -0.050445 -0.078452 0.033365 -0.44061 0.055603 0.054783 -0.43112 -0.14531 0.0067755 -0.76686 0.080319 0.16808 -0.74431 -0.1213 0.018868 -0.67709 0.1293 0.13168 -0.81407 -0.01555 -0.11694 0.58124
-0.18497 -0.014167 0.30769 0.099822 -0.011585 0.35851 -0.05493 -0.037554 0.4036 -0.013578 -0.0051587 0.067022 -0.053072 0.0050564 -0.052472 0.060149 0.0050564 -0.044124 -0.28975 0.075294 0.080444 0.1941 0.033823 0.11441 -0.16233 -0.095193 -0.023827 0.084254 -0.13063 -0.014274 -0.097808 -0.14732 -0.028854 0.037935 -0.19512 -0.037175 -0.071573 0.039669 -0.44002 0.055055 0.040703 -0.43213 -0.13926 0.023638 -0.76514 0.07872 0.15125 -0.74568 -0.11698 0.029775 -0.67471 0.13168 0.11303 -0.81521 -0.017054 -0.11508 0.58099
-0.18583 -0.016306 0.30667 0.098306 -0.0076095 0.35781 -0.055984 -0.034447 0.40366 -0.013999 -0.0047983 0.066944 -0.053234 0.004425 -0.052366 0.060385 0.004425 -0.043827 -0.28788 0.073821 0.07848 0.19502 0.038315 0.11517 -0.15857 -0.094801 -0.026426 0.07353 -0.12968 0.0028132 -0.093441 -0.14656 -0.030819 0.038423 -0.19912 -0.024765 -0.066791 0.045742 -0.43931 0.055571 0.025486 -0.43275 -0.13008 0.040219 -0.76497 0.078438 0.13679 -0.74572 -0.1051 0.043984 -0.67506 0.12563 0.086874 -0.81005 -0.018825 -0.11284 0.58082
-0.18705 -0.016705 0.30221 0.095794 -0.0034821 0.35856 -0.059206 -0.029596 0.40373 -0.014755 -0.0039657 0.06689 -0.05337 0.0036028 -0.052283 0.061197 0.0036028 -0.042901 -0.28696 0.07371 0.073068 0.19533 0.043363 0.11631 -0.15663 -0.091731 -0.035662 0.064262 -0.12484 0.012191 -0.093745 -0.14452 -0.043899 0.038279 -0.19763 -0.017344 -0.066653 0.052193 -0.43897 0.054637 0.0077084 -0.43275 -0.1179 0.049684 -0.76967 0.07656 0.12657 -0.74439 -0.091196 0.052975 -0.67998 0.11668 0.070181 -0.80729 -0.022402 -0.10859 0.58071
-0.18853 -0.015124 0.29465 0.092324 0.00055051 0.3607 -0.064414 -0.0236 0.40378 -0.015824 -0.0027812 0.066853 -0.053508 0.0026893 -0.052188 0.062544 0.0026893 -0.04138 -0.28808 0.073556 0.064497 0.19412 0.048774 0.11734 -0.15674 -0.086805 -0.051041 0.058643 -0.11756 0.011533 -0.099256 -0.142 -0.068724 0.038267 -0.19283 -0.016564 -0.069913 0.059422 -0.43891 0.052792 -0.011689 -0.43208 -0.1041 0.052302 -0.778 0.073362 0.11904 -0.74235 -0.07954 0.055089 -0.68754 0.11037 0.069322 -0.81188 -0.027347 -0.10258 0.58073
-0.18826 -0.01456 0.29328 0.091248 0.0030544 0.36036 -0.065231 -0.021902 0.40376 -0.015898 -0.0025703 0.066846 -0.053701 0.002055 -0.052021 0.06275 0.002055 -0.041116 -0.28876 0.068637 0.061548 0.18689 0.04722 0.11399 -0.15394 -0.085993 -0.057866 0.054581 -0.12125 0.008316 -0.1017 -0.14366 -0.08455 0.036809 -0.19784 -0.01769 -0.065525 0.067284 -0.43746 0.058488 -0.025647 -0.43123 -0.093342 0.066707 -0.77702 0.077365 0.10371 -0.74206 -0.071078 0.066413 -0.68598 0.11228 0.063262 -0.81919 -0.028115 -0.099959 0.58111
-0.18402 -0.018411 0.30839 0.096294 0.0024734 0.35322 -0.054577 -0.03047 0.40367 -0.013523 -0.0047902 0.066881 -0.054001 0.0021006 -0.051726 0.059948 0.0021006 -0.044175 -0.2861 0.053906 0.074008 0.16877 0.030571 0.10159 -0.14272 -0.095849 -0.039769 0.049368 -0.15064 0.011445 -0.091727 -0.15453 -0.068021 0.032032 -0.22695 -0.015008 -0.041375 0.075534 -0.43281 0.081039 -0.026396 -0.43074 -0.090662 0.11363 -0.75247 0.098006 0.069231 -0.74611 -0.066204 0.10511 -0.66256 0.12777 0.027489 -0.82316 -0.018586 -0.10644 0.5821
-0.17672 -0.026759 0.33882 0.10655 -0.00072137 0.33992 -0.033947 -0.047784 0.40355 -0.0090299 -0.0090569 0.066966 -0.054185 0.0028384 -0.051518 0.054462 0.0028384 -0.050196 -0.28028 0.030519 0.10101 0.14148 0.00091397 0.08179 -0.12415 -0.11565 0.001655 0.042216 -0.20182 0.025795 -0.069825 -0.17352 -0.019899 0.024504 -0.27665 -0.0041389 -0.00034647 0.083559 -0.42575 0.11776 -0.014148 -0.43076 -0.096341 0.18848 -0.70748 0.13258 0.020178 -0.75403 -0.06473 0.16653 -0.62194 0.15381 -0.035568 -0.82196 6.729e-06 -0.12081 0.58358
-0.17095 -0.035847 0.37017 0.11574 -0.003715 0.32677 -0.014754 -0.06367 0.40359 -0.0048141 -0.012858 0.0671 -0.053718 0.0038316 -0.051924 0.049152 0.0038316 -0.056012 -0.27509 0.0067969 0.12935 0.11437 -0.027859 0.063506 -0.10695 -0.13626 0.044047 0.034555 -0.24942 0.05158 -0.047868 -0.1924 0.031175 0.017612 -0.32291 0.017755 0.037342 0.090322 -0.42007 0.15207 0.001663 -0.43093 -0.10517 0.25745 -0.66523 0.16436 -0.020456 -0.76171 -0.065799 0.21964 -0.58887 0.17775 -0.092322 -0.81864 0.017934 -0.13386 0.58501
-0.17078 -0.042007 0.38877 0.11807 -0.0038891 0.31964 -0.0075488 -0.068608 0.40393 -0.0030962 -0.01385 0.067283 -0.052181 0.0046428 -0.053358 0.046674 0.0046428 -0.058675 -0.27418 -0.0092447 0.14651 0.096255 -0.042795 0.054961 -0.099268 -0.14878 0.06642 0.027838 -0.26953 0.088205 -0.037023 -0.20318 0.058149 0.014548 -0.34309 0.052682 0.052753 0.094685 -0.41928 0.16849 0.012266 -0.43091 -0.11222 0.2886 -0.6475 0.17756 -0.03119 -0.76532 -0.068639 0.23544 -0.58604 0.1877 -0.11112 -0.8162 0.02621 -0.13697 0.58589
-0.1743 -0.044306 0.39405 0.11476 -0.0015638 0.31738 -0.010176 -0.063308 0.40458 -0.0034821 -0.012291 0.067507 -0.050394 0.0050561 -0.05504 0.046593 0.0050561 -0.058627 -0.27802 -0.015941 0.15196 0.087298 -0.045281 0.054408 -0.099919 -0.15053 0.070494 0.022633 -0.26251 0.13017 -0.036428 -0.20338 0.062165 0.015337 -0.33751 0.095978 0.047114 0.09484 -0.42267 0.168 0.019498 -0.4306 -0.11786 0.28192 -0.65349 0.17217 -0.013349 -0.76515 -0.073584 0.21625 -0.60741 0.18356 -0.093207 -0.81519 0.026769 -0.13077 0.58625
-0.17641 -0.043252 0.39238 0.11071 0.0013889 0.31515 -0.013772 -0.05388 0.40545 -0.0041974 -0.0098081 0.06776 -0.04983 0.0049724 -0.05556 0.046842 0.0049724 -0.058094 -0.28541 -0.014979 0.15151 0.083118 -0.044283 0.054832 -0.10282 -0.14214 0.069985 0.019035 -0.24151 0.1694 -0.038871 -0.19345 0.059255 0.018331 -0.31859 0.13945 0.032307 0.088624 -0.42729 0.16034 0.030798 -0.43004 -0.12528 0.2542 -0.67048 0.15646 0.019693 -0.76368 -0.081558 0.18089 -0.63179 0.17145 -0.057212 -0.81482 0.027314 -0.12077 0.58642
-0.17388 -0.039606 0.38914 0.10941 0.0034981 0.30961 -0.012092 -0.045361 0.40642 -0.0039884 -0.0077156 0.068019 -0.051351 0.0043847 -0.054095 0.045929 0.0043847 -0.058711 -0.29318 -0.0098964 0.14966 0.079952 -0.046546 0.051174 -0.10202 -0.12709 0.074152 0.017137 -0.21895 0.19878 -0.037486 -0.17677 0.06071 0.021667 -0.29796 0.1748 0.017722 0.074953 -0.43088 0.15372 0.049534 -0.42939 -0.13557 0.221 -0.6877 0.13784 0.055545 -0.76272 -0.092086 0.1459 -0.64452 0.15676 -0.019765 -0.81416 0.032988 -0.11161 0.58666
-0.1702 -0.034968 0.38584 0.10907 0.0047786 0.30296 -0.0084947 -0.038774 0.40726 -0.0035116 -0.0061625 0.068223 -0.053615 0.0036113 -0.05194 0.044484 0.0036113 -0.059933 -0.29101 -0.010743 0.14593 0.076405 -0.05064 0.045549 -0.092189 -0.11903 0.075932 0.017023 -0.20435 0.21488 -0.026861 -0.16713 0.060349 0.022765 -0.28403 0.19341 0.0034785 0.056616 -0.43376 0.15068 0.064331 -0.42939 -0.1423 0.19282 -0.70184 0.12029 0.085703 -0.76147 -0.099679 0.11887 -0.65483 0.14219 0.010213 -0.81194 0.03958 -0.10463 0.58688
-0.17029 -0.031114 0.38314 0.10676 0.0055707 0.2986 -0.0084227 -0.034242 0.40772 -0.0038371 -0.0050377 0.068301 -0.054806 0.0030394 -0.050846 0.043598 0.0030394 -0.060736 -0.26731 -0.028794 0.13882 0.071633 -0.053339 0.041638 -0.068287 -0.13359 0.064803 0.018777 -0.20633 0.21519 -0.0020783 -0.18038 0.048275 0.018952 -0.28431 0.18688 -0.012322 0.037234 -0.43681 0.15243 0.06077 -0.43085 -0.13745 0.17887 -0.71126 0.10697 0.10268 -0.75864 -0.097811 0.1053 -0.67709 0.12978 0.025677 -0.80679 0.040861 -0.10042 0.58691
-0.17559 -0.028911 0.38215 0.10169 0.0057827 0.29781 -0.0136 -0.031946 0.40771 -0.0052485 -0.0042967 0.068243 -0.054295 0.0028184 -0.051408 0.043664 0.0028184 -0.060721 -0.22608 -0.061567 0.13006 0.065753 -0.053599 0.04096 -0.035326 -0.16957 0.041921 0.022428 -0.22211 0.20434 0.031575 -0.21568 0.025901 0.011522 -0.29611 0.16261 -0.0283 0.018483 -0.44 0.15612 0.039808 -0.43349 -0.1193 0.17846 -0.71599 0.097641 0.10788 -0.75411 -0.084959 0.10284 -0.71416 0.11923 0.0286 -0.79894 0.034938 -0.098866 0.58686
-0.18212 -0.027816 0.38464 0.096349 0.0046542 0.29855 -0.019987 -0.032148 0.4074 -0.0068097 -0.0039987 0.068133 -0.05329 0.0027291 -0.052426 0.043984 0.0027291 -0.060455 -0.19555 -0.085247 0.12642 0.060377 -0.053756 0.041677 -0.01387 -0.1997 0.026541 0.027921 -0.23112 0.19807 0.052992 -0.2463 0.012167 0.0079177 -0.30091 0.15255 -0.038001 -0.00097681 -0.44193 0.15264 0.02624 -0.4353 -0.095889 0.17551 -0.7186 0.086804 0.11648 -0.74963 -0.06736 0.096985 -0.75102 0.10665 0.034943 -0.79104 0.02664 -0.098782 0.58715
-0.18569 -0.027136 0.39213 0.093349 0.0015277 0.29863 -0.023347 -0.034968 0.407 -0.0075501 -0.0041884 0.068059 -0.053068 0.0025359 -0.052639 0.043831 0.0025359 -0.060543 -0.20343 -0.07636 0.13431 0.057118 -0.056191 0.041793 -0.023868 -0.1968 0.037485 0.034925 -0.21335 0.21148 0.041736 -0.24554 0.025512 0.015205 -0.28081 0.18734 -0.035134 -0.022632 -0.44115 0.13339 0.044577 -0.4343 -0.075489 0.15388 -0.72177 0.069123 0.14337 -0.74697 -0.051467 0.073377 -0.77229 0.088306 0.060343 -0.78579 0.021055 -0.098926 0.58821
-0.18604 -0.025795 0.4018 0.092716 -0.0021133 0.29775 -0.023465 -0.038482 0.40669 -0.0074387 -0.0046001 0.068044 -0.053705 0.0022102 -0.051989 0.043244 0.0022102 -0.060975 -0.24283 -0.040431 0.1498 0.055838 -0.059978 0.041034 -0.059196 -0.16475 0.067021 0.039564 -0.17618 0.23903 0.0044506 -0.21647 0.057512 0.028359 -0.24419 0.25224 -0.021457 -0.046442 -0.43732 0.10412 0.088215 -0.43099 -0.058558 0.11407 -0.72631 0.047489 0.18358 -0.74603 -0.037768 0.033537 -0.77837 0.067191 0.10011 -0.78368 0.018985 -0.0985 0.5897
-0.18565 -0.022446 0.40778 0.09265 -0.0032606 0.29689 -0.022982 -0.039314 0.40663 -0.007113 -0.0047472 0.068062 -0.05442 0.0018703 -0.051281 0.042819 0.0018703 -0.061302 -0.28222 -0.0036301 0.16153 0.055155 -0.06184 0.040357 -0.095166 -0.12951 0.088514 0.035437 -0.14649 0.26041 -0.032935 -0.18339 0.080628 0.033747 -0.21812 0.30023 -0.004453 -0.071282 -0.4309 0.080718 0.1284 -0.42763 -0.039979 0.068423 -0.73178 0.03065 0.21807 -0.74534 -0.022504 -0.0097023 -0.7809 0.051058 0.1351 -0.78359 0.018181 -0.097027 0.59072
-0.18646 -0.016506 0.40565 0.091779 0.00035273 0.29692 -0.023928 -0.035118 0.40692 -0.0070816 -0.0042838 0.068092 -0.05461 0.0016356 -0.051125 0.043012 0.0016356 -0.061176 -0.29577 0.012326 0.16063 0.05416 -0.059345 0.040592 -0.11119 -0.11286 0.081533 0.01923 -0.14579 0.25962 -0.048871 -0.16673 0.073709 0.021539 -0.22357 0.29451 0.0086867 -0.094916 -0.42297 0.075557 0.14217 -0.426 -0.015903 0.027117 -0.73761 0.02516 0.23184 -0.74365 -0.0026336 -0.046085 -0.78953 0.045679 0.15017 -0.78435 0.016955 -0.094316 0.59059
-0.18725 -0.011236 0.39851 0.091043 0.0071268 0.29782 -0.024946 -0.028844 0.40738 -0.0071353 -0.0035905 0.068129 -0.054655 0.0016144 -0.051081 0.043545 0.0016144 -0.060795 -0.28866 0.010203 0.15144 0.054437 -0.054546 0.041817 -0.10914 -0.11298 0.058702 0.0033305 -0.16662 0.24364 -0.045746 -0.16532 0.049605 0.0018545 -0.24888 0.25285 0.012857 -0.10967 -0.41783 0.082148 0.13788 -0.42542 0.010568 -0.011857 -0.74289 0.025975 0.23184 -0.74085 0.020823 -0.079439 -0.8028 0.046411 0.15172 -0.78462 0.016758 -0.091589 0.58967
-0.18585 -0.011081 0.39181 0.092098 0.014263 0.29932 -0.023639 -0.025084 0.40776 -0.0068434 -0.0032723 0.068175 -0.055237 0.0019107 -0.050385 0.043914 0.0019107 -0.060524 -0.27572 0.00038652 0.14233 0.058339 -0.05088 0.043874 -0.097925 -0.12077 0.042879 0.0049531 -0.19253 0.22655 -0.033409 -0.17129 0.0317 -0.0090217 -0.2723 0.20993 0.0036423 -0.10619 -0.42075 0.088158 0.13361 -0.42446 0.034178 -0.054242 -0.74658 0.024459 0.23178 -0.73717 0.045574 -0.11792 -0.81575 0.045387 0.1529 -0.78302 0.020002 -0.090502 0.58868
-0.18166 -0.017302 0.38857 0.095271 0.020141 0.30121 -0.019367 -0.025978 0.4079 -0.0060826 -0.0035797 0.068224 -0.056552 0.0024768 -0.048829 0.04386 0.0024768 -0.060551 -0.26746 -0.0088498 0.13823 0.06606 -0.049676 0.046507 -0.085668 -0.12913 0.045687 0.029551 -0.21232 0.21595 -0.020511 -0.17833 0.032394 -0.0031563 -0.28165 0.18641 -0.016712 -0.07838 -0.43147 0.086182 0.14045 -0.42201 0.0518 -0.096088 -0.74692 0.015932 0.24044 -0.73262 0.068208 -0.15926 -0.8217 0.038194 0.16211 -0.77874 0.02694 -0.091604 0.58808
-0.1774 -0.024489 0.38671 0.098108 0.025611 0.30345 -0.01519 -0.028536 0.40792 -0.0053753 -0.0040193 0.068263 -0.057781 0.0029478 -0.047385 0.043649 0.0029478 -0.060682 -0.26521 -0.01367 0.13663 0.073275 -0.04784 0.049247 -0.078949 -0.13526 0.05518 0.05791 -0.2258 0.20573 -0.013191 -0.18341 0.04104 0.0098636 -0.2849 0.17348 -0.031997 -0.02693 -0.43814 0.07915 0.15489 -0.41765 0.064771 -0.11311 -0.74058 0.0040079 0.2561 -0.72671 0.08296 -0.1793 -0.81035 0.027668 0.17783 -0.77221 0.033287 -0.093117 0.5879
-0.17609 -0.026658 0.38359 0.097914 0.031798 0.30602 -0.014486 -0.029244 0.40793 -0.0052998 -0.0040264 0.068277 -0.05802 0.0029365 -0.04712 0.043596 0.0029365 -0.06069 -0.26893 -0.011102 0.13424 0.075299 -0.041876 0.051615 -0.083612 -0.13705 0.056945 0.068656 -0.23417 0.18847 -0.016768 -0.1841 0.04448 0.018683 -0.29208 0.15899 -0.025155 0.046068 -0.42815 0.071194 0.17159 -0.41114 0.074964 -0.080085 -0.72434 -0.0068667 0.27577 -0.71889 0.084225 -0.15269 -0.77185 0.017395 0.19736 -0.76398 0.034399 -0.093036 0.58808
-0.17815 -0.023476 0.3786 0.094348 0.039044 0.30871 -0.017573 -0.027158 0.40796 -0.005901 -0.0035053 0.068259 -0.057242 0.002437 -0.048063 0.043734 0.002437 -0.060578 -0.27366 -0.0046558 0.12944 0.071886 -0.031462 0.053413 -0.094249 -0.13582 0.047196 0.060338 -0.23823 0.16466 -0.026 -0.18163 0.037743 0.02118 -0.3039 0.13895 0.0016474 0.12722 -0.40281 0.064315 0.18658 -0.40364 0.083705 -0.0060922 -0.70117 -0.016726 0.2967 -0.70894 0.075967 -0.087081 -0.71515 0.0074924 0.21849 -0.75456 0.030145 -0.090698 0.58852
-0.18152 -0.019995 0.37306 0.089307 0.046941 0.31116 -0.021857 -0.023782 0.40794 -0.0067156 -0.0028075 0.068212 -0.056258 0.0018062 -0.049255 0.043826 0.0018062 -0.060569 -0.2697 -0.0040109 0.12227 0.067017 -0.019311 0.054716 -0.094739 -0.13617 0.032269 0.050485 -0.23841 0.14234 -0.025574 -0.18075 0.023664 0.024034 -0.31215 0.11709 0.027927 0.19237 -0.37675 0.058487 0.19712 -0.39762 0.091794 0.067117 -0.67994 -0.029872 0.31641 -0.69692 0.071269 -0.021541 -0.66714 -0.0052264 0.23956 -0.74441 0.024689 -0.086719 0.58901
-0.18418 -0.020561 0.36792 0.084543 0.055075 0.31304 -0.024995 -0.020493 0.4078 -0.0073203 -0.0022548 0.068145 -0.055767 0.001357 -0.049864 0.043744 0.001357 -0.060781 -0.24926 -0.017134 0.11278 0.064294 -0.0079634 0.055618 -0.071604 -0.14179 0.018164 0.054779 -0.23519 0.1281 -0.0026487 -0.18521 0.0054003 0.033438 -0.3096 0.096656 0.0355 0.22142 -0.363 0.053401 0.20149 -0.3949 0.099139 0.1035 -0.6686 -0.049644 0.33276 -0.68314 0.080713 0.010309 -0.65114 -0.02316 0.25906 -0.73407 0.021804 -0.081756 0.58938
-0.1848 -0.023048 0.36122 0.08016 0.063182 0.31441 -0.027254 -0.017109 0.40772 -0.0077153 -0.0018363 0.068096 -0.055442 0.00099173 -0.050234 0.044201 0.00099173 -0.060517 -0.21914 -0.038176 0.10074 0.063485 0.0020678 0.056277 -0.033039 -0.14916 0.0056569 0.070536 -0.22914 0.11629 0.035397 -0.19093 -0.013773 0.049682 -0.29857 0.07506 0.02753 0.22598 -0.35945 0.047328 0.20493 -0.39216 0.099474 0.11648 -0.66701 -0.071367 0.34614 -0.66959 0.094691 0.022129 -0.66019 -0.04224 0.27663 -0.72475 0.021294 -0.076388 0.5895
-0.18235 -0.02255 0.34968 0.075556 0.07106 0.31552 -0.03002 -0.012774 0.40796 -0.0080828 -0.001398 0.068116 -0.054512 0.00043598 -0.051215 0.046271 0.00043598 -0.058731 -0.1924 -0.055351 0.085779 0.062706 0.011144 0.05688 0.0034519 -0.15168 -0.0067236 0.087178 -0.22093 0.095993 0.072494 -0.1905 -0.030532 0.070522 -0.28541 0.047228 0.016352 0.23126 -0.35749 0.037932 0.21564 -0.38385 0.083891 0.1407 -0.67156 -0.086928 0.35801 -0.65896 0.094924 0.047893 -0.67431 -0.055617 0.29235 -0.7179 0.021261 -0.071162 0.58928
-0.1757 -0.017644 0.33227 0.07151 0.077496 0.3165 -0.033013 -0.0081811 0.40853 -0.0083379 -0.00099937 0.068216 -0.052723 -0.00031875 -0.053091 0.0502 -0.00031875 -0.055163 -0.17713 -0.062383 0.068597 0.061789 0.018479 0.057508 0.026527 -0.14663 -0.019435 0.098427 -0.21243 0.062431 0.098033 -0.18107 -0.042224 0.094545 -0.2759 0.012249 0.011358 0.24935 -0.35246 0.025555 0.23476 -0.36887 0.049925 0.1953 -0.67863 -0.090537 0.36803 -0.65312 0.072008 0.10561 -0.67912 -0.05822 0.3049 -0.71447 0.02143 -0.067603 0.58855
-0.16335 -0.016957 0.3143 0.072796 0.078357 0.31715 -0.031155 -0.0084805 0.4087 -0.0076261 -0.0013147 0.068289 -0.051303 -0.00051454 -0.054519 0.053845 -0.00051454 -0.051803 -0.16701 -0.068911 0.052905 0.065527 0.019978 0.057938 0.042676 -0.14248 -0.029998 0.11045 -0.20893 0.028601 0.1172 -0.17302 -0.048118 0.12276 -0.27399 -0.018785 0.013361 0.25436 -0.35108 0.018246 0.24316 -0.35882 0.01369 0.2545 -0.68476 -0.083134 0.37068 -0.65163 0.042168 0.16713 -0.6764 -0.050119 0.30883 -0.71379 0.026222 -0.070056 0.58708
-0.14377 -0.030661 0.30212 0.084759 0.069137 0.31723 -0.018649 -0.019455 0.40761 -0.0049803 -0.0031065 0.068212 -0.051714 0.00071914 -0.053903 0.054692 0.00071914 -0.050995 -0.15326 -0.087154 0.042869 0.079456 0.011101 0.057896 0.061444 -0.1495 -0.035474 0.13149 -0.21619 0.010359 0.1379 -0.17882 -0.047859 0.15655 -0.28314 -0.032916 0.021618 0.21443 -0.36189 0.0252 0.2186 -0.36727 -0.0056028 0.28508 -0.68649 -0.066873 0.35969 -0.65362 0.025938 0.19673 -0.67076 -0.032337 0.2981 -0.71496 0.040771 -0.083213 0.5846
-0.11773 -0.059466 0.29757 0.10748 0.05072 0.31661 0.0049937 -0.040748 0.40512 -0.00036549 -0.0063235 0.067943 -0.054179 0.0033467 -0.051029 0.052337 0.0033467 -0.053115 -0.13175 -0.11947 0.039397 0.10389 -0.0072435 0.057227 0.087381 -0.16925 -0.035302 0.16355 -0.23353 0.012012 0.16417 -0.20003 -0.042246 0.19549 -0.30106 -0.027443 0.034481 0.12722 -0.38556 0.046795 0.15823 -0.39595 0.0031711 0.27525 -0.68178 -0.044419 0.33437 -0.65836 0.033775 0.18347 -0.66481 -0.0071681 0.27245 -0.71762 0.065497 -0.10602 0.58121
-0.088857 -0.092034 0.29678 0.13435 0.030857 0.3153 0.033505 -0.064175 0.40197 0.0050658 -0.0098779 0.067543 -0.057342 0.0061783 -0.04744 0.049067 0.0061783 -0.056033 -0.10432 -0.15565 0.039248 0.13247 -0.027206 0.055924 0.11867 -0.19228 -0.031952 0.20075 -0.2521 0.023156 0.19508 -0.2243 -0.033548 0.2368 -0.31814 -0.012739 0.04915 0.027964 -0.4127 0.072186 0.083978 -0.43153 0.040827 0.24048 -0.67029 -0.019096 0.30123 -0.66532 0.063291 0.14798 -0.65862 0.021476 0.23896 -0.72213 0.094822 -0.1301 0.57751
-0.060968 -0.11625 0.29552 0.15831 0.017747 0.31333 0.060177 -0.081049 0.39896 0.010084 -0.012615 0.067082 -0.059745 0.0079491 -0.044797 0.047341 0.0079491 -0.057459 -0.073168 -0.18468 0.038911 0.15844 -0.040487 0.053994 0.1531 -0.20838 -0.028092 0.23669 -0.26251 0.032433 0.22939 -0.23839 -0.024126 0.27757 -0.32425 -2.2866e-05 0.062748 -0.045626 -0.43326 0.089795 0.019337 -0.45966 0.10751 0.19802 -0.65183 0.0057325 0.26723 -0.67397 0.11127 0.11295 -0.65208 0.04958 0.2052 -0.72889 0.12278 -0.1466 0.57412
-0.037885 -0.11999 0.28956 0.17231 0.019588 0.31072 0.078302 -0.082678 0.3969 0.01346 -0.013379 0.066628 -0.05993 0.0073942 -0.044758 0.049622 0.0073942 -0.0551 -0.0405 -0.19555 0.034873 0.175 -0.038787 0.051439 0.18843 -0.20737 -0.026387 0.26497 -0.25538 0.028486 0.26587 -0.22907 -0.016345 0.31489 -0.30931 -0.00051592 0.072399 -0.055858 -0.43721 0.088047 -0.012177 -0.46604 0.20337 0.16514 -0.62618 0.026703 0.23932 -0.68379 0.17448 0.10106 -0.64507 0.073126 0.17873 -0.73833 0.1434 -0.14667 0.57167
-0.023427 -0.091133 0.27465 0.1693 0.044576 0.3075 0.081173 -0.060373 0.39658 0.013964 -0.011016 0.066251 -0.056438 0.003249 -0.048982 0.058368 0.003249 -0.046666 -0.0085229 -0.17723 0.023624 0.17539 -0.013806 0.048265 0.22244 -0.17905 -0.029505 0.2792 -0.22131 -4.6127e-05 0.30328 -0.18309 -0.012568 0.34583 -0.2632 -0.025438 0.075227 0.034963 -0.4145 0.055367 0.012947 -0.43633 0.32855 0.15907 -0.59314 0.040452 0.22446 -0.69426 0.24972 0.13499 -0.63749 0.088099 0.1671 -0.75083 0.15071 -0.12146 0.57079
