-0.12939 0.0055809 0.33348 0.15247 0.00036961 0.32743 0.012753 -0.025443 0.40823 0.0023775 -0.0070622 0.068191 -0.054118 0.0017454 -0.051606 0.051047 0.0017454 -0.054646 -0.30406 0.0039922 0.13313 0.31052 -0.11157 0.14539 -0.47348 -0.095742 0.00076992 0.40112 -0.32779 0.11058 -0.52945 -0.12603 -0.052041 0.45664 -0.38852 0.11885 -0.073593 0.10281 -0.42757 0.069543 0.089051 -0.43409 -0.052802 0.18225 -0.75122 0.0627 0.13261 -0.76507 -0.061779 0.1107 -0.81089 0.051497 0.054251 -0.81502 0.01934 -0.073836 0.59936
-0.12906 0.011285 0.33755 0.15394 -0.00043904 0.32707 0.013988 -0.022057 0.40835 0.0025354 -0.0062001 0.068222 -0.054561 0.0012234 -0.051087 0.051639 0.0012234 -0.054085 -0.35115 -0.018199 0.20391 0.32525 -0.13411 0.18705 -0.52836 -0.13379 0.11155 0.44077 -0.33635 0.17464 -0.59148 -0.16819 0.083443 0.5048 -0.38453 0.18653 -0.073621 0.10224 -0.42717 0.069178 0.08823 -0.43363 -0.051667 0.18222 -0.75064 0.06295 0.13269 -0.76449 -0.061129 0.10871 -0.80778 0.051645 0.054357 -0.81452 0.019239 -0.070803 0.59942
-0.12905 0.011851 0.33725 0.1544 -0.005494 0.32621 0.014141 -0.022845 0.40834 0.0027033 -0.0067068 0.068216 -0.053948 0.001485 -0.051795 0.050755 0.001485 -0.054926 -0.37899 -0.051495 0.27204 0.3462 -0.16377 0.23158 -0.56918 -0.18761 0.23217 0.48926 -0.35167 0.25336 -0.64229 -0.22638 0.22718 0.55386 -0.3953 0.28114 -0.072346 0.10035 -0.4284 0.068587 0.087437 -0.43471 -0.050652 0.18156 -0.75154 0.062679 0.13222 -0.76554 -0.059884 0.10698 -0.80734 0.051833 0.053879 -0.8156 0.018245 -0.071998 0.59934
-0.12937 0.010843 0.33764 0.1556 -0.010645 0.32614 0.014698 -0.023108 0.40833 0.0029554 -0.0070323 0.06822 -0.053324 0.0016029 -0.052513 0.049755 0.0016029 -0.055871 -0.37902 -0.090257 0.34185 0.35712 -0.18998 0.28496 -0.56484 -0.24793 0.35804 0.51034 -0.36596 0.34796 -0.63991 -0.29031 0.37482 0.56521 -0.40809 0.39611 -0.071324 0.097791 -0.42975 0.067116 0.086511 -0.43593 -0.050249 0.18031 -0.75258 0.061445 0.13183 -0.7667 -0.058916 0.105 -0.80746 0.051348 0.053407 -0.81673 0.017933 -0.072403 0.59933
-0.13 0.011822 0.34375 0.15932 -0.011742 0.32813 0.017145 -0.018144 0.40847 0.003366 -0.0056265 0.068277 -0.053735 0.00064981 -0.052019 0.049999 0.00064981 -0.055624 -0.34266 -0.12884 0.41766 0.34176 -0.20215 0.35315 -0.48422 -0.30549 0.48457 0.46781 -0.37144 0.45969 -0.54235 -0.34969 0.52205 0.50024 -0.41015 0.5249 -0.072112 0.095231 -0.42974 0.064111 0.08529 -0.43586 -0.05095 0.17851 -0.75239 0.058806 0.13215 -0.76641 -0.0591 0.10223 -0.80602 0.049477 0.053532 -0.81636 0.019878 -0.066997 0.59957
-0.13153 0.014316 0.35651 0.16466 -0.0072304 0.33125 0.021125 -0.0079516 0.40875 0.0038435 -0.0021307 0.068401 -0.055522 -0.0014592 -0.049952 0.051903 -0.0014592 -0.053795 -0.26908 -0.16516 0.49153 0.2939 -0.19996 0.43 -0.32133 -0.35511 0.59709 0.34902 -0.36711 0.57708 -0.34118 -0.3992 0.65345 0.34854 -0.39855 0.65029 -0.075285 0.092034 -0.42807 0.059281 0.083493 -0.43414 -0.053647 0.17515 -0.75082 0.054454 0.13324 -0.76428 -0.061049 0.097385 -0.80247 0.046278 0.054347 -0.8141 0.023476 -0.055546 0.60013
-0.1366 0.004128 0.36285 0.16168 -0.0043902 0.32701 0.020014 -0.0085171 0.40866 0.0037327 -0.00023863 0.068496 -0.056623 -0.0019437 -0.04886 0.052662 -0.0019437 -0.053081 -0.18388 -0.20916 0.51387 0.24152 -0.21792 0.46806 -0.15562 -0.40543 0.64678 0.22156 -0.37511 0.64539 -0.14207 -0.4504 0.716 0.19563 -0.40362 0.71887 -0.078085 0.083191 -0.4286 0.053581 0.080434 -0.43407 -0.060582 0.16562 -0.75167 0.048536 0.13339 -0.76371 -0.064489 0.086599 -0.80167 0.044446 0.054251 -0.81351 0.020711 -0.054093 0.60061
-0.14426 -0.0268 0.35603 0.14717 -0.012675 0.31266 0.012095 -0.029779 0.40767 0.0029416 -0.0025689 0.068464 -0.055992 0.00091634 -0.049876 0.050664 0.00091634 -0.055001 -0.11041 -0.26387 0.45972 0.21788 -0.26899 0.43126 -0.049391 -0.45574 0.60765 0.15237 -0.40137 0.62208 -0.026769 -0.50212 0.68026 0.12198 -0.43703 0.69137 -0.078915 0.066617 -0.43304 0.048614 0.07595 -0.43747 -0.072421 0.14855 -0.75652 0.042139 0.13121 -0.7667 -0.069767 0.06913 -0.80602 0.04517 0.052025 -0.81666 0.008055 -0.072802 0.60033
-0.14096 -0.058093 0.3587 0.14507 -0.042463 0.30848 0.015249 -0.052014 0.40558 0.0035227 -0.0056584 0.068272 -0.057382 0.0035987 -0.047742 0.050191 0.0035987 -0.055317 -0.047531 -0.30262 0.40936 0.25002 -0.27509 0.34671 0.045937 -0.46653 0.54833 0.15282 -0.38551 0.53181 0.074277 -0.50199 0.61592 0.12813 -0.42952 0.59724 -0.082061 0.052345 -0.43374 0.047185 0.071801 -0.4391 -0.083979 0.13508 -0.75724 0.039013 0.12764 -0.76819 -0.079757 0.055831 -0.80679 0.043162 0.048775 -0.81831 0.0010223 -0.092516 0.59807
-0.12069 -0.072335 0.38582 0.16918 -0.09528 0.32832 0.038788 -0.058593 0.40278 0.0064957 -0.0064542 0.067958 -0.062703 0.0033589 -0.039936 0.054027 0.0033589 -0.05133 0.0056801 -0.30683 0.4235 0.3337 -0.18071 0.25114 0.16697 -0.41767 0.52737 0.20436 -0.28791 0.41496 0.21526 -0.42409 0.58441 0.18332 -0.33386 0.47999 -0.089813 0.048348 -0.42634 0.050361 0.069513 -0.43548 -0.090435 0.13367 -0.74918 0.041115 0.12395 -0.76478 -0.094777 0.05478 -0.79859 0.034858 0.045813 -0.81485 0.0097622 -0.09709 0.59377
-0.1065 -0.076863 0.4134 0.18838 -0.14645 0.35425 0.056041 -0.058716 0.4011 0.008668 -0.0065497 0.067734 -0.065798 0.0026866 -0.0355 0.057276 0.0026866 -0.048083 0.035628 -0.2985 0.44625 0.37745 -0.047587 0.17333 0.2526 -0.36721 0.5203 0.2334 -0.16683 0.3195 0.31983 -0.34841 0.56679 0.21161 -0.21276 0.38489 -0.095347 0.049752 -0.4213 0.053489 0.068846 -0.43221 -0.091349 0.13791 -0.74333 0.04369 0.12103 -0.76186 -0.10629 0.059405 -0.79223 0.02537 0.043743 -0.8116 0.018048 -0.095785 0.59113
-0.11438 -0.080065 0.42181 0.17934 -0.17009 0.36607 0.048079 -0.061957 0.40156 0.0078019 -0.0075613 0.067722 -0.062613 0.0036964 -0.040331 0.055942 0.0036964 -0.049589 0.034596 -0.29829 0.43065 0.32058 0.042319 0.14307 0.25809 -0.36145 0.5016 0.18733 -0.092886 0.28763 0.32994 -0.33788 0.54201 0.15974 -0.13901 0.35176 -0.093425 0.051375 -0.42595 0.052943 0.06908 -0.43385 -0.087314 0.14119 -0.7475 0.042915 0.11926 -0.7638 -0.10747 0.06325 -0.79591 0.019734 0.042837 -0.81334 0.013146 -0.098329 0.59237
-0.12748 -0.081166 0.42187 0.16135 -0.14985 0.35282 0.034136 -0.066386 0.40242 0.0062596 -0.0089199 0.067729 -0.058624 0.0049645 -0.046294 0.05217 0.0049645 -0.053367 0.017678 -0.30369 0.41006 0.22721 0.0097427 0.19659 0.2299 -0.37734 0.48301 0.096453 -0.12224 0.34246 0.29982 -0.35849 0.52217 0.057253 -0.15912 0.4048 -0.087475 0.05342 -0.43199 0.050632 0.069052 -0.43786 -0.079578 0.1437 -0.75335 0.040696 0.11792 -0.76802 -0.10033 0.06725 -0.80303 0.018579 0.042829 -0.8192 0.0044573 -0.10341 0.59386
-0.131 -0.07919 0.42352 0.15245 -0.090135 0.31646 0.030924 -0.069239 0.40227 0.0060558 -0.0099817 0.067605 -0.058272 0.0052459 -0.046817 0.048554 0.0052459 -0.056634 0.0032265 -0.30813 0.41392 0.16058 -0.15606 0.32876 0.21519 -0.38804 0.47669 0.0015409 -0.25382 0.46744 0.28479 -0.37263 0.51759 -0.051194 -0.27127 0.52871 -0.081511 0.056222 -0.43254 0.048596 0.068306 -0.4413 -0.070402 0.1462 -0.75389 0.03893 0.11664 -0.77154 -0.088764 0.071734 -0.80678 0.021103 0.043291 -0.82657 0.00066137 -0.10741 0.59316
-0.12884 -0.076435 0.42192 0.15012 -0.042757 0.28704 0.033173 -0.070413 0.40179 0.0064469 -0.010819 0.067429 -0.059499 0.0051973 -0.045 0.046271 0.0051973 -0.058547 0.0081887 -0.30458 0.42881 0.13026 -0.29707 0.42912 0.22517 -0.38603 0.48058 -0.064898 -0.35063 0.55569 0.29652 -0.37363 0.5204 -0.11756 -0.36469 0.61674 -0.077432 0.058211 -0.43077 0.046934 0.068318 -0.4432 -0.064289 0.14817 -0.75206 0.037117 0.1165 -0.77346 -0.077745 0.072516 -0.80591 0.024766 0.043617 -0.83092 -0.00047525 -0.10548 0.59316
-0.1272 -0.07608 0.41611 0.14989 -0.039183 0.28391 0.034293 -0.070728 0.40161 0.0065832 -0.011591 0.067285 -0.060083 0.0054676 -0.04415 0.045707 0.0054676 -0.058972 0.029392 -0.29453 0.43402 0.13009 -0.31032 0.43109 0.24722 -0.37582 0.48704 -0.083728 -0.33718 0.54617 0.32185 -0.3662 0.51948 -0.1192 -0.37418 0.60706 -0.075851 0.058494 -0.43002 0.045558 0.069878 -0.44341 -0.063475 0.14916 -0.75114 0.03477 0.11782 -0.77367 -0.07097 0.070185 -0.80349 0.027757 0.043575 -0.83031 -0.0013163 -0.10065 0.5945
-0.13099 -0.082123 0.41917 0.15003 -0.047445 0.29179 0.032409 -0.072173 0.4016 0.0063412 -0.012404 0.06717 -0.059727 0.0060178 -0.044655 0.04592 0.0060178 -0.058737 0.018075 -0.29908 0.40732 0.1366 -0.27861 0.40569 0.22666 -0.38268 0.48087 -0.063704 -0.32684 0.51491 0.30612 -0.37023 0.50277 -0.093092 -0.37749 0.57306 -0.075167 0.058392 -0.43061 0.044625 0.071533 -0.44299 -0.064205 0.14936 -0.75169 0.03227 0.11875 -0.77331 -0.068845 0.077836 -0.81046 0.030545 0.043853 -0.8294 -0.00070154 -0.11426 0.59075
-0.1364 -0.090073 0.42877 0.14875 -0.041454 0.2946 0.030006 -0.073957 0.40158 0.0060485 -0.013031 0.06709 -0.059062 0.0065079 -0.045569 0.046037 0.0065079 -0.058596 -0.042007 -0.32226 0.35223 0.13529 -0.26966 0.40667 0.14526 -0.4159 0.46074 -0.020377 -0.38744 0.51967 0.2283 -0.3972 0.47545 -0.067933 -0.42314 0.57268 -0.074125 0.058646 -0.43155 0.044014 0.072513 -0.44277 -0.063944 0.14913 -0.7528 0.030157 0.11861 -0.77318 -0.070407 0.098082 -0.82814 0.033057 0.044807 -0.83071 0.0019237 -0.14808 0.58052
-0.12164 -0.077213 0.40582 0.14327 -0.026614 0.2849 0.037395 -0.069037 0.40159 0.0067699 -0.012551 0.067089 -0.060114 0.0061636 -0.043991 0.045733 0.0061636 -0.058866 -0.084469 -0.32597 0.32733 0.13594 -0.26371 0.40991 0.074742 -0.44442 0.45712 0.024675 -0.43364 0.5383 0.15114 -0.43611 0.47952 -0.037036 -0.45487 0.5906 -0.072871 0.058127 -0.43012 0.042941 0.074184 -0.44267 -0.064544 0.14907 -0.75128 0.02905 0.11988 -0.77314 -0.072756 0.10756 -0.83506 0.0334 0.045819 -0.83014 0.0047797 -0.15688 0.57518
-0.085667 -0.037277 0.34337 0.13516 -0.010337 0.26673 0.054473 -0.053525 0.40198 0.0086737 -0.010404 0.067218 -0.063121 0.0046519 -0.03964 0.04508 0.0046519 -0.059498 -0.082362 -0.29136 0.3611 0.14942 -0.24398 0.3993 0.044245 -0.44754 0.48619 0.066614 -0.4144 0.54997 0.099223 -0.47137 0.53215 0.013422 -0.44049 0.60887 -0.072022 0.057712 -0.42579 0.041527 0.077271 -0.44245 -0.066437 0.15061 -0.74646 0.029409 0.12368 -0.77288 -0.073497 0.09624 -0.82136 0.031406 0.0467 -0.82584 0.0073273 -0.12032 0.58072
-0.072849 -0.001043 0.30707 0.13469 0.0040167 0.26439 0.058714 -0.031382 0.40371 0.0099752 -0.0069179 0.067529 -0.064461 0.0026225 -0.037876 0.044801 0.0026225 -0.059845 -0.10732 -0.24819 0.40849 0.18252 -0.22182 0.3942 -0.023719 -0.43512 0.52779 0.13504 -0.38525 0.55674 0.00085567 -0.48417 0.59207 0.10217 -0.42182 0.62299 -0.072759 0.062687 -0.42287 0.041846 0.080688 -0.44174 -0.066155 0.15669 -0.74318 0.031345 0.12757 -0.77216 -0.071734 0.086915 -0.80597 0.030773 0.048334 -0.82207 0.012056 -0.07903 0.5893
-0.10008 0.013711 0.32646 0.14549 0.014643 0.28618 0.042102 -0.0082597 0.40657 0.0096757 -0.0023822 0.067908 -0.062403 0.00067713 -0.041146 0.045335 0.00067713 -0.059497 -0.19012 -0.21503 0.43647 0.2319 -0.20555 0.40392 -0.16113 -0.41378 0.56191 0.23879 -0.38067 0.55925 -0.16724 -0.46512 0.62827 0.22697 -0.42266 0.62895 -0.075049 0.074054 -0.42362 0.044648 0.083459 -0.4404 -0.062196 0.16716 -0.74397 0.0345 0.12995 -0.77089 -0.067637 0.092486 -0.80121 0.033224 0.050815 -0.82097 0.019635 -0.059475 0.59481
-0.12427 0.021027 0.34948 0.15712 0.021737 0.30674 0.027987 0.0088425 0.40821 0.008641 0.0031614 0.067945 -0.059519 -0.00088477 -0.045343 0.046457 -0.00088477 -0.058614 -0.2655 -0.17948 0.45001 0.27673 -0.19189 0.41172 -0.29373 -0.37759 0.57684 0.34133 -0.37357 0.5507 -0.31908 -0.42282 0.64133 0.34617 -0.41788 0.62072 -0.076521 0.084033 -0.42546 0.047846 0.085205 -0.43879 -0.057495 0.17579 -0.74596 0.037728 0.13151 -0.76931 -0.062999 0.10061 -0.80116 0.036042 0.052561 -0.81951 0.026755 -0.048865 0.59728
-0.12283 0.030405 0.34649 0.16287 0.025928 0.31246 0.02832 0.017362 0.40765 0.0076347 0.0089997 0.067508 -0.057674 -0.0019387 -0.047654 0.047757 -0.0019387 -0.05753 -0.29686 -0.13605 0.45684 0.30623 -0.17739 0.40851 -0.37604 -0.32601 0.57373 0.41841 -0.34673 0.53138 -0.40717 -0.36682 0.63938 0.43481 -0.39181 0.59952 -0.07614 0.088349 -0.42648 0.049966 0.085968 -0.43729 -0.054321 0.17918 -0.74707 0.040166 0.1328 -0.76774 -0.059487 0.10275 -0.80058 0.037432 0.052881 -0.81631 0.03128 -0.037314 0.59767
-0.11905 0.037791 0.34099 0.16504 0.028214 0.31581 0.029938 0.022533 0.40671 0.0069004 0.013246 0.066982 -0.056722 -0.0026034 -0.048675 0.048634 -0.0026034 -0.056775 -0.31399 -0.096641 0.46243 0.3301 -0.16049 0.40296 -0.4311 -0.27006 0.574 0.47506 -0.31104 0.5149 -0.46954 -0.305 0.6376 0.50359 -0.35385 0.57916 -0.075568 0.090304 -0.42675 0.051109 0.086402 -0.43627 -0.052984 0.17976 -0.74764 0.041583 0.13375 -0.76666 -0.058234 0.10152 -0.79883 0.037997 0.052904 -0.81372 0.033808 -0.027074 0.59745
-0.12615 0.040722 0.34693 0.16598 0.029178 0.32412 0.025493 0.027576 0.40646 0.0064635 0.015263 0.066602 -0.056311 -0.0030231 -0.049128 0.048885 -0.0030231 -0.056538 -0.33538 -0.068919 0.46954 0.35359 -0.14195 0.40104 -0.47633 -0.22015 0.58575 0.51676 -0.27722 0.50777 -0.52859 -0.24777 0.6423 0.55999 -0.31474 0.56657 -0.075753 0.092167 -0.4266 0.051612 0.086901 -0.43581 -0.053063 0.17962 -0.74804 0.042097 0.13433 -0.76619 -0.059019 0.099605 -0.79629 0.038299 0.053304 -0.81292 0.034875 -0.020509 0.59736
-0.1343 0.041343 0.35488 0.1668 0.028683 0.33256 0.02072 0.031306 0.40638 0.0060856 0.016565 0.066277 -0.056071 -0.0033416 -0.0494 0.04896 -0.0033416 -0.056451 -0.35144 -0.051164 0.4769 0.37183 -0.12591 0.4017 -0.50957 -0.18397 0.59297 0.5451 -0.25125 0.50335 -0.56887 -0.2097 0.64478 0.60079 -0.28335 0.55594 -0.076104 0.093385 -0.42649 0.05193 0.087347 -0.43554 -0.053298 0.17937 -0.74832 0.042282 0.13478 -0.76592 -0.059577 0.098073 -0.79427 0.038462 0.053751 -0.8126 0.034487 -0.018257 0.59691
-0.13736 0.041021 0.35822 0.16765 0.026701 0.33781 0.018943 0.032388 0.40618 0.0056455 0.017876 0.065983 -0.055762 -0.0035801 -0.049734 0.049133 -0.0035801 -0.056287 -0.3568 -0.042232 0.48268 0.38299 -0.11465 0.40293 -0.52715 -0.16679 0.59022 0.56063 -0.23707 0.49985 -0.5834 -0.19661 0.64245 0.62214 -0.26604 0.54802 -0.076205 0.093485 -0.42671 0.05224 0.087603 -0.43526 -0.05312 0.17911 -0.74863 0.042391 0.13514 -0.76561 -0.058912 0.097201 -0.79354 0.038458 0.054013 -0.81212 0.032781 -0.019818 0.59605
-0.1376 0.039384 0.35761 0.1675 0.023477 0.34041 0.018218 0.029918 0.40603 0.0052283 0.018491 0.065838 -0.055334 -0.0035845 -0.050199 0.049333 -0.0035845 -0.056108 -0.35603 -0.043102 0.48493 0.39089 -0.10742 0.40244 -0.52564 -0.1707 0.59071 0.56275 -0.23618 0.50449 -0.58236 -0.20107 0.64376 0.62062 -0.26564 0.55483 -0.076109 0.092485 -0.42739 0.052303 0.087565 -0.43509 -0.053073 0.17841 -0.74922 0.042155 0.13519 -0.76542 -0.058158 0.096317 -0.7939 0.038098 0.05413 -0.81204 0.030191 -0.02323 0.59547
-0.13794 0.037167 0.35678 0.16731 0.020351 0.3428 0.017349 0.02612 0.40609 0.004888 0.018496 0.065831 -0.054813 -0.0034364 -0.050774 0.049399 -0.0034364 -0.056053 -0.35012 -0.056009 0.4872 0.39367 -0.10718 0.40464 -0.50062 -0.19798 0.60296 0.54313 -0.24992 0.52418 -0.56072 -0.22498 0.65623 0.58854 -0.28285 0.58362 -0.075907 0.090985 -0.42835 0.052173 0.087331 -0.43512 -0.053272 0.1773 -0.7501 0.041651 0.13492 -0.76545 -0.057854 0.09523 -0.79486 0.037453 0.054159 -0.81257 0.028962 -0.026022 0.5956
-0.14104 0.036664 0.36256 0.17074 0.019993 0.3493 0.016745 0.027171 0.40633 0.0046106 0.019167 0.065779 -0.054305 -0.0035431 -0.051328 0.049106 -0.0035431 -0.056328 -0.334 -0.084562 0.50017 0.3812 -0.12212 0.4226 -0.44606 -0.25125 0.62653 0.48348 -0.27948 0.56388 -0.49128 -0.28381 0.68438 0.51285 -0.31575 0.63324 -0.075689 0.090259 -0.4291 0.052344 0.087244 -0.4354 -0.053154 0.17654 -0.75088 0.041467 0.13463 -0.76575 -0.057503 0.094489 -0.79571 0.036959 0.054142 -0.81332 0.033488 -0.025368 0.59637
-0.14395 0.034612 0.36936 0.17333 0.019849 0.35361 0.016527 0.02791 0.40659 0.0043029 0.019371 0.065842 -0.054095 -0.0036116 -0.051557 0.04889 -0.0036116 -0.056534 -0.29717 -0.12795 0.516 0.34942 -0.15279 0.44708 -0.35167 -0.32022 0.64559 0.38664 -0.31994 0.60653 -0.37048 -0.36434 0.71135 0.3979 -0.35857 0.68053 -0.075583 0.089076 -0.42963 0.052691 0.086844 -0.43569 -0.053418 0.17533 -0.75145 0.041423 0.13421 -0.76603 -0.057441 0.093375 -0.79652 0.03677 0.053937 -0.81395 0.036342 -0.025306 0.59705
-0.13686 0.020872 0.35617 0.16054 0.010854 0.33634 0.016298 0.008998 0.40655 0.0037838 0.014931 0.066622 -0.054671 -0.0024607 -0.050961 0.049996 -0.0024607 -0.055531 -0.22373 -0.17939 0.50348 0.30298 -0.18943 0.44059 -0.20306 -0.37837 0.62653 0.28296 -0.35859 0.60837 -0.22687 -0.41637 0.69449 0.27071 -0.40085 0.67637 -0.075747 0.083087 -0.43059 0.052288 0.084665 -0.43544 -0.056364 0.17089 -0.75214 0.040345 0.13304 -0.7656 -0.05911 0.08957 -0.79836 0.036647 0.053185 -0.81426 0.015523 -0.038257 0.59608
-0.12146 -0.0021435 0.32521 0.1337 -0.0060181 0.30051 0.015796 -0.026239 0.40624 0.0031127 0.0064758 0.067945 -0.055927 -0.00014492 -0.049632 0.052323 -0.00014492 -0.053386 -0.1278 -0.22608 0.46212 0.25115 -0.22295 0.40175 -0.027381 -0.40719 0.57139 0.18958 -0.38484 0.56655 -0.08096 -0.42447 0.63412 0.15243 -0.43176 0.6208 -0.075909 0.07294 -0.4319 0.051187 0.080996 -0.43461 -0.06142 0.16375 -0.75286 0.038486 0.13132 -0.76445 -0.062315 0.083514 -0.80101 0.036557 0.052098 -0.81424 -0.026517 -0.062175 0.59298
-0.11319 -0.016905 0.30695 0.1134 -0.017616 0.27617 0.014962 -0.047101 0.40618 0.0026342 0.00044234 0.068714 -0.057044 0.0017669 -0.048375 0.054138 0.0017669 -0.051628 -0.058415 -0.24906 0.42914 0.20764 -0.24603 0.37342 0.10017 -0.3997 0.52523 0.10574 -0.39146 0.52814 0.058384 -0.41709 0.58269 0.055159 -0.44067 0.57329 -0.075293 0.06534 -0.43258 0.050637 0.078231 -0.43386 -0.064552 0.15839 -0.75309 0.037823 0.13029 -0.76343 -0.064859 0.078989 -0.80267 0.036705 0.051543 -0.81405 -0.057795 -0.077563 0.58866
-0.11532 -0.017067 0.30903 0.10822 -0.019225 0.27358 0.014003 -0.044716 0.40656 0.0024466 -0.0012416 0.068659 -0.057483 0.0025289 -0.047811 0.05481 0.0025289 -0.050867 -0.029187 -0.2453 0.41865 0.17693 -0.25702 0.37058 0.15434 -0.3696 0.50736 0.033128 -0.37768 0.51306 0.17239 -0.40875 0.56101 -0.018045 -0.42587 0.55769 -0.073544 0.062869 -0.43262 0.050849 0.077029 -0.43347 -0.064048 0.15662 -0.75296 0.038635 0.12988 -0.76294 -0.065547 0.077543 -0.80303 0.036465 0.051315 -0.81381 -0.06812 -0.077697 0.58408
-0.11694 -0.0097045 0.31251 0.11215 -0.016251 0.27942 0.013393 -0.035945 0.4072 0.0023613 -0.0019516 0.068471 -0.057099 0.0024142 -0.048258 0.055038 0.0024142 -0.050588 -0.012784 -0.22997 0.41673 0.15314 -0.2605 0.37467 0.16812 -0.35194 0.50554 -0.022632 -0.35028 0.50789 0.23181 -0.39599 0.55131 -0.073106 -0.3962 0.55461 -0.070852 0.063149 -0.43303 0.050864 0.076024 -0.43335 -0.061056 0.157 -0.75331 0.039281 0.12856 -0.76288 -0.064478 0.078028 -0.80342 0.034378 0.050037 -0.81354 -0.073183 -0.071077 0.58019
-0.11458 -0.0021162 0.31009 0.11861 -0.012761 0.28467 0.013291 -0.030036 0.40784 0.0022961 -0.0029111 0.068465 -0.056604 0.0018379 -0.048884 0.0555 0.0018379 -0.050117 -8.9559e-05 -0.21917 0.41097 0.13534 -0.26143 0.37482 0.1643 -0.36091 0.50263 -0.054343 -0.32985 0.50238 0.23969 -0.38485 0.53598 -0.10495 -0.37593 0.54951 -0.068586 0.064282 -0.43345 0.051025 0.07478 -0.433 -0.057916 0.15822 -0.75368 0.039927 0.12641 -0.7627 -0.063088 0.079313 -0.80375 0.03177 0.047865 -0.8129 -0.08204 -0.063601 0.57651
-0.11314 -0.0007361 0.3079 0.12163 -0.010769 0.28628 0.013515 -0.026846 0.40823 0.0022981 -0.0028774 0.068512 -0.057493 0.001288 -0.047783 0.056718 0.001288 -0.048742 -0.0029973 -0.22808 0.39276 0.12847 -0.26443 0.37003 0.15102 -0.38778 0.47937 -0.053433 -0.34895 0.49177 0.23112 -0.39156 0.50101 -0.097164 -0.40235 0.53589 -0.069173 0.065196 -0.43214 0.05298 0.073928 -0.4317 -0.057862 0.15929 -0.75231 0.042585 0.12519 -0.76148 -0.063985 0.080477 -0.80243 0.03269 0.046535 -0.81127 -0.094907 -0.05754 0.57143
-0.11469 -0.0039853 0.30915 0.12221 -0.0095302 0.28643 0.013892 -0.023725 0.40837 0.0024883 -0.0016836 0.068535 -0.059388 0.00084857 -0.045419 0.057955 0.00084857 -0.047293 -0.0317 -0.25063 0.36874 0.14198 -0.26605 0.36037 0.11587 -0.42156 0.44404 -0.012052 -0.39657 0.47986 0.19933 -0.42134 0.46164 -0.04471 -0.45962 0.52118 -0.072207 0.066245 -0.42949 0.056104 0.073758 -0.43021 -0.060194 0.16033 -0.74964 0.046522 0.12503 -0.76001 -0.066613 0.0816 -0.79985 0.036736 0.046232 -0.80958 -0.09979 -0.05281 0.56905
-0.11813 -0.0030204 0.31356 0.12765 -0.0059232 0.29176 0.014289 -0.01631 0.4086 0.0030374 -0.00027474 0.06853 -0.060163 0.00022701 -0.044477 0.057368 0.00022701 -0.047956 -0.092712 -0.26117 0.35923 0.18795 -0.25574 0.34677 0.029322 -0.45021 0.43001 0.075655 -0.42131 0.47793 0.09869 -0.46755 0.45895 0.045643 -0.48296 0.5247 -0.074609 0.069022 -0.42787 0.057641 0.074181 -0.43068 -0.060564 0.1624 -0.74814 0.048421 0.12453 -0.76063 -0.067467 0.08365 -0.79825 0.03928 0.045623 -0.81013 -0.074883 -0.047349 0.5784
-0.12208 0.0027301 0.31978 0.13788 -0.00048497 0.30186 0.014807 -0.0057017 0.40888 0.0038105 0.0011242 0.068485 -0.059394 -0.00053503 -0.045476 0.055071 -0.00053503 -0.050571 -0.17151 -0.2518 0.36726 0.2505 -0.23616 0.33533 -0.098539 -0.46353 0.44252 0.19203 -0.41272 0.48517 -0.059051 -0.51032 0.49055 0.16154 -0.46401 0.54333 -0.075412 0.073187 -0.4279 0.057198 0.07496 -0.43298 -0.058274 0.16527 -0.74838 0.047859 0.12344 -0.76321 -0.065981 0.086427 -0.79823 0.039281 0.044477 -0.81273 -0.028781 -0.041469 0.59523
-0.12504 0.0064439 0.32571 0.14625 0.0030484 0.31016 0.015731 0.0022819 0.40893 0.0044141 0.0029425 0.068385 -0.058216 -0.0010975 -0.04695 0.05291 -0.0010975 -0.052899 -0.23619 -0.23105 0.38014 0.29076 -0.22126 0.33601 -0.22291 -0.45349 0.46112 0.29971 -0.39753 0.48996 -0.21133 -0.51968 0.5157 0.28606 -0.44484 0.55406 -0.075616 0.076699 -0.42852 0.056524 0.075747 -0.43503 -0.055954 0.1676 -0.74921 0.04703 0.12261 -0.76549 -0.064267 0.08869 -0.79886 0.038998 0.043572 -0.81498 0.0038696 -0.037583 0.60399
-0.12677 0.0066658 0.33059 0.15107 0.0039909 0.31517 0.016925 0.0062615 0.40874 0.0047623 0.0050283 0.068242 -0.057222 -0.0013906 -0.048151 0.051569 -0.0013906 -0.054182 -0.27938 -0.20386 0.39069 0.30738 -0.21058 0.34526 -0.32495 -0.42029 0.47545 0.38486 -0.38238 0.48551 -0.33403 -0.4894 0.52343 0.40316 -0.43154 0.54738 -0.075706 0.078908 -0.42915 0.056259 0.076366 -0.43612 -0.054622 0.16899 -0.74998 0.046737 0.1223 -0.76671 -0.063179 0.090054 -0.79955 0.039214 0.043137 -0.81609 0.016561 -0.036156 0.60249
-0.1281 0.006528 0.33483 0.15495 0.004231 0.3197 0.017914 0.0086306 0.40852 0.0050275 0.0067527 0.068083 -0.056491 -0.0015745 -0.049006 0.050716 -0.0015745 -0.054947 -0.31407 -0.17171 0.39706 0.32952 -0.19202 0.349 -0.40836 -0.37098 0.48453 0.45368 -0.35667 0.46997 -0.43629 -0.43344 0.52816 0.49829 -0.4001 0.52614 -0.075682 0.080368 -0.42961 0.056067 0.076791 -0.43675 -0.053849 0.16988 -0.75054 0.046554 0.12218 -0.76741 -0.06243 0.090881 -0.8 0.039399 0.042919 -0.81668 0.026349 -0.035992 0.59969
-0.12933 0.0071285 0.33865 0.1587 0.004473 0.32444 0.018607 0.010423 0.40836 0.0052686 0.0079315 0.067935 -0.055993 -0.0017184 -0.049568 0.05013 -0.0017184 -0.055486 -0.34373 -0.13646 0.4012 0.36058 -0.16572 0.34625 -0.47359 -0.31401 0.48959 0.50882 -0.32029 0.45015 -0.51888 -0.36574 0.53421 0.56757 -0.35121 0.50007 -0.07559 0.081413 -0.42989 0.055849 0.077076 -0.4372 -0.053222 0.17072 -0.75085 0.046293 0.12214 -0.7679 -0.061683 0.091598 -0.80015 0.039364 0.042807 -0.81708 0.037974 -0.036366 0.59867
-0.13038 0.0079096 0.34217 0.16168 0.0044559 0.32836 0.019209 0.011545 0.40822 0.0054521 0.0087388 0.067818 -0.05563 -0.001817 -0.049969 0.049707 -0.001817 -0.055868 -0.36409 -0.10067 0.40756 0.38403 -0.14136 0.34594 -0.5182 -0.25883 0.49345 0.54949 -0.28196 0.43871 -0.57565 -0.29985 0.53781 0.6151 -0.30512 0.48321 -0.075525 0.082175 -0.43009 0.055705 0.077327 -0.4375 -0.052411 0.17184 -0.7509 0.045989 0.12219 -0.76823 -0.060628 0.092624 -0.80008 0.039219 0.042816 -0.81737 0.046304 -0.036983 0.59777
-0.13138 0.008909 0.34565 0.16387 0.0042256 0.3314 0.019748 0.01224 0.40811 0.0055763 0.0093361 0.067729 -0.055348 -0.0018913 -0.050279 0.049385 -0.0018913 -0.056149 -0.37489 -0.070852 0.41624 0.39556 -0.1252 0.34933 -0.5422 -0.21652 0.49948 0.57347 -0.25373 0.43789 -0.6048 -0.2512 0.54162 0.64155 -0.27606 0.47918 -0.075501 0.082767 -0.43024 0.055663 0.077573 -0.43771 -0.051537 0.17307 -0.7508 0.045783 0.1224 -0.76844 -0.059529 0.093806 -0.79993 0.039094 0.043005 -0.81757 0.050516 -0.037813 0.59653
-0.13258 0.010559 0.34941 0.16569 0.0040247 0.33419 0.020136 0.012938 0.40804 0.0056648 0.0098538 0.067651 -0.055133 -0.0019767 -0.050514 0.049126 -0.0019767 -0.056371 -0.37884 -0.055715 0.42431 0.3999 -0.1205 0.35221 -0.54756 -0.19841 0.51084 0.57788 -0.24871 0.44263 -0.60826 -0.23513 0.55232 0.6452 -0.27254 0.48427 -0.075483 0.083281 -0.43033 0.055691 0.077786 -0.43787 -0.050993 0.17389 -0.75077 0.045863 0.12285 -0.76857 -0.058995 0.094599 -0.79987 0.039103 0.043455 -0.81767 0.052966 -0.039028 0.59542
-0.13349 0.012431 0.35271 0.1672 0.0035407 0.33645 0.02051 0.013078 0.40796 0.005745 0.010231 0.067588 -0.054994 -0.0020336 -0.050663 0.048918 -0.0020336 -0.05655 -0.37833 -0.054993 0.43074 0.39847 -0.12661 0.35465 -0.53736 -0.20495 0.52308 0.56373 -0.26526 0.45282 -0.5924 -0.2486 0.56615 0.62751 -0.29152 0.49832 -0.075491 0.083676 -0.43037 0.055658 0.077964 -0.43799 -0.050538 0.17404 -0.75084 0.046074 0.12352 -0.76863 -0.058754 0.094749 -0.7999 0.039134 0.044126 -0.81772 0.05417 -0.040968 0.59467
-0.13331 0.01365 0.35436 0.16825 0.0022714 0.33753 0.021089 0.01174 0.40786 0.005837 0.010329 0.067555 -0.054946 -0.0019937 -0.050709 0.048758 -0.0019937 -0.056688 -0.37511 -0.062908 0.43594 0.39056 -0.14027 0.35947 -0.51516 -0.22939 0.52774 0.53443 -0.29222 0.47121 -0.56565 -0.27713 0.57345 0.59172 -0.32257 0.52305 -0.075572 0.083849 -0.43038 0.055414 0.078131 -0.4381 -0.049561 0.17356 -0.75094 0.046088 0.12428 -0.76867 -0.058011 0.094267 -0.79995 0.038971 0.044893 -0.81774 0.053519 -0.043869 0.59428
-0.13376 0.015017 0.35648 0.1692 0.0018536 0.33901 0.021336 0.011507 0.40781 0.0058522 0.010602 0.067511 -0.054829 -0.002047 -0.050833 0.048605 -0.002047 -0.056818 -0.36752 -0.080242 0.44131 0.37837 -0.1585 0.36674 -0.48133 -0.26785 0.52901 0.49097 -0.3243 0.49356 -0.52649 -0.31717 0.57806 0.53685 -0.35976 0.55287 -0.075624 0.084009 -0.43044 0.055327 0.078363 -0.43817 -0.04824 0.17316 -0.75105 0.046222 0.12499 -0.76868 -0.056879 0.093845 -0.8 0.038946 0.0456 -0.81772 0.052314 -0.045555 0.59403
-0.13724 0.017868 0.36208 0.17052 0.0044486 0.34306 0.020527 0.015888 0.40793 0.0056782 0.011653 0.067402 -0.054456 -0.002449 -0.051248 0.048414 -0.002449 -0.056973 -0.35154 -0.11133 0.44771 0.36424 -0.17906 0.37464 -0.43336 -0.31774 0.53667 0.43206 -0.35956 0.51201 -0.46682 -0.37095 0.5899 0.4591 -0.39971 0.57828 -0.07551 0.084458 -0.43066 0.055903 0.07874 -0.43816 -0.047316 0.17372 -0.75118 0.046986 0.1255 -0.76865 -0.056123 0.094375 -0.80004 0.039547 0.046089 -0.81764 0.052593 -0.043241 0.59362
-0.13691 0.018202 0.36256 0.17092 0.0037894 0.34313 0.020913 0.01529 0.40787 0.0056647 0.011781 0.067377 -0.054449 -0.0024615 -0.051252 0.048356 -0.0024615 -0.057021 -0.32133 -0.15402 0.44373 0.3334 -0.20593 0.38023 -0.35961 -0.37062 0.53599 0.34901 -0.39177 0.52678 -0.37573 -0.42798 0.59329 0.35326 -0.43551 0.59659 -0.075691 0.084429 -0.43066 0.05576 0.078969 -0.43816 -0.048219 0.17375 -0.75122 0.046696 0.12581 -0.76863 -0.057245 0.094433 -0.80009 0.039323 0.046391 -0.81762 0.051485 -0.043532 0.59387
-0.1228 0.010325 0.34499 0.16812 -0.0094182 0.32958 0.025499 -0.0044959 0.40713 0.0063256 0.0084466 0.067661 -0.055712 -0.00098047 -0.049824 0.048717 -0.00098047 -0.056735 -0.27124 -0.20137 0.41451 0.26592 -0.2446 0.38026 -0.2475 -0.415 0.5029 0.23307 -0.41355 0.54121 -0.24503 -0.47149 0.56272 0.21727 -0.45944 0.60826 -0.076823 0.082742 -0.42992 0.05283 0.07862 -0.43827 -0.052384 0.17079 -0.75106 0.042896 0.126 -0.76864 -0.061775 0.091664 -0.80017 0.036097 0.04664 -0.8178 0.043712 -0.056208 0.59601
-0.1064 0.0019589 0.32009 0.16073 -0.026626 0.31164 0.028028 -0.029054 0.40642 0.0071847 0.0038436 0.068067 -0.057343 0.0010746 -0.047989 0.04966 0.0010746 -0.055923 -0.20737 -0.23791 0.37928 0.18689 -0.28119 0.37471 -0.1251 -0.44255 0.46082 0.1156 -0.43069 0.54334 -0.10716 -0.49577 0.52114 0.086341 -0.47624 0.60577 -0.078085 0.080205 -0.4291 0.048982 0.077976 -0.43805 -0.0576 0.16652 -0.75099 0.037916 0.12617 -0.76827 -0.067534 0.087682 -0.80045 0.03157 0.046929 -0.81768 0.028421 -0.069377 0.59927
-0.10775 0.0061544 0.30876 0.14846 -0.03168 0.30645 0.019047 -0.032099 0.40691 0.0073578 0.002194 0.068228 -0.057692 0.0018999 -0.04761 0.051214 0.0018999 -0.05448 -0.14194 -0.24631 0.37103 0.14035 -0.29423 0.36601 -0.036352 -0.44704 0.45274 0.042455 -0.45215 0.517 -0.0096411 -0.50008 0.51189 0.0076579 -0.49373 0.58 -0.078062 0.078516 -0.42927 0.047735 0.077639 -0.43685 -0.060147 0.16448 -0.75143 0.036105 0.1264 -0.76697 -0.070822 0.085843 -0.80107 0.029128 0.047313 -0.81652 0.0077531 -0.062436 0.60195
-0.11982 0.019094 0.30895 0.13616 -0.02651 0.31087 0.0049024 -0.019214 0.40806 0.007084 0.0029708 0.068177 -0.057156 0.0015598 -0.048233 0.05286 0.0015598 -0.052896 -0.084791 -0.23277 0.38199 0.12214 -0.28779 0.36222 0.028337 -0.4247 0.46743 -0.0029404 -0.45288 0.48109 0.059925 -0.47418 0.52652 -0.041614 -0.48787 0.54563 -0.07711 0.077704 -0.43 0.048422 0.077605 -0.43518 -0.060376 0.16443 -0.75201 0.036761 0.12674 -0.76524 -0.072182 0.085872 -0.80151 0.028487 0.047756 -0.81477 -0.011276 -0.041213 0.60355
-0.12435 0.029626 0.30842 0.13024 -0.021169 0.31287 -0.0017717 -0.0098673 0.40863 0.0070671 0.0035531 0.068123 -0.057007 0.00097925 -0.048411 0.053894 0.00097925 -0.051872 -0.04421 -0.21436 0.38681 0.10687 -0.27759 0.37208 0.09929 -0.37613 0.47063 -0.061518 -0.39942 0.46752 0.13734 -0.40872 0.53375 -0.11083 -0.42717 0.52626 -0.076344 0.077056 -0.43022 0.048566 0.077593 -0.43403 -0.060441 0.16447 -0.75208 0.036979 0.12716 -0.76402 -0.073962 0.085884 -0.80109 0.027659 0.048159 -0.81339 -0.020674 -0.022977 0.60427
-0.12216 0.036116 0.30632 0.12929 -0.017433 0.31145 -0.0016723 -0.0057586 0.4086 0.0071947 0.0037909 0.068109 -0.057259 0.00039402 -0.048127 0.054321 0.00039402 -0.051424 -0.02574 -0.19973 0.38465 0.093766 -0.26918 0.38777 0.1571 -0.32632 0.46258 -0.11773 -0.32634 0.47142 0.2043 -0.3383 0.52872 -0.17971 -0.34743 0.52138 -0.075797 0.076647 -0.42995 0.04814 0.077519 -0.43347 -0.060452 0.16443 -0.75173 0.036673 0.12726 -0.76344 -0.07584 0.085815 -0.80015 0.025833 0.048312 -0.81256 -0.023902 -0.0096923 0.60446
-0.12192 0.041492 0.30645 0.12872 -0.013435 0.31055 -0.0012307 -0.00085707 0.40849 0.0070519 0.0046122 0.06809 -0.057377 -0.0002741 -0.047989 0.05449 -0.0002741 -0.051233 -0.030373 -0.19212 0.38557 0.091899 -0.2631 0.3959 0.16746 -0.30575 0.45881 -0.13547 -0.2916 0.47437 0.22538 -0.30952 0.51929 -0.20299 -0.30709 0.52101 -0.075019 0.076867 -0.42967 0.048097 0.077401 -0.43316 -0.059661 0.1649 -0.75139 0.036885 0.12662 -0.76322 -0.076454 0.08637 -0.79949 0.022851 0.04803 -0.81203 -0.02801 0.0026823 0.60452
-0.12418 0.049216 0.30738 0.12799 -0.0092194 0.31216 -0.0030055 0.0061918 0.40846 0.0068138 0.0063111 0.06797 -0.057142 -0.0010137 -0.048257 0.0548 -0.0010137 -0.050897 -0.035678 -0.18428 0.39513 0.097664 -0.25877 0.39875 0.15683 -0.30262 0.46791 -0.12162 -0.29199 0.48461 0.22499 -0.3069 0.51496 -0.19115 -0.3006 0.52884 -0.073785 0.077644 -0.42968 0.048154 0.077272 -0.4327 -0.058069 0.16596 -0.7513 0.037245 0.12572 -0.76288 -0.076045 0.08763 -0.79928 0.019173 0.047652 -0.81123 -0.027314 0.0095018 0.60448
-0.12583 0.060399 0.30626 0.12802 -0.0058713 0.31598 -0.0066621 0.013638 0.40849 0.0068245 0.0087629 0.067669 -0.056592 -0.0017434 -0.048895 0.055468 -0.0017434 -0.050187 -0.018729 -0.16897 0.41229 0.10325 -0.25551 0.40327 0.16642 -0.29304 0.49031 -0.098407 -0.30171 0.51638 0.24219 -0.29569 0.52079 -0.17338 -0.30025 0.55175 -0.072106 0.078693 -0.42999 0.047745 0.07717 -0.43185 -0.05604 0.16739 -0.75149 0.037077 0.12536 -0.76208 -0.075406 0.08934 -0.79938 0.015801 0.047671 -0.80982 -0.013238 0.0040136 0.60421
-0.123 0.059302 0.30566 0.12793 -0.0057968 0.31266 -0.0040339 0.012844 0.40804 0.0068495 0.010922 0.06737 -0.056547 -0.0021841 -0.048922 0.055385 -0.0021841 -0.050242 -0.020039 -0.16861 0.40593 0.10963 -0.25524 0.4025 0.16082 -0.29452 0.49272 -0.065785 -0.32212 0.54731 0.2416 -0.29148 0.50877 -0.14257 -0.31566 0.57844 -0.070904 0.079622 -0.42977 0.048017 0.077115 -0.43182 -0.054168 0.16872 -0.75113 0.037762 0.12547 -0.76204 -0.074388 0.090867 -0.79899 0.01554 0.048073 -0.80977 0.0053771 -0.0094959 0.60368
-0.11309 0.03001 0.30943 0.12686 -0.010793 0.29323 0.012963 -0.0036944 0.40667 0.0065332 0.011715 0.06729 -0.057789 -0.0020931 -0.047405 0.053327 -0.0020931 -0.052319 -0.08859 -0.20819 0.34687 0.12181 -0.25953 0.38762 0.089504 -0.33346 0.44244 -0.016267 -0.36105 0.54808 0.17314 -0.32374 0.45143 -0.081024 -0.36446 0.59362 -0.071125 0.080085 -0.42821 0.050373 0.077106 -0.43395 -0.052966 0.16948 -0.74941 0.040933 0.1257 -0.76416 -0.072563 0.091577 -0.79743 0.02094 0.048586 -0.81321 0.015633 -0.022977 0.60289
-0.10283 -0.0036033 0.31574 0.1285 -0.015794 0.2731 0.032938 -0.019951 0.40523 0.0061951 0.012137 0.067233 -0.058976 -0.0019259 -0.045966 0.050578 -0.0019259 -0.05506 -0.17045 -0.2561 0.29039 0.1477 -0.26163 0.37245 -0.0027365 -0.38957 0.39186 0.048324 -0.39971 0.53662 0.079136 -0.38309 0.40514 0.0041038 -0.42154 0.60224 -0.071672 0.08027 -0.42679 0.053595 0.077065 -0.43676 -0.051948 0.16986 -0.74784 0.044754 0.12574 -0.76697 -0.070142 0.091733 -0.79607 0.028629 0.048605 -0.81746 0.022496 -0.032522 0.60183
-0.10052 -0.010569 0.32131 0.13691 -0.014689 0.27197 0.040659 -0.016464 0.40485 0.0062787 0.013597 0.066924 -0.05843 -0.0022452 -0.046631 0.049001 -0.0022452 -0.056521 -0.19306 -0.26863 0.3048 0.19355 -0.25324 0.37415 -0.053581 -0.42944 0.4077 0.12482 -0.41364 0.54098 0.018388 -0.44549 0.43796 0.10037 -0.45123 0.61336 -0.071081 0.080503 -0.42734 0.055823 0.07692 -0.43815 -0.050466 0.1702 -0.7483 0.046647 0.12542 -0.76838 -0.067548 0.09185 -0.79659 0.03391 0.047629 -0.81889 0.034984 -0.036529 0.6005
-0.10387 -0.0028228 0.32685 0.14858 -0.0097482 0.28316 0.03986 -0.003349 0.40505 0.0065179 0.015515 0.066499 -0.056986 -0.0027641 -0.04837 0.048446 -0.0027641 -0.056928 -0.19335 -0.2521 0.356 0.25065 -0.23454 0.3817 -0.10046 -0.4437 0.46017 0.22186 -0.40237 0.54761 -0.05004 -0.48612 0.50986 0.21739 -0.44781 0.61688 -0.070093 0.080755 -0.42889 0.057046 0.07681 -0.43842 -0.049077 0.17048 -0.74982 0.047101 0.12505 -0.76867 -0.065063 0.091965 -0.7982 0.036946 0.046428 -0.81843 0.047625 -0.037598 0.59908
-0.1077 -0.0023555 0.3339 0.15831 -0.0053986 0.2932 0.039229 0.0026448 0.40499 0.0065004 0.016834 0.066191 -0.056061 -0.003009 -0.049447 0.048176 -0.003009 -0.057126 -0.23052 -0.22713 0.38638 0.30618 -0.20864 0.37823 -0.19753 -0.43299 0.49589 0.34441 -0.37395 0.53417 -0.18083 -0.4864 0.55553 0.36296 -0.41757 0.59989 -0.069914 0.080906 -0.42986 0.057823 0.076894 -0.43852 -0.048538 0.1706 -0.75077 0.047429 0.12503 -0.76877 -0.062885 0.09198 -0.79948 0.039307 0.045968 -0.81821 0.052121 -0.039135 0.59777
-0.11109 -0.0069838 0.34146 0.16521 -0.0023319 0.30058 0.039384 0.0029462 0.40478 0.0063173 0.017558 0.066011 -0.055629 -0.0030475 -0.049913 0.047983 -0.0030475 -0.0573 -0.28488 -0.19943 0.39833 0.35272 -0.17871 0.36661 -0.30869 -0.40649 0.51084 0.45773 -0.33764 0.50678 -0.32328 -0.46089 0.5712 0.497 -0.37558 0.56873 -0.070244 0.081002 -0.43026 0.058339 0.077081 -0.43863 -0.04852 0.1706 -0.75118 0.047764 0.12519 -0.76888 -0.06103 0.091926 -0.80032 0.041207 0.045988 -0.81833 0.051258 -0.041265 0.59669
-0.11432 -0.0085135 0.34795 0.16981 -9.4726e-05 0.30722 0.038729 0.0035926 0.40474 0.0061788 0.017989 0.065904 -0.055276 -0.0030801 -0.050292 0.04783 -0.0030801 -0.057431 -0.3195 -0.17046 0.40963 0.38577 -0.14819 0.35457 -0.3808 -0.37527 0.51541 0.524 -0.30249 0.47857 -0.40918 -0.43148 0.57133 0.57533 -0.33769 0.53455 -0.070431 0.081122 -0.43059 0.058659 0.077229 -0.43872 -0.048449 0.17059 -0.75153 0.047912 0.12524 -0.76897 -0.059456 0.091873 -0.80096 0.042489 0.045942 -0.8184 0.050345 -0.043204 0.59587
-0.11728 -0.006702 0.35289 0.1727 0.0015535 0.31323 0.037383 0.0050634 0.40484 0.0060992 0.018254 0.065841 -0.054943 -0.0031192 -0.050661 0.047701 -0.0031192 -0.057532 -0.33475 -0.14396 0.42054 0.40627 -0.12176 0.34315 -0.41584 -0.34634 0.51362 0.55041 -0.27476 0.453 -0.4456 -0.40482 0.56407 0.60627 -0.31045 0.50252 -0.07043 0.081268 -0.4309 0.058845 0.07733 -0.43878 -0.048246 0.1706 -0.75186 0.04792 0.12519 -0.76905 -0.058125 0.091857 -0.80149 0.043306 0.045785 -0.81839 0.049963 -0.044816 0.59528
-0.11969 -0.0036442 0.35615 0.17446 0.0027904 0.31818 0.035962 0.0062035 0.40496 0.0060358 0.018429 0.065802 -0.05467 -0.0031221 -0.050963 0.047584 -0.0031221 -0.057624 -0.34195 -0.12435 0.42615 0.41674 -0.10452 0.33141 -0.43202 -0.32552 0.50764 0.55737 -0.25989 0.43068 -0.46179 -0.38311 0.55567 0.61362 -0.29768 0.476 -0.070373 0.081421 -0.43116 0.058955 0.077415 -0.43884 -0.047972 0.17065 -0.75213 0.047904 0.12509 -0.76914 -0.056999 0.091902 -0.8019 0.043903 0.045614 -0.81841 0.049304 -0.04616 0.59485
-0.12129 -0.0014356 0.35757 0.1757 0.0037939 0.32166 0.035086 0.005858 0.40497 0.0059455 0.018587 0.065763 -0.054499 -0.003046 -0.051143 0.047468 -0.003046 -0.057728 -0.35242 -0.11604 0.42155 0.41972 -0.10152 0.3184 -0.4475 -0.31862 0.49961 0.56529 -0.26331 0.41222 -0.48698 -0.36854 0.55241 0.62113 -0.30321 0.45836 -0.070395 0.081561 -0.43132 0.059048 0.077517 -0.43894 -0.047689 0.17077 -0.75228 0.047982 0.12502 -0.76925 -0.05604 0.092035 -0.8022 0.044525 0.045528 -0.81855 0.047561 -0.047291 0.59453
