-0.10265 -0.0012828 0.31223 0.14217 -0.0052359 0.28973 0.029777 0.0023788 0.40817 0.0066875 -0.00065739 0.068267 -0.055753 -0.0031503 -0.049766 0.056115 -0.0031503 -0.049358 -0.14788 -0.0010308 0.050307 0.22365 -0.036531 0.038674 -0.054461 -0.051456 -0.16159 0.2031 -0.041461 -0.19738 -0.042284 -0.061356 -0.24278 0.18132 -0.018764 -0.27386 -0.15612 0.044684 -0.42337 -0.012874 0.039205 -0.43066 -0.12836 0.087233 -0.75338 -0.054989 0.1186 -0.75224 -0.20884 0.072699 -0.79891 -0.081867 0.050817 -0.81092 -0.002048 -0.069661 0.58903
-0.097038 -0.007732 0.31183 0.16576 -0.0090843 0.30991 0.035284 -0.001236 0.40773 0.007955 -0.001693 0.068113 -0.05407 -0.003162 -0.051614 0.055852 -0.003162 -0.049658 -0.10889 -0.0068877 0.046785 0.24847 -0.041937 0.058789 -0.0044049 -0.071725 -0.15554 0.22897 -0.052355 -0.17721 0.019388 -0.087003 -0.23297 0.19965 -0.062409 -0.25184 -0.15089 0.038656 -0.42713 -0.012188 0.042372 -0.4308 -0.14245 0.10245 -0.75461 -0.059709 0.12574 -0.7506 -0.22371 0.090761 -0.79907 -0.088064 0.058264 -0.80894 0.0051947 -0.066366 0.59145
-0.097409 -0.01003 0.31278 0.17703 -0.012073 0.32618 0.035599 -0.0017936 0.40764 0.0082393 -0.0022344 0.068062 -0.052727 -0.0032583 -0.052944 0.055869 -0.0032583 -0.049627 -0.0898 -0.0090739 0.046948 0.24954 -0.05913 0.075086 0.018475 -0.080186 -0.15159 0.22167 -0.078398 -0.15945 0.047879 -0.09799 -0.22688 0.18971 -0.097034 -0.23383 -0.15267 0.025354 -0.42851 -0.012716 0.044395 -0.43036 -0.15524 0.10081 -0.75378 -0.06355 0.12998 -0.74908 -0.23641 0.085365 -0.79792 -0.09234 0.062586 -0.80731 0.0070658 -0.064177 0.59261
-0.097341 -0.011184 0.31267 0.18096 -0.015579 0.3338 0.035597 -0.0025297 0.40761 0.0083684 -0.002549 0.068032 -0.052144 -0.0033676 -0.053501 0.055752 -0.0033676 -0.049749 -0.077938 -0.010903 0.047467 0.23941 -0.079601 0.082791 0.03006 -0.083911 -0.15051 0.19799 -0.11202 -0.14824 0.06157 -0.10273 -0.22467 0.16623 -0.12755 -0.22321 -0.15637 0.0088191 -0.42875 -0.011732 0.044998 -0.43057 -0.16567 0.089798 -0.75248 -0.064606 0.13191 -0.74859 -0.24473 0.064449 -0.79581 -0.093371 0.064536 -0.80685 0.0077853 -0.064498 0.59283
-0.091538 -0.013916 0.3095 0.18206 -0.020558 0.32917 0.039253 -0.0062667 0.40738 0.0090306 -0.0028648 0.067957 -0.052583 -0.0034202 -0.053158 0.055191 -0.0034202 -0.050387 -0.062072 -0.015284 0.04542 0.22973 -0.095163 0.078305 0.044716 -0.089318 -0.15276 0.1736 -0.14583 -0.14646 0.077239 -0.10889 -0.2262 0.14279 -0.15853 -0.22208 -0.1577 -0.0071486 -0.42884 -0.0072354 0.044125 -0.43233 -0.17346 0.076065 -0.75212 -0.06172 0.13229 -0.74974 -0.24722 0.035259 -0.79293 -0.090499 0.064975 -0.80807 0.010786 -0.068363 0.59244
-0.09135 -0.016734 0.30674 0.17824 -0.021751 0.32532 0.03736 -0.0097582 0.40744 0.0088644 -0.0028366 0.06797 -0.052035 -0.003371 -0.053654 0.055462 -0.003371 -0.050082 -0.052145 -0.01918 0.043866 0.21888 -0.10245 0.075315 0.054549 -0.093158 -0.15441 0.14769 -0.17543 -0.13869 0.088072 -0.11323 -0.22729 0.11642 -0.18964 -0.21392 -0.16399 -0.022266 -0.42666 -0.0079088 0.044997 -0.43169 -0.18934 0.05363 -0.75093 -0.064669 0.13382 -0.74852 -0.25276 -0.0051369 -0.78692 -0.092892 0.066352 -0.80693 0.007943 -0.071303 0.59254
-0.11246 -0.015915 0.31 0.16639 -0.01221 0.34205 0.017803 -0.0069957 0.40845 0.005975 -0.001959 0.068257 -0.04794 -0.0031704 -0.057148 0.057914 -0.0031704 -0.047269 -0.065622 -0.01681 0.048343 0.19965 -0.10297 0.094563 0.042642 -0.08756 -0.15025 0.11214 -0.19901 -0.10312 0.077098 -0.10722 -0.22282 0.07733 -0.21748 -0.17578 -0.18538 -0.038079 -0.41951 -0.024211 0.051863 -0.42402 -0.22477 0.011958 -0.7464 -0.084686 0.13973 -0.74041 -0.27242 -0.062493 -0.77549 -0.11097 0.071557 -0.7989 -0.010776 -0.066659 0.59432
-0.12695 -0.012761 0.31427 0.16426 -0.00092545 0.36842 0.0057993 -0.001655 0.4092 0.0038464 -0.0011755 0.068491 -0.043913 -0.0026473 -0.060545 0.057971 -0.0026473 -0.047105 -0.075022 -0.011688 0.053591 0.18851 -0.10478 0.12492 0.033402 -0.078878 -0.14616 0.086398 -0.21677 -0.057499 0.067998 -0.098052 -0.21878 0.045781 -0.24217 -0.12499 -0.20006 -0.051733 -0.41449 -0.033306 0.061294 -0.42063 -0.2512 -0.033125 -0.74437 -0.09701 0.14795 -0.73674 -0.28716 -0.11681 -0.76671 -0.12252 0.079453 -0.7952 -0.019285 -0.058186 0.59651
-0.11383 -0.0096274 0.31445 0.18188 0.0028911 0.38923 0.019401 0.001717 0.4087 0.0052831 -0.0011639 0.06839 -0.042947 -0.0018456 -0.061274 0.052982 -0.0018456 -0.052528 -0.059279 -0.0083726 0.054312 0.1961 -0.11451 0.15112 0.04595 -0.074172 -0.14759 0.08309 -0.23264 -0.020847 0.079558 -0.09349 -0.22064 0.035674 -0.26704 -0.079613 -0.19239 -0.061497 -0.41643 -0.018916 0.069338 -0.42878 -0.24843 -0.072132 -0.74661 -0.083852 0.15583 -0.74469 -0.2826 -0.15751 -0.7654 -0.11136 0.087996 -0.80301 -0.00033047 -0.051503 0.5976
-0.097865 -0.0075101 0.31295 0.19816 0.0010716 0.40244 0.034906 0.0036579 0.40781 0.0077871 -0.0010199 0.068142 -0.042347 -0.0013437 -0.06161 0.04854 -0.0013437 -0.05706 -0.042958 -0.0069788 0.052881 0.20394 -0.13087 0.17189 0.05872 -0.071771 -0.15116 0.08099 -0.25657 0.013276 0.091186 -0.091322 -0.22467 0.026156 -0.29917 -0.030692 -0.1825 -0.071155 -0.41856 -0.0023808 0.076409 -0.43577 -0.24242 -0.12686 -0.74067 -0.067873 0.16314 -0.75147 -0.27563 -0.21147 -0.76223 -0.097327 0.096058 -0.80974 0.018992 -0.048661 0.59736
-0.091087 -0.007588 0.31138 0.20423 -0.0030183 0.40877 0.040978 0.004202 0.40715 0.0095786 -0.00056696 0.067921 -0.041239 -0.0013433 -0.062381 0.04668 -0.0013433 -0.058472 -0.037187 -0.0077117 0.051101 0.20543 -0.14675 0.18522 0.062352 -0.070734 -0.15454 0.073805 -0.28607 0.045918 0.094103 -0.090231 -0.22837 0.012209 -0.33338 0.018147 -0.17906 -0.082148 -0.41794 0.0055921 0.082531 -0.43695 -0.24224 -0.18783 -0.72769 -0.061024 0.16887 -0.75253 -0.2734 -0.27214 -0.75374 -0.091082 0.10211 -0.81084 0.026742 -0.049654 0.5964
-0.087734 -0.010686 0.30966 0.20646 -0.0068566 0.40978 0.043189 0.0024673 0.40688 0.010348 -0.00046497 0.067814 -0.04106 -0.0015525 -0.062522 0.045233 -0.0015525 -0.059497 -0.034925 -0.010938 0.049156 0.20769 -0.15303 0.1877 0.063641 -0.071662 -0.15764 0.071537 -0.30821 0.071022 0.095072 -0.090848 -0.23169 0.0057619 -0.35519 0.051216 -0.17592 -0.092513 -0.41675 0.0095075 0.087115 -0.43738 -0.23724 -0.2181 -0.72122 -0.059068 0.17191 -0.75305 -0.27088 -0.30254 -0.74321 -0.089227 0.10519 -0.8114 0.030494 -0.053067 0.59575
-0.085221 -0.012662 0.30743 0.207 -0.01445 0.40574 0.044141 -0.00087978 0.40682 0.010474 -0.00087145 0.067786 -0.041956 -0.0012519 -0.061909 0.044201 -0.0012519 -0.060336 -0.033983 -0.013547 0.046621 0.20722 -0.15992 0.1833 0.063247 -0.073184 -0.16113 0.066468 -0.32734 0.09215 0.09424 -0.092391 -0.23535 -0.0012919 -0.37241 0.078035 -0.17307 -0.097198 -0.41624 0.014615 0.091818 -0.4377 -0.23431 -0.22884 -0.71673 -0.053251 0.17794 -0.75304 -0.27204 -0.31371 -0.72849 -0.084702 0.11194 -0.81148 0.031831 -0.058407 0.59511
-0.083276 -0.01077 0.30458 0.20564 -0.027731 0.39665 0.044214 -0.0047249 0.40679 0.010421 -0.0015538 0.067781 -0.043394 -0.00021136 -0.06091 0.044302 -0.00021136 -0.060284 -0.034623 -0.013296 0.043287 0.2 -0.17734 0.17709 0.060119 -0.073744 -0.16537 0.051257 -0.34996 0.11274 0.090278 -0.093556 -0.23978 -0.017559 -0.39505 0.10877 -0.172 -0.09395 -0.41673 0.023857 0.098795 -0.43667 -0.24071 -0.24177 -0.70754 -0.039764 0.19099 -0.75095 -0.27888 -0.32729 -0.70903 -0.074262 0.12678 -0.80962 0.030219 -0.065048 0.59408
-0.083347 -0.012058 0.30195 0.20158 -0.035058 0.38337 0.042052 -0.0085984 0.40694 0.010142 -0.0018519 0.067818 -0.044635 -3.5521e-05 -0.060034 0.045388 -3.5521e-05 -0.059444 -0.037149 -0.014523 0.040206 0.19413 -0.19094 0.1682 0.056652 -0.073731 -0.16922 0.041835 -0.36723 0.12394 0.086493 -0.093401 -0.2438 -0.027963 -0.41182 0.12445 -0.17024 -0.091754 -0.41748 0.033361 0.10864 -0.43374 -0.24253 -0.24822 -0.70368 -0.033096 0.20232 -0.74771 -0.27682 -0.33491 -0.6955 -0.068946 0.13899 -0.8066 0.027411 -0.070787 0.59359
-0.085077 -0.017023 0.30036 0.19611 -0.031796 0.369 0.038603 -0.010981 0.40722 0.0096784 -0.001708 0.067889 -0.045692 -0.00088291 -0.059225 0.046457 -0.00088291 -0.058613 -0.040762 -0.017349 0.038277 0.19419 -0.19256 0.15735 0.054164 -0.072702 -0.1717 0.04482 -0.37352 0.12372 0.084381 -0.091236 -0.24642 -0.02542 -0.41719 0.12115 -0.16709 -0.0916 -0.41838 0.033507 0.11517 -0.43073 -0.23579 -0.24197 -0.70852 -0.035839 0.21084 -0.74365 -0.26552 -0.32984 -0.69541 -0.07076 0.14714 -0.8027 0.024769 -0.073631 0.59378
-0.085917 -0.016919 0.30026 0.19264 -0.024559 0.35848 0.03747 -0.0092538 0.40739 0.0092583 -0.0017977 0.067946 -0.04741 -0.00096328 -0.057823 0.045956 -0.00096328 -0.059012 -0.043613 -0.015943 0.037852 0.19744 -0.18713 0.1482 0.051834 -0.069032 -0.17249 0.050487 -0.37103 0.12081 0.082234 -0.086745 -0.24734 -0.01807 -0.41704 0.11837 -0.16453 -0.083379 -0.42031 0.012426 0.10691 -0.4315 -0.23191 -0.22646 -0.71439 -0.0335 0.22654 -0.73794 -0.26351 -0.31401 -0.70919 -0.068599 0.16314 -0.79712 0.022496 -0.072399 0.59364
-0.08727 -0.012486 0.30123 0.18916 -0.016477 0.34979 0.036748 -0.0040459 0.40755 0.0087089 -0.0018037 0.068018 -0.049251 -0.00075899 -0.056294 0.045398 -0.00075899 -0.059442 -0.047009 -0.011127 0.038505 0.19802 -0.18096 0.14119 0.048322 -0.063612 -0.17203 0.051282 -0.36599 0.12112 0.078669 -0.08094 -0.24699 -0.015885 -0.41424 0.12124 -0.16185 -0.068673 -0.42325 -0.0094647 0.098142 -0.43249 -0.22877 -0.20499 -0.72061 -0.026838 0.24861 -0.73013 -0.26689 -0.28988 -0.73088 -0.062461 0.18559 -0.78947 0.019144 -0.06794 0.59336
-0.092115 -0.0088659 0.30248 0.18021 -0.0088411 0.3374 0.032415 0.001898 0.40795 0.0077047 -0.0012235 0.068153 -0.050379 -0.001514 -0.0553 0.046992 -0.001514 -0.058147 -0.053452 -0.0069889 0.039513 0.18888 -0.17882 0.13337 0.042051 -0.059087 -0.17105 0.040893 -0.3638 0.12393 0.072396 -0.076134 -0.24608 -0.028086 -0.40941 0.12365 -0.15774 -0.053938 -0.42639 -0.0054295 0.10866 -0.42834 -0.22018 -0.17969 -0.7293 -0.022331 0.27054 -0.72067 -0.26415 -0.25932 -0.7523 -0.056761 0.20696 -0.78038 0.012502 -0.063461 0.59314
-0.10072 -0.0066231 0.30374 0.15918 -0.0047808 0.31767 0.024442 0.0049302 0.40845 0.0062166 -0.0010102 0.068305 -0.051832 -0.0023318 -0.053853 0.049085 -0.0023318 -0.056409 -0.063179 -0.0051193 0.040607 0.16437 -0.17864 0.11656 0.031435 -0.059142 -0.16985 0.011293 -0.35926 0.11135 0.061407 -0.076674 -0.24491 -0.058994 -0.40277 0.11088 -0.15464 -0.038025 -0.42811 0.0073668 0.12435 -0.42275 -0.21483 -0.14967 -0.73698 -0.013817 0.28874 -0.7124 -0.26452 -0.22187 -0.76963 -0.047559 0.22649 -0.77326 0.00088899 -0.066662 0.59062
-0.11061 -0.0032681 0.30588 0.13225 -0.0067399 0.29564 0.01623 0.0058658 0.40883 0.0047539 -0.0012432 0.068418 -0.053763 -0.0026551 -0.051902 0.050437 -0.0026551 -0.055183 -0.07377 -0.0033967 0.042649 0.13474 -0.17736 0.091669 0.018357 -0.062168 -0.16764 -0.026395 -0.35015 0.078892 0.047444 -0.081092 -0.2427 -0.095834 -0.3949 0.079531 -0.15357 -0.021259 -0.4282 0.015864 0.13336 -0.4189 -0.21586 -0.11537 -0.7424 0.0032245 0.30372 -0.70567 -0.27148 -0.17868 -0.78306 -0.03172 0.24347 -0.76743 -0.012605 -0.075521 0.58602
-0.11661 0.0057024 0.31104 0.12424 -0.014726 0.28872 0.014221 0.011811 0.40886 0.0044174 -0.00029832 0.068461 -0.054326 -0.0031744 -0.051385 0.051784 -0.0031744 -0.053887 -0.080097 0.0041018 0.047751 0.13242 -0.17277 0.07548 0.0095576 -0.058983 -0.1624 -0.032722 -0.34209 0.048489 0.037808 -0.079177 -0.23746 -0.10276 -0.38654 0.046258 -0.15208 -0.0091094 -0.42876 0.028645 0.1393 -0.41599 -0.21268 -0.080332 -0.74952 0.025497 0.32062 -0.6964 -0.27247 -0.1343 -0.79715 -0.010977 0.25571 -0.75594 -0.018404 -0.072656 0.58438
-0.12204 0.010112 0.3164 0.13456 -0.019775 0.30492 0.01285 0.015437 0.40875 0.0043134 0.00058121 0.068462 -0.052834 -0.0035076 -0.052846 0.052433 -0.0035076 -0.053236 -0.08549 0.0083012 0.053131 0.1557 -0.16056 0.080495 0.0035201 -0.055988 -0.15691 -0.0021531 -0.3295 0.027385 0.031547 -0.076492 -0.23196 -0.072039 -0.3721 0.015078 -0.15126 -0.006952 -0.43002 0.04019 0.13743 -0.41649 -0.20236 -0.048199 -0.75745 0.04253 0.33391 -0.68644 -0.26358 -0.094612 -0.8109 0.0061124 0.27267 -0.74789 -0.018205 -0.06244 0.58736
-0.13292 -0.0029262 0.31705 0.14578 -0.011671 0.33953 0.0023799 0.004735 0.4089 0.0028562 -0.00087887 0.068487 -0.049981 -0.0030039 -0.055427 0.051119 -0.0030039 -0.054439 -0.095966 -0.0035967 0.053869 0.17936 -0.13888 0.10843 -0.0050482 -0.065548 -0.156 0.042482 -0.30273 0.010155 0.023542 -0.085273 -0.23105 -0.02178 -0.3445 -0.019167 -0.15354 -0.015411 -0.43092 0.038316 0.11988 -0.42372 -0.18859 -0.020945 -0.76236 0.045619 0.33328 -0.68067 -0.24898 -0.063511 -0.81997 0.012359 0.30508 -0.75775 -0.020114 -0.060791 0.59328
-0.1379 -0.0073201 0.31537 0.15319 -0.0049067 0.36233 -0.0041797 -0.0025328 0.40929 0.002261 -0.001395 0.068569 -0.048483 -0.0038507 -0.056929 0.049412 -0.0038507 -0.056092 -0.10012 -0.0086928 0.052237 0.1897 -0.1252 0.12818 -0.0094226 -0.07209 -0.15738 0.067397 -0.274 -0.010829 0.019013 -0.092254 -0.23238 0.0092805 -0.3122 -0.055935 -0.15485 -0.01377 -0.43183 0.034567 0.097622 -0.4324 -0.1761 0.0068989 -0.7646 0.057551 0.32367 -0.67684 -0.23677 -0.031704 -0.82444 0.029716 0.32843 -0.76757 -0.022033 -0.058908 0.59755
-0.13497 0.0087273 0.315 0.15466 -0.013307 0.36317 -0.0018278 0.0026865 0.40947 0.0029796 0.00024068 0.068624 -0.047923 -0.005871 -0.057459 0.049656 -0.005871 -0.055874 -0.096886 0.0039262 0.051846 0.18465 -0.13145 0.12701 -0.011355 -0.067178 -0.15763 0.060872 -0.2571 -0.03202 0.015388 -0.089758 -0.23259 0.0061334 -0.28683 -0.086666 -0.15494 0.0034866 -0.4325 0.03638 0.07848 -0.43678 -0.16949 0.033343 -0.76494 0.085803 0.31163 -0.67012 -0.23325 0.0010989 -0.82529 0.062765 0.32612 -0.76079 -0.024185 -0.051345 0.59788
-0.15003 0.0057274 0.31714 0.1456 -0.03318 0.38524 -0.014473 -0.0053923 0.40845 -0.0001401 -0.0020682 0.068385 -0.040969 -0.0027735 -0.062144 0.053721 -0.0027735 -0.051534 -0.11464 0.00026416 0.05413 0.1777 -0.1458 0.14664 -0.03472 -0.073242 -0.15587 0.061064 -0.25408 -0.028758 -0.0095618 -0.096544 -0.231 0.012937 -0.27517 -0.092735 -0.1645 -0.00035087 -0.43084 0.028672 0.052579 -0.43574 -0.17183 0.03845 -0.76236 0.089169 0.2969 -0.65582 -0.23794 0.010662 -0.82254 0.065096 0.318 -0.74454 -0.037069 -0.054291 0.59835
-0.16925 -0.012062 0.31654 0.12966 -0.048244 0.40593 -0.033274 -0.021329 0.40723 -0.0049718 -0.0063566 0.068085 -0.033874 0.0025452 -0.066726 0.058652 0.0025452 -0.046241 -0.13304 -0.017012 0.053542 0.17353 -0.14806 0.16352 -0.050958 -0.088797 -0.15634 0.078496 -0.24435 -0.03114 -0.02515 -0.11157 -0.23143 0.04276 -0.25595 -0.10496 -0.17613 -0.023765 -0.42833 0.011981 0.020695 -0.43254 -0.17134 0.03838 -0.75631 0.067993 0.2713 -0.64644 -0.23787 0.011749 -0.81648 0.039991 0.29105 -0.73459 -0.052934 -0.0675 0.59816
-0.15038 -0.0034677 0.30556 0.11736 -0.037715 0.35593 -0.023997 -0.013884 0.40803 -0.0037849 -0.0043177 0.068289 -0.041897 0.00039609 -0.060758 0.058406 0.00039609 -0.046694 -0.10215 -0.012647 0.042034 0.16846 -0.11879 0.10813 -0.0067949 -0.089125 -0.16552 0.095345 -0.1971 -0.10243 0.022344 -0.11353 -0.23986 0.075499 -0.19366 -0.18188 -0.16886 -0.02893 -0.42896 0.0011742 -0.0062396 -0.43279 -0.14873 0.072195 -0.74811 0.059359 0.22523 -0.6638 -0.21544 0.045903 -0.80864 0.033543 0.21162 -0.74715 -0.050525 -0.075273 0.59274
-0.12275 0.015218 0.29813 0.11316 -0.013935 0.29302 -0.0032229 0.0048328 0.40934 0.0002011 0.00030701 0.068623 -0.05286 -0.0039335 -0.053071 0.055289 -0.0039335 -0.050256 -0.09106 0.009882 0.035441 0.16807 -0.075977 0.040414 -0.017249 -0.063011 -0.17548 0.10987 -0.14245 -0.17989 0.0062995 -0.08609 -0.25088 0.10292 -0.12419 -0.26042 -0.14851 0.00019632 -0.43064 -0.0049438 -0.027402 -0.43458 -0.12293 0.09973 -0.74713 0.056771 0.18234 -0.68772 -0.19233 0.078694 -0.80613 0.037626 0.13417 -0.76696 -0.036931 -0.074896 0.58679
-0.12242 0.018837 0.30565 0.1152 0.0031787 0.28484 0.0038621 0.013891 0.40923 0.0017148 0.0016817 0.068612 -0.052815 -0.0033079 -0.053351 0.053341 -0.0033079 -0.052382 -0.16112 0.032587 0.047678 0.1759 -0.043202 0.030038 -0.16635 -0.020531 -0.1759 0.1272 -0.10878 -0.19464 -0.16313 -0.036156 -0.25546 0.12545 -0.08353 -0.27379 -0.12905 0.056419 -0.42976 -0.013044 -0.045694 -0.43406 -0.11389 0.084954 -0.75742 0.042393 0.15665 -0.69718 -0.18958 0.075082 -0.81107 0.026573 0.10452 -0.77642 -0.02706 -0.070974 0.58499
-0.12564 0.021498 0.31005 0.11213 0.0095598 0.28801 0.0046703 0.016482 0.40883 0.0019986 0.0015653 0.068528 -0.052616 -0.0019349 -0.052863 0.052133 -0.0019349 -0.053587 -0.22617 0.04243 0.062158 0.18022 -0.018891 0.032901 -0.27909 -0.011013 -0.16587 0.1521 -0.055799 -0.1967 -0.28921 -0.023961 -0.24779 0.15216 -0.032135 -0.27573 -0.11644 0.09676 -0.42531 -0.026282 -0.062512 -0.43052 -0.10346 0.086972 -0.76092 0.016729 0.10305 -0.71349 -0.18477 0.079797 -0.80682 -0.011038 0.052957 -0.78512 -0.025402 -0.072619 0.582
-0.11954 0.030592 0.30506 0.10326 0.008499 0.27842 0.0061174 0.017166 0.40883 0.0023213 0.0015069 0.068534 -0.057261 -0.0022967 -0.047914 0.051209 -0.0022967 -0.054466 -0.24126 0.042935 0.068091 0.17847 -0.0013228 0.023837 -0.28782 -0.036544 -0.15104 0.18219 0.01784 -0.21065 -0.29972 -0.054897 -0.23115 0.18346 0.037228 -0.29099 -0.10901 0.10297 -0.41999 -0.041119 -0.075521 -0.42595 -0.084738 0.12381 -0.75277 -0.012968 0.036409 -0.73726 -0.16884 0.11082 -0.79174 -0.059833 -0.021923 -0.79208 -0.029441 -0.079113 0.57718
-0.11459 0.038526 0.30258 0.10037 0.0076428 0.27357 0.0080198 0.017174 0.40886 0.0026959 0.0013736 0.068536 -0.060715 -0.0027797 -0.043822 0.050901 -0.0027797 -0.054759 -0.23675 0.052354 0.067788 0.18049 0.0074873 0.019729 -0.29108 -0.044428 -0.14095 0.20738 0.061346 -0.21181 -0.31164 -0.068801 -0.21666 0.2085 0.084226 -0.29121 -0.0988 0.092084 -0.4195 -0.048703 -0.079773 -0.42392 -0.070457 0.15165 -0.74647 -0.03751 0.035888 -0.74103 -0.15578 0.14138 -0.78327 -0.083123 -0.036164 -0.78143 -0.031549 -0.079405 0.57637
-0.11556 0.040521 0.30421 0.099453 0.0042317 0.27424 0.0074892 0.014978 0.40891 0.0027436 0.001126 0.068533 -0.061414 -0.002426 -0.04262 0.051239 -0.002426 -0.054437 -0.23701 0.057157 0.06836 0.18471 0.013408 0.022701 -0.31659 -0.049591 -0.12772 0.22213 0.07925 -0.20176 -0.35167 -0.079862 -0.19626 0.22052 0.10753 -0.27946 -0.087295 0.078927 -0.42299 -0.056172 -0.083063 -0.42033 -0.06698 0.16251 -0.74565 -0.06912 0.032419 -0.73272 -0.15309 0.15865 -0.78217 -0.10741 -0.048454 -0.75989 -0.033402 -0.079779 0.57702
-0.12133 0.035641 0.30637 0.093265 -0.0054987 0.27369 0.0031071 0.0091583 0.40912 0.0022711 0.00074586 0.068555 -0.060697 -0.0012599 -0.043631 0.051802 -0.0012599 -0.053903 -0.25212 0.038891 0.075286 0.18635 0.024026 0.027046 -0.34776 -0.084812 -0.10247 0.22642 0.0989 -0.19365 -0.3936 -0.12298 -0.16027 0.22003 0.12506 -0.27176 -0.078932 0.070345 -0.42674 -0.072479 -0.094954 -0.41087 -0.07284 0.16779 -0.74657 -0.11901 -0.067434 -0.73169 -0.1599 0.16214 -0.78041 -0.16772 -0.14524 -0.74302 -0.03818 -0.089608 0.57477
-0.12325 0.029624 0.3081 0.093291 -0.0095936 0.27388 0.0026282 0.0033226 0.40924 0.002295 -4.9861e-05 0.068556 -0.06068 -0.0010655 -0.043734 0.051266 -0.0010655 -0.054515 -0.26149 0.021274 0.081053 0.19141 0.038083 0.031159 -0.36089 -0.11623 -0.084799 0.23013 0.12052 -0.18783 -0.41228 -0.16302 -0.12898 0.22393 0.14533 -0.26653 -0.070629 0.053511 -0.42929 -0.083367 -0.10766 -0.40464 -0.073197 0.17452 -0.73998 -0.15608 -0.16571 -0.72942 -0.16057 0.16406 -0.772 -0.21186 -0.24116 -0.73418 -0.036985 -0.096466 0.57471
-0.1193 0.027489 0.30946 0.10216 -0.0063297 0.2762 0.0073536 -0.00053682 0.40919 0.0029063 -0.0011934 0.068523 -0.061702 -0.0018527 -0.042255 0.050649 -0.0018527 -0.055139 -0.25708 0.021647 0.082115 0.20289 0.05109 0.036672 -0.35659 -0.12008 -0.080196 0.23791 0.1365 -0.18175 -0.40886 -0.17454 -0.11277 0.23544 0.16387 -0.25994 -0.062952 0.026898 -0.43074 -0.083165 -0.11278 -0.40418 -0.060651 0.18467 -0.72447 -0.16876 -0.19465 -0.71884 -0.14754 0.17262 -0.75731 -0.21829 -0.2739 -0.72713 -0.029983 -0.094353 0.57863
-0.11902 0.030654 0.31104 0.10448 -0.012729 0.27838 0.0069445 -0.0043194 0.40917 0.0025779 -0.0020631 0.068517 -0.061425 -0.00072399 -0.042622 0.054204 -0.00072399 -0.051188 -0.25788 0.03385 0.08457 0.21564 0.056837 0.047713 -0.37049 -0.10908 -0.066203 0.24365 0.13728 -0.17327 -0.41945 -0.16943 -0.09819 0.23409 0.16207 -0.25101 -0.063839 0.010657 -0.43252 -0.085479 -0.10725 -0.39896 -0.043058 0.1945 -0.71103 -0.18616 -0.1921 -0.70405 -0.12978 0.1859 -0.74475 -0.23553 -0.2707 -0.70728 -0.033209 -0.09324 0.58062
-0.12251 0.035608 0.31271 0.099307 -0.027149 0.27917 0.002073 -0.0082826 0.40917 0.0015648 -0.0026713 0.068527 -0.060132 0.0016429 -0.044452 0.059732 0.0016429 -0.044959 -0.26582 0.046906 0.089156 0.22139 0.051635 0.056619 -0.39856 -0.095308 -0.046119 0.24316 0.12437 -0.16788 -0.43508 -0.16179 -0.079615 0.22238 0.14588 -0.24496 -0.075323 0.007457 -0.43393 -0.09198 -0.095444 -0.39063 -0.027335 0.20401 -0.69958 -0.21259 -0.18157 -0.68975 -0.11442 0.20094 -0.73369 -0.26924 -0.25574 -0.68386 -0.044528 -0.095574 0.57983
-0.12426 0.03751 0.3139 0.09438 -0.037555 0.27842 -0.00049748 -0.011554 0.40911 0.0010497 -0.0033781 0.068507 -0.059525 0.0025685 -0.045272 0.061948 0.0025685 -0.042103 -0.27143 0.052204 0.092886 0.21309 0.034947 0.051957 -0.41456 -0.084991 -0.03747 0.23493 0.1058 -0.17313 -0.42454 -0.1604 -0.057495 0.21511 0.13365 -0.24828 -0.094091 0.0089288 -0.43335 -0.097516 -0.085019 -0.38702 -0.017219 0.21468 -0.6846 -0.23556 -0.16882 -0.67979 -0.10426 0.21517 -0.72001 -0.29677 -0.24106 -0.67825 -0.052021 -0.098038 0.5788
-0.12506 0.039754 0.31442 0.088151 -0.046664 0.27738 -0.0030283 -0.014126 0.409 0.0005551 -0.0040363 0.068475 -0.059068 0.0019848 -0.045831 0.062178 0.0019848 -0.041466 -0.27297 0.060929 0.094711 0.19684 0.012489 0.042078 -0.42181 -0.068902 -0.03632 0.22132 0.085104 -0.18228 -0.40276 -0.15232 -0.030054 0.20643 0.12128 -0.25526 -0.11241 0.015576 -0.43176 -0.1074 -0.076787 -0.3834 -0.0085753 0.22189 -0.6729 -0.2523 -0.14922 -0.6752 -0.092438 0.22871 -0.7133 -0.31605 -0.21479 -0.6915 -0.059071 -0.098195 0.5784
-0.12572 0.04556 0.31437 0.080177 -0.05593 0.27689 -0.0068068 -0.014862 0.40893 -0.00017413 -0.0042674 0.068465 -0.058341 0.00071407 -0.046781 0.062595 0.00071407 -0.040867 -0.27117 0.08026 0.094846 0.18023 -0.0080812 0.035265 -0.42549 -0.041308 -0.038189 0.20338 0.06382 -0.18965 -0.39304 -0.12373 -0.013843 0.18786 0.10251 -0.26123 -0.12375 0.028811 -0.43008 -0.12391 -0.068709 -0.37589 0.0022482 0.22619 -0.66799 -0.26143 -0.12075 -0.67544 -0.075182 0.24349 -0.71684 -0.328 -0.17259 -0.71343 -0.068068 -0.094642 0.57859
-0.12355 0.053505 0.3141 0.0769 -0.056823 0.27635 -0.0065263 -0.010243 0.40906 -0.00011035 -0.0035729 0.0685 -0.058371 -0.00024891 -0.046804 0.063245 -0.00024891 -0.040043 -0.26678 0.099777 0.094705 0.16658 -0.019589 0.028934 -0.41822 -0.010839 -0.049026 0.17822 0.042047 -0.19912 -0.40731 -0.071816 -0.0572 0.15812 0.079354 -0.26999 -0.12648 0.046709 -0.42764 -0.13815 -0.057093 -0.36908 0.014144 0.24036 -0.66069 -0.25902 -0.091368 -0.67861 -0.059162 0.26313 -0.7149 -0.3282 -0.13593 -0.7248 -0.07147 -0.087338 0.57866
-0.11602 0.066176 0.31351 0.077215 -0.052196 0.27553 -0.0018577 -0.0013252 0.40924 0.00066858 -0.0021285 0.068559 -0.059832 -0.0010989 -0.044883 0.062879 -0.0010989 -0.040544 -0.25381 0.12459 0.093741 0.15767 -0.028658 0.023275 -0.39775 0.026652 -0.066523 0.1532 0.015935 -0.20928 -0.42706 -0.0075686 -0.13027 0.12949 0.052188 -0.2797 -0.12194 0.06604 -0.42375 -0.14793 -0.038138 -0.36636 0.033913 0.2593 -0.64708 -0.24855 -0.058149 -0.68414 -0.037035 0.28429 -0.70292 -0.3205 -0.10035 -0.72695 -0.069893 -0.075231 0.57902
-0.10339 0.085483 0.31219 0.074953 -0.052458 0.2747 0.0029054 0.0067381 0.4092 0.0011922 -0.00076622 0.068587 -0.062392 -0.0026848 -0.041263 0.059924 -0.0026848 -0.044487 -0.22751 0.16432 0.090687 0.15376 -0.0484 0.020995 -0.36869 0.077303 -0.082034 0.14178 -0.018946 -0.21454 -0.41622 0.044105 -0.15147 0.12006 0.019915 -0.28442 -0.11336 0.0845 -0.41808 -0.15614 -0.01253 -0.36896 0.068392 0.26711 -0.63121 -0.23746 -0.014493 -0.6927 0.0026287 0.29985 -0.68911 -0.31279 -0.047102 -0.73694 -0.069592 -0.058708 0.58078
-0.10014 0.08547 0.31073 0.076698 -0.048531 0.27413 0.0052892 0.0091815 0.40911 0.0016046 -0.00070822 0.068573 -0.062291 -0.0035052 -0.041156 0.056384 -0.0035052 -0.049068 -0.22648 0.16442 0.090893 0.15104 -0.059367 0.019174 -0.34288 0.083929 -0.097749 0.13851 -0.050712 -0.21711 -0.3842 0.039806 -0.15268 0.11688 -0.013723 -0.28772 -0.1024 0.11031 -0.41165 -0.15467 -0.0079015 -0.37648 0.080373 0.28322 -0.63032 -0.21685 0.0060445 -0.70426 0.016585 0.31688 -0.68974 -0.29102 -0.021605 -0.75412 -0.062543 -0.053014 0.58342
-0.11332 0.052407 0.30966 0.088085 -0.03109 0.27385 0.0057767 0.006115 0.40913 0.0023562 -0.0020025 0.068528 -0.057539 -0.0025841 -0.047373 0.054645 -0.0025841 -0.05108 -0.26141 0.098284 0.09328 0.14878 -0.045562 0.015509 -0.32208 0.021321 -0.11916 0.13514 -0.067512 -0.21951 -0.34936 -0.024587 -0.18079 0.10727 -0.043061 -0.29313 -0.092842 0.14408 -0.40642 -0.13815 -0.038345 -0.38694 0.044527 0.32134 -0.65101 -0.18151 -0.016454 -0.71728 -0.025056 0.33942 -0.7098 -0.24718 -0.054384 -0.77139 -0.042703 -0.065641 0.58575
-0.11898 0.027754 0.30851 0.10044 -0.0086997 0.27325 0.010077 0.0088012 0.40891 0.0035663 -0.0015627 0.068475 -0.053552 -0.0023818 -0.052372 0.054648 -0.0023818 -0.050984 -0.23704 0.066278 0.076163 0.15694 -0.029797 0.014432 -0.27748 -0.00030507 -0.14874 0.13417 -0.073029 -0.21775 -0.30892 -0.042295 -0.21174 0.10776 -0.062395 -0.29527 -0.094875 0.1587 -0.40501 -0.11833 -0.060511 -0.39601 0.0052628 0.34841 -0.66236 -0.1503 -0.031741 -0.72714 -0.068936 0.35118 -0.72016 -0.20833 -0.080163 -0.7829 -0.022268 -0.071755 0.58646
-0.11096 0.025267 0.30719 0.1084 0.0094264 0.27248 0.017762 0.017973 0.40841 0.004888 0.00077673 0.068413 -0.052304 -0.0032213 -0.053445 0.055363 -0.0032213 -0.050184 -0.14421 0.10714 0.05749 0.17021 -0.02505 0.01629 -0.20328 0.053722 -0.16589 0.1328 -0.075379 -0.21233 -0.25526 0.014675 -0.21589 0.11601 -0.070044 -0.29296 -0.10825 0.15288 -0.40613 -0.1036 -0.05938 -0.40179 -0.014165 0.35201 -0.65746 -0.13272 -0.021743 -0.73229 -0.0882 0.3472 -0.71481 -0.1875 -0.0737 -0.78779 -0.0085343 -0.064752 0.58569
-0.10552 0.021771 0.30622 0.113 0.017735 0.27243 0.022045 0.022454 0.40799 0.0057201 0.0018921 0.068316 -0.051169 -0.0028706 -0.054383 0.055272 -0.0028706 -0.050322 -0.075375 0.17174 0.091311 0.16833 -0.027053 0.01649 -0.12311 0.1179 -0.134 0.12267 -0.083714 -0.20899 -0.18212 0.075755 -0.17563 0.10818 -0.070653 -0.29034 -0.12054 0.15318 -0.40532 -0.095275 -0.058033 -0.40549 -0.024741 0.34861 -0.65872 -0.12392 -0.012575 -0.73503 -0.097994 0.33757 -0.71557 -0.17681 -0.066365 -0.79023 1.5664e-06 -0.06134 0.58506
-0.10139 0.015477 0.30564 0.11837 0.022082 0.27272 0.026218 0.023196 0.40772 0.0071052 0.002198 0.068202 -0.050904 -0.0020393 -0.054782 0.054198 -0.0020393 -0.051512 -0.037932 0.21689 0.14362 0.16069 -0.03145 0.015789 -0.053016 0.16858 -0.087901 0.11256 -0.097138 -0.2068 -0.10897 0.12105 -0.12585 0.092963 -0.084574 -0.28583 -0.12172 0.14501 -0.40864 -0.090529 -0.059107 -0.40893 -0.032921 0.34306 -0.66221 -0.11899 -0.0079619 -0.73766 -0.10618 0.32639 -0.71806 -0.17057 -0.063345 -0.79275 0.0081162 -0.061501 0.58497
-0.09488 0.011794 0.30521 0.12475 0.027916 0.27289 0.032319 0.023098 0.40763 0.009035 0.0027218 0.068121 -0.052248 -0.001939 -0.053649 0.052925 -0.001939 -0.052852 -0.0090545 0.22079 0.16161 0.16077 -0.039545 0.017913 -0.0062898 0.20292 -0.074153 0.11052 -0.11623 -0.20081 -0.063914 0.15368 -0.10658 0.084863 -0.1301 -0.27516 -0.11137 0.10857 -0.42182 -0.086066 -0.056719 -0.41289 -0.04196 0.3334 -0.65718 -0.11536 -0.001507 -0.74092 -0.11537 0.31392 -0.71212 -0.16666 -0.057598 -0.79559 0.015926 -0.061269 0.58523
-0.10415 0.002492 0.3045 0.1158 0.021767 0.27446 0.022122 0.011326 0.40798 0.0055977 0.00063288 0.068136 -0.050229 -0.00055464 -0.055226 0.053119 -0.00055464 -0.052617 -0.011406 0.21383 0.17457 0.14722 -0.069195 0.027125 -0.00090251 0.21066 -0.062333 0.094924 -0.16185 -0.18447 -0.061364 0.16267 -0.092282 0.063909 -0.19413 -0.25536 -0.11486 0.074795 -0.43238 -0.083129 -0.053081 -0.41403 -0.054644 0.31656 -0.65511 -0.11668 0.0066251 -0.74081 -0.12608 0.29881 -0.71276 -0.16925 -0.048903 -0.79476 0.0044019 -0.072188 0.5858
-0.1297 -0.012974 0.30353 0.092054 0.0025479 0.27735 -0.0044063 -0.011101 0.40858 -0.0028427 -0.0038601 0.068224 -0.044291 0.0020178 -0.060076 0.054726 0.0020178 -0.050915 -0.042573 0.21258 0.19424 0.11782 -0.11623 0.041359 -0.025672 0.19694 -0.041673 0.062454 -0.22603 -0.16112 -0.087196 0.15134 -0.073048 0.027261 -0.25282 -0.23142 -0.13697 0.060514 -0.43411 -0.081753 -0.049832 -0.41234 -0.068482 0.29449 -0.66199 -0.12211 0.015187 -0.73733 -0.13741 0.28121 -0.72387 -0.17713 -0.038928 -0.79028 -0.025688 -0.093828 0.58638
-0.14375 -0.021359 0.30301 0.079913 -0.0097182 0.27891 -0.018718 -0.024122 0.40852 -0.0063933 -0.005656 0.068253 -0.041086 0.0022001 -0.06262 0.055282 0.0022001 -0.050362 -0.056128 0.20166 0.18847 0.10397 -0.14424 0.050468 -0.031837 0.18867 -0.046637 0.041091 -0.25957 -0.14682 -0.09553 0.14515 -0.076123 0.0029953 -0.27992 -0.21738 -0.14874 0.05024 -0.43423 -0.079247 -0.045362 -0.41311 -0.075398 0.27556 -0.6709 -0.12339 0.023631 -0.73684 -0.14766 0.26369 -0.72906 -0.18056 -0.029567 -0.78846 -0.043298 -0.10609 0.58628
-0.14628 -0.018552 0.30297 0.078618 -0.012245 0.27897 -0.021025 -0.023427 0.40806 -0.0053187 -0.0046615 0.068235 -0.040702 0.00069347 -0.062756 0.055106 0.00069347 -0.050575 -0.049969 0.18974 0.16889 0.10204 -0.15257 0.054437 -0.020847 0.19167 -0.066296 0.028558 -0.26685 -0.13975 -0.087311 0.14959 -0.091804 -0.012196 -0.28984 -0.20795 -0.1459 0.047291 -0.43518 -0.075727 -0.036484 -0.41588 -0.085839 0.2581 -0.68716 -0.12043 0.035174 -0.73892 -0.16262 0.24844 -0.73981 -0.17929 -0.017579 -0.78905 -0.048562 -0.10515 0.58548
-0.15212 -0.0075936 0.30304 0.073299 -0.012352 0.27894 -0.026878 -0.015546 0.40793 -0.0053107 -0.0036118 0.068256 -0.039724 0.00022247 -0.063342 0.055855 0.00022247 -0.049744 -0.046691 0.19522 0.16691 0.091101 -0.16003 0.058864 -0.02053 0.1977 -0.068808 0.0071249 -0.28033 -0.12773 -0.088022 0.1566 -0.093583 -0.037295 -0.31338 -0.18848 -0.1429 0.059661 -0.43506 -0.072411 -0.020633 -0.41726 -0.11748 0.23219 -0.71758 -0.11728 0.053583 -0.73968 -0.19173 0.23146 -0.77425 -0.17783 0.0014693 -0.78845 -0.058052 -0.097927 0.58443
-0.15858 0.0054317 0.30297 0.067569 -0.0095844 0.27954 -0.033677 -0.0068006 0.40787 -0.0058101 -0.0027736 0.068304 -0.039016 -0.00013528 -0.063826 0.056865 -0.00013528 -0.048596 -0.045439 0.20651 0.17111 0.077601 -0.16522 0.064232 -0.027776 0.19974 -0.065072 -0.018662 -0.29916 -0.10552 -0.094754 0.15876 -0.090754 -0.066983 -0.34052 -0.15872 -0.1606 0.057998 -0.42896 -0.067102 -0.0015009 -0.41812 -0.1674 0.18132 -0.73982 -0.11215 0.074885 -0.74005 -0.23921 0.18429 -0.79957 -0.17401 0.02315 -0.78757 -0.068007 -0.088999 0.58388
-0.16126 0.01572 0.30286 0.066242 -0.0036696 0.28072 -0.036727 -0.0005762 0.40764 -0.0055232 -0.0018814 0.068355 -0.039498 -0.0012513 -0.063511 0.057349 -0.0012513 -0.048005 -0.042706 0.21232 0.16902 0.069401 -0.16596 0.070144 -0.034267 0.19634 -0.067221 -0.040594 -0.3141 -0.077993 -0.10093 0.1557 -0.093774 -0.092196 -0.35754 -0.12627 -0.20215 0.028431 -0.41539 -0.059483 0.015862 -0.41943 -0.2211 0.10928 -0.73926 -0.10435 0.093632 -0.74107 -0.2975 0.10626 -0.79217 -0.16688 0.04166 -0.78745 -0.072851 -0.081011 0.5841
-0.16148 0.022206 0.30338 0.067166 0.0015107 0.28136 -0.036626 0.0046138 0.40758 -0.0048994 -0.00094783 0.068411 -0.040157 -0.0021688 -0.06307 0.057446 -0.0021688 -0.047861 -0.041597 0.21629 0.16688 0.063642 -0.16825 0.076969 -0.037664 0.19485 -0.069171 -0.055086 -0.31798 -0.063539 -0.10691 0.15814 -0.097841 -0.10933 -0.36423 -0.10494 -0.23691 0.0018213 -0.40066 -0.05392 0.02733 -0.4203 -0.25458 0.057469 -0.72918 -0.097901 0.1058 -0.74177 -0.34087 0.054327 -0.76978 -0.16073 0.053352 -0.78717 -0.073817 -0.074356 0.58449
-0.16265 0.024559 0.30409 0.066424 0.0019046 0.28114 -0.037125 0.0070982 0.4075 -0.0045006 -0.000326 0.068448 -0.04066 -0.0024412 -0.062737 0.057539 -0.0024412 -0.047733 -0.0436 0.21838 0.16656 0.058326 -0.17432 0.082336 -0.038897 0.19591 -0.069329 -0.064075 -0.31676 -0.06222 -0.10712 0.15821 -0.098085 -0.12033 -0.36748 -0.095291 -0.24567 -0.0060856 -0.39449 -0.049479 0.034251 -0.42076 -0.26408 0.038657 -0.72478 -0.09394 0.11293 -0.74215 -0.35143 0.02212 -0.75596 -0.15698 0.060089 -0.7868 -0.074651 -0.070316 0.58503
-0.16806 0.023013 0.30397 0.060791 -0.0046122 0.28053 -0.042479 0.0036381 0.40696 -0.0047118 -0.00048435 0.068434 -0.04126 -0.0022121 -0.06235 0.058002 -0.0022121 -0.047175 -0.047994 0.21554 0.16555 0.053559 -0.18215 0.082827 -0.040687 0.19499 -0.070444 -0.072309 -0.32386 -0.059596 -0.09382 0.1386 -0.092094 -0.12993 -0.37644 -0.087622 -0.22757 0.0010823 -0.40404 -0.043056 0.040815 -0.42125 -0.26522 0.0353 -0.73487 -0.090376 0.12009 -0.74261 -0.32585 -0.035118 -0.76826 -0.15364 0.067051 -0.78673 -0.079308 -0.070547 0.58598
-0.17355 0.019454 0.30376 0.055738 -0.010429 0.28035 -0.047873 -0.0010658 0.40642 -0.0052252 -0.0011126 0.068389 -0.041498 -0.001755 -0.062209 0.058442 -0.001755 -0.046654 -0.052127 0.21138 0.16565 0.052271 -0.18733 0.081997 -0.043734 0.19337 -0.070494 -0.077312 -0.33572 -0.049666 -0.07731 0.11878 -0.084376 -0.13552 -0.3871 -0.078002 -0.21704 0.00062986 -0.41018 -0.045792 0.042624 -0.41956 -0.28582 0.0073714 -0.7363 -0.082284 0.12749 -0.74013 -0.29872 -0.061796 -0.78303 -0.14535 0.073944 -0.78391 -0.084629 -0.073686 0.58611
-0.17526 0.015662 0.30419 0.055649 -0.010305 0.28085 -0.048834 -0.0027472 0.40631 -0.0055515 -0.0016606 0.068352 -0.041244 -0.0013667 -0.062389 0.058479 -0.0013667 -0.046619 -0.054604 0.20914 0.16759 0.056439 -0.18767 0.082857 -0.046819 0.19204 -0.068567 -0.07572 -0.34445 -0.035856 -0.066605 0.1137 -0.078377 -0.13377 -0.3934 -0.068353 -0.23401 -0.017394 -0.40045 -0.061341 0.037811 -0.41532 -0.33076 -0.054686 -0.71638 -0.069039 0.13399 -0.73422 -0.29996 -0.027554 -0.77967 -0.13125 0.079282 -0.77778 -0.087069 -0.077473 0.58482
-0.17607 0.011889 0.30449 0.055456 -0.012102 0.28075 -0.049031 -0.004568 0.40622 -0.0053718 -0.0016939 0.068364 -0.041662 -0.0012913 -0.062106 0.058395 -0.0012913 -0.046728 -0.058358 0.20587 0.16608 0.0636 -0.18785 0.081544 -0.046401 0.18699 -0.070133 -0.06814 -0.34631 -0.035388 -0.053684 0.099296 -0.070248 -0.12574 -0.39551 -0.068731 -0.23781 -0.019697 -0.39835 -0.065297 0.037068 -0.41439 -0.34465 -0.075657 -0.7109 -0.061627 0.13943 -0.73271 -0.31779 -0.039838 -0.77743 -0.12292 0.083509 -0.77603 -0.087999 -0.080128 0.58423
-0.17743 0.0094369 0.30454 0.053975 -0.016567 0.28044 -0.050196 -0.0068986 0.40603 -0.0050338 -0.0014923 0.068396 -0.042493 -0.0014296 -0.06154 0.058528 -0.0014296 -0.046558 -0.063617 0.2014 0.16017 0.072232 -0.18703 0.077332 -0.049023 0.18503 -0.07609 -0.056646 -0.34176 -0.047513 -0.049519 0.096488 -0.074977 -0.1137 -0.39262 -0.079239 -0.22422 -0.0059976 -0.4063 -0.056517 0.041787 -0.41645 -0.32985 -0.061083 -0.71889 -0.057032 0.14668 -0.73372 -0.33734 -0.11909 -0.7774 -0.11783 0.090017 -0.77677 -0.088236 -0.081463 0.58466
-0.17884 0.010023 0.30489 0.054327 -0.016743 0.2817 -0.051372 -0.0069903 0.40594 -0.005414 -0.0019201 0.068355 -0.042115 -0.0013773 -0.061798 0.05909 -0.0013773 -0.045837 -0.068029 0.1986 0.15388 0.081479 -0.17918 0.07303 -0.069163 0.20066 -0.082048 -0.044576 -0.33445 -0.054533 -0.08043 0.16225 -0.11966 -0.10089 -0.38279 -0.090431 -0.22949 -0.011025 -0.40312 -0.058761 0.042703 -0.41485 -0.34612 -0.097755 -0.7014 -0.039674 0.16009 -0.7259 -0.34823 -0.18552 -0.75972 -0.10053 0.10332 -0.76874 -0.087912 -0.083143 0.58421
-0.18322 0.0085651 0.30469 0.051402 -0.017418 0.28191 -0.055407 -0.0084999 0.40533 -0.0063745 -0.0028137 0.068242 -0.041121 -0.0010444 -0.062475 0.059636 -0.0010444 -0.045139 -0.075615 0.1949 0.14864 0.083305 -0.16934 0.066163 -0.10001 0.21672 -0.086244 -0.037897 -0.32427 -0.065944 -0.12162 0.23193 -0.16765 -0.093467 -0.36955 -0.10727 -0.24494 -0.029004 -0.39365 -0.071716 0.036288 -0.41022 -0.37061 -0.1633 -0.67268 -0.02108 0.17259 -0.71094 -0.35201 -0.23182 -0.7323 -0.081638 0.11538 -0.7536 -0.091808 -0.089012 0.5817
-0.19233 -7.3749e-05 0.30322 0.041839 -0.023817 0.27947 -0.064093 -0.014888 0.40378 -0.0073744 -0.0036198 0.068102 -0.040634 -0.00069424 -0.062802 0.059682 -0.00069424 -0.045084 -0.089533 0.18774 0.14567 0.074198 -0.16311 0.055436 -0.12811 0.21303 -0.087303 -0.03773 -0.30894 -0.093593 -0.14013 0.22805 -0.17451 -0.092467 -0.35494 -0.13565 -0.24849 -0.043092 -0.39025 -0.085475 0.02397 -0.40583 -0.36089 -0.20308 -0.66205 -0.017415 0.17714 -0.6951 -0.35155 -0.27653 -0.71302 -0.07638 0.11814 -0.73758 -0.10222 -0.099943 0.57765
-0.19956 -0.011666 0.30234 0.039118 -0.025738 0.28182 -0.070657 -0.019943 0.40257 -0.0081114 -0.0040848 0.067994 -0.04019 -0.0011731 -0.06307 0.059561 -0.0011731 -0.045239 -0.10135 0.18232 0.14951 0.074055 -0.15209 0.050597 -0.15023 0.20509 -0.081068 -0.027285 -0.28515 -0.1176 -0.15053 0.20592 -0.16181 -0.079838 -0.32884 -0.16368 -0.24294 -0.061564 -0.39016 -0.0963 0.013451 -0.40242 -0.33444 -0.22263 -0.66741 -0.020244 0.1827 -0.67985 -0.33739 -0.30865 -0.70965 -0.076528 0.12103 -0.72214 -0.10758 -0.10506 0.57661
-0.20153 -0.021172 0.30291 0.048948 -0.018109 0.2925 -0.071786 -0.019717 0.40238 -0.0085399 -0.0041317 0.067939 -0.039337 -0.0023529 -0.063575 0.059789 -0.0023529 -0.044897 -0.10598 0.1828 0.16186 0.090297 -0.1325 0.056178 -0.16547 0.20527 -0.066319 -0.0011344 -0.25326 -0.12629 -0.16367 0.2057 -0.14801 -0.04974 -0.28796 -0.18303 -0.23418 -0.084429 -0.39082 -0.099393 0.012128 -0.40068 -0.3099 -0.23094 -0.68072 -0.021698 0.19596 -0.66835 -0.30824 -0.31623 -0.7235 -0.07485 0.13154 -0.71058 -0.10392 -0.098938 0.5801
-0.20122 -0.024817 0.30392 0.062559 -0.0064953 0.30761 -0.070881 -0.015664 0.40265 -0.0088932 -0.0038423 0.067907 -0.038034 -0.0026732 -0.064351 0.060928 -0.0026732 -0.043245 -0.10562 0.19006 0.17983 0.10801 -0.1101 0.067068 -0.17338 0.21292 -0.046401 0.02666 -0.21871 -0.12681 -0.17352 0.21432 -0.13091 -0.017231 -0.2411 -0.19447 -0.2259 -0.094477 -0.39369 -0.087006 0.025442 -0.40185 -0.29246 -0.22658 -0.69403 -0.020814 0.21658 -0.66717 -0.27672 -0.29356 -0.74983 -0.071283 0.15023 -0.7098 -0.10073 -0.086276 0.58457
-0.20202 -0.018914 0.30421 0.070197 0.0028154 0.32275 -0.071798 -0.0096069 0.40274 -0.0094236 -0.003309 0.067866 -0.036269 -0.0004757 -0.065417 0.06354 -0.0004757 -0.039465 -0.10296 0.20475 0.20023 0.11076 -0.091294 0.077498 -0.17354 0.22649 -0.024972 0.040712 -0.18731 -0.12754 -0.17296 0.21508 -0.10688 0.0012037 -0.19788 -0.19942 -0.22163 -0.073329 -0.4005 -0.051187 0.058696 -0.40727 -0.28641 -0.20738 -0.69936 -0.017098 0.24372 -0.68312 -0.25636 -0.23534 -0.78349 -0.066251 0.17721 -0.72697 -0.10839 -0.072467 0.58611
