-0.11453 0.0025276 0.32299 0.15717 0.0046646 0.3156 0.023958 -0.014993 0.40825 0.0034176 0.0001555 0.068512 -0.054929 5.8737e-05 -0.050772 0.051918 5.8737e-05 -0.053848 -0.18104 0.012289 0.06583 0.19612 -0.0020677 0.052751 -0.071131 -0.16272 -0.050192 0.086457 -0.17093 -0.072266 -0.010518 -0.21209 -0.077165 0.02278 -0.22012 -0.091377 -0.081402 0.095519 -0.42777 0.04757 0.078664 -0.43562 -0.086277 0.18187 -0.75028 0.055202 0.13969 -0.7638 -0.073146 0.19126 -0.84248 0.084612 0.11563 -0.84934 0.037758 -0.075804 0.5954
-0.10929 -0.0050197 0.32642 0.16328 -0.0043865 0.31393 0.031063 -0.028482 0.4069 0.0037218 -0.0025777 0.068358 -0.055247 0.0017184 -0.050398 0.05212 0.0017184 -0.053642 -0.17754 0.0067863 0.069786 0.19853 -0.0092452 0.050539 -0.069236 -0.16831 -0.047545 0.086819 -0.17624 -0.074991 -0.013741 -0.22154 -0.076763 0.020917 -0.22255 -0.094284 -0.083487 0.095316 -0.42772 0.045148 0.079763 -0.43551 -0.085723 0.178 -0.75138 0.052912 0.13736 -0.76431 -0.08304 0.20416 -0.84317 0.080398 0.10748 -0.84798 0.043287 -0.095006 0.59208
-0.10963 -0.014427 0.32643 0.16429 -0.0059937 0.31569 0.031555 -0.035136 0.40662 0.0021248 -0.0040908 0.068565 -0.056043 0.004507 -0.049339 0.051926 0.004507 -0.053636 -0.18127 -0.00082413 0.070852 0.19581 -0.007143 0.051735 -0.082461 -0.17759 -0.052343 0.076575 -0.17228 -0.069623 -0.018457 -0.22329 -0.081054 0.016076 -0.22384 -0.092483 -0.087267 0.095902 -0.42701 0.039668 0.083557 -0.43511 -0.10064 0.18774 -0.74758 0.04662 0.13852 -0.76439 -0.064591 0.17369 -0.83711 0.074319 0.10362 -0.84752 0.048178 -0.10658 0.58997
-0.10377 -0.022207 0.33004 0.16931 -0.0097291 0.31057 0.040079 -0.043006 0.40487 0.0044686 -0.0077248 0.067914 -0.057542 0.0070561 -0.047256 0.051677 0.0070561 -0.053622 -0.17347 -0.0077703 0.073927 0.20494 -0.0077549 0.047203 -0.090575 -0.18824 -0.055331 0.07231 -0.16852 -0.065481 -0.033968 -0.23613 -0.089396 0.011957 -0.21959 -0.089246 -0.095899 0.095811 -0.42486 0.035175 0.085265 -0.43516 -0.11979 0.19342 -0.74333 0.040095 0.13684 -0.76502 -0.10008 0.17113 -0.82301 0.058539 0.090442 -0.84359 0.048532 -0.11871 0.58665
-0.087466 -0.025428 0.33724 0.1809 -0.019726 0.29596 0.060418 -0.053855 0.40097 0.011539 -0.013142 0.066276 -0.059507 0.0083235 -0.044537 0.051439 0.0083235 -0.053666 -0.15133 -0.0078926 0.07978 0.23035 -0.016722 0.034827 -0.083949 -0.19316 -0.05175 0.081682 -0.17088 -0.0666 -0.058428 -0.25769 -0.095573 0.012753 -0.21148 -0.087145 -0.10875 0.092702 -0.42189 0.035139 0.082301 -0.43606 -0.13605 0.18396 -0.74192 0.040125 0.13091 -0.76637 -0.19593 0.20731 -0.80281 0.038978 0.066758 -0.83415 0.044166 -0.13201 0.58126
-0.071211 -0.022151 0.33692 0.18916 -0.029336 0.28288 0.076445 -0.057908 0.39777 0.015643 -0.014089 0.065381 -0.06082 0.0079425 -0.042884 0.05099 0.0079425 -0.054134 -0.13863 0.006945 0.08175 0.25301 -0.026899 0.024849 -0.07457 -0.18156 -0.046639 0.094742 -0.17721 -0.067613 -0.071984 -0.25448 -0.087867 0.021075 -0.2102 -0.086521 -0.11908 0.0841 -0.42076 0.04061 0.076487 -0.43753 -0.1495 0.16143 -0.74414 0.055675 0.12779 -0.76709 -0.23593 0.19378 -0.7843 0.041586 0.052144 -0.82137 0.040746 -0.13449 0.57615
-0.065533 -0.010313 0.33236 0.18512 -0.030744 0.27533 0.078934 -0.049384 0.39828 0.016635 -0.011326 0.065537 -0.06058 0.0058908 -0.04333 0.051412 0.0058908 -0.05405 -0.13403 0.018107 0.07665 0.25992 -0.028775 0.020324 -0.080243 -0.17478 -0.050881 0.099516 -0.17929 -0.067944 -0.075598 -0.24931 -0.08465 0.024891 -0.21143 -0.082765 -0.12738 0.076223 -0.4207 0.045746 0.070325 -0.4389 -0.15595 0.13066 -0.74902 0.075026 0.12865 -0.76637 -0.24248 0.14533 -0.7733 0.054875 0.047026 -0.80643 0.036472 -0.12599 0.57502
-0.064583 0.0040782 0.32808 0.17575 -0.029613 0.27031 0.076891 -0.034943 0.40031 0.016639 -0.0079798 0.066072 -0.061274 0.0038123 -0.042838 0.052985 0.0038123 -0.052623 -0.11863 0.0069955 0.068071 0.25441 -0.031845 0.016391 -0.095098 -0.19278 -0.056694 0.091771 -0.18123 -0.069587 -0.07809 -0.26886 -0.084577 0.017431 -0.21659 -0.077568 -0.13593 0.064664 -0.4207 0.064 0.057123 -0.43837 -0.13671 0.10529 -0.75209 0.10435 0.12818 -0.76212 -0.2277 0.10413 -0.7747 0.087224 0.044594 -0.80128 0.034538 -0.11291 0.57647
-0.057219 0.015867 0.32495 0.17551 -0.036415 0.26642 0.082628 -0.023417 0.40001 0.016335 -0.005317 0.066397 -0.063177 0.0024237 -0.040649 0.055874 0.0024237 -0.049402 -0.088087 -0.016509 0.063409 0.24687 -0.055298 0.010934 -0.10153 -0.22606 -0.043815 0.072015 -0.1929 -0.070226 -0.089962 -0.30475 -0.065846 -0.0018837 -0.2296 -0.074875 -0.13564 0.05378 -0.42105 0.10621 0.027816 -0.43454 -0.088125 0.094048 -0.75022 0.15663 0.12107 -0.75122 -0.1737 0.084122 -0.78648 0.16089 0.048714 -0.81287 0.039546 -0.098271 0.57724
-0.062805 0.038068 0.32602 0.17464 -0.039099 0.27575 0.075683 -0.0043826 0.40274 0.014835 -0.0017286 0.067073 -0.053681 -0.0027958 -0.05047 0.062965 -0.0027958 -0.041998 -0.093873 -0.0049992 0.065082 0.22984 -0.089979 0.020912 -0.11582 -0.23114 -0.016637 0.034261 -0.20246 -0.05565 -0.12394 -0.31188 -0.038633 -0.043063 -0.23273 -0.062166 -0.0987 0.097728 -0.42277 0.11894 -0.0078613 -0.42837 -0.075435 0.074917 -0.752 0.18999 0.11082 -0.73242 -0.16143 0.068145 -0.79 0.23358 0.084129 -0.80443 0.037102 -0.074054 0.58374
-0.10072 0.01589 0.32667 0.14662 -0.049463 0.29362 0.039888 -0.0088297 0.40623 0.0089937 -0.0027374 0.067749 -0.04437 0.00011367 -0.061159 0.070595 0.00011367 -0.02051 -0.1397 -0.027646 0.067903 0.19434 -0.12745 0.044692 -0.11217 -0.24936 0.011861 -0.0062022 -0.2264 -0.022894 -0.15126 -0.31694 -0.0086135 -0.081122 -0.25676 -0.030693 -0.085112 0.11786 -0.4294 0.09957 -0.050547 -0.40575 -0.07769 0.086285 -0.76039 0.16423 0.079064 -0.70585 -0.16222 0.065282 -0.79274 0.2332 0.11559 -0.7664 0.015135 -0.059098 0.59477
-0.15063 -0.029045 0.32593 0.11325 -0.08166 0.30912 -0.0088895 -0.037115 0.40734 0.0012047 -0.008491 0.068047 -0.039006 0.0043303 -0.063769 0.074507 0.0043303 0.0043468 -0.19096 -0.082465 0.06877 0.15688 -0.1868 0.06911 -0.12518 -0.30639 0.031608 -0.054887 -0.27516 0.01216 -0.18063 -0.36483 0.013439 -0.13025 -0.30838 0.0075794 -0.11652 0.058173 -0.44182 0.042301 -0.10456 -0.36851 -0.065044 0.07724 -0.7712 0.089752 0.017767 -0.67549 -0.14645 0.047413 -0.80656 0.14647 0.071475 -0.7282 -0.018474 -0.052281 0.60376
-0.1555 0.027564 0.32839 0.11582 -0.11506 0.32093 -0.025414 -0.027206 0.40823 7.7079e-05 -0.0078362 0.06831 -0.022264 -0.017027 -0.068672 0.073702 -0.017027 -0.0028673 -0.21078 -0.022456 0.070319 0.11981 -0.25945 0.086515 -0.22886 -0.29491 0.037123 -0.13726 -0.27837 0.022722 -0.25065 -0.38152 0.0091541 -0.23083 -0.28308 0.021834 -0.10486 0.0061595 -0.45262 -0.057274 -0.1449 -0.35392 -0.059785 -0.063545 -0.77608 0.039076 -0.04121 -0.66006 -0.14645 -0.031579 -0.82119 0.056398 -0.064635 -0.73621 -0.031241 -0.017086 0.60569
-0.12702 0.056801 0.31569 -0.026312 -0.071412 0.34016 -0.0034197 0.01155 0.40794 0.00072857 -3.5007e-05 0.068406 -0.029165 -0.010132 -0.065256 0.062587 -0.010132 -0.032537 -0.19708 0.077045 0.065904 -0.092382 -0.10587 0.10903 -0.16677 0.020831 0.014693 -0.17033 -0.005072 0.0081929 -0.18282 0.0064695 -0.0064373 -0.19646 0.035557 0.0073895 -0.036356 0.041792 -0.44571 0.0034407 -0.061904 -0.3952 -0.037545 0.018741 -0.76709 0.069525 -0.044417 -0.71186 -0.056716 0.016571 -0.80527 0.030465 -0.084789 -0.78552 0.0061678 0.017812 0.60404
-0.10407 0.03416 0.30203 -0.10365 -0.025476 0.34494 0.023241 0.039693 0.40698 0.0014242 0.0080887 0.06817 -0.051587 0.010863 -0.054541 0.051925 0.010863 -0.05436 -0.18242 0.12934 0.064384 -0.24691 0.079559 0.1382 -0.030114 0.34283 -0.0032414 -0.15605 0.26608 0.00058432 -0.063352 0.43178 -0.0081021 -0.09921 0.33736 -0.0019432 0.017358 0.10689 -0.42806 0.12697 0.039324 -0.44232 -0.015235 0.23757 -0.73936 0.11902 -0.028929 -0.77277 0.040957 0.15137 -0.76502 0.044548 -0.016183 -0.83425 0.05217 0.028972 0.60213
-0.10999 0.024836 0.31204 0.098371 -0.058414 0.32551 0.023487 0.03822 0.40667 0.0032847 0.011692 0.067543 -0.058133 0.0023469 -0.04739 0.053231 0.0023469 -0.05281 -0.19242 0.1183 0.076609 -0.10038 0.027873 0.1687 -0.047068 0.30761 0.015148 -0.15176 0.20341 0.021582 -0.076935 0.38894 0.012794 -0.11104 0.27772 0.018758 -0.0012746 0.12077 -0.41512 0.11823 0.017162 -0.43857 -0.018919 0.2916 -0.70363 0.11073 -0.056389 -0.76539 0.023045 0.20801 -0.72851 0.049909 -0.03673 -0.83945 0.055515 0.021417 0.6007
-0.12433 0.0070337 0.32906 0.16998 -0.03296 0.33786 0.015351 0.038172 0.4064 0.0029793 0.015665 0.066672 -0.058654 -0.0029986 -0.046038 0.053866 -0.0029986 -0.051589 -0.20234 0.086913 0.088473 -0.043713 0.03716 0.20308 -0.063733 0.25704 0.028551 -0.15719 0.17027 0.037623 -0.11346 0.31647 0.030487 -0.12981 0.24625 0.033581 -0.027024 0.14957 -0.40228 0.11863 0.0055774 -0.43408 -0.014264 0.31015 -0.69266 0.1075 -0.092707 -0.75128 0.01499 0.22323 -0.70645 0.074325 -0.14619 -0.80335 0.049864 0.016084 0.59924
-0.12986 -0.01814 0.32667 0.14241 -0.0057441 0.34178 0.0046504 0.029196 0.40696 0.00063673 0.016391 0.066615 -0.058711 -0.0021566 -0.046398 0.053406 -0.0021566 -0.052404 -0.20863 0.052635 0.082696 -0.099059 0.053487 0.22556 -0.072311 0.24071 0.021489 -0.22209 0.15603 0.049084 -0.13377 0.2983 0.027025 -0.19447 0.23446 0.043337 -0.02555 0.16262 -0.39836 0.13509 0.0077145 -0.43411 -0.010274 0.29517 -0.70469 0.11733 -0.1267 -0.73994 0.020433 0.21905 -0.7393 0.10247 -0.19469 -0.79725 0.042124 0.0012547 0.59865
-0.12742 -0.036599 0.3069 0.12831 -0.020668 0.32074 -0.0073817 0.0094999 0.40808 -0.0018714 0.012492 0.067424 -0.05842 -0.0017061 -0.046671 0.053601 -0.0017061 -0.052138 -0.21219 0.02997 0.063956 -0.091956 0.015102 0.18621 -0.088739 0.22232 0.0023544 -0.27267 0.084524 0.051157 -0.13788 0.28855 0.0072777 -0.24946 0.16352 0.044164 -0.0056072 0.14155 -0.40534 0.14082 -0.00096028 -0.43199 -0.011977 0.24841 -0.72166 0.12835 -0.15639 -0.72722 0.017735 0.20437 -0.79991 0.12001 -0.17741 -0.819 0.030389 -0.022138 0.5991
-0.12814 -0.042355 0.29488 0.11378 -0.028861 0.31317 -0.017398 -0.0015015 0.40825 -0.003428 0.0086409 0.067963 -0.056715 -0.0015763 -0.048727 0.053266 -0.0015763 -0.05249 -0.21052 0.029587 0.05266 0.06492 0.0060153 0.072044 -0.089639 0.22242 -0.012625 -0.16781 0.033211 0.026975 -0.12884 0.29513 -0.0081319 -0.15218 0.11399 0.019347 0.0061527 0.12074 -0.41352 0.14373 -0.00879 -0.43149 -0.006386 0.22148 -0.7317 0.13802 -0.18043 -0.71811 0.018836 0.18388 -0.81476 0.13562 -0.2296 -0.79655 0.018743 -0.035607 0.59917
-0.12784 -0.049797 0.28771 0.1064 -0.027959 0.31294 -0.024667 -0.0087577 0.40771 -0.0054145 0.0074987 0.067971 -0.054266 -0.0012316 -0.051481 0.054588 -0.0012316 -0.051104 -0.2111 0.022352 0.045823 0.16186 0.027062 0.044201 -0.10226 0.22317 -0.017077 -0.026802 0.13245 -0.006349 -0.12906 0.301 -0.011631 -0.019123 0.21447 -0.013587 0.010045 0.10603 -0.42052 0.13922 -0.016087 -0.4315 -0.0035023 0.18655 -0.74433 0.14451 -0.20905 -0.70281 0.021131 0.14531 -0.8256 0.15549 -0.28071 -0.76442 0.0088837 -0.050612 0.59754
-0.12768 -0.055863 0.28192 0.10272 -0.023994 0.31298 -0.030798 -0.014435 0.40709 -0.0073464 0.0068246 0.067858 -0.051405 -0.0004363 -0.054325 0.056608 -0.0004363 -0.048905 -0.21451 0.013366 0.040411 0.18599 0.038309 0.072809 -0.12098 0.22331 -0.017799 0.095424 0.24668 -0.01774 -0.14009 0.30393 -0.017864 0.097461 0.32915 -0.024416 0.018767 0.10163 -0.4242 0.13548 -0.0036074 -0.43039 -0.0055546 0.14123 -0.75463 0.15964 -0.20059 -0.70071 0.014962 0.12172 -0.84224 0.17769 -0.27648 -0.75127 -0.0053966 -0.058641 0.5976
-0.12739 -0.052522 0.2776 0.098533 -0.02357 0.31109 -0.033709 -0.017229 0.40696 -0.0077826 0.0049001 0.067977 -0.049214 0.0004332 -0.056328 0.057333 0.0004332 -0.048041 -0.2133 0.016154 0.03562 0.21011 0.018266 0.073757 -0.12357 0.22789 -0.021717 0.1902 0.24163 -0.004455 -0.13899 0.30835 -0.033419 0.19168 0.32405 -0.011386 0.046811 0.10708 -0.41881 0.1371 0.02959 -0.42845 0.0047985 0.10085 -0.74997 0.15868 -0.1269 -0.72304 0.012386 0.11036 -0.84284 0.17431 -0.21292 -0.75633 -0.024439 -0.052273 0.60087
-0.1213 -0.043278 0.27551 0.099596 -0.031791 0.30687 -0.028344 -0.017364 0.40748 -0.0065265 0.0040432 0.068165 -0.049651 0.00060762 -0.055914 0.056848 0.00060762 -0.048583 -0.20092 0.022387 0.030642 0.22137 -0.0080824 0.070619 -0.1074 0.23274 -0.02539 0.23808 0.21235 -0.0015882 -0.10306 0.31317 -0.038893 0.24499 0.29403 -0.0086945 0.097194 0.11105 -0.399 0.13263 0.048672 -0.42785 0.052922 0.070697 -0.72764 0.086057 -0.035657 -0.74326 0.051163 0.043408 -0.81381 0.1102 -0.12461 -0.76282 -0.036201 -0.043734 0.6029
-0.12035 -0.034811 0.27438 0.098947 -0.038491 0.30636 -0.027097 -0.015924 0.40766 -0.0061884 0.0039379 0.068202 -0.050957 0.00045195 -0.054851 0.056562 0.00045195 -0.049017 -0.19396 0.029469 0.027026 0.22085 -0.024758 0.071684 -0.10157 0.2423 -0.022078 0.29073 0.20676 0.0047675 -0.078049 0.32326 -0.030324 0.30141 0.28994 0.001458 0.13831 0.10348 -0.3802 0.12169 0.065218 -0.4286 0.11576 0.051307 -0.70924 0.039748 -0.0077165 -0.74673 0.12066 -0.01239 -0.78105 0.059979 -0.092382 -0.77691 -0.041374 -0.027482 0.60392
-0.11954 -0.0338 0.27299 0.097448 -0.03907 0.30657 -0.029045 -0.014618 0.40764 -0.0067593 0.0038059 0.068159 -0.051202 0.00078733 -0.054401 0.054704 0.00078733 -0.050949 -0.18925 0.025589 0.023632 0.23519 -0.046384 0.077872 -0.10611 0.2437 -0.016024 0.25848 0.1655 0.018014 -0.073379 0.31509 -0.036287 0.27624 0.24437 0.0082958 0.15535 0.099559 -0.36968 0.086265 0.060706 -0.43406 0.1633 0.064386 -0.70147 0.042804 -0.040755 -0.74823 0.17498 -0.007272 -0.75909 0.050553 -0.12117 -0.79647 -0.044265 -0.015304 0.60435
-0.1146 -0.031086 0.27335 0.095335 -0.051021 0.30491 -0.024915 -0.010265 0.40808 -0.0058231 0.0044118 0.068206 -0.052129 0.000686 -0.053371 0.050861 0.000686 -0.054804 -0.18081 0.019972 0.021306 0.2499 -0.060061 0.085387 -0.088689 0.23472 -0.013105 0.089694 0.085138 0.012013 -0.054426 0.27928 -0.071885 0.12194 0.15153 -0.022111 0.16202 0.094919 -0.36478 0.028308 0.030498 -0.44239 0.18641 0.089371 -0.69761 0.035284 -0.080932 -0.75635 0.18172 0.01089 -0.74599 0.034978 -0.16195 -0.80329 -0.04515 -0.016809 0.60418
-0.1291 -0.0037553 0.28115 0.079456 -0.097053 0.31644 -0.021067 0.00591 0.40831 -0.0032565 0.0077347 0.068166 -0.057073 -0.0031805 -0.050466 0.0513 -0.0031805 -0.054489 -0.19333 0.054622 0.028238 0.15741 0.01512 0.087074 -0.04171 0.24836 -0.0049358 0.033759 0.16724 -0.039827 -0.018974 0.26703 -0.084502 0.063024 0.23738 -0.081614 0.17444 0.034041 -0.36796 0.010176 0.053981 -0.43794 0.19823 0.022584 -0.70113 0.0012234 -0.1117 -0.73462 0.17131 -0.065192 -0.74454 -0.024126 -0.19314 -0.78012 -0.039909 -0.004983 0.60439
-0.12096 -0.051424 0.28822 0.087916 -0.039056 0.34344 -0.034453 0.0058713 0.4074 -0.008936 0.0063839 0.067581 -0.039711 -0.0037897 -0.060711 0.047159 -0.0037897 -0.057631 -0.19069 -0.033887 0.034701 0.042505 0.015495 0.11489 -0.13869 0.17256 0.0009248 -0.057955 0.16784 -0.040532 -0.15373 0.18298 -0.080308 -0.078283 0.24159 -0.065231 0.12207 0.075525 -0.39424 -0.030257 0.063272 -0.43372 0.14399 0.059184 -0.72605 0.023669 -0.060101 -0.72436 0.15683 -0.0083286 -0.76418 0.033949 -0.13492 -0.76908 -0.047795 -0.0032603 0.60401
-0.041316 -0.13871 0.29109 0.070864 0.089613 0.3706 -0.04254 -0.022646 0.40569 -0.015693 -0.0037603 0.066625 -0.019964 0.0041849 -0.071854 0.037622 0.0041849 -0.064566 -0.092238 -0.19388 0.036123 0.0080117 -0.069866 0.16474 -0.25921 -0.030495 -0.0012986 -0.17238 -0.021949 0.022041 -0.29217 -0.034526 -0.075447 -0.24458 0.014318 0.014136 -0.020429 0.17526 -0.42318 -0.078192 0.0042796 -0.43639 0.0048389 0.17617 -0.75663 0.055488 0.031068 -0.74197 0.085308 0.13739 -0.78998 0.13432 0.0036584 -0.78312 -0.049222 -0.029281 0.60273
0.090791 -0.10758 0.29439 -0.049143 0.092892 0.37803 -0.0063984 -0.051032 0.4049 -0.0059105 -0.015644 0.066238 -0.044455 0.013976 -0.057009 0.035502 0.013976 -0.064633 0.11412 -0.17032 0.038645 0.051876 -0.050663 0.18805 -0.097587 -0.2241 -0.0043941 -0.070587 -0.17275 0.043663 -0.082844 -0.27619 -0.064231 -0.12293 -0.22189 0.027139 -0.15946 0.095916 -0.41926 -0.036669 -0.074036 -0.43552 -0.14701 0.12126 -0.75579 -0.044847 0.029136 -0.74712 -0.082809 0.05946 -0.78729 0.014247 0.090003 -0.78681 -0.0043315 -0.059066 0.60199
0.13822 -0.068685 0.2917 -0.071425 0.099784 0.37328 0.017334 -0.039889 0.40628 -0.0015791 -0.015002 0.067003 -0.04392 0.006132 -0.058935 0.043327 0.006132 -0.059919 0.19058 -0.12962 0.036862 0.088644 -0.015378 0.18657 -0.030867 -0.23661 0.0019429 -0.0045853 -0.18912 0.0406 -0.054759 -0.2857 -0.041956 -0.050474 -0.26298 0.029013 -0.14289 0.024721 -0.4355 -0.0097178 -0.092676 -0.43424 -0.19941 0.12881 -0.73884 -0.12578 0.013772 -0.73628 -0.16678 0.042379 -0.75916 -0.074504 0.030545 -0.78564 0.023329 -0.047282 0.60322
0.12729 -0.048532 0.2898 -0.050218 0.13459 0.38214 0.025105 -0.011711 0.40763 -0.0016921 -0.0096558 0.067936 -0.032491 -0.0035501 -0.067969 0.055053 -0.0035501 -0.050677 0.1719 -0.11258 0.036322 0.096872 0.0077542 0.20061 -0.037205 -0.18559 -0.021527 -0.0035255 -0.14656 0.054048 -0.10553 -0.226 -0.047385 -0.057722 -0.20787 0.053533 -0.084139 0.0089244 -0.45458 -0.0028892 -0.071659 -0.43001 -0.17945 0.17925 -0.72888 -0.12562 0.00033097 -0.72963 -0.16496 0.091225 -0.75181 -0.091431 -0.063108 -0.80172 0.030274 -0.017413 0.60495
0.15094 -0.011455 0.29046 -0.04793 0.14644 0.38462 0.039155 0.0068375 0.4066 0.0029794 -0.0076024 0.068128 -0.04682 -0.0007721 -0.058376 0.062779 -0.0007721 -0.040642 0.20837 -0.070443 0.037937 0.11276 0.041575 0.19966 0.045583 -0.199 -0.072891 0.043146 -0.13559 0.05864 0.0081087 -0.27141 -0.081722 0.0031636 -0.20784 0.057007 -0.10108 -0.010317 -0.44433 0.02034 -0.05654 -0.42408 -0.17274 0.16153 -0.72174 -0.089178 -0.027206 -0.7379 -0.16654 0.078117 -0.763 -0.089596 -0.066792 -0.82447 0.051252 -0.0030077 0.60332
0.19311 0.031277 0.28207 0.085649 0.12901 0.31319 0.054303 0.031774 0.40405 0.0061752 0.00093332 0.06813 -0.060815 -0.0035481 -0.042968 0.062884 -0.0035481 -0.040517 0.27157 -0.023984 0.03067 0.16974 0.069377 0.076294 0.097138 -0.17774 -0.06935 0.13259 -0.14035 -0.029986 0.040602 -0.24692 -0.075758 0.11228 -0.22156 -0.028811 -0.090513 -0.035432 -0.43012 0.030583 -0.035893 -0.42782 -0.1962 0.14962 -0.68791 -0.076294 -0.032411 -0.74514 -0.1824 0.056879 -0.7182 -0.018164 -0.024837 -0.80835 0.092665 0.0059834 0.59547
0.081596 0.01649 0.29409 0.17777 0.077201 0.26927 0.06879 0.029053 0.40208 0.0069988 0.0063752 0.068093 -0.065435 -0.0028262 -0.036475 0.057535 -0.0028262 -0.047414 0.10053 -0.029487 0.039981 0.21748 0.044553 0.0038276 0.042894 -0.18844 -0.073373 0.14857 -0.15892 -0.087488 0.027412 -0.24366 -0.095544 0.1166 -0.23265 -0.085421 -0.1076 -0.03468 -0.42211 0.0046041 -0.0056682 -0.43315 -0.16783 0.17876 -0.66477 -0.09317 0.01361 -0.75075 -0.1794 0.11542 -0.71372 -0.0457 0.011205 -0.81673 0.10893 -0.022125 0.58798
-0.077619 -0.015996 0.3218 0.1812 0.020365 0.27853 0.078494 0.0057444 0.40141 0.0090705 0.0051893 0.067748 -0.062937 0.00067411 -0.040333 0.052021 0.00067411 -0.053823 -0.14372 -0.046773 0.063998 0.23328 0.00083063 0.019496 -0.03857 -0.21578 -0.08076 0.10949 -0.17789 -0.077813 0.021222 -0.2679 -0.1198 0.051392 -0.23765 -0.078294 -0.15418 -0.0071992 -0.41945 -0.027488 0.026738 -0.43465 -0.090872 0.23082 -0.64877 -0.11108 0.077227 -0.75428 -0.14818 0.21615 -0.72546 -0.12347 0.024385 -0.83544 0.0992 -0.067344 0.58366
-0.077447 0.005346 0.33485 0.19047 -0.0051263 0.28551 0.077216 -0.0040078 0.40184 0.013436 0.0027806 0.067181 -0.058556 -0.0017514 -0.046444 0.050161 -0.0017514 -0.055488 -0.14671 -0.013248 0.07795 0.23511 -0.00063739 0.023999 -0.044921 -0.19295 -0.045477 0.11085 -0.18314 -0.063366 0.010863 -0.24464 -0.083629 0.05005 -0.23916 -0.064789 -0.16854 0.018647 -0.41996 -0.025155 0.052478 -0.43408 -0.058916 0.25958 -0.62896 -0.10567 0.10887 -0.75337 -0.1327 0.25456 -0.68737 -0.099152 0.03473 -0.81318 0.092896 -0.084306 0.58146
-0.079037 0.0099542 0.33533 0.186 -0.014552 0.29506 0.062978 -0.012378 0.40409 0.012035 0.00084224 0.067541 -0.055528 -0.0020279 -0.050145 0.04972 -0.0020279 -0.055824 -0.14946 -0.0041838 0.08023 0.23099 -0.00050565 0.033004 -0.061232 -0.18942 -0.032645 0.11058 -0.19052 -0.041478 -0.0050873 -0.23867 -0.062333 0.049183 -0.24841 -0.047113 -0.15291 0.028291 -0.42626 -0.015636 0.07421 -0.43258 -0.12908 0.23284 -0.6773 -0.094945 0.13353 -0.75115 -0.20206 0.22663 -0.74029 -0.10896 0.076503 -0.81615 0.076253 -0.093199 0.58344
-0.10384 0.0027083 0.32958 0.16796 -0.021967 0.30504 0.040673 -0.016328 0.40692 0.0070664 -0.00094896 0.068224 -0.055097 -0.00030322 -0.050571 0.049485 -0.00030322 -0.056096 -0.18535 -0.0044355 0.076442 0.22241 -0.0041832 0.045653 -0.097816 -0.19365 -0.038149 0.10135 -0.18843 -0.039991 -0.032745 -0.24108 -0.060537 0.051631 -0.24196 -0.071205 -0.12972 0.036492 -0.43138 -0.00053021 0.095422 -0.43049 -0.18784 0.17381 -0.73502 -0.077854 0.16273 -0.74874 -0.22546 0.14195 -0.80683 -0.11426 0.12767 -0.8309 0.051697 -0.09833 0.58604
-0.12141 0.0079031 0.32367 0.14858 -0.029757 0.31387 0.01605 -0.016594 0.40864 0.0025058 -0.0027574 0.068496 -0.055363 0.00078145 -0.050292 0.049602 0.00078145 -0.055984 -0.20908 0.014786 0.072845 0.20996 -0.008531 0.056116 -0.13537 -0.17944 -0.04111 0.090514 -0.17836 -0.058314 -0.071893 -0.22839 -0.061209 0.061683 -0.22407 -0.12139 -0.11398 0.048261 -0.43273 0.018799 0.10865 -0.4293 -0.17133 0.11602 -0.75436 -0.048315 0.18898 -0.74621 -0.16757 0.044723 -0.81594 -0.076144 0.16311 -0.83153 0.027264 -0.098789 0.58761
-0.13779 0.021262 0.32098 0.1333 -0.032302 0.32579 -0.0071152 -0.021905 0.40864 -0.0015783 -0.0037438 0.068478 -0.053559 0.0011993 -0.052186 0.050826 0.0011993 -0.054885 -0.2294 0.04241 0.072328 0.19516 -0.020141 0.06758 -0.17036 -0.15563 -0.043399 0.075403 -0.18168 -0.0583 -0.11149 -0.20982 -0.063504 0.049448 -0.22878 -0.12192 -0.10452 0.04805 -0.43582 0.033038 0.10624 -0.42977 -0.14598 0.070025 -0.76602 -0.011002 0.20177 -0.74506 -0.15477 -0.0074528 -0.82031 -0.050364 0.18723 -0.82798 0.0056805 -0.098244 0.59005
-0.1506 0.033417 0.31619 0.12135 -0.02829 0.33506 -0.024628 -0.01682 0.40816 -0.0050401 -0.0030946 0.068336 -0.053095 0.00097392 -0.052684 0.053622 0.00097392 -0.052096 -0.24516 0.071073 0.070746 0.17773 -0.025676 0.075302 -0.19258 -0.13091 -0.0419 0.057462 -0.18097 -0.056983 -0.14113 -0.19608 -0.052932 0.029388 -0.22203 -0.12382 -0.09473 0.037966 -0.43846 0.060585 0.1158 -0.42549 -0.12717 0.023285 -0.77069 0.020233 0.21228 -0.7481 -0.12833 -0.048638 -0.82729 -0.030805 0.21186 -0.82736 -0.011064 -0.09303 0.58962
-0.16074 0.033594 0.30874 0.11225 -0.016271 0.34314 -0.037572 -0.0089295 0.40747 -0.0078176 -0.0024067 0.068111 -0.053741 0.00055825 -0.052029 0.056259 0.00055825 -0.049318 -0.25744 0.078399 0.065211 0.15969 -0.018644 0.08163 -0.1997 -0.12078 -0.049194 0.044678 -0.17447 -0.055183 -0.15731 -0.18649 -0.069355 0.0095423 -0.21675 -0.11452 -0.080122 0.024206 -0.44021 0.052131 0.10357 -0.42348 -0.10719 -0.023793 -0.76941 0.06325 0.22328 -0.72803 -0.088016 -0.094781 -0.82863 0.011209 0.22837 -0.80482 -0.021689 -0.08892 0.58709
-0.16938 0.024916 0.30173 0.10594 0.0021133 0.35106 -0.047572 -0.0058958 0.40644 -0.0098206 -0.002272 0.067854 -0.053668 -0.00016605 -0.052105 0.057438 -0.00016605 -0.047922 -0.26532 0.058938 0.056196 0.14587 -0.0026159 0.088324 -0.19694 -0.12606 -0.075115 0.048969 -0.16856 -0.050475 -0.15879 -0.17771 -0.12659 -7.8326e-05 -0.22793 -0.079209 -0.06134 0.01137 -0.44166 0.0031694 0.060253 -0.4288 -0.081281 -0.05357 -0.76854 0.11705 0.23659 -0.68657 -0.063517 -0.126 -0.82527 0.063679 0.23728 -0.76295 -0.027577 -0.087255 0.58504
-0.17364 0.027307 0.29693 0.10114 0.01932 0.35189 -0.052943 0.0077974 0.40564 -0.010954 -0.00019158 0.067703 -0.053458 -0.0021468 -0.052261 0.058531 -0.0021468 -0.046501 -0.26239 0.043384 0.046817 0.14042 0.014198 0.089053 -0.19054 -0.12168 -0.10792 0.07379 -0.16063 -0.056244 -0.14426 -0.1726 -0.15408 0.019156 -0.22118 -0.076027 -0.044435 0.0026641 -0.44191 0.027829 0.060653 -0.43042 -0.058184 -0.042524 -0.77279 0.1279 0.2527 -0.68858 -0.034668 -0.10924 -0.83347 0.066788 0.25653 -0.76608 -0.0336 -0.075435 0.58342
-0.17773 0.026237 0.29267 0.094731 0.030372 0.3512 -0.059001 0.016208 0.40469 -0.012086 0.00099586 0.067527 -0.052811 -0.0034238 -0.05288 0.059553 -0.0034238 -0.045148 -0.25797 0.018252 0.039566 0.1348 0.025479 0.088486 -0.17976 -0.11339 -0.14063 0.079168 -0.16214 -0.044514 -0.12813 -0.16733 -0.17652 0.029018 -0.22245 -0.068961 -0.035842 0.0073996 -0.44222 0.074947 0.0391 -0.4316 -0.034341 0.010079 -0.77548 0.11227 0.20915 -0.71379 -0.0089674 -0.046237 -0.84643 0.097726 0.2072 -0.79518 -0.042998 -0.065569 0.58353
-0.18474 0.016396 0.28797 0.084786 0.034379 0.35199 -0.068745 0.011521 0.40322 -0.013715 -2.868e-05 0.067209 -0.051259 -0.0028235 -0.054393 0.060443 -0.0028235 -0.043969 -0.25851 -0.0064238 0.033615 0.12442 0.031171 0.089178 -0.18257 -0.10102 -0.17009 0.063296 -0.16917 -0.022098 -0.12901 -0.154 -0.20428 0.023718 -0.23619 -0.050281 -0.035657 0.028365 -0.44259 0.1013 -0.012343 -0.43177 -0.0076913 0.077114 -0.77191 0.10962 0.12971 -0.73548 0.0023056 0.026897 -0.84985 0.16333 0.10905 -0.81288 -0.055297 -0.062314 0.58562
-0.19123 0.0085702 0.28382 0.074671 0.03236 0.35192 -0.077997 0.0018266 0.4017 -0.015213 -0.0017443 0.066864 -0.049342 -0.0011069 -0.056197 0.061132 -0.0011069 -0.043086 -0.26067 -0.0069346 0.027735 0.1143 0.033982 0.089101 -0.20293 -0.085772 -0.18842 0.056124 -0.16681 -0.022893 -0.14547 -0.13902 -0.21604 0.027247 -0.23897 -0.051236 -0.038876 0.057488 -0.44137 0.11732 -0.03404 -0.42759 0.015221 0.1287 -0.7632 0.1348 0.068384 -0.74819 0.00074697 0.07575 -0.8385 0.19945 0.029211 -0.80544 -0.065912 -0.061211 0.5882
-0.18824 0.0069782 0.28187 0.074261 0.024085 0.35079 -0.077879 -0.0071663 0.40167 -0.015138 -0.0030135 0.066835 -0.049072 0.00018031 -0.056463 0.060843 0.00018031 -0.043507 -0.25647 -0.0061832 0.025288 0.11336 0.031589 0.087984 -0.17964 -0.10099 -0.17694 0.052669 -0.1576 -0.040735 -0.13693 -0.15885 -0.21433 0.027164 -0.23194 -0.06617 -0.042347 0.080013 -0.438 0.12464 -0.031061 -0.42667 0.022929 0.17031 -0.75261 0.15045 -0.05027 -0.75048 0.0026266 0.11607 -0.82672 0.21397 -0.10462 -0.79406 -0.069 -0.067812 0.5892
-0.18611 0.0075827 0.28009 0.074516 0.014913 0.35028 -0.078284 -0.012569 0.40151 -0.015261 -0.0037163 0.066785 -0.048519 0.00061961 -0.056925 0.060522 0.00061961 -0.043961 -0.25268 -0.0064122 0.023153 0.11366 0.022602 0.087504 -0.14608 -0.1326 -0.14703 0.039763 -0.15246 -0.054296 -0.11504 -0.1929 -0.19654 0.012774 -0.22738 -0.077394 -0.047981 0.090628 -0.43619 0.12014 -0.033261 -0.42766 0.027911 0.19847 -0.74316 0.15275 -0.12882 -0.7498 0.0085152 0.14728 -0.81874 0.19322 -0.19584 -0.79689 -0.073641 -0.075379 0.58845
-0.18584 0.0070497 0.27898 0.074016 0.016839 0.3509 -0.078896 -0.011109 0.40139 -0.015353 -0.0031723 0.066779 -0.047807 0.00010722 -0.057526 0.060313 0.00010722 -0.04424 -0.24981 -0.0036231 0.021212 0.11397 0.021629 0.088158 -0.13185 -0.15042 -0.12269 0.030625 -0.14458 -0.058781 -0.089878 -0.20521 -0.16801 0.0081284 -0.22105 -0.080655 -0.053334 0.095008 -0.43555 0.11332 -0.041984 -0.42811 0.030221 0.22287 -0.73241 0.15554 -0.1078 -0.75261 0.0090888 0.18291 -0.81447 0.15792 -0.17727 -0.81554 -0.075335 -0.074352 0.58822
-0.17443 0.0078816 0.2819 0.084295 0.03541 0.35104 -0.065865 -0.0015518 0.40382 -0.012867 -0.00082785 0.067347 -0.0499 -0.0012197 -0.055678 0.059179 -0.0012197 -0.045714 -0.23948 -0.00064202 0.024321 0.12463 0.043558 0.088426 -0.11323 -0.14579 -0.11437 0.05211 -0.12064 -0.066241 -0.052012 -0.1916 -0.14356 0.044932 -0.20046 -0.085711 -0.051142 0.10135 -0.43165 0.1194 -0.030978 -0.42958 0.012781 0.26349 -0.71575 0.16245 -0.070141 -0.7582 -0.00088964 0.23749 -0.8074 0.15934 -0.12294 -0.83579 -0.058453 -0.064077 0.59077
-0.16924 0.014512 0.28393 0.090408 0.039568 0.35038 -0.059613 0.0047245 0.40494 -0.012141 -0.00047337 0.067534 -0.050743 -0.0014931 -0.05497 0.058935 -0.0014931 -0.046055 -0.23823 0.0046032 0.027441 0.13362 0.042816 0.088221 -0.10546 -0.14728 -0.096241 0.062501 -0.12775 -0.05993 -0.04236 -0.19671 -0.11861 0.052793 -0.20661 -0.081773 -0.045909 0.099554 -0.43165 0.11496 -0.027965 -0.431 -0.00018341 0.29145 -0.70223 0.15147 -0.039761 -0.76249 -0.0071522 0.23123 -0.7672 0.14419 -0.083132 -0.84504 -0.054754 -0.058118 0.59184
-0.16516 0.02053 0.28457 0.095672 0.035911 0.34933 -0.055467 0.0084195 0.40528 -0.011739 -0.00053104 0.067566 -0.051258 -0.0017636 -0.054421 0.058709 -0.0017636 -0.0463 -0.23844 0.011133 0.029244 0.14199 0.029852 0.087613 -0.10037 -0.15473 -0.069051 0.068232 -0.14844 -0.050112 -0.039278 -0.20649 -0.087763 0.048425 -0.22467 -0.075874 -0.042388 0.075769 -0.43614 0.10825 -0.023236 -0.43218 -0.016239 0.29664 -0.6843 0.13429 -0.0067886 -0.76492 -0.01613 0.2231 -0.73624 0.11238 -0.043431 -0.84838 -0.056677 -0.05562 0.59188
-0.15409 0.021952 0.28512 0.10577 0.041632 0.3484 -0.044687 0.015058 0.4065 -0.0095388 0.0014197 0.06791 -0.053311 -0.0031963 -0.052363 0.057483 -0.0031963 -0.04775 -0.2295 0.01579 0.030305 0.15094 0.03034 0.086694 -0.087521 -0.15559 -0.051241 0.084742 -0.14887 -0.053565 -0.017147 -0.19795 -0.05964 0.067668 -0.22592 -0.078373 -0.043852 0.030745 -0.44051 0.11434 0.0010641 -0.43326 -0.047266 0.27908 -0.66349 0.12246 0.03792 -0.76517 -0.035876 0.26445 -0.75303 0.096388 0.013005 -0.85184 -0.047584 -0.049646 0.59284
-0.15263 0.028674 0.2835 0.10627 0.042539 0.34775 -0.044784 0.021083 0.40625 -0.0096199 0.0024505 0.067883 -0.053585 -0.0038185 -0.052065 0.057334 -0.0038185 -0.047898 -0.2265 0.017342 0.028469 0.1461 0.021962 0.085829 -0.085383 -0.15637 -0.04954 0.079532 -0.15288 -0.059615 -0.017675 -0.20336 -0.056264 0.063955 -0.2314 -0.080373 -0.050477 -0.012797 -0.44194 0.1189 0.023459 -0.43243 -0.070123 0.22789 -0.67182 0.093981 0.081677 -0.75943 -0.05204 0.23325 -0.76854 0.095537 0.048446 -0.84497 -0.047489 -0.04343 0.59266
-0.15376 0.03319 0.28222 0.10404 0.041594 0.3473 -0.047306 0.022035 0.4059 -0.010029 0.0025315 0.067811 -0.05311 -0.0042591 -0.052493 0.05755 -0.0042591 -0.047587 -0.22451 0.018783 0.026354 0.14089 0.015057 0.085375 -0.084659 -0.15322 -0.057308 0.073873 -0.1598 -0.059917 -0.020922 -0.20562 -0.064092 0.054147 -0.23757 -0.079734 -0.046201 -0.047801 -0.43943 0.13662 0.045752 -0.42478 -0.089983 0.16293 -0.69787 0.089016 0.11642 -0.74885 -0.069848 0.1437 -0.78436 0.10718 0.065741 -0.82649 -0.04686 -0.042436 0.59232
-0.15505 0.032452 0.28121 0.10148 0.040186 0.3478 -0.049874 0.019002 0.40575 -0.010285 0.0022105 0.067785 -0.052424 -0.0046104 -0.053159 0.057799 -0.0046104 -0.047256 -0.22463 0.024945 0.024812 0.13726 0.013882 0.08574 -0.086491 -0.14631 -0.06335 0.069896 -0.1644 -0.05509 -0.022121 -0.19779 -0.069657 0.044793 -0.24001 -0.07739 -0.046443 -0.060841 -0.43912 0.17028 0.060654 -0.41569 -0.10174 0.076597 -0.7365 0.099026 0.1528 -0.72807 -0.082571 0.023064 -0.8114 0.11266 0.087059 -0.79328 -0.046762 -0.044393 0.59253
-0.1606 0.030295 0.27949 0.095682 0.034073 0.34955 -0.056849 0.01481 0.40501 -0.011582 0.0013673 0.067598 -0.051561 -0.0039214 -0.054064 0.058356 -0.0039214 -0.046632 -0.23216 0.033532 0.023555 0.12857 0.011162 0.086762 -0.10072 -0.14279 -0.065052 0.05421 -0.16695 -0.050656 -0.038123 -0.19568 -0.075475 0.026886 -0.24122 -0.074756 -0.054452 -0.043015 -0.44305 0.17991 0.071559 -0.4122 -0.092916 -0.042647 -0.77296 0.07719 0.20488 -0.70104 -0.077466 -0.11616 -0.82912 0.095879 0.13099 -0.75604 -0.056423 -0.04422 0.59324
-0.16178 0.023712 0.28231 0.096818 0.024781 0.34992 -0.055704 0.0051824 0.40539 -0.011231 -0.00026473 0.067668 -0.053547 -0.0023324 -0.052115 0.057983 -0.0023324 -0.047186 -0.23384 0.027224 0.026476 0.13277 0.013166 0.086903 -0.11248 -0.14612 -0.079528 0.058183 -0.16714 -0.048164 -0.053032 -0.20228 -0.093777 0.027143 -0.23916 -0.074311 0.015602 -0.023224 -0.43255 0.094777 0.13534 -0.40186 -0.079862 -0.12694 -0.73748 0.045342 0.25799 -0.70522 -0.069838 -0.20826 -0.7827 0.082286 0.19532 -0.76159 -0.057913 -0.047815 0.59538
-0.16626 0.019104 0.28448 0.094415 0.014722 0.34847 -0.057895 -0.0025362 0.40511 -0.011389 -0.0017145 0.06762 -0.055324 -0.0011395 -0.050358 0.057794 -0.0011395 -0.047476 -0.23891 0.020791 0.028813 0.13706 0.014751 0.086058 -0.1242 -0.14214 -0.099914 0.05441 -0.15729 -0.053628 -0.071487 -0.19975 -0.12657 0.023159 -0.22935 -0.07945 0.030313 -0.0088561 -0.42916 0.030305 0.17985 -0.39514 -0.063845 -0.11505 -0.72416 0.017476 0.30523 -0.70379 -0.057967 -0.19715 -0.76871 0.07046 0.25393 -0.76396 -0.061044 -0.053292 0.59572
-0.17635 0.021919 0.28324 0.084233 0.0076797 0.34614 -0.06842 -0.0036128 0.40347 -0.013206 -0.0022797 0.067275 -0.055192 -0.00076309 -0.05048 0.058143 -0.00076309 -0.047051 -0.25065 0.027943 0.028108 0.13431 0.012888 0.085153 -0.13914 -0.1314 -0.1073 0.03447 -0.14268 -0.063202 -0.089561 -0.18605 -0.14457 0.0061214 -0.21654 -0.087289 -0.043836 -0.0065204 -0.44017 0.039685 0.18017 -0.39178 -0.04526 -0.054125 -0.771 -0.0017387 0.34187 -0.68107 -0.041928 -0.13474 -0.81845 0.059151 0.30823 -0.74356 -0.072921 -0.056557 0.59344
-0.17968 0.026689 0.28404 0.080539 0.0069772 0.34418 -0.071605 -0.0041698 0.40291 -0.013837 -0.0024873 0.067144 -0.055841 -0.0002654 -0.049772 0.057645 -0.0002654 -0.047665 -0.25366 0.036856 0.028964 0.14022 0.01418 0.085261 -0.14693 -0.13532 -0.093691 0.039337 -0.14169 -0.06227 -0.084638 -0.18433 -0.11285 0.0076205 -0.21321 -0.088919 -0.032235 -0.025607 -0.43822 0.023007 0.20723 -0.37828 -0.03428 -0.061699 -0.77265 -0.0090609 0.35749 -0.6777 -0.03391 -0.14228 -0.82029 0.057761 0.36909 -0.74699 -0.079698 -0.057647 0.59262
-0.17915 0.018659 0.28422 0.081714 0.0075826 0.34434 -0.070047 -0.0074281 0.40312 -0.013544 -0.0030973 0.067174 -0.054437 -0.0001368 -0.051268 0.058075 -0.0001368 -0.047134 -0.2527 0.029427 0.028975 0.14587 0.018347 0.086737 -0.13515 -0.14252 -0.083912 0.046137 -0.14193 -0.056421 -0.067684 -0.19037 -0.094877 0.01384 -0.2122 -0.085739 -0.020262 -0.026975 -0.43858 0.056945 0.14646 -0.40018 -0.033858 -0.04506 -0.77013 -0.0054132 0.3399 -0.65789 -0.031109 -0.12579 -0.81732 0.03994 0.31432 -0.7148 -0.079721 -0.059799 0.59305
-0.18105 0.003985 0.28265 0.080408 0.0060919 0.34484 -0.071248 -0.012959 0.40276 -0.013651 -0.0042384 0.06709 -0.051463 0.00015071 -0.054295 0.059053 0.00015071 -0.045913 -0.25238 0.0083569 0.026686 0.14454 0.024927 0.087359 -0.1158 -0.15236 -0.081577 0.047855 -0.13802 -0.055109 -0.049986 -0.19959 -0.097301 0.019097 -0.20925 -0.085821 -0.037447 -0.0054007 -0.44386 0.10705 0.054463 -0.43219 -0.035779 -0.00015073 -0.77815 0.02395 0.28333 -0.65951 -0.028658 -0.081077 -0.82468 0.043887 0.19678 -0.70376 -0.079721 -0.064433 0.59303
-0.18601 -0.0032464 0.28049 0.0746 0.0047956 0.34391 -0.076846 -0.016454 0.4016 -0.014582 -0.0050445 0.066839 -0.049452 0.00089723 -0.056116 0.059336 0.00089723 -0.045536 -0.25306 -0.0091706 0.023373 0.13577 0.02323 0.085664 -0.10586 -0.16538 -0.077174 0.049994 -0.14673 -0.055597 -0.036803 -0.20847 -0.091427 0.022477 -0.2175 -0.088459 -0.048521 0.019827 -0.44547 0.10761 0.0346 -0.43161 -0.033785 0.024218 -0.7791 0.076178 0.20865 -0.713 -0.026757 -0.057447 -0.8243 0.094366 0.13201 -0.76536 -0.082977 -0.070702 0.59119
-0.18635 -0.0042266 0.27873 0.072929 0.0096954 0.34414 -0.078538 -0.012656 0.40142 -0.014928 -0.0042354 0.066817 -0.048594 0.00062935 -0.056859 0.059567 0.00062935 -0.045247 -0.25303 -0.012113 0.021486 0.12164 -0.0065049 0.084399 -0.099085 -0.16526 -0.07345 0.04327 -0.19181 -0.040212 -0.02943 -0.20872 -0.08492 0.011787 -0.25912 -0.076122 -0.055082 0.043686 -0.44421 0.12148 0.014201 -0.42862 -0.035928 0.056447 -0.77715 0.10793 0.1603 -0.73469 -0.031172 -0.025374 -0.82235 0.11767 0.083349 -0.78404 -0.081245 -0.076592 0.58792
-0.18159 -0.0026868 0.27916 0.077094 0.014946 0.34624 -0.074238 -0.010738 0.4023 -0.014162 -0.003622 0.067022 -0.048669 0.00020421 -0.056803 0.058723 0.00020421 -0.046313 -0.24542 -0.015156 0.021518 0.11393 -0.020049 0.084813 -0.085572 -0.16454 -0.069553 0.036276 -0.21588 -0.024356 -0.012379 -0.20216 -0.075895 0.0032194 -0.28473 -0.056971 -0.059544 0.066305 -0.44079 0.13427 0.010582 -0.42902 -0.043694 0.095171 -0.77324 0.14813 0.091119 -0.74576 -0.039171 0.013825 -0.81927 0.15113 0.0067548 -0.78795 -0.074239 -0.079115 0.58739
-0.17448 -0.0020581 0.28105 0.085038 0.013978 0.35009 -0.06675 -0.014882 0.40349 -0.012837 -0.0042368 0.067251 -0.049252 0.00038433 -0.056294 0.057201 0.00038433 -0.048202 -0.2319 -0.019788 0.022125 0.11425 -0.011921 0.087222 -0.066945 -0.16471 -0.0671 0.040402 -0.21286 -0.014332 0.0078866 -0.19959 -0.069451 0.0030877 -0.28018 -0.043671 -0.06238 0.086491 -0.43624 0.13453 0.021615 -0.42961 -0.056231 0.13543 -0.7664 0.19391 0.0088917 -0.75958 -0.050129 0.054192 -0.81253 0.19727 -0.074745 -0.80124 -0.066057 -0.079324 0.58992
-0.16818 -0.0051427 0.28189 0.09266 0.01019 0.35521 -0.060511 -0.019391 0.40426 -0.011871 -0.0051963 0.06736 -0.04978 0.00084449 -0.055821 0.056738 0.00084449 -0.048741 -0.2216 -0.018087 0.02182 0.11488 -0.016651 0.091718 -0.052086 -0.15677 -0.068865 0.057389 -0.22503 -0.0055226 0.014711 -0.20539 -0.072823 0.0048789 -0.27732 -0.041032 -0.066274 0.10029 -0.43235 0.1372 0.011397 -0.42992 -0.07548 0.17326 -0.75791 0.20621 -0.023773 -0.75622 -0.068156 0.092017 -0.80396 0.20934 -0.10568 -0.8013 -0.061018 -0.080664 0.59177
-0.16564 -0.013358 0.28175 0.093658 0.021046 0.36009 -0.058069 -0.019266 0.40463 -0.011357 -0.0054975 0.067431 -0.049854 0.00097503 -0.055764 0.057144 0.00097503 -0.048251 -0.21629 -0.030799 0.021483 0.11785 -0.016535 0.098147 -0.038959 -0.15833 -0.070148 0.074812 -0.21869 -0.016929 0.032354 -0.19741 -0.070357 0.018859 -0.27188 -0.046418 -0.079755 0.1027 -0.43096 0.13578 0.0038912 -0.43011 -0.10696 0.18254 -0.75427 0.20239 -0.028236 -0.75442 -0.094591 0.10544 -0.80544 0.21092 -0.10919 -0.80054 -0.060939 -0.081686 0.59174
-0.1664 -0.017338 0.2809 0.090021 0.038608 0.36329 -0.059275 -0.014351 0.40465 -0.011406 -0.0046114 0.067478 -0.050343 0.00037517 -0.055304 0.057648 0.00037517 -0.047664 -0.21542 -0.046974 0.021234 0.12165 -0.011351 0.10404 -0.031265 -0.16501 -0.070285 0.086054 -0.19596 -0.041441 0.050348 -0.18518 -0.065129 0.036492 -0.26185 -0.054267 -0.094943 0.085158 -0.43292 0.13081 0.0046462 -0.43046 -0.13578 0.14857 -0.75794 0.19458 -0.025419 -0.75774 -0.11829 0.077283 -0.81646 0.20977 -0.10618 -0.80269 -0.065671 -0.081013 0.59021
-0.16824 -0.0022478 0.27943 0.088227 0.040556 0.36351 -0.062755 -0.0069 0.40436 -0.012213 -0.0022587 0.067463 -0.052762 -0.0012264 -0.053006 0.05735 -0.0012264 -0.048006 -0.21791 -0.036666 0.020593 0.1221 -0.0147 0.10573 -0.036668 -0.15858 -0.07137 0.088722 -0.18443 -0.056284 0.036574 -0.19698 -0.07196 0.037962 -0.24969 -0.058124 -0.094939 0.037337 -0.43859 0.12847 0.004252 -0.43122 -0.13619 0.064547 -0.76882 0.18706 -0.028406 -0.75832 -0.12191 -0.0055667 -0.82916 0.1991 -0.10937 -0.80372 -0.074266 -0.077751 0.5881
