-0.14585 -0.0073921 0.30727 0.13097 -0.042145 0.3433 -0.018651 -0.029097 0.40779 -0.0047023 -0.0061989 0.068154 -0.052948 0.0047446 -0.052622 0.055503 0.0047446 -0.04992 -0.19533 0.043129 0.051048 0.30624 -0.24195 0.34613 -0.21354 0.037314 -0.18518 0.47217 -0.40959 0.32305 -0.2147 0.03964 -0.26784 0.53519 -0.46315 0.32368 -0.075815 0.085942 -0.43318 0.063803 0.12865 -0.41941 -0.097077 0.16981 -0.75568 0.06019 0.20131 -0.74529 -0.10148 0.091317 -0.80647 0.049881 0.11547 -0.78115 0.0058805 -0.062431 0.60067
-0.14569 -0.0076073 0.30742 0.13112 -0.04151 0.34317 -0.018331 -0.029139 0.40781 -0.0046211 -0.0062288 0.068157 -0.052959 0.0047252 -0.052613 0.055486 0.0047252 -0.04994 -0.19537 0.042152 0.05115 0.30908 -0.23832 0.34418 -0.21343 0.036917 -0.18509 0.4741 -0.40639 0.32295 -0.21462 0.039243 -0.26776 0.53638 -0.46057 0.32318 -0.075995 0.085832 -0.43319 0.063568 0.12863 -0.41944 -0.097444 0.16958 -0.7557 0.059694 0.20137 -0.74529 -0.10176 0.091077 -0.80649 0.049516 0.11555 -0.78112 0.0060287 -0.062526 0.60071
-0.14554 -0.0077994 0.30757 0.13128 -0.04093 0.34304 -0.01804 -0.02919 0.40783 -0.0045457 -0.0062588 0.068159 -0.052969 0.0047056 -0.052605 0.05547 0.0047056 -0.04996 -0.19537 0.041345 0.051246 0.31154 -0.23524 0.34239 -0.21338 0.036585 -0.185 0.47586 -0.4037 0.32284 -0.2146 0.03892 -0.26767 0.53761 -0.45834 0.32281 -0.076172 0.085721 -0.43319 0.063333 0.12861 -0.41946 -0.097805 0.16936 -0.75572 0.059207 0.20142 -0.7453 -0.10205 0.090841 -0.80651 0.049139 0.11561 -0.78108 0.0061912 -0.06262 0.60074
-0.14541 -0.0079702 0.3077 0.13145 -0.040394 0.34291 -0.017778 -0.02925 0.40784 -0.0044758 -0.0062888 0.068161 -0.052977 0.0046857 -0.052599 0.055453 0.0046857 -0.049981 -0.19533 0.040691 0.051336 0.31366 -0.23265 0.34074 -0.21337 0.036311 -0.18492 0.47744 -0.40147 0.32273 -0.21462 0.038664 -0.26759 0.53887 -0.4564 0.3226 -0.076347 0.085611 -0.43319 0.063097 0.1286 -0.41948 -0.098161 0.16913 -0.75574 0.058728 0.20147 -0.74531 -0.10236 0.090608 -0.80654 0.048754 0.11565 -0.78103 0.0063661 -0.062714 0.60075
-0.14529 -0.0081215 0.30783 0.13162 -0.039891 0.34278 -0.017542 -0.029316 0.40785 -0.0044111 -0.0063186 0.068162 -0.052984 0.0046657 -0.052593 0.055437 0.0046657 -0.050001 -0.19526 0.040172 0.05142 0.31548 -0.23048 0.33922 -0.2134 0.036087 -0.18483 0.47886 -0.39966 0.32262 -0.21468 0.038465 -0.2675 0.54013 -0.45472 0.32252 -0.07652 0.0855 -0.43319 0.06286 0.12859 -0.4195 -0.09851 0.16891 -0.75576 0.058259 0.20152 -0.74531 -0.10268 0.09038 -0.80656 0.048364 0.11568 -0.78096 0.0065517 -0.062806 0.60077
-0.14518 -0.008255 0.30796 0.1318 -0.039409 0.34265 -0.017331 -0.029389 0.40786 -0.0043513 -0.0063483 0.068163 -0.052991 0.0046455 -0.052588 0.05542 0.0046455 -0.050022 -0.19516 0.039774 0.051498 0.31702 -0.22867 0.33781 -0.21346 0.035906 -0.18474 0.48013 -0.3982 0.3225 -0.21477 0.038314 -0.26741 0.5414 -0.45326 0.32259 -0.076689 0.08539 -0.4332 0.062625 0.12858 -0.41952 -0.098852 0.16868 -0.75578 0.057799 0.20156 -0.74532 -0.103 0.090156 -0.80658 0.047973 0.11569 -0.78089 0.0067461 -0.062897 0.60077
-0.14508 -0.0083726 0.30807 0.13198 -0.038938 0.34252 -0.017141 -0.029467 0.40786 -0.004296 -0.0063778 0.068164 -0.052997 0.0046252 -0.052584 0.055403 0.0046252 -0.050042 -0.19503 0.039477 0.051568 0.31833 -0.22716 0.33648 -0.21355 0.03576 -0.18465 0.48125 -0.39704 0.3224 -0.2149 0.038203 -0.26732 0.54265 -0.45197 0.3228 -0.076855 0.085281 -0.4332 0.06239 0.12858 -0.41954 -0.099186 0.16847 -0.7558 0.057349 0.20161 -0.74532 -0.10333 0.089936 -0.8066 0.047582 0.11568 -0.78081 0.0069473 -0.062987 0.60077
-0.145 -0.0084761 0.30818 0.13217 -0.038467 0.34238 -0.016971 -0.029549 0.40786 -0.0042448 -0.006407 0.068165 -0.053001 0.0046049 -0.052581 0.055387 0.0046049 -0.050062 -0.19488 0.039266 0.051632 0.31945 -0.22588 0.33524 -0.21367 0.035642 -0.18457 0.48224 -0.39613 0.32231 -0.21505 0.038123 -0.26724 0.54388 -0.45082 0.32316 -0.077017 0.085172 -0.43321 0.062158 0.12857 -0.41956 -0.099513 0.16825 -0.75583 0.056909 0.20165 -0.74533 -0.10367 0.08972 -0.80661 0.047196 0.11567 -0.78073 0.0071537 -0.063074 0.60076
-0.14492 -0.0085671 0.30828 0.13234 -0.037984 0.34224 -0.016819 -0.029633 0.40786 -0.0041975 -0.0064358 0.068165 -0.053005 0.0045846 -0.052579 0.05537 0.0045846 -0.050082 -0.19472 0.039124 0.051689 0.32041 -0.22477 0.33406 -0.2138 0.035543 -0.1845 0.48311 -0.39541 0.32223 -0.21522 0.038064 -0.26716 0.54509 -0.44977 0.32366 -0.077175 0.085065 -0.43322 0.061928 0.12857 -0.41958 -0.099832 0.16804 -0.75585 0.05648 0.20168 -0.74533 -0.10401 0.089508 -0.80663 0.046817 0.11565 -0.78065 0.0073633 -0.06316 0.60075
-0.14485 -0.0086475 0.30837 0.13252 -0.037479 0.3421 -0.016683 -0.029719 0.40785 -0.0041537 -0.0064642 0.068165 -0.053009 0.0045644 -0.052577 0.055354 0.0045644 -0.050102 -0.19454 0.039034 0.051738 0.32125 -0.22376 0.33293 -0.21395 0.035457 -0.18442 0.48386 -0.39484 0.32217 -0.2154 0.038018 -0.26708 0.54625 -0.44877 0.32431 -0.077329 0.084958 -0.43322 0.061702 0.12858 -0.41959 -0.10014 0.16783 -0.75587 0.056063 0.20172 -0.74534 -0.10434 0.089301 -0.80665 0.046448 0.11562 -0.78058 0.0075743 -0.063242 0.60074
-0.14478 -0.0087192 0.30846 0.13268 -0.036939 0.34196 -0.016562 -0.029806 0.40785 -0.0041131 -0.0064921 0.068165 -0.053011 0.0045443 -0.052576 0.055338 0.0045443 -0.050121 -0.19436 0.038978 0.051779 0.322 -0.2228 0.33183 -0.2141 0.035375 -0.18436 0.4845 -0.39435 0.32214 -0.21559 0.037976 -0.26701 0.54736 -0.44779 0.32509 -0.077479 0.084854 -0.43323 0.06148 0.12858 -0.41961 -0.10044 0.16762 -0.75589 0.055657 0.20175 -0.74534 -0.10467 0.089098 -0.80666 0.046094 0.11559 -0.78051 0.0077848 -0.063323 0.60072
-0.14473 -0.0087837 0.30854 0.13284 -0.036355 0.34181 -0.016452 -0.029892 0.40784 -0.0040753 -0.0065194 0.068165 -0.053014 0.0045244 -0.052575 0.055322 0.0045244 -0.050141 -0.19417 0.038941 0.051813 0.32271 -0.22182 0.33075 -0.21427 0.035289 -0.1843 0.48505 -0.3939 0.32214 -0.21578 0.037929 -0.26695 0.5484 -0.44678 0.32603 -0.077625 0.084752 -0.43324 0.061263 0.12858 -0.41963 -0.10074 0.16743 -0.75591 0.055263 0.20177 -0.74535 -0.105 0.0889 -0.80668 0.045756 0.11556 -0.78045 0.0079931 -0.0634 0.6007
-0.14467 -0.008843 0.30862 0.13298 -0.035714 0.34166 -0.016352 -0.029977 0.40783 -0.00404 -0.0065461 0.068164 -0.053016 0.0045048 -0.052575 0.055306 0.0045048 -0.05016 -0.19398 0.038904 0.051839 0.3234 -0.22075 0.32967 -0.21443 0.035193 -0.18425 0.4855 -0.39342 0.32217 -0.21596 0.037868 -0.26689 0.54937 -0.44571 0.3271 -0.077765 0.084652 -0.43324 0.061052 0.12858 -0.41964 -0.10102 0.16723 -0.75593 0.054881 0.2018 -0.74536 -0.10531 0.088706 -0.80669 0.045438 0.11553 -0.7804 0.0081972 -0.063474 0.60068
-0.14462 -0.0088989 0.30869 0.13311 -0.035007 0.34151 -0.01626 -0.030059 0.40782 -0.0040068 -0.0065721 0.068164 -0.053017 0.0044854 -0.052575 0.055291 0.0044854 -0.050178 -0.1938 0.038852 0.051856 0.32411 -0.21953 0.32857 -0.21458 0.035078 -0.18421 0.48588 -0.39288 0.32224 -0.21614 0.037784 -0.26684 0.55026 -0.44453 0.32832 -0.0779 0.084554 -0.43325 0.060846 0.12858 -0.41965 -0.10129 0.16704 -0.75595 0.054513 0.20182 -0.74536 -0.10561 0.088517 -0.80671 0.045143 0.1155 -0.78036 0.0083954 -0.063544 0.60066
-0.14458 -0.008953 0.30876 0.13323 -0.034221 0.34135 -0.016174 -0.030137 0.40782 -0.0039755 -0.0065974 0.068163 -0.053018 0.0044664 -0.052575 0.055275 0.0044664 -0.050196 -0.19363 0.038767 0.051866 0.32489 -0.21811 0.32745 -0.21472 0.034936 -0.18417 0.48618 -0.3922 0.32236 -0.2163 0.037669 -0.26681 0.55105 -0.44321 0.32968 -0.07803 0.084459 -0.43326 0.060648 0.12859 -0.41967 -0.10155 0.16686 -0.75597 0.054158 0.20184 -0.74537 -0.10589 0.088333 -0.80672 0.044874 0.11547 -0.78034 0.0085857 -0.063611 0.60064
-0.14453 -0.0090073 0.30882 0.13332 -0.033345 0.34118 -0.016092 -0.03021 0.40781 -0.0039456 -0.0066218 0.068162 -0.053019 0.0044478 -0.052575 0.055261 0.0044478 -0.050214 -0.19347 0.038633 0.051866 0.32577 -0.21641 0.32628 -0.21485 0.034761 -0.18415 0.48643 -0.39134 0.32252 -0.21644 0.037513 -0.26678 0.55173 -0.4417 0.33119 -0.078155 0.084368 -0.43326 0.060457 0.12859 -0.41968 -0.1018 0.16668 -0.75599 0.053816 0.20186 -0.74537 -0.10616 0.088154 -0.80673 0.044635 0.11545 -0.78034 0.0087664 -0.063673 0.60062
-0.14449 -0.0090634 0.30888 0.13339 -0.032369 0.34101 -0.016012 -0.030278 0.4078 -0.003917 -0.0066453 0.068162 -0.05302 0.0044296 -0.052576 0.055246 0.0044296 -0.050231 -0.19333 0.038432 0.051858 0.32678 -0.21437 0.32505 -0.21496 0.034544 -0.18414 0.48662 -0.39025 0.32273 -0.21655 0.037308 -0.26677 0.5523 -0.43996 0.33284 -0.078273 0.08428 -0.43327 0.060275 0.12859 -0.4197 -0.10204 0.16651 -0.75601 0.053489 0.20188 -0.74538 -0.10641 0.08798 -0.80674 0.044428 0.11544 -0.78036 0.0089356 -0.063731 0.6006
-0.14444 -0.0091231 0.30893 0.13344 -0.031282 0.34084 -0.015932 -0.030338 0.4078 -0.0038891 -0.0066678 0.068161 -0.053021 0.004412 -0.052576 0.055232 0.004412 -0.050248 -0.1932 0.038148 0.05184 0.32796 -0.21194 0.32374 -0.21505 0.034278 -0.18415 0.48676 -0.38887 0.32299 -0.21663 0.037044 -0.26677 0.55274 -0.43795 0.33463 -0.078386 0.084195 -0.43328 0.060102 0.12858 -0.41971 -0.10227 0.16634 -0.75603 0.053176 0.20189 -0.74539 -0.10663 0.087811 -0.80675 0.044256 0.11543 -0.78041 0.0090914 -0.063785 0.60059
-0.1444 -0.0091883 0.30898 0.13346 -0.030071 0.34066 -0.01585 -0.03039 0.4078 -0.0038617 -0.0066893 0.068161 -0.053022 0.0043949 -0.052577 0.055219 0.0043949 -0.050265 -0.19311 0.037764 0.051814 0.32935 -0.20904 0.32235 -0.2151 0.033955 -0.18416 0.48688 -0.38715 0.32332 -0.21668 0.036713 -0.26679 0.55304 -0.43564 0.33656 -0.078492 0.084114 -0.43328 0.059938 0.12858 -0.41972 -0.10249 0.16618 -0.75605 0.052879 0.2019 -0.74539 -0.10683 0.087648 -0.80676 0.044123 0.11545 -0.78048 0.009232 -0.063833 0.60057
-0.14435 -0.0092608 0.30903 0.13345 -0.028727 0.34047 -0.015763 -0.030433 0.40779 -0.0038344 -0.0067098 0.06816 -0.053023 0.0043784 -0.052577 0.055206 0.0043784 -0.05028 -0.19304 0.037262 0.051777 0.33098 -0.20561 0.32085 -0.21512 0.033567 -0.18419 0.48696 -0.38503 0.32371 -0.21668 0.036306 -0.26682 0.55319 -0.43298 0.33864 -0.078591 0.084038 -0.43329 0.059785 0.12857 -0.41974 -0.10269 0.16603 -0.75607 0.052596 0.20191 -0.7454 -0.107 0.087489 -0.80677 0.044032 0.11547 -0.78058 0.0093556 -0.063877 0.60057
-0.1443 -0.0093422 0.30907 0.13341 -0.027238 0.34028 -0.015671 -0.030466 0.4078 -0.0038069 -0.006729 0.06816 -0.053024 0.0043626 -0.052577 0.055193 0.0043626 -0.050296 -0.19301 0.036627 0.051731 0.3329 -0.20159 0.31922 -0.21509 0.033107 -0.18424 0.48703 -0.38246 0.32417 -0.21663 0.035814 -0.26687 0.55318 -0.42992 0.34087 -0.078684 0.083966 -0.4333 0.059644 0.12856 -0.41975 -0.10288 0.16589 -0.75608 0.05233 0.20192 -0.74541 -0.10714 0.087336 -0.80677 0.043986 0.11551 -0.78071 0.0094603 -0.063915 0.60057
-0.14424 -0.0094344 0.30911 0.13333 -0.025592 0.34008 -0.01557 -0.030487 0.4078 -0.0037789 -0.006747 0.06816 -0.053025 0.0043475 -0.052577 0.055181 0.0043475 -0.05031 -0.19302 0.035841 0.051676 0.33513 -0.19692 0.31746 -0.21503 0.032567 -0.1843 0.48709 -0.37938 0.3247 -0.21652 0.035229 -0.26693 0.553 -0.42644 0.34323 -0.078769 0.083899 -0.4333 0.059514 0.12855 -0.41977 -0.10306 0.16575 -0.7561 0.052079 0.20193 -0.74542 -0.10724 0.087188 -0.80678 0.043988 0.11557 -0.78088 0.0095443 -0.063947 0.60057
-0.14418 -0.0095392 0.30915 0.13322 -0.02378 0.33987 -0.015459 -0.030495 0.40781 -0.0037501 -0.0067637 0.06816 -0.053027 0.0043331 -0.052577 0.05517 0.0043331 -0.050324 -0.19307 0.034887 0.05161 0.33772 -0.19153 0.31555 -0.21491 0.03194 -0.18438 0.48716 -0.37575 0.32531 -0.21636 0.03454 -0.26702 0.55264 -0.42249 0.34574 -0.078847 0.083836 -0.43331 0.059396 0.12853 -0.41979 -0.10322 0.16563 -0.75612 0.051845 0.20193 -0.74543 -0.10731 0.087046 -0.80678 0.044041 0.11565 -0.78108 0.0096057 -0.063974 0.60058
-0.14412 -0.0096583 0.30919 0.13307 -0.021789 0.33965 -0.015336 -0.03049 0.40782 -0.00372 -0.006779 0.06816 -0.053029 0.0043197 -0.052576 0.055159 0.0043197 -0.050337 -0.19317 0.033749 0.051534 0.3407 -0.18536 0.31347 -0.21474 0.031217 -0.18448 0.48723 -0.37151 0.326 -0.21612 0.033739 -0.26712 0.55209 -0.41803 0.3484 -0.078918 0.08378 -0.43331 0.059292 0.1285 -0.4198 -0.10337 0.16551 -0.75613 0.051629 0.20194 -0.74544 -0.10734 0.08691 -0.80678 0.044148 0.11576 -0.78133 0.0096428 -0.063994 0.6006
-0.14404 -0.0097936 0.30922 0.13288 -0.019608 0.33943 -0.015199 -0.03047 0.40783 -0.0036884 -0.0067929 0.06816 -0.053032 0.004307 -0.052575 0.055149 0.004307 -0.05035 -0.19332 0.032409 0.051447 0.34411 -0.17834 0.31121 -0.21451 0.030391 -0.1846 0.48732 -0.36661 0.32678 -0.21582 0.032818 -0.26725 0.55134 -0.41302 0.35119 -0.07898 0.083728 -0.43331 0.059202 0.12848 -0.41982 -0.10351 0.1654 -0.75614 0.05143 0.20194 -0.74545 -0.10733 0.086779 -0.80679 0.044312 0.11589 -0.78162 0.0096535 -0.064008 0.60063
-0.14396 -0.0099469 0.30925 0.13265 -0.017229 0.3392 -0.015047 -0.030435 0.40785 -0.003655 -0.0068053 0.068161 -0.053035 0.0042953 -0.052573 0.055139 0.0042953 -0.050361 -0.19352 0.030853 0.051349 0.34797 -0.17043 0.30874 -0.21421 0.029454 -0.18474 0.48743 -0.36098 0.32765 -0.21544 0.031769 -0.2674 0.55037 -0.40742 0.35413 -0.079034 0.083683 -0.43332 0.059127 0.12845 -0.41984 -0.10363 0.1653 -0.75615 0.051249 0.20194 -0.74546 -0.10728 0.086655 -0.80679 0.044538 0.11604 -0.78195 0.009636 -0.064015 0.60067
-0.14388 -0.010122 0.30928 0.13235 -0.014661 0.33896 -0.014894 -0.030382 0.40788 -0.0036207 -0.0068161 0.068161 -0.053038 0.0042835 -0.052571 0.055131 0.0042835 -0.050372 -0.19378 0.029089 0.051233 0.35217 -0.16162 0.30604 -0.21386 0.028401 -0.1849 0.48747 -0.35462 0.32856 -0.21499 0.030591 -0.26758 0.54908 -0.40121 0.35715 -0.079077 0.083646 -0.43332 0.059068 0.12841 -0.41986 -0.10373 0.16521 -0.75616 0.051092 0.20193 -0.74547 -0.10717 0.08654 -0.80679 0.044831 0.11621 -0.78232 0.0095851 -0.064015 0.60071
-0.14381 -0.010326 0.30928 0.13198 -0.011927 0.33872 -0.014762 -0.03031 0.4079 -0.0035874 -0.0068253 0.068162 -0.053041 0.0042704 -0.05257 0.055122 0.0042704 -0.050383 -0.19411 0.027139 0.05109 0.35653 -0.15197 0.30305 -0.21346 0.027228 -0.1851 0.48726 -0.3475 0.32947 -0.21449 0.029293 -0.26779 0.54734 -0.39437 0.36019 -0.079105 0.08362 -0.43332 0.059027 0.12836 -0.41988 -0.1038 0.16514 -0.75617 0.050968 0.20192 -0.74548 -0.107 0.08644 -0.80678 0.0452 0.1164 -0.78271 0.0094942 -0.064009 0.60076
-0.14377 -0.010562 0.30925 0.1315 -0.0090502 0.33846 -0.014675 -0.030218 0.40792 -0.0035565 -0.0068328 0.068163 -0.053043 0.0042544 -0.05257 0.055115 0.0042544 -0.050393 -0.19451 0.025028 0.05091 0.36083 -0.14155 0.29971 -0.21303 0.025929 -0.18534 0.48666 -0.33963 0.33031 -0.21395 0.02788 -0.26805 0.545 -0.38689 0.36317 -0.079113 0.083609 -0.43332 0.059006 0.12832 -0.4199 -0.10384 0.16509 -0.75618 0.050885 0.2019 -0.7455 -0.10675 0.086361 -0.80678 0.045654 0.11658 -0.78313 0.0093564 -0.063995 0.6008
-0.14376 -0.010837 0.30917 0.1309 -0.0060536 0.33819 -0.014656 -0.030103 0.40794 -0.00353 -0.0068386 0.068164 -0.053042 0.0042343 -0.052573 0.055107 0.0042343 -0.050404 -0.19497 0.022778 0.050682 0.36488 -0.13039 0.29598 -0.21258 0.024501 -0.18563 0.48549 -0.33098 0.33102 -0.21339 0.026361 -0.26835 0.54191 -0.37876 0.366 -0.079098 0.083616 -0.43332 0.059008 0.12826 -0.41992 -0.10383 0.16507 -0.75619 0.050854 0.20187 -0.74551 -0.10643 0.086308 -0.80677 0.046203 0.11675 -0.78355 0.0091648 -0.063975 0.60084
-0.14381 -0.011156 0.30903 0.13016 -0.0029601 0.33792 -0.014728 -0.029965 0.40796 -0.0035094 -0.0068427 0.068165 -0.053038 0.0042085 -0.052579 0.0551 0.0042085 -0.050414 -0.19552 0.020413 0.050397 0.36849 -0.11856 0.2918 -0.21212 0.022939 -0.18599 0.48359 -0.32156 0.33153 -0.21282 0.024741 -0.26871 0.53793 -0.36995 0.36861 -0.079054 0.083643 -0.43332 0.059035 0.1282 -0.41995 -0.10377 0.16507 -0.75619 0.050881 0.20183 -0.74553 -0.106 0.086287 -0.80676 0.046854 0.11689 -0.78397 0.0089127 -0.063948 0.60086
-0.14391 -0.011525 0.30882 0.12924 0.00020711 0.33763 -0.014915 -0.029801 0.40797 -0.0034966 -0.0068449 0.068165 -0.053031 0.0041756 -0.052589 0.055092 0.0041756 -0.050425 -0.19614 0.017956 0.050044 0.37146 -0.10611 0.28713 -0.21166 0.021237 -0.18641 0.4808 -0.31135 0.3318 -0.21226 0.023027 -0.26914 0.53293 -0.36047 0.37092 -0.078978 0.083695 -0.43331 0.059087 0.12813 -0.41997 -0.10366 0.16512 -0.75619 0.050977 0.20176 -0.74555 -0.10547 0.086304 -0.80675 0.047618 0.117 -0.78438 0.0085932 -0.063915 0.60087
-0.14409 -0.011949 0.30852 0.12814 0.0034251 0.33733 -0.015239 -0.02961 0.40797 -0.0034931 -0.0068452 0.068165 -0.05302 0.0041343 -0.052603 0.055085 0.0041343 -0.050437 -0.19685 0.01543 0.049614 0.37358 -0.0931 0.2819 -0.21121 0.019393 -0.18691 0.47696 -0.30034 0.33175 -0.21173 0.021228 -0.26964 0.52674 -0.35029 0.37285 -0.078866 0.083775 -0.43331 0.059169 0.12806 -0.41999 -0.10348 0.1652 -0.75619 0.051151 0.20168 -0.74558 -0.10482 0.086364 -0.80673 0.048502 0.11706 -0.78476 0.0081994 -0.063875 0.60085
-0.14436 -0.012433 0.30813 0.12682 0.0066708 0.33703 -0.015723 -0.029391 0.40796 -0.0035007 -0.0068437 0.068165 -0.053004 0.0040831 -0.052623 0.055077 0.0040831 -0.050449 -0.19765 0.01286 0.049096 0.37467 -0.079577 0.27607 -0.21079 0.0174 -0.18749 0.4719 -0.28852 0.33133 -0.21124 0.019348 -0.27022 0.51924 -0.3394 0.37432 -0.078712 0.083885 -0.4333 0.05928 0.12797 -0.42001 -0.10322 0.16532 -0.75619 0.05141 0.20158 -0.74561 -0.10405 0.086473 -0.80671 0.049516 0.11706 -0.78511 0.0077247 -0.063828 0.60081
-0.14472 -0.012984 0.30763 0.12528 0.0099211 0.33671 -0.016391 -0.029141 0.40794 -0.0035212 -0.0068401 0.068164 -0.052983 0.0040206 -0.052649 0.055069 0.0040206 -0.050463 -0.19854 0.010267 0.048481 0.37452 -0.0656 0.26958 -0.21042 0.015256 -0.18817 0.46547 -0.27589 0.33047 -0.2108 0.017396 -0.27088 0.51027 -0.32779 0.37526 -0.078514 0.084029 -0.4333 0.059425 0.12789 -0.42003 -0.10289 0.16549 -0.75619 0.051765 0.20145 -0.74564 -0.10314 0.086636 -0.80668 0.050668 0.11699 -0.78541 0.0071621 -0.063775 0.60074
-0.1452 -0.013606 0.30701 0.12348 0.013153 0.33638 -0.017266 -0.028859 0.40791 -0.0035561 -0.0068346 0.068163 -0.052955 0.0039455 -0.052682 0.055061 0.0039455 -0.050477 -0.19953 0.0076754 0.047759 0.37293 -0.051221 0.26238 -0.21009 0.012954 -0.18895 0.4575 -0.26244 0.32912 -0.21044 0.015378 -0.27164 0.4997 -0.31545 0.37558 -0.078266 0.08421 -0.43329 0.059604 0.12779 -0.42005 -0.10247 0.16572 -0.75618 0.052223 0.20129 -0.74568 -0.10207 0.086859 -0.80665 0.051968 0.11684 -0.78566 0.0065049 -0.063715 0.60063
-0.14581 -0.014306 0.30626 0.1214 0.016344 0.33603 -0.018371 -0.028544 0.40786 -0.0036073 -0.006827 0.068161 -0.05292 0.0038562 -0.052723 0.055052 0.0038562 -0.050493 -0.20062 0.0051087 0.046919 0.36971 -0.036497 0.25442 -0.20983 0.010492 -0.18984 0.44782 -0.24815 0.32722 -0.21017 0.013301 -0.27251 0.48737 -0.30235 0.37522 -0.077965 0.084432 -0.43328 0.059819 0.12769 -0.42007 -0.10195 0.166 -0.75618 0.052794 0.2011 -0.74573 -0.10085 0.087147 -0.80661 0.053423 0.1166 -0.78584 0.0057461 -0.063648 0.60048
-0.14654 -0.015087 0.30536 0.11902 0.01947 0.33568 -0.019728 -0.028194 0.40779 -0.0036764 -0.0068172 0.068158 -0.052877 0.0037515 -0.052773 0.055042 0.0037515 -0.05051 -0.20181 0.0025893 0.045952 0.36467 -0.021484 0.24566 -0.20964 0.0078641 -0.19086 0.43629 -0.23303 0.3247 -0.20999 0.011172 -0.27348 0.47316 -0.2885 0.37409 -0.077606 0.084697 -0.43327 0.060074 0.12757 -0.42009 -0.10132 0.16635 -0.75617 0.053487 0.20087 -0.74577 -0.099459 0.087507 -0.80657 0.055044 0.11626 -0.78595 0.0048794 -0.063575 0.60028
-0.14742 -0.015946 0.30432 0.11636 0.022515 0.33531 -0.021332 -0.027809 0.4077 -0.0037636 -0.0068052 0.068154 -0.052826 0.0036318 -0.052831 0.055031 0.0036318 -0.050529 -0.2031 0.00012892 0.044863 0.35783 -0.0062741 0.23614 -0.20953 0.0050842 -0.19198 0.42295 -0.21715 0.3216 -0.20992 0.0089988 -0.27455 0.45712 -0.27394 0.37222 -0.077189 0.085005 -0.43326 0.060368 0.12745 -0.4201 -0.1006 0.16675 -0.75615 0.054302 0.20061 -0.74583 -0.0979 0.087937 -0.80652 0.056827 0.11583 -0.78599 0.0039075 -0.063495 0.60004
-0.1484 -0.016868 0.30316 0.11347 0.025465 0.33494 -0.023151 -0.027392 0.4076 -0.0038676 -0.0067908 0.06815 -0.052767 0.0034993 -0.052897 0.05502 0.0034993 -0.05055 -0.20448 -0.0022726 0.043669 0.34941 0.0090004 0.22602 -0.20949 0.0021813 -0.1932 0.40807 -0.2007 0.31802 -0.20994 0.0067915 -0.27571 0.4395 -0.25879 0.36974 -0.076717 0.085354 -0.43325 0.060703 0.12732 -0.42012 -0.09977 0.16721 -0.75614 0.055233 0.20032 -0.74589 -0.096192 0.088431 -0.80646 0.05876 0.11535 -0.786 0.0028424 -0.063408 0.59976
-0.14948 -0.017839 0.30189 0.11038 0.02831 0.33456 -0.025152 -0.026945 0.40748 -0.0039873 -0.0067739 0.068145 -0.052702 0.0033561 -0.052971 0.055008 0.0033561 -0.050572 -0.20593 -0.0046156 0.042388 0.33963 0.024207 0.21547 -0.20951 -0.00081456 -0.19451 0.39192 -0.18386 0.31407 -0.21002 0.0045592 -0.27695 0.42056 -0.24318 0.36677 -0.076194 0.085739 -0.43324 0.06108 0.12719 -0.42014 -0.09885 0.16773 -0.75612 0.056274 0.2 -0.74596 -0.094354 0.088984 -0.8064 0.06083 0.11484 -0.78602 0.0016963 -0.063314 0.59945
-0.15064 -0.018843 0.30054 0.10716 0.031036 0.33419 -0.027303 -0.026472 0.40735 -0.0041214 -0.0067543 0.068139 -0.052629 0.0032046 -0.053052 0.054995 0.0032046 -0.050596 -0.20743 -0.0069005 0.041039 0.32873 0.039213 0.20465 -0.20958 -0.0038732 -0.19587 0.37476 -0.16682 0.30986 -0.21015 0.0023115 -0.27824 0.40056 -0.22722 0.36346 -0.075623 0.086158 -0.43322 0.0615 0.12704 -0.42015 -0.097842 0.16829 -0.7561 0.057417 0.19964 -0.74603 -0.092406 0.089588 -0.80633 0.063025 0.11435 -0.78609 0.00048158 -0.063213 0.5991
-0.15185 -0.019866 0.29913 0.10384 0.033631 0.33381 -0.029571 -0.025974 0.40721 -0.0042687 -0.0067318 0.068132 -0.05255 0.003047 -0.05314 0.054981 0.003047 -0.05062 -0.20897 -0.0091278 0.03964 0.31695 0.053885 0.19371 -0.2097 -0.0069647 -0.19728 0.35685 -0.14976 0.30551 -0.21031 5.7799e-05 -0.27957 0.37976 -0.21104 0.35993 -0.075007 0.086607 -0.43321 0.061963 0.12688 -0.42017 -0.096752 0.16889 -0.75608 0.058657 0.19926 -0.7461 -0.090364 0.090238 -0.80626 0.06533 0.11392 -0.78623 -0.00078947 -0.063103 0.59873
-0.15309 -0.020893 0.29767 0.10048 0.036084 0.33344 -0.031922 -0.025454 0.40706 -0.0044277 -0.0067062 0.068124 -0.052465 0.0028855 -0.053233 0.054966 0.0028855 -0.050646 -0.21053 -0.011298 0.038209 0.3045 0.068092 0.18282 -0.20984 -0.010059 -0.19871 0.33848 -0.13286 0.30113 -0.21048 -0.0021924 -0.28093 0.35842 -0.19477 0.35632 -0.074351 0.087082 -0.4332 0.062471 0.1267 -0.42019 -0.095586 0.16953 -0.75606 0.059987 0.19884 -0.74618 -0.088247 0.090927 -0.80619 0.067733 0.11358 -0.78648 -0.0021045 -0.062985 0.59834
-0.15436 -0.021909 0.29618 0.097122 0.038382 0.33308 -0.034323 -0.024916 0.4069 -0.0045974 -0.0066775 0.068116 -0.052373 0.0027224 -0.053331 0.05495 0.0027224 -0.050673 -0.21209 -0.013411 0.036765 0.29163 0.081699 0.17215 -0.21001 -0.013126 -0.20015 0.3199 -0.11631 0.29682 -0.21065 -0.0044297 -0.28229 0.3368 -0.17851 0.35274 -0.073656 0.08758 -0.43318 0.063023 0.12652 -0.42021 -0.094349 0.1702 -0.75604 0.0614 0.1984 -0.74627 -0.086075 0.091649 -0.80611 0.070221 0.11337 -0.78688 -0.0034513 -0.062859 0.59793
-0.15562 -0.022899 0.29469 0.093816 0.040514 0.33273 -0.036742 -0.024361 0.40673 -0.0047764 -0.0066455 0.068107 -0.052277 0.0025599 -0.053435 0.054932 0.0025599 -0.0507 -0.21365 -0.015468 0.035326 0.27855 0.094574 0.16184 -0.2102 -0.016135 -0.20158 0.30139 -0.10028 0.29271 -0.21079 -0.0066445 -0.28365 0.31516 -0.1624 0.34934 -0.072927 0.088098 -0.43317 0.063621 0.12632 -0.42024 -0.093046 0.1709 -0.75601 0.062889 0.19793 -0.74636 -0.083865 0.092398 -0.80602 0.072781 0.11331 -0.78746 -0.0048175 -0.062723 0.59752
-0.15686 -0.02385 0.29322 0.09061 0.042466 0.3324 -0.039146 -0.023792 0.40655 -0.0049635 -0.0066099 0.068097 -0.052175 0.0024003 -0.053542 0.054914 0.0024003 -0.050729 -0.21519 -0.01747 0.033911 0.26552 0.10659 0.15207 -0.21039 -0.019057 -0.20298 0.28321 -0.084972 0.2889 -0.2109 -0.0088274 -0.28498 0.29375 -0.14655 0.34625 -0.072167 0.088632 -0.43316 0.064267 0.12611 -0.42026 -0.091684 0.17162 -0.75599 0.064448 0.19744 -0.74645 -0.081636 0.093167 -0.80593 0.075401 0.11346 -0.78827 -0.0061907 -0.062579 0.59709
-0.15806 -0.024745 0.29178 0.087553 0.044228 0.33209 -0.041502 -0.023212 0.40637 -0.0051574 -0.0065707 0.068086 -0.052068 0.0022459 -0.053654 0.054895 0.0022459 -0.050758 -0.21669 -0.019416 0.032537 0.25274 0.1176 0.14299 -0.21058 -0.021862 -0.20433 0.26563 -0.070557 0.2855 -0.21095 -0.010969 -0.28628 0.27284 -0.13109 0.3436 -0.07138 0.089179 -0.43314 0.064959 0.12589 -0.4203 -0.090268 0.17236 -0.75596 0.06607 0.19692 -0.74655 -0.079407 0.09395 -0.80584 0.078066 0.11384 -0.78933 -0.0075587 -0.062425 0.59667
-0.1592 -0.02557 0.29039 0.084692 0.045786 0.3318 -0.043776 -0.022624 0.40619 -0.0053569 -0.0065277 0.068075 -0.051958 0.0020988 -0.053768 0.054874 0.0020988 -0.050788 -0.21813 -0.021307 0.031223 0.24046 0.12748 0.13477 -0.21075 -0.024519 -0.20562 0.24892 -0.057223 0.28263 -0.21092 -0.01306 -0.28751 0.25269 -0.11613 0.34151 -0.070568 0.089735 -0.43313 0.0657 0.12565 -0.42033 -0.088803 0.17312 -0.75594 0.067749 0.19638 -0.74665 -0.077196 0.094741 -0.80574 0.080763 0.1145 -0.79067 -0.0089092 -0.062261 0.59625
-0.16026 -0.026311 0.28908 0.082075 0.047129 0.33154 -0.045937 -0.022029 0.40601 -0.0055606 -0.0064807 0.068063 -0.051843 0.0019613 -0.053885 0.054852 0.0019613 -0.050818 -0.2195 -0.023143 0.029988 0.22891 0.13611 0.12757 -0.21091 -0.026999 -0.20683 0.23335 -0.04515 0.28039 -0.21079 -0.01509 -0.28868 0.23355 -0.10181 0.34012 -0.069736 0.090297 -0.43312 0.066491 0.12539 -0.42038 -0.087296 0.17388 -0.75591 0.069478 0.19582 -0.74675 -0.075021 0.095533 -0.80564 0.083481 0.11546 -0.79235 -0.01023 -0.062087 0.59585
-0.16123 -0.02696 0.28784 0.079725 0.048256 0.3313 -0.047966 -0.02143 0.40583 -0.0057677 -0.0064297 0.068051 -0.051724 0.0018346 -0.054004 0.054829 0.0018346 -0.050848 -0.22079 -0.024924 0.02884 0.21821 0.14342 0.12145 -0.21104 -0.029289 -0.20795 0.21905 -0.03442 0.27884 -0.21057 -0.017057 -0.28976 0.21558 -0.088191 0.33948 -0.068886 0.090863 -0.43311 0.067329 0.12512 -0.42042 -0.085751 0.17465 -0.75589 0.071251 0.19523 -0.74686 -0.072893 0.096321 -0.80554 0.086209 0.11673 -0.79435 -0.011513 -0.061902 0.59545
-0.16211 -0.027519 0.28669 0.077629 0.049182 0.33109 -0.049867 -0.020828 0.40565 -0.0059774 -0.006375 0.068037 -0.051602 0.0017184 -0.054124 0.054806 0.0017184 -0.050879 -0.222 -0.026645 0.027776 0.20834 0.14952 0.11636 -0.21114 -0.031404 -0.20898 0.20597 -0.024954 0.27792 -0.21024 -0.018968 -0.29077 0.19874 -0.075266 0.33954 -0.06802 0.09143 -0.4331 0.068212 0.12483 -0.42048 -0.084173 0.17542 -0.75586 0.073063 0.19463 -0.74697 -0.070811 0.097106 -0.80544 0.088941 0.11829 -0.79664 -0.012759 -0.061708 0.59507
-0.16292 -0.027994 0.28562 0.075767 0.049923 0.3309 -0.051646 -0.020223 0.40547 -0.0061892 -0.0063167 0.068023 -0.051478 0.0016121 -0.054245 0.054781 0.0016121 -0.050909 -0.22315 -0.028303 0.026792 0.19928 0.15451 0.11221 -0.21122 -0.03336 -0.20993 0.19405 -0.016662 0.27757 -0.20982 -0.020828 -0.29169 0.18301 -0.063027 0.34021 -0.067141 0.091996 -0.4331 0.069135 0.12453 -0.42053 -0.082564 0.17619 -0.75584 0.07491 0.194 -0.74708 -0.068771 0.097883 -0.80533 0.091672 0.12009 -0.79919 -0.013967 -0.061505 0.5947
-0.16365 -0.028388 0.28461 0.074122 0.050496 0.33073 -0.053311 -0.019615 0.40529 -0.0064025 -0.006255 0.068009 -0.051353 0.0015152 -0.054367 0.054757 0.0015152 -0.050938 -0.22422 -0.029894 0.025884 0.19099 0.15849 0.10894 -0.21126 -0.035173 -0.21079 0.18321 -0.009453 0.27773 -0.2093 -0.022647 -0.29255 0.16835 -0.051463 0.34142 -0.06625 0.092559 -0.43309 0.070093 0.12422 -0.42059 -0.08093 0.17695 -0.75581 0.076788 0.19336 -0.74719 -0.066771 0.098653 -0.80522 0.094397 0.1221 -0.80194 -0.015139 -0.061293 0.59434
-0.16431 -0.028705 0.28368 0.072677 0.050918 0.33057 -0.054868 -0.019006 0.40511 -0.0066166 -0.0061903 0.067994 -0.051226 0.0014272 -0.054489 0.054733 0.0014272 -0.050967 -0.22523 -0.031414 0.025045 0.18344 0.16155 0.10645 -0.21127 -0.036862 -0.21158 0.17339 -0.0032352 0.27834 -0.2087 -0.024431 -0.29333 0.15473 -0.040561 0.3431 -0.06535 0.093119 -0.43309 0.071083 0.12389 -0.42066 -0.079273 0.17772 -0.75579 0.078692 0.1927 -0.7473 -0.064809 0.099414 -0.8051 0.097111 0.12428 -0.80485 -0.016274 -0.061073 0.59399
-0.1649 -0.02895 0.28281 0.071413 0.051206 0.33043 -0.056322 -0.018395 0.40493 -0.0068311 -0.0061227 0.067979 -0.051099 0.0013476 -0.05461 0.05471 0.0013476 -0.050994 -0.22617 -0.03286 0.024272 0.17658 0.16381 0.10469 -0.21125 -0.038442 -0.21229 0.16451 0.0020821 0.27935 -0.20801 -0.026187 -0.29404 0.1421 -0.030312 0.34518 -0.064443 0.093672 -0.43308 0.0721 0.12354 -0.42072 -0.077598 0.17848 -0.75576 0.080617 0.19202 -0.74742 -0.062882 0.10016 -0.80499 0.099807 0.1266 -0.80788 -0.017372 -0.060845 0.59366
-0.16544 -0.029126 0.282 0.070312 0.051375 0.3303 -0.05768 -0.017784 0.40476 -0.0070452 -0.0060525 0.067963 -0.050972 0.0012759 -0.05473 0.054688 0.0012759 -0.05102 -0.22705 -0.034227 0.02356 0.1704 0.16536 0.10356 -0.2112 -0.03993 -0.21294 0.15651 0.0065897 0.28068 -0.20724 -0.027923 -0.29468 0.13043 -0.020703 0.34758 -0.063531 0.094216 -0.43308 0.073141 0.12319 -0.42079 -0.075908 0.17923 -0.75573 0.08256 0.19132 -0.74753 -0.060987 0.1009 -0.80487 0.10248 0.129 -0.81099 -0.018435 -0.06061 0.59333
-0.16593 -0.029239 0.28124 0.069357 0.051444 0.33017 -0.058949 -0.017173 0.40459 -0.0072585 -0.0059798 0.067948 -0.050846 0.0012116 -0.054848 0.054667 0.0012116 -0.051043 -0.22788 -0.035511 0.022905 0.16486 0.16631 0.10299 -0.21111 -0.041343 -0.21352 0.14932 0.010379 0.2823 -0.2064 -0.029647 -0.29526 0.11968 -0.011724 0.35024 -0.062616 0.094751 -0.43307 0.0742 0.12282 -0.42086 -0.074207 0.17997 -0.7557 0.084514 0.19061 -0.74765 -0.059122 0.10162 -0.80475 0.10513 0.13147 -0.81414 -0.019462 -0.060369 0.59302
-0.16637 -0.029291 0.28054 0.068529 0.051428 0.33005 -0.060135 -0.016562 0.40443 -0.0074702 -0.005905 0.067931 -0.050721 0.0011541 -0.054965 0.054647 0.0011541 -0.051065 -0.22866 -0.03671 0.022301 0.15992 0.16675 0.10291 -0.21099 -0.042697 -0.21404 0.14285 0.01354 0.28412 -0.20549 -0.031364 -0.29577 0.10983 -0.0033632 0.35306 -0.0617 0.095274 -0.43307 0.075274 0.12244 -0.42093 -0.0725 0.1807 -0.75567 0.086477 0.18988 -0.74776 -0.057285 0.10233 -0.80463 0.10775 0.13395 -0.81727 -0.020453 -0.060121 0.59272
-0.16677 -0.029287 0.27989 0.067811 0.051343 0.32992 -0.061244 -0.015952 0.40427 -0.0076799 -0.0058282 0.067915 -0.050598 0.001103 -0.055079 0.05463 0.001103 -0.051084 -0.22938 -0.037818 0.021744 0.15555 0.16679 0.10323 -0.21083 -0.044009 -0.2145 0.13706 0.016165 0.2861 -0.20452 -0.033084 -0.29623 0.10083 0.0043902 0.356 -0.060785 0.095783 -0.43307 0.076358 0.12205 -0.421 -0.070789 0.18141 -0.75564 0.088443 0.18913 -0.74787 -0.055471 0.10302 -0.8045 0.11032 0.13642 -0.82035 -0.02141 -0.059867 0.59244
-0.16713 -0.029231 0.27928 0.067186 0.051208 0.3298 -0.062282 -0.015344 0.40411 -0.0078868 -0.0057497 0.067898 -0.050478 0.0010577 -0.055189 0.054615 0.0010577 -0.0511 -0.23006 -0.038832 0.021229 0.15172 0.16654 0.10389 -0.21064 -0.045295 -0.21491 0.13186 0.018345 0.28817 -0.20348 -0.034813 -0.29663 0.092647 0.011547 0.35896 -0.059873 0.096277 -0.43306 0.077449 0.12165 -0.42107 -0.069079 0.18211 -0.75561 0.090408 0.18837 -0.74798 -0.05368 0.1037 -0.80438 0.11286 0.13883 -0.82334 -0.022332 -0.059609 0.59216
-0.16746 -0.029128 0.27871 0.066634 0.051038 0.32966 -0.063257 -0.014738 0.40395 -0.0080905 -0.0056696 0.067882 -0.050362 0.0010178 -0.055296 0.054603 0.0010178 -0.051113 -0.23069 -0.039749 0.020752 0.14839 0.16608 0.10481 -0.2104 -0.046573 -0.21527 0.12719 0.02017 0.29028 -0.20238 -0.036559 -0.29697 0.085246 0.01812 0.36188 -0.058967 0.096753 -0.43306 0.078541 0.12124 -0.42114 -0.067374 0.18278 -0.75558 0.092367 0.1876 -0.74808 -0.051907 0.10435 -0.80425 0.11535 0.14115 -0.82619 -0.02322 -0.059345 0.59189
-0.16776 -0.028981 0.27817 0.066138 0.05085 0.32953 -0.064174 -0.014135 0.40381 -0.0082904 -0.0055883 0.067865 -0.050249 0.00098273 -0.055399 0.054594 0.00098273 -0.051122 -0.23129 -0.040563 0.020308 0.14554 0.16553 0.1059 -0.21013 -0.04786 -0.21559 0.12298 0.021731 0.29236 -0.20123 -0.038329 -0.29726 0.07859 0.024118 0.36468 -0.058068 0.09721 -0.43306 0.079632 0.12082 -0.4212 -0.065678 0.18344 -0.75554 0.094317 0.18682 -0.74819 -0.050152 0.10498 -0.80412 0.11778 0.14334 -0.82887 -0.024074 -0.059078 0.59164
-0.16805 -0.028794 0.27767 0.065681 0.050661 0.32937 -0.065039 -0.013535 0.40367 -0.0084857 -0.005506 0.067848 -0.050141 0.00095196 -0.055498 0.054589 0.00095196 -0.051127 -0.23185 -0.041273 0.019893 0.14312 0.16499 0.10709 -0.20981 -0.049171 -0.21586 0.11915 0.02312 0.29435 -0.20003 -0.040129 -0.2975 0.072645 0.029554 0.36729 -0.057179 0.097646 -0.43305 0.080716 0.12039 -0.42127 -0.063993 0.18408 -0.7555 0.096251 0.18602 -0.74829 -0.04841 0.10559 -0.80399 0.12016 0.14537 -0.83131 -0.024894 -0.058807 0.5914
-0.16832 -0.028573 0.27719 0.065244 0.050487 0.32921 -0.06586 -0.012939 0.40353 -0.008676 -0.0054228 0.067832 -0.050038 0.000925 -0.055591 0.054587 0.000925 -0.051129 -0.23237 -0.041873 0.019501 0.14112 0.16455 0.10831 -0.20945 -0.050523 -0.2161 0.11565 0.024427 0.2962 -0.19879 -0.041969 -0.2977 0.067373 0.034439 0.36965 -0.056302 0.098058 -0.43305 0.081789 0.11996 -0.42133 -0.062325 0.18469 -0.75546 0.098166 0.18521 -0.74838 -0.04668 0.10617 -0.80385 0.12247 0.14719 -0.83349 -0.025681 -0.058532 0.59116
-0.16858 -0.02832 0.27674 0.06481 0.050345 0.32903 -0.066642 -0.012348 0.4034 -0.0088607 -0.0053391 0.067815 -0.049941 0.00090134 -0.055678 0.05459 0.00090134 -0.051125 -0.23287 -0.04236 0.019128 0.13948 0.16433 0.10948 -0.20905 -0.051933 -0.2163 0.11239 0.025744 0.29784 -0.19751 -0.043854 -0.29785 0.06274 0.038783 0.37166 -0.055439 0.098445 -0.43304 0.082848 0.11951 -0.42139 -0.060677 0.18527 -0.75542 0.10006 0.18438 -0.74847 -0.044959 0.10673 -0.80372 0.12471 0.14877 -0.83537 -0.026435 -0.058255 0.59094
-0.16884 -0.02804 0.2763 0.06436 0.050252 0.32882 -0.067392 -0.011762 0.40328 -0.0090391 -0.005255 0.067799 -0.049851 0.00088047 -0.05576 0.054597 0.00088047 -0.051118 -0.23334 -0.04273 0.018769 0.13818 0.16441 0.11051 -0.20861 -0.053419 -0.21647 0.10931 0.027162 0.29922 -0.19619 -0.045793 -0.29795 0.058709 0.042599 0.37327 -0.054591 0.098806 -0.43303 0.083887 0.11906 -0.42144 -0.059052 0.18583 -0.75537 0.10192 0.18355 -0.74856 -0.043244 0.10726 -0.80359 0.12688 0.15007 -0.83689 -0.027157 -0.057976 0.59073
-0.1691 -0.027737 0.27588 0.063878 0.050224 0.3286 -0.068115 -0.011181 0.40316 -0.0092106 -0.0051707 0.067783 -0.049768 0.00086188 -0.055835 0.054609 0.00086188 -0.051104 -0.23378 -0.042979 0.01842 0.1372 0.16491 0.11135 -0.20812 -0.054995 -0.21662 0.10634 0.028771 0.30028 -0.19484 -0.047792 -0.29802 0.055243 0.045896 0.37439 -0.053762 0.099138 -0.43303 0.084903 0.1186 -0.42149 -0.057455 0.18635 -0.75533 0.10375 0.18271 -0.74864 -0.041533 0.10776 -0.80345 0.12898 0.15106 -0.83801 -0.027846 -0.057695 0.59052
-0.16937 -0.027415 0.27548 0.063344 0.050278 0.32835 -0.06882 -0.010606 0.40305 -0.0093748 -0.0050865 0.067767 -0.049692 0.00084506 -0.055902 0.054626 0.00084506 -0.051086 -0.2342 -0.043103 0.018076 0.13648 0.16593 0.11189 -0.20759 -0.05668 -0.21674 0.10341 0.030663 0.30095 -0.19346 -0.04986 -0.29804 0.052308 0.048687 0.37496 -0.052953 0.099439 -0.43302 0.085892 0.11814 -0.42154 -0.05589 0.18684 -0.75527 0.10555 0.18186 -0.74871 -0.039823 0.10823 -0.80331 0.13098 0.15169 -0.8387 -0.028503 -0.057413 0.59033
-0.16965 -0.027079 0.27508 0.062741 0.050431 0.32806 -0.069511 -0.010038 0.40295 -0.0095309 -0.0050027 0.067751 -0.049625 0.00082949 -0.055962 0.054649 0.00082949 -0.051062 -0.23461 -0.043099 0.017733 0.136 0.16756 0.11208 -0.207 -0.05849 -0.21685 0.10045 0.032928 0.30117 -0.19205 -0.052002 -0.29804 0.049868 0.050983 0.37489 -0.052166 0.099708 -0.43301 0.086849 0.11767 -0.42158 -0.05436 0.1873 -0.75522 0.1073 0.181 -0.74878 -0.038111 0.10867 -0.80317 0.1329 0.15193 -0.8389 -0.029129 -0.057131 0.59015
-0.16995 -0.026732 0.27468 0.062051 0.050699 0.32775 -0.070195 -0.009478 0.40286 -0.0096783 -0.0049194 0.067736 -0.049567 0.00081468 -0.056014 0.054678 0.00081468 -0.051032 -0.23501 -0.042962 0.017385 0.13574 0.16991 0.11184 -0.20637 -0.060441 -0.21694 0.097388 0.035658 0.30089 -0.19063 -0.054228 -0.298 0.047886 0.052794 0.37413 -0.051403 0.099942 -0.433 0.08777 0.1172 -0.42161 -0.05287 0.18772 -0.75516 0.109 0.18013 -0.74883 -0.036395 0.10908 -0.80304 0.13472 0.15174 -0.83859 -0.029723 -0.056848 0.58998
-0.17027 -0.026378 0.27428 0.061257 0.051099 0.3274 -0.070879 -0.0089254 0.40278 -0.0098166 -0.0048369 0.067722 -0.049518 0.00080011 -0.056057 0.054713 0.00080011 -0.050995 -0.23539 -0.042689 0.017028 0.13564 0.17308 0.11108 -0.2057 -0.06255 -0.21702 0.094159 0.038944 0.30005 -0.1892 -0.056543 -0.29792 0.046326 0.054132 0.37259 -0.050667 0.10014 -0.43299 0.088651 0.11672 -0.42164 -0.051422 0.1881 -0.7551 0.11066 0.17925 -0.74889 -0.034672 0.10945 -0.8029 0.13644 0.15109 -0.8377 -0.030287 -0.056566 0.58981
-0.17062 -0.026023 0.27388 0.06034 0.051648 0.32701 -0.071568 -0.0083813 0.40271 -0.009945 -0.0047553 0.067707 -0.04948 0.00078527 -0.056091 0.054755 0.00078527 -0.050952 -0.23577 -0.042276 0.016657 0.13569 0.17717 0.10973 -0.20497 -0.064834 -0.2171 0.090691 0.042876 0.29859 -0.18775 -0.058956 -0.29782 0.045153 0.055008 0.3702 -0.04996 0.1003 -0.43298 0.089487 0.11624 -0.42165 -0.050021 0.18844 -0.75504 0.11226 0.17837 -0.74893 -0.032939 0.10979 -0.80276 0.13806 0.14993 -0.83621 -0.03082 -0.056285 0.58966
-0.17101 -0.025669 0.27346 0.059283 0.052362 0.32659 -0.07227 -0.0078463 0.40265 -0.010063 -0.004675 0.067694 -0.049452 0.00076965 -0.056115 0.054804 0.00076965 -0.050901 -0.23614 -0.04172 0.016268 0.13585 0.18229 0.10771 -0.20418 -0.06731 -0.21717 0.086915 0.047546 0.29644 -0.18629 -0.061473 -0.2977 0.044331 0.055433 0.36689 -0.049283 0.10042 -0.43296 0.090275 0.11575 -0.42166 -0.048671 0.18873 -0.75497 0.1138 0.17748 -0.74896 -0.031195 0.11008 -0.80262 0.13956 0.14824 -0.83406 -0.031322 -0.056005 0.58951
