-0.18687 0.023 0.31967 0.092799 0.032768 0.32951 -0.049083 0.006314 0.40623 -0.0098346 -0.00093211 0.067882 -0.049596 -0.0018274 -0.055964 0.057993 -0.0018274 -0.047207 -0.3782 0.0091201 0.13569 0.14071 0.063336 0.069857 -0.29554 -0.087063 -0.064522 0.10937 -0.096713 -0.10211 -0.26289 -0.11735 -0.13421 0.1801 -0.12694 -0.1325 -0.073245 -0.27205 -0.3359 0.039843 -0.27511 -0.32458 -0.072722 -0.23196 -0.66739 -0.027111 -0.21556 -0.64623 -0.066228 -0.29908 -0.7323 0.064547 -0.21963 -0.66476 0.0074106 -0.01528 0.594
-0.18811 0.022453 0.31987 0.091952 0.03005 0.32967 -0.050364 0.0034339 0.40542 -0.0099982 -0.0013449 0.067715 -0.049589 -0.0017778 -0.055962 0.058087 -0.0017778 -0.047061 -0.38057 0.0075976 0.13714 0.13897 0.062315 0.070573 -0.29675 -0.084628 -0.064414 0.10656 -0.097919 -0.10037 -0.2637 -0.11073 -0.13547 0.16403 -0.13286 -0.14412 -0.073382 -0.27254 -0.33536 0.038539 -0.27571 -0.32365 -0.078799 -0.2328 -0.66688 -0.029003 -0.21889 -0.64566 -0.058995 -0.29694 -0.73186 0.063013 -0.22507 -0.66545 0.0042266 -0.030075 0.59146
-0.18892 0.020305 0.32058 0.091518 0.027571 0.33051 -0.050948 -0.00024485 0.40558 -0.010021 -0.0014166 0.067746 -0.049588 -0.0016633 -0.055969 0.058094 -0.0016633 -0.047065 -0.38422 0.0059726 0.14086 0.13797 0.061979 0.071439 -0.29905 -0.08345 -0.061411 0.10543 -0.0969 -0.10091 -0.26574 -0.10715 -0.13324 0.14293 -0.13867 -0.15683 -0.073181 -0.273 -0.33483 0.03772 -0.2764 -0.32281 -0.079379 -0.23399 -0.66642 -0.030401 -0.22114 -0.64497 -0.055635 -0.29598 -0.73263 0.060479 -0.23206 -0.6667 0.00097347 -0.041477 0.59102
-0.18971 0.016343 0.32134 0.090947 0.024173 0.33164 -0.051498 -0.0057172 0.40602 -0.01004 -0.0015137 0.067851 -0.049607 -0.0014413 -0.055966 0.058101 -0.0014413 -0.047089 -0.38878 0.0042284 0.14562 0.1375 0.061829 0.072636 -0.30224 -0.083251 -0.056931 0.10611 -0.094265 -0.10296 -0.26878 -0.10588 -0.1291 0.12246 -0.14252 -0.16868 -0.072829 -0.27337 -0.33428 0.037122 -0.27703 -0.32196 -0.076513 -0.23535 -0.66599 -0.031386 -0.22249 -0.64418 -0.055077 -0.29575 -0.73418 0.057387 -0.23968 -0.66822 -0.0021686 -0.0509 0.59163
-0.19088 0.010359 0.32165 0.089689 0.018703 0.33268 -0.052676 -0.013978 0.4061 -0.010191 -0.0020026 0.067906 -0.04966 -0.001069 -0.055932 0.058195 -0.001069 -0.047004 -0.39388 0.0023486 0.15023 0.13735 0.061372 0.074344 -0.30611 -0.083754 -0.052389 0.10873 -0.090622 -0.1057 -0.27261 -0.10621 -0.12461 0.10826 -0.14254 -0.17772 -0.072519 -0.27358 -0.33371 0.036483 -0.27747 -0.32103 -0.072255 -0.23673 -0.66555 -0.032035 -0.22313 -0.64329 -0.056249 -0.29581 -0.73604 0.054183 -0.24701 -0.6697 -0.0050197 -0.059755 0.59224
-0.1928 0.002141 0.32103 0.087192 0.010004 0.33325 -0.055145 -0.026023 0.40515 -0.010612 -0.0032498 0.06779 -0.049761 -0.00050375 -0.05585 0.058461 -0.00050375 -0.046681 -0.39916 0.00031654 0.15347 0.1373 0.06011 0.076747 -0.31044 -0.084684 -0.049201 0.11345 -0.086577 -0.10835 -0.277 -0.10743 -0.12135 0.106 -0.13687 -0.18201 -0.072439 -0.27357 -0.3331 0.035538 -0.27758 -0.31993 -0.068658 -0.23796 -0.66506 -0.032429 -0.22326 -0.6423 -0.05808 -0.29571 -0.73778 0.05131 -0.25312 -0.67085 -0.0073995 -0.069457 0.59178
-0.19589 -0.00852 0.31899 0.08291 -0.0030751 0.33298 -0.059565 -0.042842 0.4025 -0.011438 -0.0056208 0.067377 -0.049924 0.00029719 -0.055699 0.058986 0.00029719 -0.045991 -0.40427 -0.0018833 0.15412 0.13716 0.057549 0.080023 -0.31502 -0.085762 -0.048781 0.12038 -0.082739 -0.11011 -0.28172 -0.10882 -0.12089 0.1213 -0.12366 -0.17961 -0.072779 -0.27328 -0.33242 0.034026 -0.27722 -0.31857 -0.067769 -0.23888 -0.66451 -0.032645 -0.22306 -0.64123 -0.059499 -0.295 -0.73896 0.049213 -0.2571 -0.67137 -0.0091283 -0.081416 0.58922
-0.20008 -0.021211 0.31548 0.07693 -0.020211 0.33175 -0.065863 -0.063899 0.39807 -0.012653 -0.009134 0.066643 -0.050137 0.0013801 -0.055483 0.059744 0.0013801 -0.044952 -0.40879 -0.0039543 0.15191 0.13689 0.053954 0.084199 -0.31946 -0.086603 -0.051463 0.12919 -0.079518 -0.11041 -0.28641 -0.10983 -0.12363 0.15444 -0.1031 -0.17029 -0.073435 -0.27267 -0.33168 0.032085 -0.2764 -0.31696 -0.070329 -0.23936 -0.66387 -0.03264 -0.22279 -0.6401 -0.059744 -0.29346 -0.73936 0.048239 -0.25861 -0.67116 -0.010065 -0.096123 0.58423
-0.20416 -0.033963 0.31155 0.070935 -0.037395 0.3301 -0.072132 -0.084838 0.39321 -0.013861 -0.012941 0.065803 -0.050321 0.0028003 -0.055261 0.060435 0.0028003 -0.043958 -0.41226 -0.0048188 0.14887 0.13686 0.051479 0.08891 -0.32296 -0.086553 -0.05489 0.13835 -0.07683 -0.10925 -0.2903 -0.11029 -0.12707 0.19228 -0.08053 -0.15814 -0.073564 -0.27179 -0.33092 0.030861 -0.27542 -0.31532 -0.0738 -0.23939 -0.66321 -0.032058 -0.22283 -0.63898 -0.058821 -0.29139 -0.73938 0.048499 -0.25875 -0.67056 -0.010166 -0.11177 0.57835
-0.20674 -0.044585 0.30839 0.066844 -0.05008 0.32869 -0.076191 -0.10074 0.38948 -0.014607 -0.016064 0.065109 -0.050386 0.0046145 -0.055099 0.060716 0.0046145 -0.043455 -0.41418 -0.003292 0.14738 0.13754 0.052558 0.093732 -0.32464 -0.084922 -0.056302 0.14615 -0.074502 -0.10672 -0.29257 -0.11009 -0.12826 0.21968 -0.062017 -0.14789 -0.072215 -0.2707 -0.3302 0.031649 -0.27464 -0.31388 -0.075154 -0.23895 -0.66259 -0.030495 -0.22358 -0.63795 -0.056851 -0.28919 -0.7395 0.050067 -0.25882 -0.66999 -0.0093988 -0.12621 0.5734
-0.20692 -0.052947 0.30625 0.065835 -0.056883 0.32766 -0.07675 -0.11016 0.38736 -0.014639 -0.018123 0.064649 -0.050307 0.0068934 -0.054968 0.060429 0.0068934 -0.043594 -0.41413 0.0001003 0.14835 0.13885 0.057813 0.098487 -0.32386 -0.082033 -0.0548 0.15292 -0.07046 -0.10331 -0.29244 -0.10941 -0.12627 0.23031 -0.048698 -0.14193 -0.068529 -0.26934 -0.32948 0.035584 -0.274 -0.31287 -0.072804 -0.2379 -0.66196 -0.027195 -0.225 -0.63714 -0.053526 -0.28679 -0.73977 0.053517 -0.25929 -0.66977 -0.0073209 -0.13904 0.56987
-0.20479 -0.063027 0.3035 0.067603 -0.062742 0.32618 -0.074303 -0.11855 0.38512 -0.014108 -0.019932 0.064182 -0.050182 0.0097356 -0.054647 0.059781 0.0097356 -0.043935 -0.4118 0.0014187 0.14967 0.13971 0.06425 0.10349 -0.32047 -0.080224 -0.053189 0.16307 -0.05883 -0.10034 -0.28916 -0.10896 -0.12421 0.23545 -0.031828 -0.13798 -0.061838 -0.26739 -0.3286 0.043473 -0.27252 -0.31241 -0.068035 -0.23579 -0.66102 -0.020703 -0.2261 -0.63678 -0.047683 -0.28322 -0.7394 0.060406 -0.25894 -0.66997 -0.002667 -0.15339 0.56567
-0.20052 -0.079245 0.29833 0.071671 -0.073293 0.32329 -0.069547 -0.13214 0.3808 -0.01321 -0.022439 0.063431 -0.050123 0.01324 -0.053895 0.05902 0.01324 -0.043975 -0.40692 -0.0036405 0.14894 0.13891 0.068473 0.10909 -0.31435 -0.082045 -0.054684 0.18139 -0.033358 -0.099182 -0.28204 -0.10951 -0.12561 0.24833 -0.0015922 -0.13325 -0.05151 -0.2645 -0.32735 0.05607 -0.26915 -0.3126 -0.062458 -0.23214 -0.65945 -0.0094998 -0.22581 -0.63712 -0.038078 -0.27739 -0.73751 0.072387 -0.25633 -0.67065 0.0059111 -0.17274 0.55843
-0.19409 -0.10265 0.29035 0.077843 -0.090398 0.31829 -0.062628 -0.15292 0.37372 -0.012008 -0.026016 0.062253 -0.050201 0.017281 -0.052608 0.058236 0.017281 -0.043554 -0.39955 -0.016621 0.14547 0.13639 0.06884 0.11474 -0.30579 -0.088075 -0.060265 0.20769 0.0075034 -0.098894 -0.27138 -0.11131 -0.13157 0.27325 0.045163 -0.12554 -0.037708 -0.26048 -0.32571 0.073016 -0.26329 -0.3136 -0.056351 -0.22683 -0.65723 0.0064151 -0.22341 -0.63835 -0.024859 -0.269 -0.73423 0.089435 -0.25062 -0.67198 0.0188 -0.19749 0.5476
-0.18514 -0.12888 0.28148 0.086375 -0.10986 0.3109 -0.052813 -0.17615 0.36525 -0.010359 -0.030114 0.060729 -0.050417 0.021377 -0.050907 0.057261 0.021377 -0.043068 -0.39031 -0.034634 0.1413 0.13389 0.066524 0.11845 -0.29564 -0.095723 -0.067326 0.23373 0.05774 -0.094762 -0.25917 -0.1138 -0.13922 0.30025 0.10089 -0.11365 -0.021878 -0.25538 -0.32389 0.092168 -0.25509 -0.31559 -0.047859 -0.22028 -0.65484 0.024612 -0.21873 -0.64056 -0.010411 -0.25898 -0.73133 0.10883 -0.24184 -0.67428 0.034843 -0.22305 0.53553
-0.17331 -0.15314 0.27383 0.097541 -0.12702 0.30092 -0.039331 -0.19655 0.35695 -0.008105 -0.034109 0.058958 -0.050762 0.02502 -0.048932 0.055912 0.02502 -0.042952 -0.37984 -0.0544 0.13869 0.13328 0.062929 0.11813 -0.2848 -0.10214 -0.072981 0.25068 0.11065 -0.081881 -0.24752 -0.11629 -0.14542 0.3182 0.15711 -0.096513 -0.0055798 -0.24928 -0.32214 0.11123 -0.24478 -0.31876 -0.035009 -0.21298 -0.65279 0.042458 -0.21167 -0.64382 0.0027089 -0.24837 -0.73066 0.12763 -0.23014 -0.67788 0.052726 -0.24448 0.52479
-0.15958 -0.17304 0.26819 0.11071 -0.13988 0.28951 -0.023179 -0.21178 0.34955 -0.0053958 -0.037577 0.057096 -0.051144 0.02796 -0.04691 0.054305 0.02796 -0.043217 -0.36891 -0.073004 0.13831 0.13515 0.0586 0.11383 -0.27417 -0.10563 -0.076129 0.25541 0.15921 -0.061021 -0.23738 -0.1175 -0.14898 0.32266 0.20668 -0.075829 0.0096697 -0.24249 -0.32082 0.12817 -0.23306 -0.32296 -0.018717 -0.20537 -0.65148 0.057986 -0.20261 -0.64797 0.013012 -0.23794 -0.73269 0.14377 -0.21637 -0.68261 0.070559 -0.25954 0.5166
-0.14661 -0.18926 0.26361 0.12406 -0.14996 0.27966 -0.0076496 -0.22337 0.34276 -0.0027801 -0.040362 0.055368 -0.051358 0.030283 -0.045181 0.052939 0.030283 -0.043326 -0.35837 -0.088005 0.13875 0.13841 0.052965 0.10836 -0.26459 -0.10593 -0.077987 0.25212 0.196 -0.040324 -0.22818 -0.11527 -0.15134 0.31778 0.24418 -0.056837 0.022407 -0.23561 -0.32041 0.14129 -0.22124 -0.3276 -0.0036583 -0.19786 -0.65116 0.070094 -0.19255 -0.65256 0.020401 -0.22819 -0.73604 0.15628 -0.20221 -0.68765 0.085694 -0.26958 0.51038
-0.13714 -0.20265 0.2591 0.13573 -0.15894 0.27435 0.0039045 -0.23306 0.33623 -0.00081766 -0.042332 0.053999 -0.051202 0.032096 -0.044079 0.052321 0.032096 -0.04273 -0.34907 -0.097072 0.1385 0.14187 0.045443 0.10463 -0.2569 -0.10295 -0.079906 0.24546 0.21393 -0.028169 -0.21933 -0.10755 -0.15406 0.30827 0.26457 -0.044855 0.031221 -0.22922 -0.32143 0.14897 -0.21064 -0.33211 0.0053971 -0.19081 -0.65209 0.077778 -0.1825 -0.65712 0.024874 -0.21953 -0.73927 0.16433 -0.18938 -0.69218 0.095524 -0.27616 0.50546
-0.13184 -0.21304 0.25454 0.14427 -0.16672 0.27355 0.010448 -0.24123 0.33031 0.00032121 -0.043531 0.053063 -0.05074 0.033442 -0.04361 0.052466 0.033442 -0.041484 -0.3413 -0.099935 0.13675 0.14472 0.037116 0.10308 -0.2514 -0.096869 -0.082737 0.23803 0.2147 -0.026599 -0.21238 -0.096105 -0.15784 0.29743 0.26956 -0.041189 0.035915 -0.22305 -0.32427 0.1511 -0.20155 -0.33659 0.0075427 -0.18378 -0.6546 0.08108 -0.17262 -0.66179 0.026543 -0.21147 -0.74233 0.1679 -0.17808 -0.69653 0.099678 -0.28029 0.5017
-0.12922 -0.21915 0.25079 0.14871 -0.17136 0.27405 0.01339 -0.24685 0.32604 0.00087607 -0.044191 0.052475 -0.050315 0.034294 -0.043442 0.052868 0.034294 -0.040283 -0.33484 -0.09849 0.13348 0.14653 0.030823 0.10156 -0.24781 -0.088257 -0.086799 0.23029 0.20932 -0.030976 -0.2111 -0.086737 -0.16246 0.28711 0.26795 -0.042917 0.037569 -0.21592 -0.32921 0.14915 -0.19318 -0.34187 0.0059452 -0.17544 -0.65912 0.081142 -0.16224 -0.66731 0.025631 -0.20258 -0.74664 0.16789 -0.16695 -0.70224 0.10015 -0.28247 0.49952
-0.12776 -0.21976 0.24871 0.1482 -0.17101 0.27269 0.014204 -0.24889 0.32446 0.0010964 -0.044544 0.052146 -0.050262 0.03463 -0.043243 0.053022 0.03463 -0.039818 -0.32941 -0.094674 0.12873 0.14695 0.029281 0.097937 -0.24584 -0.077664 -0.09235 0.22263 0.20867 -0.036529 -0.21911 -0.085063 -0.16759 0.27901 0.26844 -0.047022 0.037294 -0.20665 -0.33652 0.14462 -0.1847 -0.34877 0.0038281 -0.16449 -0.66607 0.079123 -0.15064 -0.6744 0.022383 -0.19143 -0.75363 0.1652 -0.1546 -0.71082 0.098976 -0.28318 0.49933
-0.12721 -0.21555 0.24855 0.14382 -0.16657 0.26957 0.013469 -0.24758 0.32548 0.0010615 -0.044669 0.052045 -0.050516 0.034525 -0.04304 0.05285 0.034525 -0.040133 -0.32474 -0.089328 0.12294 0.14602 0.031651 0.092485 -0.24531 -0.065368 -0.09903 0.21573 0.21373 -0.041717 -0.23559 -0.090164 -0.17182 0.2739 0.27167 -0.052387 0.035668 -0.19497 -0.346 0.13819 -0.17551 -0.3573 0.0019951 -0.15065 -0.67523 0.075547 -0.13761 -0.68306 0.017292 -0.17765 -0.76333 0.16055 -0.14068 -0.72193 0.097129 -0.28307 0.5007
-0.12833 -0.20882 0.25006 0.13827 -0.16136 0.26763 0.010996 -0.24419 0.32806 0.00070485 -0.044515 0.052188 -0.050674 0.034137 -0.043158 0.052643 0.034137 -0.040725 -0.32059 -0.082358 0.11692 0.14418 0.034051 0.087534 -0.24613 -0.05141 -0.10594 0.21054 0.21696 -0.047765 -0.25589 -0.09553 -0.1728 0.27166 0.2714 -0.059518 0.032806 -0.18133 -0.35705 0.12987 -0.16521 -0.36672 -0.00081897 -0.13446 -0.68593 0.07039 -0.12335 -0.69261 0.011063 -0.16175 -0.77461 0.15442 -0.1257 -0.7337 0.094655 -0.28302 0.5025
-0.13187 -0.20181 0.25291 0.13413 -0.15853 0.2696 0.0066205 -0.23998 0.33119 -3.3267e-05 -0.044033 0.052591 -0.050355 0.033617 -0.043904 0.052682 0.033617 -0.041103 -0.31669 -0.073684 0.11142 0.14188 0.032836 0.085315 -0.24816 -0.035871 -0.11225 0.20788 0.21121 -0.05585 -0.27528 -0.094729 -0.16859 0.2721 0.26177 -0.068869 0.028779 -0.16625 -0.36908 0.11967 -0.15344 -0.37634 -0.0058139 -0.11654 -0.69746 0.063656 -0.10812 -0.70236 0.0043851 -0.1443 -0.78634 0.14735 -0.11019 -0.74429 0.091578 -0.28379 0.50364
-0.13725 -0.19523 0.25631 0.13148 -0.15816 0.27487 0.00075555 -0.23567 0.33431 -0.0010665 -0.043261 0.053207 -0.049638 0.032994 -0.045159 0.053002 0.032994 -0.041195 -0.31269 -0.063806 0.10629 0.13981 0.028653 0.085986 -0.25061 -0.019465 -0.11801 0.20686 0.19775 -0.065415 -0.28967 -0.084662 -0.16303 0.27384 0.24447 -0.079551 0.023216 -0.15032 -0.38135 0.10831 -0.14064 -0.38556 -0.012496 -0.097846 -0.70921 0.055888 -0.092456 -0.71176 -0.0023085 -0.12626 -0.79789 0.13981 -0.094499 -0.75323 0.088023 -0.28492 0.50405
-0.14299 -0.18876 0.25912 0.12869 -0.15823 0.28045 -0.0057816 -0.23155 0.33721 -0.0022075 -0.042297 0.053953 -0.04892 0.032213 -0.046511 0.053465 0.032213 -0.041216 -0.30819 -0.05363 0.10078 0.13879 0.025122 0.088265 -0.25221 -0.0033431 -0.12393 0.20543 0.18363 -0.0747 -0.29541 -0.064538 -0.16397 0.2747 0.22639 -0.089747 0.015449 -0.13423 -0.39306 0.096966 -0.12777 -0.39394 -0.019198 -0.079566 -0.72065 0.048004 -0.07709 -0.72031 -0.0087666 -0.10888 -0.80895 0.1323 -0.078839 -0.76097 0.084178 -0.28513 0.50434
-0.14785 -0.18206 0.26044 0.12431 -0.15687 0.28373 -0.01226 -0.22782 0.33973 -0.0032888 -0.041225 0.054748 -0.04856 0.031221 -0.047585 0.053933 0.031221 -0.041377 -0.30291 -0.043982 0.094317 0.13955 0.025458 0.091003 -0.25199 0.011432 -0.13051 0.20185 0.17526 -0.08198 -0.28968 -0.034251 -0.17811 0.27288 0.21385 -0.097698 0.0049824 -0.11854 -0.40346 0.086718 -0.11568 -0.40107 -0.024341 -0.062755 -0.73128 0.040929 -0.062691 -0.72758 -0.014734 -0.093215 -0.81924 0.12535 -0.063418 -0.76796 0.080107 -0.28326 0.50512
-0.15276 -0.17487 0.26177 0.11869 -0.15439 0.28606 -0.018858 -0.22384 0.34216 -0.0043555 -0.040008 0.055582 -0.048499 0.030025 -0.048416 0.054296 0.030025 -0.041791 -0.2978 -0.034861 0.088334 0.14183 0.028374 0.094573 -0.25176 0.024727 -0.13653 0.19767 0.17151 -0.086106 -0.27801 0.00012275 -0.20032 0.2701 0.20637 -0.1024 -0.0069061 -0.10298 -0.41246 0.077752 -0.10437 -0.40709 -0.0274 -0.047065 -0.74089 0.035592 -0.049146 -0.73376 -0.019893 -0.078804 -0.8286 0.11994 -0.048359 -0.77429 0.07465 -0.2796 0.50687
-0.15989 -0.16698 0.26594 0.11322 -0.15228 0.29097 -0.026258 -0.21852 0.34504 -0.0055716 -0.038537 0.056483 -0.048446 0.028662 -0.049266 0.054459 0.028662 -0.042521 -0.29452 -0.025805 0.085365 0.1448 0.030069 0.1002 -0.25491 0.036927 -0.13976 0.1963 0.16708 -0.086248 -0.27054 0.029057 -0.21889 0.27009 0.19973 -0.10327 -0.01795 -0.086735 -0.42035 0.069746 -0.093303 -0.41246 -0.028445 -0.031371 -0.74943 0.032922 -0.03591 -0.73935 -0.02389 -0.064308 -0.83693 0.11728 -0.033739 -0.77984 0.065965 -0.27526 0.50999
-0.1708 -0.15822 0.27518 0.10916 -0.1517 0.30128 -0.034875 -0.2109 0.34886 -0.0070436 -0.036731 0.057472 -0.048155 0.027174 -0.050353 0.05435 0.027174 -0.0436 -0.29425 -0.016456 0.087372 0.14778 0.027401 0.10869 -0.26408 0.04835 -0.13847 0.20055 0.15748 -0.082063 -0.27572 0.044509 -0.22384 0.27573 0.19019 -0.10039 -0.026196 -0.069188 -0.42736 0.062423 -0.082049 -0.4176 -0.02763 -0.014786 -0.75687 0.033631 -0.022545 -0.74479 -0.026446 -0.04865 -0.84411 0.11832 -0.01967 -0.78454 0.052738 -0.27118 0.51479
-0.18265 -0.14869 0.2871 0.10666 -0.15113 0.31393 -0.043068 -0.20124 0.35361 -0.0084417 -0.034718 0.058519 -0.047738 0.025628 -0.051542 0.054067 0.025628 -0.044863 -0.29458 -0.0072401 0.091985 0.15121 0.022297 0.1175 -0.27629 0.05876 -0.13477 0.20874 0.14486 -0.076754 -0.28911 0.049671 -0.21863 0.28371 0.17816 -0.098672 -0.032071 -0.050994 -0.43332 0.055911 -0.070892 -0.4224 -0.025725 0.001727 -0.76306 0.036799 -0.0094562 -0.74992 -0.027847 -0.032733 -0.85004 0.12201 -0.0065333 -0.78854 0.037629 -0.26691 0.52093
-0.19057 -0.13859 0.29726 0.10539 -0.14786 0.32329 -0.048278 -0.19036 0.35906 -0.0092412 -0.032723 0.059572 -0.047466 0.024105 -0.052542 0.053781 0.024105 -0.046057 -0.29153 0.001058 0.094892 0.15602 0.018956 0.12265 -0.28604 0.067676 -0.13247 0.21715 0.13432 -0.075116 -0.30052 0.052779 -0.21276 0.2879 0.16592 -0.10522 -0.037072 -0.033385 -0.43792 0.050516 -0.060441 -0.42654 -0.02377 0.016377 -0.76784 0.040777 0.0025743 -0.75428 -0.02863 -0.018346 -0.85462 0.12637 0.0051673 -0.79207 0.025079 -0.26143 0.52779
-0.19072 -0.1281 0.30204 0.10503 -0.13975 0.32485 -0.04851 -0.17895 0.36496 -0.0090421 -0.030918 0.060585 -0.047559 0.022661 -0.053118 0.053642 0.022661 -0.04697 -0.28198 0.007827 0.092612 0.16286 0.020731 0.12097 -0.28872 0.074656 -0.1347 0.22258 0.12982 -0.080978 -0.30138 0.060722 -0.21415 0.28353 0.1552 -0.12521 -0.042372 -0.01738 -0.44091 0.046507 -0.051087 -0.4298 -0.022606 0.027783 -0.77108 0.044126 0.012936 -0.75757 -0.029225 -0.0069192 -0.85777 0.12973 0.015063 -0.79537 0.018681 -0.25386 0.53479
-0.18497 -0.11713 0.30261 0.10535 -0.12801 0.32081 -0.045042 -0.16687 0.37107 -0.0081699 -0.029181 0.061562 -0.047952 0.021218 -0.05336 0.053648 0.021218 -0.047634 -0.26803 0.013448 0.08648 0.17059 0.026039 0.11421 -0.2847 0.079506 -0.14055 0.2247 0.12885 -0.092594 -0.29269 0.072526 -0.22151 0.27371 0.14475 -0.15279 -0.047259 -0.0027499 -0.44253 0.043938 -0.041991 -0.43231 -0.02191 0.036952 -0.77302 0.046641 0.022015 -0.76008 -0.02944 0.0022144 -0.85961 0.13202 0.023561 -0.79841 0.017116 -0.24432 0.54167
-0.17726 -0.10551 0.30182 0.10614 -0.11505 0.31578 -0.040317 -0.15374 0.37715 -0.0072084 -0.027283 0.062525 -0.048474 0.019649 -0.053473 0.05375 0.019649 -0.048167 -0.25363 0.018655 0.079553 0.17745 0.031539 0.10583 -0.27617 0.08212 -0.14768 0.2242 0.12652 -0.10622 -0.27888 0.084414 -0.23026 0.26433 0.13224 -0.17816 -0.050347 0.011178 -0.44318 0.042784 -0.031867 -0.4344 -0.020947 0.045742 -0.77398 0.048556 0.030549 -0.76237 -0.028859 0.01047 -0.86032 0.13374 0.031342 -0.80115 0.01731 -0.23325 0.54824
-0.17086 -0.093264 0.30197 0.10721 -0.10296 0.31346 -0.036373 -0.13948 0.38291 -0.0066248 -0.025085 0.063476 -0.048995 0.017881 -0.053605 0.053895 0.017881 -0.048668 -0.24204 0.023987 0.074327 0.18205 0.034538 0.09877 -0.26525 0.082456 -0.15413 0.22195 0.11929 -0.1186 -0.26389 0.093218 -0.23665 0.26001 0.11624 -0.19367 -0.050659 0.024815 -0.44323 0.042953 -0.019915 -0.4363 -0.019108 0.055501 -0.77426 0.050128 0.03904 -0.76483 -0.027272 0.018908 -0.86006 0.13536 0.03887 -0.8035 0.01675 -0.22117 0.55437
-0.16603 -0.081334 0.30295 0.10846 -0.092434 0.31356 -0.03341 -0.12547 0.38799 -0.0063574 -0.022835 0.064347 -0.049568 0.016082 -0.053651 0.054028 0.016082 -0.049146 -0.23337 0.029089 0.070764 0.18468 0.03528 0.093397 -0.25398 0.080763 -0.15956 0.21959 0.10957 -0.12861 -0.2496 0.098537 -0.24061 0.25949 0.099525 -0.20133 -0.049056 0.037381 -0.44276 0.044057 -0.0074987 -0.43793 -0.016375 0.065262 -0.77392 0.051719 0.0469 -0.76725 -0.025386 0.026991 -0.85893 0.13716 0.045622 -0.80544 0.015458 -0.20876 0.55997
-0.1622 -0.070911 0.30391 0.1098 -0.083777 0.31466 -0.031108 -0.1135 0.39197 -0.0061953 -0.020893 0.065044 -0.0503 0.01449 -0.053432 0.054096 0.01449 -0.049586 -0.22686 0.033355 0.068111 0.18614 0.034837 0.089375 -0.24432 0.077373 -0.16411 0.21895 0.10142 -0.13572 -0.23727 0.10075 -0.24311 0.25986 0.086045 -0.20591 -0.046921 0.047761 -0.4418 0.045622 0.0034054 -0.43914 -0.012897 0.073408 -0.77297 0.053722 0.053236 -0.76921 -0.024167 0.033729 -0.85698 0.13934 0.050797 -0.80696 0.014171 -0.19676 0.56498
-0.15889 -0.062833 0.30425 0.11118 -0.077078 0.31567 -0.029183 -0.10479 0.39463 -0.0059766 -0.019507 0.065511 -0.051234 0.013272 -0.052856 0.054063 0.013272 -0.049975 -0.22185 0.036325 0.065779 0.18705 0.034131 0.086391 -0.23768 0.072692 -0.16789 0.22078 0.097399 -0.13986 -0.22791 0.10034 -0.24499 0.25886 0.078656 -0.21098 -0.045335 0.055237 -0.44043 0.047256 0.011429 -0.43984 -0.008927 0.078828 -0.77147 0.05629 0.057513 -0.77044 -0.024269 0.038452 -0.85437 0.14193 0.053939 -0.80804 0.013479 -0.18585 0.56932
-0.156 -0.056674 0.30422 0.11265 -0.071678 0.31661 -0.027476 -0.09851 0.39633 -0.0057118 -0.018525 0.065814 -0.052194 0.012345 -0.052135 0.053963 0.012345 -0.050315 -0.21817 0.038061 0.063753 0.18751 0.033542 0.084218 -0.23351 0.067391 -0.17093 0.22195 0.094691 -0.14252 -0.22154 0.098162 -0.24656 0.25646 0.076352 -0.21599 -0.044313 0.060494 -0.43893 0.048843 0.017364 -0.44014 -0.0051006 0.082216 -0.76979 0.058739 0.060468 -0.77111 -0.025233 0.041624 -0.85156 0.14434 0.055817 -0.8087 0.013448 -0.17641 0.57286
-0.15352 -0.051729 0.30421 0.11426 -0.066756 0.31774 -0.025854 -0.093358 0.3976 -0.0054499 -0.017707 0.066046 -0.052954 0.011574 -0.051547 0.053846 0.011574 -0.050613 -0.21574 0.038743 0.062148 0.1875 0.033331 0.082651 -0.2308 0.0622 -0.17321 0.21847 0.089277 -0.1455 -0.21793 0.09513 -0.24801 0.25311 0.077277 -0.21945 -0.043633 0.064526 -0.43761 0.05033 0.022477 -0.44023 -0.0021361 0.084665 -0.76832 0.060197 0.063121 -0.7715 -0.026355 0.043962 -0.84907 0.14579 0.057473 -0.80895 0.014026 -0.16878 0.57547
-0.15146 -0.047417 0.3045 0.11603 -0.061733 0.31923 -0.024242 -0.08836 0.39882 -0.0052275 -0.016879 0.066275 -0.053375 0.010856 -0.051272 0.053746 0.010856 -0.050873 -0.21438 0.038583 0.061015 0.18699 0.0336 0.081502 -0.22873 0.057652 -0.17479 0.20926 0.079106 -0.14971 -0.21634 0.091894 -0.24937 0.25016 0.079971 -0.21989 -0.043111 0.068098 -0.43668 0.051704 0.027689 -0.44026 -0.00045873 0.086982 -0.76732 0.060185 0.06615 -0.77182 -0.027165 0.046012 -0.84724 0.14589 0.059596 -0.80887 0.015115 -0.16297 0.57715
-0.14983 -0.043502 0.30506 0.11786 -0.056724 0.32101 -0.022737 -0.083425 0.39998 -0.0050476 -0.016052 0.066497 -0.05356 0.010176 -0.051216 0.05366 0.010176 -0.051106 -0.21365 0.037893 0.060222 0.18598 0.034003 0.080642 -0.22704 0.053723 -0.17588 0.20133 0.067626 -0.15352 -0.21442 0.088302 -0.25029 0.25142 0.084104 -0.21577 -0.042664 0.07132 -0.43602 0.053055 0.032939 -0.44021 0.00032952 0.089176 -0.76667 0.059322 0.06928 -0.77207 -0.027846 0.047848 -0.84585 0.14514 0.061884 -0.80868 0.01649 -0.15811 0.57831
-0.14863 -0.03981 0.30577 0.11961 -0.051964 0.32292 -0.021462 -0.078615 0.40104 -0.0049072 -0.015268 0.066697 -0.053656 0.0095355 -0.051235 0.053576 0.0095355 -0.05132 -0.21307 0.037002 0.059607 0.18445 0.034117 0.079952 -0.2256 0.050293 -0.17669 0.20309 0.059233 -0.15482 -0.20959 0.084067 -0.25032 0.26113 0.089535 -0.20556 -0.042226 0.074188 -0.43547 0.054493 0.037997 -0.44008 0.00076871 0.091116 -0.76615 0.05842 0.072069 -0.77222 -0.028694 0.049462 -0.84461 0.14425 0.063867 -0.80865 0.017902 -0.15314 0.5794
-0.14781 -0.036255 0.30651 0.12117 -0.047602 0.32482 -0.020472 -0.074038 0.40196 -0.0047982 -0.014557 0.066865 -0.053763 0.0089379 -0.05123 0.053489 0.0089379 -0.051519 -0.21227 0.036144 0.059015 0.18245 0.033714 0.079306 -0.22424 0.047258 -0.17742 0.21775 0.056077 -0.15281 -0.20088 0.078817 -0.2495 0.28006 0.095712 -0.18919 -0.041734 0.07672 -0.43491 0.056054 0.042708 -0.43986 0.0012173 0.092745 -0.76565 0.058009 0.074262 -0.77226 -0.029869 0.050868 -0.84332 0.14367 0.065276 -0.80888 0.01914 -0.14739 0.58078
-0.14707 -0.032951 0.30705 0.12247 -0.043597 0.32645 -0.019667 -0.06991 0.40273 -0.0047015 -0.013913 0.067007 -0.053878 0.0083874 -0.051203 0.053403 0.0083874 -0.0517 -0.21118 0.035338 0.058306 0.18019 0.032999 0.078569 -0.22281 0.044543 -0.17823 0.23687 0.055299 -0.14951 -0.191 0.071994 -0.24893 0.30128 0.10116 -0.16984 -0.041125 0.078973 -0.43435 0.057608 0.04709 -0.43956 0.0016287 0.094167 -0.76515 0.057999 0.076021 -0.7722 -0.031232 0.052134 -0.84203 0.14342 0.066299 -0.8092 0.020078 -0.14098 0.58244
-0.14614 -0.030036 0.3072 0.12344 -0.039884 0.32758 -0.01893 -0.066453 0.40336 -0.0045966 -0.013327 0.067133 -0.053987 0.0078891 -0.051169 0.053326 0.0078891 -0.051857 -0.20978 0.034577 0.057345 0.1779 0.032232 0.077608 -0.22118 0.042081 -0.17926 0.25052 0.053384 -0.14733 -0.1831 0.063018 -0.24984 0.31686 0.10428 -0.15115 -0.040338 0.081011 -0.4338 0.059004 0.051179 -0.4392 0.0019018 0.095509 -0.76471 0.058218 0.077559 -0.77206 -0.032599 0.053332 -0.84082 0.14343 0.067182 -0.80936 0.020602 -0.13414 0.58437
-0.14506 -0.027453 0.30708 0.1242 -0.036349 0.32833 -0.018208 -0.0635 0.40389 -0.0044847 -0.012783 0.067246 -0.054072 0.0074359 -0.051148 0.053255 0.0074359 -0.051997 -0.2083 0.033888 0.056294 0.17588 0.031574 0.076587 -0.2195 0.039814 -0.18037 0.25393 0.048748 -0.14728 -0.17858 0.051823 -0.25193 0.32211 0.10391 -0.13748 -0.03935 0.082883 -0.43329 0.060171 0.055006 -0.43882 0.001992 0.096857 -0.76433 0.058501 0.079045 -0.77185 -0.033882 0.054532 -0.83973 0.14358 0.068097 -0.8093 0.020771 -0.12694 0.58648
-0.1445 -0.024795 0.30746 0.12509 -0.032796 0.32945 -0.017576 -0.060177 0.40442 -0.004406 -0.012256 0.067349 -0.054113 0.0069989 -0.051166 0.053166 0.0069989 -0.052149 -0.20744 0.033368 0.055844 0.17461 0.031002 0.076205 -0.21841 0.037709 -0.18086 0.25161 0.043264 -0.14792 -0.17563 0.039255 -0.25218 0.3181 0.099687 -0.13448 -0.0382 0.084612 -0.43283 0.061185 0.058587 -0.43844 0.001955 0.09823 -0.76403 0.0587 0.080566 -0.7716 -0.035155 0.055794 -0.83876 0.14364 0.069075 -0.80921 0.020954 -0.11912 0.58862
-0.14517 -0.021624 0.30914 0.12653 -0.029022 0.33176 -0.017118 -0.055555 0.40505 -0.0044038 -0.011719 0.067445 -0.054087 0.0065478 -0.051251 0.053033 0.0065478 -0.052341 -0.20796 0.033114 0.056733 0.17457 0.030476 0.077204 -0.21863 0.035733 -0.18001 0.24895 0.039138 -0.14755 -0.17215 0.026267 -0.2473 0.30655 0.091328 -0.14778 -0.036934 0.086215 -0.43244 0.062132 0.061933 -0.43808 0.0018569 0.099638 -0.7638 0.058671 0.082193 -0.77134 -0.036508 0.057178 -0.83787 0.14337 0.070132 -0.8093 0.021551 -0.11041 0.59061
-0.1472 -0.017851 0.31229 0.12856 -0.025043 0.33543 -0.016862 -0.049508 0.40579 -0.0044851 -0.011173 0.067531 -0.053997 0.0060806 -0.051402 0.052855 0.0060806 -0.052576 -0.20999 0.033193 0.059119 0.17575 0.029995 0.079723 -0.2203 0.033916 -0.17765 0.24872 0.037253 -0.14549 -0.16796 0.014395 -0.23748 0.29113 0.079988 -0.17528 -0.035628 0.087686 -0.43212 0.063041 0.06501 -0.43776 0.0017556 0.10105 -0.76365 0.058388 0.083907 -0.77109 -0.03794 0.058678 -0.83705 0.14276 0.071287 -0.80959 0.022904 -0.10058 0.59234
-0.14991 -0.013883 0.31617 0.13077 -0.021187 0.33971 -0.016759 -0.04307 0.40652 -0.0046045 -0.010657 0.067607 -0.053879 0.0056366 -0.051577 0.052666 0.0056366 -0.052815 -0.2128 0.033616 0.062334 0.17744 0.02962 0.083034 -0.22275 0.032369 -0.17445 0.2498 0.036577 -0.14249 -0.16564 0.006014 -0.2278 0.27827 0.068865 -0.20372 -0.034401 0.088978 -0.43186 0.063852 0.067714 -0.43748 0.0016973 0.1024 -0.76353 0.057996 0.085545 -0.77085 -0.039315 0.0602 -0.83632 0.14211 0.072563 -0.8098 0.025266 -0.089393 0.59374
-0.15254 -0.010161 0.31999 0.13272 -0.017797 0.34383 -0.016749 -0.03734 0.40709 -0.0047134 -0.010211 0.067669 -0.053772 0.0052573 -0.051731 0.052504 0.0052573 -0.053017 -0.21563 0.03439 0.065656 0.17891 0.029412 0.086356 -0.22527 0.031207 -0.17113 0.25083 0.035956 -0.1394 -0.16787 0.0034747 -0.22359 0.27441 0.061213 -0.2193 -0.033371 0.090044 -0.43165 0.064499 0.06994 -0.43723 0.0017251 0.10359 -0.76343 0.05765 0.086939 -0.77062 -0.040492 0.061647 -0.83567 0.14174 0.073982 -0.80964 0.028861 -0.07669 0.59479
-0.15476 -0.0068526 0.32343 0.13426 -0.014947 0.34744 -0.016777 -0.032715 0.40746 -0.0047889 -0.0098327 0.06772 -0.053679 0.0049489 -0.051858 0.052382 0.0049489 -0.053168 -0.21809 0.035469 0.068765 0.17991 0.029372 0.089354 -0.22749 0.030419 -0.168 0.25125 0.034895 -0.13661 -0.17456 0.0062652 -0.22565 0.27908 0.057015 -0.2187 -0.032587 0.09089 -0.43148 0.064962 0.071691 -0.43701 0.0018226 0.10461 -0.76332 0.057403 0.088055 -0.77042 -0.041457 0.062974 -0.83512 0.14171 0.075529 -0.8091 0.033207 -0.063309 0.59552
-0.15668 -0.003813 0.32668 0.13557 -0.012392 0.35079 -0.016783 -0.02877 0.40772 -0.0048387 -0.0094746 0.067767 -0.05357 0.0046764 -0.051996 0.052285 0.0046764 -0.053287 -0.22029 0.036745 0.071812 0.18078 0.029428 0.092217 -0.22947 0.029842 -0.16491 0.25145 0.033677 -0.13396 -0.18233 0.010527 -0.22947 0.28373 0.052433 -0.21089 -0.032012 0.091582 -0.43137 0.065278 0.073103 -0.43682 0.0019036 0.1055 -0.76325 0.057183 0.089011 -0.77024 -0.042349 0.064209 -0.83465 0.14178 0.07715 -0.8085 0.036996 -0.05128 0.59604
-0.15847 -0.0008773 0.33001 0.13687 -0.009878 0.35413 -0.016715 -0.025048 0.40792 -0.0048718 -0.0090864 0.067817 -0.053411 0.0044038 -0.052181 0.052199 0.0044038 -0.053394 -0.22238 0.038107 0.074963 0.18189 0.029505 0.095155 -0.23128 0.029309 -0.1617 0.25184 0.032607 -0.13128 -0.18777 0.012369 -0.23042 0.27973 0.043606 -0.20523 -0.031606 0.092187 -0.43134 0.065483 0.074314 -0.43664 0.0018812 0.10631 -0.76326 0.056918 0.089931 -0.77007 -0.043309 0.06538 -0.83428 0.14168 0.078789 -0.80817 0.038925 -0.042612 0.59647
-0.16016 0.0021323 0.33341 0.13817 -0.0073287 0.35752 -0.016592 -0.02143 0.40811 -0.0048924 -0.0086532 0.067872 -0.053197 0.0041176 -0.052422 0.052114 0.0041176 -0.0535 -0.22443 0.039507 0.07821 0.18328 0.029569 0.098191 -0.23298 0.028774 -0.15839 0.25209 0.031568 -0.12865 -0.19024 0.011185 -0.22758 0.26627 0.030787 -0.20469 -0.031338 0.092731 -0.43139 0.065598 0.075402 -0.43649 0.0017406 0.10706 -0.76333 0.056575 0.090861 -0.76991 -0.044365 0.066497 -0.83397 0.14135 0.080355 -0.80816 0.038864 -0.037463 0.59689
-0.16167 0.0054061 0.33669 0.13933 -0.0048366 0.36079 -0.0165 -0.018117 0.40828 -0.0049001 -0.0081937 0.067929 -0.052951 0.0038264 -0.052693 0.052027 0.0038264 -0.053606 -0.22649 0.040951 0.081373 0.18468 0.029621 0.10117 -0.23457 0.028301 -0.15515 0.25116 0.030039 -0.12635 -0.1918 0.0094885 -0.22359 0.24996 0.018134 -0.20622 -0.031182 0.093204 -0.43148 0.065622 0.076381 -0.43635 0.0015352 0.10777 -0.76346 0.056162 0.091769 -0.76976 -0.045433 0.067552 -0.83372 0.14089 0.081726 -0.80824 0.037795 -0.034236 0.59728
-0.16293 0.0091161 0.33967 0.14021 -0.0024946 0.3638 -0.016523 -0.015305 0.4084 -0.0048942 -0.0077268 0.067985 -0.052696 0.0035387 -0.052969 0.051937 0.0035387 -0.053713 -0.22858 0.042448 0.084275 0.18584 0.029665 0.10393 -0.23608 0.027954 -0.15216 0.24811 0.027536 -0.12467 -0.1945 0.0097629 -0.22106 0.2374 0.0097183 -0.2067 -0.031118 0.093593 -0.43161 0.065559 0.077264 -0.43624 0.0013184 0.10844 -0.7636 0.055688 0.092623 -0.76964 -0.046432 0.06854 -0.83352 0.14041 0.082788 -0.8082 0.036694 -0.031335 0.59765
-0.16386 0.013157 0.34225 0.14087 -0.00029989 0.36642 -0.016588 -0.012901 0.4085 -0.0048694 -0.0072534 0.068039 -0.052446 0.0032514 -0.053234 0.051842 0.0032514 -0.053823 -0.23057 0.044026 0.086823 0.18679 0.029697 0.10634 -0.23746 0.027739 -0.14952 0.24339 0.024343 -0.12363 -0.19867 0.012207 -0.22053 0.23024 0.0060318 -0.20543 -0.031134 0.093905 -0.43175 0.065407 0.078049 -0.43614 0.0010994 0.10908 -0.76374 0.055167 0.093407 -0.76953 -0.047356 0.06946 -0.83334 0.13992 0.083539 -0.80801 0.035861 -0.028289 0.59801
-0.16439 0.01721 0.34442 0.14148 0.0018237 0.36852 -0.016511 -0.010592 0.40857 -0.0048175 -0.0067609 0.068093 -0.052213 0.0029523 -0.05348 0.051746 0.0029523 -0.053933 -0.23217 0.045724 0.088993 0.18779 0.029706 0.10827 -0.23863 0.027617 -0.14723 0.2386 0.021335 -0.12303 -0.20331 0.015259 -0.22088 0.22637 0.0048087 -0.20364 -0.031229 0.09416 -0.43188 0.065167 0.078721 -0.43606 0.00085348 0.10965 -0.76387 0.054617 0.09412 -0.76944 -0.048256 0.070322 -0.83317 0.13941 0.084066 -0.80777 0.035068 -0.025486 0.59839
-0.16448 0.020976 0.3462 0.14221 0.003943 0.37004 -0.016136 -0.0081 0.40864 -0.0047327 -0.0062394 0.068148 -0.052004 0.0026308 -0.0537 0.051649 0.0026308 -0.054042 -0.23313 0.047575 0.090789 0.18903 0.029683 0.10967 -0.23952 0.027552 -0.14527 0.23517 0.019313 -0.12263 -0.20749 0.017447 -0.22099 0.22366 0.0038324 -0.20246 -0.031404 0.094377 -0.43199 0.064838 0.079266 -0.43601 0.00055476 0.11014 -0.76398 0.054051 0.094761 -0.76937 -0.04918 0.07113 -0.83301 0.13886 0.084454 -0.8076 0.034082 -0.023302 0.5988
-0.1645 0.024462 0.3479 0.14296 0.0060018 0.37135 -0.01569 -0.0055975 0.4087 -0.0046434 -0.0057105 0.0682 -0.051808 0.0022923 -0.053905 0.051556 0.0022923 -0.054145 -0.23382 0.049524 0.092517 0.19042 0.029601 0.11089 -0.24041 0.027556 -0.14336 0.2329 0.018042 -0.12207 -0.21084 0.018772 -0.22027 0.22103 0.002213 -0.2018 -0.031676 0.094556 -0.4321 0.064413 0.079685 -0.43597 0.0001726 0.11055 -0.76409 0.053443 0.095333 -0.76932 -0.050143 0.071861 -0.83288 0.13825 0.08477 -0.8075 0.032765 -0.021729 0.59923
-0.16501 0.027856 0.35002 0.14345 0.0078672 0.3731 -0.015633 -0.0035405 0.40875 -0.0045988 -0.0052162 0.068243 -0.0516 0.0019529 -0.054117 0.051473 0.0019529 -0.054238 -0.23494 0.051462 0.094668 0.19159 0.029426 0.11259 -0.2418 0.027673 -0.14103 0.23052 0.016652 -0.12086 -0.21344 0.020151 -0.21839 0.21807 -0.00011336 -0.20078 -0.032069 0.094682 -0.43222 0.063881 0.079989 -0.43595 -0.00032652 0.11089 -0.76422 0.052743 0.095838 -0.76928 -0.051134 0.072474 -0.8328 0.13755 0.085065 -0.8074 0.031032 -0.020518 0.59966
-0.16643 0.031313 0.35283 0.14346 0.0094355 0.37572 -0.016317 -0.0022818 0.40877 -0.004636 -0.004789 0.068274 -0.051364 0.0016264 -0.054351 0.051405 0.0016264 -0.054313 -0.237 0.053293 0.097518 0.19226 0.029136 0.11518 -0.24399 0.027925 -0.13803 0.22693 0.014378 -0.11876 -0.21524 0.022379 -0.21527 0.21443 -0.0031471 -0.19878 -0.032597 0.094745 -0.4324 0.063239 0.080191 -0.43593 -0.00096145 0.11114 -0.76439 0.051912 0.096281 -0.76925 -0.052138 0.072935 -0.83282 0.13674 0.085386 -0.80728 0.028878 -0.019447 0.60005
-0.16756 0.034625 0.35481 0.14315 0.010858 0.3776 -0.017113 -0.0012728 0.40878 -0.00469 -0.0043835 0.068298 -0.051155 0.0013083 -0.054556 0.051361 0.0013083 -0.054364 -0.23867 0.055034 0.099513 0.19262 0.028808 0.11706 -0.24587 0.028172 -0.13586 0.22245 0.011465 -0.11735 -0.21557 0.025083 -0.21263 0.21044 -0.0064578 -0.19734 -0.033152 0.09477 -0.43255 0.062527 0.080329 -0.4359 -0.001627 0.11136 -0.76454 0.05101 0.096691 -0.7692 -0.053076 0.073279 -0.83284 0.13587 0.085716 -0.80713 0.026923 -0.018563 0.60033
-0.16644 0.03741 0.35351 0.14289 0.012413 0.37615 -0.016905 0.00048615 0.40878 -0.0046442 -0.0039151 0.068328 -0.051067 0.00098484 -0.054646 0.051349 0.00098484 -0.054381 -0.23773 0.05676 0.098181 0.19308 0.02857 0.11563 -0.24562 0.028195 -0.13696 0.21816 0.0086594 -0.11919 -0.21342 0.027312 -0.21311 0.20681 -0.0093996 -0.19911 -0.033568 0.094801 -0.43258 0.061812 0.080449 -0.43585 -0.0021557 0.11156 -0.76458 0.050146 0.097109 -0.76913 -0.05384 0.073575 -0.83274 0.13501 0.086006 -0.80703 0.026105 -0.018045 0.60042
-0.16154 0.039338 0.34706 0.14295 0.014316 0.36932 -0.014822 0.0037888 0.4088 -0.0044142 -0.0033135 0.068373 -0.051163 0.00064481 -0.054564 0.05138 0.00064481 -0.054358 -0.23247 0.058519 0.091621 0.19396 0.028513 0.10885 -0.24183 0.027799 -0.14318 0.21494 0.0065972 -0.12623 -0.20809 0.028245 -0.21875 0.20408 -0.011435 -0.20616 -0.033757 0.094866 -0.43242 0.061107 0.080583 -0.43576 -0.0024621 0.11179 -0.76442 0.049367 0.097557 -0.76902 -0.054395 0.073876 -0.83244 0.13415 0.086205 -0.80703 0.02711 -0.01804 0.60025
-0.15438 0.04045 0.33734 0.14308 0.016356 0.35885 -0.011616 0.0080664 0.40882 -0.0041255 -0.0026042 0.068422 -0.051319 0.00029307 -0.054424 0.051459 0.00029307 -0.054285 -0.2245 0.060187 0.081715 0.195 0.028484 0.098461 -0.23597 0.026982 -0.15264 0.21257 0.0051536 -0.13677 -0.20111 0.027963 -0.2277 0.20201 -0.012743 -0.21677 -0.034148 0.094897 -0.4322 0.060073 0.08064 -0.43563 -0.0029963 0.11196 -0.76421 0.048316 0.097945 -0.76888 -0.055194 0.074117 -0.83206 0.13294 0.086247 -0.80712 0.028979 -0.018481 0.59994
-0.14771 0.040936 0.3277 0.14282 0.018154 0.34799 -0.008689 0.012205 0.40882 -0.0039881 -0.0018514 0.068456 -0.05133 -5.9015e-05 -0.054409 0.051595 -5.9015e-05 -0.054158 -0.21675 0.061568 0.071857 0.19571 0.028232 0.087696 -0.23062 0.025816 -0.16202 0.21034 0.0039002 -0.1476 -0.19487 0.026907 -0.23659 0.2 -0.013792 -0.22772 -0.035374 0.094792 -0.43216 0.058233 0.080487 -0.43549 -0.0044228 0.11198 -0.76418 0.046471 0.098138 -0.76871 -0.056886 0.07419 -0.83186 0.1309 0.086058 -0.80728 0.030095 -0.019216 0.59966
-0.14425 0.040985 0.32152 0.1417 0.019328 0.33996 -0.0074441 0.015088 0.4088 -0.004212 -0.001119 0.068456 -0.050995 -0.00040006 -0.054704 0.051791 -0.00040006 -0.053968 -0.21217 0.062466 0.065444 0.19559 0.027507 0.079806 -0.22841 0.024376 -0.16795 0.20757 0.0024076 -0.15551 -0.19178 0.025522 -0.24201 0.19749 -0.015049 -0.23576 -0.038073 0.094446 -0.43252 0.055109 0.079988 -0.43534 -0.0074067 0.11173 -0.76456 0.043311 0.098002 -0.76855 -0.06012 0.073985 -0.83207 0.1275 0.085564 -0.80751 0.028837 -0.020092 0.5996
-0.14675 0.040787 0.32217 0.13926 0.019499 0.33803 -0.0092848 0.015601 0.40874 -0.0050073 -0.00047115 0.068404 -0.050111 -0.00071868 -0.055492 0.052056 -0.00071868 -0.053708 -0.21372 0.062686 0.065873 0.19414 0.026058 0.078034 -0.23192 0.022732 -0.16708 0.20358 0.00024668 -0.15731 -0.19422 0.024248 -0.24056 0.19389 -0.016981 -0.23766 -0.042878 0.093754 -0.4335 0.050223 0.079008 -0.4352 -0.012613 0.1111 -0.76558 0.038313 0.097401 -0.76838 -0.065545 0.073393 -0.83294 0.12226 0.084692 -0.80779 0.023588 -0.020957 0.59992
-0.15796 0.040531 0.33302 0.13503 0.018285 0.34544 -0.015615 0.012627 0.40862 -0.0065839 2.7992e-05 0.06828 -0.048476 -0.0010035 -0.056957 0.052396 -0.0010035 -0.053373 -0.22434 0.062032 0.076544 0.19086 0.023636 0.085629 -0.24376 0.02096 -0.15606 0.19766 -0.0030119 -0.14977 -0.20461 0.02353 -0.22886 0.18861 -0.020056 -0.23019 -0.050424 0.092613 -0.43534 0.043098 0.07741 -0.43509 -0.020707 0.10999 -0.76746 0.030958 0.096202 -0.76824 -0.073811 0.072304 -0.8347 0.11467 0.083368 -0.80809 0.012727 -0.021659 0.60081
