-0.12753 0.0099777 0.38209 0.18316 -0.016471 0.34435 0.032538 -0.011935 0.40767 0.0054834 -0.0061262 0.068102 -0.055676 0.00021729 -0.049952 0.04759 0.00021729 -0.057708 -0.354 -0.05785 0.50357 0.40577 -0.10434 0.45998 -0.55759 -0.076662 0.62344 0.5847 -0.16199 0.6043 -0.63265 -0.073764 0.65804 0.6565 -0.14532 0.64181 -0.10005 0.052444 -0.43368 0.020253 0.073198 -0.43964 -0.10913 0.13694 -0.75658 -0.029522 0.13776 -0.76343 -0.13566 0.086843 -0.83107 -0.014817 0.072616 -0.82901 0.025032 -0.052357 0.60061
-0.13114 0.014286 0.39073 0.1839 -0.011659 0.35583 0.029454 -0.0097524 0.40792 0.0054803 -0.0058352 0.068131 -0.055212 -0.0001762 -0.050471 0.047179 -0.0001762 -0.058033 -0.35099 -0.056139 0.51619 0.38719 -0.10384 0.48149 -0.56362 -0.08833 0.63383 0.57939 -0.16231 0.61962 -0.64064 -0.092196 0.6854 0.6661 -0.1509 0.64329 -0.099174 0.051965 -0.43425 0.020373 0.073352 -0.43989 -0.10842 0.13763 -0.75683 -0.030253 0.13885 -0.76337 -0.13461 0.087346 -0.83131 -0.015019 0.073879 -0.82899 0.018715 -0.049383 0.60094
-0.13294 0.017495 0.39616 0.18395 -0.0074369 0.3604 0.02785 -0.0091158 0.40808 0.0054206 -0.0054551 0.068166 -0.055133 -0.00036265 -0.050556 0.046611 -0.00036265 -0.05849 -0.34611 -0.062587 0.52922 0.381 -0.10962 0.4946 -0.54853 -0.11181 0.65472 0.55667 -0.18575 0.64183 -0.61406 -0.12342 0.71468 0.64156 -0.18095 0.66699 -0.098686 0.05216 -0.43433 0.020473 0.073757 -0.44028 -0.10772 0.13869 -0.75669 -0.030554 0.14014 -0.76352 -0.13401 0.088415 -0.83114 -0.015181 0.075231 -0.82917 0.014151 -0.046496 0.60133
-0.13362 0.019803 0.39943 0.18355 -0.0038871 0.36076 0.027169 -0.0091519 0.40818 0.0053429 -0.005034 0.068203 -0.055258 -0.00045103 -0.050411 0.046072 -0.00045103 -0.058928 -0.33756 -0.075551 0.54169 0.3781 -0.11967 0.50299 -0.5134 -0.1458 0.68137 0.51416 -0.22129 0.66703 -0.56024 -0.16593 0.74437 0.58677 -0.22368 0.70345 -0.098467 0.052561 -0.43417 0.020522 0.074136 -0.44067 -0.10716 0.13971 -0.75638 -0.030628 0.14129 -0.76372 -0.13378 0.089529 -0.83077 -0.015306 0.076378 -0.8294 0.010955 -0.043615 0.60173
-0.13388 0.021411 0.40155 0.18294 -0.0010945 0.35962 0.026852 -0.0089879 0.40824 0.0052861 -0.00462 0.068235 -0.055405 -0.00055033 -0.050241 0.045745 -0.00055033 -0.059194 -0.32353 -0.093385 0.55261 0.36937 -0.13201 0.51034 -0.45937 -0.18902 0.70902 0.44946 -0.25797 0.6913 -0.48649 -0.21822 0.77294 0.50559 -0.26731 0.74324 -0.098394 0.052703 -0.434 0.020492 0.074211 -0.44092 -0.10685 0.14024 -0.75611 -0.030677 0.14195 -0.76385 -0.13386 0.090169 -0.83044 -0.015396 0.077028 -0.82954 0.0087408 -0.040662 0.60208
-0.13444 0.022521 0.40355 0.18234 0.00085675 0.35968 0.026341 -0.0077507 0.4083 0.0052891 -0.0042613 0.068259 -0.055393 -0.00076952 -0.050252 0.045814 -0.00076952 -0.059134 -0.30224 -0.11445 0.56102 0.34573 -0.14464 0.52031 -0.38754 -0.24017 0.73293 0.36015 -0.28477 0.71073 -0.40012 -0.27878 0.79888 0.40188 -0.30004 0.77692 -0.098344 0.052116 -0.43406 0.020356 0.073705 -0.44091 -0.1069 0.13986 -0.75612 -0.030903 0.14176 -0.76375 -0.13419 0.089818 -0.83036 -0.015453 0.076888 -0.82945 0.007123 -0.037558 0.60234
-0.13598 0.02331 0.40644 0.182 0.0018597 0.36357 0.025092 -0.0046128 0.40839 0.0053887 -0.0040067 0.068268 -0.055048 -0.0012116 -0.05064 0.046458 -0.0012116 -0.058602 -0.272 -0.13708 0.56599 0.29841 -0.15561 0.53649 -0.29921 -0.29767 0.74834 0.24426 -0.29103 0.72152 -0.30844 -0.34573 0.82053 0.2798 -0.31042 0.79523 -0.098199 0.05035 -0.43459 0.020091 0.072349 -0.44049 -0.10743 0.13816 -0.7566 -0.031495 0.14038 -0.76329 -0.13468 0.087973 -0.83076 -0.015472 0.075676 -0.82899 0.0057194 -0.034242 0.60246
-0.13847 0.022992 0.41045 0.18199 0.00084141 0.37165 0.023144 -0.00068463 0.40849 0.0055462 -0.0039381 0.068261 -0.05452 -0.0017247 -0.05123 0.047601 -0.0017247 -0.057657 -0.23626 -0.15935 0.56908 0.23374 -0.16533 0.55797 -0.20306 -0.34726 0.75062 0.11705 -0.27868 0.72397 -0.21856 -0.40112 0.83032 0.15453 -0.30056 0.79743 -0.098024 0.047634 -0.43542 0.019975 0.070246 -0.43976 -0.10832 0.13538 -0.75741 -0.032057 0.13802 -0.76254 -0.13529 0.084921 -0.83149 -0.015173 0.073566 -0.82826 0.0042834 -0.031421 0.60247
-0.14088 0.019476 0.41475 0.18222 -0.0045775 0.3811 0.021329 0.00030142 0.40856 0.0056205 -0.0041818 0.068239 -0.054398 -0.0018118 -0.051348 0.048823 -0.0018118 -0.056637 -0.20541 -0.17893 0.57515 0.17836 -0.17732 0.57779 -0.1178 -0.3576 0.73528 0.017205 -0.2668 0.72402 -0.13729 -0.40525 0.81268 0.056256 -0.29096 0.79425 -0.098132 0.045122 -0.43582 0.020691 0.068002 -0.43911 -0.10914 0.13265 -0.75785 -0.031402 0.13565 -0.76191 -0.13596 0.082011 -0.83186 -0.013899 0.071351 -0.82762 0.0027521 -0.030841 0.60249
-0.1421 0.01073 0.41847 0.18262 -0.016582 0.38898 0.020572 -0.0052551 0.40853 0.0054824 -0.0048513 0.068204 -0.055248 -0.00099046 -0.05034 0.049704 -0.00099046 -0.055882 -0.18958 -0.1938 0.58843 0.15852 -0.19508 0.58882 -0.061791 -0.29901 0.69782 -0.017964 -0.27455 0.72731 -0.071228 -0.32057 0.75235 0.013816 -0.30218 0.79633 -0.098836 0.043927 -0.4351 0.022883 0.066221 -0.4389 -0.10951 0.13107 -0.75727 -0.028401 0.13418 -0.76176 -0.13667 0.080527 -0.83122 -0.011027 0.069807 -0.82748 0.0011651 -0.034164 0.60265
-0.14048 -0.0027799 0.42108 0.18452 -0.03263 0.39316 0.022416 -0.015733 0.40824 0.0053199 -0.005798 0.068146 -0.056818 0.00058276 -0.048505 0.050207 0.00058276 -0.055421 -0.18682 -0.20734 0.59871 0.16986 -0.21765 0.58773 -0.035861 -0.18956 0.63366 -0.00036096 -0.3026 0.72859 -0.023717 -0.17012 0.64845 0.016381 -0.33456 0.79953 -0.10015 0.043471 -0.43355 0.02614 0.064917 -0.4391 -0.11011 0.1298 -0.75598 -0.0238 0.13327 -0.7621 -0.13786 0.079497 -0.82987 -0.006874 0.068752 -0.82782 0.0010342 -0.040442 0.60269
-0.13394 -0.018549 0.42234 0.19033 -0.046316 0.39221 0.02891 -0.025243 0.40745 0.0055804 -0.0066588 0.068047 -0.058185 0.0022287 -0.046918 0.050614 0.0022287 -0.055022 -0.1853 -0.2274 0.58391 0.18298 -0.24046 0.57435 -0.026503 -0.08633 0.53811 0.017838 -0.33657 0.71365 0.004563 -0.026474 0.51188 0.020688 -0.37189 0.78759 -0.10186 0.041792 -0.43225 0.029189 0.063622 -0.43936 -0.1125 0.12647 -0.75507 -0.019877 0.13154 -0.76258 -0.14037 0.076096 -0.82888 -0.0025264 0.067212 -0.82834 0.0050746 -0.046596 0.60208
-0.12113 -0.033838 0.42193 0.20171 -0.051849 0.38505 0.041392 -0.028482 0.40602 0.0066245 -0.0071019 0.067894 -0.058511 0.0033146 -0.046556 0.05115 0.0033146 -0.054506 -0.17499 -0.25973 0.52683 0.17257 -0.25883 0.54932 -0.022412 -0.041375 0.41237 -0.0075292 -0.36265 0.6716 0.012163 0.043631 0.35883 -0.0095827 -0.39882 0.74761 -0.1037 0.037287 -0.43218 0.030841 0.06193 -0.43935 -0.11785 0.11922 -0.75552 -0.018683 0.12787 -0.76289 -0.14478 0.068106 -0.82916 0.00092764 0.064396 -0.82874 0.015338 -0.049777 0.60044
-0.10676 -0.044495 0.41883 0.21399 -0.049374 0.37352 0.05526 -0.026001 0.40448 0.008039 -0.0071014 0.067739 -0.057815 0.0037107 -0.047378 0.051525 0.0037107 -0.054142 -0.16316 -0.29193 0.4525 0.15276 -0.26819 0.51932 -0.033689 -0.056451 0.30566 -0.045521 -0.3758 0.62061 -0.0092646 0.033241 0.24607 -0.046279 -0.41105 0.69709 -0.10514 0.031634 -0.43324 0.030841 0.060082 -0.4393 -0.12388 0.11076 -0.75705 -0.02005 0.1235 -0.76313 -0.14956 0.058686 -0.83049 0.0025731 0.061158 -0.8291 0.028166 -0.049528 0.59851
-0.098551 -0.045678 0.4117 0.21937 -0.04194 0.36085 0.063018 -0.021206 0.40374 0.0090335 -0.0067807 0.06766 -0.056535 0.0035332 -0.048853 0.051196 0.0035332 -0.054423 -0.1655 -0.30277 0.40659 0.15695 -0.26401 0.49396 -0.080892 -0.10874 0.29067 -0.028521 -0.37523 0.59307 -0.071439 -0.035423 0.25015 -0.029767 -0.40965 0.66834 -0.10555 0.028113 -0.43478 0.029386 0.05863 -0.43969 -0.12664 0.10603 -0.75877 -0.022727 0.12084 -0.76358 -0.15217 0.05362 -0.83201 0.0015793 0.059155 -0.82965 0.037112 -0.046563 0.59765
-0.10189 -0.034653 0.40008 0.21255 -0.032576 0.34988 0.059413 -0.017037 0.4044 0.009019 -0.006267 0.067714 -0.055111 0.0029229 -0.050455 0.049864 0.0029229 -0.055619 -0.19329 -0.27729 0.42119 0.20846 -0.24409 0.48018 -0.17669 -0.17485 0.41198 0.090584 -0.3611 0.61062 -0.18004 -0.13662 0.41507 0.081471 -0.39617 0.68328 -0.10454 0.029085 -0.43621 0.026847 0.057983 -0.44082 -0.12341 0.10854 -0.75993 -0.025541 0.12161 -0.76438 -0.15084 0.057014 -0.83301 -0.0023711 0.059578 -0.8305 0.037468 -0.041774 0.59878
-0.11183 -0.01818 0.38748 0.19927 -0.024141 0.34182 0.049367 -0.014256 0.40582 0.0083236 -0.0056981 0.067849 -0.053972 0.0021245 -0.051724 0.048342 0.0021245 -0.057001 -0.23773 -0.22918 0.46676 0.28496 -0.2166 0.47271 -0.29803 -0.22961 0.58736 0.26575 -0.3377 0.64628 -0.31357 -0.22971 0.63809 0.24666 -0.37399 0.71672 -0.10296 0.032746 -0.4372 0.024356 0.057892 -0.44204 -0.11695 0.11535 -0.76036 -0.027704 0.12442 -0.76506 -0.14734 0.065354 -0.83333 -0.0072935 0.06148 -0.8312 0.032411 -0.036827 0.60096
-0.12048 -0.0056676 0.37854 0.18842 -0.019442 0.33738 0.040652 -0.013014 0.407 0.007532 -0.005215 0.067983 -0.053545 0.0014113 -0.052212 0.047749 0.0014113 -0.057561 -0.28443 -0.18008 0.49648 0.35129 -0.19261 0.46291 -0.41185 -0.24736 0.69915 0.42484 -0.31045 0.6595 -0.44291 -0.26991 0.77548 0.40199 -0.34701 0.73028 -0.10196 0.036121 -0.43744 0.023256 0.057927 -0.44246 -0.11158 0.12168 -0.76006 -0.028537 0.12705 -0.765 -0.1444 0.072993 -0.83296 -0.01056 0.063319 -0.83116 0.027328 -0.033604 0.60276
-0.12298 -0.0025931 0.37575 0.18533 -0.019682 0.3365 0.038052 -0.013215 0.40734 0.0070415 -0.0049113 0.068061 -0.053971 0.0009605 -0.051778 0.048624 0.0009605 -0.05681 -0.32256 -0.1446 0.48265 0.38506 -0.17871 0.44582 -0.49493 -0.21675 0.68007 0.52022 -0.28372 0.62763 -0.54608 -0.23575 0.74643 0.50494 -0.31858 0.70185 -0.10216 0.037353 -0.43689 0.024166 0.057866 -0.44166 -0.10991 0.12454 -0.75916 -0.027856 0.12811 -0.76393 -0.14369 0.076382 -0.83203 -0.010759 0.064153 -0.83014 0.025611 -0.033196 0.60326
-0.12198 -0.0044264 0.37621 0.18631 -0.021987 0.33719 0.038769 -0.014135 0.40721 0.006773 -0.0047603 0.068098 -0.054664 0.00070342 -0.051049 0.050023 0.00070342 -0.055586 -0.35046 -0.11929 0.44605 0.39622 -0.17008 0.42584 -0.54903 -0.16277 0.59102 0.56644 -0.25921 0.57363 -0.61924 -0.16499 0.63021 0.56715 -0.29056 0.65068 -0.10278 0.037417 -0.43613 0.025854 0.058029 -0.44039 -0.11017 0.12539 -0.75817 -0.02673 0.12842 -0.76253 -0.14403 0.0773 -0.83102 -0.0095672 0.064561 -0.8288 0.025589 -0.03469 0.60298
-0.1213 -0.0051327 0.37619 0.18635 -0.02288 0.33717 0.038859 -0.01496 0.40711 0.0065738 -0.0047163 0.068117 -0.054932 0.00053396 -0.050766 0.050786 0.00053396 -0.054921 -0.36797 -0.097961 0.4148 0.39969 -0.16021 0.40879 -0.57984 -0.11583 0.51221 0.58764 -0.2382 0.52734 -0.66151 -0.10424 0.53016 0.60856 -0.26463 0.60234 -0.10284 0.037716 -0.43582 0.026815 0.058811 -0.43959 -0.10995 0.12639 -0.75764 -0.026412 0.12909 -0.76164 -0.14382 0.078336 -0.83046 -0.0091239 0.065354 -0.82796 0.024823 -0.036865 0.60264
-0.12266 -0.0020376 0.37389 0.18324 -0.020967 0.33549 0.036586 -0.015288 0.40728 0.0063689 -0.0047387 0.068135 -0.054533 0.00039084 -0.051188 0.050476 0.00039084 -0.055206 -0.37681 -0.077229 0.40213 0.40417 -0.14681 0.39769 -0.59412 -0.091274 0.48307 0.59912 -0.22223 0.50459 -0.67771 -0.076849 0.49655 0.64017 -0.24265 0.57184 -0.10198 0.038857 -0.43616 0.026446 0.06024 -0.43963 -0.10823 0.1285 -0.75773 -0.027346 0.13058 -0.76157 -0.14243 0.080644 -0.83052 -0.010311 0.066801 -0.82791 0.022353 -0.038941 0.6026
-0.12463 0.0024992 0.3704 0.17899 -0.017968 0.33313 0.033529 -0.015336 0.40756 0.0061994 -0.0047939 0.068147 -0.053897 0.00027998 -0.051861 0.049734 0.00027998 -0.055869 -0.38165 -0.057925 0.39902 0.40909 -0.1339 0.39131 -0.6003 -0.08187 0.48191 0.60292 -0.21326 0.50024 -0.68119 -0.071334 0.50009 0.65955 -0.22684 0.55841 -0.10082 0.040252 -0.43675 0.025491 0.061784 -0.44002 -0.10605 0.13086 -0.75807 -0.028768 0.13224 -0.76186 -0.14063 0.083234 -0.83085 -0.012129 0.068357 -0.82821 0.01944 -0.040798 0.60267
-0.12562 0.0058084 0.36701 0.17589 -0.015788 0.3312 0.031462 -0.01536 0.40775 0.0061117 -0.0048494 0.068152 -0.053493 0.00021181 -0.052288 0.049268 0.00021181 -0.056284 -0.38705 -0.041379 0.39518 0.41299 -0.12594 0.38826 -0.6063 -0.07901 0.48325 0.59974 -0.21321 0.50764 -0.68516 -0.07396 0.50655 0.66319 -0.21948 0.56004 -0.10003 0.041241 -0.43712 0.024779 0.062891 -0.44023 -0.10458 0.13252 -0.75828 -0.029842 0.13339 -0.762 -0.13928 0.08499 -0.83106 -0.013464 0.069439 -0.82836 0.017461 -0.042368 0.60266
-0.12553 0.0072234 0.36463 0.17456 -0.014976 0.33027 0.030677 -0.015445 0.40781 0.0060727 -0.0048817 0.068153 -0.053425 0.00017765 -0.052358 0.049253 0.00017765 -0.056296 -0.39137 -0.031811 0.39167 0.41251 -0.12552 0.39002 -0.60813 -0.083093 0.48469 0.585 -0.22309 0.52454 -0.68634 -0.082894 0.51166 0.6479 -0.2234 0.57599 -0.099772 0.041699 -0.43716 0.024618 0.063444 -0.44014 -0.104 0.13335 -0.75822 -0.030271 0.13393 -0.76186 -0.13863 0.085803 -0.83103 -0.013974 0.069969 -0.82824 0.01661 -0.04351 0.60255
-0.12566 0.0078891 0.36382 0.17405 -0.014852 0.33041 0.030126 -0.015521 0.40784 0.0059773 -0.0048752 0.068162 -0.053471 0.00015155 -0.052306 0.049392 0.00015155 -0.056173 -0.38738 -0.036061 0.39978 0.40258 -0.13354 0.40072 -0.59099 -0.10267 0.50474 0.54935 -0.24302 0.55268 -0.66655 -0.10706 0.53829 0.61078 -0.24196 0.60664 -0.099718 0.041982 -0.43709 0.024843 0.063719 -0.43997 -0.10364 0.13397 -0.75804 -0.030244 0.13428 -0.76164 -0.13834 0.086471 -0.83084 -0.014016 0.070322 -0.82803 0.016009 -0.044022 0.60251
-0.1271 0.0088727 0.36489 0.17347 -0.014745 0.33151 0.028879 -0.015517 0.40792 0.0057412 -0.004821 0.068187 -0.053427 0.00010951 -0.05235 0.049409 0.00010951 -0.056161 -0.36861 -0.059745 0.42911 0.3788 -0.15037 0.42354 -0.54175 -0.14493 0.55923 0.48499 -0.27236 0.59293 -0.60929 -0.15415 0.60604 0.54934 -0.27711 0.65133 -0.099582 0.042411 -0.43709 0.025239 0.063976 -0.43994 -0.10288 0.13492 -0.7579 -0.029997 0.13483 -0.76153 -0.13811 0.087685 -0.83063 -0.013975 0.070827 -0.82792 0.014897 -0.043783 0.6027
-0.12864 0.0099158 0.36596 0.17248 -0.014477 0.332 0.02757 -0.015435 0.40802 0.0054958 -0.0047709 0.068212 -0.053349 5.1774e-05 -0.05243 0.049404 5.1774e-05 -0.056169 -0.33786 -0.096278 0.47012 0.34392 -0.17176 0.45231 -0.46586 -0.20167 0.63202 0.39988 -0.30358 0.63676 -0.51876 -0.21661 0.69483 0.46503 -0.31776 0.69929 -0.099422 0.042816 -0.43713 0.025273 0.064189 -0.43991 -0.10213 0.13579 -0.75781 -0.030048 0.13528 -0.76143 -0.13785 0.088804 -0.83048 -0.014242 0.071228 -0.82783 0.013943 -0.043433 0.60292
-0.12783 0.01004 0.36399 0.17105 -0.014138 0.32948 0.027676 -0.015314 0.40802 0.0054898 -0.0048092 0.068208 -0.053438 -8.3032e-06 -0.052339 0.04968 -8.3032e-06 -0.05592 -0.30293 -0.13245 0.50293 0.30458 -0.19097 0.47576 -0.37894 -0.25635 0.68965 0.31054 -0.3254 0.67055 -0.4104 -0.27865 0.76306 0.3614 -0.34573 0.73424 -0.099488 0.04276 -0.43704 0.024238 0.064177 -0.43956 -0.10233 0.13564 -0.75775 -0.031068 0.135 -0.76114 -0.13763 0.088465 -0.83048 -0.015214 0.070951 -0.82753 0.014598 -0.044023 0.60276
-0.12294 0.0084039 0.35688 0.16921 -0.013995 0.32235 0.030259 -0.015348 0.40783 0.0058986 -0.0049895 0.068155 -0.053852 -5.7783e-05 -0.051913 0.050474 -5.7783e-05 -0.055194 -0.27061 -0.15755 0.51195 0.26717 -0.20286 0.48478 -0.29496 -0.29552 0.70557 0.23161 -0.3295 0.68347 -0.29939 -0.32712 0.7782 0.24463 -0.34749 0.74355 -0.099999 0.041893 -0.43669 0.021738 0.063792 -0.43863 -0.10423 0.13376 -0.75767 -0.03343 0.13348 -0.76048 -0.13756 0.085646 -0.83068 -0.01705 0.069565 -0.82687 0.01788 -0.046174 0.60203
-0.11589 0.0048932 0.34721 0.16727 -0.015196 0.31301 0.03422 -0.016506 0.40747 0.0065227 -0.0052086 0.068081 -0.054518 -8.6519e-05 -0.051214 0.051675 -8.6519e-05 -0.054071 -0.24229 -0.17384 0.50408 0.23681 -0.21042 0.48157 -0.21918 -0.32173 0.68912 0.16794 -0.32256 0.67907 -0.19913 -0.36269 0.75449 0.134 -0.33342 0.73319 -0.10101 0.040308 -0.43612 0.018934 0.063069 -0.4373 -0.10757 0.13052 -0.75753 -0.036002 0.13104 -0.75956 -0.13804 0.081072 -0.83091 -0.018706 0.067366 -0.82594 0.022598 -0.048297 0.60145
-0.10977 -0.00037776 0.33906 0.1656 -0.019165 0.30511 0.037781 -0.02 0.40701 0.0070447 -0.0053141 0.068028 -0.055291 -8.5243e-05 -0.050378 0.05306 -8.5243e-05 -0.052723 -0.21768 -0.18765 0.49323 0.21821 -0.2192 0.47183 -0.15417 -0.34256 0.66092 0.12126 -0.31595 0.66541 -0.12245 -0.39033 0.72089 0.052928 -0.32139 0.71499 -0.10253 0.03824 -0.4354 0.017477 0.062102 -0.43588 -0.11173 0.12662 -0.75726 -0.037178 0.12826 -0.75857 -0.13956 0.076018 -0.83091 -0.018762 0.06488 -0.82494 0.026867 -0.048113 0.60207
-0.10661 -0.0070711 0.33485 0.16445 -0.026457 0.30108 0.039587 -0.026513 0.40649 0.0072399 -0.0052731 0.06802 -0.056058 -4.3659e-05 -0.049515 0.054473 -4.3659e-05 -0.051268 -0.19569 -0.20322 0.48888 0.21301 -0.23266 0.46035 -0.10058 -0.36264 0.63652 0.090519 -0.31619 0.64804 -0.074561 -0.41307 0.69793 0.013612 -0.32188 0.6968 -0.10447 0.035934 -0.43461 0.018391 0.06103 -0.43457 -0.11616 0.1227 -0.75684 -0.035996 0.12561 -0.75762 -0.14215 0.071399 -0.83058 -0.016406 0.062563 -0.82397 0.029567 -0.046154 0.60388
-0.10546 -0.014214 0.33236 0.16357 -0.035164 0.29979 0.039479 -0.035224 0.40586 0.0071466 -0.0053929 0.06802 -0.056796 5.1447e-05 -0.048664 0.055935 5.1447e-05 -0.049663 -0.17302 -0.21883 0.48775 0.21415 -0.24839 0.4493 -0.053743 -0.37825 0.61715 0.066809 -0.31597 0.62529 -0.038992 -0.42826 0.68231 -0.0035181 -0.32438 0.67522 -0.10651 0.033675 -0.43381 0.020908 0.060129 -0.43321 -0.12042 0.1191 -0.7563 -0.033318 0.12337 -0.75655 -0.1445 0.067112 -0.83016 -0.012551 0.060676 -0.82288 0.031748 -0.050951 0.60402
-0.10483 -0.020726 0.32856 0.16265 -0.042973 0.2995 0.037523 -0.045043 0.40504 0.0068509 -0.0060364 0.067981 -0.057495 0.00021404 -0.047855 0.057498 0.00021404 -0.047847 -0.14603 -0.23178 0.48441 0.21309 -0.26294 0.44037 -0.0081454 -0.38425 0.60152 0.039908 -0.30566 0.59434 0.0043299 -0.43234 0.66655 -0.023448 -0.31485 0.64502 -0.10825 0.031749 -0.43305 0.023947 0.059692 -0.43162 -0.12407 0.11613 -0.75572 -0.030327 0.12178 -0.75518 -0.14513 0.062881 -0.82994 -0.0084183 0.059442 -0.82147 0.034837 -0.072322 0.59912
-0.10317 -0.025839 0.32178 0.16176 -0.050023 0.29946 0.034627 -0.054428 0.4041 0.0065084 -0.0072264 0.067887 -0.05802 0.00047534 -0.047249 0.058936 0.00047534 -0.0461 -0.11602 -0.2407 0.47614 0.20372 -0.27477 0.4361 0.035206 -0.38082 0.58941 0.0059446 -0.28695 0.56095 0.059939 -0.42688 0.64832 -0.057225 -0.29411 0.61122 -0.10947 0.030396 -0.43248 0.026333 0.059706 -0.43 -0.12681 0.11396 -0.75529 -0.028149 0.12083 -0.7537 -0.14445 0.059198 -0.83 -0.0052738 0.058814 -0.81997 0.039435 -0.11125 0.58816
-0.098791 -0.029305 0.31259 0.16152 -0.060521 0.30057 0.033099 -0.06109 0.4033 0.0063908 -0.0084226 0.067769 -0.058027 0.00089521 -0.047225 0.059569 0.00089521 -0.04528 -0.092528 -0.24654 0.46481 0.18408 -0.28549 0.44039 0.064468 -0.37702 0.58236 -0.028403 -0.28033 0.54511 0.10657 -0.42199 0.63374 -0.092753 -0.28761 0.59593 -0.11017 0.029771 -0.43244 0.026734 0.059651 -0.42923 -0.12851 0.11255 -0.7554 -0.027813 0.12017 -0.75304 -0.14602 0.057822 -0.83004 -0.0044592 0.058307 -0.81929 0.044782 -0.15402 0.57392
-0.090219 -0.030927 0.30194 0.16261 -0.078666 0.30384 0.035238 -0.062753 0.40291 0.0067616 -0.0090502 0.067666 -0.057177 0.0015287 -0.048159 0.058705 0.0015287 -0.046254 -0.085602 -0.25036 0.45278 0.15316 -0.29676 0.45696 0.066926 -0.38214 0.58209 -0.055076 -0.30682 0.567 0.1209 -0.42793 0.62958 -0.11552 -0.32165 0.62156 -0.11037 0.030016 -0.43326 0.023895 0.058985 -0.43021 -0.12907 0.11184 -0.75644 -0.030261 0.11941 -0.7541 -0.15353 0.060543 -0.82972 -0.0072338 0.057424 -0.82034 0.049946 -0.18583 0.55961
-0.080657 -0.030558 0.29376 0.16491 -0.099696 0.30929 0.040025 -0.058989 0.40308 0.0074411 -0.008971 0.067608 -0.055719 0.002259 -0.049775 0.056415 0.002259 -0.048904 -0.10003 -0.25027 0.44393 0.12335 -0.30485 0.48121 0.033402 -0.3927 0.58964 -0.057048 -0.35943 0.62002 0.088232 -0.44032 0.63856 -0.1056 -0.38828 0.68071 -0.11015 0.031161 -0.43468 0.018624 0.057848 -0.43285 -0.12843 0.11204 -0.75813 -0.034691 0.11877 -0.75679 -0.16574 0.067128 -0.82897 -0.012795 0.056369 -0.82303 0.053038 -0.19811 0.54929
-0.077999 -0.028099 0.29496 0.1675 -0.10989 0.31596 0.043128 -0.051225 0.40381 0.0078067 -0.0084835 0.067625 -0.054489 0.0027972 -0.051149 0.053529 0.0027972 -0.052122 -0.13533 -0.24149 0.44365 0.12043 -0.30067 0.50029 -0.04175 -0.39236 0.60542 -0.0083308 -0.40322 0.6708 0.0024927 -0.44014 0.65938 -0.037695 -0.44529 0.73616 -0.10964 0.033123 -0.43584 0.013793 0.057058 -0.43608 -0.12657 0.11363 -0.75945 -0.038552 0.119 -0.75998 -0.17657 0.075319 -0.82793 -0.018281 0.056053 -0.82622 0.051214 -0.18857 0.54788
-0.089225 -0.023541 0.31149 0.16954 -0.096957 0.32284 0.040602 -0.041024 0.40506 0.007297 -0.0078889 0.067739 -0.05426 0.0028781 -0.051424 0.050874 0.0028781 -0.054826 -0.1898 -0.21988 0.45645 0.1672 -0.27634 0.5023 -0.16151 -0.36611 0.6291 0.11261 -0.40566 0.68786 -0.13904 -0.40988 0.68984 0.10842 -0.45337 0.75297 -0.10895 0.035791 -0.43595 0.0121 0.057374 -0.43883 -0.12352 0.11701 -0.75948 -0.039461 0.1208 -0.76257 -0.18029 0.082906 -0.82678 -0.020986 0.057305 -0.82882 0.042129 -0.15638 0.55947
-0.10946 -0.017795 0.33737 0.17125 -0.06801 0.32917 0.034153 -0.03055 0.40649 0.0062035 -0.0073161 0.067908 -0.054878 0.0025658 -0.050766 0.048858 0.0025658 -0.056642 -0.2514 -0.18964 0.47688 0.24829 -0.23962 0.48927 -0.30224 -0.31882 0.65267 0.27598 -0.37335 0.67221 -0.30757 -0.35513 0.71972 0.29625 -0.4195 0.73433 -0.10811 0.038792 -0.4352 0.013449 0.058609 -0.44074 -0.11969 0.12155 -0.75845 -0.037589 0.12375 -0.76422 -0.17735 0.089099 -0.82574 -0.020851 0.059772 -0.83046 0.029177 -0.11342 0.57892
-0.12668 -0.012326 0.35948 0.17345 -0.04183 0.33428 0.028894 -0.02233 0.40756 0.0053316 -0.0067902 0.06805 -0.055628 0.0021233 -0.04996 0.047644 0.0021233 -0.05763 -0.30188 -0.15992 0.49349 0.32539 -0.20768 0.47162 -0.42426 -0.26732 0.66353 0.42104 -0.3364 0.64438 -0.45529 -0.29535 0.734 0.4552 -0.37854 0.70639 -0.10709 0.041596 -0.43432 0.016056 0.06001 -0.44181 -0.11577 0.12605 -0.75725 -0.03465 0.12675 -0.76502 -0.17186 0.09397 -0.82505 -0.019413 0.062389 -0.83125 0.019213 -0.079229 0.59554
-0.13118 -0.008338 0.3673 0.17674 -0.033726 0.33771 0.028927 -0.018362 0.40784 0.005325 -0.006339 0.068099 -0.055909 0.0017808 -0.049664 0.047314 0.0017808 -0.057887 -0.32681 -0.13817 0.49694 0.36668 -0.1942 0.45823 -0.4953 -0.22555 0.65176 0.49818 -0.31965 0.6217 -0.54322 -0.2467 0.72071 0.52874 -0.35914 0.69035 -0.10586 0.043767 -0.43397 0.018361 0.060948 -0.4421 -0.11232 0.12948 -0.75663 -0.032139 0.12889 -0.76509 -0.16746 0.097638 -0.8249 -0.018022 0.064264 -0.83131 0.017666 -0.069279 0.60066
-0.12677 -0.005518 0.36588 0.1803 -0.038384 0.33989 0.032381 -0.017628 0.40759 0.0058717 -0.0060137 0.068081 -0.055797 0.0015705 -0.049795 0.047538 0.0015705 -0.057715 -0.33397 -0.12154 0.4904 0.37882 -0.19245 0.44869 -0.52644 -0.1901 0.62316 0.5232 -0.3161 0.6016 -0.5838 -0.2054 0.68558 0.54296 -0.35251 0.67758 -0.10451 0.045433 -0.43405 0.020175 0.061556 -0.44191 -0.10939 0.13198 -0.75651 -0.030198 0.13034 -0.76475 -0.16445 0.10043 -0.82509 -0.01688 0.065541 -0.83096 0.02162 -0.075264 0.59763
-0.12209 -0.0030172 0.36572 0.18278 -0.043233 0.34163 0.035281 -0.018045 0.40729 0.0063233 -0.0058738 0.068052 -0.055607 0.0014544 -0.050008 0.04784 0.0014544 -0.057483 -0.33898 -0.10355 0.48141 0.38204 -0.18848 0.43931 -0.54396 -0.15145 0.58907 0.53491 -0.30759 0.57454 -0.60759 -0.16064 0.64058 0.55302 -0.33671 0.64896 -0.10318 0.046917 -0.43421 0.021795 0.062234 -0.44163 -0.10683 0.13412 -0.7565 -0.028495 0.13164 -0.76434 -0.16201 0.10276 -0.82531 -0.015779 0.066728 -0.83056 0.02522 -0.080522 0.59401
-0.1231 -0.00024926 0.37383 0.18337 -0.039547 0.34346 0.034933 -0.018051 0.4073 0.0062421 -0.0059421 0.068052 -0.055568 0.0013995 -0.050052 0.047877 0.0013995 -0.05746 -0.35278 -0.07977 0.47511 0.39133 -0.17321 0.42737 -0.56745 -0.10427 0.55856 0.56146 -0.28288 0.53549 -0.63739 -0.10633 0.59613 0.59709 -0.29887 0.59416 -0.10197 0.048438 -0.43421 0.023412 0.063238 -0.44154 -0.10451 0.13628 -0.75633 -0.026809 0.13316 -0.76415 -0.15952 0.10491 -0.82535 -0.014599 0.068167 -0.83038 0.024448 -0.073645 0.59509
-0.12741 0.0025375 0.38601 0.18284 -0.030833 0.34508 0.032722 -0.017738 0.40749 0.0058612 -0.0061248 0.06807 -0.055637 0.0013889 -0.049976 0.047728 0.0013889 -0.057582 -0.37155 -0.052367 0.46901 0.40501 -0.15295 0.4133 -0.59516 -0.05658 0.53353 0.59695 -0.25278 0.49382 -0.67132 -0.051269 0.55781 0.65912 -0.2551 0.53083 -0.10089 0.049881 -0.43409 0.024882 0.064361 -0.44158 -0.10246 0.13833 -0.75606 -0.025278 0.13471 -0.7641 -0.15708 0.10679 -0.82526 -0.013489 0.069662 -0.83036 0.021136 -0.059975 0.59898
-0.13099 0.0049313 0.39589 0.18227 -0.023005 0.34607 0.030832 -0.017527 0.40766 0.0055453 -0.0063057 0.068081 -0.055715 0.0014087 -0.049889 0.047556 0.0014087 -0.057718 -0.38856 -0.024815 0.45914 0.41811 -0.13708 0.39816 -0.62105 -0.019037 0.51453 0.62876 -0.23245 0.46175 -0.70258 -0.0072328 0.53025 0.71237 -0.22719 0.4821 -0.099937 0.051066 -0.43398 0.025998 0.065306 -0.44164 -0.1007 0.14004 -0.7558 -0.024109 0.13601 -0.7641 -0.15489 0.10824 -0.82517 -0.012649 0.070918 -0.83038 0.018258 -0.048133 0.60239
-0.13169 0.0067101 0.40026 0.1823 -0.019386 0.3464 0.030423 -0.017563 0.40769 0.0054777 -0.0064081 0.068077 -0.055742 0.0014378 -0.049858 0.047472 0.0014378 -0.057783 -0.39827 -0.0027822 0.44702 0.42535 -0.13196 0.38555 -0.63633 -0.0017898 0.50631 0.64313 -0.2313 0.44956 -0.7208 0.013881 0.52101 0.73415 -0.22807 0.46495 -0.099141 0.051903 -0.43394 0.026744 0.065919 -0.44166 -0.09927 0.1413 -0.75565 -0.023325 0.13689 -0.76406 -0.15308 0.10917 -0.82515 -0.012103 0.071785 -0.83036 0.017447 -0.042718 0.60351
-0.13092 0.0080023 0.40178 0.18269 -0.018531 0.3469 0.030768 -0.017493 0.40766 0.0055077 -0.0064281 0.068072 -0.055724 0.0014414 -0.049879 0.04749 0.0014414 -0.057769 -0.39745 0.0040261 0.4443 0.42097 -0.13846 0.38368 -0.62715 -0.014043 0.52146 0.62428 -0.24819 0.46393 -0.70901 -5.9014e-05 0.543 0.70926 -0.25438 0.48499 -0.098561 0.052467 -0.43394 0.02746 0.06631 -0.44161 -0.098206 0.14223 -0.75555 -0.022611 0.13751 -0.76397 -0.15157 0.10965 -0.82521 -0.011542 0.072388 -0.83029 0.017856 -0.040915 0.60334
-0.13037 0.0089735 0.40364 0.18313 -0.018497 0.3484 0.030962 -0.01693 0.40765 0.0054564 -0.0063713 0.068083 -0.055673 0.0013857 -0.049935 0.047608 0.0013857 -0.057682 -0.38329 -0.014055 0.46317 0.39945 -0.15669 0.40084 -0.57972 -0.064265 0.5726 0.55708 -0.2806 0.51065 -0.6503 -0.060421 0.60879 0.62424 -0.30071 0.54597 -0.098257 0.052852 -0.43397 0.0285 0.066618 -0.44151 -0.097534 0.14297 -0.75548 -0.021635 0.13799 -0.76382 -0.15023 0.10978 -0.82535 -0.010647 0.072879 -0.83015 0.0184 -0.039198 0.60313
-0.1305 0.0097753 0.40666 0.18342 -0.01783 0.35008 0.03084 -0.01603 0.40769 0.0053513 -0.0062887 0.068101 -0.055646 0.0013006 -0.049967 0.047678 0.0013006 -0.057636 -0.35822 -0.053459 0.50126 0.36335 -0.18207 0.43358 -0.49783 -0.14335 0.6502 0.45036 -0.31965 0.57993 -0.54879 -0.15667 0.70497 0.49132 -0.35365 0.63352 -0.09808 0.053163 -0.43396 0.029491 0.066917 -0.44145 -0.097047 0.14361 -0.75538 -0.020653 0.13845 -0.76372 -0.14885 0.10966 -0.82554 -0.0097232 0.073347 -0.83006 0.018791 -0.036478 0.60337
-0.13037 0.010544 0.40907 0.18349 -0.015616 0.34926 0.031052 -0.015551 0.40769 0.0054489 -0.0062814 0.068093 -0.055739 0.0012872 -0.049864 0.04739 0.0012872 -0.057866 -0.33047 -0.095991 0.54002 0.32418 -0.20488 0.46542 -0.4047 -0.22277 0.7202 0.33947 -0.34933 0.64482 -0.43188 -0.25405 0.78944 0.35119 -0.39092 0.7133 -0.09765 0.053519 -0.43387 0.029262 0.067215 -0.44163 -0.09628 0.14421 -0.75521 -0.020566 0.13894 -0.7639 -0.14706 0.10942 -0.82571 -0.0097641 0.073815 -0.83026 0.019618 -0.034358 0.6037
-0.12899 0.01136 0.40915 0.18338 -0.011267 0.34368 0.03229 -0.016157 0.40759 0.0059911 -0.0064344 0.068026 -0.056047 0.0014313 -0.04952 0.046475 0.0014313 -0.058576 -0.30781 -0.12412 0.56152 0.2932 -0.21606 0.4807 -0.32308 -0.27511 0.75017 0.25853 -0.35484 0.67971 -0.32659 -0.31908 0.82229 0.24316 -0.39207 0.75278 -0.096632 0.053992 -0.43362 0.026758 0.067505 -0.44222 -0.094846 0.14477 -0.75494 -0.022191 0.13945 -0.76458 -0.14458 0.10915 -0.8258 -0.011655 0.074284 -0.83094 0.021523 -0.034361 0.60372
-0.12588 0.011641 0.4074 0.1844 -0.0078578 0.337 0.035225 -0.01699 0.40732 0.0068985 -0.0066027 0.067921 -0.056581 0.0015927 -0.048909 0.045301 0.0015927 -0.059485 -0.28905 -0.13764 0.56538 0.27317 -0.218 0.48205 -0.25801 -0.29871 0.74296 0.20975 -0.33993 0.68576 -0.24123 -0.34886 0.80819 0.17226 -0.36433 0.75427 -0.095373 0.054112 -0.4332 0.022849 0.067657 -0.44297 -0.093442 0.14482 -0.75455 -0.024909 0.1397 -0.76549 -0.14202 0.10827 -0.82575 -0.014511 0.074505 -0.83186 0.025208 -0.035338 0.60342
-0.12089 0.010359 0.40581 0.18869 -0.010907 0.33682 0.040514 -0.016173 0.40683 0.0078775 -0.0064876 0.067832 -0.057299 0.0014804 -0.048062 0.044655 0.0014804 -0.059989 -0.26701 -0.14788 0.56297 0.26115 -0.2207 0.48427 -0.20264 -0.30918 0.72499 0.17411 -0.32075 0.68207 -0.17154 -0.36096 0.7816 0.1206 -0.33343 0.74333 -0.094675 0.053047 -0.43263 0.019687 0.067454 -0.44335 -0.093491 0.14358 -0.75402 -0.027139 0.13916 -0.76608 -0.14065 0.10578 -0.82549 -0.016262 0.074069 -0.83246 0.031419 -0.034354 0.60303
-0.1141 0.006682 0.40575 0.19762 -0.02477 0.34889 0.048409 -0.012537 0.4061 0.0086735 -0.0058951 0.067799 -0.058145 0.00086385 -0.047027 0.045197 0.00086385 -0.059583 -0.23579 -0.16467 0.56386 0.25407 -0.23262 0.49984 -0.15062 -0.32063 0.71874 0.13471 -0.311 0.68478 -0.11312 -0.37142 0.77204 0.071988 -0.32068 0.74152 -0.095208 0.050172 -0.43191 0.019079 0.066738 -0.4429 -0.09613 0.14047 -0.75335 -0.027555 0.13745 -0.76587 -0.14148 0.10092 -0.82501 -0.01521 0.07267 -0.83227 0.040431 -0.029597 0.60266
-0.10699 0.0010681 0.40433 0.2076 -0.046089 0.36645 0.056568 -0.0095621 0.40522 0.0093081 -0.0053161 0.067769 -0.058992 -8.2286e-05 -0.045963 0.046702 -8.2286e-05 -0.058405 -0.19834 -0.18665 0.56506 0.24866 -0.25135 0.52481 -0.099835 -0.33591 0.7189 0.09073 -0.30715 0.68916 -0.061839 -0.3844 0.7739 0.023836 -0.3168 0.74221 -0.096738 0.046232 -0.43115 0.020461 0.06571 -0.44172 -0.10059 0.13629 -0.75264 -0.026559 0.13504 -0.76494 -0.14392 0.094733 -0.82441 -0.012147 0.070706 -0.83135 0.049524 -0.026609 0.60195
-0.10159 -0.0055179 0.39703 0.21302 -0.068473 0.37779 0.061628 -0.012555 0.40432 0.0099114 -0.005511 0.067652 -0.059686 -0.0010242 -0.045075 0.048602 -0.0010242 -0.056851 -0.16112 -0.20809 0.55861 0.24156 -0.27021 0.54883 -0.049832 -0.35342 0.70926 0.04772 -0.29889 0.68224 -0.013678 -0.39934 0.76778 -0.021119 -0.30054 0.7277 -0.09868 0.042514 -0.43047 0.022341 0.064714 -0.44017 -0.10534 0.13233 -0.75199 -0.025233 0.13273 -0.76359 -0.14678 0.088946 -0.82384 -0.0088445 0.068853 -0.83001 0.054795 -0.033829 0.60029
-0.099227 -0.012236 0.38111 0.21022 -0.087638 0.37589 0.061253 -0.024659 0.40352 0.010537 -0.0069591 0.067394 -0.060086 -0.0016775 -0.04455 0.050451 -0.0016775 -0.055223 -0.1292 -0.22458 0.53949 0.22988 -0.28585 0.56212 -0.0014329 -0.36994 0.68027 0.011056 -0.2805 0.65589 0.033582 -0.41392 0.74139 -0.059471 -0.2608 0.68767 -0.10055 0.039969 -0.43001 0.023578 0.064023 -0.4385 -0.10924 0.12956 -0.75156 -0.024413 0.13114 -0.76205 -0.14912 0.084814 -0.82347 -0.0066332 0.067619 -0.82849 0.05363 -0.05586 0.59747
-0.098587 -0.018697 0.36036 0.20227 -0.10684 0.37018 0.056776 -0.041288 0.40284 0.010963 -0.0091357 0.06707 -0.060105 -0.0019356 -0.044511 0.052255 -0.0019356 -0.053503 -0.1026 -0.23639 0.51326 0.21225 -0.30672 0.55708 0.040068 -0.37642 0.64635 -0.014481 -0.26252 0.61919 0.075775 -0.41943 0.70782 -0.085489 -0.22293 0.63836 -0.10223 0.038347 -0.42994 0.024299 0.063664 -0.43672 -0.11249 0.12766 -0.75151 -0.024043 0.13012 -0.76035 -0.15105 0.081889 -0.8235 -0.0052578 0.066926 -0.8268 0.047996 -0.083625 0.59469
-0.097793 -0.024611 0.33996 0.19378 -0.13097 0.37375 0.05035 -0.056148 0.40229 0.010912 -0.011294 0.066782 -0.059668 -0.0017323 -0.045064 0.054118 -0.0017323 -0.051602 -0.080264 -0.24487 0.4878 0.18769 -0.34382 0.52664 0.068396 -0.36263 0.62716 -0.02427 -0.25906 0.58504 0.10732 -0.40583 0.68573 -0.092952 -0.22022 0.60186 -0.10369 0.037131 -0.43041 0.024913 0.063608 -0.43478 -0.11559 0.12603 -0.75204 -0.02387 0.12941 -0.75847 -0.15286 0.079348 -0.82409 -0.0041128 0.066562 -0.82496 0.040876 -0.10504 0.59341
-0.095598 -0.029389 0.32373 0.18699 -0.15749 0.38905 0.044197 -0.064876 0.40191 0.010331 -0.012866 0.066601 -0.058863 -0.0010958 -0.046102 0.055889 -0.0010958 -0.04971 -0.063043 -0.25076 0.46857 0.1593 -0.39423 0.47336 0.080208 -0.32891 0.63102 -0.017318 -0.27454 0.56286 0.12482 -0.37306 0.68372 -0.080216 -0.2631 0.59129 -0.10485 0.036188 -0.43138 0.025607 0.063825 -0.43287 -0.11849 0.12462 -0.75307 -0.023678 0.12896 -0.75663 -0.15453 0.077075 -0.82518 -0.0029322 0.066486 -0.82318 0.034367 -0.11418 0.59373
-0.092049 -0.031836 0.31265 0.17929 -0.16862 0.39677 0.040689 -0.067061 0.40177 0.0096403 -0.013652 0.066539 -0.058113 -0.00024811 -0.047076 0.056899 -0.00024811 -0.048587 -0.055737 -0.25358 0.45604 0.13854 -0.42653 0.41943 0.078151 -0.29731 0.64297 -5.5165e-05 -0.29353 0.55499 0.12927 -0.34162 0.68972 -0.055009 -0.31523 0.60152 -0.10558 0.03617 -0.43226 0.026115 0.064292 -0.43177 -0.12006 0.12443 -0.75396 -0.02332 0.12924 -0.75555 -0.15532 0.076393 -0.82614 -0.0021458 0.066997 -0.82218 0.028754 -0.11776 0.59289
-0.087389 -0.030727 0.30731 0.16766 -0.14538 0.37561 0.042124 -0.062815 0.40197 0.0093065 -0.013506 0.066601 -0.057871 0.00056748 -0.047395 0.056436 0.00056748 -0.049039 -0.063485 -0.25272 0.45006 0.13762 -0.40679 0.3889 0.0655 -0.29194 0.64563 0.020405 -0.29859 0.56278 0.12214 -0.33396 0.68949 -0.025955 -0.33549 0.62515 -0.10575 0.037796 -0.43245 0.026128 0.064981 -0.43228 -0.11904 0.1266 -0.75404 -0.022661 0.13077 -0.75598 -0.15444 0.078763 -0.82628 -0.0022499 0.068423 -0.82272 0.024105 -0.12382 0.58789
-0.083135 -0.026313 0.30787 0.15354 -0.09071 0.32685 0.047751 -0.053598 0.40253 0.0094268 -0.012536 0.066765 -0.058203 0.0011876 -0.046971 0.054554 0.0011876 -0.051023 -0.08664 -0.2482 0.45033 0.15918 -0.33584 0.38833 0.041857 -0.31653 0.63561 0.04471 -0.28717 0.58331 0.10113 -0.35438 0.68075 0.0068399 -0.31559 0.65524 -0.10527 0.040987 -0.43186 0.025802 0.065804 -0.43435 -0.11532 0.13109 -0.75319 -0.021552 0.13348 -0.75786 -0.15175 0.084156 -0.8255 -0.003106 0.070685 -0.82473 0.020799 -0.13287 0.57957
-0.082355 -0.020661 0.31398 0.14387 -0.034302 0.27936 0.053091 -0.04252 0.40335 0.0096479 -0.011163 0.066986 -0.058712 0.0015465 -0.046319 0.05224 0.0015465 -0.053454 -0.1197 -0.2408 0.4564 0.19414 -0.2569 0.4028 0.0023348 -0.34993 0.6266 0.082991 -0.27491 0.60844 0.059404 -0.38503 0.67587 0.053685 -0.28734 0.68539 -0.10418 0.044682 -0.43104 0.025861 0.066595 -0.43688 -0.11011 0.13645 -0.75202 -0.019835 0.13657 -0.76015 -0.14796 0.090732 -0.82438 -0.0037994 0.073205 -0.82713 0.01959 -0.13621 0.57342
-0.087936 -0.015841 0.32513 0.14536 -0.0056505 0.26184 0.053734 -0.032661 0.40435 0.0096092 -0.0098088 0.067214 -0.058989 0.0015929 -0.045967 0.050484 0.0015929 -0.055246 -0.157 -0.23122 0.46757 0.23304 -0.21319 0.41669 -0.057699 -0.37044 0.63231 0.14505 -0.27746 0.62987 -0.0094846 -0.4074 0.68709 0.12462 -0.28294 0.70931 -0.10252 0.047816 -0.43057 0.027005 0.067198 -0.43876 -0.10466 0.14124 -0.75113 -0.017375 0.13922 -0.76178 -0.14379 0.096625 -0.82353 -0.0034303 0.075401 -0.82883 0.021165 -0.12534 0.57482
-0.098838 -0.012476 0.33923 0.15703 -0.0082095 0.27658 0.049429 -0.02529 0.40541 0.0092299 -0.0086515 0.067426 -0.058931 0.0013917 -0.046047 0.0495 0.0013917 -0.056161 -0.19557 -0.21895 0.48055 0.27078 -0.21069 0.42284 -0.13544 -0.3703 0.65173 0.22778 -0.29509 0.64165 -0.10227 -0.41286 0.71216 0.2169 -0.30591 0.7219 -0.10045 0.050102 -0.43056 0.029151 0.067622 -0.43975 -0.099574 0.14497 -0.75072 -0.01438 0.14122 -0.76252 -0.13961 0.1012 -0.82313 -0.0019709 0.077109 -0.82962 0.02496 -0.10192 0.58344
-0.11112 -0.010118 0.35306 0.17221 -0.026184 0.30636 0.043003 -0.020339 0.40635 0.008637 -0.0076891 0.067616 -0.058656 0.0010939 -0.046403 0.048929 0.0010939 -0.056588 -0.23442 -0.20253 0.49005 0.30548 -0.22792 0.4203 -0.22259 -0.35201 0.67296 0.31856 -0.3167 0.63953 -0.20851 -0.40014 0.73817 0.31835 -0.33857 0.71896 -0.098248 0.051834 -0.43085 0.031635 0.068 -0.44021 -0.094961 0.1479 -0.75062 -0.011315 0.14274 -0.76279 -0.13558 0.10471 -0.82306 -3.8987e-05 0.078471 -0.82991 0.029479 -0.075201 0.59469
-0.12077 -0.0082923 0.36335 0.18407 -0.04333 0.33348 0.037352 -0.017705 0.40701 0.0079619 -0.0069154 0.067778 -0.058291 0.00085249 -0.046869 0.048401 0.00085249 -0.056932 -0.27262 -0.18048 0.49077 0.33533 -0.24272 0.40829 -0.31073 -0.31835 0.68386 0.40454 -0.33091 0.6193 -0.31762 -0.36813 0.75193 0.41658 -0.36273 0.69631 -0.096177 0.053314 -0.43125 0.033777 0.068469 -0.44055 -0.090918 0.15028 -0.75071 -0.0086483 0.144 -0.76301 -0.13182 0.10747 -0.82319 0.001733 0.079638 -0.83014 0.033208 -0.054575 0.6039
-0.12378 -0.0065265 0.36684 0.18582 -0.0434 0.34026 0.035375 -0.01729 0.40722 0.0073363 -0.0063242 0.067906 -0.057961 0.00082052 -0.047282 0.047542 0.00082052 -0.057597 -0.30923 -0.15132 0.4774 0.35852 -0.23298 0.38604 -0.39141 -0.27206 0.6723 0.47287 -0.32637 0.57677 -0.41898 -0.3157 0.74025 0.49918 -0.36019 0.64975 -0.094504 0.054848 -0.43158 0.0349 0.069165 -0.44116 -0.087545 0.15238 -0.75081 -0.0068501 0.14521 -0.76358 -0.12846 0.10975 -0.82338 0.0027126 0.080759 -0.83074 0.034632 -0.049451 0.60637
-0.11615 -0.0043465 0.36027 0.17063 -0.010149 0.30902 0.03997 -0.01899 0.40683 0.0068918 -0.005909 0.067994 -0.05779 0.001151 -0.047476 0.045982 0.001151 -0.058986 -0.34332 -0.11356 0.44461 0.37324 -0.17654 0.35276 -0.45622 -0.21592 0.62612 0.5107 -0.2917 0.50772 -0.502 -0.24174 0.68997 0.55375 -0.31277 0.57511 -0.0935 0.056741 -0.43164 0.034326 0.070224 -0.44244 -0.084941 0.15448 -0.7508 -0.0063898 0.14656 -0.76494 -0.12564 0.11185 -0.82351 0.002267 0.081985 -0.83214 0.032235 -0.069234 0.59743
