-0.14257 0.0035712 0.32595 0.14161 -0.0052966 0.33073 -0.0018441 -0.0032639 0.40905 -0.00073739 0.0045181 0.068444 -0.052689 -0.0011334 -0.053081 0.053415 -0.0011334 -0.052351 -0.24789 -0.11413 0.11216 0.19258 -0.099082 0.087306 -0.095532 -0.2629 0.2162 0.097274 -0.27723 0.21119 -0.055946 -0.29134 0.28301 0.076557 -0.34378 0.2557 -0.076915 0.079999 -0.43357 0.063967 0.071065 -0.43526 -0.07686 0.1545 -0.75906 0.05069 0.16046 -0.7567 -0.080415 0.075628 -0.80933 0.043453 0.089788 -0.81765 0.013897 -0.066912 0.5951
-0.14259 0.0032481 0.32605 0.14175 -0.0050009 0.33088 -0.001791 -0.0033256 0.40904 -0.00074267 0.0045554 0.068441 -0.052705 -0.0011516 -0.053065 0.05338 -0.0011516 -0.052386 -0.24635 -0.116 0.11229 0.19622 -0.094447 0.086262 -0.091924 -0.26532 0.21316 0.092591 -0.26916 0.20948 -0.048293 -0.29246 0.27506 0.06516 -0.33128 0.25583 -0.077436 0.079733 -0.43358 0.06348 0.070985 -0.43532 -0.077504 0.15421 -0.75906 0.050007 0.16039 -0.75674 -0.07396 0.083517 -0.81203 0.044623 0.08759 -0.81517 0.014666 -0.066777 0.5951
-0.14268 0.0030953 0.3263 0.14187 -0.0049673 0.33098 -0.0017292 -0.0033709 0.40904 -0.00073716 0.0045943 0.068438 -0.05274 -0.001154 -0.053031 0.053368 -0.001154 -0.052398 -0.2466 -0.11555 0.11226 0.1999 -0.089047 0.085264 -0.092684 -0.26675 0.21126 0.09774 -0.26516 0.20755 -0.049792 -0.29399 0.2728 0.069642 -0.32592 0.25522 -0.07783 0.079549 -0.43356 0.063044 0.07086 -0.43537 -0.078001 0.154 -0.75905 0.049371 0.16029 -0.75678 -0.072941 0.085022 -0.81259 0.04539 0.085675 -0.81297 0.01542 -0.066693 0.59507
-0.14282 0.0030887 0.32665 0.14199 -0.0051303 0.33106 -0.0016572 -0.0033994 0.40904 -0.0007218 0.0046365 0.068436 -0.052788 -0.0011446 -0.052983 0.053373 -0.0011446 -0.052394 -0.24808 -0.11317 0.11199 0.20354 -0.083158 0.084327 -0.096623 -0.26729 0.20998 0.10973 -0.26415 0.20523 -0.057785 -0.29571 0.27428 0.085278 -0.32584 0.25367 -0.07813 0.079427 -0.43352 0.062646 0.070691 -0.4354 -0.078394 0.15386 -0.75902 0.048769 0.16015 -0.7568 -0.075715 0.082089 -0.81164 0.045822 0.084012 -0.81105 0.016147 -0.066675 0.59502
-0.14298 0.0032039 0.32708 0.14209 -0.0054241 0.33111 -0.0015737 -0.0034108 0.40903 -0.00069756 0.0046838 0.068433 -0.052847 -0.0011274 -0.052924 0.053388 -0.0011274 -0.052378 -0.25023 -0.10925 0.11143 0.20702 -0.077054 0.08347 -0.10255 -0.26706 0.20881 0.12557 -0.26504 0.20239 -0.069609 -0.29738 0.27752 0.10735 -0.32917 0.25097 -0.07837 0.079346 -0.43347 0.062275 0.070476 -0.43544 -0.078725 0.15377 -0.75897 0.048186 0.15997 -0.75682 -0.080638 0.076665 -0.80984 0.045987 0.082572 -0.80937 0.016836 -0.06674 0.59495
-0.14316 0.003417 0.32757 0.14221 -0.0057828 0.33115 -0.0014774 -0.0034047 0.40903 -0.00066537 0.0047381 0.06843 -0.052912 -0.0011064 -0.052859 0.053408 -0.0011064 -0.052358 -0.25251 -0.10416 0.11051 0.21027 -0.071009 0.082708 -0.10929 -0.26617 0.20722 0.14228 -0.26675 0.19887 -0.082606 -0.29877 0.28053 0.13112 -0.33402 0.24692 -0.078584 0.079287 -0.43341 0.06192 0.070215 -0.43548 -0.079037 0.1537 -0.75892 0.047608 0.15976 -0.75683 -0.086069 0.070697 -0.80785 0.045952 0.081325 -0.80794 0.017474 -0.066902 0.59484
-0.14333 0.0037037 0.32808 0.14233 -0.0061407 0.33118 -0.001367 -0.0033807 0.40902 -0.0006262 0.0048012 0.068426 -0.052981 -0.0010858 -0.05279 0.053427 -0.0010858 -0.052339 -0.25435 -0.098288 0.10916 0.21318 -0.065299 0.082058 -0.11564 -0.26474 0.20469 0.15686 -0.26819 0.19454 -0.094115 -0.29964 0.28136 0.15188 -0.33853 0.24132 -0.078803 0.079228 -0.43335 0.061567 0.069907 -0.43553 -0.079373 0.15365 -0.75885 0.047019 0.1595 -0.75686 -0.090365 0.066131 -0.80631 0.045786 0.080241 -0.80673 0.018051 -0.067175 0.59468
-0.14348 0.0040397 0.32859 0.14248 -0.0064321 0.33123 -0.0012411 -0.0033386 0.40902 -0.00058099 0.0048749 0.068421 -0.05305 -0.0010694 -0.052722 0.053439 -0.0010694 -0.052327 -0.25522 -0.092024 0.10733 0.21566 -0.060199 0.081537 -0.12041 -0.26289 0.20069 0.16633 -0.26828 0.18924 -0.10148 -0.29976 0.27802 0.16489 -0.34082 0.23397 -0.079062 0.07915 -0.43329 0.061206 0.06955 -0.4356 -0.079775 0.15358 -0.75879 0.046407 0.1592 -0.7569 -0.091883 0.064914 -0.80589 0.045557 0.079292 -0.80573 0.018554 -0.067575 0.59449
-0.1436 0.0044011 0.32907 0.14266 -0.0065912 0.3313 -0.0010985 -0.0032779 0.40901 -0.00053069 0.0049611 0.068415 -0.053114 -0.0010615 -0.052657 0.053438 -0.0010615 -0.052328 -0.25454 -0.085751 0.10495 0.21762 -0.055982 0.081162 -0.12242 -0.26072 0.19471 0.1677 -0.26591 0.18283 -0.10203 -0.2989 0.26854 0.16545 -0.33902 0.22465 -0.079393 0.079032 -0.43323 0.060824 0.069144 -0.43568 -0.080286 0.15349 -0.75873 0.045756 0.15885 -0.75695 -0.088981 0.068992 -0.80724 0.045333 0.078446 -0.80492 0.018973 -0.068117 0.59424
-0.14366 0.0047632 0.32949 0.14288 -0.006554 0.3314 -0.00093793 -0.0031987 0.409 -0.00047632 0.0050615 0.068408 -0.053171 -0.0010659 -0.0526 0.053419 -0.0010659 -0.052348 -0.2518 -0.079849 0.10195 0.21896 -0.052917 0.080948 -0.12051 -0.25836 0.18623 0.15807 -0.26006 0.17516 -0.093189 -0.29682 0.25101 0.14896 -0.33131 0.21319 -0.07983 0.078854 -0.43319 0.06041 0.068688 -0.43579 -0.080949 0.15334 -0.75867 0.045053 0.15845 -0.75703 -0.080074 0.080251 -0.81097 0.045178 0.077674 -0.80428 0.019294 -0.068815 0.59393
-0.14367 0.0050907 0.32983 0.14312 -0.0063197 0.33152 -0.00076736 -0.0031119 0.40899 -0.00042127 0.0051731 0.068399 -0.053214 -0.0010819 -0.052556 0.053377 -0.0010819 -0.052391 -0.24703 -0.0746 0.098456 0.21965 -0.050985 0.080859 -0.11449 -0.25579 0.17524 0.13798 -0.25081 0.16646 -0.075304 -0.29359 0.22604 0.11644 -0.31792 0.19996 -0.080396 0.07861 -0.43315 0.059963 0.068195 -0.43593 -0.08179 0.15314 -0.75862 0.044286 0.15801 -0.75714 -0.065699 0.09838 -0.81669 0.045038 0.076929 -0.80378 0.019509 -0.069641 0.59358
-0.14364 0.0053346 0.33008 0.14336 -0.0059671 0.33165 -0.00060584 -0.0030425 0.40898 -0.00037192 0.0052875 0.068391 -0.053237 -0.0011032 -0.052532 0.053308 -0.0011032 -0.05246 -0.241 -0.070163 0.094777 0.21973 -0.049809 0.080797 -0.10543 -0.25289 0.16233 0.11233 -0.23977 0.15737 -0.052394 -0.28966 0.19738 0.075913 -0.30166 0.18609 -0.081099 0.078309 -0.43314 0.059498 0.067692 -0.43609 -0.082817 0.15287 -0.7586 0.043447 0.15752 -0.75728 -0.049063 0.1203 -0.82268 0.044707 0.076138 -0.80333 0.019611 -0.070518 0.59323
-0.14358 0.0054452 0.33022 0.14357 -0.0055803 0.33176 -0.00047317 -0.0030163 0.40897 -0.00033483 0.0053956 0.068383 -0.053234 -0.0011231 -0.052535 0.05321 -0.0011231 -0.05256 -0.23455 -0.066685 0.091244 0.21925 -0.04899 0.080659 -0.094434 -0.24952 0.14814 0.086263 -0.22862 0.14856 -0.028712 -0.2855 0.16896 0.035838 -0.2855 0.17272 -0.081949 0.077962 -0.43315 0.05903 0.067207 -0.43628 -0.084038 0.15253 -0.7586 0.042531 0.157 -0.75745 -0.033541 0.14274 -0.82717 0.043969 0.07523 -0.80284 0.019593 -0.071365 0.59292
-0.14351 0.0053724 0.33023 0.1437 -0.005243 0.33183 -0.00038914 -0.0030592 0.40896 -0.00031657 0.0054883 0.068376 -0.053197 -0.0011348 -0.052572 0.053078 -0.0011348 -0.052692 -0.22849 -0.064317 0.088191 0.21827 -0.048127 0.080339 -0.082652 -0.24553 0.13331 0.064936 -0.21904 0.14072 -0.008513 -0.28156 0.14474 0.0046835 -0.27241 0.16102 -0.082953 0.077582 -0.43318 0.058573 0.06677 -0.43649 -0.085459 0.15211 -0.75865 0.04153 0.15646 -0.75767 -0.02251 0.16247 -0.82835 0.042609 0.074133 -0.80223 0.01945 -0.0721 0.59269
-0.14343 0.0050692 0.3301 0.14375 -0.0050316 0.33184 -0.00035855 -0.0032078 0.40896 -0.00032258 0.0055496 0.068373 -0.053124 -0.0011301 -0.052646 0.052916 -0.0011301 -0.052854 -0.22347 -0.063109 0.085844 0.21692 -0.047036 0.079801 -0.071188 -0.24102 0.11855 0.051866 -0.2123 0.13433 0.0052014 -0.27838 0.12737 -0.012079 -0.26445 0.15183 -0.084119 0.077167 -0.43324 0.058128 0.066401 -0.43673 -0.087098 0.1516 -0.75873 0.040415 0.15588 -0.75793 -0.018101 0.17719 -0.82527 0.040621 0.072854 -0.80151 0.019193 -0.072646 0.59258
-0.14329 0.0044962 0.32984 0.14373 -0.0050002 0.33176 -0.00034399 -0.0035299 0.40895 -0.00035512 0.0055432 0.068375 -0.053028 -0.0010969 -0.052744 0.05274 -0.0010969 -0.053031 -0.21962 -0.062835 0.084129 0.21559 -0.046144 0.079191 -0.061088 -0.23676 0.10475 0.045958 -0.20857 0.12934 0.012966 -0.27662 0.11588 -0.017428 -0.26117 0.14509 -0.08544 0.076686 -0.43333 0.057653 0.066101 -0.43697 -0.089003 0.15095 -0.75885 0.039094 0.15524 -0.75822 -0.018934 0.18738 -0.81926 0.038582 0.071622 -0.80096 0.018894 -0.072934 0.59263
-0.14305 0.0036154 0.32945 0.14367 -0.0051994 0.33157 -0.00030064 -0.0040984 0.40895 -0.00041589 0.0054292 0.068383 -0.052923 -0.001022 -0.05285 0.052569 -0.001022 -0.053202 -0.217 -0.063221 0.082923 0.21468 -0.045982 0.078686 -0.053392 -0.23362 0.092875 0.045303 -0.20781 0.12562 0.015933 -0.27699 0.10865 -0.015822 -0.26165 0.14058 -0.086912 0.076102 -0.43343 0.057096 0.065866 -0.43719 -0.091229 0.15011 -0.759 0.037464 0.1545 -0.75852 -0.023018 0.19402 -0.81208 0.037176 0.070707 -0.80094 0.018631 -0.072896 0.59288
-0.14266 0.0023887 0.32894 0.14361 -0.0056797 0.33124 -0.00018365 -0.0049863 0.40894 -0.00050657 0.0051678 0.068401 -0.052825 -0.00089271 -0.05295 0.052423 -0.00089271 -0.053348 -0.21565 -0.063991 0.082103 0.21463 -0.047083 0.078463 -0.049135 -0.2325 0.083847 0.047996 -0.20998 0.12301 0.015256 -0.28019 0.10406 -0.01172 -0.26497 0.1381 -0.088527 0.075376 -0.43355 0.056409 0.065693 -0.4374 -0.09383 0.14903 -0.75918 0.035424 0.15361 -0.75883 -0.028358 0.19806 -0.80548 0.037082 0.070379 -0.80176 0.018483 -0.072467 0.59338
-0.14208 0.00080184 0.3283 0.14358 -0.0064785 0.33075 4.8245e-05 -0.006249 0.40895 -0.00062624 0.0047282 0.068428 -0.052748 -0.00069935 -0.05303 0.052319 -0.00069935 -0.053453 -0.21558 -0.064898 0.081557 0.21579 -0.049881 0.078678 -0.049143 -0.23412 0.078522 0.052286 -0.21495 0.1214 0.011966 -0.28666 0.10081 -0.0089012 -0.27025 0.13749 -0.090272 0.074481 -0.43366 0.055552 0.065575 -0.43756 -0.096839 0.14767 -0.75937 0.032897 0.15256 -0.75913 -0.033172 0.2004 -0.801 0.038854 0.070872 -0.80371 0.018514 -0.071601 0.59413
-0.14136 -0.00099829 0.32767 0.1436 -0.0075454 0.33013 0.00041216 -0.0078211 0.40894 -0.00075606 0.0041419 0.068462 -0.052698 -0.00045601 -0.053082 0.052254 -0.00045601 -0.05352 -0.21645 -0.065877 0.081265 0.21805 -0.054145 0.079311 -0.05279 -0.23804 0.077109 0.057489 -0.22205 0.1209 0.0062432 -0.29506 0.099865 -0.0065045 -0.27678 0.13912 -0.092076 0.073457 -0.43377 0.054557 0.065501 -0.43769 -0.10013 0.1461 -0.75957 0.029986 0.15137 -0.75941 -0.037136 0.20144 -0.79864 0.042154 0.072193 -0.80654 0.01867 -0.070418 0.59508
-0.14058 -0.0027969 0.32718 0.14372 -0.0087927 0.32944 0.00091505 -0.0095867 0.40894 -0.00086961 0.0034667 0.068499 -0.052678 -0.00018667 -0.053103 0.052214 -0.00018667 -0.053559 -0.2178 -0.066943 0.081246 0.22111 -0.059362 0.080275 -0.058844 -0.24338 0.079555 0.063369 -0.23035 0.1217 -0.0020862 -0.30332 0.10308 -0.0017195 -0.2839 0.14353 -0.093847 0.072371 -0.43386 0.053489 0.065455 -0.43779 -0.10353 0.14442 -0.75975 0.02687 0.15012 -0.75967 -0.040533 0.20135 -0.79778 0.04627 0.074253 -0.80983 0.01885 -0.069101 0.59612
-0.13982 -0.0043789 0.32698 0.14397 -0.010133 0.3287 0.0015638 -0.01143 0.40892 -0.0009405 0.00276 0.068533 -0.052693 8.4665e-05 -0.053089 0.05219 8.4665e-05 -0.053584 -0.21916 -0.068109 0.081516 0.22466 -0.065022 0.08148 -0.066068 -0.24922 0.085803 0.069691 -0.23892 0.124 -0.013198 -0.30934 0.11235 0.0082707 -0.29097 0.1513 -0.095489 0.071293 -0.43393 0.052411 0.06542 -0.43787 -0.10685 0.14274 -0.7599 0.023728 0.14886 -0.7599 -0.04365 0.20035 -0.7978 0.050492 0.07696 -0.81315 0.018953 -0.067837 0.59714
-0.13915 -0.0055368 0.3272 0.14437 -0.011479 0.32797 0.0023631 -0.013237 0.4089 -0.00094355 0.0020779 0.06856 -0.052744 0.00033461 -0.053037 0.052169 0.00033461 -0.053604 -0.22009 -0.069384 0.082094 0.22841 -0.070617 0.082836 -0.073288 -0.25467 0.09578 0.076248 -0.24688 0.12798 -0.027259 -0.31116 0.12941 0.026129 -0.29738 0.16292 -0.096916 0.070286 -0.43396 0.051385 0.065381 -0.43794 -0.1099 0.14115 -0.76 0.020734 0.14765 -0.76009 -0.046765 0.19861 -0.79809 0.054116 0.080209 -0.81606 0.018882 -0.066806 0.59804
-0.13852 -0.0062126 0.32772 0.1449 -0.012774 0.32728 0.0032717 -0.014952 0.40885 -0.00087864 0.0014414 0.068579 -0.052828 0.00055195 -0.052952 0.052142 0.00055195 -0.053628 -0.22078 -0.070688 0.082996 0.2321 -0.075798 0.084227 -0.080582 -0.2593 0.10907 0.083391 -0.25408 0.13357 -0.044289 -0.30892 0.15361 0.051433 -0.30325 0.17765 -0.098146 0.069363 -0.43395 0.050439 0.065329 -0.438 -0.11268 0.13968 -0.76004 0.017965 0.14653 -0.76025 -0.04996 0.19668 -0.79816 0.056653 0.08359 -0.81835 0.018624 -0.066097 0.59877
-0.13779 -0.0064868 0.32816 0.14547 -0.013988 0.32662 0.0042059 -0.016573 0.4088 -0.00076881 0.00083893 0.06859 -0.052932 0.0007367 -0.052846 0.052105 0.0007367 -0.053662 -0.22199 -0.071855 0.084236 0.23552 -0.080355 0.085512 -0.08918 -0.26305 0.12494 0.091986 -0.26106 0.14047 -0.064166 -0.30473 0.18199 0.080898 -0.3094 0.19358 -0.099296 0.06848 -0.43391 0.04957 0.065262 -0.43808 -0.11533 0.13826 -0.76005 0.015409 0.14548 -0.7604 -0.053137 0.19536 -0.79767 0.057805 0.086407 -0.82 0.018247 -0.065712 0.59934
-0.13679 -0.0064452 0.32811 0.14601 -0.015089 0.32601 0.0050805 -0.0181 0.40875 -0.00063802 0.00025778 0.068595 -0.053043 0.00088935 -0.052732 0.05205 0.00088935 -0.053713 -0.22452 -0.072719 0.085828 0.23846 -0.084084 0.086552 -0.10036 -0.26588 0.14265 0.10292 -0.26841 0.14836 -0.086766 -0.30078 0.21155 0.11113 -0.3167 0.20878 -0.10049 0.067597 -0.43384 0.048771 0.065179 -0.43816 -0.11799 0.13683 -0.76002 0.01305 0.1445 -0.76053 -0.056192 0.19548 -0.79628 0.057285 0.087957 -0.82099 0.017819 -0.065652 0.59977
-0.13538 -0.0061737 0.32721 0.14644 -0.016048 0.32545 0.0058105 -0.01953 0.40869 -0.00051012 -0.0003147 0.068594 -0.053149 0.0010104 -0.052623 0.051972 0.0010104 -0.053786 -0.22913 -0.073112 0.087786 0.2407 -0.086784 0.087205 -0.11538 -0.26777 0.16145 0.11706 -0.27668 0.15694 -0.11195 -0.29925 0.23927 0.13875 -0.32596 0.22131 -0.10184 0.06667 -0.43375 0.048037 0.065079 -0.43826 -0.12081 0.13534 -0.75996 0.010872 0.14356 -0.76067 -0.059022 0.19786 -0.79363 0.054804 0.087539 -0.8213 0.017411 -0.065917 0.60007
-0.13352 -0.0057676 0.32535 0.14672 -0.016855 0.32496 0.0063706 -0.020869 0.40863 -0.00039835 -0.00088574 0.068589 -0.053243 0.001105 -0.052527 0.051871 0.001105 -0.053882 -0.23589 -0.072951 0.090008 0.24216 -0.088404 0.087408 -0.1337 -0.26859 0.17985 0.13361 -0.28552 0.16539 -0.13786 -0.30103 0.26213 0.16055 -0.33692 0.22972 -0.10341 0.065664 -0.43365 0.047355 0.06496 -0.43839 -0.12386 0.13375 -0.75989 0.0088445 0.14267 -0.76083 -0.061694 0.20203 -0.79008 0.050469 0.085013 -0.82105 0.017077 -0.066502 0.60026
-0.13144 -0.0053415 0.32303 0.14697 -0.017534 0.32453 0.0068557 -0.02213 0.40857 -0.00029452 -0.0014515 0.06858 -0.053326 0.0011879 -0.052441 0.051752 0.0011879 -0.053994 -0.24339 -0.072325 0.09216 0.24301 -0.089203 0.087256 -0.15107 -0.26803 0.19491 0.14839 -0.29268 0.17194 -0.15914 -0.30439 0.27712 0.17371 -0.34708 0.23353 -0.10513 0.064567 -0.43355 0.046689 0.064819 -0.43853 -0.12705 0.13209 -0.7598 0.0069133 0.1418 -0.76099 -0.064624 0.20494 -0.7873 0.045173 0.08138 -0.82058 0.016842 -0.067393 0.60033
-0.12939 -0.0050122 0.32079 0.1473 -0.018117 0.32419 0.007375 -0.02333 0.40851 -0.00018782 -0.0020068 0.068567 -0.053401 0.0012748 -0.052362 0.051625 0.0012748 -0.054114 -0.25003 -0.071343 0.093879 0.24343 -0.089476 0.086861 -0.16283 -0.26576 0.20347 0.1568 -0.2957 0.17466 -0.17002 -0.30729 0.28124 0.17545 -0.35365 0.23241 -0.10689 0.063366 -0.43345 0.046003 0.064654 -0.43869 -0.13028 0.13039 -0.75971 0.0050189 0.14093 -0.76116 -0.068269 0.2032 -0.78716 0.039905 0.077775 -0.8203 0.01673 -0.068576 0.6003
-0.12764 -0.0048967 0.31922 0.14782 -0.018634 0.32393 0.008038 -0.024483 0.40844 -6.7455e-05 -0.0025465 0.06855 -0.053471 0.0013816 -0.052287 0.051497 0.0013816 -0.054233 -0.25423 -0.070115 0.094804 0.24361 -0.089519 0.086336 -0.16429 -0.26145 0.2024 0.15425 -0.29213 0.17165 -0.16474 -0.30767 0.27147 0.16299 -0.35384 0.22601 -0.10862 0.062048 -0.43337 0.04526 0.064463 -0.43884 -0.13343 0.12868 -0.75961 0.0031023 0.14006 -0.76133 -0.073084 0.19344 -0.79151 0.035656 0.075335 -0.82057 0.016763 -0.070037 0.60018
-0.12639 -0.0050887 0.31873 0.14863 -0.019111 0.32377 0.0089266 -0.025602 0.40836 7.4797e-05 -0.0030662 0.068529 -0.05354 0.001521 -0.052213 0.051376 0.001521 -0.054344 -0.25481 -0.06876 0.094678 0.24372 -0.089578 0.085775 -0.15227 -0.25498 0.18973 0.13772 -0.28039 0.16176 -0.13966 -0.30405 0.2463 0.13499 -0.34568 0.2142 -0.11023 0.060616 -0.43331 0.044435 0.064246 -0.439 -0.13643 0.12699 -0.75951 0.001118 0.13916 -0.76149 -0.07931 0.17364 -0.80147 0.033188 0.074938 -0.8217 0.016961 -0.071734 0.59998
-0.12556 -0.0055718 0.31913 0.14966 -0.019549 0.32366 0.0099919 -0.026689 0.40827 0.00023486 -0.0035659 0.068504 -0.053606 0.0016908 -0.052139 0.051258 0.0016908 -0.054451 -0.25247 -0.067458 0.093753 0.24378 -0.08966 0.085186 -0.13066 -0.24734 0.16897 0.11166 -0.26318 0.14736 -0.10131 -0.29767 0.21134 0.0969 -0.33101 0.19787 -0.11171 0.059145 -0.43328 0.043547 0.064024 -0.43916 -0.13928 0.12517 -0.75944 -0.00091643 0.13825 -0.76165 -0.086139 0.14831 -0.81466 0.032178 0.076231 -0.82349 0.017337 -0.073502 0.59975
-0.125 -0.0062968 0.32005 0.15078 -0.019943 0.32356 0.011146 -0.027742 0.40818 0.00040501 -0.0040465 0.068477 -0.053669 0.0018846 -0.052069 0.051138 0.0018846 -0.054557 -0.24853 -0.066404 0.092433 0.24379 -0.089702 0.084549 -0.10546 -0.23981 0.14531 0.082769 -0.24449 0.13192 -0.059271 -0.29052 0.17432 0.056205 -0.31279 0.17824 -0.11308 0.057731 -0.43324 0.042633 0.063821 -0.43931 -0.14202 0.12308 -0.75942 -0.0029645 0.13733 -0.76181 -0.092455 0.1239 -0.82763 0.031979 0.078492 -0.8256 0.017904 -0.075137 0.59954
-0.12454 -0.0072144 0.3211 0.15187 -0.020284 0.32342 0.012302 -0.028761 0.40807 0.00057749 -0.0045091 0.068446 -0.053726 0.002096 -0.052002 0.05101 0.002096 -0.054668 -0.24426 -0.065792 0.091122 0.24374 -0.089641 0.083844 -0.082683 -0.23369 0.12391 0.057727 -0.22827 0.11888 -0.023116 -0.28463 0.14297 0.02039 -0.29401 0.15651 -0.11435 0.05647 -0.4332 0.041727 0.063662 -0.43946 -0.14466 0.12055 -0.75949 -0.0049896 0.13643 -0.76197 -0.097141 0.10684 -0.83694 0.031945 0.081002 -0.82771 0.018673 -0.076434 0.59939
-0.12406 -0.0082745 0.32192 0.15282 -0.020569 0.3232 0.013374 -0.029742 0.40797 0.00074481 -0.0049546 0.068413 -0.053776 0.0023181 -0.05194 0.050871 0.0023181 -0.054789 -0.24089 -0.065795 0.090196 0.24362 -0.089416 0.083056 -0.067915 -0.23016 0.10957 0.042741 -0.21821 0.11144 -0.0017141 -0.28185 0.1244 -0.0036051 -0.27748 0.13392 -0.11553 0.055454 -0.43313 0.040863 0.063569 -0.43962 -0.14725 0.11747 -0.75967 -0.0069546 0.13554 -0.76214 -0.099182 0.10305 -0.83946 0.03147 0.083078 -0.8295 0.019649 -0.077203 0.59935
-0.12351 -0.0094152 0.32242 0.1536 -0.020799 0.3229 0.014326 -0.030678 0.40787 0.00090244 -0.0053807 0.068379 -0.053818 0.0025423 -0.051886 0.050721 0.0025423 -0.054917 -0.23874 -0.066301 0.089716 0.24343 -0.089022 0.082207 -0.061592 -0.22898 0.10224 0.037966 -0.21428 0.10933 0.0048429 -0.28189 0.11805 -0.015669 -0.2639 0.112 -0.11661 0.054722 -0.43304 0.040063 0.063535 -0.43977 -0.14978 0.11423 -0.75989 -0.0088148 0.13468 -0.76232 -0.098825 0.11167 -0.83559 0.030452 0.084524 -0.83091 0.020765 -0.077419 0.59942
-0.12294 -0.010567 0.32266 0.15423 -0.020979 0.32256 0.01515 -0.031557 0.40777 0.0010479 -0.0057833 0.068344 -0.053853 0.0027582 -0.051839 0.050569 0.0027582 -0.055046 -0.23753 -0.067009 0.08953 0.24319 -0.088491 0.081348 -0.060641 -0.22898 0.098617 0.039438 -0.21393 0.10996 0.0024308 -0.28304 0.11809 -0.02033 -0.25258 0.092491 -0.11756 0.054278 -0.43293 0.039337 0.063533 -0.43992 -0.15224 0.11159 -0.76003 -0.01052 0.13386 -0.76249 -0.097173 0.12724 -0.82816 0.029133 0.085473 -0.83207 0.021904 -0.077172 0.59959
-0.12238 -0.011659 0.32272 0.15473 -0.021116 0.32224 0.015843 -0.032364 0.40768 0.0011786 -0.0061581 0.068309 -0.053879 0.0029558 -0.051801 0.050422 0.0029558 -0.055171 -0.23696 -0.067609 0.089477 0.24291 -0.087852 0.08053 -0.061923 -0.22895 0.095317 0.043118 -0.21454 0.11069 -0.0029604 -0.28354 0.11861 -0.022205 -0.24279 0.077137 -0.11836 0.054124 -0.43281 0.038696 0.063533 -0.44006 -0.15462 0.11031 -0.75994 -0.012021 0.13308 -0.76267 -0.095348 0.14423 -0.82006 0.02776 0.086065 -0.83309 0.022947 -0.076551 0.59981
-0.12189 -0.012622 0.32267 0.15512 -0.021216 0.32196 0.016397 -0.033088 0.4076 0.0012923 -0.0065009 0.068276 -0.053897 0.0031249 -0.051773 0.050287 0.0031249 -0.055286 -0.23673 -0.067801 0.089402 0.24263 -0.08714 0.079802 -0.062339 -0.22771 0.089017 0.045012 -0.21356 0.10893 -0.0054127 -0.28168 0.11378 -0.025848 -0.23382 0.067654 -0.11897 0.054263 -0.43269 0.038153 0.063509 -0.44019 -0.15688 0.11114 -0.75952 -0.013269 0.13235 -0.76284 -0.094461 0.15716 -0.81413 0.026578 0.08644 -0.83409 0.023779 -0.075646 0.60007
-0.12149 -0.013399 0.3226 0.15542 -0.021293 0.32176 0.016836 -0.033728 0.40752 0.001392 -0.0068119 0.068244 -0.053911 0.0032621 -0.051751 0.050169 0.0032621 -0.055386 -0.23664 -0.067538 0.089273 0.24238 -0.086445 0.079202 -0.060797 -0.22524 0.079192 0.043531 -0.21027 0.104 -0.0027696 -0.27745 0.10231 -0.032609 -0.22619 0.064416 -0.1194 0.054664 -0.43256 0.037693 0.063449 -0.44031 -0.159 0.11431 -0.75869 -0.014274 0.13167 -0.76301 -0.095017 0.16368 -0.81164 0.025664 0.086732 -0.83511 0.024364 -0.074525 0.60035
-0.12117 -0.013954 0.32263 0.1557 -0.021367 0.32159 0.017218 -0.0343 0.40745 0.0014888 -0.007097 0.068213 -0.053933 0.0033742 -0.05172 0.050069 0.0033742 -0.055469 -0.23661 -0.067156 0.089242 0.24226 -0.085945 0.078748 -0.059166 -0.22326 0.069431 0.040624 -0.20664 0.098027 0.0015916 -0.27341 0.089587 -0.039114 -0.22219 0.065815 -0.11972 0.05525 -0.43241 0.03727 0.063368 -0.44041 -0.16089 0.11929 -0.75751 -0.015134 0.13104 -0.76316 -0.096639 0.16605 -0.81156 0.02485 0.087065 -0.83604 0.024789 -0.073224 0.60065
-0.12092 -0.01425 0.32286 0.15599 -0.021463 0.32142 0.017609 -0.034822 0.40739 0.0015943 -0.0073631 0.068182 -0.053977 0.0034688 -0.051668 0.04999 0.0034688 -0.055535 -0.23659 -0.067019 0.089474 0.24237 -0.085823 0.078457 -0.05955 -0.22359 0.063654 0.038526 -0.20489 0.093379 0.0038508 -0.27232 0.081506 -0.041614 -0.22427 0.070088 -0.11998 0.055937 -0.43224 0.036832 0.063284 -0.44049 -0.16247 0.12548 -0.75604 -0.015952 0.13046 -0.76328 -0.098876 0.16693 -0.81263 0.023948 0.087562 -0.83678 0.025149 -0.071772 0.60098
-0.12074 -0.014252 0.3234 0.15633 -0.021601 0.32123 0.018071 -0.035311 0.40733 0.0017202 -0.0076167 0.068151 -0.054054 0.0035533 -0.051581 0.049932 0.0035533 -0.05558 -0.23652 -0.067492 0.090138 0.2428 -0.086265 0.078346 -0.064055 -0.22806 0.065779 0.039471 -0.20722 0.092417 0.00018804 -0.27693 0.083983 -0.036357 -0.23489 0.075469 -0.12026 0.056644 -0.43203 0.036331 0.063214 -0.44055 -0.16368 0.13229 -0.75434 -0.016833 0.12994 -0.76336 -0.10128 0.16895 -0.81362 0.02277 0.088349 -0.83723 0.025539 -0.070202 0.60134
-0.12064 -0.013949 0.3243 0.15674 -0.021768 0.321 0.01861 -0.035744 0.40727 0.0018706 -0.0078593 0.068119 -0.054169 0.0036301 -0.051453 0.049898 0.0036301 -0.055605 -0.23647 -0.068711 0.091344 0.24356 -0.08724 0.078398 -0.074056 -0.23754 0.078201 0.044969 -0.21488 0.096633 -0.01209 -0.28852 0.10074 -0.020987 -0.25496 0.080801 -0.12058 0.057301 -0.43178 0.035756 0.063159 -0.44057 -0.16445 0.13918 -0.75248 -0.017816 0.12945 -0.76341 -0.10346 0.17392 -0.81363 0.021276 0.08941 -0.83736 0.025952 -0.068633 0.60171
-0.12073 -0.013413 0.32537 0.15706 -0.02183 0.32082 0.019043 -0.035956 0.40723 0.0020238 -0.0080744 0.068089 -0.054296 0.0036838 -0.051316 0.04989 0.0036838 -0.055608 -0.23703 -0.070049 0.093025 0.24427 -0.087997 0.078491 -0.088486 -0.24958 0.098199 0.054113 -0.22593 0.1046 -0.031897 -0.30344 0.12816 0.002189 -0.28032 0.086957 -0.12092 0.057879 -0.43153 0.03524 0.063065 -0.44058 -0.16486 0.1457 -0.75062 -0.018719 0.12894 -0.76344 -0.10529 0.1809 -0.81283 0.019915 0.09027 -0.83743 0.026034 -0.06747 0.60199
-0.12114 -0.012732 0.32638 0.15714 -0.021624 0.32079 0.019143 -0.035754 0.40724 0.0021527 -0.008242 0.068065 -0.054401 0.0036954 -0.051205 0.049913 0.0036954 -0.055586 -0.23886 -0.070719 0.095074 0.24453 -0.087633 0.078478 -0.10577 -0.26103 0.12198 0.065489 -0.23778 0.11426 -0.057356 -0.31699 0.16109 0.029883 -0.30576 0.095237 -0.1212 0.058361 -0.43132 0.034941 0.062866 -0.44058 -0.16498 0.15148 -0.74893 -0.019315 0.12832 -0.76347 -0.10667 0.18838 -0.81165 0.019238 0.090354 -0.83777 0.025356 -0.067184 0.60203
-0.12199 -0.011996 0.32708 0.15679 -0.020989 0.32101 0.018687 -0.034943 0.40731 0.0022303 -0.0083421 0.068051 -0.054451 0.0036459 -0.051155 0.04997 0.0036459 -0.05554 -0.24263 -0.069935 0.097387 0.2439 -0.085247 0.078214 -0.12432 -0.26876 0.14575 0.077682 -0.2478 0.12359 -0.086589 -0.3245 0.19437 0.058807 -0.32604 0.10694 -0.12136 0.058727 -0.4312 0.035021 0.062498 -0.44058 -0.1649 0.15613 -0.74759 -0.019376 0.12754 -0.76354 -0.1075 0.19484 -0.81049 0.019797 0.089089 -0.83871 0.023493 -0.068241 0.60173
-0.12339 -0.011273 0.32729 0.15589 -0.019791 0.32157 0.017489 -0.033366 0.40747 0.0022337 -0.0083571 0.068049 -0.05442 0.003519 -0.051197 0.050067 0.003519 -0.055465 -0.24884 -0.067052 0.09985 0.24203 -0.080091 0.077583 -0.14261 -0.27007 0.16605 0.089396 -0.25371 0.13075 -0.11763 -0.32198 0.22328 0.085819 -0.33659 0.12305 -0.12134 0.058959 -0.4312 0.035621 0.0619 -0.4406 -0.16467 0.15929 -0.74673 -0.018696 0.12652 -0.76365 -0.10769 0.19893 -0.80973 0.021966 0.086128 -0.84049 0.020099 -0.071039 0.60095
-0.1253 -0.010474 0.32728 0.15458 -0.018113 0.32248 0.0157 -0.031165 0.40769 0.0021743 -0.0082914 0.068059 -0.054342 0.0033206 -0.051293 0.050222 0.0033206 -0.055341 -0.25647 -0.062625 0.10231 0.23913 -0.072699 0.076719 -0.15941 -0.26591 0.18224 0.10034 -0.2557 0.1357 -0.14783 -0.31142 0.24665 0.10897 -0.33818 0.14187 -0.12098 0.059047 -0.43131 0.036744 0.061062 -0.4406 -0.16414 0.16112 -0.74633 -0.017246 0.12527 -0.7638 -0.10714 0.20072 -0.80939 0.02463 0.082997 -0.84279 0.015528 -0.07537 0.59968
-0.1276 -0.0094259 0.32754 0.15315 -0.016147 0.32368 0.013635 -0.028629 0.40793 0.0020807 -0.00816 0.068078 -0.054279 0.0030679 -0.051376 0.050459 0.0030679 -0.055141 -0.26375 -0.0578 0.10458 0.23568 -0.064241 0.075882 -0.17366 -0.25903 0.19507 0.1107 -0.25525 0.13929 -0.17416 -0.29773 0.26507 0.12689 -0.33425 0.16039 -0.12009 0.058985 -0.43151 0.038322 0.059999 -0.44057 -0.16305 0.16198 -0.74624 -0.015085 0.12383 -0.76393 -0.10575 0.201 -0.80931 0.025936 0.082153 -0.84498 0.010476 -0.080733 0.59794
-0.13017 -0.0079583 0.32854 0.1519 -0.014085 0.32514 0.011612 -0.02605 0.40817 0.0019815 -0.0079779 0.068103 -0.054293 0.0027779 -0.051378 0.050802 0.0027779 -0.054836 -0.2689 -0.053728 0.10649 0.2322 -0.055888 0.075332 -0.18433 -0.2522 0.20528 0.1207 -0.2538 0.14236 -0.19362 -0.28584 0.27914 0.13822 -0.32825 0.17561 -0.1185 0.058767 -0.43177 0.040287 0.058725 -0.44046 -0.16116 0.16226 -0.74636 -0.012274 0.12223 -0.76402 -0.10341 0.20054 -0.80934 0.024029 0.086056 -0.84644 0.0056413 -0.086623 0.59573
-0.13289 -0.0059091 0.33076 0.15111 -0.012115 0.32682 0.009939 -0.023712 0.40837 0.0019046 -0.0077601 0.06813 -0.054444 0.0024677 -0.051233 0.051273 0.0024677 -0.054401 -0.2702 -0.051526 0.10785 0.22914 -0.048788 0.075316 -0.19035 -0.2481 0.2136 0.13048 -0.25279 0.14572 -0.20326 -0.28054 0.28941 0.14166 -0.32353 0.18459 -0.11603 0.058387 -0.43204 0.04257 0.057256 -0.44023 -0.1582 0.16231 -0.74654 -0.0088724 0.12053 -0.76402 -0.10002 0.20011 -0.80933 0.017136 0.09704 -0.84656 0.0017054 -0.092538 0.59309
-0.13561 -0.0033724 0.3341 0.15083 -0.01032 0.32858 0.0087264 -0.02173 0.40851 0.0018565 -0.0075179 0.068158 -0.054709 0.002149 -0.050964 0.051842 0.002149 -0.053863 -0.26728 -0.051443 0.10855 0.22661 -0.043411 0.07581 -0.19103 -0.24745 0.21966 0.13899 -0.25239 0.14926 -0.20196 -0.28276 0.29544 0.13725 -0.32113 0.18673 -0.11268 0.057878 -0.43235 0.045128 0.055657 -0.43992 -0.15418 0.16232 -0.74675 -0.0049735 0.11881 -0.76394 -0.095657 0.20007 -0.80923 0.0056686 0.11405 -0.8454 -0.0011103 -0.098034 0.5902
-0.13814 -0.00071852 0.33785 0.15083 -0.00867 0.33023 0.0078667 -0.020038 0.40861 0.0018213 -0.0072588 0.068188 -0.054978 0.0018284 -0.050689 0.052422 0.0018284 -0.053309 -0.26127 -0.052793 0.10852 0.22425 -0.039495 0.076491 -0.18607 -0.2488 0.22196 0.14387 -0.25145 0.1519 -0.19053 -0.28925 0.29569 0.12652 -0.31953 0.18395 -0.10869 0.057314 -0.43273 0.047946 0.054046 -0.43958 -0.14934 0.16229 -0.74706 -0.00070307 0.11723 -0.76381 -0.090549 0.20034 -0.80912 -0.0075993 0.13237 -0.84372 -0.003081 -0.10273 0.58738
-0.14031 0.0016683 0.34127 0.15089 -0.0071279 0.33157 0.0072425 -0.018561 0.40868 0.0017817 -0.00699 0.068217 -0.055136 0.001512 -0.050528 0.052922 0.001512 -0.05283 -0.25336 -0.054841 0.1077 0.22172 -0.036741 0.077019 -0.17515 -0.25062 0.21894 0.14269 -0.24873 0.15247 -0.1699 -0.29656 0.28856 0.11103 -0.31713 0.17826 -0.10429 0.056769 -0.43323 0.051008 0.052543 -0.43928 -0.14395 0.1622 -0.74755 0.0038112 0.11595 -0.76368 -0.084947 0.20081 -0.80909 -0.019777 0.14712 -0.84231 -0.0045064 -0.10625 0.58498
-0.14192 0.0034045 0.34365 0.15079 -0.0056576 0.33238 0.0067361 -0.017222 0.40874 0.0017204 -0.0067188 0.068245 -0.055069 0.0012059 -0.050605 0.053252 0.0012059 -0.052516 -0.24473 -0.056856 0.10601 0.21864 -0.03485 0.077058 -0.15799 -0.25137 0.20903 0.13305 -0.24303 0.14983 -0.14098 -0.30123 0.27246 0.092376 -0.31228 0.17172 -0.099715 0.056318 -0.4339 0.0543 0.051269 -0.43909 -0.13826 0.16204 -0.74827 0.0084419 0.11513 -0.7636 -0.079101 0.20138 -0.80921 -0.027978 0.1534 -0.84196 -0.0056862 -0.10822 0.58333
-0.14286 0.0042712 0.34454 0.15039 -0.0042496 0.33254 0.0062815 -0.015961 0.4088 0.0016322 -0.0064488 0.068273 -0.054723 0.00091385 -0.050973 0.05336 0.00091385 -0.052419 -0.23639 -0.058379 0.10355 0.21489 -0.033643 0.076421 -0.13526 -0.25007 0.19205 0.11438 -0.234 0.14357 -0.10568 -0.30121 0.24743 0.072056 -0.30425 0.16571 -0.095166 0.056027 -0.43475 0.057778 0.050293 -0.43904 -0.13247 0.1618 -0.74926 0.013126 0.11485 -0.7636 -0.073183 0.20196 -0.80954 -0.030456 0.14864 -0.84299 -0.006846 -0.10841 0.58266
-0.14319 0.0044418 0.34423 0.1498 -0.0029584 0.33215 0.0059345 -0.014746 0.40885 0.0015404 -0.0061751 0.0683 -0.054192 0.00063326 -0.051535 0.053283 0.00063326 -0.052502 -0.22894 -0.059604 0.1007 0.21084 -0.033221 0.075283 -0.10994 -0.24709 0.17108 0.090658 -0.22345 0.13505 -0.068217 -0.29773 0.21743 0.051351 -0.2944 0.16009 -0.090739 0.055931 -0.43567 0.061335 0.049564 -0.43912 -0.1266 0.16155 -0.75041 0.017955 0.11498 -0.76368 -0.067197 0.20255 -0.81 -0.028184 0.13579 -0.84459 -0.0080356 -0.10691 0.58285
-0.14297 0.0041471 0.34308 0.14916 -0.0018479 0.33131 0.0057689 -0.013552 0.40891 0.0014723 -0.0058915 0.068327 -0.05359 0.00036082 -0.052168 0.053071 0.00036082 -0.052716 -0.22294 -0.060822 0.097918 0.20697 -0.033724 0.07387 -0.085358 -0.24301 0.14968 0.066462 -0.21348 0.12589 -0.033148 -0.29249 0.18698 0.031515 -0.28437 0.15452 -0.086517 0.056067 -0.43657 0.064851 0.049011 -0.43928 -0.12064 0.16132 -0.75161 0.023043 0.11538 -0.76385 -0.061118 0.20316 -0.8105 -0.022535 0.1186 -0.84579 -0.009279 -0.10388 0.58374
-0.1423 0.0036178 0.34148 0.14861 -0.00098176 0.33015 0.0058586 -0.01235 0.40895 0.0014554 -0.0055919 0.068353 -0.053033 9.3178e-05 -0.052749 0.052773 9.3178e-05 -0.05301 -0.21891 -0.062323 0.095642 0.20375 -0.035295 0.07241 -0.064829 -0.23841 0.13142 0.046396 -0.2062 0.11771 -0.0050348 -0.28723 0.16059 0.0138 -0.27584 0.14863 -0.082586 0.056466 -0.43732 0.068209 0.048567 -0.43948 -0.11459 0.1612 -0.75275 0.028503 0.11591 -0.7641 -0.054923 0.20376 -0.81097 -0.014876 0.10084 -0.84561 -0.0106 -0.099471 0.58519
-0.14126 0.0030736 0.33978 0.14825 -0.00041013 0.32877 0.0062431 -0.011118 0.40899 0.0015095 -0.0052685 0.068379 -0.052618 -0.00017242 -0.053172 0.05244 -0.00017242 -0.053336 -0.21727 -0.064328 0.094244 0.20157 -0.037996 0.071103 -0.051121 -0.23382 0.11928 0.034239 -0.20329 0.11185 0.012456 -0.28336 0.14199 -0.00075578 -0.27014 0.14213 -0.079008 0.057157 -0.43783 0.071303 0.048166 -0.43967 -0.10843 0.16122 -0.75372 0.034413 0.11643 -0.76442 -0.048594 0.20438 -0.81132 -0.0064509 0.085761 -0.84328 -0.012014 -0.093859 0.58703
-0.14006 0.00267 0.3381 0.14796 -0.00010431 0.32727 0.0067666 -0.0098376 0.40903 0.0016111 -0.0049041 0.068405 -0.052352 -0.00043534 -0.053437 0.052116 -0.00043534 -0.05365 -0.21769 -0.066672 0.093651 0.20041 -0.04143 0.069997 -0.043821 -0.22974 0.11297 0.02909 -0.20395 0.10797 0.020771 -0.28066 0.13045 -0.012346 -0.26684 0.13522 -0.075731 0.058123 -0.43811 0.074098 0.047773 -0.43983 -0.10218 0.16141 -0.75452 0.040633 0.11692 -0.76476 -0.042158 0.20504 -0.81156 0.002243 0.073884 -0.83918 -0.013477 -0.087364 0.58912
-0.13893 0.0025401 0.33647 0.14755 -7.7216e-06 0.32571 0.0072043 -0.0084935 0.40906 0.0017211 -0.004478 0.068431 -0.052206 -0.00069374 -0.053574 0.051845 -0.00069374 -0.053911 -0.21956 -0.069047 0.093632 0.2001 -0.04504 0.069085 -0.041393 -0.2266 0.11101 0.028389 -0.20654 0.1052 0.023166 -0.27834 0.12364 -0.021601 -0.26487 0.12821 -0.072663 0.059334 -0.43818 0.076583 0.047366 -0.43994 -0.095834 0.16178 -0.75513 0.046949 0.11742 -0.76505 -0.035653 0.2058 -0.8117 0.010969 0.064741 -0.83408 -0.014927 -0.080356 0.59129
-0.13813 0.0028168 0.33495 0.14682 -6.3781e-05 0.32419 0.0073311 -0.0070713 0.4091 0.0018007 -0.0039696 0.068459 -0.052151 -0.00094577 -0.053616 0.05167 -0.00094577 -0.054077 -0.22229 -0.071149 0.09396 0.20048 -0.048267 0.06836 -0.042298 -0.22484 0.11194 0.029575 -0.20939 0.10264 0.0229 -0.27559 0.11924 -0.02915 -0.26314 0.12144 -0.06971 0.060759 -0.4381 0.078748 0.04692 -0.43998 -0.089396 0.16233 -0.75557 0.053146 0.11793 -0.76523 -0.029119 0.20669 -0.81177 0.019491 0.057864 -0.82876 -0.016302 -0.073207 0.5934
-0.13786 0.0036234 0.33358 0.1456 -0.00021691 0.32276 0.0069359 -0.0055583 0.40914 0.0018131 -0.0033599 0.068489 -0.05216 -0.0011895 -0.053597 0.051631 -0.0011895 -0.05411 -0.22529 -0.072686 0.094411 0.20138 -0.050581 0.067815 -0.045057 -0.22487 0.11435 0.030217 -0.21095 0.099457 0.023041 -0.27167 0.11506 -0.035554 -0.26067 0.11525 -0.066784 0.062367 -0.4379 0.080586 0.046413 -0.43991 -0.082873 0.16306 -0.75585 0.059021 0.11849 -0.76523 -0.022596 0.20777 -0.81179 0.027581 0.052792 -0.82397 -0.017539 -0.066277 0.59527
-0.13813 0.0049299 0.33236 0.14391 -0.00042751 0.32148 0.006028 -0.0039788 0.40918 0.0017551 -0.0026521 0.068519 -0.052211 -0.0014212 -0.05354 0.051725 -0.0014212 -0.054014 -0.2283 -0.073579 0.094879 0.20269 -0.051868 0.067436 -0.049153 -0.22665 0.11784 0.029899 -0.21104 0.095722 0.023695 -0.26674 0.11135 -0.040266 -0.25769 0.11015 -0.06389 0.064114 -0.4376 0.082147 0.045847 -0.43975 -0.076332 0.16396 -0.75598 0.064513 0.11909 -0.76504 -0.016117 0.209 -0.81173 0.035146 0.049177 -0.82 -0.018574 -0.059789 0.59687
-0.13873 0.0065848 0.33124 0.14193 -0.00066866 0.32032 0.0047915 -0.0023858 0.40922 0.0016505 -0.0018675 0.068547 -0.052283 -0.001636 -0.053464 0.051913 -0.001636 -0.053826 -0.23128 -0.07392 0.095347 0.20432 -0.052348 0.0672 -0.054829 -0.2297 0.12276 0.02981 -0.2106 0.09225 0.022613 -0.26172 0.11022 -0.041864 -0.25539 0.10682 -0.061101 0.06595 -0.43724 0.083524 0.045244 -0.43951 -0.069884 0.16497 -0.756 0.069679 0.1197 -0.76471 -0.0097087 0.2103 -0.81157 0.042196 0.046758 -0.81675 -0.01934 -0.053856 0.5982
-0.13948 0.0084329 0.33018 0.13987 -0.00091381 0.31929 0.0034152 -0.00083318 0.40925 0.0015235 -0.0010278 0.068569 -0.052357 -0.0018287 -0.053387 0.052157 -0.0018287 -0.053584 -0.23422 -0.073803 0.095802 0.20618 -0.05225 0.067087 -0.062347 -0.23359 0.12953 0.031182 -0.21062 0.089867 0.017481 -0.25751 0.11387 -0.038901 -0.25502 0.1059 -0.058495 0.067821 -0.43686 0.084814 0.044627 -0.43923 -0.063644 0.16604 -0.75594 0.074579 0.12029 -0.76428 -0.0034004 0.21159 -0.81124 0.048748 0.045279 -0.81411 -0.019772 -0.048586 0.59929
-0.14017 0.010319 0.32915 0.13792 -0.0011364 0.31837 0.0020881 0.00062504 0.40928 0.0013986 -0.00015467 0.068584 -0.052415 -0.0019944 -0.053328 0.052416 -0.0019944 -0.053326 -0.2371 -0.073323 0.096232 0.2082 -0.0518 0.067075 -0.071973 -0.23786 0.13853 0.035248 -0.21207 0.089403 0.0059864 -0.25503 0.12448 -0.02993 -0.25779 0.10807 -0.056148 0.069677 -0.43647 0.086111 0.044018 -0.43893 -0.057724 0.16712 -0.75583 0.079273 0.12085 -0.7638 0.0027804 0.21279 -0.81072 0.054816 0.044482 -0.81198 -0.019803 -0.04409 0.60014
-0.14061 0.012089 0.3281 0.13626 -0.0013098 0.31757 0.00099912 0.001935 0.40929 0.0013002 0.00073014 0.068588 -0.052437 -0.0021279 -0.053304 0.052652 -0.0021279 -0.053092 -0.23989 -0.072577 0.096622 0.21029 -0.051229 0.067141 -0.083969 -0.24205 0.15016 0.04324 -0.21594 0.091687 -0.014185 -0.25521 0.14424 -0.013504 -0.26495 0.11397 -0.054139 0.071463 -0.43611 0.087511 0.04344 -0.43864 -0.052239 0.16815 -0.7557 0.08382 0.12135 -0.7633 0.0088057 0.21381 -0.80996 0.060415 0.04411 -0.81026 -0.019367 -0.040477 0.60079
-0.1406 0.013588 0.32699 0.1351 -0.0014076 0.31687 0.00033709 0.0030427 0.40929 0.0012526 0.0016049 0.068578 -0.052404 -0.0022243 -0.053333 0.052825 -0.0022243 -0.052919 -0.24258 -0.07166 0.096959 0.21238 -0.050765 0.067266 -0.098599 -0.24571 0.16482 0.05639 -0.22319 0.097546 -0.045345 -0.25896 0.17533 0.011823 -0.27773 0.12427 -0.052543 0.073129 -0.43581 0.089109 0.042917 -0.43837 -0.047302 0.16909 -0.75559 0.088281 0.12177 -0.76284 0.014648 0.21457 -0.80892 0.065559 0.043906 -0.80884 -0.018398 -0.037855 0.60124
-0.13994 0.01466 0.32579 0.13463 -0.001403 0.31627 0.00029093 0.0038942 0.40926 0.0012803 0.002448 0.068552 -0.052296 -0.0022785 -0.053435 0.052895 -0.0022785 -0.052845 -0.24515 -0.070668 0.097231 0.21437 -0.050636 0.067427 -0.11613 -0.24839 0.18289 0.07593 -0.2348 0.10781 -0.089809 -0.2672 0.21993 0.0475 -0.29735 0.13964 -0.051438 0.074622 -0.4356 0.091 0.042469 -0.43817 -0.043026 0.16988 -0.75552 0.092715 0.12207 -0.76245 0.020278 0.21499 -0.80755 0.070264 0.043611 -0.80762 -0.016831 -0.036335 0.60152
-0.13844 0.01515 0.32444 0.13504 -0.0012697 0.31576 0.0010495 0.0044357 0.4092 0.0014076 0.0032377 0.068506 -0.052096 -0.0022853 -0.053627 0.052824 -0.0022853 -0.05291 -0.24758 -0.069694 0.097423 0.2162 -0.05107 0.067603 -0.13682 -0.24962 0.20479 0.10309 -0.25175 0.1233 -0.14989 -0.28086 0.28024 0.094972 -0.32505 0.16074 -0.0509 0.075891 -0.43551 0.09328 0.042121 -0.43805 -0.039525 0.17047 -0.75553 0.097182 0.12224 -0.76217 0.025669 0.21499 -0.80582 0.074544 0.04297 -0.8065 -0.014598 -0.036025 0.60164
