-0.13646 0.01379 0.2843 0.11023 0.0081481 0.32346 -0.029682 0.0052095 0.40791 -0.0058103 0.006331 0.068057 -0.04782 -0.0045441 -0.057338 0.056347 -0.0045441 -0.048983 -0.19758 0.037673 0.026732 0.17847 0.095733 0.08196 -0.19619 0.0089024 -0.20851 0.11276 -0.013946 0.28152 -0.19368 0.029606 -0.28854 0.051392 -0.052923 0.32093 -0.046044 0.092614 -0.43483 0.10678 0.064264 -0.42933 -0.016071 0.18004 -0.75568 0.14262 0.12421 -0.75585 -0.023486 0.099693 -0.80312 0.14206 0.046114 -0.80745 -0.014904 -0.035114 0.60045
-0.13688 0.014234 0.28414 0.1095 0.0083156 0.32322 -0.030286 0.0053375 0.40789 -0.0059005 0.0061127 0.068069 -0.048006 -0.0044095 -0.057192 0.05637 -0.0044095 -0.048969 -0.19825 0.03812 0.026629 0.17652 0.093985 0.080736 -0.19671 0.0092815 -0.2086 0.11052 -0.017073 0.27938 -0.19377 0.028818 -0.2889 0.049237 -0.056507 0.31847 -0.04564 0.092584 -0.43472 0.10684 0.064108 -0.42937 -0.015429 0.1805 -0.75542 0.14297 0.12367 -0.75592 -0.022717 0.10016 -0.80291 0.14248 0.045508 -0.80742 -0.015385 -0.035216 0.60037
-0.13728 0.014685 0.284 0.10879 0.0084091 0.32297 -0.030852 0.0054496 0.40787 -0.0059857 0.0058923 0.068081 -0.048174 -0.0042894 -0.05706 0.056391 -0.0042894 -0.048955 -0.19886 0.038594 0.026541 0.17483 0.092426 0.079642 -0.19731 0.0096223 -0.20868 0.10825 -0.019929 0.27734 -0.19393 0.028082 -0.28921 0.047031 -0.059752 0.31614 -0.045233 0.092573 -0.43462 0.1069 0.063953 -0.4294 -0.014783 0.18093 -0.75518 0.14332 0.12314 -0.75598 -0.021959 0.10062 -0.80271 0.14288 0.044923 -0.80739 -0.015855 -0.035314 0.60029
-0.13766 0.015139 0.28387 0.10812 0.008442 0.3227 -0.031384 0.0055469 0.40785 -0.0060663 0.0056707 0.068093 -0.048325 -0.0041822 -0.05694 0.056412 -0.0041822 -0.048941 -0.19944 0.03909 0.026464 0.17336 0.091002 0.078658 -0.19796 0.0099428 -0.20873 0.10597 -0.022573 0.27538 -0.19415 0.027411 -0.28947 0.044816 -0.062722 0.31394 -0.044826 0.092578 -0.43452 0.10698 0.063799 -0.42942 -0.014137 0.18134 -0.75494 0.14365 0.12264 -0.75604 -0.021216 0.10105 -0.80252 0.14325 0.04436 -0.80735 -0.016315 -0.035408 0.60023
-0.13801 0.015592 0.28376 0.10746 0.0084274 0.32243 -0.031882 0.0056305 0.40783 -0.0061432 0.0054487 0.068104 -0.048462 -0.0040859 -0.056831 0.056432 -0.0040859 -0.048926 -0.19997 0.039603 0.026399 0.17209 0.089659 0.077761 -0.19864 0.010261 -0.20877 0.10374 -0.02506 0.27351 -0.19442 0.026819 -0.28969 0.04263 -0.065481 0.31186 -0.044422 0.092597 -0.43443 0.10705 0.06365 -0.42944 -0.013497 0.18174 -0.75472 0.14398 0.12216 -0.7561 -0.020488 0.10147 -0.80235 0.14359 0.04382 -0.80732 -0.016763 -0.035496 0.60017
-0.13835 0.016042 0.28366 0.10684 0.0083784 0.32216 -0.032351 0.0057014 0.40781 -0.0062169 0.0052271 0.068114 -0.048586 -0.0039988 -0.056731 0.056451 -0.0039988 -0.048912 -0.20047 0.040125 0.026344 0.171 0.088344 0.076929 -0.19931 0.010594 -0.20881 0.10159 -0.02745 0.27171 -0.19471 0.02632 -0.28987 0.040514 -0.068091 0.30988 -0.044024 0.092629 -0.43434 0.10713 0.063506 -0.42946 -0.012867 0.18212 -0.75451 0.14431 0.1217 -0.75614 -0.019781 0.10187 -0.80218 0.14391 0.043305 -0.80729 -0.017199 -0.035579 0.60011
-0.13867 0.016486 0.28357 0.10624 0.0083083 0.32188 -0.032792 0.0057609 0.40779 -0.0062881 0.0050067 0.068124 -0.048699 -0.0039192 -0.05664 0.056469 -0.0039192 -0.048897 -0.20094 0.040652 0.026297 0.17007 0.087003 0.076141 -0.19996 0.010961 -0.20883 0.099555 -0.0298 0.26996 -0.195 0.025927 -0.29002 0.038509 -0.070617 0.308 -0.043636 0.092671 -0.43425 0.10722 0.06337 -0.42948 -0.012251 0.18248 -0.75431 0.14462 0.12126 -0.75619 -0.019096 0.10224 -0.80203 0.14421 0.042816 -0.80725 -0.017621 -0.035656 0.60006
-0.13897 0.01692 0.28349 0.10566 0.0082302 0.32161 -0.033208 0.00581 0.40777 -0.0063575 0.0047884 0.068133 -0.048802 -0.0038453 -0.056557 0.056487 -0.0038453 -0.048882 -0.20138 0.041179 0.026257 0.16926 0.085582 0.075374 -0.20056 0.011379 -0.20886 0.097675 -0.032166 0.26827 -0.19529 0.025656 -0.29015 0.036654 -0.073122 0.30619 -0.043262 0.092722 -0.43416 0.1073 0.063244 -0.42949 -0.011655 0.18281 -0.75412 0.14492 0.12084 -0.75622 -0.018436 0.1026 -0.80188 0.14448 0.042354 -0.80722 -0.01803 -0.035727 0.60001
-0.13926 0.01734 0.28341 0.10512 0.0081573 0.32134 -0.033602 0.0058499 0.40775 -0.0064259 0.004573 0.068142 -0.048898 -0.0037752 -0.056479 0.056504 -0.0037752 -0.048868 -0.20179 0.041698 0.026223 0.16856 0.084027 0.074607 -0.20109 0.011866 -0.20889 0.095989 -0.034608 0.26661 -0.19556 0.025518 -0.29027 0.034989 -0.075669 0.30445 -0.042903 0.09278 -0.43408 0.10739 0.063129 -0.4295 -0.011082 0.18314 -0.75395 0.14521 0.12046 -0.75626 -0.017804 0.10294 -0.80175 0.14474 0.041921 -0.80718 -0.018423 -0.03579 0.59997
-0.13953 0.017744 0.28334 0.1046 0.0081028 0.32108 -0.033976 0.0058817 0.40773 -0.0064937 0.0043614 0.068149 -0.048987 -0.0037072 -0.056406 0.056521 -0.0037072 -0.048853 -0.20218 0.042205 0.026192 0.16793 0.082285 0.073817 -0.20151 0.01244 -0.20893 0.094535 -0.037182 0.26498 -0.19578 0.025529 -0.29039 0.033555 -0.078322 0.30277 -0.042565 0.092843 -0.434 0.10747 0.063029 -0.4295 -0.010538 0.18344 -0.75378 0.14549 0.12009 -0.75629 -0.017204 0.10326 -0.80162 0.14498 0.041517 -0.80714 -0.018801 -0.035846 0.59994
-0.13979 0.018128 0.28328 0.1041 0.0080798 0.32084 -0.034332 0.0059064 0.40771 -0.0065618 0.0041543 0.068156 -0.049072 -0.0036396 -0.056336 0.056538 -0.0036396 -0.048839 -0.20255 0.042694 0.026165 0.16737 0.080301 0.072983 -0.20181 0.013118 -0.20898 0.093351 -0.039946 0.26337 -0.19595 0.025702 -0.29051 0.032392 -0.081143 0.30113 -0.042249 0.09291 -0.43393 0.10756 0.062944 -0.42951 -0.010026 0.18372 -0.75362 0.14575 0.11976 -0.75631 -0.016637 0.10357 -0.8015 0.14521 0.041145 -0.80711 -0.019162 -0.035894 0.5999
-0.14005 0.018489 0.28322 0.10363 0.0080993 0.32061 -0.034674 0.0059252 0.4077 -0.0066308 0.0039524 0.068161 -0.049154 -0.0035706 -0.056268 0.056554 -0.0035706 -0.048825 -0.2029 0.043159 0.02614 0.16684 0.078025 0.072087 -0.20196 0.013918 -0.20905 0.092468 -0.042957 0.26176 -0.19605 0.026048 -0.29064 0.031532 -0.084197 0.29952 -0.041959 0.092978 -0.43385 0.10764 0.062878 -0.42951 -0.0095525 0.18398 -0.75347 0.14599 0.11946 -0.75634 -0.016108 0.10385 -0.80139 0.14541 0.040805 -0.80707 -0.019507 -0.035934 0.59987
-0.14029 0.018828 0.28316 0.10321 0.0081343 0.32043 -0.035005 0.0059368 0.40768 -0.0067014 0.0037545 0.068166 -0.049234 -0.0034998 -0.056203 0.05657 -0.0034998 -0.048812 -0.20325 0.043597 0.026114 0.16642 0.075437 0.071181 -0.20198 0.014819 -0.20913 0.091798 -0.046273 0.26016 -0.19608 0.026534 -0.29078 0.03089 -0.087544 0.29792 -0.041696 0.093048 -0.43378 0.10771 0.062831 -0.42951 -0.0091184 0.18423 -0.75333 0.14622 0.11919 -0.75636 -0.015617 0.10412 -0.80129 0.14561 0.040499 -0.80703 -0.019843 -0.035967 0.59985
-0.14053 0.019148 0.2831 0.10284 0.0081262 0.32034 -0.035333 0.0059382 0.40766 -0.0067741 0.0035577 0.068169 -0.049309 -0.0034283 -0.056141 0.056586 -0.0034283 -0.048799 -0.20358 0.044007 0.026087 0.16625 0.072548 0.070374 -0.20193 0.015774 -0.20921 0.091158 -0.049948 0.25854 -0.19609 0.02709 -0.29093 0.030281 -0.091243 0.29633 -0.041459 0.09312 -0.43371 0.10779 0.062808 -0.4295 -0.0087245 0.18447 -0.7532 0.14643 0.11896 -0.75637 -0.015165 0.10437 -0.8012 0.14579 0.040232 -0.807 -0.020184 -0.035996 0.59982
-0.14077 0.019452 0.28304 0.10255 0.0080157 0.32039 -0.035662 0.0059266 0.40764 -0.0068496 0.003359 0.068172 -0.049379 -0.0033568 -0.056084 0.0566 -0.0033568 -0.048787 -0.20391 0.04439 0.026057 0.1665 0.069368 0.069779 -0.20186 0.016736 -0.20931 0.090358 -0.054039 0.25689 -0.1961 0.027644 -0.29109 0.029517 -0.095355 0.29471 -0.041245 0.093196 -0.43365 0.10786 0.06281 -0.4295 -0.0083713 0.1847 -0.75308 0.14663 0.11876 -0.75638 -0.014754 0.10461 -0.80111 0.14596 0.040008 -0.80696 -0.020545 -0.036025 0.5998
-0.14103 0.019744 0.28298 0.10237 0.0077432 0.32062 -0.035999 0.0058988 0.40762 -0.0069285 0.0031554 0.068173 -0.049443 -0.0032862 -0.056033 0.056613 -0.0032862 -0.048777 -0.20423 0.044742 0.026022 0.1673 0.065908 0.069506 -0.20184 0.017655 -0.20941 0.089211 -0.058601 0.25521 -0.19615 0.028126 -0.29125 0.028409 -0.099937 0.29307 -0.041053 0.093277 -0.43359 0.10793 0.06284 -0.42948 -0.0080592 0.18492 -0.75297 0.1468 0.11862 -0.75639 -0.014384 0.10485 -0.80103 0.14612 0.03983 -0.80692 -0.02094 -0.036056 0.59978
-0.14129 0.020028 0.28293 0.10231 0.0072504 0.32107 -0.036349 0.0058519 0.40759 -0.0070115 0.0029441 0.068174 -0.049498 -0.0032174 -0.055988 0.056624 -0.0032174 -0.048769 -0.20455 0.045065 0.025979 0.16881 0.062178 0.069665 -0.20193 0.018484 -0.20951 0.087539 -0.06369 0.25348 -0.19626 0.028466 -0.29141 0.026779 -0.10505 0.29139 -0.040883 0.093365 -0.43353 0.108 0.062901 -0.42947 -0.0077886 0.18515 -0.75286 0.14697 0.11851 -0.75639 -0.014056 0.10509 -0.80095 0.14627 0.039701 -0.80688 -0.021384 -0.036093 0.59977
-0.14157 0.020301 0.28286 0.10238 0.0065302 0.32175 -0.036717 0.0057841 0.40757 -0.0070989 0.0027242 0.068174 -0.049545 -0.003151 -0.05595 0.056633 -0.003151 -0.048762 -0.20486 0.045356 0.025929 0.17102 0.058276 0.070285 -0.20213 0.019202 -0.20961 0.085668 -0.069352 0.25169 -0.19644 0.028632 -0.29157 0.024952 -0.11073 0.28965 -0.040734 0.093458 -0.43349 0.10806 0.062997 -0.42945 -0.0075619 0.18538 -0.75277 0.14711 0.11846 -0.75639 -0.01377 0.10533 -0.80088 0.14642 0.039625 -0.80683 -0.021876 -0.036134 0.59976
-0.14185 0.020557 0.2828 0.10254 0.0056506 0.32261 -0.037098 0.0056954 0.40754 -0.0071902 0.0024984 0.068173 -0.049586 -0.0030869 -0.055918 0.056639 -0.0030869 -0.04876 -0.20518 0.045613 0.025872 0.1737 0.054418 0.071274 -0.20243 0.019828 -0.20971 0.084654 -0.075621 0.24983 -0.19669 0.028651 -0.29173 0.023985 -0.11701 0.28785 -0.040608 0.093556 -0.43344 0.10813 0.06313 -0.42943 -0.0073842 0.18561 -0.75268 0.14724 0.11847 -0.75638 -0.013525 0.10557 -0.80082 0.14655 0.039604 -0.80679 -0.022395 -0.036174 0.59975
-0.14215 0.020786 0.28273 0.10276 0.0046854 0.3236 -0.037491 0.0055858 0.40751 -0.0072852 0.0022692 0.068171 -0.049621 -0.0030251 -0.05589 0.056641 -0.0030251 -0.048761 -0.2055 0.045832 0.025806 0.1766 0.050833 0.072532 -0.20279 0.020384 -0.20981 0.085614 -0.082529 0.24789 -0.19696 0.028556 -0.2919 0.024991 -0.12391 0.286 -0.04051 0.093657 -0.4334 0.10819 0.063305 -0.4294 -0.0072609 0.18585 -0.75259 0.14735 0.11853 -0.75637 -0.013321 0.10582 -0.80076 0.14667 0.039641 -0.80673 -0.022919 -0.036205 0.59975
-0.14245 0.02098 0.28265 0.103 0.0037082 0.32465 -0.037892 0.0054554 0.40748 -0.0073836 0.0020394 0.068168 -0.049652 -0.0029656 -0.055865 0.056638 -0.0029656 -0.048769 -0.20582 0.046012 0.025733 0.17947 0.047749 0.07396 -0.20317 0.020891 -0.20992 0.089664 -0.090108 0.24586 -0.19725 0.028377 -0.29207 0.029084 -0.13143 0.2841 -0.040441 0.093759 -0.43336 0.10825 0.063525 -0.42937 -0.0071971 0.18608 -0.75252 0.14743 0.11865 -0.75635 -0.013157 0.10606 -0.8007 0.14679 0.039738 -0.80668 -0.023425 -0.036219 0.59975
-0.14275 0.021131 0.28257 0.10322 0.0027928 0.3257 -0.038299 0.0053042 0.40744 -0.0074849 0.0018118 0.068163 -0.049681 -0.0029084 -0.055843 0.056629 -0.0029084 -0.048783 -0.20614 0.046149 0.025652 0.18206 0.045392 0.075456 -0.20353 0.021371 -0.21003 0.097918 -0.098391 0.24373 -0.19753 0.028147 -0.29224 0.037376 -0.1396 0.28215 -0.040406 0.093861 -0.43333 0.10831 0.063795 -0.42934 -0.0071984 0.18632 -0.75245 0.1475 0.11884 -0.75633 -0.013032 0.1063 -0.80066 0.1469 0.039899 -0.80662 -0.02389 -0.03621 0.59976
-0.14305 0.021233 0.28247 0.10341 0.0019845 0.32673 -0.038709 0.0051308 0.40741 -0.0075889 0.001588 0.068157 -0.049707 -0.0028545 -0.055822 0.056612 -0.0028545 -0.048805 -0.20647 0.046234 0.025565 0.18424 0.043891 0.076958 -0.20385 0.021839 -0.21016 0.11073 -0.10726 0.24154 -0.19778 0.027893 -0.29241 0.050221 -0.14831 0.28017 -0.040407 0.093962 -0.43329 0.10837 0.06412 -0.42931 -0.0072723 0.18656 -0.75238 0.14754 0.1191 -0.75631 -0.012948 0.10654 -0.80061 0.14701 0.040128 -0.80655 -0.024313 -0.036181 0.59977
-0.14337 0.021288 0.28238 0.10357 0.0012538 0.32771 -0.039123 0.00493 0.40737 -0.0076948 0.0013669 0.068151 -0.049728 -0.0028079 -0.055806 0.05659 -0.0028079 -0.048834 -0.20681 0.046238 0.025474 0.18616 0.04312 0.0785 -0.20414 0.022292 -0.2103 0.12646 -0.11619 0.23942 -0.19802 0.027635 -0.29259 0.065982 -0.15707 0.27828 -0.04045 0.094058 -0.43327 0.10843 0.064505 -0.42926 -0.0074325 0.1868 -0.75232 0.14756 0.11944 -0.75628 -0.012922 0.10678 -0.80058 0.14711 0.04044 -0.80648 -0.024755 -0.036157 0.59978
-0.1437 0.021299 0.2823 0.10368 0.00055897 0.32867 -0.039542 0.004696 0.40734 -0.0078018 0.0011469 0.068142 -0.049738 -0.0027731 -0.055799 0.056561 -0.0027731 -0.048869 -0.20715 0.046132 0.025385 0.18804 0.042909 0.080132 -0.20442 0.022721 -0.21044 0.14314 -0.1246 0.23755 -0.19826 0.02739 -0.29277 0.082702 -0.16537 0.2766 -0.040542 0.094147 -0.43325 0.10851 0.064958 -0.42921 -0.0076935 0.18703 -0.75228 0.14756 0.11987 -0.75624 -0.012971 0.10702 -0.80057 0.14721 0.040853 -0.80641 -0.025283 -0.03617 0.5998
-0.14405 0.021269 0.28224 0.10377 -0.00014154 0.3296 -0.039967 0.0044228 0.4073 -0.0079092 0.0009265 0.068133 -0.049732 -0.0027546 -0.055805 0.056528 -0.0027546 -0.048909 -0.20749 0.045885 0.025301 0.19006 0.043089 0.081903 -0.2047 0.023121 -0.21059 0.15881 -0.13191 0.2361 -0.19851 0.027178 -0.29295 0.098421 -0.17267 0.27523 -0.040687 0.094228 -0.43324 0.10862 0.065484 -0.42914 -0.00807 0.18726 -0.75225 0.14755 0.12042 -0.75618 -0.01311 0.10726 -0.80057 0.1473 0.041383 -0.80632 -0.025967 -0.036251 0.59982
-0.14445 0.021202 0.28221 0.10382 -0.00088935 0.3305 -0.040398 0.0041047 0.40726 -0.0080162 0.00070408 0.068123 -0.049707 -0.0027568 -0.055827 0.056489 -0.0027568 -0.048953 -0.20784 0.045466 0.025226 0.19244 0.043489 0.083865 -0.20501 0.023483 -0.21074 0.17151 -0.13753 0.23523 -0.19879 0.027015 -0.29313 0.11118 -0.17844 0.27431 -0.040892 0.094298 -0.43325 0.10875 0.066091 -0.42905 -0.0085766 0.18749 -0.75225 0.14752 0.12109 -0.7561 -0.013358 0.10749 -0.8006 0.14739 0.042046 -0.80623 -0.026875 -0.036431 0.59984
-0.14489 0.021102 0.28222 0.10385 -0.0017143 0.33138 -0.040836 0.0037387 0.40722 -0.0081218 0.00047887 0.068112 -0.049659 -0.0027821 -0.055869 0.056447 -0.0027821 -0.049 -0.20819 0.044872 0.025163 0.19534 0.043945 0.086056 -0.20535 0.023826 -0.21088 0.17967 -0.14105 0.23507 -0.19912 0.026935 -0.29329 0.11943 -0.18229 0.27392 -0.041158 0.094355 -0.43328 0.10891 0.066779 -0.42894 -0.009218 0.18772 -0.75226 0.14747 0.12189 -0.75599 -0.013722 0.10772 -0.80065 0.14747 0.042849 -0.80613 -0.028057 -0.03673 0.59986
-0.14535 0.020976 0.28225 0.10387 -0.0025878 0.33225 -0.041276 0.0033367 0.40718 -0.0082243 0.00025394 0.068101 -0.049589 -0.0028231 -0.055929 0.056404 -0.0028231 -0.049048 -0.20849 0.044236 0.025107 0.19878 0.044301 0.088468 -0.2057 0.02428 -0.21104 0.18377 -0.14284 0.23553 -0.19947 0.027042 -0.29346 0.12365 -0.18458 0.27404 -0.041462 0.094401 -0.43332 0.1091 0.067519 -0.42881 -0.009949 0.18794 -0.7523 0.14741 0.12278 -0.75587 -0.014169 0.10795 -0.80072 0.14755 0.043753 -0.80602 -0.029474 -0.03712 0.59988
-0.14583 0.020834 0.28229 0.10387 -0.0034633 0.33311 -0.041711 0.0029152 0.40713 -0.0083213 3.3566e-05 0.06809 -0.049501 -0.0028691 -0.056004 0.056363 -0.0028691 -0.049092 -0.20872 0.043737 0.025049 0.20271 0.044407 0.091076 -0.20603 0.025013 -0.2112 0.18489 -0.14353 0.23645 -0.19981 0.027463 -0.29363 0.12496 -0.18586 0.27462 -0.041772 0.094436 -0.43338 0.1093 0.068271 -0.42867 -0.010709 0.18815 -0.75235 0.14736 0.12372 -0.75573 -0.014652 0.10817 -0.80081 0.14762 0.044705 -0.8059 -0.031054 -0.037554 0.5999
-0.14629 0.020684 0.28232 0.10389 -0.0042941 0.33396 -0.042135 0.0024906 0.40709 -0.0084108 -0.00017798 0.068079 -0.049399 -0.0029096 -0.056092 0.056328 -0.0029096 -0.04913 -0.20882 0.043549 0.024983 0.20708 0.044111 0.093855 -0.2063 0.026194 -0.21137 0.18412 -0.14377 0.23768 -0.20012 0.028327 -0.29381 0.12446 -0.1867 0.2756 -0.042058 0.094464 -0.43346 0.10951 0.068996 -0.42853 -0.011439 0.18837 -0.75242 0.14731 0.12465 -0.75558 -0.015126 0.1084 -0.80091 0.14766 0.045651 -0.80579 -0.032729 -0.037989 0.59993
-0.14672 0.020535 0.28231 0.10391 -0.0050335 0.33482 -0.042543 0.0020794 0.40705 -0.0084904 -0.00037642 0.068068 -0.049287 -0.0029339 -0.056189 0.056303 -0.0029339 -0.049157 -0.20874 0.043849 0.024901 0.21186 0.043265 0.096781 -0.20649 0.02799 -0.21156 0.18256 -0.14417 0.23906 -0.20038 0.02976 -0.29401 0.12327 -0.18766 0.27693 -0.042288 0.094486 -0.43355 0.10972 0.069655 -0.42839 -0.012077 0.18858 -0.75249 0.14727 0.12552 -0.75544 -0.015544 0.10862 -0.80103 0.14767 0.046539 -0.80567 -0.034429 -0.038378 0.59995
-0.14711 0.020403 0.28227 0.10396 -0.0056395 0.33569 -0.042929 0.0016962 0.40701 -0.0085584 -0.00055801 0.068059 -0.049167 -0.0029328 -0.056294 0.05629 -0.0029328 -0.049172 -0.20844 0.044792 0.024799 0.21699 0.041717 0.099825 -0.20657 0.030543 -0.21176 0.18121 -0.14534 0.24045 -0.20057 0.031869 -0.29423 0.12242 -0.18928 0.27854 -0.042438 0.094505 -0.43366 0.10992 0.070213 -0.42827 -0.012571 0.1888 -0.75257 0.14726 0.12628 -0.75531 -0.015868 0.10885 -0.80114 0.14766 0.047321 -0.80557 -0.03609 -0.038682 0.59998
-0.14748 0.020381 0.28224 0.10403 -0.0061146 0.33655 -0.043291 0.0013379 0.40697 -0.0086152 -0.00072427 0.06805 -0.049046 -0.0029094 -0.0564 0.056287 -0.0029094 -0.049176 -0.20791 0.046323 0.024716 0.22237 0.039326 0.10294 -0.20653 0.033742 -0.21194 0.18044 -0.14753 0.24182 -0.20066 0.034572 -0.29443 0.12223 -0.19176 0.28042 -0.042532 0.094544 -0.43377 0.11009 0.070687 -0.42817 -0.012953 0.18901 -0.75266 0.14725 0.12697 -0.75518 -0.016134 0.10908 -0.80126 0.14758 0.048021 -0.80547 -0.037689 -0.038907 0.60001
-0.14791 0.020603 0.28233 0.1041 -0.0064867 0.33738 -0.043628 0.00099138 0.40693 -0.0086629 -0.00087968 0.068042 -0.04893 -0.0028737 -0.056503 0.056288 -0.0028737 -0.049177 -0.20717 0.048268 0.024714 0.22789 0.035953 0.10605 -0.20639 0.037335 -0.21202 0.18018 -0.1508 0.2432 -0.20066 0.037675 -0.29454 0.12259 -0.19516 0.28256 -0.042628 0.094634 -0.43386 0.11024 0.071117 -0.42807 -0.0133 0.1892 -0.75274 0.14722 0.12763 -0.75507 -0.016422 0.1093 -0.80139 0.14741 0.048698 -0.80537 -0.039229 -0.039087 0.60004
-0.14844 0.021203 0.28264 0.10417 -0.006784 0.33816 -0.043941 0.00064338 0.4069 -0.0087035 -0.0010287 0.068035 -0.048824 -0.002836 -0.056596 0.056288 -0.002836 -0.04918 -0.20621 0.050451 0.024856 0.23341 0.031463 0.1091 -0.20615 0.041066 -0.21195 0.18038 -0.15521 0.24461 -0.20056 0.040985 -0.29448 0.12341 -0.19949 0.28495 -0.04278 0.094808 -0.43392 0.11036 0.071548 -0.42798 -0.013691 0.18938 -0.75282 0.14715 0.12833 -0.75495 -0.016812 0.10951 -0.80152 0.14711 0.049415 -0.80529 -0.040711 -0.039256 0.60006
-0.14915 0.022316 0.28328 0.10422 -0.0070346 0.33885 -0.044228 0.00028063 0.40687 -0.0087392 -0.001176 0.068028 -0.048737 -0.0028066 -0.056673 0.056279 -0.0028066 -0.049191 -0.20504 0.052695 0.025205 0.23881 0.025716 0.11202 -0.20583 0.04468 -0.21166 0.18101 -0.16083 0.24611 -0.20037 0.044306 -0.29418 0.12459 -0.20479 0.28759 -0.043046 0.095099 -0.43394 0.11045 0.072021 -0.42789 -0.014204 0.18953 -0.7529 0.14702 0.12912 -0.75483 -0.017387 0.10969 -0.80166 0.14665 0.050234 -0.80521 -0.042138 -0.039449 0.60008
-0.15008 0.024066 0.28433 0.10425 -0.0072663 0.33944 -0.044491 -0.00011029 0.40684 -0.0087716 -0.0013259 0.068021 -0.048673 -0.002795 -0.056729 0.056258 -0.002795 -0.049217 -0.20369 0.054832 0.025822 0.24396 0.018578 0.11476 -0.20544 0.047928 -0.21107 0.182 -0.1677 0.24771 -0.20008 0.04745 -0.29359 0.12603 -0.2111 0.29047 -0.043478 0.095535 -0.43389 0.1105 0.07258 -0.42779 -0.014917 0.18964 -0.75298 0.14679 0.13006 -0.7547 -0.018223 0.10986 -0.80182 0.14599 0.051215 -0.80514 -0.043512 -0.039699 0.60009
-0.15123 0.026346 0.28579 0.10425 -0.0074982 0.3399 -0.044716 -0.00054665 0.40681 -0.0087977 -0.0014827 0.068015 -0.04864 -0.0027984 -0.056758 0.056218 -0.0027984 -0.049264 -0.20218 0.056802 0.02671 0.2488 0.0099885 0.11737 -0.205 0.050699 -0.2102 0.18315 -0.1758 0.24952 -0.1997 0.050301 -0.29269 0.12758 -0.21841 0.29368 -0.0441 0.09609 -0.43378 0.1105 0.073266 -0.4277 -0.015891 0.18969 -0.75305 0.14643 0.1312 -0.75457 -0.019359 0.10998 -0.80198 0.14512 0.05241 -0.80507 -0.044812 -0.040033 0.60008
-0.15252 0.028815 0.28752 0.10424 -0.0077407 0.34021 -0.044882 -0.0010496 0.40679 -0.0088097 -0.0016504 0.068009 -0.048646 -0.0028008 -0.056754 0.056154 -0.0028008 -0.049337 -0.20062 0.058664 0.027823 0.25333 -3.8467e-05 0.12005 -0.20457 0.053021 -0.20908 0.18413 -0.185 0.25166 -0.19928 0.052825 -0.29155 0.12906 -0.22673 0.29736 -0.0449 0.096677 -0.43363 0.11042 0.074118 -0.4276 -0.017173 0.18968 -0.75312 0.14589 0.13259 -0.75443 -0.020791 0.11004 -0.80216 0.14405 0.05386 -0.80501 -0.045998 -0.040473 0.60007
-0.15385 0.031124 0.28938 0.10424 -0.008004 0.34034 -0.044965 -0.0016403 0.40678 -0.0087992 -0.0018329 0.068006 -0.048696 -0.0027862 -0.056712 0.056063 -0.0027862 -0.049441 -0.19907 0.060478 0.029106 0.25756 -0.011487 0.12301 -0.20419 0.05493 -0.20778 0.1846 -0.19519 0.25427 -0.19885 0.054988 -0.29023 0.1303 -0.23605 0.30167 -0.045867 0.097211 -0.43346 0.11023 0.075177 -0.42751 -0.018808 0.18957 -0.75319 0.14511 0.13427 -0.75429 -0.022516 0.11 -0.80235 0.14281 0.055608 -0.80496 -0.047025 -0.041037 0.60006
-0.15515 0.03292 0.29125 0.10425 -0.008298 0.34027 -0.044943 -0.00234 0.40677 -0.0087582 -0.0020341 0.068005 -0.048798 -0.0027381 -0.056625 0.055939 -0.0027381 -0.049584 -0.19764 0.062307 0.03051 0.26149 -0.024339 0.12645 -0.2039 0.056459 -0.20633 0.1842 -0.20623 0.2575 -0.19846 0.056757 -0.28881 0.13112 -0.24635 0.30676 -0.046986 0.097603 -0.43328 0.10991 0.076481 -0.42742 -0.020841 0.18934 -0.75327 0.14402 0.13629 -0.75414 -0.024529 0.10986 -0.80257 0.14141 0.057695 -0.8049 -0.047853 -0.041746 0.60004
-0.15633 0.033857 0.29298 0.10429 -0.008633 0.33999 -0.044792 -0.0031699 0.40678 -0.0086785 -0.0022579 0.068008 -0.048959 -0.0026404 -0.056489 0.055777 -0.0026404 -0.049769 -0.19641 0.064211 0.031983 0.26513 -0.038579 0.13056 -0.20374 0.057643 -0.20481 0.18261 -0.21801 0.26148 -0.19812 0.0581 -0.28735 0.13134 -0.25762 0.31279 -0.048247 0.097766 -0.43313 0.10942 0.078069 -0.42733 -0.023318 0.18898 -0.75336 0.14258 0.13871 -0.754 -0.026824 0.10958 -0.8028 0.13985 0.060161 -0.80483 -0.048438 -0.04262 0.60003
-0.15734 0.033797 0.29451 0.10436 -0.0090391 0.33947 -0.044505 -0.0041318 0.4068 -0.008557 -0.0025045 0.068014 -0.04918 -0.002485 -0.056302 0.055578 -0.002485 -0.049997 -0.19543 0.066188 0.033491 0.2684 -0.054107 0.13548 -0.20371 0.058564 -0.20325 0.17969 -0.23047 0.26625 -0.19789 0.059001 -0.28587 0.13082 -0.26987 0.31977 -0.049628 0.097662 -0.43302 0.10876 0.079942 -0.42725 -0.026227 0.18847 -0.75347 0.14078 0.1415 -0.75385 -0.029376 0.10915 -0.80305 0.13815 0.062999 -0.80476 -0.048762 -0.043659 0.60002
-0.15821 0.032971 0.2959 0.10444 -0.0095808 0.33875 -0.0441 -0.0051934 0.40683 -0.0083992 -0.0027673 0.068023 -0.049449 -0.0022784 -0.056073 0.055354 -0.0022784 -0.050254 -0.19469 0.068126 0.035035 0.27111 -0.070686 0.14123 -0.20373 0.059385 -0.20165 0.17569 -0.24369 0.27169 -0.19776 0.059476 -0.28435 0.12955 -0.28307 0.32743 -0.051096 0.097339 -0.43292 0.10795 0.082027 -0.42717 -0.029464 0.18783 -0.75359 0.13865 0.14458 -0.75371 -0.032127 0.10859 -0.80333 0.13627 0.066117 -0.80469 -0.04885 -0.044825 0.60002
-0.15898 0.031648 0.29722 0.10452 -0.010326 0.33783 -0.043597 -0.0063193 0.40687 -0.0082118 -0.0030391 0.068035 -0.049754 -0.0020285 -0.055813 0.055114 -0.0020285 -0.050527 -0.19418 0.069899 0.036619 0.27305 -0.088059 0.14781 -0.20371 0.060277 -0.20002 0.17089 -0.25775 0.27765 -0.19777 0.059544 -0.28274 0.12747 -0.29722 0.33549 -0.052617 0.096853 -0.43285 0.107 0.084247 -0.42709 -0.03291 0.18707 -0.75372 0.13625 0.14784 -0.75357 -0.035013 0.10793 -0.80364 0.1342 0.069413 -0.80462 -0.048732 -0.046081 0.60002
-0.15968 0.030099 0.29854 0.10457 -0.011344 0.33674 -0.043017 -0.0074738 0.40691 -0.0080011 -0.0033128 0.068048 -0.050082 -0.0017431 -0.05553 0.054871 -0.0017431 -0.050803 -0.1939 0.071383 0.038245 0.27401 -0.10597 0.15522 -0.20356 0.061411 -0.19837 0.16557 -0.27274 0.28399 -0.19792 0.059224 -0.28101 0.12458 -0.31231 0.34367 -0.054154 0.09626 -0.43278 0.10592 0.086524 -0.42702 -0.036451 0.18621 -0.75385 0.13364 0.15117 -0.75343 -0.03797 0.10718 -0.80398 0.1319 0.072787 -0.80455 -0.048435 -0.047385 0.60003
-0.16034 0.028592 0.29993 0.10457 -0.012702 0.3355 -0.04238 -0.0086214 0.40696 -0.0077738 -0.0035812 0.068061 -0.05042 -0.0014301 -0.055235 0.054636 -0.0014301 -0.051067 -0.19383 0.072455 0.039917 0.27377 -0.12418 0.16347 -0.20318 0.06296 -0.19671 0.16003 -0.28875 0.29054 -0.19824 0.058535 -0.27912 0.12083 -0.32832 0.35169 -0.055672 0.095615 -0.43272 0.10474 0.08878 -0.42696 -0.03997 0.18526 -0.75398 0.13088 0.15448 -0.75329 -0.040937 0.10637 -0.80434 0.12934 0.076138 -0.80448 -0.04799 -0.048698 0.60003
-0.16099 0.027324 0.30143 0.10451 -0.014423 0.33413 -0.041703 -0.0097357 0.407 -0.0075344 -0.0038388 0.068074 -0.05076 -0.0010956 -0.054933 0.054418 -0.0010956 -0.05131 -0.19395 0.073049 0.041639 0.27221 -0.14239 0.17254 -0.20254 0.065018 -0.19503 0.15446 -0.30577 0.2972 -0.19872 0.057521 -0.27705 0.11627 -0.3452 0.35935 -0.057146 0.094958 -0.43266 0.10347 0.090957 -0.4269 -0.043381 0.18424 -0.75411 0.12801 0.15768 -0.75315 -0.043866 0.10552 -0.80474 0.12652 0.079387 -0.80441 -0.047417 -0.04999 0.60003
-0.16161 0.026259 0.30304 0.10444 -0.016382 0.3327 -0.040978 -0.01082 0.40705 -0.007282 -0.0040862 0.068088 -0.051105 -0.00073977 -0.05462 0.054214 -0.00073977 -0.051533 -0.19423 0.073293 0.043416 0.26947 -0.16028 0.18233 -0.20173 0.067439 -0.19332 0.1489 -0.32354 0.3039 -0.19932 0.056313 -0.27482 0.11115 -0.36269 0.36668 -0.058581 0.094268 -0.4326 0.10211 0.093064 -0.42684 -0.046695 0.18313 -0.75424 0.12502 0.16078 -0.753 -0.046769 0.10459 -0.80515 0.12347 0.082526 -0.80434 -0.046712 -0.051261 0.60004
-0.16218 0.025312 0.30471 0.10441 -0.018426 0.33125 -0.0402 -0.011885 0.40709 -0.0070142 -0.0043252 0.068101 -0.05146 -0.00036177 -0.05429 0.054023 -0.00036177 -0.051737 -0.19461 0.073353 0.045253 0.26575 -0.17749 0.19269 -0.20091 0.070026 -0.19156 0.1433 -0.34171 0.31062 -0.20001 0.055059 -0.27246 0.10575 -0.38049 0.37378 -0.059987 0.093512 -0.43253 0.10065 0.095122 -0.42678 -0.049942 0.18192 -0.75436 0.1219 0.16377 -0.75286 -0.049667 0.10357 -0.80558 0.12021 0.085563 -0.80426 -0.045869 -0.052517 0.60005
-0.16269 0.024397 0.30642 0.10445 -0.020399 0.32985 -0.039358 -0.012939 0.40714 -0.0067288 -0.0045574 0.068114 -0.051831 3.9371e-05 -0.053935 0.053841 3.9371e-05 -0.051926 -0.19505 0.073396 0.047155 0.26124 -0.19366 0.2035 -0.20021 0.072583 -0.18974 0.13764 -0.35996 0.3173 -0.20073 0.053907 -0.27002 0.10036 -0.39833 0.38075 -0.061376 0.092658 -0.43246 0.099091 0.097154 -0.42672 -0.053154 0.18058 -0.75447 0.11865 0.16668 -0.75272 -0.052583 0.10244 -0.806 0.11681 0.088505 -0.80416 -0.044877 -0.053766 0.60006
-0.16312 0.02343 0.30814 0.10462 -0.022148 0.32856 -0.038445 -0.013993 0.40719 -0.0064235 -0.0047846 0.068128 -0.052224 0.00046456 -0.053549 0.053666 0.00046456 -0.052104 -0.19551 0.073589 0.049127 0.25613 -0.20844 0.21465 -0.19978 0.074912 -0.18782 0.13187 -0.37795 0.32392 -0.20144 0.053004 -0.26752 0.095271 -0.41591 0.38768 -0.062758 0.091674 -0.43238 0.097426 0.099182 -0.42665 -0.056362 0.1791 -0.75457 0.11525 0.16951 -0.75257 -0.055539 0.10117 -0.80641 0.11328 0.091359 -0.80404 -0.043729 -0.055014 0.60007
-0.16344 0.022343 0.30983 0.10495 -0.023539 0.32744 -0.037455 -0.015052 0.40724 -0.0060971 -0.0050079 0.068141 -0.052642 0.00091259 -0.053127 0.053495 0.00091259 -0.052272 -0.19595 0.074066 0.051174 0.25059 -0.22153 0.22597 -0.19972 0.076837 -0.18581 0.12608 -0.39539 0.33037 -0.2021 0.052479 -0.26499 0.09082 -0.43298 0.39462 -0.064141 0.090534 -0.43231 0.095658 0.10122 -0.42657 -0.059587 0.17746 -0.75466 0.1117 0.17228 -0.75243 -0.058549 0.099731 -0.80679 0.10968 0.094129 -0.80389 -0.042419 -0.056266 0.60009
-0.16369 0.021165 0.31153 0.10545 -0.024564 0.32648 -0.036397 -0.016106 0.40729 -0.0057531 -0.0052249 0.068154 -0.053076 0.001369 -0.05268 0.053325 0.001369 -0.052433 -0.19639 0.074762 0.053295 0.24456 -0.23296 0.23718 -0.20004 0.078303 -0.1837 0.12096 -0.41216 0.33627 -0.20272 0.052339 -0.26249 0.087639 -0.44949 0.4012 -0.065515 0.089261 -0.43223 0.093828 0.10323 -0.42649 -0.062807 0.17569 -0.75474 0.10804 0.17498 -0.75228 -0.061587 0.098155 -0.80715 0.10606 0.096801 -0.80372 -0.040971 -0.057511 0.60011
-0.16388 0.019966 0.31326 0.10608 -0.025265 0.32567 -0.035286 -0.017133 0.40735 -0.0053977 -0.0054318 0.068167 -0.053511 0.0018145 -0.052224 0.053156 0.0018145 -0.052591 -0.1969 0.075536 0.055487 0.23791 -0.24287 0.24793 -0.20069 0.079303 -0.18149 0.11746 -0.42823 0.34109 -0.20331 0.052545 -0.26003 0.086475 -0.46549 0.40692 -0.066861 0.087893 -0.43216 0.091993 0.10515 -0.42642 -0.065976 0.17383 -0.7548 0.10436 0.17756 -0.75214 -0.064611 0.096474 -0.80748 0.10247 0.099355 -0.80354 -0.039414 -0.058734 0.60013
-0.16404 0.018812 0.31507 0.10683 -0.025684 0.325 -0.034139 -0.018117 0.4074 -0.0050365 -0.0056249 0.068179 -0.053933 0.0022294 -0.051774 0.052986 0.0022294 -0.052748 -0.19752 0.076247 0.05775 0.23049 -0.25141 0.25786 -0.20163 0.079829 -0.17921 0.11651 -0.44357 0.34432 -0.2039 0.053058 -0.25765 0.088073 -0.48102 0.41129 -0.06816 0.086471 -0.43209 0.090207 0.10693 -0.42637 -0.069054 0.17191 -0.75487 0.10071 0.18001 -0.752 -0.067576 0.094721 -0.80778 0.098979 0.10177 -0.80335 -0.037781 -0.05992 0.60015
-0.16419 0.017773 0.31699 0.10767 -0.02586 0.32444 -0.03297 -0.019037 0.40745 -0.0046754 -0.0058002 0.068191 -0.054328 0.0025943 -0.051347 0.052813 0.0025943 -0.052906 -0.19831 0.076756 0.060082 0.22218 -0.25874 0.26664 -0.2028 0.079873 -0.17686 0.11907 -0.45814 0.34544 -0.2045 0.05384 -0.2554 0.093179 -0.49611 0.4138 -0.069395 0.085035 -0.43203 0.088528 0.10851 -0.42634 -0.071996 0.16998 -0.75493 0.097173 0.1823 -0.75186 -0.070441 0.09293 -0.80806 0.095635 0.10403 -0.80316 -0.036102 -0.061055 0.60017
-0.16437 0.016913 0.31905 0.10858 -0.025835 0.32398 -0.031793 -0.019875 0.4075 -0.00432 -0.0059544 0.068202 -0.054683 0.002891 -0.050958 0.052636 0.002891 -0.053069 -0.19932 0.076929 0.062477 0.21287 -0.26499 0.27394 -0.20416 0.079431 -0.17445 0.12596 -0.47189 0.34399 -0.20515 0.054846 -0.2533 0.10246 -0.51078 0.41398 -0.070549 0.083621 -0.43198 0.087007 0.10983 -0.42634 -0.074763 0.16805 -0.755 0.093804 0.18441 -0.75173 -0.073166 0.091135 -0.80832 0.092495 0.10611 -0.80299 -0.034406 -0.062123 0.60018
-0.16454 0.016253 0.32124 0.10954 -0.025638 0.3236 -0.030606 -0.02062 0.40755 -0.0039719 -0.0060872 0.068211 -0.054996 0.0031164 -0.05061 0.052453 0.0031164 -0.053238 -0.20051 0.076753 0.064912 0.20304 -0.27023 0.27981 -0.20566 0.078549 -0.17201 0.13662 -0.48457 0.34036 -0.20584 0.055953 -0.25135 0.11548 -0.52489 0.41181 -0.071622 0.082244 -0.43194 0.085646 0.11092 -0.42637 -0.077355 0.16615 -0.75507 0.090616 0.18634 -0.7516 -0.075752 0.089346 -0.80855 0.089556 0.10802 -0.80283 -0.032706 -0.063112 0.60018
-0.16468 0.015783 0.32351 0.11055 -0.025291 0.32327 -0.029396 -0.021265 0.40761 -0.00363 -0.0062011 0.06822 -0.055273 0.0032777 -0.050298 0.052262 0.0032777 -0.053416 -0.2018 0.076292 0.067346 0.19352 -0.27444 0.28456 -0.20722 0.077309 -0.16958 0.14952 -0.49582 0.3355 -0.20656 0.056982 -0.24949 0.13111 -0.53815 0.40756 -0.072627 0.080901 -0.4319 0.084411 0.11183 -0.42642 -0.079798 0.16427 -0.75515 0.087581 0.18811 -0.75147 -0.078227 0.087563 -0.80876 0.086776 0.10977 -0.80269 -0.030999 -0.064014 0.60018
-0.16474 0.015496 0.32581 0.1116 -0.024818 0.32295 -0.028148 -0.021807 0.40766 -0.0032933 -0.0062982 0.068228 -0.055521 0.0033824 -0.050014 0.052062 0.0033824 -0.053605 -0.20308 0.075615 0.069739 0.18517 -0.27761 0.2885 -0.20878 0.075791 -0.16719 0.1631 -0.50524 0.33038 -0.20731 0.057755 -0.24769 0.14817 -0.55027 0.40149 -0.073576 0.079587 -0.43187 0.083267 0.11262 -0.42649 -0.082121 0.16241 -0.75522 0.084671 0.18975 -0.75135 -0.080623 0.085783 -0.80895 0.084112 0.1114 -0.80256 -0.029282 -0.06482 0.60018
-0.16467 0.01538 0.32809 0.11269 -0.024241 0.32262 -0.026848 -0.022237 0.40772 -0.0029605 -0.0063811 0.068235 -0.055748 0.0034381 -0.049755 0.051849 0.0034381 -0.053805 -0.20428 0.074788 0.072051 0.17883 -0.27974 0.29192 -0.21028 0.074076 -0.16487 0.17581 -0.51246 0.32597 -0.20807 0.058093 -0.24591 0.16548 -0.56098 0.39388 -0.074482 0.0783 -0.43184 0.082181 0.11336 -0.42655 -0.08435 0.16057 -0.7553 0.081857 0.19128 -0.75123 -0.082968 0.084004 -0.80912 0.081524 0.11293 -0.80244 -0.027553 -0.06552 0.60018
-0.16444 0.015427 0.33029 0.11379 -0.023582 0.32224 -0.025484 -0.022552 0.40779 -0.0026308 -0.0064519 0.068242 -0.055959 0.0034522 -0.049514 0.051623 0.0034522 -0.05402 -0.20529 0.073877 0.074241 0.17533 -0.28081 0.29514 -0.21167 0.072247 -0.16267 0.18614 -0.51711 0.32322 -0.20886 0.057821 -0.2441 0.1819 -0.56998 0.38502 -0.075359 0.077036 -0.43181 0.081119 0.11411 -0.42661 -0.086514 0.15873 -0.75537 0.079113 0.19272 -0.75113 -0.085292 0.082224 -0.80928 0.078969 0.11437 -0.80234 -0.02581 -0.066106 0.60019
-0.16402 0.015617 0.33239 0.11492 -0.022857 0.32181 -0.02405 -0.022751 0.40786 -0.0023043 -0.006512 0.068248 -0.056158 0.0034314 -0.049288 0.051384 0.0034314 -0.054247 -0.20607 0.072926 0.076288 0.17485 -0.28091 0.29828 -0.21289 0.070361 -0.1606 0.19362 -0.51918 0.32237 -0.20963 0.056913 -0.24226 0.19688 -0.57707 0.37534 -0.07621 0.075798 -0.43179 0.080071 0.11488 -0.42667 -0.088623 0.15691 -0.75544 0.076425 0.19408 -0.75102 -0.087603 0.080448 -0.80941 0.076431 0.11574 -0.80224 -0.024056 -0.066573 0.6002
-0.16344 0.015916 0.33439 0.11606 -0.022075 0.32132 -0.022555 -0.022839 0.40794 -0.001983 -0.0065619 0.068253 -0.056346 0.0033812 -0.049077 0.051139 0.0033812 -0.05448 -0.20664 0.071947 0.078192 0.17677 -0.28022 0.30128 -0.21396 0.068454 -0.15867 0.19907 -0.51909 0.32284 -0.21038 0.055518 -0.24042 0.21066 -0.58214 0.36551 -0.077033 0.074593 -0.43176 0.079059 0.11564 -0.42671 -0.090669 0.15512 -0.75551 0.073804 0.19537 -0.75092 -0.089884 0.078683 -0.80953 0.073925 0.11704 -0.80215 -0.022303 -0.066919 0.60022
-0.16271 0.016292 0.33626 0.11721 -0.021244 0.32079 -0.021008 -0.022824 0.40802 -0.001669 -0.0066016 0.068258 -0.056522 0.0033073 -0.04888 0.050895 0.0033073 -0.054713 -0.20699 0.070955 0.079956 0.18045 -0.27895 0.30408 -0.21488 0.066559 -0.15687 0.20336 -0.51728 0.32399 -0.21107 0.053795 -0.23861 0.22347 -0.58508 0.35617 -0.077824 0.073432 -0.43173 0.078104 0.11633 -0.42677 -0.092644 0.15335 -0.75558 0.071259 0.19658 -0.75082 -0.092118 0.076938 -0.80964 0.071465 0.11825 -0.80205 -0.020562 -0.067145 0.60024
-0.16187 0.016711 0.33802 0.11838 -0.020373 0.32022 -0.019419 -0.022711 0.4081 -0.0013644 -0.0066315 0.068262 -0.056686 0.0032152 -0.048696 0.050656 0.0032152 -0.054941 -0.20714 0.06996 0.081581 0.18522 -0.27729 0.30657 -0.21564 0.064709 -0.15521 0.20739 -0.51421 0.32518 -0.21167 0.051905 -0.23687 0.23558 -0.58578 0.348 -0.078578 0.072321 -0.4317 0.07723 0.11692 -0.42684 -0.094538 0.15162 -0.75565 0.0688 0.19771 -0.75071 -0.094285 0.075225 -0.80972 0.069068 0.11938 -0.80195 -0.018845 -0.067251 0.60027
-0.16092 0.01714 0.33965 0.11955 -0.019469 0.31962 -0.017795 -0.022506 0.40818 -0.0010713 -0.0066518 0.068265 -0.056839 0.0031104 -0.048526 0.05043 0.0031104 -0.055156 -0.2071 0.068975 0.083068 0.19042 -0.27542 0.3087 -0.21624 0.062937 -0.15368 0.21205 -0.5103 0.32578 -0.21216 0.050008 -0.23524 0.24725 -0.58414 0.34165 -0.079291 0.071271 -0.43166 0.076459 0.11737 -0.42693 -0.096343 0.14995 -0.75571 0.066436 0.19876 -0.7506 -0.096368 0.073552 -0.80979 0.066749 0.12043 -0.80183 -0.017161 -0.067235 0.60031
-0.1599 0.017547 0.34114 0.12073 -0.018543 0.319 -0.016147 -0.022218 0.40826 -0.00079159 -0.0066627 0.068268 -0.056979 0.0029985 -0.048369 0.050223 0.0029985 -0.055353 -0.20687 0.068012 0.084421 0.19539 -0.27354 0.31038 -0.21669 0.061277 -0.15228 0.21821 -0.50602 0.32514 -0.21252 0.048265 -0.23375 0.25872 -0.58005 0.33779 -0.07996 0.07029 -0.43163 0.075814 0.11763 -0.42704 -0.09805 0.14833 -0.75578 0.064179 0.19972 -0.75048 -0.098348 0.071928 -0.80984 0.064524 0.12138 -0.80169 -0.015524 -0.067099 0.60036
-0.15882 0.017896 0.34249 0.12191 -0.017601 0.31836 -0.014482 -0.02185 0.40834 -0.00052749 -0.0066645 0.068271 -0.057108 0.0028851 -0.048224 0.050041 0.0028851 -0.055526 -0.20646 0.067084 0.085639 0.19949 -0.27186 0.31153 -0.21698 0.05976 -0.15102 0.22677 -0.50181 0.32264 -0.2127 0.046834 -0.23244 0.27027 -0.5734 0.33708 -0.080581 0.069387 -0.43159 0.075317 0.11765 -0.42719 -0.09965 0.14679 -0.75584 0.062037 0.2006 -0.75034 -0.10021 0.070363 -0.80988 0.062409 0.12224 -0.80152 -0.013944 -0.066842 0.60041
-0.1577 0.018156 0.34369 0.12309 -0.016652 0.31772 -0.01281 -0.021411 0.40842 -0.00028104 -0.0066575 0.068273 -0.057225 0.0027757 -0.048092 0.04989 0.0027757 -0.055668 -0.20589 0.066203 0.086726 0.20203 -0.27055 0.31209 -0.21713 0.058421 -0.14988 0.23861 -0.49811 0.31763 -0.21269 0.045876 -0.23133 0.28213 -0.56408 0.34017 -0.081149 0.068571 -0.43156 0.07499 0.11741 -0.42739 -0.10113 0.14532 -0.7559 0.060021 0.20139 -0.75019 -0.10193 0.068866 -0.8099 0.060419 0.12299 -0.80133 -0.012433 -0.066463 0.60047
-0.15657 0.018293 0.34475 0.12426 -0.015704 0.31709 -0.01114 -0.020907 0.40849 -5.429e-05 -0.0066418 0.068275 -0.05733 0.0026758 -0.047972 0.049776 0.0026758 -0.055773 -0.20517 0.065381 0.087683 0.20238 -0.26983 0.31196 -0.21712 0.057292 -0.14888 0.25461 -0.49536 0.30947 -0.21246 0.045552 -0.23048 0.29458 -0.55198 0.34773 -0.08166 0.06785 -0.43151 0.074856 0.11684 -0.42764 -0.10249 0.14394 -0.75596 0.058141 0.20209 -0.75003 -0.10349 0.067447 -0.8099 0.058571 0.12365 -0.80109 -0.011002 -0.065962 0.60055
-0.15544 0.018274 0.34564 0.12544 -0.014767 0.31646 -0.0094805 -0.020343 0.40856 0.00015069 -0.0066177 0.068277 -0.057423 0.0025911 -0.047863 0.049707 0.0025911 -0.055835 -0.2043 0.06463 0.088511 0.19987 -0.26988 0.31107 -0.21696 0.056406 -0.14801 0.27567 -0.49402 0.29754 -0.21198 0.04602 -0.2299 0.30786 -0.53701 0.36043 -0.082111 0.067234 -0.43147 0.074937 0.11592 -0.42794 -0.10372 0.14266 -0.75602 0.056406 0.20269 -0.74984 -0.10488 0.066116 -0.80988 0.056879 0.1242 -0.80081 -0.0096622 -0.06534 0.60063
