-0.071499 -0.32132 0.28591 0.1032 -0.14111 0.32232 -0.050236 -0.17912 0.36389 -0.014513 -0.024546 0.062389 -0.04338 0.022236 -0.056734 0.054703 0.022236 -0.045915 -0.14556 -0.082027 0.19701 0.24369 -0.080049 0.1051 -0.20983 0.074434 0.031 0.28682 -0.022205 -0.12064 -0.24065 0.12377 -0.027777 0.28923 0.0034973 -0.19921 -0.097139 0.13042 -0.42734 0.073893 0.027592 -0.43521 -0.087599 0.23919 -0.74289 0.076614 0.089285 -0.76334 -0.13852 0.18727 -0.80182 0.04297 0.052368 -0.8425 -0.11215 -0.25079 0.53694
-0.076561 -0.34376 0.28416 0.10298 -0.15179 0.32518 -0.053967 -0.19581 0.35856 -0.01476 -0.027258 0.061641 -0.038608 0.023832 -0.059366 0.05456 0.023832 -0.045674 -0.1429 -0.090886 0.21007 0.25299 -0.069836 0.1187 -0.21052 0.071152 0.042745 0.30328 0.0041981 -0.1023 -0.23838 0.077687 -0.029361 0.31835 0.01848 -0.18167 -0.092404 0.14211 -0.42887 0.085026 0.040719 -0.43446 -0.085567 0.2339 -0.75017 0.080294 0.083672 -0.76696 -0.1439 0.18441 -0.80978 0.035166 0.055258 -0.84473 -0.11284 -0.25646 0.54452
-0.12929 -0.33734 0.27627 0.073355 -0.16875 0.31983 -0.085482 -0.19685 0.3488 -0.018446 -0.029734 0.059068 -0.035293 0.024385 -0.061265 0.056625 0.024385 -0.042422 -0.15725 -0.080798 0.20935 0.23856 -0.096452 0.12405 -0.19706 0.08703 0.045615 0.30605 -0.02561 -0.092044 -0.22 0.080225 -0.033203 0.32501 -0.02112 -0.17233 -0.066487 0.14522 -0.43083 0.09612 0.032812 -0.43021 -0.062668 0.21752 -0.75683 0.10165 0.080925 -0.76084 -0.12758 0.18372 -0.81593 0.049886 0.071779 -0.83819 -0.16216 -0.26565 0.51842
-0.19924 -0.31889 0.26603 0.032892 -0.18738 0.30992 -0.12695 -0.19189 0.33665 -0.023534 -0.031676 0.055879 -0.033034 0.024555 -0.062493 0.059681 0.024555 -0.037561 -0.18122 -0.063622 0.2027 0.21464 -0.13788 0.12418 -0.18094 0.11049 0.046005 0.30189 -0.078207 -0.08725 -0.19849 0.10843 -0.035054 0.31997 -0.080012 -0.16824 -0.033964 0.14317 -0.43293 0.10657 0.016962 -0.42419 -0.033903 0.19619 -0.76246 0.12957 0.083441 -0.74962 -0.10406 0.18202 -0.82053 0.07521 0.0926 -0.8268 -0.23062 -0.27934 0.47363
-0.25595 -0.30525 0.25725 0.00014191 -0.20307 0.29912 -0.16053 -0.19055 0.32418 -0.027984 -0.032784 0.053284 -0.031432 0.025008 -0.063112 0.062508 0.025008 -0.032493 -0.20743 -0.05122 0.19791 0.19548 -0.17209 0.1221 -0.17362 0.12995 0.050313 0.29752 -0.12017 -0.085271 -0.18686 0.13936 -0.030663 0.314 -0.1229 -0.16641 -0.0094127 0.13941 -0.43485 0.11576 0.0062628 -0.41813 -0.014271 0.17604 -0.76666 0.15292 0.093613 -0.73791 -0.087874 0.17614 -0.82383 0.099219 0.10839 -0.81445 -0.28873 -0.29847 0.42513
-0.27336 -0.31075 0.25269 -0.0090479 -0.21188 0.29061 -0.17093 -0.20089 0.31334 -0.030027 -0.032831 0.052317 -0.030083 0.026275 -0.063229 0.064033 0.026275 -0.028502 -0.22868 -0.053677 0.20121 0.19323 -0.18021 0.12049 -0.18413 0.13542 0.063479 0.29867 -0.12285 -0.083801 -0.19529 0.15262 -0.01705 0.31657 -0.11976 -0.16419 -0.0052165 0.13696 -0.43636 0.12304 0.011654 -0.41357 -0.016399 0.16257 -0.76914 0.16189 0.11242 -0.72995 -0.091235 0.16374 -0.82612 0.11119 0.1105 -0.80477 -0.31096 -0.32282 0.3867
-0.26991 -0.32409 0.24459 -0.0062198 -0.21656 0.28265 -0.16853 -0.21466 0.30496 -0.030623 -0.032287 0.05225 -0.028539 0.027581 -0.063399 0.064635 0.027581 -0.025691 -0.23976 -0.063111 0.2027 0.19908 -0.17525 0.11853 -0.19656 0.13302 0.07574 0.30073 -0.10595 -0.083929 -0.20562 0.15395 -0.0041018 0.32385 -0.093732 -0.16221 -0.011563 0.13474 -0.43785 0.12745 0.022326 -0.41046 -0.028888 0.15464 -0.77073 0.16007 0.12654 -0.72619 -0.10318 0.15092 -0.82809 0.11253 0.097302 -0.79858 -0.3121 -0.34042 0.3597
-0.28727 -0.32049 0.22106 -0.017254 -0.22348 0.27094 -0.1772 -0.21535 0.29904 -0.032166 -0.032029 0.051412 -0.026355 0.027508 -0.064374 0.065464 0.027508 -0.023496 -0.23736 -0.062241 0.1849 0.19322 -0.187 0.11351 -0.18292 0.13729 0.070214 0.29381 -0.11468 -0.088534 -0.18595 0.16304 -0.0078151 0.32492 -0.096073 -0.16296 -0.00711 0.12947 -0.44008 0.12793 0.016173 -0.40778 -0.027879 0.14737 -0.77285 0.1583 0.11579 -0.72487 -0.10076 0.1479 -0.83059 0.11138 0.071566 -0.79504 -0.32824 -0.33403 0.33848
-0.32127 -0.29974 0.20574 -0.04052 -0.23466 0.25641 -0.19667 -0.20736 0.29294 -0.034348 -0.032862 0.049487 -0.023573 0.026763 -0.065769 0.066403 0.026763 -0.021738 -0.23133 -0.051926 0.16145 0.17671 -0.21513 0.10513 -0.15733 0.14663 0.055079 0.28087 -0.1496 -0.097341 -0.15182 0.17911 -0.020254 0.31907 -0.12958 -0.16804 0.0055769 0.12126 -0.44292 0.12567 -0.0054084 -0.40526 -0.015606 0.13834 -0.77572 0.15911 0.086063 -0.72452 -0.087071 0.15153 -0.83367 0.11091 0.042418 -0.79332 -0.35928 -0.31399 0.32031
-0.32903 -0.28232 0.25112 -0.051158 -0.24835 0.24438 -0.20621 -0.21255 0.28188 -0.034592 -0.035495 0.047332 -0.020641 0.027834 -0.066245 0.066256 0.027834 -0.020578 -0.2421 -0.048271 0.17167 0.16827 -0.23379 0.095154 -0.16873 0.14599 0.059328 0.27561 -0.17336 -0.10736 -0.15818 0.18414 -0.013613 0.31432 -0.15578 -0.17814 0.0038031 0.11314 -0.44553 0.12373 -0.021129 -0.40323 -0.016295 0.12727 -0.77851 0.15788 0.065125 -0.72401 -0.087139 0.14748 -0.83667 0.10996 0.024077 -0.79254 -0.37447 -0.3136 0.30506
-0.29735 -0.27228 0.34971 -0.042876 -0.26233 0.23674 -0.20041 -0.23443 0.26721 -0.032464 -0.039375 0.045619 -0.017763 0.031522 -0.065339 0.064605 0.031522 -0.020202 -0.26502 -0.052608 0.21641 0.17322 -0.23398 0.085437 -0.21656 0.13593 0.084959 0.28152 -0.17121 -0.11581 -0.20837 0.17788 0.013839 0.31509 -0.1572 -0.18995 -0.017383 0.10665 -0.44721 0.12295 -0.023402 -0.40192 -0.035499 0.11574 -0.78048 0.15321 0.062534 -0.72314 -0.10677 0.13265 -0.83887 0.10788 0.019716 -0.79226 -0.36572 -0.33963 0.2924
-0.25194 -0.25222 0.41772 -0.0336 -0.27401 0.23089 -0.19387 -0.2528 0.25803 -0.030312 -0.042389 0.044734 -0.014826 0.03644 -0.063719 0.062039 0.03644 -0.020818 -0.26362 -0.047136 0.24721 0.1794 -0.22894 0.07782 -0.23678 0.1372 0.09925 0.28886 -0.15843 -0.12027 -0.2394 0.18296 0.030324 0.32084 -0.14447 -0.19515 -0.039833 0.1014 -0.44751 0.12127 -0.022671 -0.40147 -0.054427 0.10752 -0.78104 0.14798 0.064052 -0.72284 -0.12676 0.11849 -0.83953 0.10481 0.018436 -0.79249 -0.35462 -0.36455 0.28159
-0.20892 -0.21949 0.41365 -0.02834 -0.28213 0.22521 -0.18967 -0.26175 0.25479 -0.028753 -0.044135 0.044313 -0.012552 0.041835 -0.061115 0.058254 0.041835 -0.022484 -0.22456 -0.024224 0.23817 0.18316 -0.22479 0.072847 -0.20459 0.15814 0.084794 0.2935 -0.14271 -0.1205 -0.22575 0.2063 0.019944 0.33081 -0.12378 -0.19136 -0.053496 0.095708 -0.44557 0.11784 -0.024271 -0.40191 -0.063204 0.10302 -0.77923 0.14263 0.06182 -0.72372 -0.13655 0.10938 -0.8376 0.10086 0.014183 -0.79332 -0.34711 -0.37915 0.27125
-0.16189 -0.20147 0.38403 -0.0051263 -0.28793 0.22055 -0.16693 -0.28482 0.24089 -0.024852 -0.047602 0.042624 -0.013261 0.048397 -0.055367 0.051145 0.048397 -0.024977 -0.18147 0.0024846 0.21142 0.19891 -0.21173 0.068634 -0.17602 0.18157 0.0569 0.30349 -0.11402 -0.12017 -0.21964 0.22272 0.0004076 0.3444 -0.089606 -0.18783 -0.066174 0.085752 -0.43966 0.11438 -0.021866 -0.40314 -0.071485 0.096107 -0.77336 0.13237 0.062718 -0.72561 -0.14472 0.094771 -0.83148 0.095919 0.011621 -0.79489 -0.31652 -0.41228 0.25894
-0.11036 -0.2171 0.36674 0.046655 -0.29135 0.21823 -0.11452 -0.32896 0.21328 -0.016723 -0.053557 0.039538 -0.018518 0.055709 -0.045688 0.040181 0.055709 -0.028366 -0.16039 0.0049867 0.18607 0.23262 -0.18299 0.064948 -0.18864 0.17689 0.028082 0.32114 -0.066656 -0.12089 -0.25293 0.19995 -0.016287 0.35786 -0.039255 -0.18986 -0.083716 0.068644 -0.42939 0.11228 -0.012357 -0.40528 -0.086525 0.082008 -0.76303 0.11508 0.070356 -0.72849 -0.15781 0.067316 -0.82091 0.090425 0.013343 -0.79759 -0.24671 -0.47394 0.24603
-0.077484 -0.25219 0.34789 0.097243 -0.28792 0.2203 -0.056176 -0.34523 0.21241 -0.0065542 -0.055459 0.039882 -0.027259 0.059774 -0.03575 0.029822 0.059774 -0.033633 -0.15149 -0.078679 0.15781 0.26087 -0.14531 0.066967 -0.2031 0.083489 -0.0071295 0.32893 -0.012432 -0.11707 -0.27585 0.095626 -0.044646 0.35845 0.018354 -0.18793 -0.10094 0.044787 -0.41822 0.11124 -0.0053801 -0.40922 -0.10278 0.061826 -0.75168 0.097543 0.074572 -0.73311 -0.17062 0.033277 -0.80946 0.086448 0.012801 -0.80252 -0.16152 -0.50902 0.245
-0.081114 -0.28799 0.31248 0.11872 -0.27475 0.22784 -0.016072 -0.29449 0.26916 0.0029563 -0.047985 0.047325 -0.037612 0.057486 -0.029253 0.024241 0.057486 -0.0412 -0.14056 -0.28161 0.12302 0.26283 -0.10754 0.078435 -0.17998 -0.12922 -0.051829 0.3126 0.035345 -0.10435 -0.24247 -0.10598 -0.094797 0.33738 0.072611 -0.1737 -0.11207 0.016235 -0.4097 0.11081 -0.0096039 -0.41531 -0.11382 0.038367 -0.74284 0.086521 0.066315 -0.73971 -0.17742 0.00066249 -0.80077 0.085697 0.0042403 -0.81019 -0.087883 -0.47175 0.26438
-0.097898 -0.31102 0.27994 0.12214 -0.25923 0.23734 0.0063149 -0.22308 0.33925 0.0099788 -0.036748 0.056696 -0.046198 0.052366 -0.026623 0.022543 0.052366 -0.048351 -0.12175 -0.48478 0.099054 0.25161 -0.07752 0.092671 -0.13843 -0.33759 -0.084976 0.28735 0.0704 -0.089073 -0.18604 -0.29664 -0.13745 0.30977 0.11436 -0.15539 -0.11715 -0.010267 -0.40475 0.11105 -0.019702 -0.42106 -0.1192 0.017389 -0.73749 0.08166 0.051929 -0.74588 -0.1789 -0.025333 -0.79564 0.087062 -0.0076325 -0.81795 -0.035774 -0.40701 0.28688
-0.097974 -0.31145 0.27446 0.12661 -0.25005 0.24463 0.018229 -0.19059 0.36743 0.013241 -0.02929 0.061463 -0.049891 0.048956 -0.027363 0.022602 0.048956 -0.052144 -0.092599 -0.55248 0.10507 0.2467 -0.061131 0.10158 -0.10714 -0.40318 -0.083706 0.27334 0.089774 -0.079139 -0.1519 -0.35803 -0.13911 0.29439 0.13683 -0.14392 -0.11791 -0.028175 -0.40342 0.11199 -0.027949 -0.42374 -0.12026 0.0041769 -0.73575 0.080626 0.040522 -0.749 -0.17751 -0.041405 -0.79398 0.088758 -0.016386 -0.82278 -0.0084872 -0.37472 0.29203
-0.084008 -0.2941 0.28802 0.13354 -0.24552 0.24983 0.026747 -0.1874 0.36386 0.013657 -0.025901 0.062305 -0.050159 0.046391 -0.030755 0.023377 0.046391 -0.05397 -0.058301 -0.51943 0.1336 0.24797 -0.052902 0.10686 -0.070471 -0.3749 -0.057833 0.2698 0.10009 -0.072801 -0.11989 -0.33465 -0.11116 0.28995 0.14693 -0.13791 -0.11694 -0.041118 -0.40472 0.11246 -0.036381 -0.42436 -0.11942 -0.0047806 -0.73663 0.080764 0.031344 -0.74978 -0.17551 -0.051932 -0.79483 0.089629 -0.023362 -0.82518 0.0046953 -0.36848 0.28603
-0.071244 -0.26982 0.30034 0.13752 -0.23996 0.25458 0.038261 -0.17774 0.36355 0.012997 -0.02396 0.062697 -0.050168 0.041848 -0.035944 0.024297 0.041848 -0.056769 -0.026648 -0.48518 0.16661 0.24766 -0.043231 0.11378 0.0017723 -0.37118 -0.029585 0.26765 0.11134 -0.064814 -0.047417 -0.33145 -0.082095 0.28711 0.15654 -0.1314 -0.11685 -0.056411 -0.40721 0.11107 -0.050382 -0.42531 -0.11922 -0.016149 -0.73865 0.079519 0.02004 -0.75017 -0.17478 -0.064012 -0.79686 0.088918 -0.032649 -0.82698 0.019348 -0.35666 0.28491
-0.062972 -0.24752 0.30501 0.13971 -0.23214 0.25794 0.052235 -0.15841 0.37221 0.012345 -0.022303 0.063574 -0.050579 0.035951 -0.041474 0.024968 0.035951 -0.060478 0.0013163 -0.47544 0.19326 0.24468 -0.029616 0.1215 0.095151 -0.40917 -0.0067074 0.26324 0.1264 -0.055985 0.051625 -0.36517 -0.061051 0.28058 0.16934 -0.12467 -0.11623 -0.074831 -0.40941 0.10902 -0.067003 -0.42683 -0.11875 -0.030641 -0.74035 0.0769 0.008189 -0.75055 -0.1737 -0.079071 -0.79864 0.087394 -0.042557 -0.82851 0.039613 -0.33671 0.28958
-0.055153 -0.23452 0.30442 0.14513 -0.22362 0.25746 0.063899 -0.14608 0.37758 0.012317 -0.020703 0.06429 -0.05051 0.031392 -0.045581 0.025139 0.031392 -0.063207 0.028559 -0.47001 0.20758 0.24202 -0.014118 0.12558 0.16855 -0.44365 0.01217 0.25637 0.14352 -0.050731 0.12946 -0.39809 -0.045013 0.26791 0.18375 -0.12178 -0.11142 -0.093087 -0.40986 0.10904 -0.078403 -0.4278 -0.11505 -0.045255 -0.74031 0.074475 0.00085418 -0.75032 -0.1687 -0.094942 -0.79873 0.086704 -0.048018 -0.8292 0.062343 -0.32379 0.29172
-0.047832 -0.23064 0.30136 0.15305 -0.21662 0.25432 0.070838 -0.14455 0.37659 0.012815 -0.019266 0.064621 -0.049891 0.028855 -0.047845 0.025109 0.028855 -0.064396 0.053366 -0.46105 0.21158 0.24074 -0.00072162 0.12612 0.20921 -0.45766 0.028318 0.24811 0.15819 -0.049438 0.17127 -0.41463 -0.031435 0.25276 0.19612 -0.12249 -0.1035 -0.10879 -0.40852 0.11083 -0.083674 -0.42777 -0.10885 -0.057562 -0.73844 0.072732 -0.0018973 -0.74927 -0.16081 -0.10889 -0.797 0.086889 -0.049121 -0.82883 0.082372 -0.32131 0.28971
-0.044811 -0.22889 0.29888 0.15745 -0.21379 0.25299 0.072948 -0.14553 0.3749 0.0131 -0.018381 0.064753 -0.04942 0.027146 -0.049077 0.025669 0.027146 -0.064742 0.069845 -0.45281 0.21444 0.23999 0.0050969 0.12747 0.23104 -0.46114 0.042746 0.24056 0.16369 -0.048752 0.19323 -0.42044 -0.018435 0.2442 0.2011 -0.12261 -0.097855 -0.12049 -0.40658 0.11136 -0.088302 -0.4269 -0.10424 -0.065784 -0.73588 0.071149 -0.0045927 -0.7476 -0.15531 -0.11778 -0.79454 0.086534 -0.050692 -0.82758 0.092994 -0.32155 0.28821
-0.044296 -0.22667 0.29914 0.15854 -0.21248 0.25473 0.073026 -0.14343 0.37556 0.013156 -0.017947 0.064837 -0.049647 0.025612 -0.049627 0.026788 0.025612 -0.064873 0.081459 -0.44655 0.21995 0.23886 0.0077697 0.13171 0.24909 -0.4588 0.055003 0.23291 0.16328 -0.047224 0.21113 -0.4186 -0.0063445 0.24322 0.2017 -0.12018 -0.0947 -0.1287 -0.40465 0.111 -0.09342 -0.42596 -0.10203 -0.070829 -0.73333 0.069824 -0.0081131 -0.74606 -0.15287 -0.12279 -0.79207 0.085975 -0.053536 -0.82623 0.097033 -0.3191 0.28961
-0.036764 -0.22766 0.30307 0.16516 -0.20282 0.25632 0.077641 -0.13696 0.37765 0.013971 -0.017186 0.064958 -0.050875 0.024434 -0.049155 0.027302 0.024434 -0.065263 0.10446 -0.43883 0.22425 0.23646 0.025136 0.13764 0.27838 -0.4468 0.062686 0.22039 0.17377 -0.0462 0.23853 -0.4077 0.0015528 0.23961 0.2122 -0.11646 -0.087087 -0.13656 -0.40244 0.11483 -0.09396 -0.42649 -0.098448 -0.077188 -0.73088 0.069733 -0.0081802 -0.74609 -0.14772 -0.13087 -0.78982 0.087979 -0.052795 -0.82638 0.11023 -0.31235 0.29284
-0.025328 -0.23068 0.30921 0.17605 -0.18548 0.25668 0.084575 -0.12885 0.37991 0.015156 -0.016234 0.065092 -0.052301 0.023631 -0.048298 0.027363 0.023631 -0.065701 0.13238 -0.42947 0.22555 0.23518 0.053186 0.1429 0.31135 -0.43155 0.067384 0.20706 0.19135 -0.047717 0.26885 -0.39448 0.0062418 0.23396 0.22837 -0.1144 -0.076807 -0.14447 -0.4001 0.1208 -0.091695 -0.4277 -0.093653 -0.084475 -0.7285 0.070201 -0.0060362 -0.74685 -0.14045 -0.14088 -0.78781 0.09114 -0.049719 -0.82728 0.12912 -0.3041 0.29696
-0.039782 -0.22389 0.3114 0.16833 -0.18352 0.25968 0.073276 -0.12919 0.38095 0.013396 -0.01717 0.065005 -0.050924 0.022767 -0.049765 0.029946 0.022767 -0.064608 0.111 -0.42555 0.22739 0.244 0.041764 0.14331 0.29474 -0.4414 0.079033 0.21541 0.16852 -0.054813 0.25504 -0.40278 0.017767 0.25034 0.20699 -0.11978 -0.084365 -0.14692 -0.39885 0.11177 -0.10313 -0.42399 -0.096421 -0.081909 -0.72605 0.067066 -0.014838 -0.74279 -0.1455 -0.13447 -0.78572 0.08525 -0.058744 -0.82335 0.10954 -0.3057 0.30171
-0.096789 -0.19888 0.30622 0.12792 -0.21031 0.26794 0.03165 -0.14262 0.38003 0.0067136 -0.020962 0.064568 -0.045268 0.02164 -0.05489 0.036702 0.02164 -0.061054 0.0074292 -0.42804 0.23173 0.26491 -0.040038 0.13733 0.19306 -0.4893 0.10151 0.25589 0.077021 -0.067518 0.16541 -0.44315 0.040142 0.29755 0.11987 -0.13405 -0.12166 -0.13908 -0.39932 0.076751 -0.13675 -0.41176 -0.11152 -0.062563 -0.72339 0.057038 -0.041805 -0.73036 -0.17056 -0.10007 -0.78328 0.063473 -0.087572 -0.81099 0.025291 -0.32122 0.30671
-0.16273 -0.16169 0.3004 0.075965 -0.24108 0.27833 -0.019588 -0.15423 0.37841 -0.0016673 -0.024438 0.064045 -0.039378 0.020927 -0.060015 0.044165 0.020927 -0.056591 -0.12779 -0.41639 0.23352 0.27602 -0.14681 0.13227 0.042575 -0.53276 0.11693 0.29518 -0.035997 -0.076245 0.030422 -0.4789 0.055468 0.32876 -0.000387 -0.14415 -0.16714 -0.1204 -0.39991 0.029389 -0.17091 -0.39535 -0.1282 -0.035217 -0.72035 0.040786 -0.071468 -0.71383 -0.1975 -0.053384 -0.78041 0.032599 -0.11831 -0.79439 -0.079405 -0.32934 0.31092
-0.20201 -0.12117 0.30058 0.036277 -0.25082 0.288 -0.05747 -0.14983 0.37753 -0.0081615 -0.024556 0.063719 -0.037246 0.021205 -0.061564 0.048809 0.021205 -0.052871 -0.23621 -0.37428 0.22847 0.25812 -0.22756 0.13514 -0.10758 -0.53125 0.10959 0.30002 -0.11996 -0.073094 -0.10724 -0.47524 0.048014 0.30143 -0.11385 -0.13946 -0.19788 -0.092856 -0.39899 -0.014159 -0.18409 -0.37983 -0.13556 -0.010409 -0.71682 0.02033 -0.08795 -0.69819 -0.20814 -0.012769 -0.77706 0.0012719 -0.13284 -0.77848 -0.15604 -0.31081 0.31366
-0.21556 -0.086217 0.30365 0.013222 -0.24818 0.30062 -0.078266 -0.13662 0.37795 -0.012225 -0.022696 0.063598 -0.037588 0.021762 -0.060942 0.05151 0.021762 -0.04975 -0.29806 -0.32513 0.22222 0.22674 -0.27452 0.14334 -0.2122 -0.50423 0.09408 0.27755 -0.17693 -0.067011 -0.20358 -0.44963 0.032443 0.24469 -0.20111 -0.13423 -0.21493 -0.066669 -0.39677 -0.048154 -0.18299 -0.36638 -0.13616 0.0073001 -0.71274 0.0005167 -0.094167 -0.68463 -0.20735 0.015629 -0.77314 -0.025491 -0.13543 -0.76459 -0.20009 -0.27968 0.31676
-0.21477 -0.064328 0.30446 0.004452 -0.24941 0.32007 -0.08433 -0.12651 0.37989 -0.014243 -0.02124 0.063626 -0.03787 0.021619 -0.060714 0.054198 0.021619 -0.046663 -0.3088 -0.29958 0.22241 0.20499 -0.29267 0.15188 -0.23574 -0.48483 0.091381 0.24759 -0.22122 -0.069284 -0.22253 -0.43137 0.029823 0.20625 -0.24949 -0.14544 -0.22592 -0.052722 -0.39394 -0.070729 -0.18134 -0.35492 -0.13604 0.015769 -0.70812 -0.013833 -0.097964 -0.67311 -0.20585 0.030112 -0.76858 -0.04454 -0.13606 -0.75282 -0.22018 -0.25695 0.32245
-0.20762 -0.052466 0.30438 0.00071972 -0.25262 0.33715 -0.080657 -0.11861 0.38334 -0.014776 -0.020183 0.063872 -0.037998 0.020659 -0.061015 0.056888 0.020659 -0.043908 -0.29188 -0.29338 0.22985 0.19514 -0.286 0.15887 -0.20635 -0.47467 0.10261 0.23459 -0.24114 -0.071006 -0.19086 -0.42149 0.041239 0.21342 -0.25108 -0.1543 -0.23421 -0.04856 -0.39074 -0.085796 -0.18239 -0.34453 -0.13697 0.017688 -0.70323 -0.024428 -0.1021 -0.66275 -0.20623 0.035059 -0.76371 -0.058643 -0.13779 -0.74221 -0.22533 -0.24162 0.33021
-0.20025 -0.043448 0.30734 -0.0089424 -0.24852 0.33811 -0.073222 -0.10704 0.38802 -0.014444 -0.018558 0.064436 -0.038932 0.019186 -0.060914 0.058763 0.019186 -0.042137 -0.28118 -0.2879 0.24212 0.19047 -0.25864 0.16374 -0.17794 -0.46218 0.12008 0.26125 -0.21644 -0.056332 -0.16074 -0.40927 0.058898 0.2792 -0.20301 -0.12995 -0.24117 -0.046237 -0.38725 -0.099516 -0.18474 -0.33401 -0.13871 0.017663 -0.69851 -0.035693 -0.10699 -0.6524 -0.20737 0.037201 -0.75903 -0.072956 -0.1405 -0.73145 -0.2243 -0.22378 0.33827
-0.19525 -0.038311 0.31219 -0.01774 -0.23844 0.32722 -0.065326 -0.095906 0.39229 -0.013586 -0.016894 0.065083 -0.0409 0.017778 -0.060028 0.059612 0.017778 -0.041514 -0.28203 -0.28289 0.25581 0.19094 -0.22176 0.16462 -0.16318 -0.45061 0.13885 0.3024 -0.16792 -0.037641 -0.14451 -0.39804 0.077833 0.35417 -0.13884 -0.093739 -0.24719 -0.045044 -0.38413 -0.11329 -0.18825 -0.32333 -0.14052 0.016785 -0.69437 -0.048814 -0.11285 -0.64214 -0.20855 0.038097 -0.75494 -0.088793 -0.14427 -0.7207 -0.22055 -0.20792 0.34462
-0.19242 -0.04333 0.31454 -0.0073964 -0.23053 0.32043 -0.058094 -0.095414 0.39384 -0.012314 -0.016642 0.06538 -0.043636 0.017156 -0.058337 0.059613 0.017156 -0.041886 -0.28007 -0.29014 0.2671 0.20079 -0.19056 0.15887 -0.14639 -0.45243 0.15603 0.30261 -0.14247 -0.045172 -0.12707 -0.39983 0.095144 0.35044 -0.11447 -0.1002 -0.25193 -0.049374 -0.38225 -0.1251 -0.19381 -0.3133 -0.14131 0.013499 -0.69109 -0.062609 -0.11989 -0.6329 -0.20931 0.035498 -0.7517 -0.10467 -0.1495 -0.71115 -0.2136 -0.20753 0.34726
-0.18292 -0.056673 0.31506 0.026766 -0.22233 0.32194 -0.044543 -0.098499 0.39478 -0.0098175 -0.01696 0.065665 -0.047133 0.016934 -0.05567 0.058571 0.016934 -0.043503 -0.25714 -0.30956 0.27689 0.21914 -0.16232 0.14724 -0.10588 -0.46028 0.17136 0.25964 -0.14365 -0.07829 -0.088033 -0.40694 0.11062 0.26995 -0.13063 -0.15 -0.25269 -0.067328 -0.37817 -0.12911 -0.2048 -0.30463 -0.1416 0.00058649 -0.68591 -0.072246 -0.13054 -0.62525 -0.2103 0.020669 -0.74655 -0.11502 -0.15954 -0.70338 -0.19409 -0.21799 0.34757
-0.14972 -0.068528 0.31941 0.075607 -0.20102 0.32395 -0.0099604 -0.081396 0.40153 -0.0044029 -0.01479 0.067009 -0.051629 0.015652 -0.051703 0.055922 0.015652 -0.047004 -0.19221 -0.32915 0.29071 0.24004 -0.11682 0.13382 -0.015347 -0.44707 0.1871 0.2246 -0.1319 -0.1055 -0.002981 -0.39216 0.12658 0.20431 -0.13329 -0.18986 -0.24442 -0.11031 -0.36429 -0.11592 -0.22696 -0.29802 -0.1434 -0.034488 -0.67312 -0.069423 -0.1494 -0.61936 -0.21313 -0.021196 -0.73385 -0.1104 -0.18065 -0.69741 -0.1444 -0.21697 0.35029
-0.096629 -0.081416 0.32518 0.13018 -0.17261 0.31923 0.042524 -0.054987 0.40783 0.003807 -0.011731 0.068267 -0.056593 0.013409 -0.046812 0.052158 0.013409 -0.051679 -0.096425 -0.34729 0.30416 0.26402 -0.059517 0.12085 0.10836 -0.406 0.19988 0.22633 -0.10066 -0.11334 0.11175 -0.34947 0.13955 0.20063 -0.10931 -0.19649 -0.2258 -0.17355 -0.34007 -0.085288 -0.25781 -0.29334 -0.14522 -0.088859 -0.65232 -0.052802 -0.17472 -0.61494 -0.2158 -0.086707 -0.71321 -0.089615 -0.21091 -0.69285 -0.071446 -0.21046 0.35654
-0.058509 -0.11642 0.3178 0.18271 -0.17141 0.30225 0.083111 -0.081995 0.38857 0.011967 -0.016348 0.065004 -0.060345 0.01266 -0.042404 0.049342 0.01266 -0.054818 -0.028262 -0.37835 0.29806 0.30152 -0.034579 0.10757 0.18479 -0.36126 0.19796 0.2575 -0.094655 -0.11689 0.17982 -0.30527 0.13747 0.23476 -0.10909 -0.19413 -0.20107 -0.22836 -0.31563 -0.050653 -0.28271 -0.2893 -0.14036 -0.13671 -0.63106 -0.031507 -0.19535 -0.61104 -0.21087 -0.14537 -0.69215 -0.063908 -0.23629 -0.68877 -0.018771 -0.24705 0.36198
-0.052304 -0.17639 0.29393 0.22764 -0.20734 0.27524 0.097015 -0.18105 0.33764 0.018215 -0.031089 0.05599 -0.062036 0.014618 -0.039271 0.04856 0.014618 -0.055044 -0.011979 -0.42789 0.26797 0.35361 -0.058325 0.094692 0.17963 -0.33084 0.18242 0.30469 -0.13385 -0.12434 0.16928 -0.27734 0.12152 0.2808 -0.15594 -0.19838 -0.17427 -0.25726 -0.29772 -0.021759 -0.29307 -0.28517 -0.12598 -0.16297 -0.61474 -0.012502 -0.20474 -0.60713 -0.19519 -0.17907 -0.67598 -0.04169 -0.24842 -0.6847 -0.0061884 -0.33947 0.36544
-0.050123 -0.22091 0.27698 0.2641 -0.23192 0.25716 0.10711 -0.26487 0.29391 0.023329 -0.04374 0.047608 -0.062836 0.017361 -0.036672 0.048477 0.017361 -0.054253 0.01165 -0.47929 0.24443 0.39907 -0.079087 0.086645 0.171 -0.31361 0.18388 0.34745 -0.17488 -0.12382 0.15619 -0.25878 0.12351 0.32152 -0.20241 -0.19748 -0.14804 -0.27162 -0.28386 0.0022063 -0.29586 -0.28155 -0.10859 -0.18014 -0.60252 0.0038219 -0.20824 -0.60374 -0.17592 -0.20156 -0.66389 -0.023017 -0.25342 -0.68119 0.0049673 -0.41414 0.37376
-0.029625 -0.21981 0.28563 0.29103 -0.2086 0.26261 0.13124 -0.26563 0.28796 0.028046 -0.044852 0.044915 -0.063833 0.019109 -0.033939 0.047844 0.019109 -0.054221 0.075275 -0.50525 0.25007 0.42066 -0.056918 0.087248 0.20737 -0.29729 0.21597 0.36971 -0.18115 -0.10656 0.18764 -0.23637 0.15722 0.34496 -0.20945 -0.18132 -0.12445 -0.28317 -0.27146 0.023126 -0.29798 -0.27913 -0.094008 -0.19988 -0.59314 0.018011 -0.21138 -0.60155 -0.15953 -0.22592 -0.65461 -0.0068723 -0.25772 -0.67894 0.04543 -0.41424 0.39215
-0.0070681 -0.19666 0.31066 0.30471 -0.1669 0.28414 0.15354 -0.22803 0.30252 0.031808 -0.040782 0.045126 -0.064928 0.019957 -0.031317 0.046763 0.019957 -0.054862 0.085185 -0.45248 0.26543 0.4243 -0.021462 0.096566 0.18764 -0.24065 0.22216 0.37314 -0.16707 -0.08314 0.16553 -0.18658 0.16226 0.35298 -0.19752 -0.15749 -0.10425 -0.29194 -0.2617 0.041788 -0.29932 -0.27839 -0.081581 -0.2186 -0.58664 0.030814 -0.21501 -0.60129 -0.14537 -0.2487 -0.64816 0.0076324 -0.26233 -0.67864 0.09326 -0.37746 0.41687
-0.0018989 -0.17975 0.33822 0.30286 -0.14168 0.30985 0.1562 -0.20796 0.31476 0.033914 -0.03936 0.04473 -0.065803 0.020286 -0.029267 0.045546 0.020286 -0.055782 -0.042959 -0.28565 0.26772 0.42009 -0.0073898 0.11265 0.017351 -0.11367 0.15191 0.36431 -0.15303 -0.066245 -0.0013422 -0.094043 0.084826 0.35099 -0.19286 -0.13621 -0.087928 -0.29607 -0.25629 0.05856 -0.29858 -0.27975 -0.069826 -0.23075 -0.58336 0.042821 -0.21887 -0.6036 -0.13194 -0.26422 -0.64491 0.021104 -0.26696 -0.68093 0.12116 -0.35157 0.44265
-0.0080108 -0.16354 0.36058 0.2935 -0.12343 0.3288 0.14786 -0.19689 0.32498 0.034342 -0.038835 0.044995 -0.066289 0.019927 -0.028375 0.044136 0.019927 -0.05702 -0.20646 -0.091525 0.26267 0.41445 0.00047059 0.12715 -0.1998 0.023739 0.062678 0.35591 -0.13501 -0.058358 -0.20925 0.0028158 -0.013329 0.34807 -0.18664 -0.12205 -0.075882 -0.29659 -0.25576 0.072816 -0.29588 -0.28374 -0.060102 -0.2372 -0.58399 0.053557 -0.22178 -0.60874 -0.12071 -0.27314 -0.64561 0.032813 -0.2704 -0.68599 0.13141 -0.33328 0.46588
-0.012374 -0.13409 0.373 0.28687 -0.091627 0.33228 0.14396 -0.1694 0.33986 0.033328 -0.035001 0.048297 -0.066301 0.018628 -0.029112 0.042418 0.018628 -0.058686 -0.26171 0.01738 0.2636 0.41195 0.029092 0.1312 -0.31415 0.091997 0.035613 0.36054 -0.10326 -0.058252 -0.31069 0.054215 -0.044978 0.35307 -0.1618 -0.117 -0.068398 -0.29538 -0.25996 0.083705 -0.29183 -0.29067 -0.054392 -0.2407 -0.58898 0.062256 -0.22249 -0.61659 -0.11387 -0.27804 -0.6508 0.041712 -0.27142 -0.69369 0.1351 -0.30513 0.4841
-0.013434 -0.099379 0.37888 0.28378 -0.053917 0.32717 0.14482 -0.13361 0.35633 0.031407 -0.02912 0.053338 -0.066063 0.016943 -0.03067 0.040787 0.016943 -0.060345 -0.22988 0.044131 0.2701 0.4117 0.068944 0.12922 -0.32942 0.091124 0.057056 0.37388 -0.066388 -0.061374 -0.32052 0.061356 -0.023198 0.3634 -0.12746 -0.11649 -0.064857 -0.2934 -0.2665 0.0912 -0.28737 -0.29862 -0.052218 -0.24224 -0.59617 0.068623 -0.22156 -0.62519 -0.11099 -0.28041 -0.65814 0.047702 -0.27065 -0.70209 0.13627 -0.26947 0.4999
-0.015307 -0.076798 0.38518 0.28044 -0.030419 0.32711 0.14353 -0.11231 0.36711 0.029209 -0.024874 0.05719 -0.065923 0.015748 -0.031707 0.039852 0.015748 -0.06134 -0.20834 0.046833 0.27507 0.41013 0.094152 0.13134 -0.3221 0.059645 0.06988 0.38369 -0.041207 -0.061853 -0.32899 0.049645 -0.0072809 0.37102 -0.10449 -0.11323 -0.064166 -0.29114 -0.27207 0.095729 -0.28356 -0.30478 -0.052089 -0.2421 -0.60225 0.072653 -0.22041 -0.63184 -0.11052 -0.28129 -0.66419 0.051197 -0.26963 -0.70851 0.13541 -0.23767 0.51793
-0.022035 -0.063939 0.3923 0.27366 -0.020814 0.33227 0.13626 -0.1015 0.37318 0.026692 -0.021954 0.05953 -0.065861 0.014839 -0.032263 0.039591 0.014839 -0.061729 -0.22073 0.054457 0.27329 0.40392 0.10258 0.13613 -0.32682 0.024378 0.064286 0.38373 -0.032192 -0.058334 -0.3588 0.030629 -0.0094815 0.3704 -0.09735 -0.10725 -0.064806 -0.2893 -0.27608 0.098448 -0.28088 -0.30881 -0.055362 -0.24261 -0.60672 0.075209 -0.2199 -0.63627 -0.11222 -0.2828 -0.66958 0.053279 -0.26917 -0.71276 0.13172 -0.21024 0.53678
-0.037333 -0.044348 0.39585 0.26084 -0.010099 0.33317 0.12169 -0.078177 0.38136 0.023347 -0.017224 0.061911 -0.065596 0.013251 -0.033363 0.039531 0.013251 -0.062083 -0.23679 0.07389 0.26125 0.39015 0.1092 0.13396 -0.34667 0.0027921 0.064763 0.37248 -0.034719 -0.052778 -0.38334 0.0057289 -0.0079073 0.35814 -0.098397 -0.10382 -0.065005 -0.28864 -0.27994 0.10099 -0.27935 -0.31216 -0.065311 -0.2475 -0.6111 0.077741 -0.2204 -0.63999 -0.11681 -0.28771 -0.67776 0.055464 -0.26961 -0.71643 0.12356 -0.17989 0.55083
-0.058369 -0.016117 0.3945 0.2437 0.0062158 0.32772 0.10285 -0.04036 0.39236 0.019548 -0.010613 0.064602 -0.065071 0.010895 -0.03518 0.039483 0.010895 -0.062566 -0.24387 0.10157 0.24236 0.37126 0.11865 0.12345 -0.37461 -0.0022116 0.077085 0.35379 -0.044017 -0.046891 -0.39416 -0.018818 0.0023168 0.33778 -0.10115 -0.1049 -0.064455 -0.28916 -0.284 0.10372 -0.27879 -0.31533 -0.080391 -0.25635 -0.61563 0.080574 -0.22184 -0.64352 -0.12389 -0.29582 -0.68805 0.058011 -0.27077 -0.72006 0.11162 -0.14569 0.5593
-0.075334 0.0067204 0.39031 0.22853 0.020963 0.322 0.087398 -0.0090334 0.4002 0.016622 -0.005405 0.066447 -0.064478 0.0086392 -0.036943 0.039573 0.0086392 -0.062893 -0.24958 0.1233 0.22745 0.35533 0.12397 0.11232 -0.3935 -0.0031477 0.086053 0.33706 -0.055417 -0.04201 -0.40355 -0.031427 0.0070083 0.32014 -0.10077 -0.10874 -0.064425 -0.28999 -0.28747 0.10562 -0.27882 -0.31775 -0.093865 -0.26429 -0.61919 0.08281 -0.22364 -0.64627 -0.13189 -0.30369 -0.69529 0.059816 -0.27199 -0.72305 0.099208 -0.11371 0.56676
-0.083979 0.0177 0.38512 0.21837 0.030284 0.3194 0.07858 0.0060114 0.40232 0.015104 -0.003066 0.067001 -0.063936 0.0069626 -0.038225 0.039836 0.0069626 -0.062938 -0.25781 0.1329 0.2209 0.3453 0.12206 0.10463 -0.3933 -0.0069859 0.082635 0.32646 -0.066085 -0.039058 -0.41726 -0.027335 0.0030462 0.30993 -0.096274 -0.11358 -0.065617 -0.2906 -0.29002 0.10625 -0.27915 -0.31922 -0.1026 -0.26906 -0.62133 0.083992 -0.22544 -0.64802 -0.13986 -0.30913 -0.69757 0.060405 -0.27302 -0.72509 0.088815 -0.089093 0.57444
-0.089442 0.023665 0.38017 0.21074 0.03652 0.31837 0.072328 0.01461 0.40223 0.0142 -0.0019045 0.067058 -0.063441 0.005645 -0.039218 0.040137 0.005645 -0.062865 -0.26494 0.13772 0.21624 0.33543 0.11693 0.097855 -0.37606 -0.010653 0.069285 0.31728 -0.076095 -0.038319 -0.42894 -0.01307 0.006392 0.30158 -0.092722 -0.11795 -0.067705 -0.29101 -0.29204 0.10617 -0.27966 -0.32013 -0.10962 -0.27292 -0.62277 0.084466 -0.22732 -0.64919 -0.14803 -0.31223 -0.69846 0.06042 -0.27437 -0.72645 0.081506 -0.074893 0.57782
-0.09546 0.029992 0.37606 0.20371 0.041674 0.31745 0.065714 0.024283 0.40267 0.013292 -0.00059035 0.067235 -0.062977 0.00447 -0.040102 0.04038 0.00447 -0.062801 -0.26802 0.1431 0.20832 0.32221 0.11178 0.090182 -0.34933 -0.012245 0.050945 0.30633 -0.085678 -0.039609 -0.43051 0.00022144 0.022633 0.29126 -0.093819 -0.12097 -0.070392 -0.29132 -0.29387 0.10578 -0.28031 -0.3208 -0.11718 -0.27736 -0.62411 0.084511 -0.22931 -0.65009 -0.15623 -0.31384 -0.70058 0.060163 -0.27597 -0.72749 0.077521 -0.070722 0.57505
-0.10043 0.035738 0.37196 0.19794 0.045642 0.31636 0.060093 0.032854 0.40327 0.012464 0.00067289 0.067453 -0.062539 0.0033771 -0.040896 0.040606 0.0033771 -0.062728 -0.26732 0.14673 0.19738 0.30926 0.10639 0.082758 -0.33112 -0.01478 0.036042 0.29589 -0.094817 -0.041766 -0.41239 -0.0072091 0.028564 0.28148 -0.09876 -0.12309 -0.07367 -0.29163 -0.29544 0.10483 -0.28129 -0.32116 -0.12444 -0.2812 -0.62529 0.08409 -0.23134 -0.65065 -0.16319 -0.31618 -0.70302 0.058898 -0.27634 -0.72876 0.075436 -0.068382 0.57189
-0.10278 0.03972 0.36714 0.19401 0.048225 0.31512 0.056736 0.037904 0.40346 0.011837 0.0016351 0.067574 -0.062112 0.002338 -0.041619 0.040873 0.002338 -0.062603 -0.26373 0.14629 0.18445 0.29988 0.10018 0.076805 -0.33251 -0.019948 0.029024 0.2881 -0.10361 -0.043713 -0.37121 -0.045419 0.0059505 0.27448 -0.10626 -0.12488 -0.077632 -0.29201 -0.2967 0.10306 -0.28268 -0.32115 -0.13059 -0.28329 -0.62629 0.083064 -0.23364 -0.65084 -0.16852 -0.31963 -0.70468 0.056329 -0.27534 -0.73039 0.073783 -0.061096 0.57321
-0.10393 0.043262 0.362 0.19098 0.050029 0.31413 0.054313 0.041292 0.40338 0.011281 0.0026941 0.067613 -0.061635 0.0013575 -0.042361 0.041234 0.0013575 -0.062394 -0.25875 0.14344 0.17057 0.29241 0.092874 0.072187 -0.33371 -0.021932 0.017898 0.28177 -0.11274 -0.045207 -0.32706 -0.08437 -0.029847 0.26815 -0.11571 -0.12663 -0.082582 -0.29228 -0.29787 0.10048 -0.28427 -0.32095 -0.13648 -0.28406 -0.62729 0.081111 -0.23768 -0.65102 -0.17566 -0.31728 -0.70579 0.054334 -0.27855 -0.7309 0.071812 -0.051468 0.57659
-0.1056 0.047882 0.35715 0.18781 0.05167 0.31378 0.051274 0.045346 0.40333 0.010655 0.0042641 0.067613 -0.06106 0.00045337 -0.043198 0.041724 0.00045337 -0.062079 -0.25376 0.1404 0.15683 0.28455 0.084523 0.068519 -0.3133 -0.015645 -0.0087489 0.27514 -0.12252 -0.046461 -0.30096 -0.092803 -0.058555 0.26046 -0.12673 -0.1286 -0.088728 -0.29221 -0.29916 0.097204 -0.28581 -0.32076 -0.14309 -0.28426 -0.6285 0.077994 -0.24469 -0.65154 -0.18771 -0.30301 -0.70678 0.05466 -0.29101 -0.72897 0.069122 -0.043621 0.57855
-0.10742 0.052942 0.35309 0.18492 0.052773 0.31384 0.048201 0.049449 0.40333 0.01006 0.0060045 0.067583 -0.060461 -0.00032798 -0.044038 0.04228 -0.00032798 -0.061703 -0.24871 0.13738 0.14439 0.27721 0.076442 0.065749 -0.28121 -0.009949 -0.037552 0.26778 -0.13062 -0.0492 -0.28835 -0.084867 -0.075753 0.25553 -0.13939 -0.13103 -0.095457 -0.29184 -0.30043 0.093524 -0.28716 -0.32063 -0.1499 -0.2843 -0.62978 0.07423 -0.25309 -0.65222 -0.20091 -0.28479 -0.70756 0.055478 -0.30725 -0.72602 0.066381 -0.03813 0.57917
-0.10836 0.057164 0.3502 0.18314 0.052727 0.31391 0.046282 0.052113 0.40329 0.0096619 0.007374 0.067521 -0.05994 -0.00093864 -0.044739 0.042811 -0.00093864 -0.061331 -0.24314 0.13394 0.13435 0.27213 0.070053 0.063915 -0.25685 -0.016848 -0.048874 0.25983 -0.13431 -0.055385 -0.27693 -0.087749 -0.082989 0.25879 -0.15376 -0.13415 -0.10192 -0.29126 -0.30144 0.089792 -0.28827 -0.32052 -0.15594 -0.28443 -0.63087 0.070548 -0.26047 -0.65272 -0.2097 -0.27424 -0.70792 0.05403 -0.31889 -0.72428 0.064518 -0.034318 0.57965
-0.10852 0.06046 0.34823 0.18232 0.051926 0.31401 0.045367 0.053401 0.40323 0.0094314 0.0084375 0.067424 -0.059497 -0.0014125 -0.045313 0.043301 -0.0014125 -0.060976 -0.23766 0.13046 0.12672 0.26863 0.063599 0.062794 -0.24449 -0.031893 -0.046007 0.25261 -0.13581 -0.064243 -0.26658 -0.10074 -0.085023 0.26744 -0.1683 -0.13775 -0.10783 -0.2906 -0.30218 0.086289 -0.28918 -0.32037 -0.161 -0.28456 -0.63177 0.067219 -0.26618 -0.65294 -0.21436 -0.2711 -0.70794 0.050622 -0.32526 -0.72375 0.063407 -0.031602 0.58032
-0.10858 0.063351 0.34663 0.1818 0.051262 0.31436 0.044625 0.054174 0.40319 0.0092423 0.009565 0.06729 -0.059078 -0.0018247 -0.045842 0.043774 -0.0018247 -0.060626 -0.23337 0.12772 0.12092 0.26488 0.053885 0.062034 -0.2402 -0.042482 -0.043828 0.24797 -0.13974 -0.073569 -0.26326 -0.10892 -0.087991 0.27456 -0.18071 -0.14139 -0.11315 -0.28993 -0.30277 0.083247 -0.29001 -0.32012 -0.16527 -0.28449 -0.63253 0.064265 -0.27053 -0.65291 -0.21815 -0.269 -0.70787 0.047124 -0.32967 -0.72331 0.062372 -0.029456 0.58098
-0.10869 0.065977 0.34518 0.18133 0.050892 0.31488 0.043835 0.054793 0.40318 0.0090676 0.010815 0.067126 -0.058667 -0.0022065 -0.04635 0.044222 -0.0022065 -0.060287 -0.23014 0.12576 0.11639 0.26069 0.04189 0.061493 -0.23866 -0.046491 -0.046183 0.24571 -0.14638 -0.081625 -0.26587 -0.10944 -0.09261 0.27782 -0.19 -0.14484 -0.11795 -0.28932 -0.30325 0.08068 -0.29079 -0.31978 -0.16894 -0.28415 -0.63319 0.06165 -0.27373 -0.6527 -0.22214 -0.26574 -0.70777 0.044203 -0.33343 -0.7226 0.061029 -0.027421 0.58168
-0.10868 0.06818 0.34397 0.18099 0.050399 0.31525 0.04326 0.055213 0.40314 0.0089586 0.012003 0.066944 -0.058284 -0.0025544 -0.046813 0.044615 -0.0025544 -0.059984 -0.22689 0.12398 0.11257 0.25719 0.031818 0.061205 -0.23376 -0.050002 -0.048212 0.24406 -0.15263 -0.087112 -0.26789 -0.10891 -0.095411 0.27851 -0.19627 -0.14807 -0.12229 -0.28877 -0.30358 0.078434 -0.2915 -0.31943 -0.17214 -0.28361 -0.6337 0.059296 -0.27597 -0.65242 -0.22566 -0.26247 -0.7076 0.041563 -0.33618 -0.72188 0.059235 -0.025099 0.5826
-0.10853 0.070063 0.34303 0.18079 0.049715 0.31546 0.042925 0.055515 0.40307 0.0089236 0.013103 0.066742 -0.057946 -0.0028687 -0.047213 0.044939 -0.0028687 -0.059727 -0.22383 0.12233 0.1094 0.2551 0.02487 0.061376 -0.22739 -0.053705 -0.049347 0.24241 -0.15682 -0.090393 -0.26699 -0.10972 -0.096725 0.27804 -0.20058 -0.15073 -0.12618 -0.28824 -0.30382 0.07641 -0.29214 -0.31911 -0.17495 -0.28296 -0.6341 0.057143 -0.2774 -0.65213 -0.2285 -0.26 -0.70742 0.039058 -0.33786 -0.72128 0.057142 -0.022382 0.58373
-0.10849 0.072033 0.34231 0.18071 0.049195 0.31586 0.042563 0.055922 0.40297 0.0089191 0.014278 0.066498 -0.057659 -0.0031552 -0.047545 0.045208 -0.0031552 -0.059509 -0.2227 0.12131 0.10734 0.25458 0.018648 0.062404 -0.23079 -0.051806 -0.054245 0.24156 -0.15911 -0.093738 -0.26595 -0.109 -0.10139 0.27773 -0.20507 -0.15216 -0.1295 -0.28769 -0.30411 0.07458 -0.29273 -0.31879 -0.17739 -0.28226 -0.63452 0.055151 -0.27817 -0.65181 -0.23108 -0.25855 -0.7074 0.036741 -0.33876 -0.72072 0.05522 -0.019497 0.58482
-0.1088 0.073954 0.34166 0.18052 0.048851 0.31664 0.041857 0.056253 0.40286 0.0088995 0.015644 0.066193 -0.0574 -0.0034247 -0.04784 0.045458 -0.0034247 -0.059304 -0.22285 0.12078 0.10592 0.2554 0.011888 0.064376 -0.2479 -0.043859 -0.062723 0.24184 -0.15999 -0.098046 -0.26653 -0.10665 -0.10957 0.27821 -0.21069 -0.15206 -0.13236 -0.28717 -0.30439 0.07299 -0.29329 -0.31846 -0.17937 -0.28169 -0.63493 0.05336 -0.27847 -0.65146 -0.23351 -0.25817 -0.70753 0.034708 -0.33922 -0.72017 0.053179 -0.016888 0.58576
-0.10966 0.074715 0.34071 0.17973 0.048061 0.31768 0.040431 0.055607 0.40286 0.0088223 0.017206 0.065815 -0.057087 -0.0036961 -0.048191 0.045756 -0.0036961 -0.059057 -0.21934 0.11948 0.10287 0.25674 0.0056274 0.066823 -0.2692 -0.039268 -0.065743 0.24258 -0.1605 -0.10166 -0.26819 -0.10794 -0.11295 0.27898 -0.2162 -0.15086 -0.13523 -0.28702 -0.30425 0.071795 -0.29383 -0.31807 -0.18068 -0.28166 -0.63499 0.051939 -0.27865 -0.65103 -0.23528 -0.25862 -0.70745 0.033109 -0.33955 -0.71958 0.049385 -0.015346 0.58669
-0.11129 0.073109 0.3391 0.17781 0.046139 0.3188 0.037904 0.053015 0.40304 0.0086451 0.018957 0.065356 -0.056632 -0.0039888 -0.048698 0.046175 -0.0039888 -0.058709 -0.20684 0.11601 0.095803 0.2577 0.0011285 0.06922 -0.28387 -0.048409 -0.053391 0.24301 -0.16167 -0.10267 -0.27018 -0.11864 -0.10236 0.27941 -0.22018 -0.14906 -0.13862 -0.28757 -0.30323 0.071164 -0.29436 -0.31756 -0.18112 -0.28259 -0.63436 0.051073 -0.27907 -0.65051 -0.23584 -0.25961 -0.70677 0.032097 -0.34009 -0.71891 0.04207 -0.015696 0.5878
-0.1139 0.067931 0.33644 0.17423 0.042401 0.31985 0.033892 0.047505 0.4035 0.0083255 0.020892 0.064805 -0.055947 -0.0043226 -0.04946 0.046789 -0.0043226 -0.058199 -0.18001 0.10898 0.082288 0.25739 -0.00034518 0.071041 -0.28107 -0.08166 -0.015754 0.24237 -0.16457 -0.099172 -0.27172 -0.14452 -0.068669 0.27885 -0.22119 -0.14716 -0.14301 -0.28919 -0.30089 0.071266 -0.29488 -0.3169 -0.18046 -0.2849 -0.63265 0.050944 -0.28008 -0.64985 -0.23462 -0.26087 -0.7051 0.031825 -0.34116 -0.71815 0.029465 -0.018762 0.58925
