-0.14187 0.051125 0.30796 0.12422 0.06114 0.31436 -0.010839 0.051043 0.40587 -0.004063 0.0065974 0.068158 -0.054455 -0.0070407 -0.050795 0.05291 -0.0070407 -0.052402 -0.3197 0.037217 0.1109 0.17776 0.04947 0.054272 -0.28881 -0.12035 -0.063416 0.2392 -0.14764 -0.062095 -0.26527 -0.1932 -0.0947 0.29668 -0.20293 -0.083967 -0.076029 -0.30404 -0.30233 0.058901 -0.31584 -0.29021 -0.11045 -0.35015 -0.63123 0.061988 -0.34118 -0.62313 -0.12557 -0.37775 -0.71938 0.12034 -0.34692 -0.69609 0.058739 0.016141 0.58713
-0.14202 0.05119 0.30804 0.12431 0.060943 0.31474 -0.010964 0.050726 0.40591 -0.0040742 0.006601 0.068157 -0.054473 -0.0070549 -0.050774 0.052891 -0.0070549 -0.052419 -0.31988 0.036871 0.11103 0.17711 0.049118 0.054512 -0.28896 -0.12065 -0.063326 0.24529 -0.1472 -0.059297 -0.26535 -0.19347 -0.09462 0.30073 -0.20419 -0.082446 -0.076107 -0.30399 -0.30238 0.058537 -0.31565 -0.2905 -0.11075 -0.35025 -0.63124 0.062061 -0.34206 -0.62323 -0.12027 -0.43088 -0.68444 0.11925 -0.34793 -0.69664 0.058253 0.0062595 0.58504
-0.14209 0.051097 0.30855 0.12483 0.060262 0.31529 -0.010739 0.049922 0.40602 -0.0040598 0.0065891 0.068159 -0.054484 -0.0070479 -0.050763 0.052851 -0.0070479 -0.052461 -0.32005 0.036581 0.11165 0.1772 0.048749 0.05496 -0.28918 -0.12082 -0.062815 0.24904 -0.14746 -0.05686 -0.26549 -0.19358 -0.094192 0.30138 -0.20669 -0.081263 -0.076307 -0.30397 -0.30237 0.058007 -0.31554 -0.29069 -0.11121 -0.3504 -0.63118 0.063608 -0.34233 -0.62344 -0.11531 -0.42931 -0.68514 0.12062 -0.34696 -0.69741 0.057632 -0.0015314 0.58373
-0.1422 0.050803 0.30933 0.12553 0.059272 0.31605 -0.010411 0.048672 0.40619 -0.0040374 0.0065537 0.068164 -0.054489 -0.0070267 -0.05076 0.05281 -0.0070267 -0.052505 -0.32034 0.03626 0.1126 0.17762 0.048403 0.055627 -0.28953 -0.12094 -0.062069 0.25128 -0.14796 -0.054809 -0.26575 -0.19363 -0.093518 0.30034 -0.20946 -0.080153 -0.076546 -0.30396 -0.30233 0.057491 -0.31548 -0.29079 -0.11171 -0.35055 -0.63109 0.065031 -0.34229 -0.62362 -0.11074 -0.40156 -0.703 0.1221 -0.34603 -0.69808 0.056721 -0.0083878 0.58276
-0.14246 0.050267 0.31017 0.12619 0.058145 0.31704 -0.010226 0.047018 0.40639 -0.0040246 0.0064866 0.068171 -0.054489 -0.0069979 -0.050765 0.052793 -0.0069979 -0.052526 -0.32087 0.035818 0.11367 0.17798 0.048119 0.056523 -0.29005 -0.12107 -0.061273 0.25283 -0.14819 -0.053166 -0.26617 -0.19374 -0.0927 0.29934 -0.21155 -0.07885 -0.076742 -0.30396 -0.30229 0.057168 -0.31542 -0.29085 -0.11212 -0.35069 -0.631 0.06473 -0.34227 -0.62367 -0.10664 -0.37615 -0.71951 0.12132 -0.34714 -0.69838 0.055366 -0.015466 0.58168
-0.14297 0.049446 0.31091 0.12659 0.057034 0.31828 -0.010403 0.045001 0.40662 -0.0040368 0.0063801 0.06818 -0.054483 -0.0069666 -0.050776 0.052818 -0.0069666 -0.052505 -0.32174 0.035184 0.11472 0.1779 0.047927 0.057648 -0.29079 -0.12127 -0.060595 0.25453 -0.14772 -0.051963 -0.2668 -0.19399 -0.09183 0.3 -0.21207 -0.077119 -0.076826 -0.30395 -0.30226 0.057187 -0.31533 -0.29091 -0.11233 -0.35079 -0.63094 0.061358 -0.34254 -0.62349 -0.10316 -0.37968 -0.71744 0.11618 -0.3521 -0.69812 0.053446 -0.023802 0.58006
-0.1436 0.048312 0.31166 0.1269 0.055719 0.31965 -0.010713 0.042625 0.40687 -0.0040548 0.0062313 0.068193 -0.054474 -0.0069097 -0.050793 0.052861 -0.0069097 -0.052469 -0.32284 0.034544 0.11587 0.1777 0.047679 0.058885 -0.29171 -0.12136 -0.059897 0.25673 -0.14666 -0.051352 -0.26767 -0.19418 -0.090878 0.30256 -0.21123 -0.075217 -0.076991 -0.30392 -0.30224 0.057176 -0.31523 -0.29094 -0.11258 -0.3508 -0.6309 0.057718 -0.34285 -0.62339 -0.10171 -0.40686 -0.70018 0.10921 -0.35933 -0.69879 0.05138 -0.032465 0.57833
-0.144 0.046848 0.31281 0.12756 0.053683 0.32087 -0.010568 0.039871 0.40716 -0.0040318 0.0060413 0.068211 -0.054466 -0.0067816 -0.050818 0.05286 -0.0067816 -0.052486 -0.32386 0.034297 0.11751 0.17823 0.047089 0.060017 -0.29275 -0.12099 -0.058801 0.25947 -0.14557 -0.051576 -0.26883 -0.19387 -0.089709 0.30612 -0.21015 -0.073794 -0.077636 -0.3038 -0.30219 0.056347 -0.31519 -0.29085 -0.11338 -0.3507 -0.63084 0.059801 -0.34258 -0.62397 -0.10473 -0.42668 -0.68781 0.10655 -0.3645 -0.70314 0.050022 -0.03895 0.57757
-0.14411 0.045175 0.31443 0.12864 0.050657 0.32175 -0.0098304 0.036789 0.40748 -0.0039573 0.0058179 0.068235 -0.054463 -0.0065725 -0.050848 0.052797 -0.0065725 -0.052577 -0.32471 0.03453 0.11971 0.17979 0.046207 0.060921 -0.29385 -0.1201 -0.057219 0.26282 -0.14449 -0.052725 -0.27017 -0.19306 -0.088082 0.30993 -0.20937 -0.073088 -0.078853 -0.30359 -0.30211 0.054496 -0.31525 -0.29061 -0.11482 -0.35041 -0.63075 0.063024 -0.34196 -0.62455 -0.1116 -0.42639 -0.68832 0.10699 -0.36526 -0.70716 0.049645 -0.042754 0.57795
-0.14418 0.043613 0.3162 0.12962 0.04674 0.32221 -0.0090256 0.033531 0.40776 -0.0038744 0.0055778 0.06826 -0.054469 -0.0063247 -0.050874 0.052711 -0.0063247 -0.052693 -0.32554 0.034883 0.12208 0.18189 0.04556 0.061614 -0.29499 -0.11908 -0.055492 0.26696 -0.14262 -0.054654 -0.27138 -0.19241 -0.085607 0.31352 -0.20852 -0.072731 -0.080287 -0.30332 -0.30201 0.052274 -0.31537 -0.29025 -0.1164 -0.34984 -0.63068 0.047573 -0.34256 -0.62254 -0.11731 -0.42052 -0.69174 0.098669 -0.36217 -0.69717 0.049676 -0.046306 0.57833
-0.14439 0.04205 0.31788 0.13024 0.042206 0.32238 -0.0084563 0.030044 0.40802 -0.0038058 0.0053264 0.068283 -0.05448 -0.0060768 -0.050894 0.052635 -0.0060768 -0.052799 -0.32648 0.035041 0.12436 0.184 0.04538 0.062187 -0.29611 -0.11824 -0.053826 0.27149 -0.13968 -0.057234 -0.27243 -0.19217 -0.082627 0.31649 -0.20734 -0.072319 -0.081629 -0.30304 -0.30193 0.050211 -0.31554 -0.2898 -0.11779 -0.34912 -0.63063 0.005152 -0.34494 -0.61671 -0.11898 -0.42002 -0.69096 0.07561 -0.35674 -0.66776 0.049586 -0.051472 0.578
-0.14449 0.039229 0.31965 0.13108 0.037693 0.32288 -0.0077289 0.025719 0.40835 -0.0037127 0.0050378 0.068311 -0.054471 -0.0058482 -0.050929 0.05256 -0.0058482 -0.052899 -0.32743 0.034901 0.12687 0.18576 0.045044 0.062886 -0.29706 -0.1176 -0.051992 0.27466 -0.13678 -0.06042 -0.27406 -0.19142 -0.081379 0.31868 -0.20591 -0.071479 -0.082778 -0.30278 -0.30187 0.048367 -0.31571 -0.28935 -0.11927 -0.34895 -0.63054 -0.040033 -0.34687 -0.60962 -0.12007 -0.42139 -0.68977 0.048993 -0.35231 -0.63662 0.049132 -0.058113 0.57762
-0.14436 0.033997 0.32167 0.13255 0.033287 0.32417 -0.0065907 0.019669 0.4088 -0.0035602 0.0046397 0.06835 -0.054439 -0.005631 -0.050985 0.052479 -0.005631 -0.052998 -0.32835 0.034359 0.12986 0.18706 0.044016 0.064009 -0.29779 -0.11718 -0.049775 0.27514 -0.13494 -0.063994 -0.27687 -0.18948 -0.083492 0.32005 -0.20432 -0.06998 -0.083695 -0.30256 -0.30183 0.046732 -0.31585 -0.28895 -0.12093 -0.34939 -0.63038 -0.064691 -0.34637 -0.60385 -0.12399 -0.41976 -0.69217 0.030136 -0.35158 -0.62064 0.048221 -0.065879 0.57792
-0.14469 0.026539 0.32389 0.13355 0.026128 0.32554 -0.005994 0.01006 0.40909 -0.0033787 0.003859 0.068406 -0.054481 -0.0053002 -0.050976 0.052428 -0.0053002 -0.053084 -0.32971 0.033172 0.13318 0.18898 0.042841 0.065987 -0.29883 -0.11726 -0.047331 0.27487 -0.13364 -0.066864 -0.28026 -0.18773 -0.086244 0.32108 -0.20237 -0.068253 -0.084489 -0.30223 -0.30173 0.04532 -0.31586 -0.28855 -0.12138 -0.34709 -0.63057 -0.074503 -0.3448 -0.59929 -0.12908 -0.41466 -0.69496 0.018047 -0.35286 -0.61527 0.047276 -0.074934 0.57897
-0.14631 0.017502 0.32613 0.1327 0.013221 0.32609 -0.0071191 -0.0046935 0.40889 -0.0032246 0.0023972 0.068478 -0.054702 -0.0046901 -0.050811 0.052458 -0.0046901 -0.053128 -0.3321 0.031186 0.13653 0.19261 0.042408 0.069187 -0.3008 -0.11805 -0.044937 0.27633 -0.13186 -0.067845 -0.28336 -0.18783 -0.08604 0.32247 -0.19969 -0.066831 -0.085322 -0.30163 -0.30148 0.044174 -0.3156 -0.28809 -0.11908 -0.33822 -0.63155 -0.08256 -0.34406 -0.59518 -0.13247 -0.4069 -0.69339 0.0085247 -0.35325 -0.61054 0.046734 -0.08558 0.58053
-0.14907 0.0081032 0.32769 0.13004 -0.0014179 0.32616 -0.0098984 -0.021209 0.40832 -0.0032143 0.00027709 0.068522 -0.054998 -0.0035785 -0.050583 0.052665 -0.0035785 -0.053012 -0.33561 0.029462 0.13956 0.19601 0.043812 0.073026 -0.3036 -0.11838 -0.042933 0.27817 -0.12849 -0.067377 -0.28595 -0.18847 -0.083311 0.32508 -0.19548 -0.06534 -0.086402 -0.30052 -0.30115 0.04355 -0.31468 -0.2877 -0.11482 -0.32408 -0.63294 -0.089967 -0.34208 -0.59229 -0.13371 -0.39677 -0.68848 0.0018771 -0.35104 -0.60581 0.045707 -0.097942 0.58135
-0.15231 -0.00024531 0.32763 0.12638 -0.010357 0.32669 -0.013606 -0.033682 0.40773 -0.0034894 -0.002303 0.068466 -0.055151 -0.0017355 -0.050483 0.053157 -0.0017355 -0.052574 -0.34008 0.029626 0.14187 0.19574 0.048147 0.076467 -0.30673 -0.11643 -0.041699 0.27705 -0.12241 -0.066752 -0.28819 -0.18684 -0.080661 0.32952 -0.18874 -0.06309 -0.087942 -0.29862 -0.30094 0.043792 -0.31259 -0.28758 -0.11065 -0.30873 -0.63394 -0.091478 -0.33485 -0.59214 -0.13373 -0.38437 -0.6843 0.00075547 -0.3453 -0.60538 0.042643 -0.11203 0.57974
-0.15598 -0.0086678 0.32569 0.12202 -0.015242 0.32726 -0.01806 -0.042772 0.40683 -0.0040235 -0.0051621 0.068278 -0.055117 0.00057461 -0.050539 0.05385 0.00057461 -0.05188 -0.34525 0.030994 0.14329 0.19215 0.054037 0.079879 -0.30987 -0.1127 -0.041664 0.27272 -0.11431 -0.066482 -0.29047 -0.18308 -0.080043 0.329 -0.18046 -0.063228 -0.089617 -0.29614 -0.30097 0.044596 -0.30961 -0.28779 -0.10749 -0.29514 -0.6344 -0.086382 -0.32282 -0.59469 -0.13316 -0.37142 -0.68243 0.0050366 -0.33644 -0.61012 0.037313 -0.1275 0.57603
-0.16057 -0.020694 0.3223 0.11678 -0.026386 0.32616 -0.023597 -0.055311 0.40471 -0.0046295 -0.0081402 0.067958 -0.055013 0.0026194 -0.050627 0.054475 0.0026194 -0.051209 -0.35077 0.030652 0.14389 0.18921 0.057766 0.084972 -0.31288 -0.1099 -0.043299 0.2679 -0.1066 -0.066309 -0.29335 -0.18015 -0.082753 0.30978 -0.17348 -0.072495 -0.090581 -0.29372 -0.30133 0.045046 -0.30669 -0.28822 -0.10519 -0.28511 -0.6348 -0.07837 -0.31079 -0.59843 -0.1324 -0.36114 -0.68208 0.011927 -0.32622 -0.61748 0.030779 -0.14366 0.57252
-0.16571 -0.037395 0.3178 0.11127 -0.047064 0.32305 -0.02975 -0.073692 0.40117 -0.0052185 -0.011233 0.067475 -0.054887 0.0041876 -0.050673 0.05494 0.0041876 -0.050627 -0.3568 0.025327 0.14397 0.18882 0.058008 0.092323 -0.31519 -0.10959 -0.0469 0.26552 -0.10123 -0.064775 -0.29575 -0.17844 -0.089805 0.27326 -0.16929 -0.09014 -0.089718 -0.29166 -0.30202 0.045543 -0.30395 -0.28908 -0.10274 -0.27898 -0.63544 -0.069405 -0.30148 -0.60253 -0.1304 -0.35486 -0.6827 0.020077 -0.31589 -0.62558 0.024659 -0.16011 0.56996
-0.16946 -0.055545 0.31226 0.10735 -0.068129 0.32003 -0.034666 -0.092423 0.39725 -0.0058776 -0.0147 0.066745 -0.054659 0.0059766 -0.050708 0.055463 0.0059766 -0.049826 -0.36434 0.011292 0.14434 0.18913 0.057631 0.10051 -0.31548 -0.11125 -0.052466 0.26872 -0.099284 -0.05846 -0.29378 -0.1738 -0.10178 0.24684 -0.16705 -0.10257 -0.085499 -0.28964 -0.30292 0.048744 -0.30006 -0.29118 -0.097863 -0.27464 -0.63625 -0.058251 -0.29386 -0.60742 -0.12379 -0.35059 -0.68442 0.030744 -0.30583 -0.63387 0.021422 -0.17698 0.56642
-0.1699 -0.072959 0.30591 0.10681 -0.082314 0.31833 -0.036253 -0.10764 0.39357 -0.0064904 -0.018715 0.065692 -0.054336 0.0084803 -0.050681 0.056099 0.0084803 -0.048705 -0.37281 -0.013527 0.14519 0.18874 0.059261 0.10816 -0.31244 -0.11464 -0.059789 0.27986 -0.097267 -0.047129 -0.28487 -0.16436 -0.11807 0.25164 -0.16094 -0.10217 -0.076462 -0.28732 -0.30382 0.057276 -0.29383 -0.29513 -0.088475 -0.27026 -0.63706 -0.043096 -0.28669 -0.61354 -0.10976 -0.34647 -0.68708 0.045661 -0.29585 -0.64214 0.023476 -0.19387 0.56068
-0.1654 -0.091889 0.29949 0.11071 -0.09173 0.31585 -0.032104 -0.12278 0.38911 -0.0062682 -0.023124 0.064284 -0.054215 0.011305 -0.050277 0.056322 0.011305 -0.047902 -0.37662 -0.046035 0.14484 0.18876 0.063575 0.11465 -0.30494 -0.12114 -0.068126 0.29898 -0.077914 -0.040838 -0.27116 -0.15637 -0.13464 0.28218 -0.13076 -0.10334 -0.061493 -0.28438 -0.30423 0.073019 -0.28496 -0.30076 -0.073508 -0.26548 -0.63738 -0.021315 -0.27924 -0.62101 -0.087913 -0.34191 -0.68945 0.067248 -0.28431 -0.65093 0.032804 -0.20853 0.55451
-0.15512 -0.11435 0.29373 0.11946 -0.099761 0.31054 -0.020727 -0.14149 0.38292 -0.0045355 -0.027632 0.062556 -0.054539 0.013969 -0.04925 0.055684 0.013969 -0.047968 -0.37084 -0.081728 0.14177 0.19032 0.070597 0.11974 -0.29257 -0.13157 -0.076513 0.32365 -0.025622 -0.048192 -0.25574 -0.15589 -0.14736 0.326 -0.058792 -0.11972 -0.040409 -0.28045 -0.30392 0.096546 -0.27326 -0.30782 -0.052912 -0.26011 -0.63697 0.0084239 -0.27077 -0.62984 -0.059198 -0.33652 -0.69057 0.096621 -0.26951 -0.66084 0.050259 -0.21862 0.54984
-0.14233 -0.1361 0.28862 0.13039 -0.10684 0.30445 -0.0062381 -0.16069 0.37595 -0.0020059 -0.031497 0.060873 -0.054911 0.016458 -0.048051 0.054839 0.016458 -0.048144 -0.35992 -0.11367 0.13761 0.1922 0.078729 0.12473 -0.27884 -0.14198 -0.083319 0.3397 0.050551 -0.058113 -0.24185 -0.15872 -0.15567 0.35937 0.0425 -0.13668 -0.018036 -0.27473 -0.30437 0.12172 -0.25808 -0.31648 -0.031399 -0.25337 -0.63732 0.039105 -0.25961 -0.63998 -0.029516 -0.32938 -0.69187 0.12664 -0.25092 -0.67186 0.070656 -0.22341 0.54636
-0.1316 -0.15119 0.28392 0.13986 -0.11239 0.30079 0.0055406 -0.17532 0.36977 0.00016308 -0.033898 0.059682 -0.054747 0.018906 -0.047333 0.05474 0.018906 -0.047317 -0.35112 -0.13457 0.13482 0.19228 0.085707 0.131 -0.26841 -0.14702 -0.086975 0.33065 0.13275 -0.053933 -0.23248 -0.15749 -0.16039 0.35737 0.15001 -0.13142 -0.00068066 -0.26644 -0.30755 0.14046 -0.23888 -0.32695 -0.015068 -0.24433 -0.6404 0.061337 -0.24408 -0.65132 -0.0061857 -0.31951 -0.69549 0.14783 -0.22869 -0.68372 0.087039 -0.22303 0.54301
-0.12511 -0.16002 0.27977 0.14578 -0.11656 0.29951 0.012343 -0.1848 0.36492 0.0014371 -0.034971 0.059025 -0.05399 0.021265 -0.047202 0.055223 0.021265 -0.045731 -0.34598 -0.14304 0.13261 0.18781 0.088276 0.13484 -0.26289 -0.14495 -0.089398 0.30171 0.20342 -0.035931 -0.22774 -0.15064 -0.16383 0.32724 0.24248 -0.10466 0.0089602 -0.25622 -0.31375 0.1502 -0.21812 -0.33832 -0.0063526 -0.23348 -0.64653 0.072881 -0.22579 -0.66307 0.0076918 -0.30761 -0.70193 0.15823 -0.20544 -0.69571 0.096995 -0.22081 0.53943
-0.12347 -0.16691 0.27652 0.14712 -0.11993 0.29849 0.014248 -0.19143 0.36127 0.0016974 -0.03546 0.058682 -0.05292 0.023366 -0.047416 0.055423 0.023366 -0.044479 -0.34233 -0.14156 0.12817 0.17583 0.082725 0.12955 -0.26182 -0.13643 -0.094627 0.27181 0.2458 -0.015094 -0.22587 -0.14031 -0.16918 0.29651 0.30045 -0.071929 0.0106 -0.24563 -0.32223 0.15194 -0.20009 -0.349 -0.0052523 -0.22211 -0.65492 0.076122 -0.20839 -0.67407 0.011822 -0.29541 -0.71057 0.1607 -0.1853 -0.70684 0.10108 -0.22202 0.53575
-0.12541 -0.17311 0.27453 0.14514 -0.12287 0.29695 0.012861 -0.1963 0.35874 0.0012228 -0.035749 0.058518 -0.051798 0.025011 -0.047811 0.055133 0.025011 -0.043938 -0.33868 -0.13337 0.12153 0.15949 0.07045 0.116 -0.26324 -0.12353 -0.10287 0.25139 0.25928 0.003856 -0.22522 -0.12792 -0.17651 0.27895 0.32304 -0.040936 0.0061768 -0.2349 -0.33242 0.14789 -0.18563 -0.35863 -0.009762 -0.2105 -0.66504 0.073799 -0.19277 -0.68413 0.0084312 -0.28336 -0.72092 0.15813 -0.16895 -0.71702 0.10112 -0.22743 0.5324
-0.12758 -0.17633 0.27417 0.1437 -0.12557 0.29558 0.011438 -0.19914 0.35732 0.0007283 -0.035816 0.058503 -0.050852 0.025977 -0.048317 0.054892 0.025977 -0.043671 -0.33435 -0.12251 0.11585 0.14872 0.058588 0.10371 -0.2635 -0.10984 -0.10999 0.24103 0.26142 0.02345 -0.22433 -0.11396 -0.18247 0.27236 0.33018 -0.010243 7.2798e-05 -0.2228 -0.34406 0.14153 -0.17165 -0.36827 -0.015681 -0.19772 -0.67664 0.068949 -0.17667 -0.69415 0.0025084 -0.2705 -0.73262 0.15329 -0.1531 -0.72719 0.10028 -0.2327 0.53023
-0.12827 -0.17518 0.27502 0.14416 -0.1279 0.29479 0.011215 -0.19991 0.35693 0.00053482 -0.035655 0.058607 -0.050168 0.026204 -0.048913 0.055074 0.026204 -0.043309 -0.32864 -0.1112 0.11196 0.14748 0.050996 0.097655 -0.26097 -0.09689 -0.11479 0.23844 0.26349 0.045225 -0.22189 -0.099972 -0.18643 0.2724 0.33515 0.021386 -0.0053899 -0.20877 -0.35669 0.1349 -0.15621 -0.37839 -0.02095 -0.18309 -0.68924 0.063185 -0.15882 -0.70448 -0.003315 -0.25601 -0.74521 0.14762 -0.13583 -0.7377 0.10001 -0.2351 0.52954
-0.12918 -0.17055 0.27504 0.14271 -0.12915 0.29419 0.0092375 -0.19927 0.35732 0.00013479 -0.035345 0.05879 -0.04955 0.025963 -0.049656 0.055649 0.025963 -0.04271 -0.32072 -0.097982 0.10566 0.14714 0.044415 0.092947 -0.25818 -0.081912 -0.12237 0.23663 0.26243 0.067987 -0.21676 -0.089597 -0.19365 0.27208 0.3358 0.053836 -0.012235 -0.19369 -0.3695 0.12697 -0.13998 -0.38814 -0.027985 -0.16654 -0.70192 0.055262 -0.1403 -0.71424 -0.011381 -0.23959 -0.75804 0.13991 -0.11831 -0.7476 0.098154 -0.23566 0.52961
-0.13194 -0.16358 0.27312 0.13662 -0.12873 0.2937 0.003305 -0.19763 0.35831 -0.00088008 -0.034909 0.059042 -0.048843 0.025519 -0.050568 0.056463 0.025519 -0.041895 -0.31032 -0.081993 0.094164 0.14098 0.036303 0.085715 -0.25773 -0.062929 -0.13612 0.23083 0.25547 0.089506 -0.21057 -0.082427 -0.20716 0.267 0.32982 0.085389 -0.021951 -0.17826 -0.38178 0.11685 -0.12399 -0.39672 -0.038492 -0.14819 -0.7139 0.044506 -0.12209 -0.72271 -0.023321 -0.22117 -0.77049 0.12949 -0.10159 -0.75612 0.09301 -0.23535 0.52989
-0.13653 -0.1555 0.27219 0.12939 -0.1266 0.29486 -0.0042331 -0.19439 0.3601 -0.002199 -0.034134 0.059461 -0.048166 0.024973 -0.051489 0.057093 0.024973 -0.041373 -0.29925 -0.066104 0.082068 0.13479 0.029791 0.080061 -0.2608 -0.042698 -0.15062 0.22625 0.24712 0.10497 -0.21481 -0.062324 -0.21945 0.26346 0.32097 0.10907 -0.032211 -0.16179 -0.39328 0.10541 -0.10927 -0.4041 -0.049638 -0.12861 -0.72506 0.033574 -0.10398 -0.73015 -0.036039 -0.20147 -0.78223 0.11895 -0.084962 -0.76345 0.086111 -0.23348 0.53105
-0.14269 -0.1475 0.27564 0.1252 -0.12304 0.29944 -0.010497 -0.18893 0.36288 -0.0034147 -0.032817 0.060135 -0.047653 0.024374 -0.052262 0.057142 0.024374 -0.041658 -0.28974 -0.053643 0.074954 0.13566 0.028345 0.081119 -0.26807 -0.024689 -0.15923 0.22909 0.2428 0.11042 -0.24046 -0.014561 -0.22207 0.2687 0.31404 0.11854 -0.040362 -0.14361 -0.40383 0.093824 -0.096656 -0.41044 -0.058088 -0.10846 -0.73542 0.025384 -0.085572 -0.73701 -0.045922 -0.18126 -0.79298 0.11112 -0.067516 -0.77002 0.079274 -0.22928 0.53386
-0.15116 -0.14047 0.28354 0.12351 -0.11953 0.30853 -0.016161 -0.18247 0.36595 -0.0045907 -0.03121 0.060908 -0.047142 0.02368 -0.053035 0.056808 0.02368 -0.042504 -0.28331 -0.045173 0.073481 0.14021 0.028731 0.088525 -0.27928 -0.0098397 -0.16082 0.23662 0.24238 0.11196 -0.27933 0.040702 -0.21682 0.27976 0.31141 0.12046 -0.047585 -0.12526 -0.41316 0.082325 -0.08531 -0.41592 -0.064192 -0.087988 -0.74457 0.019381 -0.067101 -0.74329 -0.053317 -0.16071 -0.80249 0.10539 -0.049592 -0.77588 0.071132 -0.22425 0.53787
-0.16299 -0.13504 0.2946 0.12183 -0.11788 0.32272 -0.023284 -0.1768 0.36841 -0.0059744 -0.029729 0.06154 -0.046366 0.022813 -0.054068 0.056516 0.022813 -0.043379 -0.28105 -0.039962 0.076259 0.14115 0.025307 0.099621 -0.29362 0.0021107 -0.15661 0.24251 0.24311 0.11852 -0.31547 0.070552 -0.20965 0.2895 0.31364 0.12518 -0.056403 -0.10894 -0.421 0.070753 -0.0738 -0.42072 -0.069749 -0.06733 -0.75202 0.013649 -0.0491 -0.74882 -0.060147 -0.13973 -0.81057 0.099804 -0.032093 -0.78102 0.059145 -0.22062 0.54217
-0.17747 -0.12986 0.30813 0.11893 -0.11748 0.33969 -0.032133 -0.17077 0.3706 -0.0075666 -0.028308 0.062035 -0.045406 0.02173 -0.055311 0.056228 0.02173 -0.044304 -0.28191 -0.03558 0.082603 0.1394 0.018859 0.1124 -0.30803 0.013178 -0.14781 0.24431 0.23818 0.11788 -0.3389 0.072667 -0.2036 0.29331 0.30919 0.11671 -0.065107 -0.092243 -0.42784 0.058754 -0.062025 -0.42497 -0.074733 -0.046754 -0.75852 0.0079817 -0.032183 -0.75369 -0.066774 -0.11865 -0.81793 0.094435 -0.016264 -0.7855 0.043422 -0.21757 0.54669
-0.19259 -0.12212 0.32384 0.11455 -0.11589 0.35496 -0.041605 -0.16103 0.37386 -0.0091801 -0.026528 0.062579 -0.044612 0.020415 -0.056478 0.05557 0.020415 -0.045703 -0.28322 -0.028355 0.092264 0.14204 0.014968 0.12533 -0.31777 0.026641 -0.1357 0.24249 0.218 0.082519 -0.34436 0.067766 -0.19949 0.28861 0.27792 0.060105 -0.068883 -0.069477 -0.43473 0.045867 -0.050875 -0.42881 -0.077752 -0.026644 -0.7657 0.0034583 -0.017019 -0.75823 -0.072378 -0.098115 -0.82588 0.09083 -0.0035796 -0.7895 0.026085 -0.21204 0.552
-0.20497 -0.11019 0.33752 0.10891 -0.11158 0.36428 -0.050368 -0.14719 0.37841 -0.010598 -0.0244 0.063209 -0.04443 0.018899 -0.057169 0.054527 0.018899 -0.047562 -0.28203 -0.016517 0.10107 0.15097 0.015855 0.13502 -0.31928 0.043286 -0.12528 0.23796 0.1837 0.013179 -0.33337 0.069624 -0.19931 0.27605 0.22024 -0.040708 -0.067051 -0.040725 -0.44125 0.03299 -0.04057 -0.43219 -0.078218 -0.007538 -0.77319 0.00069283 -0.0038089 -0.76242 -0.076372 -0.07871 -0.83392 0.089094 0.0056528 -0.79329 0.009577 -0.20376 0.55764
-0.20951 -0.09405 0.3398 0.10284 -0.10427 0.36382 -0.056841 -0.1327 0.38297 -0.011571 -0.022512 0.063761 -0.04543 0.017266 -0.056843 0.05357 0.017266 -0.049272 -0.27511 -0.00085721 0.099657 0.16106 0.019151 0.13569 -0.31055 0.060558 -0.12647 0.23214 0.15059 -0.051638 -0.31615 0.082078 -0.20663 0.26047 0.16396 -0.12988 -0.06449 -0.013819 -0.44503 0.022812 -0.030406 -0.43492 -0.076644 0.009831 -0.7779 -0.0003602 0.0078583 -0.76582 -0.078506 -0.060964 -0.83911 0.087375 0.012671 -0.79724 -0.0033052 -0.19621 0.56189
-0.20406 -0.075233 0.32728 0.097472 -0.094465 0.35337 -0.05988 -0.1202 0.38665 -0.011948 -0.021196 0.064151 -0.047607 0.015655 -0.055454 0.052946 0.015655 -0.050479 -0.26176 0.016682 0.084609 0.16834 0.022567 0.1254 -0.29245 0.075701 -0.14281 0.22593 0.12787 -0.086943 -0.2992 0.10291 -0.22197 0.24604 0.12849 -0.17183 -0.064349 0.0058115 -0.44502 0.016798 -0.02011 -0.43693 -0.073633 0.024664 -0.77833 -5.5398e-05 0.018173 -0.76823 -0.078749 -0.045554 -0.84001 0.085698 0.018941 -0.80078 -0.010892 -0.19111 0.56407
-0.19355 -0.058629 0.31134 0.094514 -0.084258 0.3411 -0.059425 -0.10959 0.38978 -0.011821 -0.020085 0.064517 -0.049591 0.014318 -0.054133 0.052302 0.014318 -0.051523 -0.24732 0.031854 0.067272 0.17262 0.024749 0.1116 -0.27223 0.086014 -0.16211 0.21905 0.10806 -0.10558 -0.27866 0.11729 -0.23847 0.23467 0.10909 -0.18695 -0.064826 0.019615 -0.44361 0.013229 -0.01055 -0.43856 -0.06983 0.036043 -0.77706 0.0006328 0.026705 -0.77014 -0.077518 -0.033527 -0.83921 0.088807 0.026206 -0.80107 -0.014214 -0.18548 0.56616
-0.18299 -0.048243 0.30264 0.095168 -0.07547 0.33434 -0.055826 -0.1004 0.39274 -0.011304 -0.018805 0.064988 -0.050283 0.013395 -0.053797 0.051367 0.013395 -0.052694 -0.23682 0.041178 0.058178 0.17446 0.024982 0.10145 -0.25664 0.089584 -0.173 0.21118 0.083963 -0.12239 -0.25161 0.11352 -0.24973 0.2279 0.098044 -0.19876 -0.063826 0.0299 -0.44298 0.010563 -0.0023571 -0.44009 -0.065748 0.043478 -0.77659 0.0011386 0.033124 -0.77197 -0.07521 -0.025519 -0.83913 0.098017 0.034465 -0.79754 -0.014463 -0.17667 0.5699
-0.17326 -0.042073 0.29927 0.098031 -0.067734 0.33168 -0.050559 -0.092045 0.39551 -0.010478 -0.017391 0.065523 -0.050623 0.012461 -0.053661 0.05062 0.012461 -0.053643 -0.2302 0.045976 0.055021 0.17549 0.024778 0.094873 -0.24599 0.087907 -0.17771 0.2027 0.060133 -0.1373 -0.22539 0.10155 -0.25592 0.227 0.08974 -0.20932 -0.061068 0.038412 -0.44246 0.0099984 0.0056289 -0.44128 -0.061311 0.048417 -0.77621 0.0030757 0.037912 -0.77355 -0.071842 -0.02013 -0.83907 0.09664 0.035886 -0.80111 -0.011838 -0.16658 0.574
-0.16421 -0.036778 0.29645 0.10114 -0.060215 0.32964 -0.045308 -0.084001 0.39794 -0.0094312 -0.01599 0.066035 -0.051904 0.011027 -0.052656 0.050645 0.011027 -0.05392 -0.2261 0.048694 0.052519 0.17735 0.025953 0.089967 -0.23893 0.083265 -0.18159 0.19432 0.043407 -0.14662 -0.20901 0.095358 -0.25891 0.23206 0.079111 -0.21536 -0.056837 0.046558 -0.44076 0.013135 0.014808 -0.44182 -0.056393 0.052672 -0.77461 0.0082167 0.041735 -0.77458 -0.067443 -0.015569 -0.83771 0.066511 0.022571 -0.82283 -0.0064827 -0.15801 0.57663
-0.15694 -0.031552 0.29396 0.10381 -0.05315 0.3278 -0.040927 -0.07671 0.39989 -0.0084046 -0.014758 0.066459 -0.053656 0.0093906 -0.051222 0.051182 0.0093906 -0.053724 -0.22373 0.05015 0.050022 0.17964 0.027782 0.086218 -0.23477 0.076694 -0.18523 0.188 0.032846 -0.15094 -0.2013 0.09294 -0.25965 0.23389 0.060719 -0.2183 -0.051996 0.05419 -0.43841 0.018564 0.024482 -0.44182 -0.051806 0.0566 -0.7723 0.01462 0.044903 -0.77506 -0.063032 -0.011443 -0.83558 0.018774 0.0042867 -0.84843 -0.00037814 -0.15101 0.57807
-0.15301 -0.026861 0.29376 0.10601 -0.047288 0.32727 -0.037821 -0.071043 0.40126 -0.0076994 -0.013849 0.066744 -0.054586 0.0082124 -0.050509 0.051573 0.0082124 -0.05356 -0.22257 0.050369 0.049114 0.18103 0.028349 0.08378 -0.23308 0.068647 -0.18693 0.18614 0.023775 -0.1529 -0.19621 0.084772 -0.25863 0.21946 0.029618 -0.22174 -0.04766 0.060422 -0.43676 0.023462 0.032954 -0.44159 -0.04877 0.059843 -0.77066 0.018642 0.047551 -0.77514 -0.060053 -0.0080467 -0.8341 -0.021481 -0.0011708 -0.8522 0.0037004 -0.14429 0.57965
-0.15184 -0.022923 0.29554 0.10775 -0.042815 0.32779 -0.035817 -0.066995 0.40213 -0.0073428 -0.013247 0.066907 -0.054534 0.0076198 -0.050648 0.051621 0.0076198 -0.0536 -0.2219 0.049843 0.049679 0.18137 0.02752 0.082294 -0.23277 0.060545 -0.18681 0.1878 0.015037 -0.15413 -0.19106 0.071766 -0.25671 0.19228 -0.0064609 -0.22631 -0.044306 0.065129 -0.43607 0.026865 0.039609 -0.44132 -0.047263 0.062381 -0.76994 0.019816 0.049848 -0.77499 -0.058636 -0.0053528 -0.83354 -0.044629 0.0076482 -0.83413 0.0054711 -0.1375 0.58168
-0.15098 -0.01973 0.29703 0.10903 -0.039408 0.32798 -0.034237 -0.063783 0.40278 -0.0071194 -0.012784 0.067017 -0.054355 0.0072642 -0.050864 0.051547 0.0072642 -0.053712 -0.22083 0.049476 0.050085 0.18154 0.026736 0.080947 -0.23223 0.054642 -0.1866 0.18918 0.0085973 -0.15529 -0.18624 0.064014 -0.25505 0.17039 -0.02872 -0.23003 -0.041838 0.068871 -0.43555 0.029462 0.0448 -0.44106 -0.046165 0.064498 -0.7694 0.020488 0.051987 -0.77477 -0.057751 -0.0030437 -0.83315 -0.054883 0.017723 -0.81687 0.0068543 -0.13117 0.58358
-0.14932 -0.017101 0.29725 0.10995 -0.036658 0.32735 -0.032732 -0.06072 0.40338 -0.0068992 -0.012343 0.067123 -0.054489 0.0069095 -0.050769 0.051474 0.0069095 -0.053828 -0.21922 0.049657 0.049645 0.18198 0.026679 0.079434 -0.23082 0.051457 -0.18709 0.18854 0.0047297 -0.15654 -0.18345 0.063567 -0.25476 0.16341 -0.029655 -0.23216 -0.039985 0.07205 -0.43481 0.031796 0.048921 -0.44085 -0.044845 0.066419 -0.76862 0.021862 0.054078 -0.77457 -0.056752 -0.0008968 -0.83256 -0.057123 0.022088 -0.8118 0.008762 -0.12558 0.58501
-0.14795 -0.014608 0.29735 0.11076 -0.034048 0.32691 -0.031488 -0.057306 0.40397 -0.0066978 -0.011889 0.067226 -0.05468 0.0065204 -0.050623 0.051358 0.0065204 -0.05399 -0.21803 0.049948 0.049217 0.18232 0.026772 0.078255 -0.2296 0.048775 -0.18749 0.18751 0.00092274 -0.15726 -0.18616 0.059512 -0.25678 0.16711 -0.019875 -0.23412 -0.038231 0.074789 -0.43405 0.034089 0.052376 -0.4407 -0.043491 0.068262 -0.76784 0.02321 0.056097 -0.7744 -0.055655 0.0011481 -0.83194 -0.056516 0.023944 -0.81156 0.010425 -0.12063 0.58603
-0.14743 -0.012003 0.29795 0.11159 -0.031182 0.32716 -0.030572 -0.053371 0.40455 -0.0065317 -0.011412 0.067325 -0.054718 0.0060868 -0.050638 0.05118 0.0060868 -0.054209 -0.21767 0.049939 0.049202 0.18223 0.026552 0.07752 -0.22911 0.044883 -0.18745 0.18753 -0.0042473 -0.15737 -0.19482 0.04516 -0.26115 0.17595 -0.0096089 -0.237 -0.036246 0.077161 -0.43346 0.036417 0.055463 -0.44059 -0.042289 0.07009 -0.76723 0.024122 0.058059 -0.77425 -0.054536 0.0031187 -0.83146 -0.056551 0.026245 -0.80985 0.01146 -0.11619 0.58676
-0.1463 -0.0096075 0.29774 0.11223 -0.028019 0.32682 -0.029596 -0.04962 0.40511 -0.0063838 -0.010955 0.067415 -0.054674 0.0056205 -0.050737 0.051042 0.0056205 -0.054389 -0.21673 0.049496 0.048346 0.18166 0.026196 0.076046 -0.22817 0.040128 -0.18819 0.18864 -0.0084956 -0.15829 -0.20094 0.028734 -0.26531 0.18407 -0.0036782 -0.24056 -0.034279 0.079172 -0.43299 0.038522 0.058186 -0.44043 -0.041226 0.071853 -0.76674 0.025539 0.060124 -0.77407 -0.053482 0.0049917 -0.83108 -0.055964 0.028818 -0.80783 0.012978 -0.11214 0.5873
-0.14374 -0.0076361 0.29596 0.11257 -0.024535 0.32526 -0.028366 -0.046467 0.40562 -0.0062405 -0.010554 0.067492 -0.054643 0.00514 -0.05082 0.051033 0.00514 -0.054444 -0.21443 0.048671 0.045994 0.1807 0.025922 0.073325 -0.22614 0.035139 -0.19035 0.19058 -0.0096073 -0.16079 -0.19734 0.019062 -0.26649 0.18688 -0.0047606 -0.24381 -0.032622 0.080833 -0.43257 0.04016 0.06051 -0.44014 -0.040256 0.073483 -0.7663 0.028276 0.062399 -0.77382 -0.052571 0.0067281 -0.83074 -0.053229 0.031057 -0.80745 0.015691 -0.10803 0.58779
-0.14436 -0.0052264 0.2967 0.11335 -0.020478 0.32675 -0.028155 -0.041985 0.40608 -0.0061359 -0.010182 0.067559 -0.054576 0.0046778 -0.050937 0.051084 0.0046778 -0.054438 -0.21526 0.048259 0.046174 0.17986 0.025615 0.073565 -0.22673 0.030166 -0.18986 0.19265 -0.0091143 -0.16053 -0.19203 0.014529 -0.26319 0.18669 -0.009191 -0.24311 -0.031288 0.08226 -0.43223 0.041451 0.062462 -0.43981 -0.039333 0.074941 -0.76595 0.031287 0.064585 -0.77355 -0.051815 0.0082529 -0.83043 -0.04977 0.032941 -0.80804 0.016883 -0.10166 0.58864
-0.15357 -0.0013284 0.30474 0.11544 -0.015585 0.33633 -0.030456 -0.033869 0.4065 -0.0061126 -0.0097891 0.067619 -0.054387 0.0042627 -0.051176 0.051082 0.0042627 -0.054475 -0.22446 0.049146 0.053593 0.17965 0.025057 0.081636 -0.23431 0.025266 -0.18198 0.19407 -0.0095544 -0.15238 -0.1965 0.010677 -0.25466 0.18768 -0.011674 -0.23471 -0.030194 0.083582 -0.43205 0.042616 0.064096 -0.43956 -0.038415 0.076202 -0.76577 0.033064 0.066297 -0.77332 -0.051201 0.0094964 -0.83017 -0.047788 0.034626 -0.80817 0.013265 -0.090665 0.59027
-0.16682 0.0033797 0.31592 0.11791 -0.010291 0.3495 -0.034117 -0.023853 0.40685 -0.0061371 -0.0093624 0.067677 -0.054101 0.0038359 -0.051512 0.051027 0.0038359 -0.054558 -0.23752 0.050642 0.064094 0.17929 0.024144 0.093201 -0.24466 0.019814 -0.17078 0.19437 -0.011152 -0.14067 -0.20674 0.0090702 -0.2442 0.18978 -0.011593 -0.22318 -0.02923 0.084761 -0.43201 0.043712 0.065498 -0.43938 -0.037486 0.077335 -0.76572 0.033659 0.067617 -0.77312 -0.050626 0.010565 -0.82999 -0.047498 0.036143 -0.80736 0.0072808 -0.077073 0.59222
-0.17396 0.0072428 0.32105 0.11886 -0.0054251 0.35651 -0.03649 -0.015954 0.40705 -0.0061331 -0.0089091 0.067739 -0.053806 0.0032909 -0.051857 0.050987 0.0032909 -0.05463 -0.24443 0.051172 0.068554 0.17729 0.022847 0.098759 -0.24884 0.012831 -0.16528 0.19332 -0.012778 -0.135 -0.20994 0.014493 -0.23737 0.19048 -0.011063 -0.21767 -0.028274 0.085661 -0.432 0.0447 0.066771 -0.43918 -0.036541 0.078457 -0.76572 0.034036 0.068896 -0.7729 -0.049938 0.011665 -0.82991 -0.047906 0.037442 -0.80578 0.004595 -0.065394 0.59355
-0.17292 0.0098621 0.31846 0.11802 -0.0013192 0.35545 -0.036924 -0.01125 0.40713 -0.0060852 -0.0084393 0.067803 -0.05353 0.002618 -0.052179 0.050987 0.002618 -0.054666 -0.24314 0.050393 0.065326 0.17377 0.021419 0.09656 -0.24542 0.0046596 -0.1672 0.19138 -0.013872 -0.13713 -0.20522 0.022869 -0.23647 0.18937 -0.010926 -0.21979 -0.027292 0.086309 -0.43198 0.045552 0.067953 -0.43891 -0.035595 0.079595 -0.76571 0.034738 0.070292 -0.77263 -0.049124 0.012847 -0.82992 -0.047351 0.038426 -0.8052 0.0061744 -0.057233 0.59405
-0.17004 0.012156 0.31433 0.11687 0.0022165 0.35265 -0.036859 -0.0077345 0.40715 -0.0060415 -0.0079661 0.067865 -0.05324 0.0019092 -0.052506 0.051014 0.0019092 -0.054672 -0.23995 0.049259 0.060588 0.17059 0.020399 0.092961 -0.24087 -0.0029846 -0.17058 0.18973 -0.014483 -0.14068 -0.20408 0.020945 -0.24041 0.18821 -0.010663 -0.22326 -0.02634 0.086897 -0.43198 0.046263 0.069017 -0.43862 -0.034681 0.080679 -0.76571 0.035855 0.071755 -0.77235 -0.048309 0.014003 -0.82998 -0.043512 0.038947 -0.80908 0.0080713 -0.051131 0.59427
-0.16917 0.014725 0.31238 0.11628 0.0054875 0.35188 -0.037199 -0.0039713 0.40716 -0.0060233 -0.0074674 0.067923 -0.052919 0.0012105 -0.052851 0.051052 0.0012105 -0.054657 -0.23867 0.04841 0.058043 0.16878 0.020067 0.09172 -0.23903 -0.0090474 -0.1719 0.18909 -0.014653 -0.14185 -0.21145 0.0045192 -0.24715 0.1881 -0.0099826 -0.22439 -0.025448 0.08748 -0.43199 0.046886 0.069964 -0.43832 -0.033777 0.081705 -0.76574 0.037309 0.073231 -0.77207 -0.047521 0.015111 -0.83006 -0.036255 0.039111 -0.81769 0.0080195 -0.045917 0.59454
-0.16896 0.017484 0.31109 0.11578 0.0089661 0.35157 -0.037689 0.00017514 0.40714 -0.0059969 -0.0068572 0.067989 -0.052592 0.00047603 -0.053188 0.051088 0.00047603 -0.054634 -0.23798 0.047806 0.05621 0.16781 0.020195 0.091152 -0.23823 -0.013799 -0.17264 0.18922 -0.01436 -0.14234 -0.21912 -0.013308 -0.25323 0.18867 -0.0091282 -0.22487 -0.024591 0.087851 -0.43204 0.047585 0.070851 -0.43801 -0.032757 0.082799 -0.7658 0.038755 0.074676 -0.77177 -0.046605 0.016319 -0.83021 -0.029485 0.039497 -0.82538 0.0072418 -0.041191 0.59471
-0.16798 0.020301 0.30903 0.11499 0.012888 0.35014 -0.038012 0.0045981 0.40708 -0.0059336 -0.0060804 0.068068 -0.052286 -0.00032526 -0.053489 0.051115 -0.00032526 -0.054609 -0.23651 0.047404 0.053657 0.16716 0.020507 0.089629 -0.23681 -0.017553 -0.17427 0.18981 -0.013704 -0.14379 -0.22037 -0.021755 -0.25613 0.18943 -0.0084239 -0.22633 -0.023727 0.087883 -0.4321 0.048467 0.07169 -0.43769 -0.031524 0.084051 -0.76589 0.039921 0.076059 -0.77145 -0.045449 0.01773 -0.83045 -0.026231 0.040505 -0.82781 0.006856 -0.036737 0.59468
-0.16648 0.023147 0.30676 0.11422 0.016644 0.34811 -0.038042 0.0088454 0.40703 -0.0058398 -0.0052088 0.068149 -0.05202 -0.0011427 -0.053737 0.051148 -0.0011427 -0.054567 -0.23454 0.047391 0.050966 0.16695 0.020743 0.087628 -0.23496 -0.020288 -0.17616 0.1905 -0.013204 -0.14574 -0.21788 -0.023924 -0.25712 0.18995 -0.0082798 -0.2283 -0.022791 0.087806 -0.43213 0.049424 0.072325 -0.43738 -0.030115 0.085381 -0.76594 0.040865 0.077387 -0.77113 -0.044161 0.019245 -0.83066 -0.025153 0.041777 -0.82718 0.0063901 -0.032667 0.59469
-0.16497 0.026007 0.3051 0.11388 0.019592 0.34631 -0.037722 0.012469 0.40699 -0.0057302 -0.0043318 0.06822 -0.051805 -0.0019131 -0.053923 0.0512 -0.0019131 -0.054497 -0.23261 0.047928 0.048986 0.16736 0.020697 0.085943 -0.23322 -0.021984 -0.17747 0.19106 -0.013335 -0.1474 -0.21576 -0.02515 -0.25798 0.18994 -0.0089842 -0.22996 -0.02175 0.087863 -0.43205 0.050315 0.072602 -0.43711 -0.028594 0.086676 -0.76588 0.041731 0.078667 -0.77084 -0.042886 0.020736 -0.83075 -0.024241 0.042873 -0.82662 0.0052075 -0.029117 0.59498
-0.16358 0.028802 0.30403 0.11385 0.022015 0.34478 -0.037163 0.015511 0.40698 -0.0056253 -0.003481 0.068277 -0.051623 -0.0026039 -0.054068 0.051259 -0.0026039 -0.054413 -0.23079 0.048728 0.047638 0.16809 0.020497 0.084572 -0.23157 -0.023041 -0.17823 0.19212 -0.013715 -0.14871 -0.21446 -0.026598 -0.25898 0.19 -0.0099435 -0.23128 -0.020794 0.087894 -0.43196 0.051115 0.072616 -0.43689 -0.027048 0.087854 -0.7658 0.042748 0.079858 -0.7706 -0.041712 0.022165 -0.83085 -0.023 0.043816 -0.82659 0.0037245 -0.025943 0.59545
-0.16226 0.031434 0.30316 0.11387 0.024511 0.34328 -0.036537 0.018191 0.40696 -0.0055464 -0.0026666 0.06832 -0.051441 -0.0031957 -0.054209 0.051303 -0.0031957 -0.05434 -0.22897 0.049353 0.0465 0.16864 0.020382 0.083224 -0.22982 -0.023992 -0.17886 0.19441 -0.013698 -0.14991 -0.21307 -0.027826 -0.25983 0.19094 -0.01031 -0.2325 -0.020182 0.087604 -0.432 0.051835 0.072546 -0.43671 -0.025571 0.088848 -0.76585 0.044149 0.0809 -0.77042 -0.040697 0.023528 -0.83116 -0.021533 0.044796 -0.82652 0.002713 -0.022914 0.59587
-0.16101 0.033863 0.30238 0.11385 0.027119 0.34181 -0.035922 0.020576 0.40694 -0.0054995 -0.0019076 0.068349 -0.051259 -0.0036886 -0.05435 0.051332 -0.0036886 -0.054281 -0.22717 0.049731 0.045439 0.16891 0.020375 0.081861 -0.22801 -0.024951 -0.17948 0.19613 -0.013562 -0.15115 -0.21142 -0.028746 -0.26045 0.1923 -0.010416 -0.23375 -0.019891 0.08701 -0.43215 0.052439 0.072405 -0.43658 -0.024221 0.089666 -0.76601 0.045777 0.081778 -0.77028 -0.039843 0.024783 -0.83164 -0.02007 0.045765 -0.82623 0.0022171 -0.020087 0.59617
-0.15986 0.036092 0.30172 0.11386 0.029491 0.34048 -0.035329 0.022632 0.40691 -0.0054798 -0.0012288 0.068367 -0.051094 -0.0040967 -0.054477 0.051362 -0.0040967 -0.054224 -0.2255 0.050042 0.044528 0.16899 0.020346 0.080616 -0.22635 -0.02574 -0.18003 0.19379 -0.014206 -0.15248 -0.20983 -0.029511 -0.26096 0.19267 -0.0114 -0.23507 -0.019702 0.086341 -0.43234 0.052858 0.07209 -0.4365 -0.023033 0.090372 -0.7662 0.047205 0.082503 -0.77019 -0.039107 0.025863 -0.83209 -0.018921 0.046511 -0.8258 0.0017802 -0.017721 0.59641
-0.15884 0.038114 0.30119 0.1139 0.031476 0.33933 -0.034769 0.02436 0.40689 -0.0054827 -0.00063789 0.068375 -0.050953 -0.0044336 -0.054582 0.051398 -0.0044336 -0.054163 -0.224 0.050366 0.04379 0.16898 0.020242 0.07954 -0.22493 -0.026279 -0.18047 0.18718 -0.01579 -0.15389 -0.20847 -0.030183 -0.2614 0.19115 -0.013791 -0.2364 -0.019543 0.085734 -0.43251 0.05309 0.071584 -0.43648 -0.022018 0.091002 -0.76636 0.048235 0.0831 -0.77014 -0.038472 0.026743 -0.8324 -0.018262 0.046981 -0.82522 0.001218 -0.015879 0.59662
-0.15794 0.039913 0.30076 0.11393 0.033171 0.3383 -0.034256 0.025816 0.40686 -0.0055044 -0.00012172 0.068375 -0.050831 -0.0047122 -0.054673 0.051439 -0.0047122 -0.054101 -0.22268 0.050655 0.043189 0.16894 0.020104 0.078579 -0.22376 -0.026616 -0.18086 0.18019 -0.017557 -0.15519 -0.20733 -0.0307 -0.26181 0.18742 -0.017355 -0.23755 -0.019523 0.085208 -0.43266 0.053217 0.070974 -0.43648 -0.021158 0.091555 -0.7665 0.04895 0.083604 -0.77011 -0.037946 0.027446 -0.8326 -0.018103 0.047311 -0.8244 0.00069138 -0.014392 0.5968
-0.15716 0.041471 0.30039 0.11391 0.03469 0.33729 -0.033805 0.027055 0.40684 -0.0055408 0.00033422 0.068371 -0.050721 -0.0049452 -0.054753 0.051481 -0.0049452 -0.05404 -0.22154 0.050855 0.042682 0.16893 0.019978 0.07767 -0.2228 -0.026808 -0.18123 0.17692 -0.018691 -0.15621 -0.20639 -0.030993 -0.2622 0.18122 -0.021809 -0.23833 -0.019762 0.084774 -0.43282 0.053325 0.070352 -0.43649 -0.020434 0.092032 -0.76664 0.049452 0.084052 -0.77009 -0.037542 0.027999 -0.83273 -0.018444 0.047649 -0.82325 0.00038195 -0.013076 0.59694
-0.15649 0.042771 0.30006 0.11379 0.036145 0.33625 -0.033427 0.028136 0.40681 -0.0055882 0.00074443 0.068365 -0.050619 -0.0051454 -0.05483 0.051522 -0.0051454 -0.053982 -0.22057 0.050911 0.042228 0.16901 0.01991 0.076752 -0.22204 -0.026911 -0.18163 0.1815 -0.01838 -0.1568 -0.20563 -0.030993 -0.26258 0.17227 -0.026874 -0.23854 -0.020379 0.084444 -0.43299 0.0535 0.069814 -0.4365 -0.019825 0.092432 -0.76679 0.04984 0.08448 -0.77006 -0.037269 0.028428 -0.83282 -0.019286 0.048144 -0.82166 0.00047146 -0.011745 0.59701
