-0.14756 0.01863 0.33226 0.12453 -0.0050253 0.33034 -0.015188 -0.042382 0.4065 -0.0023159 -0.001176 0.068548 -0.052507 -0.00046564 -0.053272 0.052051 -0.00046564 -0.053717 -0.34068 0.12768 0.18576 0.28 0.069207 0.12794 -0.55006 0.2045 0.1056 0.50766 0.042465 0.06772 -0.62882 0.22568 0.11932 0.58589 0.036871 0.041486 -0.056081 0.080551 -0.43454 0.068932 0.035578 -0.44148 -0.028626 0.15743 -0.75831 0.058273 0.047591 -0.77499 -0.087834 0.13841 -0.82827 0.07369 -0.0097729 -0.84733 0.0070377 -0.08671 0.59743
-0.14868 0.017452 0.33341 0.12343 -0.0051412 0.33196 -0.016446 -0.045445 0.40628 -0.0028153 -0.0035912 0.068444 -0.052311 0.00036936 -0.053461 0.052048 0.00036936 -0.053719 -0.36165 0.12434 0.2175 0.30514 0.058546 0.15031 -0.59281 0.15824 0.19873 0.53083 -0.0052124 0.141 -0.66784 0.18961 0.21033 0.60809 0.010284 0.1207 -0.054761 0.082167 -0.43457 0.068871 0.036438 -0.44148 -0.026861 0.15874 -0.75837 0.058399 0.048116 -0.77501 -0.086252 0.13997 -0.82824 0.053378 -0.035037 -0.82367 0.006248 -0.089574 0.59721
-0.14966 0.017191 0.33465 0.12241 -0.0048064 0.3326 -0.017321 -0.047091 0.40615 -0.0032056 -0.0052955 0.068318 -0.052205 0.0011653 -0.053561 0.0521 0.0011653 -0.05366 -0.38189 0.11426 0.24613 0.33833 0.037613 0.18087 -0.62019 0.1277 0.26837 0.56291 -0.041111 0.20835 -0.69776 0.1555 0.28095 0.64075 -0.01184 0.19143 -0.05351 0.083772 -0.43451 0.068916 0.037184 -0.44143 -0.025126 0.16004 -0.75834 0.058149 0.049563 -0.77492 -0.084648 0.14161 -0.82818 0.071524 -0.0086129 -0.84323 0.0055233 -0.091349 0.59702
-0.15142 0.016448 0.33765 0.12372 -0.0052743 0.33521 -0.017347 -0.047473 0.40614 -0.0033347 -0.0064598 0.068211 -0.051594 0.0020768 -0.054115 0.051734 0.0020768 -0.053983 -0.40147 0.086501 0.28614 0.36715 -0.0092625 0.23278 -0.62416 0.075329 0.35945 0.56943 -0.097626 0.31244 -0.70091 0.090177 0.38433 0.64817 -0.083181 0.30698 -0.051367 0.085336 -0.43492 0.068163 0.038375 -0.44174 -0.022712 0.16141 -0.75877 0.057138 0.051285 -0.77521 -0.082288 0.14313 -0.82861 0.074636 -0.001594 -0.85027 0.0055598 -0.091957 0.59695
-0.15402 0.014404 0.34286 0.12776 -0.0073509 0.34029 -0.016392 -0.047228 0.40622 -0.003169 -0.0072746 0.068136 -0.050535 0.0030037 -0.055066 0.050933 0.0030037 -0.054698 -0.41837 0.041962 0.33495 0.3824 -0.072588 0.30014 -0.61193 -0.0021271 0.46465 0.54499 -0.17518 0.43898 -0.68173 -0.0025246 0.50908 0.62588 -0.18739 0.45204 -0.048302 0.086526 -0.43581 0.066474 0.040054 -0.44242 -0.019762 0.16259 -0.75967 0.055375 0.052935 -0.77589 -0.079299 0.14416 -0.8295 0.059832 -0.015255 -0.83976 0.0066679 -0.091752 0.59701
-0.15657 0.01142 0.34873 0.13239 -0.010911 0.34523 -0.01494 -0.0467 0.40635 -0.002863 -0.0078879 0.068082 -0.049872 0.0035265 -0.055638 0.0503 0.0035265 -0.05525 -0.42238 -0.0079775 0.3785 0.37666 -0.11974 0.36029 -0.59297 -0.075535 0.53164 0.50594 -0.23881 0.52259 -0.65465 -0.087102 0.58634 0.58629 -0.24429 0.55109 -0.045577 0.086789 -0.43642 0.064769 0.041655 -0.44291 -0.017564 0.16308 -0.76028 0.053503 0.054557 -0.77637 -0.076969 0.14419 -0.8301 0.072858 0.012791 -0.85598 0.008429 -0.091315 0.59708
-0.15942 0.0089985 0.35305 0.13643 -0.014692 0.34924 -0.013897 -0.04283 0.40679 -0.0026054 -0.008202 0.068055 -0.049805 0.0034637 -0.0557 0.050168 0.0034637 -0.055373 -0.38888 -0.073621 0.44645 0.33551 -0.16641 0.42816 -0.51299 -0.1748 0.61695 0.40274 -0.29444 0.61135 -0.56168 -0.2027 0.67677 0.45174 -0.31019 0.66796 -0.044074 0.086398 -0.43653 0.063683 0.04321 -0.44291 -0.016882 0.16316 -0.76035 0.05228 0.056069 -0.77636 -0.076081 0.1436 -0.83016 0.069197 0.0093921 -0.85453 0.0098703 -0.08985 0.59689
-0.16249 0.0074914 0.35605 0.13887 -0.016277 0.35184 -0.013542 -0.036481 0.4074 -0.002419 -0.0082859 0.068052 -0.050085 0.0030328 -0.055473 0.050338 0.0030328 -0.055244 -0.3422 -0.12823 0.50171 0.28694 -0.19966 0.47847 -0.42763 -0.25333 0.68624 0.30917 -0.33036 0.67724 -0.46087 -0.29388 0.75052 0.32737 -0.36143 0.75477 -0.043536 0.085769 -0.43634 0.063226 0.04465 -0.4426 -0.017291 0.1631 -0.7601 0.051729 0.057443 -0.77606 -0.076318 0.14271 -0.82982 0.053999 -0.013064 -0.83914 0.010554 -0.087549 0.59641
-0.1651 0.0062742 0.35873 0.13983 -0.016591 0.35254 -0.01338 -0.030059 0.40788 -0.0022629 -0.0082569 0.068061 -0.050431 0.0025041 -0.055186 0.050497 0.0025041 -0.055126 -0.31069 -0.15613 0.51041 0.25443 -0.21084 0.49298 -0.37774 -0.28457 0.69775 0.26515 -0.34543 0.68755 -0.39761 -0.3269 0.76597 0.27714 -0.37328 0.76435 -0.043416 0.08514 -0.43606 0.063153 0.045884 -0.4423 -0.018103 0.163 -0.75977 0.051546 0.058726 -0.77575 -0.077053 0.14173 -0.82929 0.050609 -0.014884 -0.83346 0.011221 -0.085176 0.59568
-0.16683 0.0044185 0.36073 0.14033 -0.020567 0.3514 -0.012893 -0.023943 0.40824 -0.0021375 -0.0081197 0.068081 -0.050774 0.0018576 -0.054897 0.050626 0.0018576 -0.055033 -0.28378 -0.18421 0.50628 0.22242 -0.22462 0.4999 -0.30161 -0.3258 0.6942 0.18265 -0.366 0.68443 -0.30901 -0.37034 0.76372 0.17969 -0.39673 0.76085 -0.043776 0.084447 -0.43578 0.063294 0.047073 -0.44199 -0.019396 0.1629 -0.75942 0.051569 0.06002 -0.77544 -0.078256 0.14075 -0.82875 0.048244 -0.015936 -0.82974 0.012013 -0.082725 0.5949
-0.16835 0.00075368 0.36099 0.13921 -0.027469 0.34975 -0.013002 -0.018224 0.40847 -0.0019892 -0.0079206 0.068109 -0.051126 0.00085896 -0.054593 0.050876 0.00085896 -0.054826 -0.25494 -0.20448 0.50629 0.19498 -0.23699 0.50415 -0.23199 -0.35253 0.69081 0.1149 -0.37813 0.67783 -0.22332 -0.4011 0.75654 0.08986 -0.40876 0.75027 -0.045094 0.083361 -0.43551 0.063383 0.048516 -0.4415 -0.021925 0.16266 -0.75903 0.051489 0.061557 -0.77493 -0.080508 0.13949 -0.82826 0.046627 -0.016575 -0.82642 0.0079922 -0.079011 0.59494
-0.16888 -0.0036746 0.36036 0.13795 -0.033163 0.34864 -0.012901 -0.013796 0.40861 -0.0018206 -0.007654 0.068144 -0.05147 -0.00029212 -0.054275 0.051225 -0.00029212 -0.054507 -0.23323 -0.21306 0.5108 0.17246 -0.24266 0.50813 -0.19443 -0.36407 0.68944 0.08338 -0.38266 0.6778 -0.17906 -0.41636 0.75227 0.049663 -0.41552 0.74583 -0.046965 0.08195 -0.43527 0.063371 0.049999 -0.44086 -0.025169 0.16226 -0.75864 0.051248 0.063211 -0.77428 -0.083394 0.13804 -0.82781 0.0459 -0.015974 -0.82384 0.0029242 -0.075634 0.59527
-0.16825 -0.0073425 0.36021 0.13777 -0.035682 0.34832 -0.012074 -0.010881 0.40871 -0.0016644 -0.0072234 0.068195 -0.051746 -0.0012326 -0.053999 0.051518 -0.0012326 -0.054217 -0.23549 -0.21415 0.51313 0.17292 -0.2422 0.51206 -0.21326 -0.36866 0.69139 0.10836 -0.38734 0.68775 -0.21176 -0.42127 0.75504 0.087251 -0.42915 0.75593 -0.048629 0.080623 -0.43509 0.063349 0.051153 -0.4403 -0.028082 0.16191 -0.7583 0.050989 0.064718 -0.77369 -0.086016 0.13678 -0.82739 0.04539 -0.015236 -0.82204 0.0011807 -0.073918 0.59517
-0.16789 -0.0095997 0.36046 0.1376 -0.036318 0.34827 -0.011639 -0.0084316 0.40881 -0.0015348 -0.0065108 0.06827 -0.051908 -0.0018394 -0.053826 0.051651 -0.0018394 -0.054073 -0.27262 -0.20719 0.50524 0.22775 -0.23373 0.50371 -0.31472 -0.35218 0.68807 0.22725 -0.38311 0.68677 -0.33586 -0.40018 0.75139 0.22517 -0.42747 0.75676 -0.049774 0.079752 -0.43499 0.063359 0.051887 -0.43998 -0.030218 0.16181 -0.75805 0.050814 0.066041 -0.77334 -0.087916 0.13605 -0.8271 0.04522 -0.014489 -0.82072 0.00054378 -0.07272 0.59491
-0.16727 -0.0090854 0.35917 0.13768 -0.032438 0.34734 -0.011462 -0.0063647 0.4089 -0.0014335 -0.0055788 0.068354 -0.052035 -0.0022611 -0.053686 0.051753 -0.0022611 -0.053959 -0.33479 -0.17618 0.47664 0.30789 -0.20006 0.45475 -0.45328 -0.30545 0.63361 0.36721 -0.34411 0.6336 -0.47845 -0.3487 0.70013 0.38252 -0.38016 0.70568 -0.050621 0.079228 -0.43487 0.063307 0.052318 -0.43975 -0.031734 0.16162 -0.75789 0.050568 0.067457 -0.77306 -0.089311 0.1359 -0.82706 0.045034 -0.01348 -0.81974 0.00010587 -0.071936 0.59459
-0.16634 -0.0061576 0.3564 0.13808 -0.024256 0.34589 -0.011454 -0.0046387 0.40897 -0.0013731 -0.0046169 0.068428 -0.052093 -0.002607 -0.053615 0.051856 -0.002607 -0.053844 -0.38935 -0.13703 0.42395 0.36767 -0.15856 0.39141 -0.55406 -0.25192 0.55253 0.46885 -0.29509 0.55777 -0.58624 -0.28993 0.61781 0.49205 -0.32911 0.63066 -0.051195 0.078853 -0.43481 0.063231 0.052503 -0.43956 -0.032788 0.16156 -0.75778 0.050325 0.068739 -0.77282 -0.090276 0.13601 -0.82708 0.044857 -0.012485 -0.819 -0.00022887 -0.071665 0.59417
-0.16529 -0.0013497 0.35295 0.13802 -0.012695 0.344 -0.011652 -0.0035744 0.40903 -0.0013713 -0.0035506 0.068491 -0.052018 -0.002841 -0.053676 0.051963 -0.002841 -0.053729 -0.41501 -0.091281 0.35145 0.38505 -0.10532 0.32242 -0.59868 -0.18638 0.46663 0.52778 -0.23154 0.46284 -0.65531 -0.21566 0.51947 0.56098 -0.27273 0.52587 -0.051328 0.078798 -0.43483 0.06322 0.052617 -0.4394 -0.033241 0.16214 -0.75766 0.05023 0.069859 -0.7726 -0.090648 0.1365 -0.827 0.044793 -0.011589 -0.8184 -0.00045116 -0.071952 0.59373
-0.16397 0.0052576 0.3492 0.13637 0.0014352 0.34083 -0.012028 -0.0037034 0.40908 -0.0014523 -0.0021347 0.068548 -0.051843 -0.0028347 -0.053846 0.052161 -0.0028347 -0.053538 -0.41654 -0.018042 0.27351 0.37119 -0.014326 0.22473 -0.6298 -0.078414 0.35583 0.56678 -0.11519 0.31017 -0.70322 -0.094389 0.39085 0.63097 -0.15155 0.34416 -0.050956 0.079563 -0.43484 0.063355 0.05296 -0.43916 -0.032843 0.16361 -0.75748 0.050364 0.071246 -0.77231 -0.090294 0.13809 -0.82682 0.044836 -0.010335 -0.81789 -0.00072714 -0.072816 0.59349
-0.16279 0.011585 0.34628 0.13345 0.012587 0.33759 -0.012593 -0.0043603 0.40907 -0.0016546 -0.00082756 0.068572 -0.051681 -0.0025665 -0.054014 0.052527 -0.0025665 -0.053192 -0.39583 0.039501 0.21997 0.33978 0.045787 0.16848 -0.62707 0.0019162 0.25587 0.56178 -0.033767 0.19479 -0.70726 0.0022635 0.27456 0.64127 -0.058699 0.20401 -0.050414 0.081157 -0.43471 0.063805 0.053512 -0.43877 -0.031913 0.16582 -0.75717 0.050927 0.072697 -0.77187 -0.089501 0.14068 -0.82654 0.045323 -0.0087718 -0.81747 -0.0012254 -0.07425 0.5932
-0.16186 0.01666 0.34458 0.13071 0.019368 0.33538 -0.013118 -0.0052123 0.40904 -0.0018931 0.00011984 0.068571 -0.051548 -0.0022068 -0.054157 0.052888 -0.0022068 -0.05285 -0.37891 0.066924 0.19922 0.31381 0.069639 0.15051 -0.61563 0.046821 0.19854 0.54092 0.00027408 0.1406 -0.69745 0.05678 0.20871 0.62031 -0.022788 0.14083 -0.04986 0.083019 -0.43452 0.064306 0.054026 -0.4384 -0.030756 0.16817 -0.75682 0.05162 0.073937 -0.77147 -0.088498 0.14365 -0.82628 0.045582 -0.0079215 -0.8168 -0.0019535 -0.075818 0.5929
-0.1612 0.020876 0.34356 0.12846 0.023668 0.33439 -0.013808 -0.0065446 0.40898 -0.0021482 0.00060929 0.068561 -0.051382 -0.0018527 -0.054328 0.053204 -0.0018527 -0.052545 -0.3679 0.082115 0.18839 0.2956 0.083674 0.1366 -0.60259 0.088549 0.15803 0.52399 0.03067 0.10431 -0.68391 0.10214 0.16284 0.60234 0.0056203 0.098085 -0.049391 0.084878 -0.43435 0.064758 0.054342 -0.4381 -0.029539 0.17043 -0.75649 0.052311 0.074923 -0.77113 -0.087462 0.14669 -0.82608 0.04645 -0.0063635 -0.81693 -0.0029947 -0.077221 0.59284
-0.16081 0.024922 0.34244 0.12568 0.027357 0.3341 -0.015148 -0.0085504 0.40889 -0.0024936 0.00061244 0.068549 -0.051148 -0.0014557 -0.05456 0.053641 -0.0014557 -0.052111 -0.33736 0.10336 0.16063 0.26772 0.095035 0.12003 -0.55912 0.13866 0.087066 0.49225 0.081035 0.048658 -0.63824 0.16088 0.080698 0.57004 0.069711 0.024976 -0.049133 0.086906 -0.43421 0.0654 0.054513 -0.43769 -0.028374 0.17279 -0.7562 0.053247 0.075784 -0.77069 -0.086581 0.14982 -0.82581 0.048 -0.0042706 -0.81751 -0.0044322 -0.078531 0.59301
-0.16048 0.028354 0.34149 0.12328 0.030201 0.33418 -0.016445 -0.010148 0.4088 -0.0028037 0.0004091 0.068538 -0.050937 -0.0011223 -0.054765 0.054041 -0.0011223 -0.051705 -0.31577 0.11519 0.14307 0.2484 0.098912 0.10953 -0.52944 0.16485 0.050983 0.4658 0.10911 0.010608 -0.60774 0.19117 0.041917 0.54681 0.10239 -0.0089873 -0.048992 0.088627 -0.43409 0.066016 0.05458 -0.43732 -0.027403 0.17481 -0.75595 0.054153 0.076455 -0.77029 -0.08591 0.15243 -0.8255 0.044245 -0.010981 -0.8122 -0.005805 -0.079635 0.59312
-0.16011 0.031057 0.34075 0.12146 0.032042 0.33443 -0.017511 -0.011367 0.40873 -0.0030362 5.9426e-05 0.068529 -0.050739 -0.00087941 -0.054953 0.054297 -0.00087941 -0.051441 -0.32627 0.11496 0.15162 0.25734 0.097831 0.11628 -0.5481 0.15923 0.081864 0.47989 0.096156 0.042198 -0.62164 0.19388 0.067847 0.55674 0.093956 0.017046 -0.048787 0.08986 -0.43404 0.066432 0.054485 -0.4371 -0.026491 0.17632 -0.75578 0.054806 0.076866 -0.77004 -0.085194 0.15452 -0.82535 0.059815 0.013202 -0.82871 -0.0070171 -0.08069 0.59311
-0.15979 0.033213 0.34024 0.12018 0.033138 0.33488 -0.018386 -0.01238 0.40866 -0.0032027 -0.00022756 0.068522 -0.050573 -0.00065034 -0.055109 0.054438 -0.00065034 -0.051294 -0.35947 0.10763 0.18133 0.28994 0.090975 0.13839 -0.59453 0.12999 0.16315 0.52491 0.059035 0.12432 -0.66446 0.17084 0.14761 0.59322 0.069153 0.077925 -0.048422 0.090707 -0.43405 0.06665 0.054243 -0.43702 -0.025506 0.17741 -0.75568 0.055214 0.07705 -0.76994 -0.084306 0.15594 -0.82527 0.081816 0.043372 -0.85418 -0.008085 -0.081615 0.59309
-0.15951 0.034999 0.3401 0.11958 0.033822 0.33568 -0.018975 -0.01307 0.40861 -0.0033051 -0.00027263 0.068517 -0.050494 -0.00037889 -0.055184 0.054541 -0.00037889 -0.051187 -0.38796 0.095348 0.21911 0.32577 0.069854 0.17099 -0.62101 0.087469 0.25605 0.55634 0.020575 0.19721 -0.69849 0.11217 0.26648 0.63002 0.034053 0.16071 -0.047906 0.091264 -0.43405 0.066795 0.053862 -0.437 -0.024427 0.17815 -0.75559 0.055543 0.077011 -0.76991 -0.083333 0.15624 -0.82495 0.071906 0.020128 -0.84453 -0.0089604 -0.082201 0.5931
-0.15907 0.036183 0.34023 0.11972 0.033684 0.33709 -0.019266 -0.014292 0.40857 -0.0033339 -0.00087025 0.068511 -0.050371 -0.00023308 -0.055297 0.054523 -0.00023308 -0.051211 -0.41295 0.077252 0.26592 0.3667 0.031846 0.24049 -0.63926 0.044367 0.33901 0.5827 -0.035351 0.31739 -0.71275 0.055036 0.37666 0.66434 -0.035652 0.31217 -0.047128 0.091242 -0.4342 0.066867 0.052936 -0.43717 -0.023088 0.17825 -0.75567 0.055784 0.076402 -0.77006 -0.082104 0.15596 -0.82482 0.085608 0.058274 -0.85151 -0.0096787 -0.083264 0.59314
-0.16049 0.033879 0.34416 0.12323 0.029358 0.3423 -0.018903 -0.016645 0.40851 -0.0031945 -0.0022222 0.068484 -0.050067 -0.00044622 -0.05557 0.053963 -0.00044622 -0.051792 -0.42367 0.034366 0.34981 0.38372 -0.020508 0.34445 -0.61164 -0.024371 0.4742 0.54344 -0.10863 0.48934 -0.67346 -0.028982 0.52921 0.61786 -0.12596 0.52166 -0.045794 0.089287 -0.43487 0.066162 0.051251 -0.43796 -0.02181 0.17651 -0.75629 0.055092 0.074887 -0.77083 -0.080769 0.1538 -0.82534 0.084942 0.057842 -0.85342 -0.0091551 -0.086007 0.59292
-0.16379 0.028565 0.35136 0.12922 0.021356 0.35031 -0.018094 -0.019119 0.40844 -0.0029547 -0.0037444 0.068431 -0.049746 -0.00083411 -0.055854 0.053052 -0.00083411 -0.052725 -0.40326 -0.025005 0.45473 0.35751 -0.074846 0.44685 -0.53052 -0.11234 0.63596 0.44074 -0.17778 0.64486 -0.57401 -0.13747 0.70132 0.48803 -0.20234 0.70792 -0.04418 0.085817 -0.43586 0.064933 0.049199 -0.43912 -0.020848 0.17336 -0.75724 0.053722 0.072862 -0.77199 -0.079613 0.15004 -0.82626 0.06795 0.016637 -0.84527 -0.0076456 -0.089119 0.59258
-0.16678 0.024241 0.35774 0.1334 0.014465 0.35607 -0.017603 -0.019808 0.40842 -0.0028328 -0.0046742 0.068379 -0.049769 -0.00093735 -0.055832 0.052502 -0.00093735 -0.053271 -0.35495 -0.068081 0.52135 0.30901 -0.11481 0.50765 -0.44633 -0.17418 0.71361 0.35763 -0.22186 0.71465 -0.4642 -0.21034 0.78559 0.3714 -0.24582 0.79228 -0.04299 0.082887 -0.43645 0.064445 0.047382 -0.43988 -0.020132 0.17065 -0.7578 0.053114 0.07108 -0.77275 -0.078747 0.14688 -0.82679 0.085603 0.059702 -0.85877 -0.0067036 -0.089835 0.59252
-0.17036 0.020572 0.36592 0.13651 0.0087085 0.36056 -0.017404 -0.018621 0.40847 -0.0028269 -0.0050085 0.068356 -0.050122 -0.00085332 -0.055516 0.052175 -0.00085332 -0.053591 -0.32203 -0.10311 0.54628 0.27923 -0.13903 0.53059 -0.38255 -0.21208 0.74705 0.28822 -0.25151 0.73788 -0.40672 -0.23972 0.82091 0.28134 -0.27592 0.81711 -0.042184 0.080257 -0.4367 0.064734 0.045602 -0.44041 -0.0197 0.16808 -0.75806 0.053341 0.069257 -0.77328 -0.078038 0.14401 -0.82719 0.074842 0.03298 -0.85106 -0.0057668 -0.089225 0.5923
-0.17315 0.017555 0.3726 0.13951 0.00072442 0.36483 -0.017045 -0.015561 0.4086 -0.0028455 -0.0046619 0.068379 -0.050555 -0.00069463 -0.055125 0.052002 -0.00069463 -0.053763 -0.29794 -0.13143 0.55352 0.25175 -0.16004 0.54316 -0.32619 -0.2421 0.76133 0.21298 -0.27401 0.74749 -0.34748 -0.2638 0.83732 0.19374 -0.29774 0.82409 -0.042086 0.078113 -0.43678 0.065381 0.044154 -0.44074 -0.019941 0.16584 -0.75819 0.05387 0.067812 -0.7736 -0.077968 0.14153 -0.82749 0.06694 0.010655 -0.84772 -0.0048956 -0.087624 0.59183
-0.1745 0.015245 0.37584 0.14177 -0.008121 0.36834 -0.016591 -0.011899 0.40875 -0.0028482 -0.0039091 0.068426 -0.050893 -0.00053651 -0.054814 0.051952 -0.00053651 -0.053812 -0.27694 -0.14905 0.55806 0.22252 -0.17911 0.55541 -0.28199 -0.26597 0.76416 0.15435 -0.28966 0.75367 -0.27816 -0.29368 0.84237 0.12533 -0.31303 0.82754 -0.042561 0.076627 -0.43681 0.066011 0.04322 -0.44089 -0.020696 0.16419 -0.75828 0.054334 0.066942 -0.77374 -0.078486 0.13961 -0.82769 0.08145 0.042557 -0.86047 -0.004297 -0.085507 0.59136
-0.17529 0.013305 0.37801 0.14252 -0.013102 0.37017 -0.016261 -0.0093564 0.40884 -0.0028373 -0.0032618 0.068461 -0.051141 -0.00042818 -0.054584 0.05195 -0.00042818 -0.053815 -0.27042 -0.15662 0.55897 0.21298 -0.18742 0.55822 -0.26778 -0.27593 0.76373 0.14302 -0.29853 0.7555 -0.25652 -0.307 0.8398 0.10991 -0.32745 0.82559 -0.043008 0.075569 -0.43682 0.066486 0.042603 -0.44096 -0.021353 0.16296 -0.75835 0.054717 0.066315 -0.77381 -0.078919 0.13818 -0.82787 0.08537 0.052407 -0.86152 -0.003845 -0.08371 0.59113
-0.17497 0.011658 0.37969 0.14362 -0.016754 0.37132 -0.015136 -0.0071501 0.40893 -0.0027377 -0.0025913 0.068493 -0.051335 -0.00035193 -0.054402 0.051968 -0.00035193 -0.053799 -0.26348 -0.16265 0.55981 0.20436 -0.19428 0.55956 -0.25488 -0.28445 0.76315 0.13058 -0.30801 0.75423 -0.24402 -0.31562 0.83869 0.097108 -0.34099 0.82203 -0.043497 0.074797 -0.43681 0.06687 0.042222 -0.44098 -0.022004 0.16201 -0.7584 0.054985 0.06595 -0.77382 -0.079306 0.13718 -0.82812 0.0862 0.054793 -0.86105 -0.0034229 -0.081897 0.59111
-0.17411 0.010283 0.38036 0.14456 -0.019907 0.37134 -0.013824 -0.0052811 0.40902 -0.0025604 -0.001823 0.068525 -0.051472 -0.00030373 -0.054274 0.051966 -0.00030373 -0.0538 -0.26213 -0.16863 0.55577 0.20555 -0.20213 0.55456 -0.26631 -0.29449 0.75604 0.14784 -0.3246 0.74853 -0.257 -0.3303 0.83038 0.11383 -0.36078 0.81543 -0.043988 0.074259 -0.4368 0.067136 0.042026 -0.441 -0.022675 0.16125 -0.75847 0.055061 0.065861 -0.77383 -0.079769 0.13632 -0.82832 0.087161 0.057176 -0.86144 -0.0029758 -0.080172 0.59119
-0.17345 0.0090182 0.3808 0.14479 -0.0225 0.37011 -0.012861 -0.0039083 0.40907 -0.0023659 -0.001027 0.068548 -0.051566 -0.00029843 -0.054184 0.051924 -0.00029843 -0.053841 -0.27337 -0.17313 0.54706 0.2242 -0.20893 0.54271 -0.31109 -0.29965 0.74425 0.20799 -0.34373 0.73718 -0.31187 -0.34282 0.81445 0.18408 -0.38427 0.80455 -0.04442 0.073882 -0.43679 0.067311 0.041947 -0.44104 -0.023284 0.16061 -0.75854 0.05502 0.06595 -0.77385 -0.080265 0.13551 -0.82842 0.087759 0.058621 -0.8612 -0.0025056 -0.078757 0.59129
-0.17284 0.0080655 0.38102 0.14466 -0.023905 0.36771 -0.012064 -0.0028993 0.4091 -0.0022006 -0.00031072 0.068561 -0.051652 -0.00034031 -0.054102 0.051851 -0.00034031 -0.053911 -0.30041 -0.16951 0.53306 0.25918 -0.20774 0.523 -0.37675 -0.28896 0.72357 0.28455 -0.34774 0.7127 -0.39809 -0.3325 0.79025 0.28758 -0.39006 0.7831 -0.044812 0.073589 -0.43677 0.06746 0.041945 -0.4411 -0.023788 0.16007 -0.75859 0.055002 0.066092 -0.77389 -0.080691 0.13486 -0.8285 0.088431 0.059834 -0.86107 -0.0020475 -0.077693 0.59137
-0.17137 0.0085873 0.37625 0.14396 -0.02176 0.36272 -0.011526 -0.0022708 0.40912 -0.0020627 0.00031394 0.068565 -0.051704 -0.00039806 -0.054052 0.051773 -0.00039806 -0.053986 -0.35471 -0.14227 0.49226 0.32092 -0.18419 0.47105 -0.48485 -0.25361 0.65403 0.39046 -0.31891 0.65281 -0.51112 -0.29223 0.72259 0.40326 -0.353 0.72788 -0.045186 0.073397 -0.43675 0.067484 0.04207 -0.44115 -0.024287 0.15966 -0.75863 0.0549 0.066302 -0.77393 -0.081161 0.13434 -0.82853 0.088867 0.061223 -0.86113 -0.0016134 -0.076945 0.59144
-0.16932 0.0099174 0.36918 0.14333 -0.017208 0.35774 -0.01111 -0.0018015 0.40913 -0.0019626 0.00086228 0.068564 -0.051662 -0.00050398 -0.054091 0.051687 -0.00050398 -0.054067 -0.40164 -0.1095 0.42483 0.37246 -0.15006 0.39923 -0.57642 -0.2089 0.55249 0.48934 -0.27905 0.56107 -0.61372 -0.24164 0.61879 0.51688 -0.30658 0.63336 -0.045563 0.073305 -0.43679 0.067328 0.042342 -0.44119 -0.024834 0.15936 -0.75874 0.054664 0.066549 -0.77397 -0.081672 0.13385 -0.8286 0.088771 0.061652 -0.86063 -0.0010759 -0.076338 0.5915
-0.16691 0.012104 0.36207 0.14236 -0.010355 0.35298 -0.010884 -0.0017738 0.40912 -0.00199 0.0014473 0.068553 -0.051485 -0.0006143 -0.054258 0.051665 -0.0006143 -0.054087 -0.4175 -0.072081 0.34182 0.38765 -0.10228 0.31566 -0.61846 -0.14913 0.43994 0.55329 -0.21813 0.43816 -0.68048 -0.17162 0.48911 0.60878 -0.2444 0.49363 -0.045989 0.073773 -0.43685 0.067014 0.042862 -0.44115 -0.02528 0.15958 -0.75888 0.054275 0.067174 -0.77392 -0.081988 0.13388 -0.82877 0.089966 0.066332 -0.86095 -0.00080605 -0.075635 0.59176
-0.16437 0.015733 0.35486 0.13975 -0.001049 0.34634 -0.011161 -0.002696 0.40907 -0.0022203 0.0020875 0.068529 -0.051213 -0.00062338 -0.054515 0.051805 -0.00062338 -0.053953 -0.41039 -0.018162 0.26173 0.37355 -0.034315 0.22636 -0.63287 -0.063616 0.32805 0.58166 -0.12192 0.29617 -0.71177 -0.068378 0.35084 0.65589 -0.14369 0.32516 -0.046548 0.075352 -0.43681 0.066566 0.043746 -0.44094 -0.025478 0.1608 -0.7589 0.053752 0.06847 -0.77367 -0.08193 0.13514 -0.82902 0.089501 0.068206 -0.86121 -0.0013789 -0.074782 0.59244
-0.16276 0.019613 0.34992 0.1357 0.0063589 0.33989 -0.012061 -0.0041312 0.40901 -0.0025376 0.0024093 0.068508 -0.050996 -0.0005109 -0.05472 0.052095 -0.0005109 -0.053675 -0.39118 0.027282 0.21193 0.34285 0.016152 0.17109 -0.627 0.0086722 0.24446 0.56918 -0.057419 0.19257 -0.70917 0.016285 0.25722 0.65038 -0.072357 0.19974 -0.047312 0.077843 -0.43655 0.066026 0.044913 -0.44057 -0.025574 0.16289 -0.7587 0.053316 0.069851 -0.77329 -0.081773 0.13761 -0.82915 0.073678 0.030232 -0.8515 -0.0026319 -0.074012 0.59324
-0.16115 0.025079 0.34548 0.13158 0.012002 0.33561 -0.01349 -0.005151 0.40895 -0.002828 0.0022483 0.068502 -0.050874 -0.00021727 -0.054835 0.052707 -0.00021727 -0.053074 -0.36095 0.067936 0.17694 0.30296 0.050373 0.13742 -0.59374 0.078407 0.1512 0.53183 0.010589 0.10356 -0.6737 0.096582 0.15589 0.61308 -0.00077396 0.093184 -0.048113 0.081729 -0.43591 0.066085 0.046344 -0.43985 -0.025118 0.16625 -0.75812 0.053669 0.07143 -0.77258 -0.081409 0.14182 -0.8288 0.058058 -0.0012445 -0.83424 -0.0046142 -0.072706 0.59408
-0.1594 0.031463 0.34124 0.12799 0.016785 0.33339 -0.015203 -0.0057727 0.40891 -0.0030695 0.0016332 0.068508 -0.050811 0.00017605 -0.054893 0.053531 0.00017605 -0.052244 -0.33146 0.1007 0.15048 0.26916 0.072755 0.11492 -0.55323 0.13787 0.0732 0.48878 0.078219 0.024506 -0.63074 0.16624 0.066112 0.56714 0.07358 -0.0014651 -0.048966 0.086314 -0.43505 0.066692 0.047872 -0.43889 -0.024403 0.17025 -0.7573 0.054693 0.073131 -0.77162 -0.08103 0.1469 -0.82807 0.048228 -0.0097734 -0.81531 -0.0068645 -0.071139 0.59484
-0.15826 0.03626 0.33876 0.12483 0.020538 0.33198 -0.016828 -0.0066357 0.40886 -0.0032868 0.00079001 0.068513 -0.050763 0.00049221 -0.054935 0.054219 0.00049221 -0.051527 -0.31546 0.11526 0.13947 0.25301 0.080973 0.10706 -0.53263 0.16405 0.057821 0.45496 0.10178 -0.015215 -0.60759 0.19716 0.046473 0.53147 0.1086 -0.046334 -0.04992 0.090056 -0.43431 0.06716 0.049216 -0.43805 -0.024152 0.17356 -0.75657 0.055585 0.074583 -0.77079 -0.081024 0.15111 -0.82744 0.044878 -0.011622 -0.80901 -0.0085726 -0.070265 0.5954
-0.15728 0.039375 0.33709 0.12259 0.02328 0.33127 -0.017964 -0.0075514 0.40881 -0.003443 0.00011688 0.068511 -0.050721 0.00067771 -0.054973 0.054666 0.00067771 -0.051051 -0.30467 0.1238 0.13192 0.24336 0.085416 0.10237 -0.51867 0.17785 0.042361 0.44787 0.11175 -0.016884 -0.59394 0.21071 0.031662 0.52909 0.10959 -0.031299 -0.05058 0.092662 -0.43376 0.06741 0.050229 -0.43748 -0.024035 0.17588 -0.75604 0.056093 0.075762 -0.77021 -0.081209 0.1543 -0.82694 0.072343 0.024539 -0.8392 -0.0095495 -0.069977 0.59575
-0.1565 0.041373 0.336 0.12103 0.025141 0.33099 -0.018744 -0.0084596 0.40877 -0.003505 -0.00043671 0.068505 -0.050617 0.00070325 -0.055067 0.054896 0.00070325 -0.050803 -0.32674 0.12235 0.15044 0.26256 0.082022 0.11449 -0.54989 0.16762 0.097053 0.48619 0.082831 0.04261 -0.62579 0.19931 0.094186 0.56299 0.086563 0.012844 -0.050911 0.094337 -0.43345 0.067247 0.050848 -0.43717 -0.023847 0.17738 -0.75573 0.056101 0.076424 -0.7699 -0.081257 0.15645 -0.82663 0.094493 0.061174 -0.85819 -0.010113 -0.070058 0.59597
-0.15593 0.043196 0.33515 0.11992 0.026795 0.33119 -0.019462 -0.008949 0.40873 -0.0036106 -0.00079714 0.068498 -0.050524 0.00073136 -0.055153 0.055109 0.00073136 -0.050572 -0.36752 0.11426 0.18992 0.30443 0.068546 0.14338 -0.60489 0.13717 0.1982 0.53814 0.025935 0.14207 -0.68202 0.16737 0.20532 0.60811 0.036264 0.10664 -0.051046 0.095648 -0.43322 0.066917 0.051235 -0.43691 -0.023523 0.17858 -0.75548 0.055927 0.076921 -0.76964 -0.081101 0.15812 -0.82639 0.097883 0.07823 -0.85215 -0.010713 -0.070077 0.59608
-0.15582 0.044613 0.33491 0.11958 0.028252 0.33278 -0.020196 -0.0093997 0.40868 -0.0038575 -0.0011415 0.068479 -0.050469 0.00072373 -0.055203 0.055181 0.00072373 -0.050494 -0.39106 0.10538 0.22703 0.34149 0.043882 0.18638 -0.62523 0.10058 0.26801 0.56083 -0.025011 0.24356 -0.70326 0.12336 0.28526 0.63944 -0.034888 0.2598 -0.051014 0.096393 -0.43308 0.06643 0.051286 -0.43684 -0.023158 0.17926 -0.75533 0.0555 0.077396 -0.76954 -0.080915 0.15923 -0.82621 0.10203 0.094018 -0.84837 -0.011342 -0.070129 0.59616
-0.1573 0.043178 0.33739 0.12093 0.027543 0.33706 -0.020678 -0.011755 0.40859 -0.0039918 -0.0023673 0.068437 -0.050175 5.341e-05 -0.055474 0.0543 5.341e-05 -0.051441 -0.41458 0.081399 0.27821 0.37497 -0.00016187 0.26994 -0.62385 0.04251 0.37682 0.57048 -0.092046 0.37153 -0.69227 0.046027 0.4201 0.65631 -0.088564 0.37498 -0.050663 0.094824 -0.43358 0.064666 0.0502 -0.43786 -0.023027 0.17785 -0.75581 0.053566 0.076578 -0.77053 -0.0808 0.15783 -0.82668 0.10526 0.11004 -0.84684 -0.011274 -0.071436 0.59638
-0.16005 0.040321 0.34144 0.12395 0.024817 0.34274 -0.020783 -0.013124 0.40854 -0.0039795 -0.0034396 0.068397 -0.049763 -0.00091725 -0.055837 0.053036 -0.00091725 -0.05274 -0.42316 0.037042 0.36053 0.37995 -0.044453 0.36791 -0.60011 -0.026575 0.50737 0.52187 -0.14884 0.52154 -0.65291 -0.038234 0.57156 0.59043 -0.14663 0.54432 -0.050095 0.091895 -0.43443 0.062315 0.048439 -0.43929 -0.022985 0.17515 -0.75664 0.050982 0.074867 -0.77195 -0.080712 0.1549 -0.82748 0.087302 0.067616 -0.84697 -0.010724 -0.073086 0.5962
-0.16363 0.037047 0.34643 0.12782 0.02102 0.34844 -0.020521 -0.012096 0.40858 -0.0038591 -0.0035818 0.068395 -0.049514 -0.0017344 -0.05604 0.051963 -0.0017344 -0.053776 -0.40397 -0.012122 0.45067 0.35222 -0.079871 0.44875 -0.54719 -0.088765 0.62287 0.43327 -0.18535 0.64685 -0.58521 -0.11233 0.69193 0.47146 -0.2061 0.7223 -0.049418 0.088589 -0.43523 0.060168 0.046675 -0.44047 -0.022997 0.17212 -0.75743 0.048675 0.072927 -0.77314 -0.080616 0.15147 -0.82825 0.057281 0.00017633 -0.83791 -0.0096756 -0.073687 0.59567
-0.16797 0.033105 0.35343 0.13153 0.016727 0.35372 -0.020106 -0.0098139 0.40867 -0.0037005 -0.0028025 0.06844 -0.049662 -0.0022435 -0.05589 0.051234 -0.0022435 -0.054453 -0.3648 -0.05146 0.51106 0.31224 -0.11003 0.50173 -0.46628 -0.14071 0.70579 0.3538 -0.21622 0.71012 -0.49247 -0.17696 0.77528 0.36893 -0.24268 0.78803 -0.048733 0.085044 -0.43579 0.058701 0.045162 -0.44129 -0.023295 0.16895 -0.75797 0.047066 0.071065 -0.77398 -0.080674 0.14769 -0.8288 0.047134 -0.009188 -0.82487 -0.0078427 -0.072824 0.5952
-0.17261 0.029074 0.36268 0.1345 0.011974 0.35835 -0.019855 -0.0067979 0.40875 -0.0036293 -0.0011281 0.068491 -0.050241 -0.0024382 -0.055361 0.050972 -0.0024382 -0.05469 -0.32592 -0.091393 0.54272 0.27492 -0.13139 0.53281 -0.37484 -0.19554 0.74936 0.25825 -0.24256 0.73951 -0.38889 -0.22313 0.82615 0.2436 -0.26685 0.81503 -0.048271 0.081509 -0.43601 0.058488 0.04381 -0.44166 -0.024094 0.16583 -0.75818 0.046593 0.069511 -0.77436 -0.081233 0.1439 -0.829 0.066962 0.025305 -0.8478 -0.0056066 -0.071328 0.59462
-0.17524 0.02615 0.36904 0.13699 0.0074833 0.36171 -0.019188 -0.0026808 0.40881 -0.0035463 0.00088334 0.068499 -0.050764 -0.0024934 -0.054881 0.050964 -0.0024934 -0.054694 -0.29939 -0.11772 0.55536 0.24577 -0.14708 0.54855 -0.30685 -0.23018 0.7643 0.18577 -0.25713 0.751 -0.29925 -0.24924 0.84392 0.15401 -0.27419 0.82673 -0.048168 0.078691 -0.43613 0.058782 0.042715 -0.44178 -0.025125 0.16338 -0.75828 0.046621 0.068296 -0.77448 -0.082077 0.14091 -0.82909 0.085259 0.058835 -0.8642 -0.0041903 -0.069388 0.59385
-0.17598 0.024004 0.37211 0.13892 0.0037499 0.36385 -0.018205 0.0014044 0.40883 -0.0034247 0.0028139 0.068454 -0.051135 -0.0024865 -0.054535 0.051042 -0.0024865 -0.054623 -0.28491 -0.12948 0.55972 0.22557 -0.15867 0.55562 -0.26591 -0.24186 0.76747 0.14781 -0.26261 0.75358 -0.23635 -0.26386 0.8418 0.11143 -0.27884 0.82554 -0.048366 0.076601 -0.43622 0.059134 0.041949 -0.4418 -0.026294 0.16157 -0.75837 0.046752 0.067374 -0.7745 -0.083072 0.13867 -0.82917 0.080392 0.051624 -0.85753 -0.0036306 -0.067377 0.59314
-0.17658 0.021675 0.37487 0.13999 0.00085566 0.3652 -0.017516 0.0041751 0.40876 -0.0033314 0.0046864 0.068356 -0.051576 -0.0024178 -0.054121 0.051187 -0.0024178 -0.054489 -0.27342 -0.13956 0.5627 0.21219 -0.16682 0.5584 -0.22857 -0.24891 0.76815 0.12172 -0.26865 0.7523 -0.19219 -0.27842 0.83637 0.078227 -0.29662 0.81672 -0.048736 0.074793 -0.43619 0.059648 0.041454 -0.44172 -0.027676 0.15998 -0.75835 0.047065 0.066642 -0.77443 -0.084284 0.13663 -0.82914 0.060225 0.0089366 -0.8461 -0.0032834 -0.065632 0.59271
-0.17708 0.019555 0.37682 0.14039 -0.0012169 0.36576 -0.017154 0.0065553 0.4086 -0.0032806 0.0067215 0.068186 -0.052044 -0.0023633 -0.053674 0.051415 -0.0023633 -0.054276 -0.25701 -0.15117 0.56411 0.20181 -0.17553 0.55676 -0.18359 -0.25722 0.76273 0.10313 -0.27795 0.74654 -0.15087 -0.29596 0.82789 0.055441 -0.31107 0.80568 -0.049229 0.073262 -0.43606 0.060302 0.041106 -0.44154 -0.029105 0.15856 -0.75825 0.047584 0.065948 -0.77427 -0.085655 0.13483 -0.82896 0.048283 -0.010145 -0.83116 -0.0033334 -0.063876 0.59235
-0.17741 0.017801 0.37805 0.14047 -0.0027715 0.36587 -0.016954 0.0084017 0.40842 -0.003282 0.0084641 0.067995 -0.052404 -0.0023429 -0.053323 0.051617 -0.0023429 -0.054086 -0.24468 -0.16101 0.56291 0.19579 -0.18227 0.55392 -0.16149 -0.26519 0.75882 0.097438 -0.28537 0.74281 -0.13406 -0.30857 0.82373 0.049409 -0.32123 0.79985 -0.049617 0.072105 -0.43594 0.060909 0.040864 -0.44137 -0.030222 0.15746 -0.75816 0.048104 0.065358 -0.77413 -0.086791 0.13333 -0.82872 0.043894 -0.014624 -0.82158 -0.0035143 -0.062444 0.59203
-0.1775 0.016398 0.37888 0.1405 -0.0040094 0.36571 -0.016725 0.0097304 0.40823 -0.0032105 0.0099168 0.0678 -0.05262 -0.0023366 -0.05311 0.051772 -0.0023366 -0.053938 -0.23982 -0.168 0.55989 0.19206 -0.18699 0.55155 -0.16396 -0.27519 0.75752 0.093259 -0.29064 0.7412 -0.1351 -0.31679 0.82301 0.050238 -0.3337 0.797 -0.049896 0.071289 -0.43588 0.061355 0.040694 -0.44124 -0.03102 0.15665 -0.75814 0.048492 0.064882 -0.77401 -0.087667 0.13217 -0.82851 0.042837 -0.016768 -0.81938 -0.0037246 -0.061431 0.59175
-0.17731 0.015265 0.37907 0.14055 -0.0049757 0.36511 -0.016378 0.010821 0.40801 -0.002985 0.011382 0.06758 -0.052747 -0.0023329 -0.052984 0.051906 -0.0023329 -0.053809 -0.24417 -0.17369 0.55364 0.19615 -0.19111 0.54656 -0.18663 -0.29116 0.75142 0.10629 -0.30077 0.73684 -0.15631 -0.33048 0.81766 0.072008 -0.35182 0.79211 -0.050167 0.070697 -0.43587 0.061666 0.040566 -0.44112 -0.031665 0.15603 -0.75815 0.04876 0.06446 -0.77391 -0.088431 0.1313 -0.82835 0.041619 -0.018388 -0.8167 -0.0039486 -0.060624 0.59147
-0.17679 0.014305 0.37795 0.14048 -0.0055335 0.36371 -0.015987 0.011632 0.40778 -0.0027642 0.012756 0.067344 -0.052847 -0.002354 -0.052883 0.051971 -0.002354 -0.053744 -0.26749 -0.17806 0.53772 0.22697 -0.19176 0.53237 -0.25618 -0.30869 0.73406 0.19493 -0.31999 0.72641 -0.24702 -0.35368 0.80198 0.16593 -0.36941 0.78613 -0.050352 0.070261 -0.43585 0.061944 0.040474 -0.44106 -0.0321 0.15555 -0.75816 0.048987 0.064075 -0.77387 -0.088938 0.13066 -0.82824 0.037674 -0.023305 -0.81041 -0.0038994 -0.059902 0.59122
-0.17622 0.013631 0.37684 0.14018 -0.0048441 0.36096 -0.01556 0.012171 0.40756 -0.0025674 0.013961 0.067112 -0.052937 -0.0023818 -0.052792 0.051999 -0.0023818 -0.053717 -0.30011 -0.17694 0.51296 0.26933 -0.18447 0.50788 -0.32842 -0.31124 0.70691 0.27252 -0.3266 0.69945 -0.34158 -0.36258 0.77097 0.25512 -0.37406 0.76495 -0.050494 0.069921 -0.43582 0.062233 0.040371 -0.44103 -0.032381 0.15519 -0.75814 0.04923 0.063725 -0.77386 -0.08932 0.13015 -0.82808 0.054401 -0.0030234 -0.83307 -0.003495 -0.059134 0.59109
-0.17516 0.013565 0.37333 0.13975 -0.0029406 0.35756 -0.015174 0.01255 0.40733 -0.0023632 0.015036 0.066887 -0.05293 -0.0024006 -0.052798 0.051975 -0.0024006 -0.053739 -0.33041 -0.17035 0.48904 0.30951 -0.17046 0.47583 -0.39801 -0.3014 0.67516 0.33071 -0.31677 0.66073 -0.42452 -0.35558 0.73172 0.33343 -0.36637 0.72661 -0.050545 0.069739 -0.43586 0.062538 0.040212 -0.44106 -0.032437 0.15494 -0.7582 0.049495 0.063373 -0.7739 -0.089494 0.12984 -0.82802 0.082191 0.041379 -0.86119 -0.002523 -0.058247 0.59102
-0.17288 0.014563 0.36513 0.13925 6.5063e-05 0.35397 -0.014809 0.012562 0.40714 -0.0021533 0.015909 0.066692 -0.052698 -0.0023563 -0.053032 0.051865 -0.0023563 -0.053847 -0.35969 -0.15401 0.45166 0.34408 -0.15116 0.43063 -0.48906 -0.28024 0.6053 0.41314 -0.29778 0.60363 -0.52646 -0.3306 0.65923 0.43488 -0.34769 0.66584 -0.050342 0.070005 -0.43605 0.062727 0.039893 -0.4412 -0.031924 0.15495 -0.75844 0.049685 0.062877 -0.77405 -0.089108 0.13004 -0.82822 0.090496 0.063955 -0.85876 -0.001096 -0.0574 0.59107
-0.16947 0.016828 0.35586 0.13852 0.0044503 0.34938 -0.014232 0.011522 0.40704 -0.0020028 0.01631 0.066599 -0.052189 -0.0021689 -0.053541 0.051693 -0.0021689 -0.054019 -0.39651 -0.1156 0.36092 0.37065 -0.12247 0.35906 -0.58585 -0.22628 0.44409 0.49276 -0.26611 0.50057 -0.63504 -0.26096 0.50079 0.52446 -0.30932 0.56415 -0.049794 0.071106 -0.43638 0.062551 0.039258 -0.44146 -0.030458 0.15546 -0.75887 0.049632 0.062028 -0.77433 -0.087926 0.1311 -0.82862 0.073455 0.021406 -0.84967 3.6329e-09 -0.056998 0.59147
-0.16624 0.019323 0.34904 0.13792 0.0070101 0.34557 -0.013564 0.0093433 0.40702 -0.0019915 0.016359 0.066592 -0.051559 -0.0019842 -0.054155 0.05158 -0.0019842 -0.054136 -0.40949 -0.068293 0.27788 0.38131 -0.086893 0.28697 -0.62334 -0.15529 0.33731 0.53144 -0.22844 0.40832 -0.68858 -0.18146 0.38012 0.57881 -0.27181 0.45918 -0.049251 0.072842 -0.4367 0.062143 0.038514 -0.44168 -0.028605 0.15636 -0.75933 0.049421 0.060985 -0.77458 -0.086503 0.13271 -0.82897 0.061507 -0.006091 -0.84329 0.00057183 -0.057135 0.59224
-0.16335 0.021858 0.34424 0.13632 0.0069999 0.34193 -0.013488 0.0038734 0.40715 -0.002093 0.015257 0.066841 -0.051158 -0.0016125 -0.054547 0.051798 -0.0016125 -0.053938 -0.3958 -0.017507 0.22354 0.36542 -0.041482 0.21922 -0.61766 -0.077979 0.28103 0.53635 -0.17678 0.30608 -0.69604 -0.095734 0.30035 0.60114 -0.22167 0.33141 -0.049262 0.075692 -0.4366 0.061829 0.038186 -0.44157 -0.026934 0.1582 -0.75937 0.049365 0.06026 -0.77451 -0.085373 0.13548 -0.82887 0.054574 -0.011864 -0.83311 0.00032061 -0.057022 0.59425
-0.1604 0.024549 0.3399 0.13315 0.0059642 0.33776 -0.014323 -0.0047627 0.40741 -0.0022089 0.012685 0.067377 -0.051115 -0.00092692 -0.054602 0.052377 -0.00092692 -0.053394 -0.37488 0.032824 0.1832 0.32956 0.0044496 0.1588 -0.60941 -0.0009823 0.19006 0.53317 -0.11495 0.17813 -0.69139 -0.0037065 0.20047 0.60573 -0.1542 0.18374 -0.049867 0.079664 -0.43598 0.061739 0.038532 -0.44108 -0.025617 0.16112 -0.75888 0.049568 0.060139 -0.77406 -0.084647 0.13949 -0.82823 0.049182 -0.017147 -0.82703 -0.00056553 -0.055949 0.59742
-0.15781 0.026711 0.33662 0.13011 0.0049784 0.33518 -0.015494 -0.011637 0.4076 -0.0023031 0.0099247 0.067843 -0.051139 -0.00024908 -0.054588 0.052932 -0.00024908 -0.052853 -0.35237 0.068375 0.15937 0.30075 0.024255 0.13098 -0.57782 0.062486 0.091217 0.51968 -0.070144 0.10149 -0.6594 0.060844 0.10874 0.5947 -0.10671 0.09929 -0.050415 0.083371 -0.43531 0.061713 0.039265 -0.44055 -0.024617 0.16389 -0.75833 0.049745 0.060388 -0.77356 -0.08415 0.14314 -0.82752 0.069515 0.017823 -0.85084 -0.0010636 -0.054358 0.59967
-0.15589 0.028016 0.33405 0.12662 0.0042219 0.33344 -0.01728 -0.017927 0.40769 -0.0025523 0.0066976 0.06821 -0.051323 0.00056023 -0.054411 0.053599 0.00056023 -0.052168 -0.3193 0.094171 0.13637 0.26958 0.036951 0.11293 -0.5319 0.12102 0.032157 0.47708 -0.0053282 0.019959 -0.61131 0.13112 0.036405 0.5498 -0.033326 -0.0018037 -0.051197 0.086816 -0.43455 0.062019 0.040627 -0.43981 -0.024348 0.16659 -0.75766 0.050129 0.061291 -0.77286 -0.084206 0.14651 -0.82676 0.087225 0.056978 -0.86184 -0.0013797 -0.05312 0.60113
-0.15463 0.028653 0.33197 0.12287 0.0036522 0.33194 -0.019393 -0.023705 0.40767 -0.0029378 0.0034538 0.068458 -0.051594 0.0014041 -0.054141 0.054301 0.0014041 -0.051428 -0.28561 0.11216 0.11528 0.23925 0.04931 0.09652 -0.4916 0.1674 0.013699 0.4229 0.064241 -0.06081 -0.56841 0.19734 -0.0087937 0.49118 0.047654 -0.10767 -0.052131 0.089846 -0.43378 0.062548 0.042328 -0.43899 -0.024624 0.16908 -0.75697 0.050641 0.062561 -0.77206 -0.084658 0.14947 -0.82605 0.091655 0.078563 -0.85235 -0.0016249 -0.052489 0.60203
-0.15388 0.029082 0.33046 0.12007 0.003231 0.33073 -0.020984 -0.02708 0.40754 -0.0032702 0.0014543 0.068503 -0.051692 0.0019321 -0.05403 0.054708 0.0019321 -0.050974 -0.27665 0.11846 0.11232 0.22858 0.051057 0.092843 -0.47781 0.17949 0.0028718 0.40196 0.075466 -0.066887 -0.55309 0.2075 -0.01683 0.46871 0.058162 -0.11254 -0.052699 0.091914 -0.4333 0.06285 0.043608 -0.43845 -0.02477 0.17074 -0.75656 0.050893 0.063422 -0.77155 -0.084923 0.15141 -0.82561 0.094366 0.085606 -0.85142 -0.0016051 -0.05224 0.60223
