-0.14053 0.039353 0.32862 0.14796 0.007022 0.34255 -0.0013095 0.0094157 0.40909 -4.4477e-06 0.0047949 0.068429 -0.049242 -0.00026358 -0.056305 0.05425 -0.00026358 -0.051497 -0.39486 -0.036641 0.34245 0.34153 -0.1685 0.39127 -0.54051 -0.16119 0.48189 0.36491 -0.30283 0.58512 -0.57733 -0.17955 0.55363 0.35511 -0.32948 0.66279 -0.053406 0.082727 -0.43714 0.086865 0.089271 -0.42947 -0.049685 0.18101 -0.75623 0.10661 0.1747 -0.75165 -0.062582 0.12887 -0.83288 0.15621 0.16755 -0.8307 -0.028532 -0.049301 0.59544
-0.14105 0.039102 0.32928 0.14802 0.0080551 0.34129 -0.00074212 0.012282 0.40885 0.00075655 0.0069296 0.068202 -0.049496 -0.00050256 -0.056069 0.054143 -0.00050256 -0.051606 -0.38745 -0.053445 0.36778 0.33524 -0.17012 0.40056 -0.50369 -0.18782 0.52224 0.35936 -0.30495 0.59297 -0.53857 -0.20404 0.59376 0.35365 -0.33125 0.67188 -0.054975 0.08158 -0.43709 0.085386 0.089045 -0.42969 -0.053141 0.17946 -0.75631 0.10328 0.17629 -0.75148 -0.06185 0.13653 -0.8387 0.15298 0.16988 -0.83054 -0.028617 -0.045349 0.59544
-0.14145 0.039178 0.32999 0.14824 0.0081566 0.3405 -0.0001762 0.014413 0.40871 0.0014457 0.0086219 0.068065 -0.049552 -0.00063523 -0.056037 0.054051 -0.00063523 -0.051703 -0.37196 -0.07178 0.40201 0.32664 -0.17673 0.41035 -0.45985 -0.20637 0.5777 0.35431 -0.31333 0.60286 -0.49052 -0.22442 0.6536 0.33932 -0.33214 0.68167 -0.055964 0.080925 -0.43716 0.084395 0.088867 -0.42987 -0.05533 0.17855 -0.75647 0.10112 0.17734 -0.75141 -0.063087 0.134 -0.83855 0.15087 0.17141 -0.83047 -0.028952 -0.042308 0.59544
-0.1428 0.038848 0.3319 0.14819 0.0081688 0.33953 0.00016926 0.016948 0.40831 0.0020368 0.011094 0.067673 -0.049816 -0.00090283 -0.055794 0.05397 -0.00090283 -0.051783 -0.34883 -0.092609 0.43653 0.30814 -0.18747 0.42243 -0.39531 -0.22546 0.62771 0.32399 -0.3231 0.61642 -0.41213 -0.24948 0.70547 0.30169 -0.33756 0.69473 -0.057367 0.079731 -0.43709 0.083168 0.088497 -0.43007 -0.058425 0.17701 -0.7565 0.098173 0.17863 -0.75123 -0.066414 0.12461 -0.83368 0.14792 0.17336 -0.83034 -0.029008 -0.038468 0.59538
-0.14567 0.037677 0.33565 0.1476 0.0084485 0.33795 0.00017754 0.020442 0.4075 0.0025075 0.014948 0.066848 -0.050461 -0.0014247 -0.055167 0.053881 -0.0014247 -0.051862 -0.32097 -0.11518 0.46316 0.27668 -0.20076 0.43697 -0.30573 -0.25012 0.65484 0.25378 -0.32993 0.63297 -0.29583 -0.28355 0.72716 0.23659 -0.34949 0.71122 -0.05969 0.077502 -0.43678 0.081331 0.087756 -0.43033 -0.063562 0.1742 -0.75634 0.093423 0.18057 -0.75083 -0.071352 0.11235 -0.82595 0.14309 0.1764 -0.83004 -0.028463 -0.032913 0.59523
-0.1479 0.036859 0.33914 0.14699 0.0067821 0.33658 0.00027953 0.022291 0.40697 0.0028514 0.017439 0.066322 -0.050407 -0.0016645 -0.055284 0.053706 -0.0016645 -0.052041 -0.30439 -0.12951 0.47605 0.25397 -0.21125 0.44546 -0.23733 -0.26586 0.65923 0.18971 -0.33229 0.63933 -0.20728 -0.30667 0.72665 0.17393 -0.35158 0.71825 -0.060825 0.076618 -0.43701 0.080392 0.086816 -0.43073 -0.06628 0.17292 -0.75668 0.090825 0.18175 -0.75069 -0.074205 0.10487 -0.82058 0.1404 0.17809 -0.83001 -0.028104 -0.029012 0.59533
-0.14893 0.03622 0.34064 0.14653 0.00625 0.33579 0.00018219 0.022969 0.40667 0.0028427 0.018528 0.066021 -0.050506 -0.0017834 -0.055206 0.05364 -0.0017834 -0.052106 -0.29751 -0.13557 0.47953 0.25004 -0.21224 0.44654 -0.20311 -0.26605 0.65385 0.16071 -0.32844 0.63282 -0.16497 -0.30363 0.71855 0.13096 -0.33758 0.70956 -0.061391 0.076065 -0.437 0.080007 0.086516 -0.43086 -0.067589 0.17219 -0.75671 0.089687 0.18222 -0.75061 -0.075449 0.10231 -0.81855 0.13919 0.17878 -0.82998 -0.027505 -0.027494 0.59536
-0.15118 0.032366 0.34073 0.14578 0.015808 0.33462 -0.001122 0.027228 0.4053 0.0021053 0.022748 0.064598 -0.054275 -0.0029731 -0.051163 0.054197 -0.0029731 -0.051455 -0.27126 -0.15122 0.48867 0.24672 -0.20049 0.45128 -0.1482 -0.26483 0.65661 0.13983 -0.31643 0.62911 -0.091108 -0.28083 0.70896 0.089748 -0.32458 0.69343 -0.066212 0.069567 -0.43395 0.076751 0.087933 -0.42982 -0.077295 0.16504 -0.75369 0.081506 0.18448 -0.7494 -0.081891 0.093547 -0.81381 0.13097 0.18342 -0.82883 -0.024511 -0.024438 0.59423
-0.15064 0.019611 0.34193 0.14633 0.01783 0.33109 0.00045253 0.024353 0.40452 0.0017184 0.024974 0.063866 -0.058246 -0.0036202 -0.046869 0.05497 -0.0036202 -0.0506 -0.24318 -0.17915 0.49277 0.24413 -0.19957 0.4486 -0.083208 -0.26586 0.64387 0.11122 -0.3067 0.61217 -0.008407 -0.25801 0.68089 0.045465 -0.31782 0.6616 -0.0703 0.061324 -0.43104 0.07257 0.0877 -0.42914 -0.087001 0.15592 -0.75083 0.071662 0.18554 -0.74839 -0.087727 0.082675 -0.80913 0.12103 0.18724 -0.82791 -0.022139 -0.027932 0.59337
-0.14475 -0.00065165 0.34524 0.149 0.00079557 0.32511 0.0070127 0.0088934 0.40559 0.0024037 0.021062 0.065205 -0.058747 -0.0024915 -0.046285 0.055422 -0.0024915 -0.05017 -0.2349 -0.21004 0.48218 0.24664 -0.22242 0.43119 -0.037931 -0.26725 0.59941 0.075563 -0.30609 0.57092 0.038318 -0.24964 0.62857 0.0048777 -0.31539 0.61338 -0.068938 0.056994 -0.43139 0.070346 0.083721 -0.43002 -0.087719 0.15099 -0.75124 0.067364 0.18307 -0.74879 -0.087009 0.076733 -0.80824 0.11654 0.18573 -0.82839 -0.022873 -0.042127 0.59376
-0.13978 -0.012318 0.34722 0.15123 -0.010863 0.32083 0.012257 -0.00058168 0.40634 0.0028779 0.01785 0.066211 -0.058372 -0.0016893 -0.046712 0.055659 -0.0016893 -0.049946 -0.231 -0.22768 0.47341 0.24823 -0.23795 0.41943 -0.012819 -0.26767 0.5592 0.050373 -0.30352 0.53377 0.062015 -0.2486 0.58728 -0.018457 -0.31413 0.5778 -0.067219 0.054892 -0.43228 0.069501 0.08036 -0.43077 -0.08673 0.14857 -0.75217 0.065852 0.18115 -0.74907 -0.08554 0.073547 -0.80812 0.11485 0.18409 -0.82876 -0.023331 -0.05263 0.59329
-0.13744 -0.015314 0.34767 0.15229 -0.013366 0.31881 0.01469 -0.002152 0.4063 0.0029552 0.017098 0.066361 -0.058311 -0.0015935 -0.046826 0.055794 -0.0015935 -0.049794 -0.22565 -0.23399 0.47035 0.24755 -0.24252 0.41396 -2.3726e-05 -0.26736 0.53433 0.037488 -0.29859 0.50807 0.074914 -0.24785 0.56352 -0.027067 -0.31302 0.55783 -0.066717 0.053512 -0.43262 0.06918 0.078515 -0.43104 -0.086787 0.14703 -0.75253 0.06508 0.18054 -0.74894 -0.085251 0.071324 -0.80755 0.11393 0.18369 -0.82872 -0.022591 -0.056904 0.59211
-0.13615 -0.017776 0.34825 0.15288 -0.015467 0.31754 0.016122 -0.0032876 0.40621 0.0030782 0.017005 0.066377 -0.058405 -0.00151 -0.046713 0.055895 -0.00151 -0.049683 -0.22136 -0.23915 0.46822 0.24684 -0.24806 0.4053 0.0084048 -0.26739 0.51809 0.030499 -0.29721 0.48837 0.082852 -0.24449 0.54602 -0.031215 -0.3128 0.54159 -0.066398 0.052265 -0.4327 0.068842 0.076917 -0.43129 -0.086913 0.14569 -0.75261 0.064435 0.17999 -0.74885 -0.085104 0.069446 -0.80688 0.11314 0.18328 -0.82872 -0.02159 -0.059797 0.5914
-0.13509 -0.019833 0.34917 0.15358 -0.017437 0.31682 0.01738 -0.0037188 0.40615 0.0031244 0.017028 0.066382 -0.058506 -0.0014389 -0.046581 0.055994 -0.0014389 -0.049576 -0.21934 -0.24345 0.46549 0.24777 -0.25322 0.39555 0.012718 -0.2682 0.50829 0.03052 -0.30029 0.47795 0.087363 -0.24222 0.53276 -0.033403 -0.31501 0.52735 -0.066154 0.051252 -0.43273 0.068569 0.075612 -0.43148 -0.087014 0.14462 -0.75263 0.063944 0.17947 -0.74878 -0.084998 0.06795 -0.80628 0.1125 0.18285 -0.82873 -0.020814 -0.062221 0.59065
-0.13466 -0.020111 0.35058 0.15444 -0.018095 0.31723 0.018163 -0.0021829 0.40608 0.00301 0.017407 0.066283 -0.058482 -0.0014392 -0.046613 0.056015 -0.0014392 -0.04955 -0.21905 -0.24538 0.46364 0.25101 -0.25563 0.38722 0.01382 -0.26888 0.50076 0.036702 -0.30582 0.47507 0.088385 -0.24212 0.52448 -0.034425 -0.31875 0.51535 -0.065864 0.050574 -0.43286 0.068415 0.074594 -0.43166 -0.086902 0.14393 -0.75275 0.063734 0.17904 -0.74877 -0.084813 0.066903 -0.80588 0.11216 0.18241 -0.8288 -0.018977 -0.063952 0.5897
-0.13514 -0.018571 0.35244 0.15534 -0.017676 0.31892 0.018218 0.00083721 0.4059 0.0028219 0.018402 0.066013 -0.058246 -0.0014873 -0.046909 0.055921 -0.0014873 -0.049647 -0.2201 -0.24464 0.46368 0.25581 -0.25592 0.38039 0.013336 -0.26842 0.49065 0.045362 -0.31094 0.47407 0.085766 -0.24227 0.52022 -0.031145 -0.3222 0.50934 -0.06537 0.050232 -0.4332 0.068438 0.073618 -0.43194 -0.086308 0.14365 -0.75308 0.064002 0.17853 -0.7489 -0.084383 0.066298 -0.80575 0.11231 0.18175 -0.829 -0.014391 -0.065188 0.58886
-0.13346 -0.020096 0.35343 0.15711 -0.021177 0.31882 0.020246 -0.00015518 0.4057 0.0028506 0.018697 0.065952 -0.057851 -0.0014522 -0.047391 0.056103 -0.0014522 -0.049471 -0.22703 -0.24561 0.45827 0.25899 -0.2611 0.37126 0.0094281 -0.26953 0.48001 0.052775 -0.31609 0.47515 0.081436 -0.24165 0.51039 -0.0075387 -0.32764 0.52497 -0.064902 0.050162 -0.43369 0.069047 0.072436 -0.43198 -0.085452 0.1437 -0.75356 0.06515 0.17771 -0.74883 -0.083913 0.066089 -0.80586 0.11337 0.18061 -0.829 -0.0090515 -0.068719 0.58838
-0.13151 -0.019126 0.3536 0.15913 -0.021899 0.31853 0.02244 3.9693e-05 0.40545 0.0030538 0.019079 0.065825 -0.057664 -0.0013939 -0.047622 0.055756 -0.0013939 -0.049852 -0.23466 -0.24269 0.45377 0.26308 -0.26173 0.36696 -0.0027324 -0.27875 0.49079 0.067877 -0.31757 0.4895 0.070611 -0.25186 0.51833 0.035579 -0.3299 0.56392 -0.064517 0.050191 -0.43393 0.069237 0.071578 -0.43252 -0.08458 0.14387 -0.75379 0.065987 0.17711 -0.74929 -0.083509 0.066041 -0.80578 0.11415 0.17963 -0.82951 -0.0044721 -0.068883 0.58833
-0.13553 -0.0030276 0.35436 0.15924 -0.0052788 0.32342 0.019039 0.014228 0.40498 0.0029899 0.021993 0.064867 -0.057991 -0.0016066 -0.047236 0.053439 -0.0016066 -0.052257 -0.23213 -0.22343 0.46669 0.27434 -0.23721 0.38192 -0.029035 -0.30134 0.54882 0.1061 -0.30964 0.53068 0.043048 -0.28855 0.58473 0.077891 -0.31967 0.60953 -0.064197 0.050074 -0.43355 0.067137 0.072015 -0.4348 -0.083991 0.1438 -0.75341 0.064343 0.17772 -0.75151 -0.08326 0.065786 -0.80513 0.11247 0.17995 -0.83176 -0.00089645 -0.055021 0.58855
-0.14206 0.012543 0.35499 0.15669 0.012261 0.32817 0.013033 0.028177 0.40458 0.0023013 0.024584 0.064018 -0.057312 -0.0023795 -0.047981 0.051648 -0.0023795 -0.054078 -0.23983 -0.20155 0.47865 0.28366 -0.20952 0.4023 -0.068759 -0.31888 0.59837 0.14592 -0.30336 0.57159 0.0006036 -0.31889 0.64476 0.10999 -0.31345 0.64491 -0.064986 0.049787 -0.4342 0.064783 0.072631 -0.43637 -0.084789 0.14346 -0.75407 0.062192 0.17841 -0.75306 -0.084192 0.065305 -0.80556 0.11029 0.18049 -0.83333 0.00045025 -0.041212 0.58885
-0.1468 0.017031 0.35484 0.15276 0.017831 0.3289 0.0084157 0.031587 0.40437 0.0013512 0.025222 0.063784 -0.055443 -0.0035929 -0.050068 0.051586 -0.0035929 -0.054053 -0.26738 -0.18623 0.4765 0.29052 -0.19343 0.41348 -0.12292 -0.32168 0.60869 0.17854 -0.30299 0.59164 -0.057916 -0.32801 0.66007 0.13984 -0.31819 0.66297 -0.067126 0.04983 -0.43601 0.063911 0.072769 -0.4361 -0.086824 0.14345 -0.75591 0.061699 0.1785 -0.75281 -0.086426 0.065159 -0.8072 0.10978 0.18038 -0.8331 0.00019026 -0.036879 0.5892
-0.14921 0.01954 0.35445 0.15055 0.017939 0.32864 0.0061796 0.031945 0.40397 0.0012735 0.0262 0.063373 -0.054605 -0.0046146 -0.050932 0.051092 -0.0046146 -0.054426 -0.29566 -0.16937 0.47036 0.31023 -0.1756 0.41425 -0.19477 -0.32172 0.61782 0.22567 -0.29717 0.59871 -0.13977 -0.34448 0.67378 0.18966 -0.31758 0.67056 -0.069314 0.051112 -0.43645 0.063977 0.073274 -0.43615 -0.088065 0.14476 -0.7564 0.063113 0.17881 -0.75293 -0.088491 0.066331 -0.80751 0.11119 0.18013 -0.83322 0.0015174 -0.03404 0.58979
-0.15023 0.022206 0.35419 0.14984 0.017205 0.32851 0.0054009 0.032378 0.4035 0.0016787 0.027414 0.062862 -0.054532 -0.0052804 -0.050921 0.050359 -0.0052804 -0.055059 -0.3156 -0.15403 0.46512 0.33092 -0.15906 0.41194 -0.26338 -0.31888 0.62822 0.27268 -0.28808 0.60229 -0.2231 -0.36135 0.68711 0.24509 -0.31297 0.67606 -0.070888 0.052811 -0.43602 0.064337 0.073966 -0.43646 -0.088522 0.14647 -0.75603 0.065007 0.17924 -0.75333 -0.08999 0.068025 -0.80704 0.11307 0.17993 -0.83365 0.0036107 -0.031082 0.59028
-0.15075 0.024154 0.35415 0.14957 0.017376 0.32847 0.0050411 0.033106 0.40317 0.0019057 0.028153 0.062527 -0.054315 -0.0056788 -0.051112 0.050116 -0.0056788 -0.055239 -0.32833 -0.14266 0.46082 0.34208 -0.1472 0.41025 -0.31411 -0.30772 0.63096 0.30808 -0.27829 0.60507 -0.28928 -0.35959 0.69085 0.29329 -0.30693 0.68113 -0.071751 0.054057 -0.43591 0.064593 0.074476 -0.43643 -0.088808 0.1476 -0.75599 0.066174 0.17948 -0.75339 -0.090873 0.06915 -0.8069 0.11422 0.17982 -0.83372 0.0048308 -0.029095 0.59038
-0.15067 0.025868 0.35404 0.1498 0.017625 0.3283 0.0052417 0.033657 0.40287 0.0020958 0.028783 0.062229 -0.054065 -0.0059444 -0.05135 0.049946 -0.0059444 -0.055362 -0.3429 -0.12714 0.45458 0.35786 -0.12997 0.4009 -0.36288 -0.28507 0.6297 0.35559 -0.25991 0.59851 -0.34901 -0.33206 0.69549 0.35261 -0.28943 0.67577 -0.072232 0.055319 -0.43588 0.064762 0.075006 -0.43638 -0.088864 0.14867 -0.75603 0.067084 0.17966 -0.75344 -0.090942 0.069723 -0.80667 0.1151 0.17973 -0.83379 0.0055183 -0.027839 0.59031
-0.14998 0.027301 0.35374 0.15056 0.017568 0.32807 0.0059898 0.033683 0.4026 0.0022812 0.029362 0.061953 -0.053861 -0.0061389 -0.051539 0.049747 -0.0061389 -0.055522 -0.35658 -0.11087 0.44824 0.37444 -0.11259 0.38851 -0.4079 -0.25639 0.62814 0.40671 -0.23752 0.58746 -0.39665 -0.29363 0.70142 0.40698 -0.26612 0.66506 -0.072521 0.056617 -0.4358 0.06488 0.075589 -0.43636 -0.088784 0.14974 -0.75604 0.06788 0.17984 -0.75355 -0.091885 0.071387 -0.80686 0.11587 0.17966 -0.83391 0.006027 -0.027162 0.59025
-0.14888 0.028163 0.35325 0.15167 0.017257 0.32791 0.0070459 0.033076 0.4024 0.0024015 0.029768 0.061755 -0.053697 -0.0062814 -0.051694 0.049621 -0.0062814 -0.055618 -0.36452 -0.09891 0.44345 0.38241 -0.10359 0.38149 -0.44014 -0.22829 0.62692 0.44347 -0.21775 0.58037 -0.42724 -0.2601 0.7032 0.43825 -0.24452 0.65861 -0.072689 0.057688 -0.43574 0.064969 0.07612 -0.4363 -0.088727 0.15057 -0.75606 0.06846 0.17998 -0.75362 -0.093245 0.073349 -0.80727 0.11641 0.17964 -0.834 0.0065217 -0.02705 0.59028
-0.1478 0.028549 0.35273 0.1528 0.016737 0.32786 0.0080641 0.031972 0.40226 0.0024655 0.030061 0.06161 -0.05357 -0.006397 -0.051812 0.049526 -0.006397 -0.055689 -0.37509 -0.081998 0.43402 0.38925 -0.094912 0.37625 -0.46401 -0.19748 0.62128 0.47742 -0.19263 0.57283 -0.46509 -0.21923 0.6993 0.47795 -0.21236 0.65257 -0.072785 0.058488 -0.43569 0.065047 0.076536 -0.43625 -0.08867 0.15117 -0.75608 0.068875 0.18006 -0.75367 -0.087829 0.068052 -0.80489 0.11681 0.17959 -0.83406 0.0069636 -0.027632 0.59032
-0.14636 0.028173 0.35174 0.15427 0.015571 0.32793 0.0092617 0.029346 0.40208 0.002542 0.030371 0.061454 -0.053442 -0.0064583 -0.051935 0.049426 -0.0064583 -0.055771 -0.38752 -0.0599 0.42064 0.39912 -0.080864 0.3651 -0.48409 -0.16013 0.61242 0.50754 -0.16269 0.55936 -0.50234 -0.17145 0.69239 0.52378 -0.17295 0.63984 -0.07283 0.059402 -0.43564 0.065153 0.077155 -0.43617 -0.088577 0.15187 -0.7561 0.069272 0.1802 -0.75375 -0.093134 0.074156 -0.80703 0.11715 0.17963 -0.83417 0.0067364 -0.03118 0.58982
-0.14416 0.026795 0.34986 0.15641 0.013476 0.32812 0.010917 0.02445 0.40178 0.0026906 0.030756 0.061256 -0.053279 -0.0064199 -0.052107 0.049331 -0.0064199 -0.055859 -0.39496 -0.039789 0.40811 0.41019 -0.062484 0.34413 -0.50198 -0.11867 0.60389 0.52453 -0.13604 0.53856 -0.51523 -0.12993 0.685 0.55032 -0.14102 0.61728 -0.07283 0.060784 -0.43557 0.065313 0.078294 -0.43601 -0.08844 0.15295 -0.75612 0.069745 0.1805 -0.75385 -0.12743 0.11062 -0.8216 0.11747 0.17989 -0.83437 0.0052984 -0.039353 0.58834
-0.14264 0.025533 0.34841 0.15784 0.011951 0.32833 0.011974 0.020645 0.40159 0.0028069 0.030936 0.061161 -0.053166 -0.0063198 -0.052235 0.0493 -0.0063198 -0.055898 -0.39975 -0.023795 0.39369 0.41652 -0.050348 0.3282 -0.51426 -0.093938 0.5892 0.53725 -0.11754 0.52053 -0.52459 -0.10532 0.67026 0.5652 -0.11984 0.5982 -0.072779 0.061821 -0.43553 0.065432 0.079241 -0.43585 -0.088323 0.15378 -0.75614 0.070027 0.18078 -0.7539 -0.14299 0.12483 -0.82961 0.11763 0.18019 -0.83449 0.0038265 -0.046056 0.58707
-0.14214 0.024833 0.34781 0.15826 0.011424 0.32851 0.012232 0.018934 0.40156 0.0028605 0.030849 0.061202 -0.053117 -0.0061908 -0.0523 0.049337 -0.0061908 -0.05588 -0.40321 -0.013083 0.38015 0.41758 -0.046625 0.32194 -0.5197 -0.08848 0.57231 0.54799 -0.10725 0.5103 -0.53762 -0.096349 0.65262 0.57467 -0.10787 0.58856 -0.072692 0.062314 -0.43553 0.065483 0.079793 -0.43574 -0.088242 0.1542 -0.75617 0.070074 0.18098 -0.7539 -0.12871 0.10632 -0.82571 0.11764 0.18045 -0.83451 0.0028581 -0.049243 0.58644
-0.14162 0.02423 0.34725 0.15867 0.010996 0.3287 0.012505 0.017362 0.40157 0.0029204 0.030698 0.061275 -0.053068 -0.0060417 -0.052367 0.049385 -0.0060417 -0.055853 -0.40408 -0.0079979 0.37483 0.41837 -0.043897 0.3166 -0.52116 -0.084808 0.56582 0.55028 -0.10142 0.50494 -0.54158 -0.091775 0.64576 0.57724 -0.1013 0.58317 -0.072594 0.062839 -0.43554 0.065526 0.080399 -0.43561 -0.088153 0.15466 -0.75619 0.070105 0.1812 -0.75389 -0.11908 0.095629 -0.82221 0.11765 0.18072 -0.83452 0.0019781 -0.052111 0.5859
-0.14111 0.02371 0.34672 0.15909 0.010616 0.32891 0.012788 0.015932 0.40161 0.0029837 0.030517 0.061362 -0.053021 -0.0058837 -0.052433 0.049442 -0.0058837 -0.05582 -0.40428 -0.0040869 0.37157 0.4193 -0.04058 0.3104 -0.52447 -0.07996 0.5616 0.54832 -0.097915 0.50083 -0.54394 -0.088402 0.64155 0.57778 -0.096426 0.57807 -0.072482 0.063385 -0.43553 0.065569 0.081023 -0.43547 -0.088049 0.15514 -0.7562 0.070137 0.18143 -0.75388 -0.11427 0.091825 -0.8198 0.11765 0.18101 -0.83452 0.0012333 -0.054583 0.58548
-0.14074 0.023351 0.34637 0.15937 0.010398 0.32914 0.012965 0.014936 0.40167 0.0030383 0.030302 0.061466 -0.052988 -0.0057267 -0.052484 0.049511 -0.0057267 -0.055775 -0.40438 -0.0023425 0.3688 0.41945 -0.039904 0.30681 -0.52219 -0.082408 0.55858 0.54255 -0.099323 0.5005 -0.54232 -0.090478 0.63843 0.57444 -0.095725 0.57672 -0.072355 0.063852 -0.43553 0.065607 0.081567 -0.43533 -0.087935 0.15556 -0.75621 0.070148 0.18164 -0.75385 -0.10896 0.087655 -0.81706 0.11765 0.18128 -0.8345 0.00069503 -0.056167 0.58527
-0.14043 0.023143 0.34612 0.15962 0.010292 0.32937 0.013123 0.014218 0.40175 0.0030902 0.030073 0.061576 -0.052963 -0.0055766 -0.052525 0.049585 -0.0055766 -0.055725 -0.40226 -0.010962 0.37483 0.41829 -0.047387 0.31172 -0.49437 -0.10503 0.57047 0.5259 -0.11194 0.51247 -0.51777 -0.10641 0.64963 0.55632 -0.10778 0.58919 -0.072223 0.064275 -0.43553 0.065645 0.082065 -0.4352 -0.087817 0.15595 -0.75622 0.070151 0.18183 -0.75382 -0.10513 0.085004 -0.81474 0.11763 0.18157 -0.83449 0.00027219 -0.057242 0.58517
-0.14017 0.023044 0.34594 0.15984 0.010263 0.32959 0.013269 0.013717 0.40184 0.0031387 0.029851 0.061681 -0.052946 -0.0054353 -0.052557 0.049661 -0.0054353 -0.055671 -0.39899 -0.023882 0.3853 0.41682 -0.05762 0.32022 -0.46593 -0.12948 0.58723 0.50531 -0.1292 0.52828 -0.48802 -0.1285 0.66692 0.53149 -0.12668 0.6068 -0.07209 0.064662 -0.43552 0.065685 0.082522 -0.43508 -0.0877 0.1563 -0.75622 0.07015 0.182 -0.75378 -0.1021 0.083027 -0.81281 0.11761 0.18185 -0.83446 -4.3937e-05 -0.058036 0.58512
-0.13996 0.023023 0.34581 0.16003 0.010294 0.32979 0.013387 0.013409 0.40193 0.0031821 0.029661 0.061771 -0.052939 -0.0053048 -0.052578 0.049739 -0.0053048 -0.055614 -0.39426 -0.036603 0.3962 0.41438 -0.067644 0.32887 -0.45279 -0.14464 0.5993 0.48396 -0.14672 0.54136 -0.46348 -0.15168 0.68098 0.50324 -0.14755 0.62196 -0.071953 0.065004 -0.43551 0.065725 0.082927 -0.43496 -0.087578 0.15662 -0.75622 0.070151 0.18216 -0.75374 -0.099688 0.081558 -0.81123 0.11761 0.18208 -0.83442 -0.00028122 -0.058559 0.58509
-0.13979 0.023074 0.34575 0.1602 0.010377 0.32998 0.013494 0.01324 0.40199 0.0032223 0.029523 0.061835 -0.052943 -0.0051889 -0.052585 0.049815 -0.0051889 -0.055557 -0.38361 -0.056993 0.41309 0.40712 -0.08548 0.34368 -0.42408 -0.17286 0.61512 0.44941 -0.17224 0.55979 -0.41707 -0.18607 0.69634 0.45471 -0.17687 0.64172 -0.071804 0.065292 -0.4355 0.065763 0.083267 -0.43485 -0.087439 0.15689 -0.75621 0.070153 0.18228 -0.75371 -0.099856 0.083024 -0.81044 0.11761 0.18228 -0.83438 -0.00056453 -0.058615 0.58516
-0.13964 0.023148 0.3457 0.16035 0.010485 0.33013 0.013589 0.013115 0.40203 0.0032573 0.029413 0.061885 -0.052944 -0.0050875 -0.052593 0.049885 -0.0050875 -0.055504 -0.36984 -0.079061 0.43105 0.39921 -0.10323 0.35799 -0.38192 -0.2069 0.63049 0.40788 -0.19742 0.57541 -0.35779 -0.22481 0.70757 0.39832 -0.20484 0.65736 -0.07167 0.065546 -0.43548 0.065811 0.083573 -0.43475 -0.087312 0.15713 -0.7562 0.070166 0.18238 -0.75367 -0.095591 0.078942 -0.80883 0.11761 0.18248 -0.83435 -0.00094797 -0.058179 0.58539
-0.1395 0.023233 0.34564 0.16047 0.010606 0.33022 0.013682 0.01305 0.40207 0.0032892 0.029333 0.061922 -0.052951 -0.0049988 -0.052596 0.049948 -0.0049988 -0.055455 -0.35733 -0.094429 0.44292 0.39356 -0.11301 0.36626 -0.34021 -0.23067 0.63657 0.36773 -0.21275 0.57997 -0.30404 -0.25544 0.70679 0.34918 -0.22143 0.66032 -0.071545 0.06576 -0.43547 0.06586 0.083843 -0.43466 -0.087192 0.15733 -0.75618 0.070183 0.18247 -0.75363 -0.089898 0.072961 -0.80703 0.11761 0.18266 -0.83432 -0.0014035 -0.057157 0.5858
-0.13945 0.023437 0.34573 0.16069 0.010785 0.33037 0.013804 0.01332 0.40205 0.0033311 0.029379 0.061896 -0.053031 -0.0049235 -0.052519 0.050024 -0.0049235 -0.055393 -0.34411 -0.10889 0.45138 0.37994 -0.12867 0.38255 -0.29145 -0.25053 0.63321 0.31687 -0.22818 0.58768 -0.24432 -0.2767 0.69572 0.28858 -0.23837 0.66452 -0.071334 0.065847 -0.4354 0.065856 0.083969 -0.43459 -0.086977 0.15742 -0.75612 0.070163 0.18244 -0.75361 -0.11789 0.10742 -0.81305 0.11759 0.1827 -0.83431 -0.0018314 -0.055043 0.58644
-0.13932 0.02355 0.34561 0.16065 0.010942 0.33025 0.013857 0.013489 0.40208 0.0033531 0.029337 0.061917 -0.053021 -0.0048644 -0.052538 0.050068 -0.0048644 -0.055359 -0.33102 -0.12271 0.45747 0.36168 -0.14732 0.40264 -0.24068 -0.26479 0.62436 0.26427 -0.24162 0.59711 -0.1838 -0.28496 0.68096 0.22417 -0.25294 0.66856 -0.071253 0.065987 -0.43541 0.065933 0.084174 -0.43452 -0.086908 0.15755 -0.75613 0.070204 0.18251 -0.75358 -0.15355 0.14804 -0.82251 0.11762 0.18281 -0.83428 -0.0023763 -0.051896 0.58749
-0.13908 0.023534 0.34517 0.16033 0.011066 0.32985 0.01384 0.013512 0.40215 0.0033587 0.029199 0.061986 -0.052928 -0.0048218 -0.052643 0.050065 -0.0048218 -0.055365 -0.32056 -0.13229 0.46102 0.34899 -0.15716 0.41339 -0.19967 -0.2673 0.61433 0.22703 -0.24512 0.59714 -0.13843 -0.27704 0.66957 0.17732 -0.25467 0.66262 -0.071292 0.066161 -0.43549 0.066079 0.084462 -0.43447 -0.086983 0.15772 -0.75621 0.070286 0.18268 -0.75356 -0.14713 0.133 -0.82498 0.1177 0.18304 -0.83426 -0.0029675 -0.048287 0.58871
-0.13953 0.024584 0.34632 0.16183 0.011627 0.33088 0.01435 0.016057 0.40168 0.0035478 0.030314 0.061428 -0.053862 -0.0047785 -0.051668 0.050232 -0.0047785 -0.055217 -0.3112 -0.14018 0.46527 0.33679 -0.16541 0.4233 -0.16374 -0.26511 0.60179 0.19124 -0.2476 0.59072 -0.10755 -0.26144 0.66162 0.13842 -0.25057 0.65414 -0.070002 0.065091 -0.43481 0.065376 0.083385 -0.43461 -0.085602 0.15666 -0.75553 0.069686 0.1815 -0.75374 -0.12999 0.10849 -0.82296 0.11709 0.18185 -0.83445 -0.0023397 -0.045027 0.58854
-0.13786 0.024606 0.34341 0.16119 0.01149 0.328 0.014993 0.015782 0.40107 0.0036598 0.031338 0.060912 -0.055663 -0.0046169 -0.049752 0.050535 -0.0046169 -0.054954 -0.29339 -0.15207 0.46699 0.31913 -0.17611 0.43047 -0.12542 -0.26922 0.58621 0.15074 -0.2545 0.57762 -0.077842 -0.25427 0.65212 0.09937 -0.25092 0.64232 -0.067628 0.062955 -0.43346 0.063855 0.081424 -0.43491 -0.083149 0.15455 -0.75418 0.068243 0.17945 -0.75406 -0.12121 0.099543 -0.81971 0.1156 0.17982 -0.8348 -0.0020006 -0.044564 0.58812
-0.13022 0.020044 0.32849 0.15184 0.0089211 0.31371 0.014705 0.0040981 0.40141 0.003189 0.02931 0.061909 -0.056993 -0.0042054 -0.048269 0.050733 -0.0042054 -0.054805 -0.25837 -0.17167 0.45958 0.29431 -0.18658 0.42434 -0.082424 -0.28657 0.56961 0.11259 -0.26403 0.55568 -0.035555 -0.26807 0.6356 0.061176 -0.26172 0.62047 -0.065911 0.06127 -0.43243 0.062525 0.080608 -0.43509 -0.081647 0.15286 -0.75314 0.066568 0.17857 -0.75426 -0.11302 0.091732 -0.81636 0.11389 0.17916 -0.83502 -0.004883 -0.04894 0.59031
-0.12458 0.016279 0.31769 0.14421 0.0069472 0.30311 0.01427 -0.004795 0.40208 0.0027193 0.026972 0.06303 -0.057759 -0.003774 -0.047376 0.050941 -0.003774 -0.054642 -0.23209 -0.18589 0.45326 0.26958 -0.19566 0.42061 -0.052477 -0.30061 0.5568 0.080554 -0.27247 0.54105 -0.0048332 -0.27698 0.61986 0.030554 -0.2714 0.60685 -0.064562 0.060041 -0.43186 0.061843 0.080127 -0.43515 -0.080385 0.1517 -0.75254 0.065643 0.178 -0.75436 -0.10511 0.084807 -0.81329 0.11293 0.17875 -0.83513 -0.0071413 -0.051525 0.59257
-0.12452 0.016174 0.31827 0.14368 0.0071167 0.30307 0.01433 -0.0037706 0.4025 0.0026173 0.026243 0.063328 -0.058176 -0.0035008 -0.046886 0.051223 -0.0035008 -0.054397 -0.22548 -0.18936 0.45337 0.25122 -0.20232 0.42634 -0.039607 -0.3023 0.54753 0.057116 -0.27799 0.53932 0.0042115 -0.26948 0.60943 0.0104 -0.27427 0.60743 -0.063284 0.059037 -0.4316 0.061753 0.079337 -0.43515 -0.078905 0.15088 -0.75224 0.065656 0.17706 -0.7544 -0.098839 0.080565 -0.81074 0.11293 0.17782 -0.83519 -0.0068013 -0.049835 0.59316
-0.12489 0.016607 0.31897 0.14362 0.0076899 0.30333 0.01433 -0.0014714 0.40282 0.002597 0.025978 0.06343 -0.058386 -0.0033507 -0.046637 0.051463 -0.0033507 -0.05418 -0.22079 -0.1914 0.45354 0.24002 -0.20557 0.42958 -0.027304 -0.30037 0.53633 0.043147 -0.28129 0.53758 0.0094865 -0.26354 0.60072 -0.0036733 -0.27697 0.60565 -0.062425 0.058251 -0.43152 0.061827 0.078745 -0.4351 -0.07793 0.15025 -0.75212 0.065772 0.17632 -0.7544 -0.094377 0.077663 -0.80891 0.11303 0.17708 -0.83519 -0.0063712 -0.048915 0.59317
-0.12791 0.017874 0.31943 0.14193 0.0091832 0.30468 0.011773 0.0040365 0.40342 0.0025543 0.025729 0.063538 -0.058543 -0.0032031 -0.046448 0.051719 -0.0032031 -0.053943 -0.22095 -0.19282 0.45225 0.23101 -0.20753 0.4301 -0.025788 -0.30125 0.53159 0.030506 -0.27984 0.53392 0.0047212 -0.25896 0.59577 -0.018659 -0.27666 0.60034 -0.061623 0.057376 -0.4315 0.062025 0.078151 -0.43502 -0.077087 0.14956 -0.75205 0.065946 0.17551 -0.75439 -0.090126 0.075005 -0.80703 0.11319 0.17626 -0.83518 -0.005714 -0.04784 0.59296
-0.13198 0.018977 0.32142 0.14075 0.01047 0.30727 0.0089511 0.009889 0.40398 0.0025186 0.025428 0.063659 -0.058699 -0.0030049 -0.046265 0.052035 -0.0030049 -0.05365 -0.22926 -0.19297 0.44913 0.2249 -0.21064 0.42842 -0.040243 -0.30659 0.53565 0.022413 -0.27734 0.53241 -0.011069 -0.25747 0.59575 -0.028881 -0.27483 0.59723 -0.060706 0.056411 -0.4315 0.062335 0.077407 -0.43493 -0.076103 0.14881 -0.752 0.066271 0.17448 -0.75438 -0.085547 0.072291 -0.80491 0.11351 0.1752 -0.83518 -0.0048805 -0.045762 0.59284
-0.12548 0.014991 0.3223 0.14476 0.0068411 0.30316 0.015802 1.1909e-06 0.40314 0.0025968 0.025032 0.063817 -0.058739 -0.0028511 -0.046223 0.052322 -0.0028511 -0.05338 -0.23504 -0.19489 0.4426 0.23364 -0.2155 0.41845 -0.050416 -0.31246 0.53407 0.042655 -0.28715 0.53772 -0.015071 -0.27436 0.59707 -0.010384 -0.28416 0.60111 -0.060231 0.055993 -0.43155 0.062538 0.076935 -0.43479 -0.075557 0.1485 -0.75202 0.066531 0.17385 -0.75429 -0.082855 0.070398 -0.80382 0.11377 0.17452 -0.83509 -0.0058292 -0.045972 0.59336
-0.11228 0.0080212 0.31999 0.14876 0.0010483 0.29383 0.027152 -0.01859 0.40135 0.0029015 0.02413 0.064145 -0.058803 -0.0027187 -0.046151 0.052563 -0.0027187 -0.053149 -0.23062 -0.19999 0.43589 0.2506 -0.21944 0.40194 -0.051358 -0.31715 0.53721 0.074488 -0.29522 0.54171 -0.0058911 -0.29687 0.60364 0.020119 -0.29015 0.60383 -0.059915 0.055907 -0.43152 0.062659 0.076672 -0.43464 -0.07517 0.14846 -0.75197 0.066723 0.17353 -0.75416 -0.082999 0.071325 -0.80375 0.11396 0.17416 -0.83497 -0.0073301 -0.049306 0.59327
-0.10429 0.0036171 0.31666 0.14793 -0.0017894 0.28746 0.032563 -0.029207 0.40019 0.0034038 0.022721 0.064631 -0.058825 -0.0025768 -0.046135 0.052745 -0.0025768 -0.052975 -0.22341 -0.20431 0.43228 0.2669 -0.21838 0.38576 -0.057591 -0.31859 0.55704 0.099551 -0.2857 0.54019 -0.005002 -0.30634 0.62018 0.044698 -0.27797 0.60162 -0.059607 0.055817 -0.43154 0.062765 0.07645 -0.43455 -0.074805 0.14842 -0.75198 0.066891 0.17322 -0.75409 -0.083231 0.072536 -0.80368 0.11413 0.17382 -0.83489 -0.0071179 -0.053817 0.59207
-0.11068 0.005753 0.32208 0.14963 -0.00072599 0.29386 0.029151 -0.023622 0.40136 0.0037709 0.02206 0.064847 -0.058019 -0.0025294 -0.047134 0.05277 -0.0025294 -0.052953 -0.24632 -0.19534 0.42936 0.29108 -0.20914 0.37759 -0.10289 -0.31123 0.57811 0.14388 -0.27196 0.55136 -0.052745 -0.30616 0.64314 0.090455 -0.26474 0.61397 -0.060444 0.056168 -0.43248 0.062718 0.076484 -0.43453 -0.075669 0.14871 -0.75294 0.066917 0.17312 -0.75411 -0.076586 0.063223 -0.80259 0.11416 0.17368 -0.83491 -0.0047902 -0.055012 0.59285
-0.12507 0.011442 0.3336 0.15346 0.0022518 0.30801 0.021339 -0.0089718 0.40369 0.0038771 0.022055 0.064838 -0.056576 -0.0026071 -0.048862 0.052798 -0.0026071 -0.052921 -0.2899 -0.17639 0.42447 0.31905 -0.19451 0.37555 -0.17416 -0.29884 0.59121 0.19916 -0.26059 0.56915 -0.12996 -0.30393 0.66097 0.14804 -0.25637 0.63406 -0.062317 0.056944 -0.43404 0.062709 0.076716 -0.43444 -0.077632 0.14935 -0.75454 0.066986 0.17319 -0.75407 -0.08607 0.074078 -0.80586 0.11425 0.1737 -0.83486 -0.0023156 -0.052855 0.59459
-0.13477 0.014962 0.34202 0.15445 0.0043562 0.31811 0.015747 0.0017396 0.40483 0.0037897 0.021901 0.064896 -0.055257 -0.0027695 -0.050341 0.05301 -0.0027695 -0.0527 -0.32377 -0.1576 0.41562 0.34117 -0.17823 0.37075 -0.23805 -0.28751 0.59484 0.24168 -0.24963 0.57402 -0.19436 -0.30319 0.66335 0.19334 -0.24762 0.64137 -0.064319 0.057851 -0.43529 0.063024 0.076996 -0.43412 -0.079713 0.1501 -0.75583 0.067371 0.17329 -0.75381 -0.13013 0.12978 -0.8179 0.11465 0.17374 -0.83458 -0.0020172 -0.050111 0.59443
-0.14026 0.016697 0.34689 0.15412 0.0054102 0.32413 0.012294 0.0080172 0.40521 0.0036346 0.021841 0.064925 -0.05427 -0.0029576 -0.051391 0.053078 -0.0029576 -0.052621 -0.35161 -0.13374 0.40181 0.36274 -0.15493 0.35457 -0.30489 -0.26961 0.58965 0.28709 -0.23452 0.56465 -0.26504 -0.29291 0.65825 0.24793 -0.23347 0.6371 -0.066164 0.058938 -0.43606 0.063493 0.077578 -0.43387 -0.081604 0.15103 -0.75664 0.067921 0.17365 -0.75362 -0.14996 0.14848 -0.82662 0.11522 0.17404 -0.83439 -0.0027813 -0.047801 0.59378
-0.14357 0.017654 0.34952 0.15383 0.0058468 0.32783 0.010056 0.011658 0.40536 0.0034954 0.021979 0.064886 -0.053629 -0.0031269 -0.05205 0.052908 -0.0031269 -0.052783 -0.3752 -0.10719 0.38684 0.38201 -0.1302 0.33485 -0.37198 -0.2448 0.57975 0.34219 -0.2213 0.55001 -0.34317 -0.27085 0.65276 0.31631 -0.22311 0.62852 -0.067693 0.060119 -0.43643 0.063958 0.07845 -0.43379 -0.083155 0.15203 -0.75706 0.068471 0.17428 -0.75361 -0.13562 0.12023 -0.82775 0.11578 0.17459 -0.83437 -0.0035806 -0.046181 0.59347
-0.14563 0.018257 0.35101 0.1536 0.006136 0.3304 0.0085788 0.014123 0.40541 0.0033947 0.022131 0.06484 -0.053262 -0.0032539 -0.052418 0.05268 -0.0032539 -0.053003 -0.39037 -0.085225 0.37446 0.39146 -0.11481 0.326 -0.42256 -0.21858 0.56798 0.39895 -0.21845 0.53842 -0.40864 -0.24303 0.64578 0.38279 -0.22874 0.61916 -0.068812 0.061187 -0.43654 0.064368 0.079358 -0.43377 -0.084305 0.15293 -0.75722 0.068939 0.17496 -0.75366 -0.12646 0.10531 -0.82645 0.11626 0.17521 -0.83441 -0.0041453 -0.04505 0.59317
-0.14688 0.018699 0.35146 0.15341 0.0065156 0.33232 0.0075225 0.016094 0.4054 0.0033021 0.022291 0.06479 -0.053059 -0.0033327 -0.052618 0.052465 -0.0033327 -0.053211 -0.40133 -0.054936 0.35075 0.3978 -0.092239 0.30664 -0.4645 -0.18283 0.54012 0.45133 -0.20227 0.50995 -0.4677 -0.20573 0.61941 0.44724 -0.22052 0.59021 -0.069708 0.062212 -0.43651 0.064746 0.080372 -0.43372 -0.085264 0.15379 -0.75723 0.069334 0.17574 -0.75368 -0.12124 0.10009 -0.82461 0.11667 0.17595 -0.83443 -0.0044641 -0.043878 0.59295
-0.14755 0.019061 0.35102 0.1533 0.0070509 0.33385 0.0067125 0.017696 0.40538 0.0031971 0.022457 0.064738 -0.052952 -0.0033586 -0.052725 0.052287 -0.0033586 -0.053384 -0.40856 -0.014826 0.31574 0.40323 -0.057988 0.27211 -0.50371 -0.1362 0.49584 0.49342 -0.16529 0.4633 -0.52307 -0.15857 0.57302 0.5042 -0.18675 0.54234 -0.070518 0.063261 -0.43639 0.065109 0.081561 -0.43361 -0.086179 0.1547 -0.75714 0.069662 0.17669 -0.75364 -0.11476 0.093381 -0.82175 0.11701 0.1769 -0.83438 -0.0047623 -0.043 0.59273
-0.14781 0.019337 0.35011 0.15332 0.007657 0.33511 0.0061407 0.018653 0.40536 0.0030893 0.022584 0.064699 -0.052924 -0.0033282 -0.052754 0.052156 -0.0033282 -0.053514 -0.40704 0.017993 0.2894 0.40169 -0.029093 0.24639 -0.53472 -0.090854 0.45594 0.51957 -0.1287 0.42598 -0.56443 -0.11021 0.53074 0.53936 -0.14961 0.50381 -0.071224 0.064292 -0.43621 0.065442 0.082863 -0.43343 -0.087027 0.15562 -0.75699 0.069908 0.17777 -0.75353 -0.11011 0.087429 -0.81722 0.11726 0.178 -0.83427 -0.005389 -0.043617 0.59218
-0.1478 0.01944 0.34905 0.15345 0.0081491 0.33608 0.0057849 0.018852 0.40533 0.0029942 0.022674 0.064672 -0.05293 -0.0032731 -0.052751 0.052054 -0.0032731 -0.053617 -0.40249 0.037573 0.27544 0.39787 -0.011234 0.23366 -0.54725 -0.063363 0.43409 0.52979 -0.10412 0.40743 -0.5821 -0.078833 0.50749 0.55547 -0.12068 0.48414 -0.071798 0.065213 -0.43602 0.065723 0.084101 -0.43325 -0.087745 0.15646 -0.75682 0.070084 0.17882 -0.75341 -0.1065 0.089957 -0.81953 0.11745 0.17907 -0.83413 -0.006182 -0.045268 0.59151
-0.14755 0.019342 0.348 0.15368 0.008441 0.33671 0.0056422 0.018225 0.40531 0.0029167 0.022722 0.064659 -0.052944 -0.0032104 -0.052742 0.051966 -0.0032104 -0.053705 -0.39993 0.04685 0.26926 0.39624 -0.0020321 0.22855 -0.54509 -0.053427 0.42784 0.53106 -0.090233 0.40249 -0.58314 -0.065867 0.50024 0.56175 -0.10102 0.47846 -0.07225 0.066007 -0.43586 0.065947 0.085214 -0.43309 -0.088332 0.1572 -0.75666 0.070204 0.17978 -0.75329 -0.10252 0.10219 -0.83075 0.11759 0.18004 -0.83401 -0.0069577 -0.047546 0.59087
-0.14703 0.01914 0.34692 0.15405 0.0086479 0.33707 0.0057445 0.016721 0.40531 0.0028445 0.022679 0.064677 -0.052988 -0.0031176 -0.052702 0.051893 -0.0031176 -0.053781 -0.39701 0.054732 0.264 0.39454 0.0055127 0.22395 -0.55301 -0.035721 0.41691 0.53631 -0.073867 0.39621 -0.59588 -0.044878 0.48691 0.56642 -0.083525 0.47266 -0.072646 0.066786 -0.43568 0.066137 0.086369 -0.4329 -0.088889 0.15794 -0.75649 0.070269 0.1808 -0.75315 -0.098454 0.11328 -0.83854 0.11766 0.18111 -0.83386 -0.0077774 -0.05096 0.5901
-0.14629 0.01892 0.34586 0.15448 0.0088079 0.33716 0.0060348 0.014742 0.40531 0.0027798 0.02256 0.064721 -0.053049 -0.0030092 -0.052648 0.051833 -0.0030092 -0.053845 -0.39394 0.061671 0.25928 0.39288 0.011723 0.21965 -0.56235 -0.018569 0.40573 0.54218 -0.059294 0.38954 -0.61018 -0.024031 0.47305 0.56962 -0.070134 0.4668 -0.072976 0.067548 -0.43549 0.066307 0.087515 -0.43271 -0.089388 0.15867 -0.7563 0.070309 0.18184 -0.75299 -0.094562 0.1213 -0.84188 0.11771 0.18223 -0.8337 -0.0084764 -0.054592 0.58942
-0.14547 0.01874 0.34488 0.15487 0.0089292 0.33704 0.0064102 0.0128 0.40532 0.0027277 0.022403 0.064778 -0.0531 -0.0029114 -0.052602 0.051782 -0.0029114 -0.0539 -0.39183 0.065474 0.25669 0.3922 0.014907 0.2175 -0.55994 -0.015349 0.40308 0.54241 -0.053281 0.38773 -0.60885 -0.01863 0.4699 0.57013 -0.063238 0.46501 -0.073217 0.068226 -0.43533 0.066461 0.08853 -0.43254 -0.089778 0.15934 -0.75613 0.070341 0.18278 -0.75284 -0.091263 0.12792 -0.84424 0.11775 0.18324 -0.83354 -0.008887 -0.057395 0.58904
-0.14468 0.018637 0.34403 0.15517 0.0090563 0.33681 0.0067846 0.011122 0.40534 0.0026827 0.0222 0.06485 -0.053147 -0.00283 -0.052559 0.051735 -0.00283 -0.053949 -0.3903 0.067686 0.25509 0.39198 0.01645 0.21633 -0.55946 -0.013153 0.3999 0.54201 -0.048919 0.38773 -0.60206 -0.020139 0.46999 0.57167 -0.056445 0.46455 -0.073405 0.068782 -0.43519 0.066577 0.089413 -0.43239 -0.09011 0.15989 -0.75598 0.070321 0.1836 -0.7527 -0.089301 0.13219 -0.84537 0.11775 0.18413 -0.8334 -0.0090966 -0.059686 0.58878
-0.14364 0.018653 0.34306 0.15543 0.0092258 0.33634 0.0072888 0.0093166 0.40541 0.0026344 0.021829 0.064978 -0.053212 -0.0027397 -0.052498 0.051679 -0.0027397 -0.054008 -0.38923 0.068165 0.25425 0.39241 0.016002 0.21616 -0.56198 -0.011086 0.39586 0.54067 -0.047065 0.38996 -0.59577 -0.023643 0.47038 0.57137 -0.052055 0.46659 -0.073585 0.069406 -0.43502 0.06669 0.090448 -0.43221 -0.090478 0.16053 -0.7558 0.070235 0.18461 -0.75254 -0.087426 0.13734 -0.84648 0.11768 0.18521 -0.83322 -0.0091816 -0.061984 0.5886
-0.14209 0.018822 0.34175 0.15569 0.0094456 0.33546 0.0080545 0.0070139 0.40554 0.0025778 0.021192 0.06519 -0.05331 -0.0026199 -0.052404 0.051607 -0.0026199 -0.054082 -0.38872 0.065988 0.25458 0.39385 0.012645 0.21751 -0.5607 -0.015513 0.39588 0.53523 -0.052432 0.39621 -0.59066 -0.029732 0.47195 0.5645 -0.055921 0.47347 -0.073776 0.070279 -0.43478 0.066839 0.091863 -0.43195 -0.090929 0.16144 -0.75553 0.070097 0.18604 -0.75228 -0.084637 0.14426 -0.84787 0.11756 0.18674 -0.83295 -0.009181 -0.064497 0.58858
-0.14056 0.019125 0.34053 0.15587 0.009664 0.3345 0.0088041 0.0050192 0.40571 0.0025309 0.02048 0.065421 -0.053413 -0.0025157 -0.052305 0.051543 -0.0025157 -0.054149 -0.38883 0.062173 0.25589 0.39548 0.0079127 0.21943 -0.5569 -0.024225 0.39889 0.52722 -0.062586 0.40349 -0.58713 -0.042086 0.47318 0.55477 -0.06532 0.48143 -0.073912 0.071125 -0.43454 0.06697 0.093212 -0.4317 -0.091324 0.16235 -0.75526 0.069935 0.18746 -0.75201 -0.084596 0.13829 -0.84348 0.11741 0.18828 -0.83267 -0.0091098 -0.066471 0.58869
-0.13973 0.019534 0.33992 0.15582 0.0098184 0.33385 0.0091854 0.0043523 0.40586 0.0025158 0.019933 0.065589 -0.053482 -0.0024845 -0.052236 0.051512 -0.0024845 -0.054179 -0.38959 0.058095 0.25787 0.39625 0.0037911 0.2207 -0.55331 -0.033423 0.40275 0.51906 -0.073776 0.40797 -0.58555 -0.06493 0.47209 0.54742 -0.075948 0.48562 -0.073914 0.071585 -0.43439 0.067014 0.093927 -0.43155 -0.091491 0.16288 -0.75508 0.069779 0.18831 -0.75182 -0.091813 0.10192 -0.82611 0.11724 0.18923 -0.83249 -0.0089787 -0.066975 0.58888
