-0.13052 -0.0031044 0.32261 0.14681 -0.0070547 0.32339 0.0078088 -0.016436 0.40888 0.00087502 -0.0037755 0.068487 -0.053311 0.00013438 -0.052469 0.05114 0.00013438 -0.054587 -0.27695 -0.057612 0.10758 0.22676 -0.052112 0.073935 -0.35288 -0.28211 0.10515 0.32928 -0.26541 0.06117 -0.38704 -0.35187 0.13354 0.36858 -0.33778 0.068706 -0.07842 0.088274 -0.43134 0.071943 0.088822 -0.43359 -0.050121 0.20192 -0.74403 0.073332 0.15487 -0.76089 -0.043004 0.14069 -0.81447 0.071306 0.082364 -0.82004 0.024914 -0.05989 0.60054
-0.13068 -0.0031449 0.32256 0.14661 -0.006985 0.32349 0.007583 -0.016985 0.40886 0.00086737 -0.0038958 0.068481 -0.053294 0.00022089 -0.052485 0.051132 0.00022089 -0.054594 -0.2801 -0.057451 0.10955 0.22928 -0.053639 0.075219 -0.35824 -0.2812 0.10733 0.33272 -0.26644 0.061631 -0.39404 -0.34984 0.13639 0.3727 -0.33846 0.069151 -0.07796 0.088377 -0.43138 0.071848 0.088977 -0.43359 -0.041506 0.20275 -0.74296 0.073318 0.15487 -0.76092 -0.032797 0.14137 -0.81309 0.071411 0.082301 -0.82001 0.024467 -0.061732 0.60024
-0.13086 -0.0032584 0.32254 0.14642 -0.0069842 0.32361 0.0073507 -0.017571 0.40884 0.00086385 -0.0040286 0.068473 -0.053285 0.00028861 -0.052495 0.051132 0.00028861 -0.054594 -0.28212 -0.059664 0.11139 0.23077 -0.055221 0.076215 -0.36046 -0.2833 0.10962 0.32994 -0.26988 0.060756 -0.39645 -0.35195 0.13857 0.36569 -0.3442 0.066697 -0.07749 0.088324 -0.43145 0.071775 0.08912 -0.43358 -0.037101 0.20233 -0.74267 0.073319 0.15487 -0.76093 -0.027808 0.1405 -0.81233 0.071529 0.082253 -0.81996 0.024061 -0.063235 0.60002
-0.13104 -0.0033877 0.32253 0.14625 -0.0070228 0.32372 0.0071342 -0.018105 0.40882 0.00086031 -0.0041598 0.068465 -0.053281 0.00034138 -0.052498 0.051134 0.00034138 -0.054591 -0.28299 -0.065477 0.11335 0.23167 -0.056568 0.076922 -0.35093 -0.29262 0.10868 0.30476 -0.28149 0.05909 -0.37473 -0.36589 0.13851 0.34441 -0.35407 0.062799 -0.077088 0.088577 -0.43143 0.071719 0.089248 -0.43356 -0.032713 0.20246 -0.74218 0.073331 0.15488 -0.76094 -0.0225 0.14046 -0.81156 0.071647 0.082213 -0.81991 0.023691 -0.064429 0.59985
-0.13126 -0.0034908 0.32254 0.14605 -0.007099 0.32382 0.0068966 -0.018545 0.4088 0.00084904 -0.004297 0.068457 -0.053289 0.00038206 -0.05249 0.051146 0.00038206 -0.05458 -0.26301 -0.051493 0.096895 0.22649 -0.06306 0.076853 -0.29182 -0.28627 0.089244 0.24771 -0.29775 0.055606 -0.30993 -0.36601 0.10345 0.27548 -0.37542 0.053676 -0.07677 0.088815 -0.4314 0.071712 0.089386 -0.43353 -0.048261 0.20189 -0.74423 0.073393 0.15491 -0.76093 -0.041781 0.14019 -0.81431 0.071787 0.082201 -0.81985 0.023213 -0.065457 0.59971
-0.1314 -0.0035728 0.32245 0.14584 -0.0071843 0.32383 0.0066899 -0.018889 0.40879 0.00083419 -0.0044181 0.068449 -0.053298 0.00041232 -0.052481 0.05116 0.00041232 -0.054566 -0.25093 -0.086865 0.099967 0.21056 -0.065584 0.072346 -0.24304 -0.32404 0.084991 0.19301 -0.30198 0.053311 -0.23269 -0.40516 0.079796 0.22345 -0.37919 0.048467 -0.076505 0.089021 -0.43137 0.071727 0.089494 -0.43349 -0.050668 0.20271 -0.74427 0.073476 0.15494 -0.76091 -0.044613 0.14174 -0.81504 0.071927 0.082192 -0.81978 0.022789 -0.066214 0.59962
-0.13202 -0.0036756 0.32279 0.14563 -0.0073029 0.32428 0.0062369 -0.019278 0.40877 0.0007938 -0.0046246 0.068436 -0.053337 0.00044123 -0.052441 0.051194 0.00044123 -0.054535 -0.21384 -0.13273 0.10569 0.17339 -0.10535 0.079424 -0.15354 -0.3494 0.03452 0.090702 -0.32185 0.035247 -0.14151 -0.42423 -0.0083924 0.079279 -0.40079 0.015114 -0.076005 0.089513 -0.43125 0.07184 0.089734 -0.43341 -0.042523 0.19712 -0.74554 0.073731 0.15507 -0.76085 -0.03609 0.13316 -0.81356 0.072267 0.082248 -0.81964 0.021963 -0.067006 0.59953
-0.13142 -0.0038315 0.32166 0.1449 -0.0072414 0.32303 0.0062044 -0.019323 0.40877 0.00077004 -0.0047252 0.06843 -0.053365 0.00043433 -0.052412 0.051196 0.00043433 -0.054533 -0.1998 -0.14276 0.10539 0.15986 -0.12515 0.08485 -0.10206 -0.33681 0.009116 0.0568 -0.33119 0.026614 -0.041198 -0.3757 0.028449 -0.0028375 -0.38517 0.0084918 -0.075735 0.08981 -0.43117 0.071877 0.089944 -0.43335 -0.043531 0.1925 -0.74725 0.073811 0.15522 -0.7608 -0.03812 0.1264 -0.81331 0.072425 0.082366 -0.81955 0.021735 -0.067605 0.59941
-0.13952 -0.0039141 0.33309 0.14989 -0.0074724 0.33518 0.004549 -0.019609 0.40878 0.00075204 -0.0047156 0.06843 -0.053381 0.00026069 -0.052397 0.051192 0.00026069 -0.054537 -0.1979 -0.14382 0.11486 0.14556 -0.14234 0.10651 -0.068693 -0.31839 0.020819 0.023308 -0.33252 0.03674 -0.011202 -0.37297 0.047482 -0.040092 -0.38511 0.04169 -0.075791 0.090028 -0.43106 0.072087 0.090191 -0.43325 -0.046514 0.18933 -0.7485 0.07399 0.15545 -0.7607 -0.041685 0.12257 -0.81393 0.07271 0.082558 -0.81941 0.020222 -0.064498 0.60023
-0.14607 -0.0040726 0.34374 0.15379 -0.0076168 0.34616 0.0032444 -0.019646 0.40879 0.00073584 -0.0046076 0.068438 -0.053392 1.9441e-06 -0.052387 0.051184 1.9441e-06 -0.054546 -0.19471 -0.14445 0.1233 0.13796 -0.15184 0.12328 -0.052978 -0.30998 0.029749 0.0028293 -0.33123 0.047033 -0.0010761 -0.3696 0.053427 -0.052025 -0.39123 0.063171 -0.076068 0.090263 -0.43091 0.072418 0.090504 -0.4331 -0.048703 0.18666 -0.74942 0.074257 0.15575 -0.76056 -0.044098 0.11929 -0.81424 0.073114 0.082824 -0.81922 0.018863 -0.061894 0.60085
-0.14598 -0.0041932 0.34181 0.15231 -0.0074406 0.34461 0.0024684 -0.019103 0.40882 0.00071757 -0.0044911 0.068446 -0.053387 -0.00025298 -0.052391 0.05115 -0.00025298 -0.054578 -0.1889 -0.14421 0.12001 0.13351 -0.15418 0.1239 -0.048117 -0.31215 0.029967 -0.00089495 -0.33036 0.040096 0.0035748 -0.37116 0.055468 -0.057243 -0.38747 0.059571 -0.076421 0.090424 -0.4308 0.072725 0.090868 -0.43296 -0.050789 0.18592 -0.74972 0.074455 0.15611 -0.76042 -0.046171 0.11901 -0.81501 0.073483 0.083148 -0.81905 0.018677 -0.061699 0.60075
-0.14728 -0.0043295 0.34395 0.15297 -0.0071767 0.34676 0.0021937 -0.018379 0.40886 0.00071886 -0.0043228 0.068457 -0.053358 -0.00049098 -0.052419 0.051091 -0.00049098 -0.05463 -0.18597 -0.14422 0.12123 0.13101 -0.15793 0.12865 -0.048282 -0.31615 0.03355 0.0048227 -0.33419 0.032379 0.004647 -0.37666 0.056729 -0.055109 -0.38743 0.053831 -0.076758 0.090534 -0.43072 0.073051 0.09125 -0.43284 -0.052209 0.18549 -0.74989 0.074648 0.15649 -0.7603 -0.047541 0.11876 -0.81537 0.073865 0.0835 -0.8189 0.018352 -0.060555 0.60089
-0.14658 -0.0043992 0.34154 0.15171 -0.0068203 0.34461 0.0018498 -0.017886 0.40888 0.00072129 -0.0041591 0.068467 -0.053308 -0.00068483 -0.052467 0.051 -0.00068483 -0.054713 -0.18415 -0.14177 0.11724 0.13789 -0.14355 0.11785 -0.064241 -0.32986 0.0371 0.032776 -0.33471 0.026316 -0.032171 -0.40417 0.043033 -0.018444 -0.39477 0.048585 -0.077044 0.090649 -0.43067 0.073348 0.091651 -0.43276 -0.053402 0.18504 -0.75008 0.07481 0.1569 -0.76022 -0.048736 0.1183 -0.81554 0.074213 0.08388 -0.81878 0.018442 -0.060296 0.60082
-0.14435 -0.0043452 0.33592 0.149 -0.0064072 0.33941 0.0014616 -0.017433 0.40891 0.0007089 -0.0040295 0.068475 -0.053253 -0.00082205 -0.052521 0.050908 -0.00082205 -0.054798 -0.18265 -0.14126 0.11087 0.14496 -0.14224 0.10899 -0.10308 -0.34415 0.018137 0.06485 -0.34633 0.016908 -0.070694 -0.42042 0.014433 0.017491 -0.40965 0.046819 -0.077258 0.090803 -0.43064 0.073539 0.092038 -0.4327 -0.054341 0.18503 -0.75015 0.0749 0.15729 -0.76016 -0.049642 0.1185 -0.81581 0.07445 0.084251 -0.81869 0.018819 -0.060723 0.60058
-0.14268 -0.0041053 0.33245 0.14723 -0.006085 0.33605 0.0013313 -0.016962 0.40893 0.00067542 -0.0039327 0.068481 -0.053211 -0.00089071 -0.052563 0.050832 -0.00089071 -0.054867 -0.19549 -0.11373 0.097013 0.15155 -0.0792 0.083824 -0.16275 -0.32797 0.0015054 0.10891 -0.30225 0.020864 -0.13172 -0.4035 -0.010168 0.091487 -0.37899 0.029164 -0.07733 0.091078 -0.43059 0.07369 0.092341 -0.43266 -0.054952 0.18534 -0.75012 0.075039 0.15761 -0.76012 -0.05024 0.11905 -0.81604 0.074634 0.084546 -0.81862 0.019048 -0.060903 0.60042
-0.14127 -0.00375 0.32976 0.14581 -0.0058722 0.33335 0.0012821 -0.016548 0.40894 0.00062926 -0.0038724 0.068485 -0.053177 -0.00091382 -0.052597 0.050773 -0.00091382 -0.054921 -0.20859 -0.088312 0.085981 0.16153 -0.02426 0.067027 -0.20529 -0.30895 -0.0011576 0.15332 -0.25944 0.032132 -0.19583 -0.38928 -0.017903 0.16556 -0.34187 0.018483 -0.07729 0.09142 -0.43053 0.073846 0.092562 -0.43264 -0.055241 0.18587 -0.75004 0.075244 0.15784 -0.7601 -0.050569 0.11979 -0.81616 0.074812 0.084761 -0.81858 0.019189 -0.061064 0.60029
-0.14021 -0.003449 0.32796 0.14482 -0.0056868 0.33142 0.001317 -0.016288 0.40895 0.00058465 -0.0038514 0.068486 -0.053153 -0.00090629 -0.052621 0.050733 -0.00090629 -0.054958 -0.22873 -0.050074 0.082819 0.1753 -0.015874 0.068078 -0.25152 -0.27225 0.0040418 0.20452 -0.24801 0.033757 -0.25598 -0.35426 -0.0094684 0.22831 -0.32536 0.018545 -0.077211 0.091707 -0.43049 0.073949 0.092748 -0.43263 -0.055193 0.18647 -0.74991 0.075393 0.15805 -0.76008 -0.050444 0.12063 -0.81627 0.074943 0.084948 -0.81854 0.019277 -0.061202 0.6002
-0.13936 -0.0032009 0.32667 0.1441 -0.0055067 0.32996 0.0014077 -0.016173 0.40896 0.00054653 -0.0038661 0.068486 -0.053142 -0.00088091 -0.052632 0.050702 -0.00088091 -0.054987 -0.24975 -0.013012 0.084473 0.19292 -0.012901 0.06863 -0.29481 -0.23815 0.025667 0.25874 -0.23772 0.031336 -0.31805 -0.31278 0.0011926 0.29923 -0.3073 0.013135 -0.077082 0.091943 -0.43046 0.073999 0.092907 -0.43262 -0.055067 0.18693 -0.74981 0.075482 0.15822 -0.76006 -0.050239 0.12127 -0.81634 0.075025 0.08511 -0.81851 0.019335 -0.061418 0.60013
-0.13875 -0.0029585 0.32578 0.14359 -0.0053329 0.32892 0.0014817 -0.016096 0.40896 0.00051541 -0.0038976 0.068484 -0.05314 -0.0008514 -0.052636 0.050672 -0.0008514 -0.055015 -0.25726 -0.00035363 0.088057 0.21282 -0.021166 0.072837 -0.31739 -0.22555 0.044733 0.30225 -0.23661 0.030737 -0.36223 -0.29093 0.020829 0.35554 -0.29723 0.011845 -0.076893 0.092164 -0.43043 0.074032 0.093028 -0.43262 -0.055028 0.18741 -0.74971 0.07556 0.15836 -0.76006 -0.050186 0.12189 -0.81638 0.075084 0.085237 -0.81849 0.01934 -0.061659 0.60006
-0.13828 -0.0026758 0.32514 0.14321 -0.005145 0.32818 0.0015358 -0.016145 0.40896 0.00048459 -0.0039431 0.068482 -0.053137 -0.00078923 -0.052639 0.050654 -0.00078923 -0.055032 -0.26498 0.0073686 0.091662 0.23223 -0.029846 0.078965 -0.34823 -0.21114 0.053659 0.3473 -0.23168 0.032896 -0.40292 -0.27284 0.04605 0.40851 -0.28486 0.0174 -0.07658 0.092409 -0.43041 0.07408 0.093094 -0.43263 -0.054768 0.18802 -0.74958 0.07561 0.15844 -0.76007 -0.049926 0.12266 -0.81641 0.075073 0.085316 -0.81849 0.019262 -0.062492 0.59988
-0.13789 -0.0023668 0.32465 0.14297 -0.0048967 0.32774 0.0015814 -0.016348 0.40895 0.00045529 -0.0039997 0.068479 -0.053131 -0.00069658 -0.052646 0.050657 -0.00069658 -0.055031 -0.27423 0.0088178 0.09675 0.24511 -0.03416 0.084073 -0.38076 -0.20044 0.064299 0.38115 -0.22237 0.036218 -0.43858 -0.25953 0.063928 0.44471 -0.27346 0.022353 -0.076181 0.092672 -0.4304 0.074143 0.093112 -0.43264 -0.054241 0.18869 -0.74944 0.075636 0.15848 -0.76008 -0.049406 0.12347 -0.81639 0.075007 0.085353 -0.8185 0.019205 -0.063846 0.5996
-0.13754 -0.0020707 0.3243 0.14288 -0.0046223 0.32753 0.0016596 -0.016761 0.40893 0.00042802 -0.0040621 0.068475 -0.053134 -0.00058081 -0.052645 0.050674 -0.00058081 -0.055017 -0.28067 0.0080503 0.10056 0.25324 -0.036909 0.087911 -0.40067 -0.19445 0.073065 0.39944 -0.21706 0.039769 -0.46021 -0.25169 0.077619 0.46197 -0.26984 0.02798 -0.075711 0.092939 -0.43039 0.07417 0.09309 -0.43266 -0.053591 0.18934 -0.7493 0.07566 0.1585 -0.76009 -0.048766 0.12422 -0.81636 0.074929 0.085366 -0.8185 0.019223 -0.065297 0.59933
-0.13724 -0.0017871 0.32408 0.14286 -0.0044132 0.32743 0.0017503 -0.017353 0.40891 0.00040089 -0.0041286 0.068471 -0.053141 -0.00044159 -0.05264 0.0507 -0.00044159 -0.054994 -0.28572 0.0059269 0.10376 0.26031 -0.039863 0.091628 -0.41385 -0.19198 0.079225 0.41196 -0.21573 0.044122 -0.47359 -0.2484 0.088111 0.47631 -0.26683 0.034615 -0.075155 0.093202 -0.43038 0.074165 0.093038 -0.43269 -0.05283 0.18983 -0.74921 0.075671 0.15849 -0.76011 -0.048055 0.12475 -0.81631 0.074825 0.085357 -0.81852 0.019231 -0.066834 0.59907
-0.13701 -0.0015333 0.32395 0.14287 -0.0042415 0.32743 0.0018172 -0.017912 0.40888 0.00037621 -0.0041941 0.068468 -0.053145 -0.00030424 -0.052636 0.050732 -0.00030424 -0.054966 -0.28931 0.0020045 0.10615 0.2636 -0.041842 0.093644 -0.41809 -0.19567 0.085086 0.41508 -0.21779 0.046395 -0.47754 -0.25225 0.096442 0.47823 -0.27058 0.038303 -0.074624 0.093432 -0.43039 0.074151 0.092984 -0.43271 -0.052102 0.19028 -0.74914 0.075666 0.15848 -0.76012 -0.047366 0.12522 -0.81627 0.074723 0.085345 -0.81854 0.019214 -0.068183 0.59884
-0.13683 -0.0013053 0.32388 0.14291 -0.0040776 0.3275 0.0018774 -0.018441 0.40886 0.00035358 -0.0042573 0.068464 -0.053151 -0.00017215 -0.052631 0.050765 -0.00017215 -0.054936 -0.29143 -0.0027245 0.10766 0.2661 -0.043016 0.095194 -0.41459 -0.20489 0.089457 0.41034 -0.22539 0.048038 -0.46792 -0.26668 0.10068 0.46971 -0.2825 0.040885 -0.074114 0.093626 -0.4304 0.074126 0.09293 -0.43273 -0.051418 0.19064 -0.74909 0.075656 0.15846 -0.76014 -0.046716 0.12559 -0.81622 0.074631 0.085329 -0.81855 0.019167 -0.069414 0.59864
-0.13669 -0.001093 0.32384 0.14296 -0.0039459 0.3276 0.0019193 -0.018899 0.40884 0.00033265 -0.0043156 0.06846 -0.053152 -4.468e-05 -0.05263 0.050803 -4.468e-05 -0.054901 -0.29267 -0.0091208 0.10877 0.26461 -0.044785 0.094897 -0.39096 -0.22323 0.092172 0.37911 -0.24648 0.048513 -0.43601 -0.29117 0.10687 0.42958 -0.31128 0.039754 -0.073613 0.093794 -0.43041 0.074085 0.09288 -0.43275 -0.050746 0.19098 -0.74904 0.075625 0.15844 -0.76014 -0.04606 0.12593 -0.81617 0.074532 0.085313 -0.81856 0.019109 -0.070407 0.59849
-0.1366 -0.00088117 0.32382 0.143 -0.0038326 0.3277 0.0019369 -0.019257 0.40882 0.00030933 -0.0043661 0.068457 -0.053148 8.1029e-05 -0.052634 0.05085 8.1029e-05 -0.054857 -0.28277 -0.0094565 0.10188 0.25501 -0.047385 0.09042 -0.34003 -0.23984 0.089782 0.32509 -0.27004 0.047303 -0.37976 -0.30792 0.11453 0.36735 -0.3409 0.037802 -0.073144 0.093959 -0.43043 0.074019 0.092828 -0.43275 -0.050045 0.1913 -0.74899 0.075576 0.15842 -0.76014 -0.045338 0.12623 -0.8161 0.074424 0.085295 -0.81856 0.019016 -0.071211 0.59836
-0.13654 -0.0006715 0.32381 0.14301 -0.0037195 0.32779 0.0019304 -0.019498 0.40881 0.00027948 -0.0044102 0.068454 -0.053149 0.00019776 -0.052632 0.050901 0.00019776 -0.054809 -0.25791 -0.023853 0.08912 0.23077 -0.049409 0.081456 -0.28672 -0.25841 0.080595 0.26381 -0.28034 0.040504 -0.2996 -0.33654 0.10414 0.28669 -0.35885 0.031062 -0.072719 0.0941 -0.43045 0.073952 0.092774 -0.43275 -0.049501 0.19166 -0.74893 0.07553 0.1584 -0.76014 -0.044795 0.12662 -0.81608 0.074331 0.08527 -0.81855 0.018917 -0.071772 0.59827
-0.13654 -0.00042959 0.32378 0.14295 -0.0036415 0.32782 0.001875 -0.019617 0.40881 0.00023138 -0.0044458 0.068452 -0.053163 0.0003107 -0.052617 0.050964 0.0003107 -0.05475 -0.24182 -0.075147 0.090889 0.19401 -0.048609 0.070557 -0.22079 -0.31028 0.067089 0.18078 -0.28251 0.035148 -0.21112 -0.39239 0.063118 0.20458 -0.36162 0.039991 -0.072328 0.094235 -0.43045 0.073884 0.092703 -0.43275 -0.048757 0.19167 -0.74894 0.075506 0.15835 -0.76013 -0.043984 0.12645 -0.8159 0.074253 0.085225 -0.81854 0.018753 -0.072098 0.59821
-0.13655 -0.00020424 0.32375 0.14289 -0.003518 0.32783 0.0018131 -0.019573 0.40881 0.00017394 -0.0044755 0.068451 -0.053184 0.00039992 -0.052596 0.051022 0.00039992 -0.054696 -0.22745 -0.097152 0.093781 0.17147 -0.055258 0.068944 -0.1638 -0.31816 0.036922 0.12276 -0.28423 0.031159 -0.1387 -0.3917 0.010679 0.159 -0.33607 0.07276 -0.072014 0.094341 -0.43044 0.073825 0.092643 -0.43274 -0.047654 0.19096 -0.74913 0.07548 0.15831 -0.76011 -0.042657 0.1251 -0.81545 0.074197 0.085188 -0.81853 0.018652 -0.072253 0.59816
-0.13659 4.6741e-05 0.32367 0.14281 -0.0032641 0.32779 0.0017442 -0.019121 0.40883 0.0001171 -0.004496 0.068449 -0.053196 0.0004394 -0.052584 0.051074 0.0004394 -0.054647 -0.20947 -0.11609 0.095887 0.14073 -0.089744 0.076354 -0.09061 -0.30674 0.020878 0.059351 -0.30362 0.017032 -0.042127 -0.37186 0.0018212 0.0047838 -0.33607 0.076035 -0.071834 0.094406 -0.43043 0.073806 0.092586 -0.43272 -0.047474 0.19099 -0.74913 0.075491 0.15827 -0.76009 -0.042436 0.12521 -0.81552 0.0742 0.085152 -0.81851 0.018798 -0.071803 0.59816
-0.1366 0.00038899 0.32356 0.14273 -0.0029725 0.3277 0.0016926 -0.018428 0.40886 9.1707e-05 -0.0045069 0.068449 -0.053171 0.00039542 -0.052609 0.051132 0.00039542 -0.054593 -0.19449 -0.12481 0.096368 0.12146 -0.11237 0.086451 -0.040595 -0.2844 0.012178 -0.0060025 -0.30753 0.043312 0.0083832 -0.34892 0.00061441 -0.063536 -0.36279 0.063927 -0.07186 0.094465 -0.43043 0.073967 0.092456 -0.43268 -0.047398 0.19102 -0.74912 0.075723 0.15816 -0.76004 -0.042312 0.12534 -0.81562 0.074405 0.085039 -0.81846 0.018971 -0.070928 0.59822
-0.13663 0.00075683 0.32342 0.14263 -0.0026427 0.32761 0.0016115 -0.017646 0.40889 6.0897e-05 -0.0044996 0.068449 -0.053146 0.00030763 -0.052635 0.051208 0.00030763 -0.054522 -0.18482 -0.12847 0.096203 0.11447 -0.12249 0.091781 -0.028891 -0.28432 0.0093821 -0.008848 -0.31406 0.022794 0.026406 -0.34328 0.027301 -0.062017 -0.37182 0.049172 -0.072018 0.094513 -0.43041 0.074251 0.092286 -0.43261 -0.047547 0.1912 -0.74907 0.076082 0.158 -0.75998 -0.042438 0.12571 -0.81575 0.074735 0.084885 -0.8184 0.019195 -0.069765 0.59833
-0.13666 0.0010948 0.32329 0.14253 -0.002293 0.3275 0.0015467 -0.016831 0.40892 3.5678e-05 -0.004477 0.068451 -0.053122 0.00021145 -0.05266 0.05127 0.00021145 -0.054464 -0.17826 -0.12993 0.095785 0.1148 -0.12157 0.09244 -0.028175 -0.29108 0.0079249 0.016784 -0.32121 0.018053 0.0023523 -0.36796 0.014587 -0.042392 -0.37329 0.041788 -0.072179 0.094548 -0.43039 0.074534 0.092129 -0.43256 -0.04765 0.19146 -0.74898 0.076431 0.15786 -0.75992 -0.042517 0.12616 -0.81584 0.075069 0.084744 -0.81834 0.019355 -0.06839 0.5985
-0.1367 0.0014361 0.32316 0.14243 -0.0019539 0.3274 0.0014736 -0.016011 0.40895 1.5929e-05 -0.0044344 0.068453 -0.053101 0.00011743 -0.052682 0.051302 0.00011743 -0.054435 -0.17776 -0.12668 0.093941 0.13081 -0.044363 0.064734 -0.076731 -0.32212 0.0066571 0.14499 -0.28097 0.038905 -0.055483 -0.40196 0.0072744 0.10272 -0.35193 0.033586 -0.072294 0.094587 -0.43037 0.074748 0.091995 -0.43253 -0.047736 0.19179 -0.74887 0.076718 0.15775 -0.75988 -0.042599 0.12671 -0.81594 0.075337 0.084634 -0.8183 0.019401 -0.067076 0.59865
-0.13675 0.0018193 0.32308 0.14235 -0.0016132 0.32735 0.0013998 -0.015288 0.40897 -1.6612e-06 -0.0043794 0.068457 -0.053078 4.559e-05 -0.052705 0.051323 4.559e-05 -0.054414 -0.20277 -0.10398 0.088352 0.1476 -0.027649 0.062991 -0.17395 -0.31795 -0.010039 0.15877 -0.26228 0.033613 -0.16109 -0.39959 -0.0068141 0.14542 -0.34396 0.036882 -0.072293 0.09466 -0.43036 0.074911 0.09187 -0.43251 -0.047694 0.19215 -0.74876 0.076965 0.15765 -0.75986 -0.042581 0.12726 -0.81603 0.075551 0.084529 -0.81827 0.0194 -0.065897 0.59879
-0.13679 0.0021387 0.32303 0.14228 -0.0012865 0.3273 0.0013452 -0.01465 0.409 -1.1095e-05 -0.0043219 0.068461 -0.053056 -1.0053e-06 -0.052726 0.051337 -1.0053e-06 -0.054402 -0.24352 -0.075755 0.092431 0.15922 -0.015102 0.062387 -0.23731 -0.29732 0.0088206 0.20424 -0.24646 0.037155 -0.2394 -0.37933 0.019209 0.20283 -0.32885 0.030959 -0.072263 0.094711 -0.43036 0.075019 0.091779 -0.4325 -0.047645 0.19241 -0.74869 0.077132 0.15758 -0.75985 -0.042548 0.12767 -0.8161 0.075702 0.084447 -0.81825 0.019402 -0.064921 0.5989
-0.13683 0.0024107 0.32302 0.14224 -0.00097906 0.32725 0.0013246 -0.014183 0.40901 -9.9753e-06 -0.0042671 0.068464 -0.053048 -2.6005e-05 -0.052734 0.051348 -2.6005e-05 -0.054391 -0.23697 -0.01203 0.077286 0.17505 -0.012019 0.063716 -0.28757 -0.24073 0.041769 0.24309 -0.23746 0.036824 -0.30441 -0.32139 0.048698 0.27589 -0.31245 0.025435 -0.072214 0.09473 -0.43036 0.075081 0.09172 -0.4325 -0.04762 0.1926 -0.74864 0.077226 0.15753 -0.75984 -0.042536 0.12795 -0.81614 0.075805 0.084393 -0.81823 0.019275 -0.064181 0.59899
-0.13686 0.0026488 0.32305 0.14221 -0.0007182 0.32723 0.0013121 -0.013851 0.40902 -7.7196e-06 -0.0042179 0.068467 -0.053042 -4.4294e-05 -0.052741 0.051355 -4.4294e-05 -0.054385 -0.2286 0.019681 0.074088 0.18636 -0.012497 0.065377 -0.29977 -0.20545 0.052376 0.26123 -0.23553 0.036784 -0.31262 -0.28635 0.064067 0.29439 -0.30983 0.021714 -0.072152 0.094739 -0.43036 0.075123 0.091672 -0.43249 -0.047627 0.19274 -0.74861 0.077292 0.1575 -0.75983 -0.042567 0.12815 -0.81616 0.075887 0.084351 -0.81822 0.019129 -0.06362 0.59908
-0.13693 0.0030931 0.32316 0.14217 -0.00022773 0.3272 0.0012976 -0.013419 0.40904 -4.192e-06 -0.0041364 0.068472 -0.053037 -5.48e-05 -0.052746 0.051365 -5.48e-05 -0.054375 -0.22087 0.041327 0.073929 0.19914 -0.017868 0.068187 -0.29081 -0.18264 0.040613 0.27336 -0.24028 0.033722 -0.30737 -0.25939 0.066469 0.30367 -0.31571 0.018519 -0.071979 0.094733 -0.43037 0.075153 0.091613 -0.4325 -0.047625 0.19296 -0.74857 0.077338 0.15747 -0.75983 -0.042602 0.12843 -0.81619 0.07599 0.084305 -0.81819 0.018827 -0.062822 0.59921
-0.13699 0.0033761 0.32327 0.14215 1.2946e-05 0.3272 0.0012926 -0.01326 0.40904 -1.9578e-06 -0.0041011 0.068474 -0.053037 -5.0405e-05 -0.052745 0.051369 -5.0405e-05 -0.054371 -0.2182 0.048782 0.074209 0.20256 -0.020812 0.069186 -0.26893 -0.18186 0.055409 0.25691 -0.24839 0.031239 -0.28264 -0.26307 0.065946 0.29206 -0.32189 0.017296 -0.071879 0.094719 -0.43038 0.075148 0.091596 -0.4325 -0.047587 0.19309 -0.74853 0.077327 0.15747 -0.75983 -0.042575 0.12861 -0.81619 0.076015 0.084296 -0.81818 0.018635 -0.062515 0.59928
-0.13705 0.0036907 0.3234 0.14214 0.00021297 0.32721 0.0012879 -0.013154 0.40905 -6.3515e-07 -0.0040768 0.068476 -0.05304 -4.3875e-05 -0.052743 0.051372 -4.3875e-05 -0.054368 -0.21335 0.018986 0.069333 0.20391 -0.021736 0.069619 -0.23624 -0.216 0.046552 0.21076 -0.2554 0.030559 -0.22073 -0.28983 0.079641 0.23288 -0.33456 0.020034 -0.071783 0.094704 -0.43039 0.075136 0.091581 -0.4325 -0.047549 0.19318 -0.74852 0.077306 0.15747 -0.75983 -0.042555 0.12871 -0.81619 0.076024 0.084287 -0.81817 0.018425 -0.062299 0.59933
-0.13712 0.004047 0.32356 0.14214 0.00044493 0.32724 0.0012789 -0.013059 0.40905 1.6927e-07 -0.0040555 0.068477 -0.053041 -3.6868e-05 -0.052741 0.051376 -3.6868e-05 -0.054365 -0.21104 -0.013423 0.068842 0.20463 -0.02262 0.069919 -0.19314 -0.24506 0.023898 0.15442 -0.2501 0.026993 -0.16407 -0.32153 0.022781 0.14877 -0.33125 0.014897 -0.071684 0.094688 -0.4304 0.075116 0.091559 -0.43251 -0.047483 0.19328 -0.74849 0.077279 0.15747 -0.75983 -0.0425 0.12884 -0.8162 0.07603 0.084278 -0.81816 0.018196 -0.062104 0.59937
-0.13718 0.0044004 0.32371 0.14214 0.00067733 0.32728 0.0012699 -0.012979 0.40905 1.0866e-06 -0.0040363 0.068478 -0.053043 -2.9485e-05 -0.05274 0.051378 -2.9485e-05 -0.054363 -0.20921 -0.028739 0.069965 0.20407 -0.02498 0.070083 -0.16266 -0.25412 0.010959 0.10908 -0.23649 0.020033 -0.12769 -0.32404 -0.018131 0.086864 -0.31428 -0.0025884 -0.071592 0.094671 -0.43041 0.075092 0.091537 -0.43251 -0.047412 0.19334 -0.74848 0.077248 0.15747 -0.75983 -0.042439 0.12892 -0.8162 0.07603 0.084273 -0.81816 0.017933 -0.061914 0.59943
-0.13726 0.0047648 0.32387 0.14215 0.00094709 0.32737 0.0012525 -0.012904 0.40906 -9.422e-07 -0.0040149 0.068479 -0.053041 -3.2186e-05 -0.052742 0.051387 -3.2186e-05 -0.054354 -0.20144 -0.044234 0.07068 0.19929 -0.030186 0.069631 -0.10051 -0.24812 0.0068326 0.071332 -0.21645 -0.00097162 -0.048188 -0.30554 -0.02001 0.01669 -0.27542 0.0053262 -0.07155 0.094643 -0.43042 0.075082 0.091507 -0.43251 -0.047394 0.19339 -0.74847 0.077233 0.15747 -0.75983 -0.042437 0.12898 -0.8162 0.076045 0.084268 -0.81815 0.017587 -0.061576 0.59953
-0.13733 0.0051048 0.32401 0.14217 0.0012471 0.32748 0.0012363 -0.012831 0.40906 -6.0556e-06 -0.0039853 0.068481 -0.05303 -4.0573e-05 -0.052753 0.051398 -4.0573e-05 -0.054344 -0.19585 -0.053376 0.071388 0.18642 -0.03863 0.068478 -0.060706 -0.23731 0.0062692 0.045648 -0.21216 -0.010923 -0.0075782 -0.29517 -0.02125 -0.016181 -0.26382 0.011351 -0.071527 0.094607 -0.43044 0.075086 0.091475 -0.43251 -0.047418 0.19342 -0.74847 0.077227 0.15747 -0.75981 -0.042474 0.12903 -0.81622 0.076077 0.084266 -0.81814 0.017181 -0.061119 0.59966
-0.1374 0.0054392 0.32414 0.1422 0.0015392 0.32762 0.0012097 -0.01276 0.40906 -1.6964e-05 -0.003945 0.068483 -0.052997 -4.7933e-05 -0.052786 0.051404 -4.7933e-05 -0.054338 -0.19284 -0.057691 0.071976 0.17754 -0.043123 0.067974 -0.043531 -0.23056 0.0089257 0.03394 -0.21232 -0.015134 0.020101 -0.28133 0.0002214 -0.023161 -0.26496 0.012846 -0.071499 0.094568 -0.43048 0.07514 0.091415 -0.43251 -0.047384 0.19354 -0.74846 0.077275 0.15744 -0.75981 -0.042452 0.1292 -0.81625 0.076158 0.084236 -0.81813 0.016749 -0.060592 0.59981
-0.13747 0.0057475 0.32425 0.14222 0.0018372 0.32777 0.001173 -0.012695 0.40907 -3.0593e-05 -0.003905 0.068486 -0.05296 -5.3702e-05 -0.052823 0.051404 -5.3702e-05 -0.054339 -0.19094 -0.059971 0.072335 0.17471 -0.044046 0.067991 -0.043809 -0.23091 0.00022287 0.032944 -0.21179 -0.020896 0.021407 -0.28208 0.0058066 -0.020517 -0.27155 -0.0013546 -0.071474 0.09453 -0.43052 0.075231 0.091349 -0.43252 -0.047339 0.19368 -0.74845 0.077359 0.1574 -0.75982 -0.04242 0.12938 -0.81629 0.076269 0.084194 -0.81813 0.016314 -0.060014 0.59997
-0.13754 0.0060255 0.32434 0.14223 0.0021455 0.32789 0.0011271 -0.012624 0.40907 -4.4742e-05 -0.0038672 0.068488 -0.052926 -6.0058e-05 -0.052857 0.051397 -6.0058e-05 -0.054345 -0.18815 -0.061988 0.072322 0.17117 -0.046746 0.068189 -0.044508 -0.24095 0.0099525 0.046953 -0.2262 -0.025121 0.027984 -0.28148 0.012178 -0.0044583 -0.28915 -0.009766 -0.071456 0.094494 -0.43056 0.075322 0.091295 -0.43253 -0.0473 0.19379 -0.74844 0.07744 0.15737 -0.75982 -0.042388 0.12953 -0.81631 0.076377 0.084156 -0.81813 0.015899 -0.059423 0.60013
-0.13763 0.0063106 0.32441 0.14219 0.0024318 0.32801 0.0010441 -0.01254 0.40907 -6.3029e-05 -0.003829 0.06849 -0.0529 -6.2958e-05 -0.052883 0.051387 -6.2958e-05 -0.054355 -0.19774 -0.045424 0.070904 0.18082 -0.035481 0.067873 -0.10556 -0.24817 -0.0053493 0.095979 -0.24274 -0.0076024 -0.048917 -0.30568 -0.001997 0.063261 -0.32028 -0.0039479 -0.071429 0.09447 -0.43059 0.075381 0.091248 -0.43255 -0.04726 0.1939 -0.74843 0.077497 0.15733 -0.75984 -0.042363 0.12967 -0.81633 0.076448 0.084115 -0.81814 0.015512 -0.058846 0.60028
-0.13776 0.0066059 0.32446 0.14213 0.0028117 0.3282 0.00091881 -0.012451 0.40908 -8.508e-05 -0.003793 0.068492 -0.05288 -5.7622e-05 -0.052903 0.051378 -5.7622e-05 -0.054363 -0.20965 -0.026779 0.070648 0.1898 -0.014894 0.067278 -0.17772 -0.24087 -0.028287 0.14032 -0.23954 0.0083979 -0.13027 -0.30866 -0.015135 0.11068 -0.29643 -0.037329 -0.071382 0.094462 -0.43062 0.075434 0.091189 -0.43257 -0.047187 0.194 -0.74841 0.077566 0.15727 -0.75986 -0.042306 0.1298 -0.81634 0.076514 0.084054 -0.81815 0.015127 -0.058321 0.60041
-0.13789 0.0069195 0.32449 0.1421 0.0032422 0.32845 0.00078129 -0.012372 0.40908 -0.00010795 -0.0037602 0.068494 -0.052859 -3.7611e-05 -0.052924 0.051378 -3.7611e-05 -0.054363 -0.21606 -0.016711 0.071576 0.19235 -0.0013921 0.067479 -0.19956 -0.23988 -0.0043064 0.17499 -0.23215 0.01703 -0.1653 -0.31341 0.0029678 0.16418 -0.28331 -0.048418 -0.071302 0.09448 -0.43064 0.075509 0.0911 -0.43259 -0.047041 0.19411 -0.74841 0.077683 0.15718 -0.75988 -0.042186 0.12991 -0.81635 0.076608 0.083958 -0.81817 0.014788 -0.057887 0.60051
-0.13806 0.0072823 0.32451 0.14203 0.0035352 0.32873 0.00057199 -0.012303 0.40908 -0.00013952 -0.0037401 0.068495 -0.052838 7.6725e-07 -0.052945 0.051392 7.6725e-07 -0.05435 -0.22409 -0.009937 0.073616 0.19487 0.0062947 0.068259 -0.21025 -0.24262 0.028884 0.20758 -0.22265 0.0091291 -0.19304 -0.32401 0.023267 0.21816 -0.29695 -0.023251 -0.071159 0.094509 -0.43067 0.075619 0.090952 -0.43262 -0.046781 0.19419 -0.74841 0.077873 0.15702 -0.75991 -0.041985 0.13 -0.81636 0.076733 0.083784 -0.81819 0.014323 -0.057394 0.60063
-0.13829 0.0076839 0.32452 0.14191 0.0036665 0.32901 0.00030687 -0.012239 0.40908 -0.00017807 -0.0037312 0.068495 -0.052819 4.9537e-05 -0.052964 0.051416 4.9537e-05 -0.054327 -0.2305 -0.0058027 0.075587 0.19676 0.011644 0.069039 -0.22112 -0.24123 0.050285 0.23439 -0.21416 0.0044877 -0.21568 -0.32242 0.035299 0.24039 -0.29588 -0.01218 -0.070962 0.09454 -0.4307 0.075757 0.090751 -0.43265 -0.046428 0.19424 -0.74843 0.078119 0.15678 -0.75994 -0.041727 0.13004 -0.81638 0.076877 0.083541 -0.81821 0.013704 -0.056871 0.60077
-0.1386 0.0080742 0.32452 0.14171 0.0036521 0.32927 -5.0234e-05 -0.012119 0.40909 -0.0002252 -0.0037265 0.068495 -0.052797 9.3396e-05 -0.052986 0.051451 9.3396e-05 -0.054294 -0.23183 -0.0037517 0.075916 0.19699 0.013823 0.069523 -0.21424 -0.23764 0.044151 0.20338 -0.21412 0.012268 -0.20301 -0.31854 0.040235 0.22063 -0.29064 -0.0085915 -0.07075 0.094508 -0.43075 0.075894 0.090506 -0.43267 -0.046007 0.19429 -0.74843 0.078358 0.15648 -0.75998 -0.041387 0.1301 -0.8164 0.07701 0.083234 -0.81824 0.012851 -0.056184 0.60094
-0.13899 0.0084178 0.32449 0.14147 0.0035279 0.32956 -0.00048601 -0.011927 0.40909 -0.00027927 -0.00373 0.068495 -0.052779 0.00012073 -0.053004 0.051491 0.00012073 -0.054256 -0.23178 -0.0025723 0.075562 0.20034 0.018306 0.07058 -0.20669 -0.23001 0.010843 0.18555 -0.21466 0.020587 -0.18043 -0.30737 0.02697 0.20377 -0.2948 -0.0034839 -0.070535 0.094411 -0.43081 0.076004 0.090257 -0.4327 -0.045586 0.19432 -0.74843 0.078549 0.15615 -0.76002 -0.041034 0.13015 -0.81643 0.077108 0.082902 -0.81827 0.011861 -0.055426 0.60111
-0.13947 0.0087456 0.32436 0.14108 0.0034693 0.32978 -0.001045 -0.01157 0.4091 -0.00035759 -0.0036801 0.068497 -0.052743 0.00012946 -0.05304 0.051517 0.00012946 -0.054231 -0.21981 -0.00866 0.071769 0.19086 0.0028823 0.069157 -0.15229 -0.22188 -0.0017776 0.14177 -0.21738 0.0081775 -0.12097 -0.29538 0.018986 0.11468 -0.28894 0.012676 -0.070359 0.094249 -0.4309 0.076191 0.089962 -0.43274 -0.045175 0.19432 -0.74845 0.078804 0.15575 -0.76008 -0.040671 0.13019 -0.81647 0.077284 0.082496 -0.81832 0.010595 -0.054369 0.60132
-0.13995 0.0090522 0.32412 0.14058 0.0034246 0.32993 -0.001663 -0.011142 0.40911 -0.00045388 -0.0035834 0.068502 -0.052671 0.00011933 -0.053111 0.051533 0.00011933 -0.054216 -0.20292 -0.018146 0.067222 0.17361 -0.022293 0.067162 -0.07353 -0.20879 0.0082074 0.053137 -0.21359 -0.0098046 -0.032072 -0.2774 0.028723 -0.0036982 -0.26448 0.03045 -0.070193 0.094019 -0.43103 0.076489 0.089574 -0.43279 -0.044715 0.19429 -0.74849 0.079171 0.15524 -0.76016 -0.040247 0.1302 -0.81656 0.077574 0.081973 -0.81839 0.0090653 -0.053036 0.60158
-0.14033 0.0092971 0.3239 0.14017 0.003284 0.33002 -0.0021675 -0.010823 0.40912 -0.00054233 -0.0034875 0.068506 -0.052581 0.00010606 -0.0532 0.051539 0.00010606 -0.05421 -0.19628 -0.021751 0.06595 0.16942 -0.02942 0.06795 -0.050425 -0.20072 0.013389 0.03483 -0.20619 -0.013776 0.0074236 -0.25699 0.03273 -0.0071998 -0.26527 0.022382 -0.069988 0.093759 -0.43118 0.076866 0.089148 -0.43286 -0.044241 0.19418 -0.74858 0.079616 0.15468 -0.76025 -0.039826 0.13012 -0.81668 0.07794 0.081403 -0.81847 0.0078044 -0.052017 0.60178
-0.14063 0.0094745 0.32368 0.13978 0.0031763 0.33003 -0.002595 -0.010567 0.40912 -0.00062699 -0.0033813 0.068511 -0.052491 9.8023e-05 -0.053289 0.051533 9.8023e-05 -0.054216 -0.19201 -0.024277 0.06508 0.16658 -0.034361 0.068252 -0.043545 -0.20908 0.043663 0.032713 -0.21739 0.0011843 0.0092137 -0.26885 0.06001 -0.0043664 -0.28764 0.026708 -0.069813 0.093478 -0.43134 0.077274 0.088758 -0.43293 -0.043837 0.194 -0.74869 0.080071 0.15414 -0.76035 -0.039462 0.12996 -0.8168 0.078342 0.080849 -0.81855 0.0068671 -0.051252 0.60192
-0.14086 0.009544 0.3235 0.13947 0.0031491 0.33002 -0.0029238 -0.010391 0.40913 -0.00069696 -0.0032864 0.068515 -0.052419 8.7376e-05 -0.05336 0.051527 8.7376e-05 -0.054222 -0.19045 -0.024995 0.064665 0.16955 -0.037418 0.068993 -0.086212 -0.23292 0.050782 0.047914 -0.23748 0.029317 -0.04659 -0.30403 0.06705 0.010747 -0.30996 0.035897 -0.069707 0.093182 -0.43148 0.077572 0.088485 -0.43297 -0.043616 0.19379 -0.7488 0.080369 0.1537 -0.76043 -0.039244 0.12975 -0.81693 0.078637 0.080399 -0.8186 0.0061676 -0.05071 0.60202
-0.14103 0.0095314 0.32336 0.13922 0.0031541 0.33 -0.0031734 -0.010291 0.40913 -0.00075375 -0.0032024 0.068518 -0.052364 8.1641e-05 -0.053414 0.051523 8.1641e-05 -0.054226 -0.19163 -0.023691 0.064539 0.17457 -0.024701 0.068236 -0.14972 -0.25563 0.027345 0.088639 -0.24167 0.029607 -0.09949 -0.31921 0.044508 0.066934 -0.32061 0.01373 -0.06966 0.092883 -0.43161 0.077802 0.088269 -0.43301 -0.043478 0.19357 -0.74889 0.080576 0.15333 -0.7605 -0.039081 0.12955 -0.81703 0.078867 0.080008 -0.81865 0.0056475 -0.050364 0.60208
-0.14115 0.0094719 0.32324 0.13905 0.0031541 0.33002 -0.0033524 -0.010258 0.40913 -0.00079925 -0.0031414 0.06852 -0.052323 8.1091e-05 -0.053454 0.051516 8.1091e-05 -0.054233 -0.19413 -0.022042 0.06469 0.17227 0.00097955 0.066179 -0.14794 -0.2544 0.064134 0.12334 -0.22906 0.034727 -0.10451 -0.32343 0.077268 0.11038 -0.30612 0.0090313 -0.069656 0.092618 -0.43171 0.077991 0.088083 -0.43304 -0.043327 0.19332 -0.74897 0.080741 0.15299 -0.76056 -0.038888 0.12932 -0.81712 0.079063 0.079657 -0.8187 0.0052931 -0.050185 0.60212
-0.14126 0.0093342 0.32318 0.13893 0.0031744 0.33005 -0.0034818 -0.010282 0.40913 -0.00083115 -0.0031073 0.068521 -0.052299 8.8547e-05 -0.053478 0.051513 8.8547e-05 -0.054236 -0.1968 -0.020557 0.064969 0.17336 0.011048 0.066649 -0.16048 -0.25472 0.069845 0.13774 -0.22099 0.034825 -0.1271 -0.32982 0.078901 0.13667 -0.29974 0.0088668 -0.069656 0.092318 -0.43181 0.078114 0.087949 -0.43307 -0.043252 0.19304 -0.74906 0.080816 0.15273 -0.76062 -0.03875 0.12904 -0.81721 0.079201 0.07937 -0.81872 0.0050566 -0.050139 0.60214
-0.14136 0.009174 0.32314 0.13886 0.003163 0.33012 -0.0035876 -0.010358 0.40913 -0.00085224 -0.0031048 0.068521 -0.052285 9.926e-05 -0.053492 0.051516 9.926e-05 -0.054233 -0.19876 -0.019429 0.065198 0.17336 0.01877 0.06702 -0.16416 -0.25348 0.080847 0.1486 -0.21488 0.035085 -0.13949 -0.33247 0.087353 0.15282 -0.2902 0.00062733 -0.069631 0.092013 -0.4319 0.078215 0.087813 -0.4331 -0.043183 0.19273 -0.74915 0.080871 0.15249 -0.76066 -0.038626 0.12873 -0.8173 0.079317 0.079099 -0.81874 0.004898 -0.050189 0.60215
-0.14143 0.00901 0.32314 0.13882 0.0031433 0.33018 -0.0036552 -0.01044 0.40913 -0.00086318 -0.0031141 0.068521 -0.052281 0.00010872 -0.053495 0.051521 0.00010872 -0.054228 -0.19969 -0.019067 0.065324 0.17511 0.020869 0.067491 -0.15632 -0.2515 0.076262 0.14512 -0.21181 0.036193 -0.13225 -0.32955 0.072053 0.13781 -0.27114 -0.016768 -0.069607 0.091731 -0.43198 0.078294 0.087704 -0.43311 -0.043194 0.19247 -0.74922 0.080899 0.15229 -0.7607 -0.038593 0.12847 -0.81737 0.079411 0.078877 -0.81875 0.0047938 -0.050284 0.60214
-0.1415 0.008856 0.32314 0.13879 0.0031303 0.33024 -0.0037088 -0.010517 0.40912 -0.00086857 -0.0031363 0.06852 -0.05228 0.00011493 -0.053496 0.051526 0.00011493 -0.054222 -0.19996 -0.019055 0.065355 0.18219 0.013844 0.068193 -0.11709 -0.23947 0.03782 0.10886 -0.20802 0.027721 -0.088454 -0.31304 0.017098 0.05193 -0.26186 -0.0043427 -0.069586 0.091475 -0.43204 0.078358 0.087607 -0.43313 -0.043199 0.19217 -0.7493 0.080916 0.15212 -0.76073 -0.038569 0.12815 -0.81742 0.07949 0.078687 -0.81875 0.0046818 -0.050432 0.60213
-0.14156 0.0087275 0.32315 0.13877 0.0031075 0.33027 -0.0037508 -0.010596 0.40912 -0.00086978 -0.0031626 0.068518 -0.052279 0.00012085 -0.053497 0.05153 0.00012085 -0.054219 -0.19967 -0.01942 0.065316 0.18534 0.005465 0.068624 -0.072694 -0.2145 0.020411 0.088349 -0.1981 -0.0042488 -0.060988 -0.29455 0.033165 0.036469 -0.26078 -0.010412 -0.069558 0.091251 -0.4321 0.078429 0.087508 -0.43314 -0.043202 0.19193 -0.74937 0.080946 0.15196 -0.76075 -0.038554 0.12788 -0.81747 0.07957 0.078515 -0.81876 0.0045453 -0.050627 0.60211
-0.14161 0.0086289 0.32317 0.13875 0.0030768 0.3303 -0.0037879 -0.010666 0.40912 -0.00087029 -0.0031924 0.068517 -0.052271 0.00012021 -0.053505 0.051532 0.00012021 -0.054217 -0.19762 -0.021384 0.065077 0.18303 -0.011932 0.068632 -0.050427 -0.19751 0.0064556 0.068146 -0.19823 -0.022289 0.012343 -0.25235 0.017553 0.0045833 -0.24475 0.0049362 -0.069532 0.091063 -0.43215 0.078506 0.08741 -0.43316 -0.043224 0.19173 -0.74943 0.080994 0.15182 -0.76078 -0.038571 0.12768 -0.81752 0.079656 0.078355 -0.81877 0.004275 -0.050937 0.60206
-0.14166 0.0085486 0.32319 0.13873 0.0030407 0.33034 -0.0038204 -0.010729 0.40912 -0.00086929 -0.0032234 0.068516 -0.05226 0.00011814 -0.053516 0.051533 0.00011814 -0.054216 -0.19577 -0.023587 0.064949 0.18073 -0.023144 0.069189 -0.041004 -0.1923 0.0024529 0.056937 -0.1984 -0.031672 0.026443 -0.23856 0.011772 -0.0038812 -0.24402 0.00063996 -0.069509 0.090906 -0.4322 0.078579 0.087318 -0.43317 -0.043189 0.19159 -0.74947 0.08105 0.15168 -0.7608 -0.038518 0.12753 -0.81756 0.079739 0.07821 -0.81877 0.0039849 -0.051288 0.60201
-0.14168 0.0084505 0.32319 0.13873 0.002998 0.33037 -0.00384 -0.010808 0.40911 -0.00086238 -0.0032641 0.068514 -0.052242 0.00011417 -0.053533 0.051531 0.00011417 -0.054218 -0.19431 -0.025876 0.064919 0.17946 -0.029533 0.069734 -0.052756 -0.20195 -0.0044468 0.056069 -0.20366 -0.032615 0.010654 -0.25388 0.0069976 0.0011454 -0.26085 -0.0096746 -0.069525 0.090764 -0.43225 0.078672 0.087222 -0.43319 -0.043144 0.19141 -0.74953 0.081126 0.15155 -0.76083 -0.038448 0.12735 -0.81761 0.079845 0.078062 -0.81878 0.0037021 -0.051714 0.60195
-0.1417 0.0082684 0.32318 0.13873 0.0029532 0.33041 -0.003854 -0.010945 0.40911 -0.0008461 -0.0033393 0.06851 -0.052216 0.00011074 -0.053559 0.051528 0.00011074 -0.05422 -0.19355 -0.028855 0.065139 0.17957 -0.036116 0.070687 -0.12778 -0.23743 -0.027409 0.085279 -0.24414 0.0064883 -0.073859 -0.29866 -0.013929 0.044449 -0.31638 0.0079469 -0.069619 0.090567 -0.43232 0.078803 0.087091 -0.43321 -0.04306 0.19112 -0.74961 0.081229 0.15135 -0.76086 -0.038309 0.12703 -0.81766 0.080008 0.077845 -0.8188 0.0032327 -0.052526 0.60181
-0.1417 0.0081913 0.32317 0.13874 0.0029188 0.33043 -0.0038546 -0.011016 0.40911 -0.00083704 -0.0033793 0.068508 -0.052208 0.00011106 -0.053566 0.051526 0.00011106 -0.054223 -0.19457 -0.030074 0.06551 0.18325 -0.034184 0.071032 -0.15834 -0.24228 -0.033167 0.10539 -0.25304 0.024586 -0.11286 -0.3093 -0.016487 0.085803 -0.331 0.0068564 -0.069659 0.090492 -0.43234 0.078862 0.087034 -0.43322 -0.043002 0.19099 -0.74964 0.081284 0.15127 -0.76088 -0.038232 0.1269 -0.81769 0.080083 0.077752 -0.8188 0.003027 -0.052972 0.60174
-0.14176 0.0080287 0.32318 0.13873 0.002902 0.3305 -0.0038945 -0.011142 0.4091 -0.00082357 -0.0034401 0.068506 -0.052213 0.00012393 -0.053562 0.051529 0.00012393 -0.054219 -0.1965 -0.030743 0.065987 0.17899 -0.016198 0.068461 -0.17488 -0.24469 -0.033659 0.12754 -0.24555 0.038139 -0.13938 -0.31566 -0.010386 0.15291 -0.27015 -0.036632 -0.069732 0.090358 -0.43237 0.0789 0.086987 -0.43323 -0.042991 0.19082 -0.74967 0.081296 0.15119 -0.76089 -0.03817 0.12671 -0.8177 0.080144 0.077668 -0.81881 0.0027863 -0.053722 0.6016
