-0.17058 -0.028113 0.30904 0.1056 -0.065518 0.33951 -0.04583 -0.086209 0.39746 -0.0084319 -0.015516 0.066285 -0.045352 0.010557 -0.058539 0.049235 0.010557 -0.055313 -0.27127 -0.0052828 0.064113 0.15453 0.0078301 0.08876 -0.3201 -0.067159 -0.1594 0.2043 0.070192 -0.13441 -0.33029 -0.087809 -0.23882 0.19585 0.077379 -0.21636 -0.14301 0.015171 -0.43588 0.085005 0.049765 -0.44148 -0.16321 -0.0080636 -0.76836 0.099004 0.14551 -0.76105 -0.17658 -0.086872 -0.81706 0.12625 0.096186 -0.83579 -0.041894 -0.15639 0.58178
-0.17065 -0.032945 0.31083 0.10667 -0.065934 0.33764 -0.043682 -0.088879 0.39726 -0.0080962 -0.015946 0.066326 -0.046495 0.011269 -0.057448 0.049461 0.011269 -0.054951 -0.26948 0.0024174 0.067371 0.15681 0.0088763 0.087417 -0.31422 -0.056393 -0.15926 0.19102 0.06121 -0.14264 -0.32782 -0.077312 -0.24007 0.18436 0.070478 -0.2242 -0.14261 0.019028 -0.43533 0.083406 0.052702 -0.44099 -0.16204 -0.0069504 -0.76817 0.095703 0.14673 -0.76128 -0.1803 -0.086009 -0.81418 0.12227 0.094668 -0.835 -0.037913 -0.1602 0.58103
-0.16972 -0.037686 0.31219 0.1086 -0.066657 0.33631 -0.040946 -0.092117 0.39687 -0.0074984 -0.016619 0.066262 -0.047453 0.011946 -0.056511 0.049536 0.011946 -0.054736 -0.26772 0.0077692 0.070175 0.15921 0.010176 0.086755 -0.31122 -0.04536 -0.1586 0.18316 0.059041 -0.14653 -0.32852 -0.064527 -0.23972 0.17819 0.070744 -0.22777 -0.14328 0.02082 -0.43453 0.081218 0.054728 -0.44081 -0.16282 -0.0047635 -0.76757 0.09123 0.14637 -0.7619 -0.18447 -0.084311 -0.81115 0.11861 0.093248 -0.83477 -0.033537 -0.16439 0.58018
-0.16794 -0.042388 0.31316 0.1112 -0.067709 0.33536 -0.037725 -0.095892 0.39626 -0.0066894 -0.017503 0.066101 -0.04825 0.012601 -0.055701 0.049492 0.012601 -0.054633 -0.266 0.01108 0.072614 0.16165 0.011617 0.086569 -0.31064 -0.034124 -0.15742 0.17978 0.062398 -0.1469 -0.33183 -0.04995 -0.23793 0.17648 0.076856 -0.22784 -0.14487 0.020866 -0.43352 0.078533 0.055879 -0.44087 -0.16533 -0.0017963 -0.76662 0.085846 0.14457 -0.76283 -0.18908 -0.082 -0.80805 0.1152 0.091716 -0.83499 -0.028849 -0.169 0.57919
-0.1655 -0.047102 0.31382 0.11428 -0.06911 0.33458 -0.034123 -0.10018 0.39545 -0.0057205 -0.018563 0.065856 -0.048911 0.013242 -0.054995 0.049361 0.013242 -0.054607 -0.26436 0.012656 0.074778 0.16406 0.013085 0.086656 -0.31205 -0.022749 -0.15567 0.17995 0.069989 -0.14461 -0.33721 -0.034076 -0.23487 0.17832 0.087495 -0.22516 -0.14723 0.019485 -0.43231 0.075443 0.056191 -0.44112 -0.16933 0.0016581 -0.76535 0.079812 0.14146 -0.764 -0.19414 -0.079295 -0.80495 0.11196 0.089862 -0.83554 -0.023937 -0.17405 0.57803
-0.16254 -0.05188 0.31421 0.11767 -0.07088 0.3338 -0.030243 -0.10494 0.39442 -0.0046427 -0.019766 0.065535 -0.049458 0.013881 -0.054367 0.049176 0.013881 -0.054625 -0.26281 0.012806 0.076755 0.16636 0.014469 0.086813 -0.31498 -0.011299 -0.15334 0.18276 0.080526 -0.14052 -0.3441 -0.017399 -0.23071 0.18285 0.10134 -0.22051 -0.15021 0.016995 -0.43094 0.072038 0.055701 -0.44149 -0.17461 0.0053063 -0.7638 0.073387 0.13717 -0.76531 -0.19965 -0.076414 -0.80191 0.10883 0.087477 -0.83633 -0.018883 -0.17958 0.57666
-0.15926 -0.056776 0.3144 0.12116 -0.073041 0.33283 -0.026188 -0.11015 0.39318 -0.0035072 -0.021077 0.065148 -0.049917 0.014526 -0.053794 0.048969 0.014526 -0.054652 -0.26138 0.011836 0.078633 0.16847 0.015654 0.086833 -0.31898 0.00016212 -0.15041 0.18727 0.092717 -0.13546 -0.35195 -0.00041498 -0.22563 0.18917 0.11708 -0.21463 -0.15367 0.013715 -0.42943 0.06841 0.054444 -0.44193 -0.18094 0.0088551 -0.76201 0.066834 0.13183 -0.7667 -0.20559 -0.073578 -0.79901 0.10573 0.084351 -0.83724 -0.013773 -0.18563 0.57505
-0.1558 -0.061839 0.31445 0.12459 -0.075612 0.33149 -0.022064 -0.11579 0.39173 -0.002365 -0.022463 0.064707 -0.05031 0.015188 -0.053251 0.048773 0.015188 -0.054654 -0.26008 0.010053 0.080502 0.17032 0.016527 0.086515 -0.32361 0.01157 -0.14685 0.19256 0.10527 -0.13029 -0.36021 0.016382 -0.21978 0.1964 0.13338 -0.2083 -0.15745 0.0099635 -0.42781 0.064651 0.052457 -0.44238 -0.18809 0.012011 -0.76001 0.060413 0.12557 -0.76809 -0.21198 -0.071006 -0.79632 0.1026 0.080275 -0.83818 -0.0086925 -0.19221 0.57314
-0.15234 -0.067124 0.31441 0.12776 -0.078614 0.3296 -0.017972 -0.12181 0.39005 -0.0012674 -0.023891 0.064221 -0.050663 0.015877 -0.052712 0.04862 0.015877 -0.054597 -0.25893 0.0077655 0.082451 0.17182 0.016977 0.085653 -0.32841 0.022862 -0.14264 0.19771 0.11691 -0.12586 -0.36832 0.032496 -0.21334 0.20367 0.14893 -0.20227 -0.16141 0.0060595 -0.42611 0.060851 0.049776 -0.44277 -0.19584 0.014481 -0.75786 0.054385 0.11853 -0.7694 -0.2188 -0.068917 -0.79392 0.09935 0.075038 -0.83902 -0.0037256 -0.19938 0.57092
-0.14905 -0.072681 0.31434 0.13048 -0.082068 0.32696 -0.014016 -0.12819 0.38814 -0.00026542 -0.025325 0.0637 -0.050998 0.016603 -0.052154 0.048542 0.016603 -0.054447 -0.25797 0.0052794 0.084568 0.17292 0.016889 0.084044 -0.33292 0.033973 -0.13775 0.20178 0.12632 -0.12302 -0.37574 0.047432 -0.20648 0.21007 0.16241 -0.19729 -0.1654 0.0023213 -0.42436 0.057103 0.046436 -0.44305 -0.20396 0.015972 -0.75558 0.049011 0.11084 -0.77054 -0.22607 -0.067531 -0.79188 0.095924 0.068431 -0.83967 0.0010426 -0.20715 0.56834
-0.14609 -0.078562 0.3143 0.13259 -0.085994 0.3234 -0.0103 -0.13491 0.38601 0.00058981 -0.026733 0.063154 -0.05134 0.017377 -0.051553 0.048572 0.017377 -0.05417 -0.25721 0.0029023 0.086941 0.17352 0.016151 0.081483 -0.33671 0.044839 -0.13216 0.20385 0.13224 -0.1226 -0.38191 0.060696 -0.19936 0.21474 0.1725 -0.19415 -0.16926 -0.00093241 -0.42259 0.053497 0.042475 -0.44314 -0.21223 0.01619 -0.75323 0.044552 0.10263 -0.77145 -0.23376 -0.067068 -0.79027 0.092246 0.060245 -0.84002 0.0055272 -0.21555 0.56536
-0.14362 -0.084817 0.31435 0.1339 -0.09041 0.31875 -0.0069147 -0.14193 0.38364 0.0012516 -0.028081 0.062594 -0.051712 0.018207 -0.050883 0.048739 0.018207 -0.053734 -0.25667 0.00092423 0.089655 0.17358 0.014663 0.07779 -0.33933 0.055377 -0.12587 0.20307 0.13345 -0.1254 -0.38631 0.071816 -0.19216 0.21684 0.17796 -0.19353 -0.17287 -0.0034064 -0.42081 0.050131 0.037931 -0.44301 -0.22042 0.014863 -0.75083 0.041259 0.094032 -0.77205 -0.24189 -0.067734 -0.78914 0.088264 0.050297 -0.83997 0.0096582 -0.22462 0.56195
-0.14151 -0.091456 0.31445 0.13465 -0.095271 0.31315 -0.003723 -0.14923 0.38101 0.0017479 -0.029362 0.062019 -0.052117 0.019097 -0.050137 0.049014 0.019097 -0.053164 -0.25621 -0.00065045 0.092697 0.17341 0.012544 0.073177 -0.34068 0.065165 -0.11908 0.19981 0.13039 -0.13104 -0.38876 0.080709 -0.18506 0.21655 0.17906 -0.1953 -0.17615 -0.0051991 -0.41903 0.047206 0.032889 -0.44266 -0.2284 0.012051 -0.74839 0.039235 0.085196 -0.77234 -0.25029 -0.06954 -0.78838 0.084241 0.038876 -0.83953 0.013615 -0.23426 0.55811
-0.13939 -0.098452 0.31453 0.13538 -0.10048 0.307 -0.00040174 -0.15678 0.37806 0.0021684 -0.030588 0.061421 -0.052543 0.020043 -0.04932 0.049319 0.020043 -0.052528 -0.25561 -0.0020548 0.095973 0.17367 0.010096 0.068181 -0.34092 0.073502 -0.1122 0.19547 0.1248 -0.13818 -0.38941 0.087615 -0.1783 0.21485 0.17728 -0.19859 -0.17912 -0.0067352 -0.4172 0.045009 0.027473 -0.44216 -0.23609 0.0080929 -0.74586 0.038458 0.076282 -0.7724 -0.2587 -0.072329 -0.78772 0.080705 0.026658 -0.83882 0.017783 -0.24427 0.55386
-0.13688 -0.10578 0.3145 0.13664 -0.10595 0.30073 0.0033784 -0.16457 0.37472 0.002605 -0.03177 0.060791 -0.052976 0.021042 -0.048437 0.049575 0.021042 -0.051898 -0.25462 -0.0035289 0.09939 0.175 0.0076262 0.063349 -0.34022 0.079679 -0.10564 0.19145 0.11849 -0.14546 -0.3884 0.092784 -0.17209 0.21277 0.17414 -0.20251 -0.18179 -0.0084494 -0.41531 0.043828 0.021807 -0.44159 -0.24341 0.0033368 -0.74323 0.038902 0.06745 -0.7723 -0.26683 -0.07594 -0.78685 0.078188 0.014334 -0.83795 0.022554 -0.25445 0.54921
-0.13363 -0.11342 0.31426 0.13899 -0.11158 0.29473 0.0079467 -0.17256 0.37095 0.0031492 -0.032922 0.060122 -0.053404 0.022091 -0.047491 0.049704 0.022091 -0.051344 -0.25299 -0.0053131 0.10285 0.17805 0.0054417 0.059229 -0.33876 0.082986 -0.0998 0.18919 0.11324 -0.15152 -0.3859 0.096465 -0.16666 0.21131 0.17117 -0.2062 -0.18417 -0.010777 -0.4133 0.043953 0.016015 -0.44102 -0.2503 -0.0018704 -0.74045 0.040543 0.058862 -0.77213 -0.27442 -0.080213 -0.78552 0.077225 0.002593 -0.83703 0.028322 -0.26461 0.54421
-0.12927 -0.12133 0.31372 0.14296 -0.11728 0.28943 0.013625 -0.18074 0.36668 0.0038913 -0.034056 0.059405 -0.053813 0.023187 -0.046489 0.049629 0.023187 -0.050935 -0.2505 -0.0076433 0.10627 0.18346 0.0038452 0.056361 -0.3367 0.08273 -0.09509 0.19007 0.11084 -0.15501 -0.38203 0.098909 -0.1622 0.21149 0.16988 -0.20877 -0.18626 -0.014145 -0.41115 0.045667 0.010221 -0.44052 -0.25667 -0.0071846 -0.73748 0.043351 0.050676 -0.77196 -0.2812 -0.084988 -0.78342 0.078341 -0.0078856 -0.83618 0.035469 -0.27454 0.53885
-0.1238 -0.12944 0.31287 0.14862 -0.12303 0.28498 0.020367 -0.18905 0.36194 0.0048422 -0.035177 0.058641 -0.054192 0.024319 -0.045444 0.049332 0.024319 -0.05069 -0.24714 -0.01055 0.10957 0.19115 0.0029191 0.054947 -0.33422 0.078987 -0.091624 0.19448 0.11194 -0.15541 -0.37682 0.10036 -0.15877 0.21365 0.17092 -0.20977 -0.18808 -0.018673 -0.40886 0.04896 0.0044353 -0.44009 -0.26244 -0.012435 -0.73436 0.047202 0.042894 -0.77178 -0.28697 -0.090133 -0.78056 0.081612 -0.016902 -0.83541 0.043921 -0.28415 0.53321
-0.11777 -0.13759 0.31174 0.15535 -0.12896 0.28121 0.027588 -0.19737 0.35688 0.0058981 -0.036283 0.057848 -0.054534 0.025467 -0.044384 0.048888 0.025467 -0.050551 -0.24329 -0.013765 0.11275 0.20003 0.0024245 0.054696 -0.33148 0.072961 -0.0891 0.20124 0.11557 -0.1534 -0.3701 0.10103 -0.15612 0.21722 0.1737 -0.20939 -0.18964 -0.024028 -0.40648 0.053398 -0.0014941 -0.43957 -0.26748 -0.017703 -0.73117 0.051826 0.035292 -0.77146 -0.29165 -0.095563 -0.77732 0.086459 -0.024954 -0.83456 0.052942 -0.29348 0.52734
-0.11176 -0.14559 0.31038 0.16248 -0.13519 0.27793 0.034663 -0.20559 0.35163 0.0069457 -0.03737 0.05704 -0.054831 0.026608 -0.043336 0.048375 0.026608 -0.050454 -0.23935 -0.016997 0.11579 0.20892 0.0020975 0.055276 -0.32864 0.065941 -0.087184 0.20911 0.12065 -0.14975 -0.36167 0.10117 -0.154 0.22154 0.17754 -0.20785 -0.19095 -0.02984 -0.40406 0.05851 -0.007731 -0.43882 -0.27168 -0.023091 -0.72803 0.056942 0.027627 -0.77086 -0.29517 -0.1012 -0.77408 0.092252 -0.032595 -0.83349 0.061742 -0.30258 0.52134
-0.10635 -0.15327 0.30885 0.16931 -0.14184 0.27494 0.040965 -0.21358 0.34636 0.0078722 -0.038434 0.056236 -0.055076 0.027723 -0.042327 0.047875 0.027723 -0.050336 -0.23569 -0.019952 0.11869 0.21664 0.0016741 0.056357 -0.32586 0.059218 -0.085543 0.21681 0.12607 -0.14525 -0.35134 0.10099 -0.15215 0.22595 0.18175 -0.20538 -0.192 -0.03574 -0.40165 0.063829 -0.01444 -0.43768 -0.27492 -0.028698 -0.72505 0.062269 0.019658 -0.76984 -0.29746 -0.10695 -0.77126 0.098361 -0.040379 -0.83204 0.069531 -0.31149 0.51527
-0.10213 -0.16047 0.3072 0.17517 -0.14905 0.27204 0.045871 -0.22125 0.34122 0.0085646 -0.03947 0.055452 -0.05526 0.028788 -0.041387 0.047467 0.028788 -0.050132 -0.23273 -0.02234 0.12142 0.222 0.00089085 0.057609 -0.32331 0.05408 -0.083841 0.22307 0.13075 -0.14066 -0.33894 0.10072 -0.15031 0.22979 0.18564 -0.2022 -0.19282 -0.04136 -0.39931 0.068884 -0.021784 -0.436 -0.27708 -0.034626 -0.72233 0.067527 0.011143 -0.76827 -0.29845 -0.11273 -0.76926 0.10416 -0.048859 -0.83005 0.07552 -0.32027 0.50922
-0.099379 -0.16711 0.30542 0.17966 -0.15674 0.26904 0.049103 -0.22848 0.33628 0.0089717 -0.040473 0.054698 -0.055384 0.029792 -0.040526 0.047191 0.029792 -0.049814 -0.23072 -0.024039 0.12401 0.22429 -0.00027912 0.058795 -0.32116 0.051297 -0.081822 0.22699 0.13408 -0.13655 -0.32487 0.10056 -0.14817 0.23251 0.18887 -0.19854 -0.19334 -0.046535 -0.39707 0.073454 -0.029722 -0.43376 -0.27807 -0.041024 -0.71992 0.072576 0.0020888 -0.76612 -0.29807 -0.1186 -0.7683 0.10929 -0.058218 -0.82749 0.079432 -0.32894 0.50322
-0.097525 -0.17337 0.30332 0.18313 -0.16438 0.26581 0.051304 -0.23529 0.33143 0.0092052 -0.041428 0.053963 -0.055465 0.030742 -0.039714 0.04698 0.030742 -0.049441 -0.22955 -0.025375 0.12649 0.22398 -0.0012413 0.059925 -0.31958 0.050271 -0.079426 0.22861 0.13674 -0.1329 -0.31114 0.1006 -0.14531 0.23383 0.19197 -0.19456 -0.19334 -0.051628 -0.39493 0.077955 -0.037671 -0.43121 -0.27788 -0.04816 -0.71779 0.077644 -0.0068503 -0.76366 -0.29623 -0.12492 -0.7681 0.11418 -0.067678 -0.82462 0.082324 -0.33743 0.49712
-0.09588 -0.1795 0.30072 0.18603 -0.17131 0.26221 0.053264 -0.24167 0.32653 0.0094028 -0.042319 0.053236 -0.055525 0.031649 -0.038911 0.046747 0.031649 -0.049088 -0.22906 -0.026746 0.12891 0.22176 -0.0013007 0.061049 -0.31878 0.050181 -0.076626 0.22811 0.1396 -0.12958 -0.3 0.10094 -0.14126 0.2335 0.19561 -0.19044 -0.19257 -0.057093 -0.39284 0.082911 -0.044959 -0.42868 -0.27651 -0.056324 -0.71585 0.083021 -0.014913 -0.7612 -0.29282 -0.13213 -0.7683 0.11933 -0.0763 -0.82178 0.085472 -0.34566 0.49078
-0.09375 -0.1857 0.29739 0.18883 -0.1769 0.25812 0.055773 -0.24762 0.32145 0.0097022 -0.043133 0.052502 -0.055584 0.032525 -0.03808 0.04641 0.032525 -0.04883 -0.22909 -0.02855 0.13133 0.21829 0.00023801 0.062219 -0.31892 0.050208 -0.073394 0.22568 0.14355 -0.1265 -0.29371 0.10166 -0.13556 0.23129 0.20046 -0.18637 -0.19078 -0.063381 -0.39079 0.088845 -0.050918 -0.4265 -0.27398 -0.065807 -0.71402 0.088996 -0.02134 -0.75907 -0.28777 -0.14066 -0.76855 0.12527 -0.083148 -0.81927 0.090152 -0.35356 0.48403
-0.090444 -0.19223 0.29312 0.19199 -0.18053 0.25342 0.059623 -0.25315 0.31604 0.010241 -0.043853 0.05175 -0.055663 0.033381 -0.037183 0.045883 0.033381 -0.04874 -0.22947 -0.031186 0.13381 0.21426 0.0040698 0.063485 -0.32021 0.049534 -0.069705 0.22153 0.14948 -0.12353 -0.29453 0.10285 -0.12777 0.22696 0.20721 -0.18251 -0.18773 -0.070943 -0.38876 0.096278 -0.054876 -0.42499 -0.27027 -0.076897 -0.71223 0.095856 -0.025369 -0.75758 -0.28096 -0.15094 -0.76849 0.13253 -0.087285 -0.81743 0.097639 -0.36105 0.47672
-0.085491 -0.1992 0.28788 0.19586 -0.18176 0.24811 0.065357 -0.25824 0.31024 0.011113 -0.04447 0.050972 -0.055776 0.034221 -0.036201 0.045117 0.034221 -0.048866 -0.23006 -0.034886 0.13655 0.21039 0.010621 0.065015 -0.32265 0.047603 -0.065421 0.21608 0.15797 -0.12045 -0.30383 0.10459 -0.11754 0.22063 0.21626 -0.17886 -0.1833 -0.080178 -0.38664 0.10555 -0.056554 -0.42425 -0.26547 -0.089741 -0.71034 0.10377 -0.026631 -0.75683 -0.27246 -0.16324 -0.76773 0.14144 -0.088213 -0.81637 0.10867 -0.36802 0.46882
-0.079523 -0.2063 0.28237 0.20029 -0.18122 0.24305 0.072301 -0.2628 0.30444 0.01219 -0.045011 0.050193 -0.055897 0.035013 -0.035222 0.044246 0.035013 -0.049108 -0.23089 -0.03907 0.14052 0.2077 0.018987 0.067572 -0.32542 0.045182 -0.059863 0.21103 0.16819 -0.11644 -0.31855 0.10693 -0.10517 0.21422 0.22678 -0.17461 -0.178 -0.091216 -0.38395 0.11608 -0.057622 -0.42336 -0.26003 -0.10377 -0.70782 0.11226 -0.026695 -0.75586 -0.26307 -0.17699 -0.76579 0.15136 -0.087612 -0.81511 0.12132 -0.3742 0.46096
-0.073514 -0.21304 0.27756 0.20494 -0.17987 0.23929 0.079401 -0.26671 0.29914 0.013275 -0.04551 0.049448 -0.055991 0.035711 -0.034364 0.043461 0.035711 -0.049326 -0.232 -0.042905 0.1469 0.20728 0.027851 0.0721 -0.32743 0.043444 -0.052182 0.20845 0.17886 -0.11049 -0.33427 0.10988 -0.091131 0.21019 0.23755 -0.16865 -0.17256 -0.10411 -0.38006 0.12703 -0.060347 -0.42107 -0.2545 -0.11819 -0.70403 0.1207 -0.027726 -0.75338 -0.25382 -0.19137 -0.76213 0.16139 -0.087838 -0.81236 0.13284 -0.37929 0.45398
-0.068437 -0.21895 0.27438 0.2095 -0.17865 0.23791 0.085605 -0.26984 0.29484 0.014172 -0.046003 0.04877 -0.056019 0.036272 -0.033746 0.042949 0.036272 -0.049377 -0.23345 -0.045557 0.15691 0.21022 0.035894 0.079542 -0.32758 0.043564 -0.041531 0.2104 0.18867 -0.10162 -0.34655 0.11349 -0.075895 0.21101 0.24733 -0.15989 -0.16771 -0.11889 -0.37438 0.13751 -0.066999 -0.41611 -0.24946 -0.13221 -0.69835 0.12841 -0.031893 -0.74809 -0.24572 -0.20558 -0.75621 0.17061 -0.091244 -0.80682 0.14047 -0.38299 0.4487
-0.065267 -0.22357 0.27382 0.21365 -0.17853 0.23999 0.08986 -0.27208 0.29204 0.014685 -0.046525 0.048194 -0.055946 0.03665 -0.033487 0.042901 0.03665 -0.049119 -0.23531 -0.046192 0.17174 0.21763 0.041801 0.090843 -0.32478 0.046714 -0.027062 0.21896 0.19636 -0.088816 -0.35098 0.11778 -0.05994 0.21915 0.25489 -0.14725 -0.16418 -0.13563 -0.36628 0.14669 -0.079849 -0.40723 -0.24546 -0.14505 -0.69015 0.13475 -0.041364 -0.73871 -0.23981 -0.21878 -0.74751 0.17808 -0.10019 -0.79721 0.14147 -0.38496 0.44597
-0.064896 -0.22641 0.27668 0.21703 -0.1803 0.24643 0.091189 -0.2733 0.29122 0.014634 -0.0471 0.047755 -0.055739 0.036803 -0.033691 0.043481 0.036803 -0.048432 -0.23763 -0.04404 0.19235 0.23037 0.044406 0.10675 -0.3181 0.053873 -0.0081304 0.2358 0.20075 -0.071305 -0.34369 0.12271 -0.043778 0.23665 0.25911 -0.12986 -0.1626 -0.15429 -0.35526 0.15377 -0.10084 -0.39337 -0.24301 -0.156 -0.67889 0.13912 -0.058016 -0.72413 -0.237 -0.23025 -0.7356 0.18297 -0.11671 -0.78241 0.13344 -0.38494 0.44651
-0.067434 -0.22708 0.28252 0.21913 -0.18346 0.25666 0.089356 -0.27326 0.29244 0.014014 -0.047636 0.047514 -0.055422 0.036702 -0.034336 0.044611 0.036702 -0.047408 -0.24066 -0.038941 0.21724 0.247 0.044049 0.12611 -0.30825 0.064085 0.013915 0.25881 0.20186 -0.050496 -0.32634 0.12753 -0.028269 0.26122 0.26001 -0.10915 -0.16293 -0.17418 -0.34184 0.15853 -0.12872 -0.37523 -0.24204 -0.16522 -0.66516 0.14141 -0.080877 -0.70511 -0.23715 -0.24007 -0.72115 0.1852 -0.13983 -0.76318 0.11739 -0.38284 0.45022
-0.07254 -0.22519 0.29018 0.2193 -0.18673 0.26919 0.084546 -0.27166 0.29557 0.012916 -0.047978 0.047542 -0.055046 0.03633 -0.035327 0.046074 0.03633 -0.046259 -0.24471 -0.031085 0.24355 0.2648 0.041923 0.14668 -0.29682 0.075301 0.036593 0.28369 0.20037 -0.029034 -0.3037 0.13109 -0.014472 0.28813 0.25822 -0.087835 -0.16472 -0.1942 -0.32712 0.16112 -0.16043 -0.35453 -0.24219 -0.17335 -0.65014 0.14182 -0.10736 -0.68347 -0.23948 -0.24878 -0.70543 0.18512 -0.16684 -0.74136 0.096324 -0.3787 0.45649
-0.079872 -0.22038 0.29848 0.21691 -0.18882 0.28258 0.076949 -0.26823 0.30046 0.011431 -0.047967 0.04791 -0.054664 0.035665 -0.036567 0.047652 0.035665 -0.045201 -0.25012 -0.020663 0.2684 0.28101 0.03923 0.16619 -0.28545 0.085459 0.057408 0.30611 0.19697 -0.0095829 -0.2806 0.13226 -0.0034505 0.31265 0.25439 -0.068646 -0.1675 -0.21325 -0.3122 0.16166 -0.19288 -0.33303 -0.24308 -0.18105 -0.63502 0.14053 -0.13486 -0.66105 -0.24321 -0.25693 -0.68975 0.18308 -0.19501 -0.71879 0.073232 -0.37257 0.46469
-0.089086 -0.21228 0.30623 0.21132 -0.18845 0.29534 0.066756 -0.26267 0.30697 0.009653 -0.047446 0.04869 -0.05433 0.03469 -0.03796 0.049125 0.03469 -0.044446 -0.25721 -0.0078699 0.2889 0.2929 0.037173 0.1824 -0.27573 0.092495 0.073866 0.32177 0.19236 0.005196 -0.26184 0.12988 0.0037355 0.33001 0.24915 -0.054319 -0.17082 -0.23025 -0.29819 0.1603 -0.22299 -0.31244 -0.24431 -0.18896 -0.62101 0.13774 -0.16076 -0.63967 -0.24758 -0.26506 -0.67538 0.17943 -0.22161 -0.6973 0.051119 -0.36448 0.47422
-0.099828 -0.20053 0.31232 0.20194 -0.18438 0.30605 0.054179 -0.2547 0.31494 0.0076743 -0.046266 0.049949 -0.054092 0.033387 -0.03941 0.050283 0.033387 -0.044202 -0.26627 0.0070875 0.30227 0.29783 0.036917 0.19314 -0.26926 0.094445 0.083558 0.32653 0.18721 0.012748 -0.2521 0.12287 0.0060772 0.33567 0.24316 -0.047475 -0.17422 -0.24413 -0.28618 0.15718 -0.24775 -0.29447 -0.24553 -0.19771 -0.60927 0.13365 -0.18254 -0.62113 -0.25181 -0.27371 -0.66357 0.17454 -0.244 -0.67868 0.032903 -0.35449 0.48447
-0.1115 -0.18555 0.31647 0.1893 -0.17658 0.31421 0.039929 -0.24444 0.32406 0.0056015 -0.044442 0.051639 -0.053954 0.031785 -0.040866 0.051054 0.031785 -0.044506 -0.27699 0.023639 0.30798 0.29586 0.038771 0.19824 -0.26641 0.091644 0.086045 0.32062 0.18199 0.012991 -0.25232 0.11176 0.0037916 0.32986 0.23687 -0.0482 -0.17745 -0.25458 -0.2767 0.15259 -0.26621 -0.27991 -0.24653 -0.20726 -0.60033 0.12852 -0.19933 -0.60623 -0.25551 -0.28281 -0.65488 0.16875 -0.26126 -0.66375 0.01956 -0.34285 0.49497
-0.12326 -0.16846 0.31931 0.17505 -0.16621 0.32023 0.025218 -0.23242 0.33382 0.0035549 -0.042153 0.053597 -0.053868 0.029959 -0.042319 0.051507 0.029959 -0.045224 -0.28845 0.040855 0.30775 0.28976 0.042185 0.19956 -0.26636 0.086718 0.082861 0.3086 0.17699 0.0083109 -0.25975 0.098663 -0.0016792 0.31759 0.23055 -0.054041 -0.18042 -0.26203 -0.26972 0.14699 -0.2794 -0.26861 -0.24725 -0.21688 -0.59409 0.12273 -0.21193 -0.5948 -0.25858 -0.29177 -0.6491 0.1624 -0.27422 -0.65232 0.010126 -0.32998 0.50543
-0.13427 -0.15044 0.32151 0.16087 -0.15451 0.32458 0.01128 -0.21917 0.34373 0.001655 -0.039588 0.055656 -0.053784 0.027985 -0.043761 0.05172 0.027985 -0.046216 -0.29968 0.057788 0.30342 0.28239 0.046573 0.19902 -0.26828 0.082395 0.075623 0.29526 0.17244 0.0012038 -0.27148 0.085789 -0.0088399 0.30407 0.22447 -0.062435 -0.18307 -0.26693 -0.2652 0.14082 -0.28846 -0.26042 -0.24766 -0.22583 -0.59041 0.11665 -0.22122 -0.58664 -0.26097 -0.29994 -0.64602 0.15584 -0.2838 -0.64416 0.0035522 -0.31633 0.51555
-0.14367 -0.13266 0.32372 0.14847 -0.14268 0.32773 -0.00065104 -0.20523 0.35329 2.256e-05 -0.036935 0.057647 -0.053653 0.025942 -0.045184 0.051767 0.025942 -0.047341 -0.30973 0.073492 0.2968 0.27664 0.051348 0.19858 -0.27129 0.081402 0.065948 0.28534 0.16862 -0.0058353 -0.28459 0.075327 -0.016195 0.29451 0.21889 -0.070819 -0.18532 -0.26977 -0.2631 0.13455 -0.29453 -0.25515 -0.24773 -0.23338 -0.58915 0.11063 -0.22806 -0.58151 -0.26261 -0.30668 -0.64542 0.14939 -0.29089 -0.63906 -0.0012106 -0.30235 0.52502
-0.15062 -0.11629 0.32661 0.13952 -0.13193 0.33012 -0.0093496 -0.19112 0.362 -0.0012225 -0.03438 0.059404 -0.053426 0.023905 -0.046581 0.051726 0.023905 -0.048461 -0.31766 0.087029 0.28972 0.27535 0.055926 0.20014 -0.27455 0.086442 0.055453 0.28357 0.16576 -0.010327 -0.29618 0.069457 -0.022257 0.29408 0.21407 -0.076648 -0.18712 -0.271 -0.26336 0.12863 -0.29874 -0.25264 -0.24741 -0.23878 -0.59018 0.10505 -0.23334 -0.57922 -0.26346 -0.31136 -0.64707 0.14341 -0.2964 -0.63678 -0.0052073 -0.28847 0.53355
-0.15474 -0.10179 0.3305 0.13482 -0.12284 0.33211 -0.014284 -0.17712 0.3696 -0.0020276 -0.032018 0.060841 -0.053099 0.021918 -0.047925 0.051656 0.021918 -0.049478 -0.32293 0.09812 0.2833 0.27987 0.059811 0.20453 -0.27758 0.097948 0.045465 0.29147 0.16337 -0.011122 -0.30454 0.068862 -0.026214 0.30431 0.20928 -0.078827 -0.18851 -0.27104 -0.26571 0.12326 -0.30195 -0.25251 -0.24683 -0.24177 -0.59314 0.10005 -0.23775 -0.57935 -0.26364 -0.31377 -0.65058 0.13801 -0.30106 -0.63691 -0.0091319 -0.27482 0.54102
-0.15648 -0.088403 0.33515 0.13354 -0.11483 0.33379 -0.016148 -0.16302 0.3762 -0.0024592 -0.02978 0.062009 -0.052747 0.01997 -0.049153 0.051589 0.01997 -0.05037 -0.32582 0.10765 0.27743 0.2889 0.062666 0.21061 -0.28059 0.11236 0.036809 0.30488 0.15961 -0.0094216 -0.31002 0.071593 -0.028448 0.32025 0.20204 -0.078817 -0.18979 -0.27024 -0.26942 0.1182 -0.30451 -0.25402 -0.24632 -0.24291 -0.59734 0.095366 -0.24173 -0.58117 -0.26364 -0.31445 -0.65523 0.1329 -0.30531 -0.63871 -0.01306 -0.26095 0.54757
-0.15638 -0.075261 0.34022 0.13472 -0.10722 0.33528 -0.015756 -0.14854 0.38198 -0.0025957 -0.027581 0.062979 -0.052454 0.018042 -0.050199 0.051556 0.018042 -0.051124 -0.32663 0.11663 0.27189 0.30084 0.064168 0.21705 -0.28384 0.12571 0.030259 0.31907 0.15252 -0.0066627 -0.31321 0.075432 -0.029459 0.33634 0.18966 -0.078341 -0.19126 -0.26893 -0.27374 0.11316 -0.30672 -0.25641 -0.24628 -0.24286 -0.60204 0.090716 -0.24563 -0.58392 -0.26401 -0.31402 -0.66027 0.12776 -0.30953 -0.64143 -0.017004 -0.24638 0.55342
-0.15496 -0.061484 0.34542 0.13737 -0.099298 0.33665 -0.013926 -0.13345 0.38711 -0.0025155 -0.025336 0.063816 -0.052303 0.016116 -0.050998 0.051584 0.016116 -0.051726 -0.3257 0.12606 0.26645 0.31411 0.063998 0.22251 -0.28761 0.13403 0.026588 0.3293 0.14013 -0.0042835 -0.31467 0.078162 -0.029751 0.34698 0.16951 -0.079122 -0.19323 -0.26745 -0.27791 0.10786 -0.30888 -0.2589 -0.24708 -0.24227 -0.60648 0.085803 -0.24986 -0.58682 -0.26525 -0.31309 -0.66496 0.12226 -0.31412 -0.64429 -0.020977 -0.23059 0.55875
-0.15277 -0.046194 0.35043 0.14052 -0.09039 0.338 -0.011475 -0.11747 0.39176 -0.002297 -0.022961 0.06459 -0.052377 0.014173 -0.051485 0.051703 0.014173 -0.052162 -0.32335 0.13694 0.26088 0.32712 0.061833 0.22565 -0.29217 0.13336 0.02657 0.33085 0.12047 -0.0037219 -0.31497 0.077566 -0.029824 0.34659 0.1389 -0.082882 -0.19601 -0.26612 -0.28118 0.10201 -0.31129 -0.26073 -0.2491 -0.24179 -0.60994 0.080334 -0.2548 -0.5891 -0.26791 -0.3123 -0.66855 0.11609 -0.31948 -0.64653 -0.024991 -0.2131 0.56375
-0.15022 -0.028924 0.35492 0.14338 -0.080029 0.33931 -0.0090231 -0.10051 0.39603 -0.0020024 -0.020403 0.06535 -0.052727 0.012202 -0.051622 0.051932 0.012202 -0.052426 -0.3199 0.14981 0.25494 0.3386 0.057688 0.22553 -0.29774 0.12144 0.030438 0.32069 0.092784 -0.0054538 -0.31478 0.072124 -0.030042 0.33166 0.096945 -0.089789 -0.19969 -0.26529 -0.28297 0.095538 -0.31418 -0.2613 -0.25248 -0.24197 -0.61183 0.07421 -0.26068 -0.59017 -0.27219 -0.31216 -0.67046 0.10916 -0.32584 -0.64756 -0.028987 -0.19372 0.56854
-0.14736 -0.010539 0.35856 0.14573 -0.068475 0.34013 -0.0065536 -0.083009 0.39987 -0.0016413 -0.017715 0.066084 -0.053296 0.010213 -0.051462 0.052251 0.010213 -0.052534 -0.31559 0.16362 0.24839 0.34824 0.052662 0.22244 -0.30448 0.10157 0.036686 0.30139 0.060133 -0.0068465 -0.31504 0.062567 -0.030319 0.30533 0.048408 -0.094995 -0.20365 -0.26528 -0.28325 0.088994 -0.31751 -0.26064 -0.2565 -0.24301 -0.61216 0.067957 -0.26727 -0.59003 -0.27728 -0.31296 -0.67067 0.10208 -0.3329 -0.64738 -0.032668 -0.17326 0.57297
-0.14414 0.0078306 0.36101 0.14745 -0.056133 0.33996 -0.0039227 -0.065501 0.40318 -0.0012128 -0.014972 0.06677 -0.054006 0.0082218 -0.051077 0.052634 0.0082218 -0.052504 -0.31067 0.17703 0.24095 0.35594 0.048073 0.21692 -0.31248 0.078165 0.043455 0.2766 0.026372 -0.0046405 -0.31675 0.050082 -0.030477 0.27211 -0.0007922 -0.09264 -0.20715 -0.2664 -0.28212 0.083078 -0.32119 -0.25887 -0.2603 -0.24505 -0.61103 0.06223 -0.27424 -0.58875 -0.28215 -0.3149 -0.66925 0.095649 -0.34023 -0.64611 -0.035691 -0.15273 0.57682
-0.14055 0.025053 0.36194 0.14846 -0.043412 0.33827 -0.00098643 -0.048527 0.40585 -0.00071579 -0.012248 0.067385 -0.054779 0.0062432 -0.050539 0.053054 0.0062432 -0.052358 -0.30539 0.18871 0.23238 0.36158 0.045238 0.20952 -0.32189 0.055636 0.048888 0.25 -0.0046469 0.0044239 -0.32091 0.035855 -0.030339 0.2365 -0.044739 -0.076863 -0.20943 -0.26898 -0.27968 0.078485 -0.32514 -0.25613 -0.26301 -0.24823 -0.60856 0.05768 -0.28126 -0.58646 -0.28581 -0.31821 -0.6663 0.090646 -0.34743 -0.64388 -0.037714 -0.13316 0.57991
-0.13654 0.039998 0.36099 0.14864 -0.030718 0.33457 0.0023994 -0.032626 0.40778 -0.00014944 -0.0096173 0.067905 -0.055538 0.004292 -0.049921 0.053485 0.004292 -0.052116 -0.29997 0.1973 0.22239 0.36506 0.045477 0.20077 -0.33279 0.038398 0.051125 0.22526 -0.029071 0.023606 -0.32851 0.021073 -0.029729 0.20299 -0.077514 -0.041802 -0.20974 -0.27334 -0.27601 0.075908 -0.32928 -0.25256 -0.26376 -0.25268 -0.60486 0.054963 -0.28801 -0.58323 -0.28722 -0.32309 -0.66188 0.087852 -0.35408 -0.6408 -0.038392 -0.11556 0.58201
-0.13211 0.051739 0.35795 0.14793 -0.018425 0.32847 0.0063381 -0.018263 0.40891 0.00048199 -0.0071357 0.068308 -0.056212 0.0023848 -0.049288 0.0539 0.0023848 -0.0518 -0.29463 0.20175 0.21085 0.36638 0.049779 0.19127 -0.34511 0.030068 0.048674 0.2056 -0.043783 0.055163 -0.34024 0.0068737 -0.028518 0.1756 -0.09436 0.016444 -0.20754 -0.27967 -0.27126 0.075846 -0.33351 -0.24829 -0.26192 -0.25848 -0.60007 0.054552 -0.29418 -0.5792 -0.28563 -0.32967 -0.65615 0.087832 -0.35982 -0.63701 -0.037468 -0.10072 0.583
-0.12737 0.060634 0.35322 0.14652 -0.0067089 0.32053 0.010681 -0.0054433 0.40932 0.0011415 -0.0047389 0.068581 -0.056785 0.0005483 -0.048674 0.054274 0.0005483 -0.051448 -0.28935 0.2028 0.19822 0.36623 0.057111 0.18187 -0.35735 0.029346 0.042301 0.19145 -0.0502 0.095162 -0.35486 -0.0058912 -0.026877 0.15536 -0.097666 0.089706 -0.20356 -0.28731 -0.2658 0.077585 -0.33774 -0.2436 -0.25826 -0.26544 -0.59456 0.055814 -0.29968 -0.57464 -0.28198 -0.33752 -0.64966 0.089811 -0.36466 -0.63277 -0.035211 -0.088028 0.58316
-0.12246 0.067525 0.34744 0.14472 0.0043294 0.31162 0.015184 0.0060034 0.40917 0.0017796 -0.0023179 0.068714 -0.057257 -0.0011873 -0.048099 0.054582 -0.0011873 -0.051106 -0.28402 0.20185 0.18523 0.36552 0.065672 0.17351 -0.36753 0.033056 0.033629 0.18217 -0.051468 0.13731 -0.37036 -0.016482 -0.02509 0.14219 -0.092546 0.16521 -0.199 -0.2953 -0.26009 0.079946 -0.34185 -0.23879 -0.25411 -0.27324 -0.58881 0.057697 -0.30451 -0.56987 -0.2778 -0.34602 -0.64313 0.0925 -0.36873 -0.62836 -0.03209 -0.076352 0.58292
-0.11756 0.073255 0.34128 0.1428 0.01459 0.30263 0.019602 0.016247 0.40862 0.0023469 0.0002367 0.068696 -0.057633 -0.0027916 -0.047583 0.054797 -0.0027916 -0.050816 -0.27853 0.20032 0.1726 0.36521 0.073658 0.16715 -0.37365 0.03802 0.024285 0.17713 -0.050736 0.17532 -0.38477 -0.024159 -0.023442 0.13597 -0.084122 0.23017 -0.19511 -0.30267 -0.25461 0.081751 -0.34573 -0.23414 -0.2508 -0.28157 -0.58327 0.059146 -0.30864 -0.56521 -0.27466 -0.35452 -0.63727 0.094612 -0.37217 -0.62408 -0.028574 -0.064547 0.58273
-0.11282 0.07867 0.33539 0.14107 0.023974 0.29445 0.02369 0.025458 0.40782 0.0027939 0.0030342 0.068517 -0.057912 -0.0042343 -0.047146 0.054896 -0.0042343 -0.050624 -0.27278 0.19963 0.16106 0.36621 0.079263 0.16373 -0.37371 0.041061 0.015897 0.1757 -0.051151 0.20289 -0.39608 -0.028182 -0.022217 0.13661 -0.077511 0.27181 -0.19308 -0.30844 -0.24982 0.081823 -0.34929 -0.22997 -0.24965 -0.29012 -0.57842 0.059107 -0.31206 -0.56101 -0.27411 -0.36239 -0.6328 0.09486 -0.37512 -0.62023 -0.025134 -0.051472 0.58303
-0.10839 0.084556 0.33038 0.13978 0.032382 0.28791 0.027198 0.033793 0.40694 0.0030756 0.006172 0.068167 -0.058099 -0.0054889 -0.046806 0.054856 -0.0054889 -0.050569 -0.26668 0.20108 0.15127 0.36934 0.080814 0.16409 -0.3659 0.039238 0.010036 0.17727 -0.055667 0.21417 -0.40235 -0.027923 -0.021621 0.14396 -0.077526 0.27836 -0.19403 -0.31173 -0.24616 0.079088 -0.3524 -0.22657 -0.25187 -0.2986 -0.57468 0.05662 -0.31477 -0.55758 -0.27756 -0.36905 -0.63036 0.092067 -0.37771 -0.61708 -0.02221 -0.036095 0.58421
-0.1046 0.091005 0.32635 0.13878 0.039735 0.28321 0.029793 0.041261 0.40603 0.0032036 0.0095977 0.06766 -0.058207 -0.006578 -0.046551 0.054705 -0.006578 -0.050622 -0.26053 0.20472 0.14323 0.3739 0.078279 0.16738 -0.35051 0.032639 0.0075789 0.18163 -0.064737 0.20884 -0.4023 -0.024188 -0.02085 0.15731 -0.08505 0.25108 -0.19766 -0.31265 -0.24371 0.073818 -0.35499 -0.2241 -0.25714 -0.30705 -0.57206 0.051911 -0.31685 -0.5551 -0.28463 -0.37474 -0.6298 0.086486 -0.38003 -0.61482 -0.019894 -0.018779 0.58624
-0.10183 0.097624 0.32304 0.13766 0.045969 0.28013 0.031085 0.047763 0.40511 0.0032283 0.013156 0.067021 -0.058256 -0.0075578 -0.046348 0.054507 -0.0075578 -0.050708 -0.25489 0.20968 0.13648 0.37815 0.072761 0.17164 -0.32927 0.023431 0.0089263 0.18884 -0.0771 0.19043 -0.39506 -0.018763 -0.018407 0.17558 -0.09827 0.20013 -0.20275 -0.312 -0.24228 0.067205 -0.35698 -0.22269 -0.26409 -0.31576 -0.57028 0.046028 -0.31848 -0.5537 -0.29372 -0.38024 -0.63043 0.079349 -0.38214 -0.61358 -0.018032 -0.00084265 0.58876
-0.10049 0.10401 0.32018 0.13597 0.05102 0.27843 0.030685 0.0532 0.40421 0.003201 0.016689 0.066277 -0.058269 -0.0084853 -0.046165 0.054323 -0.0084853 -0.050753 -0.25033 0.21509 0.13054 0.38033 0.065379 0.17486 -0.30398 0.013826 0.014468 0.19896 -0.091461 0.16253 -0.37981 -0.013456 -0.012779 0.19766 -0.11532 0.1359 -0.208 -0.31061 -0.24169 0.060462 -0.35829 -0.22241 -0.27133 -0.325 -0.56907 0.04003 -0.31981 -0.55347 -0.30321 -0.38633 -0.63151 0.071909 -0.38411 -0.61346 -0.016466 0.016374 0.5914
-0.10099 0.10977 0.31751 0.13328 0.054822 0.27787 0.028204 0.057471 0.40332 0.0031729 0.02004 0.065454 -0.058265 -0.0094174 -0.045967 0.054218 -0.0094174 -0.050681 -0.24741 0.22009 0.12495 0.37866 0.057258 0.17505 -0.27641 0.0060301 0.024596 0.21206 -0.10652 0.12871 -0.35568 -0.010075 -0.002456 0.22246 -0.13433 0.068721 -0.21216 -0.30929 -0.24174 0.0548 -0.35885 -0.22337 -0.27747 -0.33507 -0.56814 0.03498 -0.321 -0.55453 -0.31147 -0.39381 -0.63234 0.065417 -0.38598 -0.61459 -0.015039 0.031533 0.59379
-0.1037 0.11451 0.31477 0.12918 0.057315 0.2782 0.023267 0.060482 0.40247 0.0031944 0.023053 0.06458 -0.058267 -0.01041 -0.045722 0.054252 -0.01041 -0.050418 -0.24667 0.22381 0.11923 0.37145 0.049503 0.17026 -0.24832 0.0022115 0.039672 0.22816 -0.12101 0.092551 -0.3219 -0.010381 0.014028 0.24887 -0.15345 0.0088305 -0.21399 -0.30885 -0.24226 0.051409 -0.35859 -0.22566 -0.28114 -0.34624 -0.5672 0.031919 -0.32221 -0.55698 -0.31689 -0.40346 -0.63222 0.061104 -0.38781 -0.61707 -0.013597 0.043321 0.59559
-0.10855 0.11807 0.31189 0.12366 0.058566 0.27917 0.016048 0.062287 0.40166 0.0032889 0.025667 0.063671 -0.058279 -0.011469 -0.045428 0.054447 -0.011469 -0.049943 -0.24815 0.22591 0.11325 0.35844 0.042721 0.16002 -0.22095 0.0031344 0.059173 0.24641 -0.13421 0.057008 -0.27945 -0.014677 0.036627 0.27521 -0.17149 -0.037946 -0.21306 -0.30961 -0.24309 0.0507 -0.35755 -0.22917 -0.28187 -0.3584 -0.56613 0.031217 -0.32352 -0.56071 -0.3189 -0.41535 -0.63087 0.059463 -0.38959 -0.62082 -0.012113 0.051296 0.59664
-0.11486 0.12061 0.30902 0.11721 0.058792 0.2805 0.0073784 0.06312 0.40089 0.0034469 0.027931 0.062738 -0.058293 -0.012546 -0.045114 0.054776 -0.012546 -0.049302 -0.25125 0.22668 0.10726 0.34117 0.036912 0.14566 -0.19487 0.0078732 0.081509 0.26483 -0.14607 0.024287 -0.23141 -0.021499 0.063476 0.29917 -0.18803 -0.071081 -0.20993 -0.31131 -0.24414 0.052151 -0.35589 -0.23355 -0.28023 -0.37105 -0.56497 0.032434 -0.32487 -0.56535 -0.31812 -0.42873 -0.62852 0.060105 -0.39121 -0.62549 -0.01071 0.056059 0.59706
-0.12193 0.12228 0.30634 0.11036 0.058223 0.28191 -0.0018698 0.063225 0.40013 0.0036571 0.029903 0.061786 -0.058295 -0.013585 -0.044815 0.055207 -0.013585 -0.048543 -0.25532 0.22641 0.10155 0.32129 0.032041 0.12861 -0.17066 0.015402 0.10502 0.28141 -0.15662 -0.003448 -0.18102 -0.029281 0.0926 0.3184 -0.2027 -0.090363 -0.20525 -0.31367 -0.24529 0.055186 -0.35381 -0.23843 -0.27684 -0.38361 -0.56375 0.035083 -0.32621 -0.57051 -0.31526 -0.4428 -0.62544 0.062583 -0.39255 -0.63074 -0.0095207 0.058277 0.59695
-0.12907 0.12324 0.304 0.10364 0.057087 0.28311 -0.010826 0.062849 0.39939 0.0039081 0.031638 0.060824 -0.058275 -0.014532 -0.044564 0.055711 -0.014532 -0.047713 -0.25973 0.22541 0.096399 0.30044 0.028073 0.1103 -0.14884 0.024694 0.12806 0.29411 -0.16583 -0.024031 -0.1315 -0.036457 0.12202 0.33052 -0.21513 -0.095578 -0.19964 -0.3164 -0.24646 0.059227 -0.35146 -0.24346 -0.27234 -0.39555 -0.56254 0.038677 -0.32749 -0.57582 -0.31103 -0.45675 -0.6219 0.066454 -0.3935 -0.63621 -0.0086782 0.058616 0.59644
-0.13557 0.12367 0.30217 0.09757 0.055612 0.28382 -0.018619 0.062236 0.39866 0.0041886 0.033192 0.05986 -0.058221 -0.015334 -0.044394 0.056258 -0.015334 -0.046863 -0.26385 0.22401 0.092081 0.28028 0.024972 0.092167 -0.12999 0.034724 0.14896 0.3009 -0.17374 -0.035298 -0.086073 -0.041458 0.14977 0.33319 -0.22494 -0.086516 -0.19373 -0.31921 -0.24753 0.063695 -0.34904 -0.24826 -0.26737 -0.40629 -0.56137 0.04273 -0.32866 -0.58089 -0.30614 -0.4698 -0.61816 0.071274 -0.39394 -0.64155 -0.0083151 0.057741 0.59566
-0.14074 0.12372 0.30103 0.092672 0.054026 0.28376 -0.024377 0.061631 0.39793 0.0044872 0.034623 0.058901 -0.058121 -0.015935 -0.044338 0.056815 -0.015935 -0.046039 -0.26703 0.2225 0.088878 0.26245 0.022704 0.075633 -0.11465 0.044465 0.16607 0.29977 -0.18032 -0.035085 -0.047973 -0.04272 0.17388 0.32405 -0.23178 -0.062964 -0.18814 -0.32182 -0.24841 0.068014 -0.34672 -0.25247 -0.26256 -0.4153 -0.56029 0.046753 -0.32965 -0.58534 -0.30128 -0.48112 -0.6145 0.076597 -0.39375 -0.64641 -0.0085643 0.056318 0.59471
-0.14387 0.12355 0.30074 0.089474 0.052557 0.28265 -0.02723 0.06128 0.39718 0.0047925 0.035987 0.057955 -0.057964 -0.016283 -0.04443 0.057353 -0.016283 -0.04529 -0.26864 0.2212 0.087071 0.24858 0.021232 0.062134 -0.10337 0.052892 0.17774 0.28869 -0.18559 -0.021226 -0.020423 -0.038674 0.19236 0.30073 -0.23526 -0.024709 -0.18351 -0.32393 -0.24901 0.071607 -0.34468 -0.25572 -0.25855 -0.42201 -0.55936 0.05026 -0.33043 -0.58878 -0.29717 -0.48993 -0.61118 0.08198 -0.39282 -0.65044 -0.0095586 0.055013 0.59373
-0.14427 0.12333 0.30146 0.088501 0.051435 0.2802 -0.026306 0.061426 0.39641 0.0050933 0.037339 0.057029 -0.057738 -0.016323 -0.044703 0.057842 -0.016323 -0.044665 -0.26804 0.22042 0.086938 0.24034 0.020522 0.0531 -0.096696 0.058978 0.18231 0.26562 -0.18956 0.0084421 -0.006648 -0.027754 0.20324 0.26087 -0.23502 0.028461 -0.18046 -0.32526 -0.24921 0.073895 -0.3431 -0.25765 -0.25596 -0.42588 -0.55862 0.052764 -0.33093 -0.59083 -0.29451 -0.49542 -0.60846 0.086978 -0.39103 -0.65328 -0.011431 0.054491 0.59284
-0.14124 0.12321 0.30337 0.090277 0.050886 0.27614 -0.020734 0.062315 0.39561 0.0053782 0.038737 0.056131 -0.057433 -0.016 -0.045191 0.058251 -0.016 -0.044212 -0.2646 0.22046 0.08876 0.23936 0.020539 0.049962 -0.095191 0.061698 0.17812 0.22854 -0.19221 0.056085 -0.0098747 -0.0083936 0.20455 0.20212 -0.23069 0.096757 -0.17962 -0.32552 -0.24891 0.0743 -0.34215 -0.2579 -0.25544 -0.42634 -0.55812 0.053776 -0.3311 -0.59111 -0.29401 -0.49679 -0.60662 0.091146 -0.38827 -0.65459 -0.014313 0.055418 0.59214
-0.13407 0.12337 0.30663 0.095328 0.05114 0.27017 -0.0096433 0.064193 0.39478 0.0056358 0.040237 0.05527 -0.057035 -0.01526 -0.045926 0.058548 -0.01526 -0.04398 -0.25767 0.22165 0.092817 0.24729 0.021247 0.054152 -0.099402 0.060024 0.16352 0.17543 -0.19357 0.12387 -0.033329 0.020975 0.19432 0.12212 -0.22189 0.18039 -0.18162 -0.32441 -0.24803 0.072247 -0.34201 -0.25609 -0.25762 -0.42285 -0.55791 0.052811 -0.3309 -0.58924 -0.29637 -0.49324 -0.60592 0.094041 -0.38443 -0.65401 -0.018339 0.058459 0.59177
