-0.10479 -0.0068682 0.32842 0.15779 -0.014066 0.29729 0.037146 -0.029644 0.40646 0.0071483 -0.0075357 0.067806 -0.056087 0.0018084 -0.049457 0.048816 0.0018084 -0.056646 -0.16194 0.0017758 0.068978 0.29891 0.012741 0.073641 -0.20245 -0.046947 -0.15939 0.25629 -0.17246 0.21524 -0.19852 -0.043728 -0.24194 0.26342 -0.20566 0.29066 -0.10979 0.074817 -0.42857 0.057628 0.07224 -0.43993 -0.1557 0.17426 -0.744 0.022769 0.14216 -0.76456 -0.20869 0.13166 -0.80832 0.0025073 0.098343 -0.84475 0.017291 -0.077839 0.59671
-0.096877 -0.0090894 0.32729 0.15345 -0.014513 0.28239 0.044852 -0.031108 0.40594 0.0080883 -0.0075468 0.067705 -0.056443 0.001916 -0.048976 0.048466 0.001916 -0.056935 -0.15115 -0.0018193 0.067288 0.30984 -0.0018504 0.067731 -0.19495 -0.044373 -0.16133 0.26151 -0.17687 0.21487 -0.19245 -0.040933 -0.24376 0.26809 -0.20258 0.29032 -0.10812 0.074935 -0.42832 0.059561 0.072286 -0.44013 -0.15391 0.17331 -0.74409 0.024885 0.14222 -0.76477 -0.20702 0.13081 -0.80839 0.0045599 0.10614 -0.84876 0.018973 -0.078505 0.59539
-0.090969 -0.010566 0.32647 0.14971 -0.015478 0.2709 0.050604 -0.032132 0.40555 0.0088255 -0.0075387 0.067627 -0.056708 0.0019921 -0.04862 0.048166 0.0019921 -0.057183 -0.14271 -0.0046243 0.065978 0.31819 -0.017101 0.064367 -0.18934 -0.041998 -0.16284 0.26476 -0.1835 0.21655 -0.18807 -0.038335 -0.24519 0.27023 -0.20294 0.29226 -0.10667 0.075061 -0.42816 0.061337 0.072356 -0.44029 -0.15233 0.17238 -0.74427 0.026847 0.14233 -0.76494 -0.20557 0.12998 -0.80851 0.0062776 0.11242 -0.85185 0.019841 -0.078674 0.5944
-0.0869 -0.011362 0.32594 0.14654 -0.016907 0.26256 0.054563 -0.032751 0.40528 0.0093754 -0.0075125 0.06757 -0.056894 0.0020398 -0.048376 0.047913 0.0020398 -0.057393 -0.13643 -0.0066978 0.065015 0.32414 -0.032903 0.06336 -0.18548 -0.039817 -0.16395 0.26621 -0.19218 0.22006 -0.18524 -0.035936 -0.24625 0.27006 -0.20648 0.29623 -0.1054 0.075187 -0.42807 0.062962 0.07245 -0.44041 -0.15094 0.17148 -0.74451 0.028657 0.14247 -0.76507 -0.20432 0.12916 -0.80869 0.0076788 0.11731 -0.8541 0.019968 -0.078383 0.59372
-0.084501 -0.011542 0.32566 0.14389 -0.018745 0.25708 0.056891 -0.033001 0.40511 0.0097532 -0.0074696 0.067533 -0.057009 0.0020618 -0.04823 0.047704 0.0020618 -0.057567 -0.13213 -0.0080988 0.064365 0.32786 -0.049146 0.064517 -0.18318 -0.037824 -0.16471 0.266 -0.20271 0.2252 -0.18381 -0.033736 -0.24699 0.26783 -0.21294 0.30195 -0.1043 0.075311 -0.42806 0.064439 0.072571 -0.4405 -0.14974 0.17059 -0.74481 0.030314 0.14264 -0.76516 -0.20325 0.12834 -0.80891 0.0087816 0.1209 -0.85558 0.019423 -0.077672 0.59332
-0.083603 -0.01117 0.32561 0.14174 -0.020935 0.25419 0.057751 -0.032918 0.40504 0.0099744 -0.0074112 0.067513 -0.057063 0.0020611 -0.048169 0.047537 0.0020611 -0.057708 -0.12962 -0.008886 0.063994 0.32954 -0.065722 0.067648 -0.1823 -0.036014 -0.16515 0.26431 -0.21489 0.23175 -0.18362 -0.031738 -0.24742 0.26376 -0.22207 0.30919 -0.10337 0.075426 -0.4281 0.065774 0.072722 -0.44055 -0.1487 0.16972 -0.74517 0.03182 0.14285 -0.76522 -0.20236 0.12751 -0.80918 0.0096042 0.12332 -0.85635 0.018277 -0.076578 0.59318
-0.084039 -0.010312 0.32575 0.14004 -0.023423 0.25362 0.057302 -0.032535 0.40506 0.010054 -0.0073384 0.067509 -0.057065 0.0020405 -0.048181 0.047407 0.0020405 -0.057817 -0.12871 -0.0091181 0.063868 0.32937 -0.082522 0.072561 -0.18266 -0.034383 -0.16531 0.26129 -0.22855 0.23951 -0.18454 -0.029943 -0.2476 0.25809 -0.2336 0.31768 -0.10258 0.075529 -0.4282 0.06697 0.072906 -0.44056 -0.14781 0.16886 -0.74556 0.033175 0.14308 -0.76524 -0.20162 0.12668 -0.80947 0.010165 0.12469 -0.8565 0.016601 -0.075137 0.59325
-0.085641 -0.0090318 0.32605 0.13876 -0.026153 0.2551 0.055709 -0.031888 0.40515 0.010009 -0.0072525 0.06752 -0.057026 0.002003 -0.048251 0.047312 0.002003 -0.057898 -0.12922 -0.0088539 0.063953 0.32752 -0.099437 0.079066 -0.1841 -0.032923 -0.16523 0.2571 -0.24347 0.24825 -0.1864 -0.028352 -0.24756 0.25107 -0.2473 0.32716 -0.10191 0.075613 -0.42833 0.068032 0.073124 -0.44055 -0.14707 0.168 -0.74599 0.03438 0.14335 -0.76523 -0.20101 0.12582 -0.80979 0.010482 0.1251 -0.85608 0.014464 -0.07339 0.59353
-0.088241 -0.0073935 0.32649 0.13787 -0.029068 0.25835 0.053132 -0.031013 0.4053 0.0098525 -0.0071548 0.067543 -0.056953 0.0019514 -0.048366 0.04725 0.0019514 -0.057952 -0.13095 -0.0081523 0.064215 0.32417 -0.11636 0.086972 -0.18645 -0.03163 -0.16495 0.25191 -0.25948 0.25777 -0.18908 -0.026967 -0.24732 0.24292 -0.2629 0.33739 -0.10136 0.075674 -0.4285 0.068964 0.073379 -0.4405 -0.14645 0.16712 -0.74644 0.035435 0.14365 -0.76519 -0.20053 0.12494 -0.81013 0.010574 0.12469 -0.85517 0.011937 -0.071372 0.59397
-0.09167 -0.0054619 0.32703 0.13731 -0.032115 0.2631 0.049733 -0.029944 0.40552 0.0096013 -0.0070464 0.067577 -0.056858 0.0018886 -0.048513 0.047216 0.0018886 -0.057983 -0.13372 -0.0070721 0.064619 0.31951 -0.13317 0.096087 -0.18956 -0.030498 -0.16451 0.24587 -0.27638 0.26785 -0.19241 -0.025789 -0.24693 0.23388 -0.28014 0.3481 -0.1009 0.075707 -0.42869 0.069771 0.073674 -0.44043 -0.14595 0.16624 -0.7469 0.036342 0.14398 -0.76513 -0.20015 0.12403 -0.81047 0.010458 0.12356 -0.85383 0.0090903 -0.069122 0.59455
-0.095759 -0.0033015 0.32764 0.13707 -0.035237 0.26907 0.045673 -0.028716 0.40578 0.0092704 -0.0069287 0.06762 -0.056749 0.0018174 -0.048679 0.047208 0.0018174 -0.057993 -0.13733 -0.0056719 0.065133 0.31372 -0.14978 0.10622 -0.19325 -0.029522 -0.16394 0.23915 -0.29397 0.27828 -0.19625 -0.024819 -0.24643 0.22419 -0.29878 0.35903 -0.10052 0.075707 -0.42889 0.070458 0.074012 -0.44034 -0.14555 0.16533 -0.74737 0.0371 0.14433 -0.76504 -0.19986 0.12308 -0.81082 0.010153 0.12183 -0.85215 0.005995 -0.066679 0.59526
-0.10034 -0.00097677 0.32829 0.13709 -0.038378 0.276 0.041115 -0.027366 0.40607 0.0088753 -0.0068027 0.067671 -0.056637 0.0017409 -0.048851 0.047222 0.0017409 -0.057983 -0.14162 -0.0040107 0.065722 0.30699 -0.16606 0.11718 -0.19737 -0.028697 -0.16329 0.2319 -0.31207 0.28886 -0.20045 -0.024059 -0.24584 0.21408 -0.31855 0.36994 -0.10021 0.07567 -0.4291 0.071028 0.074394 -0.44022 -0.14524 0.1644 -0.74783 0.037711 0.1447 -0.76493 -0.19965 0.12208 -0.81116 0.009678 0.1196 -0.85018 0.0027213 -0.064078 0.59604
-0.10525 0.0014477 0.32896 0.13735 -0.041483 0.2836 0.036221 -0.025927 0.40639 0.0084314 -0.0066698 0.067727 -0.05653 0.0016618 -0.049014 0.047257 0.0016618 -0.057958 -0.14637 -0.0021471 0.066351 0.29948 -0.18192 0.12878 -0.20174 -0.028017 -0.16259 0.22429 -0.33049 0.29936 -0.20486 -0.023509 -0.2452 0.20379 -0.3392 0.38056 -0.099948 0.075589 -0.4293 0.071486 0.074823 -0.44008 -0.14501 0.16343 -0.74827 0.038176 0.1451 -0.7648 -0.19949 0.12103 -0.81148 0.0090501 0.117 -0.848 -0.0006606 -0.06136 0.59689
-0.11031 0.0039075 0.32961 0.13781 -0.044498 0.29161 0.031152 -0.024436 0.40673 0.007954 -0.0065313 0.067788 -0.056438 0.0015831 -0.049157 0.047308 0.0015831 -0.057918 -0.15141 -0.00014004 0.066988 0.29139 -0.19723 0.14082 -0.20621 -0.027476 -0.16188 0.21648 -0.34902 0.30958 -0.20934 -0.023173 -0.24455 0.19356 -0.36048 0.39064 -0.09972 0.075461 -0.42948 0.071837 0.075302 -0.43992 -0.14484 0.16242 -0.74869 0.038495 0.14553 -0.76465 -0.19938 0.11992 -0.81179 0.0082879 0.11414 -0.84568 -0.0040801 -0.05856 0.59777
-0.11537 0.006338 0.3302 0.13843 -0.047365 0.29975 0.026069 -0.022926 0.40707 0.0074586 -0.0063882 0.067852 -0.056371 0.0015076 -0.049265 0.047373 0.0015076 -0.057867 -0.15656 0.0019518 0.067597 0.2829 -0.2119 0.15312 -0.21062 -0.027069 -0.1612 0.20863 -0.36748 0.3193 -0.21373 -0.02305 -0.24392 0.18361 -0.38213 0.39992 -0.099512 0.07528 -0.42963 0.072085 0.075834 -0.43974 -0.14471 0.16136 -0.74907 0.038668 0.14597 -0.76449 -0.19929 0.11875 -0.81206 0.0074096 0.11113 -0.84328 -0.0074667 -0.055718 0.59866
-0.12024 0.0086747 0.33072 0.13917 -0.05003 0.30775 0.021135 -0.021434 0.40741 0.0069605 -0.0062418 0.067916 -0.056338 0.0014382 -0.049325 0.047449 0.0014382 -0.057807 -0.16161 0.0040696 0.068145 0.27419 -0.2258 0.16547 -0.21478 -0.026791 -0.16059 0.2009 -0.38568 0.32831 -0.2179 -0.023143 -0.24334 0.1742 -0.4039 0.40815 -0.099307 0.075041 -0.42975 0.072235 0.07642 -0.43955 -0.14462 0.16026 -0.74941 0.038697 0.14643 -0.76431 -0.19921 0.1175 -0.8123 0.0064335 0.10809 -0.84089 -0.01075 -0.05287 0.59952
-0.12477 0.010853 0.33113 0.14 -0.052437 0.31533 0.016512 -0.019995 0.40774 0.0064751 -0.0060935 0.067979 -0.056349 0.0013778 -0.049325 0.047532 0.0013778 -0.05774 -0.16639 0.0061545 0.068599 0.26544 -0.23885 0.17771 -0.21855 -0.026636 -0.16008 0.19344 -0.40343 0.3364 -0.22168 -0.023452 -0.24286 0.16555 -0.42553 0.41507 -0.099089 0.074739 -0.42982 0.07229 0.077063 -0.43935 -0.14456 0.15909 -0.74969 0.038582 0.14691 -0.76412 -0.19912 0.11618 -0.8125 0.0053777 0.10512 -0.83856 -0.01386 -0.050056 0.60033
-0.12878 0.012809 0.3314 0.14088 -0.05453 0.32223 0.012361 -0.018643 0.40804 0.0060179 -0.0059443 0.068039 -0.056413 0.0013293 -0.04925 0.047619 0.0013293 -0.057668 -0.17071 0.0081479 0.068923 0.25683 -0.25091 0.18962 -0.22176 -0.026599 -0.15972 0.18643 -0.42052 0.34336 -0.22494 -0.02398 -0.24251 0.1579 -0.44676 0.42043 -0.098844 0.07437 -0.42984 0.072256 0.077765 -0.43913 -0.1445 0.15785 -0.74991 0.038324 0.14741 -0.76393 -0.19901 0.11477 -0.81264 0.0042606 0.10235 -0.83637 -0.016725 -0.047312 0.60107
-0.1321 0.014477 0.3315 0.14178 -0.056254 0.32815 0.0088439 -0.017413 0.4083 0.0056041 -0.0057955 0.068095 -0.05654 0.0012955 -0.049087 0.047709 0.0012955 -0.057596 -0.17437 0.0099908 0.069085 0.24855 -0.2619 0.20102 -0.22424 -0.026674 -0.15954 0.18002 -0.43678 0.34898 -0.22752 -0.024727 -0.24232 0.15148 -0.46735 0.42396 -0.098556 0.073928 -0.4298 0.072136 0.07853 -0.4389 -0.14444 0.15654 -0.75005 0.037923 0.14793 -0.76372 -0.19886 0.11327 -0.81273 0.0031003 0.099886 -0.83439 -0.019276 -0.044676 0.6017
-0.13457 0.015794 0.3314 0.14265 -0.057554 0.33285 0.0061226 -0.016342 0.40852 0.0052493 -0.0056484 0.068145 -0.05674 0.0012795 -0.048824 0.047796 0.0012795 -0.057523 -0.1772 0.011625 0.069049 0.24077 -0.27168 0.21172 -0.22582 -0.026857 -0.15959 0.17438 -0.452 0.35303 -0.22928 -0.025694 -0.24233 0.14653 -0.48703 0.42541 -0.098209 0.073409 -0.42968 0.071935 0.079359 -0.43867 -0.14436 0.15515 -0.75011 0.037381 0.14846 -0.76352 -0.19866 0.11166 -0.81275 0.0019151 0.097843 -0.83268 -0.021442 -0.042187 0.6022
-0.13603 0.016694 0.33107 0.14347 -0.058374 0.33603 0.0043589 -0.015464 0.40869 0.0049688 -0.0055042 0.068188 -0.057021 0.001284 -0.048446 0.047879 0.001284 -0.057454 -0.179 0.01299 0.068782 0.23369 -0.28017 0.22153 -0.22636 -0.02714 -0.15989 0.16965 -0.466 0.35532 -0.23007 -0.026884 -0.24257 0.14329 -0.50555 0.42453 -0.097788 0.072807 -0.42947 0.071658 0.080256 -0.43844 -0.14425 0.15367 -0.75008 0.036697 0.149 -0.76331 -0.19838 0.10995 -0.81269 0.00072319 0.096335 -0.83132 -0.023152 -0.039881 0.60253
-0.13629 0.017114 0.33048 0.14418 -0.058659 0.33743 0.0037143 -0.014814 0.40879 0.004778 -0.0053641 0.068221 -0.057394 0.0013119 -0.047941 0.047955 0.0013119 -0.057391 -0.17958 0.014029 0.068251 0.22747 -0.28725 0.23025 -0.22567 -0.02752 -0.16049 0.16601 -0.47858 0.35562 -0.22974 -0.028298 -0.24308 0.142 -0.52265 0.42106 -0.097277 0.072118 -0.42917 0.071309 0.081222 -0.4382 -0.1441 0.1521 -0.74995 0.035873 0.14955 -0.7631 -0.19802 0.10813 -0.81256 -0.0004572 0.095476 -0.83039 -0.024337 -0.037798 0.60269
-0.13529 0.017024 0.32962 0.14478 -0.058387 0.33692 0.0042616 -0.01441 0.40882 0.004685 -0.0052291 0.068243 -0.05786 0.0013642 -0.047305 0.04802 0.0013642 -0.057334 -0.17887 0.014711 0.067442 0.22224 -0.29287 0.23778 -0.2237 -0.027976 -0.16141 0.16355 -0.48963 0.35387 -0.22823 -0.029913 -0.24387 0.14274 -0.53817 0.41492 -0.096669 0.071343 -0.42878 0.070894 0.082253 -0.43795 -0.14389 0.15044 -0.74971 0.034918 0.15011 -0.7629 -0.19756 0.1062 -0.81234 -0.0016104 0.095328 -0.8299 -0.024959 -0.035956 0.60264
-0.13321 0.01649 0.32853 0.14525 -0.057629 0.33473 0.0058405 -0.014228 0.40879 0.0046795 -0.0050996 0.068257 -0.058404 0.0014373 -0.046561 0.048078 0.0014373 -0.057284 -0.17702 0.015077 0.066398 0.21791 -0.29716 0.2442 -0.22063 -0.028451 -0.16259 0.16218 -0.49922 0.35032 -0.2257 -0.031648 -0.2449 0.14527 -0.55213 0.40653 -0.095977 0.070502 -0.4283 0.070421 0.083324 -0.43772 -0.14364 0.14872 -0.74939 0.033859 0.15068 -0.7627 -0.19702 0.10419 -0.81205 -0.0027273 0.095823 -0.82983 -0.025073 -0.034332 0.60242
-0.13025 0.015591 0.32726 0.14561 -0.056471 0.33119 0.0082529 -0.014233 0.40871 0.0047479 -0.0049757 0.068262 -0.059007 0.0015265 -0.045734 0.048128 0.0015265 -0.057239 -0.17426 0.015183 0.065172 0.21439 -0.30029 0.24965 -0.2167 -0.028882 -0.16399 0.16179 -0.50746 0.34531 -0.22236 -0.033408 -0.24613 0.14926 -0.56459 0.39637 -0.095217 0.069616 -0.42777 0.0699 0.08441 -0.43748 -0.14334 0.14696 -0.74899 0.032731 0.15126 -0.7625 -0.19641 0.10215 -0.8117 -0.0038002 0.096869 -0.8301 -0.024745 -0.032891 0.60207
-0.12662 0.014409 0.32587 0.14587 -0.054997 0.32658 0.011301 -0.014395 0.40859 0.0048766 -0.0048578 0.068261 -0.059648 0.0016272 -0.044851 0.048173 0.0016272 -0.057198 -0.17079 0.015082 0.063815 0.21156 -0.30241 0.25423 -0.21213 -0.029205 -0.16554 0.16227 -0.51447 0.33917 -0.2184 -0.035103 -0.24751 0.1544 -0.57561 0.38492 -0.094408 0.068707 -0.42719 0.069339 0.085482 -0.43726 -0.14299 0.14521 -0.74854 0.031564 0.15184 -0.76231 -0.19574 0.1001 -0.81132 -0.004821 0.098373 -0.83065 -0.024044 -0.031601 0.60162
-0.12255 0.013024 0.32441 0.14602 -0.053292 0.32122 0.014786 -0.014679 0.40844 0.0050522 -0.0047461 0.068254 -0.060309 0.001735 -0.04394 0.048214 0.001735 -0.05716 -0.16684 0.014829 0.062381 0.20933 -0.30367 0.25807 -0.20715 -0.029358 -0.1672 0.16351 -0.52033 0.33222 -0.21403 -0.036639 -0.24899 0.16037 -0.58526 0.37267 -0.093564 0.067798 -0.42658 0.068748 0.086515 -0.43705 -0.14261 0.14348 -0.74806 0.030393 0.15243 -0.76213 -0.19502 0.098089 -0.81092 -0.0057819 0.10025 -0.83143 -0.023037 -0.030429 0.60111
-0.11825 0.011515 0.32293 0.14609 -0.051442 0.31541 0.018511 -0.015053 0.40828 0.0052609 -0.0046408 0.068243 -0.060971 0.0018452 -0.043025 0.048252 0.0018452 -0.057125 -0.16261 0.014478 0.06092 0.20759 -0.30423 0.26131 -0.202 -0.029277 -0.1689 0.1654 -0.52518 0.32479 -0.20946 -0.037924 -0.25052 0.16684 -0.59361 0.3601 -0.092704 0.066911 -0.42597 0.068135 0.087481 -0.43686 -0.14219 0.14181 -0.74757 0.029248 0.15302 -0.76195 -0.19427 0.096154 -0.8105 -0.0066749 0.1024 -0.83237 -0.021793 -0.029342 0.60057
-0.11392 0.0099637 0.32148 0.14606 -0.049532 0.30945 0.022277 -0.015484 0.40811 0.0054894 -0.0045422 0.068229 -0.061614 0.0019534 -0.042134 0.04829 0.0019534 -0.057089 -0.15832 0.014083 0.059485 0.20623 -0.30425 0.26405 -0.1969 -0.028899 -0.17059 0.16782 -0.5291 0.3172 -0.20487 -0.038865 -0.25205 0.17351 -0.60071 0.3477 -0.091843 0.066068 -0.42537 0.067511 0.088352 -0.43669 -0.14174 0.14023 -0.74708 0.028164 0.15362 -0.76178 -0.19351 0.094331 -0.8101 -0.0074921 0.10473 -0.8334 -0.020378 -0.028308 0.60004
-0.10979 0.0084497 0.32012 0.14596 -0.047646 0.30366 0.025886 -0.01594 0.40794 0.0057241 -0.0044506 0.068214 -0.062219 0.0020548 -0.041292 0.048328 0.0020548 -0.057054 -0.15418 0.0137 0.058129 0.20515 -0.30389 0.26644 -0.19209 -0.02816 -0.17222 0.17065 -0.53222 0.30979 -0.20048 -0.039369 -0.25353 0.18005 -0.60663 0.33595 -0.090999 0.06529 -0.42481 0.066885 0.089103 -0.43655 -0.14126 0.13877 -0.74661 0.027171 0.15421 -0.76163 -0.19274 0.092657 -0.80972 -0.0082256 0.10716 -0.83448 -0.01886 -0.027293 0.59956
-0.10606 0.0070535 0.31888 0.14579 -0.04587 0.29833 0.02914 -0.016388 0.40779 0.0059514 -0.0043661 0.068199 -0.062767 0.0021451 -0.040527 0.048368 0.0021451 -0.057017 -0.15041 0.013381 0.056903 0.20424 -0.3033 0.26858 -0.18779 -0.026998 -0.17373 0.1738 -0.53464 0.30288 -0.19648 -0.039345 -0.25492 0.18614 -0.61143 0.32534 -0.090187 0.064601 -0.42429 0.066264 0.089706 -0.43643 -0.14076 0.13746 -0.74619 0.026303 0.1548 -0.76148 -0.19198 0.09117 -0.80938 -0.0088675 0.10959 -0.83553 -0.017308 -0.026264 0.59917
-0.10296 0.0058553 0.31784 0.14556 -0.044289 0.29377 0.031841 -0.016795 0.40766 0.0061578 -0.004289 0.068185 -0.063238 0.0022195 -0.039866 0.048412 0.0022195 -0.056977 -0.14723 0.013181 0.055859 0.20341 -0.30264 0.2706 -0.18424 -0.025349 -0.17507 0.17715 -0.53647 0.2968 -0.19308 -0.038699 -0.25617 0.19148 -0.61518 0.31635 -0.089426 0.064021 -0.42384 0.065659 0.090135 -0.43634 -0.14024 0.13634 -0.74583 0.025591 0.15539 -0.76134 -0.19124 0.089907 -0.8091 -0.0094099 0.11193 -0.83649 -0.015789 -0.025189 0.59889
-0.10066 0.0049284 0.31703 0.14527 -0.042981 0.29026 0.03381 -0.017132 0.40757 0.0063309 -0.0042196 0.068174 -0.063616 0.002274 -0.03933 0.048461 0.002274 -0.056933 -0.14481 0.01315 0.055045 0.20255 -0.30205 0.27262 -0.18164 -0.023161 -0.17617 0.18059 -0.53781 0.29185 -0.19046 -0.037354 -0.25724 0.19576 -0.61794 0.30942 -0.08873 0.063571 -0.42347 0.065079 0.090365 -0.43629 -0.1397 0.13543 -0.74554 0.025066 0.15597 -0.76122 -0.19054 0.088903 -0.80888 -0.0098463 0.1141 -0.83731 -0.014367 -0.024037 0.59876
-0.099181 0.0042764 0.31645 0.14493 -0.041949 0.28781 0.035047 -0.017389 0.40751 0.0064688 -0.0041571 0.068165 -0.0639 0.0023079 -0.038921 0.048515 0.0023079 -0.056886 -0.14318 0.013291 0.054459 0.20164 -0.30159 0.27465 -0.17998 -0.020486 -0.17706 0.18406 -0.53873 0.28803 -0.1886 -0.035379 -0.25811 0.19898 -0.6198 0.30451 -0.088103 0.063247 -0.42319 0.064524 0.090406 -0.43627 -0.13915 0.13472 -0.74534 0.024718 0.15655 -0.76111 -0.18988 0.088147 -0.80874 -0.010184 0.11607 -0.83798 -0.013064 -0.022812 0.59878
-0.098398 0.0038632 0.31608 0.14456 -0.041155 0.28628 0.035656 -0.017573 0.40748 0.0065756 -0.0041004 0.068159 -0.064104 0.0023228 -0.038621 0.048574 0.0023228 -0.056836 -0.14222 0.013581 0.054072 0.20071 -0.30121 0.27665 -0.1791 -0.017437 -0.17774 0.18755 -0.53927 0.28517 -0.18736 -0.032927 -0.2588 0.20131 -0.62088 0.3013 -0.087543 0.063036 -0.42299 0.063991 0.090289 -0.43627 -0.1386 0.1342 -0.7452 0.024519 0.15712 -0.76101 -0.18926 0.087609 -0.80865 -0.01044 0.11787 -0.83852 -0.011881 -0.021531 0.59892
-0.0982 0.0036524 0.31587 0.14417 -0.040562 0.28553 0.035742 -0.017689 0.40748 0.0066557 -0.0040484 0.068154 -0.064238 0.0023201 -0.038416 0.048636 0.0023201 -0.056783 -0.14182 0.013995 0.053855 0.19978 -0.30091 0.27857 -0.17885 -0.014125 -0.17825 0.19102 -0.53947 0.28312 -0.18661 -0.03015 -0.25931 0.2029 -0.62129 0.29949 -0.087047 0.062921 -0.42284 0.063479 0.090042 -0.4363 -0.13806 0.13382 -0.74512 0.02444 0.15767 -0.76091 -0.18868 0.087256 -0.80861 -0.010629 0.11951 -0.83893 -0.010815 -0.020217 0.59916
-0.098473 0.0036075 0.31581 0.14377 -0.040129 0.28542 0.03541 -0.017742 0.4075 0.0067133 -0.004 0.068152 -0.064314 0.0023013 -0.03829 0.048702 0.0023013 -0.056727 -0.14189 0.014511 0.053779 0.19888 -0.30066 0.28037 -0.17909 -0.010666 -0.17861 0.19447 -0.53939 0.28172 -0.18623 -0.027203 -0.25967 0.20391 -0.62114 0.29876 -0.086612 0.062888 -0.42275 0.062985 0.089695 -0.43634 -0.13752 0.13358 -0.74509 0.024453 0.15821 -0.76082 -0.18814 0.087055 -0.80861 -0.010768 0.12101 -0.83924 -0.0098681 -0.018888 0.59947
-0.099102 0.0036921 0.31586 0.14338 -0.03982 0.28581 0.034765 -0.017738 0.40753 0.0067527 -0.0039541 0.06815 -0.064344 0.0022679 -0.038226 0.04877 0.0022679 -0.05667 -0.1423 0.015104 0.053815 0.19803 -0.30044 0.28201 -0.17966 -0.0071699 -0.17886 0.19786 -0.53905 0.28079 -0.18607 -0.024238 -0.25988 0.2045 -0.62054 0.29879 -0.086235 0.06292 -0.42269 0.062507 0.089277 -0.43639 -0.137 0.13344 -0.74509 0.024526 0.15874 -0.76073 -0.18764 0.086973 -0.80864 -0.010871 0.12238 -0.83948 -0.0090379 -0.017565 0.59983
-0.099973 0.0038697 0.31598 0.14301 -0.039594 0.28656 0.033911 -0.017683 0.40758 0.0067781 -0.0039095 0.06815 -0.064339 0.0022215 -0.038211 0.048839 0.0022215 -0.056612 -0.14296 0.015752 0.053932 0.19726 -0.30024 0.28345 -0.18041 -0.0037514 -0.17902 0.20117 -0.53851 0.28018 -0.186 -0.02141 -0.25995 0.20484 -0.6196 0.29927 -0.085914 0.063002 -0.42267 0.062041 0.088817 -0.43644 -0.13651 0.13338 -0.74513 0.024633 0.15925 -0.76065 -0.18719 0.086979 -0.80869 -0.010956 0.12364 -0.83964 -0.0083243 -0.016268 0.60021
-0.10097 0.004104 0.31616 0.14267 -0.039415 0.28752 0.032954 -0.017582 0.40763 0.0067937 -0.0038651 0.068151 -0.064312 0.0021635 -0.038227 0.04891 0.0021635 -0.056553 -0.14375 0.016429 0.054102 0.19659 -0.30002 0.28464 -0.18119 -0.00052296 -0.17911 0.20438 -0.53781 0.27971 -0.18589 -0.018871 -0.2599 0.20507 -0.61843 0.29989 -0.085647 0.06312 -0.42266 0.061585 0.088346 -0.4365 -0.13605 0.13337 -0.74518 0.024744 0.15973 -0.76056 -0.18678 0.087039 -0.80875 -0.011038 0.12481 -0.83976 -0.0077267 -0.015016 0.60058
-0.10199 0.0043584 0.31636 0.14238 -0.039243 0.28855 0.031998 -0.017441 0.40768 0.0068039 -0.0038198 0.068152 -0.064274 0.0020955 -0.03826 0.048981 0.0020955 -0.056493 -0.14458 0.017113 0.054296 0.19604 -0.29976 0.28554 -0.18186 0.0024025 -0.17917 0.20746 -0.53699 0.27924 -0.18561 -0.016776 -0.25973 0.20536 -0.61714 0.30033 -0.08543 0.063257 -0.42266 0.061136 0.087892 -0.43654 -0.13563 0.13339 -0.74523 0.024829 0.16019 -0.76047 -0.18641 0.087121 -0.80881 -0.011133 0.12591 -0.83984 -0.0072444 -0.01383 0.60093
-0.1029 0.0045964 0.31655 0.14214 -0.039039 0.28952 0.031148 -0.017264 0.40772 0.0068129 -0.0037725 0.068154 -0.064236 0.0020188 -0.038293 0.049052 0.0020188 -0.056434 -0.14533 0.01778 0.054485 0.19565 -0.29946 0.2861 -0.18225 0.004912 -0.17922 0.2104 -0.5361 0.27859 -0.18502 -0.015277 -0.25947 0.20588 -0.61585 0.30028 -0.08526 0.063398 -0.42266 0.060693 0.087485 -0.43657 -0.13526 0.13341 -0.74529 0.02486 0.16062 -0.76038 -0.18609 0.087193 -0.80886 -0.011257 0.12696 -0.83991 -0.0068768 -0.012731 0.60122
-0.1036 0.004782 0.3167 0.14198 -0.038766 0.29028 0.030508 -0.017057 0.40776 0.0068249 -0.0037221 0.068155 -0.064211 0.0019352 -0.038311 0.049123 0.0019352 -0.056376 -0.14589 0.018406 0.054638 0.19543 -0.29908 0.28629 -0.18223 0.0068934 -0.17929 0.21316 -0.53518 0.27761 -0.18399 -0.014526 -0.25911 0.20677 -0.61467 0.29942 -0.085135 0.063528 -0.42264 0.060252 0.087154 -0.43658 -0.13493 0.13341 -0.74533 0.024808 0.16103 -0.76028 -0.18581 0.087222 -0.80889 -0.011425 0.12796 -0.83999 -0.0066233 -0.011736 0.60144
-0.10402 0.0048945 0.31679 0.14189 -0.038402 0.29075 0.030136 -0.016825 0.40778 0.0068424 -0.003668 0.068156 -0.064205 0.0018457 -0.038305 0.049191 0.0018457 -0.056319 -0.14622 0.018979 0.05474 0.19539 -0.29861 0.28608 -0.18171 0.008297 -0.1794 0.21575 -0.53425 0.2762 -0.18246 -0.014586 -0.25868 0.20812 -0.61365 0.29761 -0.085052 0.063639 -0.4226 0.059812 0.086915 -0.43657 -0.13467 0.13337 -0.74535 0.024658 0.1614 -0.76017 -0.18557 0.08719 -0.80889 -0.011646 0.12894 -0.84007 -0.0064783 -0.010857 0.60156
-0.10419 0.0049417 0.31683 0.14187 -0.037955 0.29096 0.030008 -0.016568 0.40779 0.0068647 -0.0036108 0.068156 -0.064215 0.0017511 -0.038278 0.049259 0.0017511 -0.056263 -0.14632 0.019503 0.054798 0.19553 -0.29806 0.28554 -0.18076 0.0091827 -0.17953 0.21817 -0.53332 0.27442 -0.1805 -0.015352 -0.25818 0.20989 -0.61278 0.29496 -0.085006 0.063734 -0.42255 0.059373 0.086758 -0.43655 -0.13445 0.1333 -0.74535 0.024421 0.16175 -0.76005 -0.18537 0.087104 -0.80887 -0.011914 0.12989 -0.84018 -0.006428 -0.010082 0.6016
-0.10415 0.004934 0.31683 0.14191 -0.037438 0.29095 0.030089 -0.016287 0.40779 0.0068909 -0.0035509 0.068157 -0.06424 0.0016521 -0.038233 0.049325 0.0016521 -0.056207 -0.14623 0.019985 0.05482 0.19581 -0.29745 0.28471 -0.17944 0.0096221 -0.17969 0.22045 -0.53239 0.27233 -0.17819 -0.016709 -0.25763 0.212 -0.61204 0.29162 -0.084994 0.063816 -0.42247 0.058938 0.086673 -0.4365 -0.13427 0.13321 -0.74534 0.024109 0.16207 -0.75993 -0.1852 0.086973 -0.80882 -0.012223 0.13082 -0.84028 -0.0064577 -0.009399 0.60157
-0.10393 0.0048818 0.3168 0.142 -0.03686 0.29075 0.030347 -0.015982 0.40778 0.00692 -0.0034891 0.068157 -0.064277 0.0015494 -0.038175 0.049391 0.0015494 -0.056153 -0.14598 0.020433 0.054814 0.19623 -0.29677 0.28364 -0.17781 0.0096863 -0.17985 0.22259 -0.53146 0.27 -0.17563 -0.018538 -0.25704 0.2144 -0.61139 0.28774 -0.08501 0.063891 -0.42239 0.058506 0.08665 -0.43644 -0.13413 0.13309 -0.74532 0.023737 0.16237 -0.7598 -0.18505 0.086806 -0.80877 -0.012564 0.13172 -0.8404 -0.0065527 -0.0087963 0.60148
-0.10357 0.0047955 0.31674 0.14213 -0.036234 0.29039 0.03075 -0.015655 0.40777 0.0069509 -0.0034258 0.068157 -0.064322 0.0014437 -0.038106 0.049455 0.0014437 -0.056099 -0.14561 0.020854 0.054789 0.19677 -0.29605 0.28239 -0.17596 0.0094468 -0.18002 0.22463 -0.53052 0.26749 -0.17289 -0.020721 -0.25642 0.21703 -0.61081 0.28347 -0.085051 0.063964 -0.42229 0.058078 0.086675 -0.43637 -0.13402 0.13296 -0.74529 0.023317 0.16265 -0.75967 -0.18493 0.086613 -0.8087 -0.012931 0.1326 -0.84052 -0.0066982 -0.0082614 0.60134
-0.1031 0.0046857 0.31668 0.14229 -0.035572 0.28992 0.031263 -0.015305 0.40775 0.0069828 -0.0033618 0.068157 -0.064372 0.0013358 -0.038031 0.049519 0.0013358 -0.056046 -0.14515 0.021255 0.054755 0.1974 -0.29528 0.28101 -0.17394 0.0089749 -0.18019 0.22658 -0.52957 0.26486 -0.17005 -0.02314 -0.25578 0.21981 -0.61028 0.27896 -0.085113 0.064038 -0.42219 0.057656 0.086739 -0.43629 -0.13394 0.13283 -0.74525 0.022861 0.16291 -0.75953 -0.18483 0.086403 -0.80862 -0.013316 0.13345 -0.84064 -0.0068795 -0.007782 0.60117
-0.10255 0.0045627 0.31661 0.14247 -0.034884 0.28938 0.031853 -0.014933 0.40772 0.0070145 -0.0032976 0.068157 -0.064425 0.0012262 -0.037954 0.049581 0.0012262 -0.055993 -0.14462 0.021642 0.054719 0.19811 -0.29448 0.27954 -0.17183 0.008342 -0.18034 0.22845 -0.52862 0.26219 -0.1672 -0.025677 -0.25513 0.22269 -0.60976 0.27437 -0.085191 0.064118 -0.42208 0.05724 0.086831 -0.4362 -0.13387 0.13269 -0.74521 0.022384 0.16316 -0.7594 -0.18474 0.086185 -0.80854 -0.013714 0.13428 -0.84076 -0.0070818 -0.0073461 0.60098
-0.10198 0.004437 0.31654 0.14267 -0.034182 0.28879 0.032488 -0.014541 0.4077 0.0070453 -0.0032338 0.068157 -0.064478 0.0011158 -0.037877 0.049643 0.0011158 -0.055941 -0.14406 0.022023 0.054691 0.19888 -0.29366 0.27805 -0.16969 0.0076194 -0.18047 0.23027 -0.52766 0.25954 -0.16443 -0.028214 -0.25449 0.2256 -0.60924 0.26983 -0.08528 0.064209 -0.42197 0.056832 0.086939 -0.43611 -0.13381 0.13257 -0.74517 0.021899 0.16339 -0.75926 -0.18465 0.085969 -0.80846 -0.014116 0.13509 -0.84087 -0.0072906 -0.0069412 0.60077
-0.1014 0.004319 0.3165 0.14286 -0.033477 0.28819 0.033133 -0.014128 0.40767 0.007074 -0.0031709 0.068157 -0.064528 0.0010052 -0.037806 0.049704 0.0010052 -0.055889 -0.1435 0.022405 0.054679 0.19969 -0.29283 0.27659 -0.16761 0.0068783 -0.18057 0.23205 -0.5267 0.25696 -0.16181 -0.030633 -0.25387 0.22848 -0.60868 0.26551 -0.085378 0.064315 -0.42186 0.056432 0.087051 -0.43601 -0.13375 0.13245 -0.74514 0.021417 0.16362 -0.75913 -0.18456 0.085763 -0.80837 -0.014516 0.13587 -0.84097 -0.0074909 -0.0065553 0.60056
-0.10086 0.0042192 0.31648 0.14305 -0.032781 0.28763 0.033757 -0.013696 0.40764 0.0070997 -0.0031097 0.068158 -0.064572 0.00089505 -0.037743 0.049764 0.00089505 -0.055837 -0.14297 0.022795 0.054691 0.20053 -0.29199 0.2752 -0.16563 0.0061902 -0.18064 0.23381 -0.52572 0.25453 -0.15944 -0.032816 -0.25327 0.23126 -0.60806 0.26154 -0.085478 0.064441 -0.42176 0.05604 0.087158 -0.43592 -0.13369 0.13236 -0.74511 0.020953 0.16384 -0.759 -0.18447 0.085577 -0.8083 -0.014907 0.13663 -0.84106 -0.0076681 -0.0061762 0.60037
-0.10039 0.0041468 0.31649 0.14323 -0.032103 0.28713 0.034331 -0.013245 0.40762 0.0071216 -0.0030506 0.068158 -0.064608 0.00078608 -0.037693 0.049824 0.00078608 -0.055785 -0.1425 0.023199 0.054736 0.20138 -0.29115 0.27393 -0.16383 0.0056185 -0.18066 0.23557 -0.52473 0.25231 -0.15738 -0.034661 -0.25272 0.2339 -0.60735 0.25806 -0.085578 0.06459 -0.42166 0.055659 0.087249 -0.43583 -0.13362 0.13229 -0.74508 0.020518 0.16405 -0.75887 -0.18438 0.085419 -0.80823 -0.015282 0.13737 -0.84114 -0.0078092 -0.0057929 0.60019
-0.099989 0.0041037 0.31654 0.14339 -0.031438 0.2867 0.03485 -0.012774 0.4076 0.0071398 -0.0029936 0.068159 -0.064635 0.00067845 -0.037655 0.049884 0.00067845 -0.055733 -0.14209 0.023619 0.054815 0.20223 -0.29032 0.27279 -0.16222 0.0051771 -0.18063 0.23732 -0.52373 0.25028 -0.15564 -0.03615 -0.25221 0.23638 -0.60655 0.25508 -0.085678 0.064762 -0.42158 0.055287 0.087323 -0.43574 -0.13354 0.13225 -0.74507 0.020113 0.16426 -0.75874 -0.18427 0.085291 -0.80818 -0.015639 0.13808 -0.84121 -0.0079112 -0.0054041 0.60003
-0.099652 0.0040889 0.31662 0.14355 -0.030776 0.28632 0.035323 -0.012282 0.40758 0.0071548 -0.0029386 0.06816 -0.064652 0.00057222 -0.037631 0.049943 0.00057222 -0.055682 -0.14174 0.024055 0.054927 0.20308 -0.28948 0.27176 -0.16079 0.0048614 -0.18056 0.23906 -0.5227 0.24842 -0.15419 -0.037302 -0.25174 0.2387 -0.60566 0.25252 -0.085778 0.064956 -0.4215 0.054926 0.08738 -0.43566 -0.13345 0.13223 -0.74506 0.019737 0.16446 -0.75862 -0.18416 0.085192 -0.80813 -0.015977 0.13878 -0.84126 -0.0079754 -0.0050114 0.5999
-0.099371 0.0041013 0.31673 0.1437 -0.030105 0.28601 0.035756 -0.011769 0.40756 0.0071669 -0.0028854 0.068161 -0.064661 0.00046742 -0.03762 0.050001 0.00046742 -0.05563 -0.14144 0.024504 0.05507 0.20391 -0.28862 0.27083 -0.15954 0.0046666 -0.18045 0.24079 -0.52164 0.2467 -0.15301 -0.038135 -0.25131 0.24089 -0.60467 0.25035 -0.085879 0.06517 -0.42143 0.054573 0.087423 -0.43558 -0.13336 0.13224 -0.74506 0.019388 0.16466 -0.75851 -0.18404 0.08512 -0.80809 -0.016296 0.13945 -0.8413 -0.0080028 -0.0046167 0.59978
-0.099139 0.00414 0.31688 0.14385 -0.029416 0.28574 0.036156 -0.011234 0.40754 0.0071767 -0.002834 0.068162 -0.06466 0.0003641 -0.037622 0.050058 0.0003641 -0.05558 -0.14117 0.024968 0.055244 0.20474 -0.28774 0.26998 -0.15845 0.0045879 -0.18029 0.24249 -0.52054 0.24511 -0.15207 -0.038667 -0.25091 0.24294 -0.6036 0.24852 -0.085982 0.065401 -0.42137 0.05423 0.087454 -0.4355 -0.13327 0.13227 -0.74507 0.019064 0.16485 -0.75839 -0.18392 0.085076 -0.80806 -0.016595 0.1401 -0.84134 -0.0079945 -0.0042219 0.59968
-0.098949 0.0042041 0.31705 0.14401 -0.028698 0.28552 0.036532 -0.010675 0.40752 0.0071846 -0.0027842 0.068163 -0.064651 0.00026231 -0.037637 0.050115 0.00026231 -0.055529 -0.14095 0.025446 0.055448 0.20555 -0.28683 0.2692 -0.15753 0.0046206 -0.1801 0.24416 -0.5194 0.2436 -0.15136 -0.038916 -0.25054 0.24486 -0.60244 0.24696 -0.086088 0.065647 -0.42132 0.053896 0.087472 -0.43543 -0.13317 0.13232 -0.74509 0.018762 0.16504 -0.75828 -0.1838 0.085057 -0.80805 -0.016874 0.14072 -0.84137 -0.0079517 -0.0038288 0.59959
-0.098793 0.0042925 0.31726 0.14417 -0.027941 0.28533 0.036888 -0.010092 0.4075 0.0071912 -0.0027358 0.068164 -0.064633 0.00016209 -0.037666 0.050171 0.00016209 -0.055479 -0.14075 0.025937 0.05568 0.20634 -0.28588 0.26848 -0.15676 0.0047599 -0.17987 0.24579 -0.51821 0.24216 -0.15084 -0.038901 -0.25021 0.24667 -0.60118 0.24564 -0.086198 0.065908 -0.42128 0.053571 0.087481 -0.43536 -0.13307 0.1324 -0.74512 0.018481 0.16521 -0.75818 -0.18368 0.085063 -0.80804 -0.017131 0.14132 -0.84139 -0.0078754 -0.0034393 0.59952
-0.098664 0.0044042 0.31749 0.14435 -0.027134 0.28517 0.037234 -0.0094842 0.40748 0.0071968 -0.0026888 0.068166 -0.064607 6.3487e-05 -0.037709 0.050226 6.3487e-05 -0.055429 -0.14058 0.026441 0.055941 0.20711 -0.28488 0.2678 -0.15615 0.0050011 -0.17961 0.24738 -0.51696 0.24076 -0.1505 -0.038639 -0.24991 0.24836 -0.59984 0.2445 -0.086313 0.066182 -0.42125 0.053254 0.087482 -0.43529 -0.13297 0.1325 -0.74515 0.018218 0.16539 -0.75807 -0.18356 0.085094 -0.80804 -0.017367 0.1419 -0.84141 -0.0077667 -0.0030553 0.59945
-0.098555 0.0045383 0.31775 0.14455 -0.026266 0.28503 0.037575 -0.0088502 0.40746 0.007202 -0.0026429 0.068167 -0.064572 -3.3457e-05 -0.037764 0.05028 -3.3457e-05 -0.05538 -0.14042 0.026957 0.056228 0.20784 -0.28383 0.26714 -0.15568 0.0053394 -0.17932 0.24891 -0.51565 0.23938 -0.1503 -0.038148 -0.24963 0.24995 -0.59842 0.24348 -0.086434 0.066465 -0.42123 0.052946 0.087476 -0.43522 -0.13287 0.13261 -0.7452 0.017973 0.16555 -0.75797 -0.18345 0.085148 -0.80805 -0.01758 0.14245 -0.84143 -0.0076268 -0.0026785 0.59938
-0.098458 0.0046938 0.31804 0.14478 -0.025328 0.28491 0.037919 -0.0081893 0.40743 0.0072071 -0.002598 0.068168 -0.064528 -0.0001287 -0.037834 0.050334 -0.0001287 -0.055331 -0.14028 0.027485 0.05654 0.20855 -0.28272 0.2665 -0.15535 0.00577 -0.17899 0.25039 -0.51427 0.23798 -0.15023 -0.037446 -0.24938 0.25145 -0.5969 0.24254 -0.086562 0.066757 -0.42122 0.052645 0.087464 -0.43516 -0.13278 0.13275 -0.74525 0.017742 0.16571 -0.75788 -0.18335 0.085224 -0.80806 -0.01777 0.14297 -0.84144 -0.0074567 -0.0023109 0.59932
-0.098366 0.0048696 0.31835 0.14503 -0.024309 0.2848 0.038274 -0.0075005 0.40741 0.0072127 -0.002554 0.068169 -0.064476 -0.00022219 -0.037917 0.050386 -0.00022219 -0.055283 -0.14014 0.028025 0.056878 0.20921 -0.28154 0.26587 -0.15515 0.0062883 -0.17864 0.25181 -0.51281 0.23654 -0.15026 -0.036552 -0.24916 0.25287 -0.5953 0.24163 -0.086697 0.067056 -0.42122 0.052353 0.087449 -0.43509 -0.13269 0.1329 -0.74532 0.017524 0.16586 -0.75778 -0.18325 0.085321 -0.80809 -0.017937 0.14348 -0.84146 -0.0072575 -0.0019542 0.59927
-0.098273 0.0050649 0.31869 0.14531 -0.023198 0.2847 0.038645 -0.0067829 0.40738 0.0072192 -0.0025108 0.06817 -0.064415 -0.00031388 -0.038014 0.050437 -0.00031388 -0.055236 -0.13999 0.028575 0.057239 0.20984 -0.28028 0.26521 -0.15508 0.0068893 -0.17825 0.25315 -0.51126 0.23503 -0.15037 -0.035484 -0.24895 0.25421 -0.59361 0.24069 -0.086842 0.06736 -0.42124 0.052067 0.087431 -0.43503 -0.13261 0.13307 -0.74539 0.017317 0.16599 -0.75769 -0.18317 0.085438 -0.80813 -0.018079 0.14395 -0.84148 -0.0070305 -0.0016104 0.59921
-0.09817 0.0052786 0.31905 0.14564 -0.021984 0.28459 0.03904 -0.0060357 0.40734 0.0072272 -0.0024682 0.06817 -0.064346 -0.00040374 -0.038124 0.050487 -0.00040374 -0.05519 -0.13984 0.029136 0.057623 0.21042 -0.27894 0.26453 -0.15513 0.0075685 -0.17785 0.25442 -0.50963 0.23343 -0.15054 -0.034259 -0.24877 0.25548 -0.59183 0.23968 -0.086996 0.067666 -0.42126 0.05179 0.087412 -0.43497 -0.13254 0.13326 -0.74547 0.017119 0.16612 -0.7576 -0.1831 0.085575 -0.80817 -0.018197 0.1444 -0.84151 -0.0067765 -0.0012813 0.59915
-0.098049 0.0055097 0.31943 0.146 -0.020658 0.28448 0.039467 -0.005258 0.40731 0.0072369 -0.002426 0.068171 -0.064269 -0.00049171 -0.038249 0.050536 -0.00049171 -0.055144 -0.13967 0.029706 0.058029 0.21095 -0.27751 0.26381 -0.15529 0.0083209 -0.17741 0.2556 -0.50789 0.23171 -0.15073 -0.032896 -0.2486 0.25668 -0.58998 0.23853 -0.08716 0.067974 -0.4213 0.051519 0.087394 -0.4349 -0.13249 0.13346 -0.74557 0.016928 0.16624 -0.75752 -0.18305 0.08573 -0.80822 -0.018288 0.14483 -0.84154 -0.0064969 -0.00096866 0.59908
-0.097905 0.0057573 0.31983 0.14641 -0.019209 0.28435 0.039932 -0.0044487 0.40726 0.007249 -0.0023842 0.068171 -0.064184 -0.00057776 -0.038387 0.050584 -0.00057776 -0.055099 -0.13948 0.030286 0.058455 0.21143 -0.27597 0.26304 -0.15557 0.0091419 -0.17696 0.25669 -0.50606 0.22985 -0.15093 -0.031412 -0.24845 0.25784 -0.58803 0.23721 -0.087336 0.068281 -0.42136 0.051255 0.087378 -0.43484 -0.13244 0.13368 -0.74567 0.016741 0.16635 -0.75744 -0.18301 0.085903 -0.80828 -0.018354 0.14523 -0.84157 -0.0061925 -0.00067445 0.599
-0.09773 0.0060204 0.32025 0.14687 -0.017626 0.2842 0.040442 -0.0036071 0.40722 0.0072639 -0.0023426 0.06817 -0.06409 -0.00066183 -0.03854 0.050631 -0.00066183 -0.055056 -0.13927 0.030875 0.058901 0.21185 -0.27433 0.2622 -0.15594 0.010027 -0.17649 0.25769 -0.50411 0.22781 -0.1511 -0.029826 -0.24831 0.25895 -0.58601 0.23566 -0.087525 0.068586 -0.42142 0.050998 0.087366 -0.43478 -0.13241 0.13391 -0.74578 0.016558 0.16645 -0.75736 -0.183 0.086093 -0.80835 -0.018393 0.1456 -0.84162 -0.0058647 -0.00040046 0.59892
-0.097516 0.0062979 0.32069 0.14739 -0.0159 0.28402 0.041005 -0.0027322 0.40716 0.007282 -0.002301 0.06817 -0.063988 -0.00074389 -0.038706 0.050676 -0.00074389 -0.055013 -0.13902 0.031472 0.059366 0.21221 -0.27258 0.26127 -0.15641 0.01097 -0.176 0.25858 -0.50204 0.22558 -0.15124 -0.028156 -0.24819 0.26003 -0.5839 0.23382 -0.087727 0.068887 -0.4215 0.050747 0.08736 -0.43472 -0.13239 0.13415 -0.7459 0.016375 0.16654 -0.75728 -0.183 0.086298 -0.80843 -0.018404 0.14594 -0.84168 -0.0055145 -0.00014856 0.59882
-0.097255 0.0065889 0.32115 0.14797 -0.014018 0.28381 0.041627 -0.0018231 0.4071 0.0073039 -0.0022593 0.068169 -0.063879 -0.00082388 -0.038887 0.05072 -0.00082388 -0.054971 -0.13873 0.032078 0.059848 0.2125 -0.2707 0.26025 -0.15697 0.011969 -0.17549 0.25936 -0.49984 0.22312 -0.15131 -0.02642 -0.24807 0.26108 -0.58171 0.23165 -0.087944 0.069181 -0.42159 0.050503 0.087359 -0.43466 -0.13239 0.1344 -0.74603 0.016191 0.16662 -0.75721 -0.18303 0.086517 -0.80851 -0.018387 0.14626 -0.84175 -0.0051429 7.9402e-05 0.59871
-0.096942 0.0068924 0.32162 0.14862 -0.011972 0.28356 0.042316 -0.00087884 0.40704 0.0073299 -0.0022174 0.068168 -0.063761 -0.00090177 -0.039082 0.050763 -0.00090177 -0.054931 -0.13839 0.03269 0.060347 0.21272 -0.26869 0.25911 -0.15761 0.013016 -0.17496 0.26002 -0.49752 0.22042 -0.15129 -0.024636 -0.24796 0.2621 -0.57944 0.22909 -0.088175 0.069467 -0.4217 0.050264 0.087368 -0.4346 -0.13242 0.13466 -0.74617 0.016004 0.16668 -0.75714 -0.18308 0.086751 -0.8086 -0.018341 0.14655 -0.84183 -0.0047511 0.00028158 0.59858
-0.096567 0.0072075 0.32211 0.14933 -0.0097505 0.28327 0.043078 0.00010142 0.40696 0.0073606 -0.0021751 0.068166 -0.063636 -0.00097751 -0.039291 0.050804 -0.00097751 -0.054891 -0.138 0.03331 0.060861 0.21287 -0.26655 0.25786 -0.15833 0.014109 -0.17443 0.26055 -0.49506 0.21743 -0.15116 -0.022822 -0.24786 0.26312 -0.57708 0.2261 -0.088423 0.069744 -0.42182 0.050031 0.087385 -0.43454 -0.13246 0.13494 -0.74632 0.015812 0.16674 -0.75707 -0.18316 0.086997 -0.8087 -0.018266 0.14682 -0.84193 -0.0043402 0.00045612 0.59843
-0.096125 0.0075331 0.32261 0.15012 -0.007343 0.28292 0.043921 0.0011186 0.40688 0.0073963 -0.0021323 0.068164 -0.063502 -0.001051 -0.039514 0.050844 -0.001051 -0.054853 -0.13755 0.033937 0.061391 0.21294 -0.26425 0.25646 -0.15912 0.015241 -0.17388 0.26096 -0.49245 0.21414 -0.15089 -0.020996 -0.24776 0.26414 -0.57465 0.22262 -0.088689 0.070009 -0.42195 0.049803 0.087415 -0.43448 -0.13252 0.13522 -0.74648 0.015613 0.16678 -0.757 -0.18327 0.087255 -0.80881 -0.018161 0.14705 -0.84204 -0.0039113 0.00060118 0.59826
