-0.10075 -0.072083 0.3407 0.1898 -0.10783 0.31724 0.043102 -0.13746 0.38297 0.0094838 -0.020045 0.064914 -0.05153 0.017835 -0.051202 0.048191 0.017835 -0.054356 -0.12698 0.043041 0.10256 0.32271 -0.051917 0.093959 -0.13801 0.073229 -0.13225 0.3143 -0.07639 -0.14162 -0.16381 0.087425 -0.20953 0.30344 -0.096127 -0.2212 -0.10392 0.10968 -0.42639 0.10569 -0.049468 -0.43397 -0.058276 0.1744 -0.75076 0.074453 0.11456 -0.72313 -0.12835 0.213 -0.79935 0.064181 0.074099 -0.8069 -0.0039175 -0.2227 0.55454
-0.10541 -0.07176 0.34419 0.18918 -0.11797 0.32427 0.037287 -0.14169 0.38193 0.0084978 -0.020357 0.065001 -0.050703 0.018837 -0.051667 0.048012 0.018837 -0.05411 -0.13301 0.035554 0.10197 0.31968 -0.067676 0.098203 -0.14441 0.070218 -0.13014 0.30916 -0.075278 -0.13768 -0.15336 0.053664 -0.2105 0.29868 -0.099777 -0.21604 -0.10502 0.1117 -0.42689 0.10614 -0.036477 -0.43801 -0.074419 0.19197 -0.74858 0.077977 0.11896 -0.73348 -0.14581 0.23603 -0.79096 0.076172 0.083983 -0.82028 -0.0072092 -0.22709 0.55465
-0.10633 -0.074095 0.3454 0.19018 -0.1229 0.32681 0.036336 -0.14545 0.38063 0.0082198 -0.021074 0.064815 -0.050529 0.019616 -0.051551 0.047911 0.019616 -0.053918 -0.13622 0.030125 0.1019 0.31837 -0.073623 0.099167 -0.14916 0.068184 -0.12933 0.30551 -0.071696 -0.13693 -0.1503 0.036689 -0.21054 0.29574 -0.098144 -0.21486 -0.10457 0.11018 -0.42746 0.10773 -0.017591 -0.43965 -0.082719 0.20244 -0.74681 0.0791 0.12617 -0.74092 -0.15595 0.2477 -0.78506 0.080109 0.090722 -0.82765 -0.0062083 -0.23353 0.55255
-0.1045 -0.078506 0.34463 0.19214 -0.12411 0.32567 0.038872 -0.14906 0.37904 0.0084437 -0.022118 0.064414 -0.050817 0.020242 -0.05102 0.047896 0.020242 -0.053728 -0.13731 0.026408 0.10208 0.31826 -0.072592 0.097407 -0.15247 0.067523 -0.12937 0.30301 -0.066811 -0.13881 -0.15294 0.033605 -0.20971 0.29412 -0.092904 -0.21694 -0.10296 0.10584 -0.42811 0.1103 0.0048607 -0.43938 -0.084603 0.20692 -0.74546 0.078667 0.1351 -0.74585 -0.15995 0.2502 -0.78134 0.07832 0.095178 -0.83036 -0.0023934 -0.24162 0.54863
-0.10088 -0.084415 0.34219 0.19443 -0.1231 0.32169 0.043516 -0.15284 0.3771 0.0089633 -0.023413 0.063853 -0.051373 0.020785 -0.050238 0.047974 0.020785 -0.053491 -0.13697 0.024054 0.10219 0.3188 -0.067417 0.093477 -0.15456 0.068631 -0.12983 0.30133 -0.061791 -0.1428 -0.15958 0.041518 -0.20811 0.29328 -0.085733 -0.22156 -0.10063 0.099404 -0.42886 0.11369 0.028552 -0.43768 -0.081499 0.2065 -0.74452 0.077527 0.14467 -0.74867 -0.15899 0.24573 -0.77948 0.073131 0.098209 -0.82978 0.0027572 -0.25099 0.54331
-0.096463 -0.091243 0.33835 0.1964 -0.12135 0.31568 0.048892 -0.15713 0.37479 0.0095726 -0.024878 0.063188 -0.052006 0.021315 -0.049367 0.048152 0.021315 -0.053155 -0.1359 0.022715 0.10196 0.31947 -0.060931 0.087932 -0.15564 0.071907 -0.13028 0.30012 -0.057804 -0.14835 -0.16853 0.05753 -0.20582 0.29271 -0.078306 -0.22798 -0.097993 0.091609 -0.42971 0.11772 0.051155 -0.43504 -0.074835 0.20229 -0.744 0.076527 0.15377 -0.74981 -0.15425 0.23646 -0.77916 0.066871 0.10068 -0.82727 0.007765 -0.26123 0.53702
-0.092212 -0.098409 0.33344 0.19741 -0.12038 0.30848 0.05362 -0.16223 0.37207 0.010065 -0.026436 0.062475 -0.052524 0.021904 -0.048572 0.048436 0.021904 -0.052669 -0.13479 0.022044 0.10108 0.31974 -0.05597 0.081328 -0.15592 0.077745 -0.13027 0.29905 -0.056016 -0.15492 -0.17808 0.078748 -0.20291 0.29188 -0.072299 -0.23549 -0.095469 0.083175 -0.4307 0.12225 0.070341 -0.43194 -0.066038 0.19539 -0.7439 0.076512 0.16132 -0.74966 -0.14692 0.22459 -0.78008 0.061867 0.10344 -0.8242 0.011151 -0.27197 0.53015
-0.089107 -0.10534 0.32773 0.19682 -0.12166 0.3009 0.056324 -0.16848 0.3689 0.010236 -0.028008 0.06177 -0.052733 0.022622 -0.048018 0.048833 0.022622 -0.051984 -0.13434 0.021693 0.09926 0.31907 -0.055366 0.074219 -0.15563 0.086544 -0.12938 0.29778 -0.057596 -0.16196 -0.18656 0.10227 -0.19947 0.29027 -0.069389 -0.24334 -0.093478 0.074829 -0.43182 0.12709 0.083784 -0.42886 -0.056536 0.18689 -0.74422 0.078331 0.16621 -0.74863 -0.13818 0.21231 -0.78193 0.060447 0.10736 -0.82193 0.011438 -0.2828 0.52313
-0.088124 -0.11144 0.32154 0.19399 -0.1267 0.29378 0.055625 -0.17619 0.36524 0.0098774 -0.029516 0.061129 -0.052442 0.02354 -0.047867 0.049351 0.02354 -0.051048 -0.13525 0.021314 0.096212 0.31692 -0.061953 0.06716 -0.15497 0.0987 -0.12716 0.29596 -0.06371 -0.16893 -0.19226 0.12521 -0.19558 0.28736 -0.07125 -0.25082 -0.09244 0.067297 -0.43309 0.13209 0.089156 -0.42629 -0.047757 0.1779 -0.74496 0.082829 0.16737 -0.74714 -0.1292 0.20182 -0.78438 0.064938 0.11329 -0.82182 0.0071467 -0.29334 0.51636
-0.089884 -0.11633 0.31515 0.18861 -0.13647 0.28777 0.05068 -0.18555 0.36107 0.008869 -0.03089 0.060596 -0.051533 0.0247 -0.04822 0.049969 0.0247 -0.049852 -0.13806 0.020589 0.091845 0.31299 -0.077541 0.060598 -0.15426 0.11428 -0.12325 0.29334 -0.07499 -0.17539 -0.19398 0.14501 -0.1913 0.28279 -0.078968 -0.25735 -0.092719 0.061032 -0.43448 0.13704 0.084827 -0.42465 -0.040991 0.16929 -0.74606 0.090463 0.16402 -0.74557 -0.12115 0.19471 -0.7871 0.076775 0.12157 -0.82482 -0.002546 -0.30328 0.51016
-0.093032 -0.12058 0.30883 0.18218 -0.14904 0.28256 0.043629 -0.19588 0.35642 0.0075623 -0.032102 0.060143 -0.050302 0.025997 -0.04882 0.050516 0.025997 -0.048627 -0.14251 0.019364 0.087221 0.30814 -0.0982 0.054375 -0.15428 0.13152 -0.11772 0.29017 -0.089068 -0.18151 -0.19334 0.16103 -0.18651 0.27715 -0.090324 -0.26318 -0.094361 0.054961 -0.43563 0.14139 0.073067 -0.42394 -0.036769 0.16059 -0.74708 0.099501 0.15718 -0.74413 -0.11504 0.18926 -0.78956 0.092397 0.12958 -0.82955 -0.014795 -0.31275 0.50423
-0.095526 -0.12514 0.30284 0.17685 -0.16149 0.27754 0.037649 -0.20622 0.35137 0.0064739 -0.033138 0.05972 -0.049192 0.027273 -0.049287 0.050768 0.027273 -0.047683 -0.14803 0.017545 0.083799 0.30367 -0.11801 0.048122 -0.15599 0.14803 -0.1108 0.28686 -0.10253 -0.18764 -0.19291 0.1733 -0.18106 0.27134 -0.10195 -0.26887 -0.097305 0.047482 -0.4361 0.14454 0.057504 -0.42408 -0.035357 0.15089 -0.74748 0.10745 0.14851 -0.74299 -0.11185 0.18262 -0.79119 0.10651 0.13368 -0.83383 -0.025479 -0.32202 0.4981
-0.095322 -0.13094 0.29745 0.17475 -0.17088 0.27205 0.035921 -0.2156 0.34598 0.0061206 -0.033987 0.059275 -0.048642 0.028367 -0.049239 0.050501 0.028367 -0.047333 -0.15408 0.015036 0.08304 0.30085 -0.13104 0.041469 -0.16034 0.16138 -0.1027 0.28381 -0.11197 -0.19414 -0.19529 0.18184 -0.17479 0.26628 -0.11047 -0.27495 -0.10149 0.03699 -0.43544 0.14584 0.041768 -0.42493 -0.037018 0.13927 -0.74669 0.11182 0.13967 -0.7423 -0.11253 0.17191 -0.79139 0.1138 0.13023 -0.83546 -0.030479 -0.33138 0.49126
-0.090807 -0.13873 0.29288 0.17759 -0.17481 0.2656 0.040978 -0.22322 0.34033 0.0069149 -0.034647 0.058762 -0.04901 0.029153 -0.048368 0.049542 0.029153 -0.04782 -0.1601 0.011831 0.086143 0.30073 -0.1325 0.03413 -0.16797 0.16949 -0.093667 0.28136 -0.11465 -0.20131 -0.20249 0.18678 -0.16749 0.26271 -0.11317 -0.28187 -0.10684 0.022257 -0.43329 0.14481 0.028967 -0.42635 -0.041884 0.12503 -0.74425 0.11058 0.13206 -0.74218 -0.1178 0.15491 -0.78967 0.11003 0.11648 -0.83272 -0.026508 -0.34101 0.48337
-0.083225 -0.14793 0.28918 0.18412 -0.17452 0.25849 0.051066 -0.22926 0.33462 0.0085768 -0.035204 0.05817 -0.050091 0.029704 -0.046846 0.048055 0.029704 -0.048936 -0.16569 0.0085169 0.092576 0.30263 -0.12499 0.026368 -0.17728 0.17235 -0.084024 0.27935 -0.11238 -0.20887 -0.21282 0.18885 -0.1587 0.26036 -0.11162 -0.28936 -0.11324 0.0045613 -0.42982 0.14182 0.01876 -0.42798 -0.049185 0.10902 -0.74039 0.10489 0.12534 -0.74235 -0.12661 0.1336 -0.78604 0.097896 0.095732 -0.82683 -0.015854 -0.35051 0.47491
-0.074987 -0.15743 0.28628 0.19191 -0.17271 0.25133 0.062683 -0.23436 0.32907 0.010544 -0.035778 0.057504 -0.051452 0.030174 -0.045041 0.046343 0.030174 -0.05029 -0.17047 0.005923 0.1011 0.30521 -0.11419 0.018669 -0.18579 0.17077 -0.074155 0.27741 -0.1088 -0.21635 -0.22306 0.18907 -0.14785 0.25855 -0.10916 -0.29687 -0.12054 -0.013801 -0.42545 0.13762 0.0093941 -0.42934 -0.057784 0.092675 -0.73561 0.097169 0.11847 -0.74238 -0.13722 0.1117 -0.78074 0.082943 0.073727 -0.82025 -0.0030712 -0.35923 0.46675
-0.068508 -0.16613 0.28415 0.19852 -0.17207 0.24477 0.07232 -0.23913 0.32391 0.012253 -0.036489 0.056768 -0.052656 0.030719 -0.043323 0.044709 0.030719 -0.051487 -0.17407 0.0048793 0.11047 0.3071 -0.10575 0.011518 -0.19101 0.16558 -0.064435 0.27518 -0.10759 -0.22325 -0.22998 0.18841 -0.13437 0.25659 -0.10911 -0.30382 -0.12861 -0.030528 -0.42058 0.13296 -0.00088546 -0.42998 -0.066545 0.077444 -0.73038 0.089864 0.11043 -0.74183 -0.14787 0.09293 -0.774 0.07072 0.056218 -0.81542 0.0072754 -0.36652 0.45974
-0.065861 -0.17301 0.28275 0.20182 -0.17496 0.23936 0.076931 -0.2441 0.31938 0.013212 -0.037434 0.05597 -0.053325 0.031471 -0.042019 0.04342 0.031471 -0.052186 -0.17617 0.0060786 0.11955 0.30711 -0.10463 0.0053358 -0.19074 0.15765 -0.055458 0.27234 -0.11191 -0.22917 -0.23074 0.18778 -0.11825 0.25384 -0.1144 -0.30974 -0.13725 -0.043633 -0.41558 0.12853 -0.013596 -0.42949 -0.074413 0.064597 -0.72515 0.085118 0.10034 -0.74031 -0.15696 0.080484 -0.76608 0.066084 0.048194 -0.81446 0.011245 -0.37182 0.45464
-0.066423 -0.17798 0.28199 0.20222 -0.1808 0.23507 0.077147 -0.24908 0.31552 0.013505 -0.038513 0.055166 -0.053513 0.032366 -0.041112 0.042467 0.032366 -0.052437 -0.17689 0.0091243 0.128 0.30527 -0.11016 -4.1433e-06 -0.18537 0.14823 -0.049521 0.26886 -0.12123 -0.2342 -0.22548 0.18711 -0.10405 0.25024 -0.12457 -0.3147 -0.14605 -0.05363 -0.41046 0.12473 -0.028361 -0.42792 -0.080985 0.053946 -0.7198 0.082777 0.088563 -0.73783 -0.16409 0.073496 -0.75728 0.068382 0.048543 -0.81668 0.0098382 -0.3752 0.45146
-0.068286 -0.18134 0.2818 0.20137 -0.18767 0.23159 0.075348 -0.25355 0.31231 0.013486 -0.039538 0.054428 -0.05348 0.033244 -0.040424 0.041707 0.033244 -0.052481 -0.17654 0.0131 0.1359 0.30223 -0.11899 -0.004886 -0.17645 0.13873 -0.049736 0.2649 -0.13319 -0.23869 -0.21574 0.18589 -0.098479 0.24598 -0.13758 -0.31906 -0.15445 -0.062222 -0.40507 0.12179 -0.043903 -0.42556 -0.08617 0.044612 -0.71397 0.081586 0.076056 -0.73456 -0.16943 0.069152 -0.74795 0.074331 0.053246 -0.82012 0.0064116 -0.37701 0.44983
-0.069532 -0.18341 0.2821 0.20088 -0.1936 0.22863 0.073928 -0.25698 0.30974 0.013514 -0.040317 0.053832 -0.053491 0.033949 -0.039776 0.040997 0.033949 -0.05256 -0.17543 0.017088 0.14329 0.29862 -0.12774 -0.0096958 -0.16555 0.13059 -0.05922 0.26058 -0.14546 -0.24299 -0.20308 0.18361 -0.10826 0.24125 -0.15136 -0.32317 -0.16189 -0.07112 -0.39926 0.11993 -0.058937 -0.4227 -0.089877 0.035711 -0.70731 0.080287 0.063785 -0.73069 -0.17318 0.064623 -0.73843 0.080635 0.058268 -0.82277 0.0043367 -0.37765 0.44942
-0.068438 -0.18446 0.28282 0.20227 -0.19686 0.22592 0.075049 -0.25888 0.30781 0.013911 -0.040679 0.053445 -0.053784 0.034335 -0.039007 0.04021 0.034335 -0.052893 -0.17386 0.020255 0.15024 0.29507 -0.13335 -0.014737 -0.15428 0.1248 -0.079829 0.25608 -0.1559 -0.24736 -0.18909 0.17946 -0.13811 0.23627 -0.16402 -0.32731 -0.16789 -0.081869 -0.39291 0.11936 -0.072291 -0.41959 -0.092044 0.026423 -0.6995 0.077741 0.052625 -0.72639 -0.1755 0.057329 -0.72908 0.084218 0.059804 -0.82279 0.0066535 -0.37743 0.44989
-0.065155 -0.18461 0.28414 0.20565 -0.19763 0.22374 0.078676 -0.25916 0.30663 0.014679 -0.04063 0.053267 -0.05437 0.03438 -0.03813 0.039372 0.03438 -0.053481 -0.17205 0.022612 0.1568 0.2921 -0.13562 -0.019533 -0.14431 0.11822 -0.10137 0.25191 -0.16454 -0.25124 -0.17571 0.16982 -0.17344 0.23153 -0.17499 -0.33091 -0.17251 -0.094409 -0.38613 0.11987 -0.083862 -0.41638 -0.092879 0.016539 -0.69078 0.07397 0.042608 -0.72187 -0.17662 0.047043 -0.7201 0.084146 0.056256 -0.81989 0.013235 -0.37626 0.45127
-0.060873 -0.18381 0.28633 0.2104 -0.19714 0.22265 0.083551 -0.25792 0.30639 0.015638 -0.040276 0.053263 -0.055135 0.034131 -0.037253 0.038595 0.034131 -0.054206 -0.17015 0.024634 0.16301 0.29015 -0.13597 -0.023168 -0.13739 0.10548 -0.10695 0.24878 -0.17259 -0.25361 -0.16506 0.1495 -0.18896 0.22766 -0.1845 -0.33296 -0.17616 -0.10779 -0.37917 0.12106 -0.094145 -0.41312 -0.092738 0.0061901 -0.68168 0.069641 0.033294 -0.71732 -0.17679 0.034842 -0.71166 0.080672 0.047252 -0.8146 0.022193 -0.37378 0.45378
-0.056791 -0.18205 0.2897 0.21588 -0.19668 0.22321 0.088404 -0.25529 0.30726 0.016607 -0.039724 0.053397 -0.055961 0.033638 -0.036487 0.037994 0.033638 -0.05495 -0.1683 0.026805 0.16894 0.28965 -0.13583 -0.024724 -0.13528 0.08112 -0.079611 0.24739 -0.18128 -0.25345 -0.15926 0.11328 -0.15925 0.22529 -0.19279 -0.33244 -0.17925 -0.12105 -0.37226 0.12251 -0.10364 -0.40988 -0.091979 -0.0044906 -0.67273 0.06543 0.024241 -0.71296 -0.17624 0.021819 -0.70392 0.074061 0.032433 -0.80748 0.031622 -0.36966 0.45763
-0.054022 -0.17931 0.29447 0.22148 -0.19738 0.22593 0.092056 -0.25138 0.30941 0.017417 -0.039075 0.053631 -0.05674 0.032947 -0.035932 0.03767 0.032947 -0.0556 -0.16666 0.029559 0.17462 0.291 -0.13651 -0.02339 -0.13948 0.040525 -0.0045611 0.24835 -0.19172 -0.24986 -0.16015 0.056857 -0.062044 0.22499 -0.20008 -0.32844 -0.18213 -0.13331 -0.36564 0.12382 -0.11283 -0.40671 -0.090938 -0.015373 -0.66443 0.061959 0.01504 -0.70895 -0.17521 0.0090004 -0.69702 0.064642 0.011632 -0.79906 0.039738 -0.36359 0.46298
-0.052656 -0.17578 0.30051 0.22684 -0.19909 0.23046 0.094382 -0.24644 0.31265 0.018045 -0.038366 0.053941 -0.05744 0.032103 -0.035589 0.037616 0.032103 -0.05613 -0.16548 0.03281 0.18024 0.29389 -0.1382 -0.019572 -0.14862 -0.01171 0.10778 0.25133 -0.20375 -0.24325 -0.16635 -0.013415 0.088569 0.22655 -0.20686 -0.32142 -0.18478 -0.14453 -0.35926 0.12482 -0.12213 -0.40343 -0.089696 -0.026379 -0.65674 0.059283 0.0056667 -0.70499 -0.17379 -0.0033725 -0.69075 0.053475 -0.013107 -0.78977 0.046158 -0.35576 0.4696
-0.052121 -0.17177 0.30735 0.23179 -0.2008 0.23595 0.095936 -0.24073 0.31659 0.018559 -0.037591 0.054309 -0.05808 0.031152 -0.03539 0.03775 0.031152 -0.056572 -0.16507 0.036134 0.18601 0.29757 -0.14028 -0.014468 -0.15949 -0.065028 0.23074 0.25534 -0.21634 -0.23487 -0.1744 -0.084327 0.25501 0.22924 -0.21375 -0.31271 -0.18692 -0.15527 -0.35288 0.12549 -0.13187 -0.39975 -0.088169 -0.037463 -0.6493 0.057081 -0.0036526 -0.70049 -0.17199 -0.015563 -0.68472 0.042088 -0.038308 -0.77996 0.051406 -0.34665 0.47692
-0.051835 -0.1676 0.31458 0.23615 -0.20149 0.2415 0.097286 -0.23454 0.32082 0.019031 -0.036745 0.054714 -0.058681 0.030135 -0.035268 0.03799 0.030135 -0.056956 -0.16572 0.039099 0.19218 0.30127 -0.14216 -0.0092876 -0.16884 -0.10877 0.33736 0.25941 -0.22846 -0.226 -0.18079 -0.14255 0.39931 0.23236 -0.22137 -0.30366 -0.18825 -0.16605 -0.34629 0.12578 -0.14239 -0.39536 -0.086269 -0.048579 -0.64174 0.055031 -0.012688 -0.69484 -0.16981 -0.027844 -0.6785 0.032019 -0.060476 -0.77 0.056021 -0.33678 0.4844
-0.051255 -0.16352 0.32175 0.23972 -0.20021 0.24631 0.098952 -0.22815 0.32496 0.019522 -0.035823 0.055141 -0.059261 0.029097 -0.035157 0.038255 0.029097 -0.057311 -0.16771 0.041326 0.19895 0.30428 -0.14328 -0.0051689 -0.17364 -0.13296 0.40234 0.2626 -0.23915 -0.21786 -0.18224 -0.17562 0.48583 0.2352 -0.23031 -0.29556 -0.1885 -0.17738 -0.33929 0.12568 -0.15399 -0.39001 -0.083925 -0.059668 -0.63374 0.052831 -0.021215 -0.68751 -0.16728 -0.040456 -0.67173 0.024713 -0.076337 -0.76021 0.060498 -0.32661 0.49152
-0.050395 -0.15929 0.32867 0.2423 -0.1969 0.25022 0.10082 -0.22158 0.329 0.019997 -0.03486 0.055581 -0.05982 0.028077 -0.035033 0.038506 0.028077 -0.057647 -0.17087 0.043152 0.20602 0.30641 -0.14372 -0.0022397 -0.17377 -0.13723 0.42408 0.26473 -0.24803 -0.21087 -0.17871 -0.18328 0.51227 0.23759 -0.24026 -0.28882 -0.18779 -0.18902 -0.33205 0.12529 -0.16624 -0.3839 -0.081261 -0.07046 -0.62545 0.050502 -0.02908 -0.67884 -0.16452 -0.053193 -0.66458 0.020268 -0.085833 -0.75081 0.064716 -0.31639 0.49816
-0.049689 -0.15426 0.3353 0.24364 -0.19218 0.2536 0.1023 -0.21464 0.33314 0.020346 -0.03392 0.056037 -0.060338 0.027113 -0.034904 0.038735 0.027113 -0.057956 -0.17469 0.045451 0.21273 0.30786 -0.14401 0.00012906 -0.17133 -0.12842 0.41867 0.26613 -0.25522 -0.20489 -0.1725 -0.1744 0.50127 0.23975 -0.25032 -0.28321 -0.18648 -0.20021 -0.32502 0.12484 -0.17815 -0.37763 -0.07855 -0.080524 -0.61745 0.048309 -0.036186 -0.66985 -0.16175 -0.065517 -0.65762 0.017782 -0.09131 -0.74189 0.068092 -0.30615 0.5045
-0.049576 -0.14778 0.34158 0.24349 -0.1867 0.25683 0.10279 -0.20715 0.33763 0.020457 -0.033065 0.056511 -0.0608 0.026242 -0.034777 0.038931 0.026242 -0.058229 -0.17867 0.04911 0.21842 0.30885 -0.14471 0.0025846 -0.16846 -0.11353 0.40265 0.26718 -0.26085 -0.19973 -0.16603 -0.15808 0.47604 0.2419 -0.25956 -0.27847 -0.18494 -0.21017 -0.31864 0.12453 -0.18875 -0.37179 -0.076068 -0.089431 -0.61029 0.046523 -0.042436 -0.66156 -0.15919 -0.076881 -0.65146 0.016325 -0.095172 -0.73355 0.070032 -0.29593 0.51072
-0.050475 -0.13924 0.34747 0.24163 -0.18107 0.26026 0.10172 -0.19897 0.34268 0.020225 -0.032356 0.057005 -0.061189 0.025498 -0.034658 0.039086 0.025498 -0.058459 -0.18234 0.054949 0.22246 0.30959 -0.14634 0.0057379 -0.16722 -0.099364 0.39195 0.26823 -0.26503 -0.19524 -0.16161 -0.14314 0.45898 0.24424 -0.26709 -0.27435 -0.18356 -0.21815 -0.31336 0.12457 -0.19709 -0.36696 -0.074079 -0.096769 -0.60451 0.045399 -0.047741 -0.65496 -0.15705 -0.086759 -0.64664 0.015001 -0.099731 -0.72589 0.069984 -0.28575 0.51699
-0.052366 -0.12913 0.35291 0.23834 -0.17548 0.26391 0.099216 -0.19034 0.34813 0.019681 -0.031786 0.057512 -0.061504 0.024879 -0.034555 0.03921 0.024879 -0.058645 -0.18596 0.062573 0.2254 0.30995 -0.14868 0.0095527 -0.16841 -0.088861 0.39206 0.26921 -0.26804 -0.19123 -0.16009 -0.13328 0.45726 0.24661 -0.27278 -0.27065 -0.18248 -0.22411 -0.30921 0.12493 -0.20313 -0.36322 -0.072629 -0.10254 -0.60014 0.044926 -0.052178 -0.65019 -0.15535 -0.095026 -0.64322 0.013485 -0.10565 -0.71895 0.068117 -0.27576 0.52325
-0.054853 -0.11891 0.35776 0.23435 -0.16975 0.26746 0.096015 -0.18189 0.3535 0.018971 -0.03129 0.058018 -0.061764 0.024342 -0.034473 0.039326 0.024342 -0.058791 -0.19038 0.07054 0.22876 0.30959 -0.15084 0.013432 -0.17173 -0.081637 0.39938 0.26971 -0.27022 -0.18753 -0.16111 -0.12777 0.46491 0.24854 -0.27718 -0.26718 -0.18169 -0.22859 -0.30593 0.12541 -0.20761 -0.36022 -0.071575 -0.1071 -0.59679 0.044863 -0.05597 -0.64666 -0.15399 -0.1019 -0.64078 0.011942 -0.11219 -0.7127 0.065228 -0.26616 0.52923
-0.057526 -0.11003 0.36192 0.23036 -0.16369 0.2706 0.092858 -0.17424 0.35829 0.018247 -0.030803 0.058511 -0.061983 0.023849 -0.034417 0.039457 0.023849 -0.058903 -0.1965 0.077372 0.23407 0.3081 -0.15194 0.016762 -0.17686 -0.077194 0.41003 0.26932 -0.27196 -0.18396 -0.16423 -0.12575 0.47551 0.24956 -0.28085 -0.26377 -0.18117 -0.23213 -0.3032 0.12581 -0.21132 -0.35762 -0.07077 -0.11082 -0.59403 0.044964 -0.059339 -0.64375 -0.15284 -0.10761 -0.63889 0.010557 -0.11854 -0.70714 0.062136 -0.25716 0.53466
-0.059984 -0.1039 0.36527 0.22711 -0.15711 0.27302 0.090472 -0.168 0.36205 0.017656 -0.030258 0.058978 -0.062179 0.023358 -0.034395 0.039626 0.023358 -0.058985 -0.20517 0.081643 0.24282 0.30514 -0.1511 0.018951 -0.18344 -0.075033 0.42027 0.26766 -0.27361 -0.18035 -0.16903 -0.12635 0.48292 0.24921 -0.28432 -0.26026 -0.18089 -0.23529 -0.30074 0.12592 -0.21498 -0.35506 -0.070066 -0.11406 -0.59146 0.044989 -0.062507 -0.64087 -0.15177 -0.1124 -0.63714 0.0095108 -0.12393 -0.70225 0.05964 -0.24896 0.53926
-0.062006 -0.10052 0.36781 0.22487 -0.14999 0.27474 0.089122 -0.16302 0.36477 0.01726 -0.029608 0.059423 -0.062358 0.022829 -0.034422 0.039837 0.022829 -0.059051 -0.21622 0.083078 0.25481 0.30096 -0.14817 0.019997 -0.19135 -0.07456 0.42932 0.265 -0.27509 -0.17666 -0.17521 -0.12861 0.4867 0.24787 -0.28765 -0.25661 -0.18059 -0.23844 -0.29843 0.12586 -0.21879 -0.35249 -0.069383 -0.11706 -0.58896 0.044955 -0.065575 -0.63788 -0.15069 -0.11657 -0.63542 0.0089701 -0.12816 -0.69805 0.058121 -0.24142 0.54306
-0.063548 -0.098455 0.36964 0.22352 -0.14243 0.27615 0.08861 -0.1584 0.36692 0.01704 -0.028822 0.059868 -0.062517 0.022222 -0.034529 0.040076 0.022222 -0.059121 -0.22846 0.082557 0.26816 0.29637 -0.14365 0.020482 -0.20059 -0.075088 0.43942 0.26234 -0.27591 -0.17297 -0.18256 -0.13147 0.49217 0.24668 -0.29039 -0.25289 -0.17979 -0.24175 -0.2963 0.12607 -0.22242 -0.35008 -0.068701 -0.11997 -0.58672 0.045129 -0.068529 -0.6351 -0.14958 -0.12054 -0.63394 0.0090839 -0.1316 -0.69461 0.057539 -0.23406 0.54637
-0.064577 -0.096208 0.37087 0.22291 -0.13457 0.2776 0.08872 -0.15323 0.36898 0.016969 -0.02787 0.060336 -0.062652 0.021497 -0.034745 0.040326 0.021497 -0.059218 -0.24065 0.08101 0.28093 0.29224 -0.13811 0.021015 -0.21121 -0.075926 0.45293 0.26065 -0.27556 -0.16935 -0.19088 -0.13389 0.50489 0.24687 -0.29206 -0.24921 -0.178 -0.24539 -0.29441 0.12699 -0.22548 -0.34805 -0.068008 -0.1229 -0.58494 0.045789 -0.071348 -0.63288 -0.14839 -0.12471 -0.63291 0.01 -0.13465 -0.69198 0.057839 -0.22639 0.54953
-0.065067 -0.09232 0.3716 0.22291 -0.12653 0.27948 0.089232 -0.14659 0.37143 0.017019 -0.026722 0.060849 -0.062758 0.020617 -0.0351 0.040574 0.020617 -0.059361 -0.2516 0.079353 0.29121 0.2894 -0.13208 0.022191 -0.22318 -0.076394 0.47202 0.26093 -0.27354 -0.16589 -0.19995 -0.1348 0.53006 0.24959 -0.29222 -0.24565 -0.17474 -0.24952 -0.29281 0.12906 -0.22763 -0.34658 -0.067287 -0.12599 -0.58379 0.047207 -0.07402 -0.63153 -0.14708 -0.12948 -0.63253 0.011861 -0.1377 -0.69022 0.058957 -0.21793 0.55285
-0.065256 -0.086277 0.372 0.22318 -0.11842 0.28194 0.089808 -0.13819 0.37445 0.017113 -0.025362 0.061421 -0.062812 0.01957 -0.035623 0.040811 0.01957 -0.059554 -0.26096 0.078116 0.2983 0.28797 -0.12591 0.024261 -0.23488 -0.076197 0.49317 0.26316 -0.2699 -0.16248 -0.20887 -0.13332 0.56246 0.25457 -0.29091 -0.24205 -0.17006 -0.2541 -0.29153 0.13223 -0.22891 -0.34564 -0.066545 -0.12931 -0.58335 0.049424 -0.076749 -0.63112 -0.14563 -0.13496 -0.63295 0.014608 -0.14112 -0.68928 0.060589 -0.20847 0.55648
-0.065689 -0.078655 0.37228 0.22325 -0.11033 0.28489 0.089978 -0.12843 0.37789 0.01711 -0.023787 0.06206 -0.062763 0.01838 -0.036346 0.041042 0.01838 -0.059776 -0.26942 0.077375 0.30287 0.28724 -0.11966 0.027074 -0.24282 -0.075482 0.50629 0.26627 -0.26532 -0.15883 -0.21594 -0.12876 0.58478 0.2599 -0.28879 -0.23798 -0.16462 -0.25886 -0.29059 0.13593 -0.22982 -0.34496 -0.065811 -0.13293 -0.58354 0.052214 -0.079996 -0.63141 -0.14404 -0.1409 -0.63416 0.017949 -0.14523 -0.68896 0.062154 -0.19812 0.56036
-0.066928 -0.070093 0.37267 0.2226 -0.10236 0.28824 0.089264 -0.11775 0.38158 0.016868 -0.021997 0.06277 -0.062564 0.017073 -0.0373 0.041268 0.017073 -0.060007 -0.27771 0.077184 0.30569 0.28644 -0.11342 0.030458 -0.24341 -0.074422 0.50091 0.2691 -0.26051 -0.15461 -0.21945 -0.12041 0.57905 0.26358 -0.28654 -0.23301 -0.1591 -0.26351 -0.29001 0.13957 -0.23093 -0.34421 -0.065115 -0.13687 -0.58429 0.055337 -0.084233 -0.63212 -0.14229 -0.14707 -0.63618 0.021581 -0.15035 -0.68906 0.063056 -0.18702 0.56443
-0.069522 -0.061226 0.37339 0.22073 -0.094607 0.29188 0.087198 -0.10659 0.38534 0.016246 -0.019992 0.063556 -0.062165 0.015675 -0.038513 0.041494 0.015675 -0.060226 -0.28656 0.077588 0.30748 0.28484 -0.10723 0.034238 -0.23314 -0.073193 0.46682 0.27051 -0.25617 -0.14953 -0.21769 -0.10763 0.52771 0.26366 -0.28483 -0.22671 -0.15418 -0.26777 -0.28982 0.14254 -0.23275 -0.34311 -0.064488 -0.14118 -0.5855 0.058557 -0.089922 -0.63298 -0.14039 -0.15321 -0.63901 0.025204 -0.15679 -0.68938 0.062709 -0.17531 0.56862
-0.073524 -0.052525 0.37434 0.21754 -0.087062 0.29563 0.083738 -0.095327 0.38902 0.015249 -0.01784 0.064391 -0.06158 0.014229 -0.039935 0.041727 0.014229 -0.060414 -0.2959 0.078292 0.30798 0.28216 -0.10116 0.038189 -0.21233 -0.072189 0.40462 0.27006 -0.25255 -0.14368 -0.21046 -0.091433 0.43121 0.25962 -0.28384 -0.21916 -0.15016 -0.2715 -0.28995 0.14468 -0.23536 -0.34158 -0.06392 -0.14578 -0.58705 0.061742 -0.096975 -0.63385 -0.13846 -0.15918 -0.6423 0.028689 -0.16441 -0.6898 0.060949 -0.16321 0.57281
-0.078317 -0.044243 0.37498 0.21347 -0.079614 0.2992 0.079409 -0.084231 0.39247 0.014074 -0.015699 0.065202 -0.060908 0.012805 -0.04141 0.041983 0.012805 -0.060552 -0.3046 0.078545 0.30558 0.27873 -0.095219 0.042015 -0.18638 -0.072092 0.32931 0.26828 -0.24929 -0.13769 -0.19957 -0.075109 0.31406 0.25291 -0.28311 -0.21114 -0.1468 -0.27479 -0.29022 0.14637 -0.23827 -0.33987 -0.063354 -0.15044 -0.58869 0.064901 -0.10458 -0.63472 -0.1368 -0.16503 -0.6452 0.032133 -0.17246 -0.69028 0.058173 -0.15108 0.57682
-0.083243 -0.036616 0.37475 0.20897 -0.072137 0.30232 0.074779 -0.073575 0.39556 0.012931 -0.013733 0.065916 -0.060252 0.011474 -0.042776 0.042275 0.011474 -0.060622 -0.31148 0.077566 0.29858 0.27495 -0.089425 0.045418 -0.16104 -0.073604 0.25694 0.26575 -0.24598 -0.13225 -0.18697 -0.062087 0.20243 0.24512 -0.28215 -0.20347 -0.14386 -0.27772 -0.29045 0.14804 -0.2409 -0.33824 -0.062728 -0.15493 -0.59018 0.068055 -0.11186 -0.63559 -0.13571 -0.1708 -0.64684 0.03565 -0.18016 -0.69082 0.054817 -0.13928 0.58047
-0.087646 -0.029881 0.37309 0.20452 -0.064508 0.30468 0.070409 -0.063626 0.39814 0.012029 -0.012106 0.066457 -0.059714 0.010307 -0.043871 0.04262 0.010307 -0.060605 -0.31536 0.074579 0.28528 0.2712 -0.083798 0.0481 -0.14203 -0.077413 0.20334 0.26306 -0.24221 -0.128 -0.17458 -0.05576 0.12226 0.2378 -0.28046 -0.19694 -0.14108 -0.28038 -0.29048 0.1501 -0.24272 -0.33695 -0.061982 -0.15901 -0.59131 0.071223 -0.11797 -0.63647 -0.13549 -0.17653 -0.64637 0.039353 -0.18672 -0.6914 0.051314 -0.12819 0.58357
-0.091216 -0.02415 0.36982 0.20035 -0.056667 0.30624 0.066534 -0.054552 0.40018 0.011449 -0.010872 0.066804 -0.059323 0.0093188 -0.044652 0.043038 0.0093188 -0.060484 -0.31578 0.069289 0.26561 0.26766 -0.07845 0.050017 -0.13199 -0.083453 0.17412 0.26051 -0.23793 -0.12517 -0.16383 -0.057059 0.083178 0.23184 -0.27795 -0.1919 -0.13831 -0.28286 -0.29022 0.15276 -0.2435 -0.3361 -0.061112 -0.16261 -0.59198 0.074425 -0.12257 -0.63734 -0.13614 -0.18222 -0.64375 0.043296 -0.19183 -0.692 0.047918 -0.11795 0.58608
-0.094178 -0.019345 0.36531 0.19633 -0.048657 0.3073 0.062891 -0.046362 0.40178 0.011075 -0.0099228 0.067013 -0.058993 0.0084363 -0.045261 0.04356 0.0084363 -0.060243 -0.31337 0.06214 0.2419 0.26415 -0.073635 0.051505 -0.12883 -0.090483 0.15895 0.25802 -0.23362 -0.12324 -0.15536 -0.063106 0.06965 0.22702 -0.2752 -0.18792 -0.13558 -0.28524 -0.28981 0.15589 -0.24359 -0.33553 -0.060201 -0.16592 -0.59239 0.077679 -0.12614 -0.63817 -0.13713 -0.18778 -0.64023 0.047443 -0.19593 -0.69264 0.044597 -0.10842 0.58817
-0.096803 -0.015371 0.35999 0.1923 -0.040527 0.30819 0.059171 -0.039053 0.40307 0.010773 -0.0091351 0.067149 -0.058627 0.0075803 -0.045855 0.044215 0.0075803 -0.059868 -0.30887 0.053639 0.21673 0.26049 -0.069622 0.052936 -0.13005 -0.097162 0.14615 0.25545 -0.2298 -0.12165 -0.14972 -0.070693 0.063958 0.22303 -0.27284 -0.1845 -0.13292 -0.28757 -0.28935 0.15932 -0.24334 -0.33503 -0.059341 -0.16915 -0.59274 0.081005 -0.12923 -0.6389 -0.13793 -0.19313 -0.63715 0.051752 -0.1995 -0.69332 0.041298 -0.099426 0.59004
-0.099361 -0.012135 0.35427 0.18812 -0.032329 0.30923 0.05507 -0.032619 0.40416 0.010413 -0.0083862 0.067274 -0.05813 0.0066718 -0.046592 0.045035 0.0066718 -0.059344 -0.30301 0.044293 0.19263 0.25649 -0.066671 0.054681 -0.13316 -0.10216 0.12412 0.25268 -0.22698 -0.11985 -0.14746 -0.076629 0.048481 0.21956 -0.27147 -0.18117 -0.13037 -0.28994 -0.28899 0.16288 -0.24313 -0.33442 -0.058622 -0.17253 -0.59323 0.084422 -0.1324 -0.6395 -0.13798 -0.19817 -0.63586 0.056179 -0.20303 -0.69407 0.037967 -0.090796 0.59187
-0.10196 -0.0095868 0.34852 0.18373 -0.024189 0.31057 0.050508 -0.027026 0.40513 0.0099254 -0.0076069 0.067426 -0.057445 0.0056682 -0.047554 0.04601 0.0056682 -0.058681 -0.29619 0.034433 0.17121 0.25212 -0.064448 0.05682 -0.13611 -0.10503 0.087694 0.24963 -0.22499 -0.11761 -0.14829 -0.079393 0.014629 0.21633 -0.27097 -0.17768 -0.12779 -0.29236 -0.28883 0.16653 -0.24304 -0.33367 -0.05801 -0.1762 -0.59403 0.08802 -0.13592 -0.64006 -0.13701 -0.20301 -0.63693 0.060854 -0.20681 -0.69494 0.034661 -0.08245 0.59375
-0.10443 -0.0077629 0.34297 0.17934 -0.016371 0.31198 0.045818 -0.022185 0.40597 0.0093595 -0.0068249 0.067591 -0.056583 0.0045928 -0.048695 0.047058 0.0045928 -0.057937 -0.28816 0.024079 0.15232 0.24764 -0.061547 0.058926 -0.13767 -0.10692 0.043381 0.24633 -0.22235 -0.11533 -0.15042 -0.08046 -0.029942 0.21306 -0.26985 -0.17426 -0.12475 -0.29477 -0.28898 0.17037 -0.24262 -0.33308 -0.057248 -0.1802 -0.5953 0.092019 -0.13958 -0.64091 -0.13517 -0.20803 -0.6395 0.066208 -0.21075 -0.69613 0.03163 -0.074486 0.59561
-0.10658 -0.0067061 0.33784 0.17513 -0.0091523 0.3132 0.041373 -0.018002 0.40666 0.0087757 -0.006078 0.067751 -0.055565 0.0034759 -0.049955 0.04809 0.0034759 -0.057174 -0.27864 0.013219 0.13561 0.24335 -0.056451 0.060514 -0.13669 -0.10917 -0.0011076 0.24281 -0.2175 -0.1135 -0.15187 -0.081622 -0.07587 0.2095 -0.2665 -0.1712 -0.12079 -0.29708 -0.28952 0.17453 -0.24141 -0.33293 -0.056054 -0.18454 -0.59718 0.096649 -0.1431 -0.64242 -0.13271 -0.21369 -0.64255 0.072708 -0.21474 -0.69782 0.029144 -0.067015 0.59734
-0.10818 -0.0064589 0.33335 0.17131 -0.0028081 0.31397 0.037548 -0.014381 0.4072 0.0082345 -0.0054037 0.067888 -0.05441 0.0023479 -0.051272 0.049016 0.0023479 -0.056455 -0.26732 0.0018408 0.12077 0.23955 -0.047649 0.061104 -0.13203 -0.11307 -0.038079 0.23911 -0.20884 -0.11257 -0.15069 -0.084662 -0.11382 0.20539 -0.25929 -0.16875 -0.11544 -0.29924 -0.29055 0.17916 -0.23891 -0.33355 -0.05415 -0.18927 -0.59979 0.10214 -0.14622 -0.64493 -0.12985 -0.22041 -0.64509 0.080814 -0.21864 -0.70022 0.027473 -0.060152 0.59883
-0.10918 -0.0069374 0.32962 0.16801 0.0025177 0.31419 0.034544 -0.011241 0.40759 0.0077734 -0.0048243 0.067992 -0.053169 0.0012472 -0.052577 0.04978 0.0012472 -0.055823 -0.25426 -0.0098098 0.10759 0.23649 -0.03473 0.060546 -0.1234 -0.11921 -0.063142 0.23553 -0.19599 -0.11271 -0.14587 -0.090414 -0.13846 0.20085 -0.2478 -0.167 -0.10866 -0.30117 -0.29204 0.18421 -0.23503 -0.33501 -0.051485 -0.19432 -0.60311 0.1085 -0.14885 -0.64851 -0.12685 -0.22827 -0.64648 0.090572 -0.22241 -0.7033 0.026694 -0.053952 0.60003
-0.10974 -0.0077914 0.3266 0.16519 0.006961 0.31403 0.032205 -0.0085275 0.40785 0.0073822 -0.0043302 0.068069 -0.051962 0.0002296 -0.053776 0.050395 0.0002296 -0.05528 -0.24025 -0.020948 0.096124 0.23435 -0.019591 0.059392 -0.11229 -0.12656 -0.078836 0.23287 -0.18106 -0.11341 -0.13839 -0.097716 -0.15279 0.19682 -0.23405 -0.16561 -0.10132 -0.30287 -0.29368 0.18926 -0.23049 -0.33689 -0.048488 -0.19951 -0.60668 0.11529 -0.15125 -0.65261 -0.12405 -0.23662 -0.64681 0.10115 -0.22614 -0.70666 0.026477 -0.048349 0.60098
-0.11009 -0.0086375 0.32419 0.16279 0.010693 0.31374 0.030329 -0.00619 0.40803 0.0070446 -0.0039075 0.068126 -0.050916 -0.00064692 -0.054774 0.050881 -0.00064692 -0.054826 -0.22617 -0.03072 0.086474 0.23329 -0.0044191 0.058281 -0.10042 -0.13391 -0.088571 0.232 -0.16645 -0.1141 -0.12947 -0.10515 -0.1609 0.19433 -0.22037 -0.1642 -0.094402 -0.30432 -0.29516 0.19385 -0.22613 -0.33871 -0.04565 -0.20462 -0.61003 0.12198 -0.15375 -0.6566 -0.1218 -0.24469 -0.64628 0.1116 -0.22991 -0.70982 0.026442 -0.043259 0.60174
-0.11043 -0.0090927 0.3223 0.16076 0.013884 0.31353 0.028716 -0.0041772 0.40816 0.0067446 -0.0035425 0.068172 -0.050159 -0.0013246 -0.055477 0.051261 -0.0013246 -0.054458 -0.21291 -0.038274 0.07873 0.23346 0.0086 0.05785 -0.089532 -0.14005 -0.095756 0.23381 -0.15458 -0.11421 -0.12036 -0.11131 -0.16685 0.19444 -0.20909 -0.16236 -0.088873 -0.30552 -0.29614 0.19751 -0.22277 -0.34 -0.043459 -0.20943 -0.61268 0.12808 -0.15663 -0.65984 -0.12046 -0.25173 -0.64511 0.12097 -0.23384 -0.71232 0.026209 -0.038603 0.60238
-0.11091 -0.0089176 0.32085 0.15903 0.016675 0.31354 0.027214 -0.002435 0.40827 0.0064694 -0.003223 0.068213 -0.049753 -0.0017793 -0.055846 0.051554 -0.0017793 -0.054169 -0.20111 -0.04319 0.072866 0.23485 0.018106 0.058462 -0.080781 -0.14427 -0.10278 0.23803 -0.14673 -0.11338 -0.11198 -0.11539 -0.17346 0.197 -0.20145 -0.15991 -0.085292 -0.30648 -0.29644 0.19999 -0.22089 -0.34047 -0.042195 -0.2138 -0.61435 0.13325 -0.16005 -0.66196 -0.12012 -0.25724 -0.64362 0.12866 -0.23792 -0.71386 0.025541 -0.034322 0.60293
-0.1115 -0.0082249 0.31972 0.15753 0.019131 0.31372 0.025798 -0.00090209 0.40837 0.0062158 -0.0029402 0.068249 -0.049597 -0.0020697 -0.055976 0.051784 -0.0020697 -0.053941 -0.19088 -0.046098 0.068567 0.23697 0.024757 0.059801 -0.073998 -0.14704 -0.10952 0.24162 -0.14136 -0.11185 -0.10459 -0.11806 -0.18044 0.19908 -0.19603 -0.15705 -0.083185 -0.30725 -0.29625 0.20157 -0.22013 -0.34034 -0.041614 -0.21772 -0.61526 0.13758 -0.16373 -0.6632 -0.12029 -0.26137 -0.64251 0.13484 -0.24196 -0.71468 0.024556 -0.030422 0.60341
-0.11215 -0.0071803 0.3188 0.15619 0.021305 0.31396 0.024461 0.00048426 0.40846 0.0059816 -0.0026858 0.068282 -0.049567 -0.0022672 -0.055984 0.05197 -0.0022672 -0.053752 -0.18219 -0.047791 0.065474 0.23928 0.029517 0.061453 -0.068805 -0.14905 -0.11551 0.24113 -0.13651 -0.10991 -0.098329 -0.12023 -0.18706 0.19728 -0.19098 -0.15408 -0.081925 -0.3079 -0.2958 0.20261 -0.21999 -0.3399 -0.041397 -0.22123 -0.61572 0.14121 -0.1673 -0.66387 -0.12038 -0.26436 -0.64252 0.1398 -0.24571 -0.71506 0.023423 -0.026918 0.60381
-0.11281 -0.0059495 0.318 0.15493 0.023251 0.31418 0.023198 0.0017866 0.40853 0.0057647 -0.0024518 0.06831 -0.04954 -0.0024428 -0.055989 0.052134 -0.0024428 -0.053583 -0.17507 -0.049059 0.063226 0.24124 0.033349 0.063 -0.064829 -0.15097 -0.12024 0.23311 -0.13025 -0.10789 -0.093352 -0.12279 -0.19258 0.18824 -0.18449 -0.15129 -0.080885 -0.3085 -0.29534 0.20346 -0.21999 -0.33944 -0.041226 -0.22436 -0.61602 0.14429 -0.17043 -0.6643 -0.1198 -0.26647 -0.64438 0.14385 -0.24892 -0.71529 0.022312 -0.023823 0.60413
-0.11343 -0.0046677 0.31722 0.15371 0.025012 0.31431 0.022007 0.0030471 0.40859 0.0055638 -0.0022321 0.068335 -0.049427 -0.0026476 -0.056071 0.052291 -0.0026476 -0.053418 -0.16945 -0.050487 0.061531 0.24247 0.036991 0.064148 -0.061744 -0.15328 -0.12342 0.21568 -0.12127 -0.10597 -0.0897 -0.12636 -0.1965 0.17011 -0.17535 -0.14884 -0.079606 -0.3091 -0.29504 0.20438 -0.21976 -0.33916 -0.040869 -0.22712 -0.61638 0.14695 -0.17289 -0.66473 -0.11819 -0.26793 -0.64844 0.14723 -0.25143 -0.71557 0.021351 -0.021139 0.60438
-0.11401 -0.0033831 0.3165 0.15255 0.026598 0.31436 0.020909 0.0042497 0.40864 0.0053793 -0.0020267 0.068356 -0.049246 -0.0028746 -0.056218 0.052438 -0.0028746 -0.053261 -0.16508 -0.052071 0.060286 0.2431 0.040538 0.064945 -0.059379 -0.15593 -0.12528 0.19154 -0.1102 -0.10404 -0.08714 -0.13069 -0.19901 0.14555 -0.16419 -0.14659 -0.078118 -0.30968 -0.29488 0.20536 -0.21934 -0.33905 -0.040349 -0.22955 -0.6168 0.14928 -0.17477 -0.66518 -0.11587 -0.26893 -0.65392 0.15009 -0.25338 -0.71592 0.020549 -0.018829 0.60456
-0.11454 -0.0021285 0.31585 0.15149 0.028015 0.31436 0.019926 0.0053675 0.40868 0.0052122 -0.0018367 0.068374 -0.049032 -0.0031066 -0.056396 0.05257 -0.0031066 -0.053119 -0.1617 -0.053698 0.059423 0.24333 0.043971 0.065502 -0.057587 -0.15876 -0.12612 0.16418 -0.097998 -0.10192 -0.085388 -0.1354 -0.20044 0.11799 -0.15195 -0.14429 -0.076538 -0.31024 -0.29481 0.20637 -0.21879 -0.33904 -0.039734 -0.23166 -0.61723 0.15134 -0.17624 -0.66562 -0.11328 -0.26967 -0.65981 0.15253 -0.25491 -0.71629 0.019893 -0.016849 0.60469
-0.11501 -0.00093639 0.31532 0.15058 0.029266 0.31436 0.019081 0.0063739 0.4087 0.0050633 -0.0016634 0.06839 -0.048821 -0.0033262 -0.056573 0.052679 -0.0033262 -0.053 -0.15901 -0.05526 0.058873 0.24337 0.04727 0.06593 -0.056223 -0.16162 -0.12628 0.13709 -0.085629 -0.099418 -0.084157 -0.14011 -0.20109 0.09086 -0.13959 -0.14173 -0.074982 -0.31076 -0.29478 0.20736 -0.21821 -0.33908 -0.039095 -0.23347 -0.61763 0.1532 -0.17747 -0.66603 -0.11087 -0.27035 -0.66513 0.15466 -0.25619 -0.71665 0.019369 -0.015156 0.60479
-0.11543 0.00016057 0.31493 0.14985 0.030358 0.31437 0.018398 0.0072422 0.40872 0.0049334 -0.0015078 0.068402 -0.048648 -0.0035161 -0.056719 0.052759 -0.0035161 -0.052909 -0.15675 -0.056643 0.058568 0.24344 0.050414 0.066341 -0.055141 -0.16435 -0.12608 0.11379 -0.074055 -0.096366 -0.083165 -0.14443 -0.2013 0.067608 -0.12805 -0.13868 -0.073566 -0.31122 -0.29474 0.20828 -0.21769 -0.3391 -0.038498 -0.23502 -0.61794 0.15494 -0.17862 -0.66638 -0.10906 -0.27114 -0.66888 0.1566 -0.25738 -0.71697 0.018964 -0.013705 0.60486
-0.11579 0.0011297 0.31471 0.14934 0.031294 0.31442 0.0179 0.0079457 0.40873 0.0048234 -0.0013711 0.068413 -0.048549 -0.003659 -0.056799 0.052805 -0.003659 -0.052855 -0.15464 -0.057739 0.05844 0.24373 0.053383 0.066845 -0.054196 -0.16679 -0.12582 0.097755 -0.064236 -0.092579 -0.082125 -0.14797 -0.20137 0.051666 -0.11828 -0.13491 -0.072407 -0.31161 -0.29464 0.20908 -0.21731 -0.33905 -0.038014 -0.23631 -0.61812 0.15661 -0.17985 -0.66665 -0.1083 -0.27226 -0.67006 0.15846 -0.25865 -0.7172 0.018666 -0.012453 0.60493
-0.11608 0.0019385 0.3147 0.14909 0.032081 0.31456 0.017609 0.0084578 0.40873 0.0047343 -0.0012544 0.068421 -0.048559 -0.0037376 -0.056783 0.052811 -0.0037376 -0.052843 -0.1524 -0.058435 0.058421 0.24446 0.056158 0.067554 -0.053241 -0.16879 -0.12584 0.092501 -0.057135 -0.08788 -0.080754 -0.15035 -0.20164 0.046472 -0.11124 -0.13021 -0.071621 -0.3119 -0.29441 0.20971 -0.21715 -0.33886 -0.037711 -0.23738 -0.61813 0.15829 -0.18133 -0.66681 -0.10904 -0.27388 -0.66769 0.16034 -0.26015 -0.71731 0.01846 -0.011357 0.60499
-0.11631 0.0025542 0.31493 0.14914 0.032722 0.3148 0.017549 0.0087516 0.40874 0.0046667 -0.0011589 0.068428 -0.048715 -0.0037347 -0.056639 0.052769 -0.0037347 -0.052882 -0.14975 -0.058621 0.058441 0.24584 0.058719 0.068579 -0.052132 -0.1702 -0.12646 0.10152 -0.053712 -0.082087 -0.078767 -0.15119 -0.20241 0.055465 -0.10787 -0.12433 -0.071326 -0.31209 -0.29402 0.21013 -0.21731 -0.33848 -0.037657 -0.23824 -0.61791 0.16005 -0.18322 -0.66684 -0.1117 -0.27621 -0.66076 0.16237 -0.26205 -0.71726 0.018335 -0.010372 0.60507
