-0.096864 0.041889 0.32302 0.1278 -0.056455 0.28294 0.033223 -0.0096217 0.40775 0.0072952 -0.0039359 0.068094 -0.060082 -0.00046648 -0.044553 0.053053 -0.00046648 -0.052728 -0.18875 0.12899 0.089313 0.15174 -0.31941 0.25239 -0.23453 0.093663 -0.14052 0.14514 -0.5543 0.22159 -0.25046 0.084257 -0.22113 0.12209 -0.63349 0.21554 -0.14605 0.11353 -0.40726 0.061163 0.055521 -0.4384 -0.15467 0.25973 -0.70733 0.051185 0.2183 -0.72976 -0.1916 0.21819 -0.78264 0.010892 0.15101 -0.78085 0.023369 -0.017989 0.6046
-0.09633 0.04158 0.32294 0.12994 -0.054978 0.28368 0.033806 -0.0097635 0.4077 0.0074776 -0.0039968 0.068071 -0.060015 -0.00043943 -0.044643 0.053161 -0.00043943 -0.052621 -0.18981 0.12072 0.087206 0.15821 -0.31538 0.24716 -0.23491 0.087535 -0.14311 0.15199 -0.55054 0.21835 -0.24981 0.081671 -0.22452 0.12933 -0.62972 0.21122 -0.14538 0.11269 -0.40777 0.061722 0.055392 -0.43831 -0.15408 0.25917 -0.7077 0.051707 0.218 -0.72977 -0.1912 0.21457 -0.78144 0.011493 0.15064 -0.78081 0.023174 -0.019054 0.60446
-0.095859 0.041266 0.32284 0.13115 -0.053837 0.28375 0.034348 -0.0098178 0.40765 0.007662 -0.0040411 0.068048 -0.05992 -0.00043014 -0.044769 0.053128 -0.00043014 -0.052653 -0.19031 0.11353 0.085294 0.16176 -0.31353 0.24566 -0.23391 0.081444 -0.14547 0.15573 -0.54887 0.21838 -0.24784 0.07676 -0.22725 0.13351 -0.62813 0.21068 -0.14478 0.11172 -0.40832 0.062122 0.055443 -0.43832 -0.15375 0.25851 -0.70808 0.051944 0.21788 -0.72987 -0.19091 0.21064 -0.77975 0.011807 0.15049 -0.78093 0.023051 -0.020034 0.60432
-0.09546 0.040961 0.32273 0.13172 -0.052893 0.28337 0.034837 -0.0097923 0.4076 0.0078413 -0.0040699 0.068026 -0.0598 -0.00043606 -0.044931 0.052997 -0.00043606 -0.052784 -0.1904 0.10729 0.083594 0.16333 -0.31312 0.24672 -0.23186 0.075558 -0.1476 0.15733 -0.54861 0.22062 -0.24488 0.070154 -0.2294 0.13556 -0.62799 0.21283 -0.14424 0.11064 -0.4089 0.062402 0.055629 -0.43842 -0.15361 0.25778 -0.70849 0.051962 0.21788 -0.73006 -0.19069 0.20651 -0.77769 0.011912 0.15047 -0.78116 0.022994 -0.020934 0.6042
-0.095141 0.040677 0.32263 0.13191 -0.052009 0.28276 0.035257 -0.0096945 0.40756 0.0080086 -0.0040843 0.068005 -0.059653 -0.00045461 -0.045126 0.05281 -0.00045461 -0.052971 -0.19027 0.10188 0.082119 0.16387 -0.31345 0.24918 -0.22912 0.070047 -0.1495 0.15776 -0.54904 0.22406 -0.2413 0.062482 -0.23102 0.13639 -0.62857 0.21659 -0.14375 0.10947 -0.40953 0.062604 0.055905 -0.43855 -0.15362 0.25698 -0.70892 0.051832 0.21796 -0.73029 -0.19049 0.20227 -0.77537 0.011885 0.15052 -0.78144 0.022995 -0.021759 0.60408
-0.094913 0.040428 0.32253 0.132 -0.051044 0.28215 0.035596 -0.009532 0.40753 0.0081571 -0.0040854 0.067988 -0.059479 -0.00048321 -0.045355 0.052609 -0.00048321 -0.053172 -0.19007 0.097195 0.080883 0.16433 -0.3138 0.25189 -0.22604 0.06508 -0.15116 0.15797 -0.54947 0.22766 -0.23743 0.054374 -0.23221 0.13691 -0.62916 0.22084 -0.14329 0.10824 -0.41018 0.062768 0.056225 -0.43869 -0.15373 0.25614 -0.70936 0.051621 0.21806 -0.73054 -0.19028 0.19804 -0.77289 0.011806 0.15056 -0.78173 0.023049 -0.022514 0.60397
-0.094784 0.040225 0.32243 0.13227 -0.049863 0.28175 0.035839 -0.0093125 0.40751 0.0082798 -0.0040742 0.067973 -0.059279 -0.00051931 -0.045616 0.052435 -0.00051931 -0.053344 -0.18998 0.093107 0.0799 0.16567 -0.31345 0.25366 -0.22298 0.060825 -0.15256 0.15894 -0.54919 0.23038 -0.23363 0.046459 -0.23302 0.13803 -0.62901 0.22451 -0.14285 0.10696 -0.41087 0.062935 0.056544 -0.4388 -0.15388 0.25527 -0.70981 0.051399 0.21812 -0.73078 -0.19001 0.19391 -0.77037 0.011751 0.15052 -0.78197 0.023147 -0.023206 0.60388
-0.094764 0.040083 0.32236 0.13299 -0.048325 0.28178 0.035972 -0.0090437 0.4075 0.0083697 -0.004052 0.067964 -0.059053 -0.00056033 -0.045908 0.052331 -0.00056033 -0.053447 -0.19016 0.0895 0.079185 0.16883 -0.31168 0.25335 -0.22027 0.057453 -0.15371 0.16162 -0.54751 0.23118 -0.23024 0.039368 -0.23353 0.14068 -0.6274 0.22649 -0.14241 0.10566 -0.41158 0.063144 0.056817 -0.43885 -0.15402 0.25441 -0.71028 0.051233 0.2181 -0.73097 -0.18964 0.18998 -0.76791 0.0118 0.15033 -0.78211 0.023284 -0.023838 0.60381
-0.094862 0.040014 0.32231 0.13444 -0.046292 0.28247 0.035982 -0.008733 0.40751 0.0084199 -0.0040196 0.067959 -0.058801 -0.0006037 -0.046229 0.052339 -0.0006037 -0.053437 -0.19079 0.086256 0.078751 0.17477 -0.30778 0.24978 -0.21827 0.055131 -0.15459 0.16697 -0.54373 0.22904 -0.22761 0.033729 -0.23382 0.14575 -0.6236 0.2257 -0.14197 0.10434 -0.41231 0.063436 0.056997 -0.4388 -0.1541 0.25357 -0.71076 0.051193 0.21793 -0.7311 -0.18912 0.18636 -0.76563 0.012029 0.14991 -0.7821 0.023452 -0.024416 0.60375
-0.095087 0.040031 0.32229 0.13688 -0.043632 0.28402 0.035855 -0.0083882 0.40752 0.0084236 -0.0039784 0.067961 -0.058523 -0.00064687 -0.04658 0.052499 -0.00064687 -0.053275 -0.19202 0.08326 0.078612 0.18441 -0.30105 0.24183 -0.21733 0.054023 -0.1552 0.17593 -0.53716 0.22295 -0.22608 0.030156 -0.23396 0.15415 -0.61691 0.22106 -0.1415 0.10304 -0.41306 0.063851 0.057041 -0.43862 -0.15407 0.25276 -0.71125 0.051346 0.21758 -0.73112 -0.18841 0.18316 -0.76363 0.012515 0.1492 -0.78189 0.023645 -0.024945 0.60371
-0.095424 0.040143 0.32229 0.1403 -0.040368 0.28648 0.035593 -0.0080192 0.40755 0.0083797 -0.003929 0.06797 -0.058222 -0.00068812 -0.046953 0.052807 -0.00068812 -0.052965 -0.19385 0.080458 0.07873 0.19752 -0.29152 0.22975 -0.21748 0.054038 -0.15557 0.18827 -0.52781 0.2132 -0.2257 0.028686 -0.234 0.16566 -0.60733 0.21281 -0.141 0.10177 -0.41382 0.064381 0.05694 -0.43831 -0.1539 0.252 -0.71174 0.051699 0.21702 -0.73106 -0.18752 0.18043 -0.76199 0.013258 0.14819 -0.7815 0.023849 -0.025432 0.6037
-0.095828 0.040352 0.32227 0.14434 -0.036731 0.28965 0.035217 -0.0076389 0.40759 0.0082941 -0.003872 0.067984 -0.057908 -0.00072671 -0.04734 0.053201 -0.00072671 -0.052566 -0.19604 0.077876 0.079001 0.21248 -0.28011 0.21553 -0.21837 0.054769 -0.15576 0.20226 -0.51657 0.20169 -0.22615 0.02863 -0.23396 0.17872 -0.5958 0.20279 -0.14048 0.10055 -0.41458 0.064963 0.056731 -0.43793 -0.15361 0.25131 -0.71222 0.052183 0.21632 -0.73094 -0.18651 0.17821 -0.76075 0.01416 0.14697 -0.78099 0.024038 -0.025882 0.6037
-0.096252 0.040661 0.32222 0.1486 -0.032959 0.29334 0.034753 -0.0072602 0.40764 0.0081729 -0.003808 0.068002 -0.057589 -0.00076199 -0.047727 0.053617 -0.00076199 -0.052145 -0.19833 0.075548 0.07932 0.22753 -0.26783 0.20126 -0.21964 0.055789 -0.15586 0.21613 -0.50438 0.1904 -0.22711 0.029249 -0.23389 0.19168 -0.58331 0.19296 -0.13994 0.099399 -0.41533 0.06553 0.056455 -0.43754 -0.15322 0.2507 -0.71268 0.052726 0.21554 -0.73083 -0.18544 0.17651 -0.75992 0.015121 0.14565 -0.78045 0.02419 -0.026304 0.6037
-0.096649 0.041073 0.3221 0.1527 -0.029293 0.29733 0.034221 -0.0068961 0.4077 0.0080225 -0.0037374 0.068024 -0.057274 -0.00079331 -0.048106 0.053989 -0.00079331 -0.051765 -0.2005 0.073503 0.079579 0.24094 -0.25566 0.18904 -0.22091 0.056671 -0.15594 0.22806 -0.49216 0.18135 -0.22822 0.02981 -0.23381 0.20289 -0.57085 0.18525 -0.13939 0.098334 -0.41604 0.066013 0.056151 -0.4372 -0.15274 0.25018 -0.71311 0.053256 0.21472 -0.73077 -0.1844 0.17535 -0.75955 0.016037 0.14433 -0.77997 0.02428 -0.026703 0.60371
-0.097005 0.041576 0.32191 0.15633 -0.02594 0.30144 0.033644 -0.0065576 0.40775 0.0078494 -0.0036604 0.068048 -0.056969 -0.00081963 -0.048466 0.054273 -0.00081963 -0.051471 -0.20231 0.07176 0.079707 0.25158 -0.24424 0.18021 -0.22188 0.057108 -0.15605 0.23693 -0.48057 0.17574 -0.2292 0.029817 -0.23375 0.2113 -0.55908 0.18088 -0.13883 0.097373 -0.41671 0.066371 0.055844 -0.43694 -0.15217 0.24977 -0.7135 0.053729 0.2139 -0.73079 -0.1834 0.17468 -0.75956 0.016847 0.14306 -0.77961 0.024286 -0.027084 0.60373
-0.097392 0.042121 0.32176 0.15948 -0.023012 0.30554 0.033032 -0.0062499 0.40781 0.00766 -0.0035756 0.068074 -0.056677 -0.00083887 -0.048807 0.054478 -0.00083887 -0.051254 -0.20365 0.07029 0.079722 0.25997 -0.23326 0.17397 -0.22246 0.057135 -0.15619 0.24353 -0.46938 0.17258 -0.22991 0.029464 -0.23375 0.21757 -0.54772 0.17892 -0.13823 0.096537 -0.41733 0.066631 0.055514 -0.43677 -0.15146 0.24948 -0.71385 0.054192 0.21307 -0.7309 -0.18238 0.17421 -0.75963 0.017604 0.14183 -0.77936 0.024197 -0.027445 0.60374
-0.0979 0.042651 0.32177 0.16213 -0.020602 0.30951 0.032397 -0.0059772 0.40787 0.0074609 -0.0034816 0.068101 -0.056398 -0.00084876 -0.049129 0.054626 -0.00084876 -0.051094 -0.20443 0.069059 0.079661 0.26694 -0.22221 0.16914 -0.22258 0.056849 -0.15635 0.24898 -0.45823 0.1705 -0.23022 0.029064 -0.23386 0.22265 -0.53631 0.17811 -0.13758 0.095844 -0.41792 0.066835 0.055137 -0.43666 -0.15058 0.24932 -0.71417 0.054704 0.21218 -0.73107 -0.18127 0.17364 -0.75939 0.018379 0.14059 -0.7792 0.024005 -0.027783 0.60375
-0.098618 0.04311 0.32207 0.16432 -0.018805 0.31321 0.031749 -0.0057436 0.40793 0.0072588 -0.0033771 0.068128 -0.056132 -0.00084701 -0.049432 0.054738 -0.00084701 -0.050972 -0.20455 0.068031 0.079561 0.27331 -0.21059 0.16457 -0.22218 0.056345 -0.1565 0.25439 -0.44674 0.16811 -0.23001 0.028929 -0.23413 0.22749 -0.52443 0.17717 -0.13686 0.095314 -0.41846 0.067025 0.054686 -0.4366 -0.14948 0.24933 -0.71445 0.055327 0.21122 -0.7313 -0.17997 0.17263 -0.75846 0.019246 0.1393 -0.77911 0.023698 -0.028095 0.60377
-0.099614 0.043448 0.32275 0.16604 -0.017669 0.31654 0.031101 -0.0055529 0.40799 0.0070599 -0.0032609 0.068155 -0.055881 -0.00083203 -0.049716 0.054831 -0.00083203 -0.05087 -0.20393 0.067175 0.079454 0.27978 -0.19807 0.15926 -0.22122 0.055715 -0.15663 0.26062 -0.43465 0.16435 -0.22919 0.029322 -0.23458 0.23283 -0.51174 0.1751 -0.13604 0.094959 -0.41896 0.067237 0.054139 -0.43657 -0.14811 0.24951 -0.71469 0.05611 0.21015 -0.73157 -0.17842 0.17102 -0.75661 0.020267 0.13792 -0.77909 0.023271 -0.028377 0.60378
-0.10082 0.043658 0.32375 0.16732 -0.016926 0.31937 0.030477 -0.0054049 0.40805 0.0068677 -0.0031361 0.06818 -0.055643 -0.0008068 -0.049982 0.054908 -0.0008068 -0.050787 -0.2027 0.066469 0.079351 0.28613 -0.18542 0.15356 -0.2198 0.055031 -0.15675 0.26665 -0.4224 0.16024 -0.22784 0.030153 -0.23516 0.2377 -0.49872 0.17284 -0.13513 0.094738 -0.41944 0.067487 0.053513 -0.43658 -0.14652 0.24983 -0.71491 0.057034 0.20901 -0.73188 -0.17667 0.1695 -0.7547 0.021427 0.13647 -0.77912 0.022725 -0.028633 0.60379
-0.1021 0.043753 0.32491 0.1682 -0.016177 0.32162 0.029905 -0.005298 0.4081 0.0066846 -0.003007 0.068204 -0.055421 -0.00077625 -0.050229 0.054965 -0.00077625 -0.050727 -0.20106 0.065898 0.079249 0.29177 -0.17385 0.14838 -0.21806 0.054355 -0.15685 0.2707 -0.41071 0.15768 -0.22613 0.031186 -0.23578 0.24045 -0.4862 0.17211 -0.13414 0.094588 -0.4199 0.067781 0.052841 -0.43661 -0.14478 0.25023 -0.71511 0.058051 0.20782 -0.7322 -0.17485 0.16915 -0.75398 0.022683 0.13501 -0.77921 0.022072 -0.028865 0.6038
-0.10333 0.043745 0.32608 0.16872 -0.015021 0.32319 0.029415 -0.0052307 0.40814 0.0065128 -0.0028782 0.068226 -0.055212 -0.0007453 -0.050459 0.054996 -0.0007453 -0.050694 -0.19923 0.065448 0.079149 0.29609 -0.1646 0.14459 -0.21615 0.05375 -0.15695 0.27096 -0.40032 0.15856 -0.22424 0.032187 -0.23637 0.23944 -0.47502 0.17466 -0.13309 0.094449 -0.42035 0.068124 0.052155 -0.43666 -0.14298 0.25066 -0.71529 0.059112 0.20662 -0.73255 -0.17304 0.17106 -0.75575 0.023988 0.13357 -0.77935 0.021319 -0.029077 0.6038
-0.10439 0.043646 0.32713 0.1689 -0.013074 0.32397 0.029035 -0.0052008 0.40818 0.0063546 -0.002754 0.068246 -0.055018 -0.00071866 -0.050671 0.054997 -0.00071866 -0.050694 -0.19739 0.065104 0.079049 0.29852 -0.15884 0.14307 -0.21422 0.053277 -0.15706 0.26574 -0.39192 0.1647 -0.22233 0.032927 -0.23682 0.23312 -0.46595 0.18214 -0.13199 0.094259 -0.4208 0.068522 0.051485 -0.43675 -0.14119 0.25107 -0.71545 0.06017 0.20547 -0.7329 -0.17135 0.17626 -0.76121 0.025301 0.13218 -0.77954 0.020478 -0.029275 0.60378
-0.10524 0.043486 0.32799 0.16871 -0.010296 0.32396 0.02875 -0.0051965 0.4082 0.0062081 -0.0026361 0.068265 -0.054837 -0.00069709 -0.050867 0.054969 -0.00069709 -0.050725 -0.19566 0.064863 0.078943 0.29911 -0.15646 0.14373 -0.21237 0.052963 -0.15717 0.25552 -0.38555 0.17562 -0.22048 0.033372 -0.23714 0.22193 -0.45896 0.19416 -0.13084 0.094006 -0.42127 0.068974 0.050837 -0.43685 -0.13942 0.25144 -0.7156 0.061227 0.20436 -0.73326 -0.16971 0.18469 -0.77002 0.026622 0.13088 -0.77978 0.019573 -0.02947 0.60375
-0.10595 0.043313 0.3287 0.16809 -0.0069682 0.32321 0.028507 -0.0051972 0.40823 0.0060677 -0.002524 0.068281 -0.05467 -0.00067762 -0.051047 0.054915 -0.00067762 -0.050784 -0.19405 0.064732 0.078825 0.29844 -0.15618 0.14565 -0.2106 0.052805 -0.1573 0.24271 -0.3806 0.18882 -0.21874 0.033659 -0.23736 0.20814 -0.45329 0.20846 -0.12965 0.093719 -0.42174 0.069476 0.050192 -0.43698 -0.13763 0.25179 -0.71574 0.062325 0.20329 -0.73362 -0.1679 0.19529 -0.78041 0.027993 0.12962 -0.78004 0.018645 -0.02968 0.60372
-0.10658 0.043173 0.32928 0.16696 -0.0033821 0.32178 0.028254 -0.0051817 0.40825 0.0059275 -0.0024169 0.068298 -0.054516 -0.00065715 -0.051211 0.054838 -0.00065715 -0.050867 -0.19256 0.06472 0.078686 0.29714 -0.15668 0.14788 -0.20896 0.0528 -0.15745 0.22985 -0.37646 0.20167 -0.21713 0.033936 -0.23756 0.19411 -0.44812 0.22272 -0.1284 0.093429 -0.4222 0.070021 0.049531 -0.43712 -0.13578 0.25215 -0.71587 0.063508 0.20226 -0.73398 -0.16569 0.20698 -0.79056 0.029458 0.1284 -0.7803 0.017737 -0.029926 0.60367
-0.1072 0.043112 0.32976 0.16523 0.00017088 0.31975 0.027936 -0.0051289 0.40828 0.0057818 -0.0023142 0.068314 -0.054376 -0.00063261 -0.051361 0.054743 -0.00063261 -0.050969 -0.1912 0.064834 0.078517 0.29581 -0.15664 0.14946 -0.20747 0.05294 -0.15762 0.21944 -0.37252 0.21159 -0.21567 0.034349 -0.23779 0.18219 -0.44264 0.23461 -0.12711 0.093166 -0.42265 0.070603 0.048833 -0.43729 -0.13384 0.25255 -0.71598 0.064822 0.20125 -0.73432 -0.16283 0.21865 -0.79866 0.03106 0.12719 -0.78054 0.01689 -0.030225 0.60363
-0.10787 0.043143 0.33016 0.16291 0.0034844 0.31723 0.027507 -0.0050202 0.40831 0.0056262 -0.0022137 0.06833 -0.054247 -0.00060139 -0.051497 0.054631 -0.00060139 -0.051089 -0.18998 0.065089 0.07831 0.29488 -0.15527 0.14986 -0.20615 0.053214 -0.15784 0.21278 -0.36829 0.21726 -0.21439 0.034994 -0.23808 0.17365 -0.43629 0.24297 -0.12575 0.092953 -0.42309 0.071221 0.048089 -0.43748 -0.13177 0.25298 -0.71608 0.066291 0.20024 -0.73466 -0.15926 0.22951 -0.80369 0.032816 0.12598 -0.78076 0.016119 -0.030585 0.60359
-0.10865 0.043213 0.33048 0.16018 0.0065237 0.31448 0.026931 -0.0048417 0.40836 0.0054595 -0.0021101 0.068347 -0.054127 -0.00056187 -0.051624 0.054502 -0.00056187 -0.051228 -0.18889 0.065506 0.078054 0.2943 -0.15284 0.14942 -0.205 0.053589 -0.1581 0.20879 -0.36359 0.21996 -0.21326 0.035865 -0.23845 0.16761 -0.42899 0.24889 -0.12434 0.09279 -0.42351 0.071878 0.047309 -0.43769 -0.12957 0.25347 -0.71616 0.067896 0.19923 -0.73499 -0.15519 0.23928 -0.80627 0.034692 0.12477 -0.78097 0.015388 -0.030989 0.60354
-0.10958 0.04326 0.33071 0.15722 0.0092748 0.31178 0.026177 -0.0045801 0.40841 0.0052807 -0.0019978 0.068364 -0.054014 -0.00051254 -0.051743 0.054351 -0.00051254 -0.051388 -0.18791 0.066113 0.077739 0.29401 -0.14975 0.14857 -0.20402 0.05403 -0.1584 0.20606 -0.35823 0.22132 -0.21227 0.036948 -0.2389 0.1629 -0.42072 0.25378 -0.12287 0.092676 -0.42392 0.072576 0.046504 -0.43791 -0.12727 0.25399 -0.71624 0.069616 0.1982 -0.73535 -0.15087 0.24779 -0.80723 0.036645 0.12357 -0.78121 0.014656 -0.031415 0.60351
-0.11073 0.04322 0.33086 0.15422 0.011724 0.3094 0.025211 -0.0042221 0.40848 0.0050888 -0.0018712 0.068382 -0.053904 -0.00045191 -0.051858 0.054179 -0.00045191 -0.05157 -0.18703 0.066934 0.077355 0.29394 -0.1464 0.14775 -0.20321 0.054502 -0.15876 0.2032 -0.35207 0.22292 -0.2114 0.038224 -0.23943 0.15839 -0.41146 0.25903 -0.12134 0.09261 -0.42433 0.073321 0.045686 -0.43816 -0.12486 0.25455 -0.71631 0.071428 0.19713 -0.73573 -0.14654 0.25483 -0.80739 0.038634 0.12237 -0.78151 0.013879 -0.031843 0.60347
-0.11214 0.043051 0.33093 0.15136 0.013866 0.30755 0.024016 -0.00376 0.40855 0.0048834 -0.0017251 0.068401 -0.053794 -0.00037883 -0.051972 0.053983 -0.00037883 -0.051776 -0.18624 0.067973 0.076899 0.29401 -0.1431 0.14731 -0.20258 0.05496 -0.15918 0.19911 -0.34498 0.22606 -0.21063 0.039659 -0.24005 0.15316 -0.40121 0.26572 -0.11974 0.09259 -0.42474 0.074113 0.044867 -0.43842 -0.12236 0.25515 -0.71638 0.073314 0.19601 -0.73615 -0.14242 0.26032 -0.80744 0.040629 0.12117 -0.78189 0.013024 -0.032259 0.60344
-0.11374 0.042789 0.33093 0.14869 0.015746 0.30625 0.02264 -0.0032135 0.40864 0.0046661 -0.0015562 0.068421 -0.053684 -0.0002938 -0.052087 0.053768 -0.0002938 -0.051999 -0.18555 0.069135 0.076392 0.29423 -0.13977 0.14715 -0.20212 0.055313 -0.15963 0.19407 -0.33703 0.2305 -0.20996 0.04112 -0.24072 0.14747 -0.39017 0.27354 -0.11807 0.09262 -0.42514 0.07495 0.044052 -0.43869 -0.11972 0.25578 -0.71646 0.07529 0.19482 -0.73661 -0.13843 0.26455 -0.80753 0.042652 0.11996 -0.78235 0.012107 -0.032679 0.60341
-0.11546 0.042496 0.33089 0.14625 0.01742 0.30539 0.021151 -0.0026102 0.40872 0.0044392 -0.0013618 0.06844 -0.053571 -0.00019781 -0.052204 0.053542 -0.00019781 -0.052233 -0.18497 0.070295 0.075866 0.29463 -0.13619 0.14707 -0.20183 0.055453 -0.16007 0.18878 -0.32837 0.23554 -0.20939 0.042448 -0.24139 0.14193 -0.37855 0.28171 -0.1163 0.092701 -0.42554 0.075823 0.043245 -0.43896 -0.11691 0.25643 -0.71654 0.077376 0.19357 -0.73711 -0.13445 0.26792 -0.80763 0.04474 0.11872 -0.78287 0.011154 -0.033128 0.60336
-0.11721 0.042236 0.33084 0.14407 0.018945 0.30492 0.019619 -0.0019778 0.4088 0.004205 -0.0011392 0.068459 -0.053453 -9.1851e-05 -0.052324 0.05331 -9.1851e-05 -0.052469 -0.18451 0.071328 0.075354 0.29522 -0.13216 0.14686 -0.20171 0.055274 -0.16048 0.18393 -0.31914 0.24052 -0.20891 0.043483 -0.24201 0.13712 -0.36659 0.28949 -0.11442 0.092839 -0.42594 0.076728 0.04245 -0.43923 -0.11388 0.25712 -0.71664 0.079596 0.19223 -0.73764 -0.13033 0.27084 -0.80772 0.046934 0.11743 -0.78345 0.010193 -0.03363 0.60329
-0.11891 0.042066 0.3308 0.14219 0.020373 0.30473 0.01811 -0.0013436 0.40888 0.0039661 -0.0008864 0.068476 -0.053329 2.2974e-05 -0.05245 0.053081 2.2974e-05 -0.052702 -0.18416 0.072118 0.074884 0.29602 -0.12748 0.14631 -0.20177 0.054679 -0.16082 0.18018 -0.30948 0.24475 -0.20853 0.044076 -0.24255 0.13362 -0.35452 0.29613 -0.11241 0.093034 -0.42635 0.077655 0.041671 -0.43949 -0.11061 0.25782 -0.71675 0.081968 0.19082 -0.7382 -0.12597 0.27371 -0.80776 0.049265 0.11607 -0.78407 0.0092511 -0.034207 0.60319
-0.12052 0.041993 0.33078 0.14059 0.021687 0.30477 0.016667 -0.00073083 0.40894 0.003727 -0.00060878 0.068492 -0.053201 0.00014429 -0.05258 0.052856 0.00014429 -0.052927 -0.18392 0.072651 0.074466 0.29707 -0.12214 0.14536 -0.20195 0.053689 -0.16108 0.17779 -0.29965 0.24797 -0.20821 0.044211 -0.243 0.13155 -0.34256 0.30137 -0.1103 0.093274 -0.42676 0.078598 0.040904 -0.43974 -0.10713 0.25852 -0.71688 0.084456 0.18933 -0.73877 -0.12138 0.27654 -0.80776 0.051711 0.11465 -0.78472 0.0083453 -0.034849 0.60306
-0.12201 0.041987 0.33077 0.13925 0.022822 0.30496 0.015317 -0.00015987 0.409 0.003494 -0.00031702 0.068506 -0.053074 0.00026885 -0.052708 0.052637 0.00026885 -0.053144 -0.18376 0.072986 0.074097 0.2984 -0.11622 0.14402 -0.2022 0.05241 -0.16128 0.17671 -0.28993 0.25012 -0.20793 0.043962 -0.24335 0.13077 -0.33096 0.30521 -0.10815 0.093536 -0.42715 0.079544 0.040143 -0.43996 -0.10355 0.25921 -0.71701 0.086988 0.1878 -0.73934 -0.11669 0.2791 -0.8077 0.054212 0.11318 -0.78538 0.0074857 -0.035521 0.60291
-0.12336 0.042017 0.33077 0.13814 0.023711 0.30521 0.014085 0.00034896 0.40904 0.0032733 -2.1833e-05 0.068518 -0.052951 0.0003934 -0.05283 0.052427 0.0003934 -0.053351 -0.18364 0.073181 0.073771 0.30006 -0.10985 0.14232 -0.20244 0.050946 -0.16143 0.1769 -0.28065 0.25118 -0.20765 0.043405 -0.24362 0.13111 -0.31995 0.30766 -0.10601 0.093799 -0.42753 0.080485 0.03938 -0.44018 -0.099977 0.25987 -0.71714 0.089492 0.18624 -0.73991 -0.11205 0.28116 -0.8076 0.056704 0.11169 -0.78604 0.0066822 -0.036188 0.60275
-0.12454 0.042055 0.33076 0.13722 0.02429 0.30547 0.012998 0.00077559 0.40908 0.003071 0.00026616 0.068528 -0.052837 0.0005147 -0.052944 0.052226 0.0005147 -0.053546 -0.18353 0.073295 0.073484 0.30207 -0.1031 0.14027 -0.20261 0.049402 -0.16154 0.17831 -0.2721 0.2511 -0.20733 0.042614 -0.24382 0.13241 -0.30974 0.30875 -0.10395 0.094039 -0.42789 0.081409 0.038608 -0.44038 -0.096506 0.26048 -0.71726 0.091896 0.18469 -0.74045 -0.10757 0.28248 -0.80746 0.059126 0.11019 -0.78667 0.0059446 -0.036818 0.6026
-0.12557 0.042079 0.33076 0.13645 0.024578 0.30571 0.012049 0.0011134 0.40911 0.002888 0.00054246 0.068535 -0.052732 0.00063226 -0.053047 0.052037 0.00063226 -0.053728 -0.18344 0.073352 0.07323 0.30441 -0.095808 0.13793 -0.20269 0.047842 -0.16161 0.18079 -0.26415 0.24992 -0.20696 0.041629 -0.24397 0.13454 -0.30036 0.30844 -0.10198 0.094249 -0.42822 0.082309 0.037832 -0.44057 -0.093173 0.26102 -0.71736 0.094176 0.18315 -0.74096 -0.10331 0.2832 -0.8073 0.061459 0.10869 -0.78729 0.0052678 -0.037398 0.60246
-0.12649 0.042079 0.33075 0.13581 0.024717 0.30596 0.011186 0.0013757 0.40913 0.0027177 0.00081158 0.068539 -0.052633 0.00074952 -0.053144 0.051864 0.00074952 -0.053895 -0.18341 0.073327 0.073002 0.30692 -0.087363 0.13539 -0.20271 0.046274 -0.16166 0.18407 -0.25607 0.24772 -0.20656 0.04044 -0.24407 0.13747 -0.2915 0.3066 -0.10008 0.094445 -0.42853 0.083181 0.03708 -0.44073 -0.089914 0.26152 -0.71745 0.096376 0.18162 -0.74145 -0.099168 0.28401 -0.80716 0.063746 0.10718 -0.78788 0.0046246 -0.03795 0.60233
-0.12737 0.042049 0.33073 0.13523 0.024858 0.30628 0.010352 0.0015772 0.40915 0.0025529 0.0010787 0.068541 -0.052534 0.00087024 -0.05324 0.051709 0.00087024 -0.054041 -0.18349 0.07319 0.072792 0.30946 -0.077135 0.13274 -0.20273 0.044702 -0.1617 0.18784 -0.24705 0.24461 -0.20617 0.039031 -0.24414 0.14114 -0.28285 0.30311 -0.098202 0.094642 -0.42883 0.084023 0.036378 -0.44087 -0.086656 0.26198 -0.71754 0.098546 0.18009 -0.74192 -0.095054 0.28562 -0.80711 0.066033 0.10568 -0.78848 0.0039862 -0.0385 0.6022
-0.12827 0.041979 0.33069 0.13468 0.025154 0.30672 0.0094913 0.0017327 0.40916 0.002386 0.0013491 0.068542 -0.05243 0.00099818 -0.05334 0.051576 0.00099818 -0.054166 -0.18374 0.072913 0.072592 0.31186 -0.064491 0.13008 -0.20279 0.043126 -0.16176 0.1918 -0.2363 0.24069 -0.2058 0.037386 -0.2442 0.14552 -0.27407 0.29785 -0.096325 0.094858 -0.42912 0.084832 0.035754 -0.44099 -0.083327 0.26241 -0.71764 0.10074 0.17855 -0.74239 -0.090868 0.28876 -0.8072 0.068368 0.10417 -0.78909 0.0033238 -0.039072 0.60207
-0.12922 0.041865 0.33064 0.13413 0.025701 0.3073 0.0085676 0.001854 0.40918 0.0022129 0.0016254 0.068541 -0.052319 0.0011351 -0.053446 0.051468 0.0011351 -0.054266 -0.1842 0.072481 0.072395 0.314 -0.049229 0.12751 -0.20292 0.041557 -0.16183 0.1957 -0.22346 0.23612 -0.20547 0.035515 -0.24427 0.15048 -0.26501 0.29086 -0.094423 0.095102 -0.4294 0.085606 0.035213 -0.44107 -0.079887 0.26283 -0.71775 0.10298 0.177 -0.74286 -0.086578 0.29349 -0.80744 0.070776 0.10265 -0.78971 0.0026189 -0.039682 0.60193
-0.1302 0.041714 0.33058 0.13359 0.026421 0.30797 0.0076134 0.0019428 0.40919 0.0020388 0.0019012 0.06854 -0.052204 0.0012757 -0.053555 0.051384 0.0012757 -0.054342 -0.1848 0.071934 0.072206 0.31582 -0.032597 0.12516 -0.20312 0.040021 -0.16192 0.19941 -0.20958 0.23125 -0.20519 0.03351 -0.24433 0.15567 -0.2561 0.28279 -0.092526 0.095357 -0.42967 0.086349 0.034688 -0.44113 -0.076408 0.26322 -0.71786 0.10521 0.17544 -0.74332 -0.082373 0.29769 -0.80767 0.073207 0.1011 -0.79033 0.001887 -0.040316 0.60179
-0.13116 0.041535 0.33051 0.13308 0.027197 0.3087 0.0066753 0.0019986 0.4092 0.0018709 0.0021684 0.068537 -0.052091 0.0014133 -0.053661 0.05132 0.0014133 -0.054399 -0.18549 0.071321 0.072027 0.31726 -0.016146 0.12319 -0.20334 0.03855 -0.16202 0.20281 -0.19604 0.22649 -0.20495 0.031484 -0.24439 0.16068 -0.24787 0.2744 -0.090675 0.0956 -0.42994 0.087069 0.034094 -0.44118 -0.072986 0.26357 -0.71797 0.10738 0.17385 -0.74373 -0.07849 0.29877 -0.80771 0.075597 0.099525 -0.79091 0.0011509 -0.040956 0.60165
-0.13206 0.041335 0.33043 0.13264 0.02791 0.30941 0.0057999 0.0020211 0.4092 0.0017167 0.0024188 0.068533 -0.051985 0.0015414 -0.053761 0.051275 0.0015414 -0.054438 -0.18618 0.070692 0.071863 0.3183 -0.0014288 0.12173 -0.20357 0.037174 -0.16211 0.2058 -0.18419 0.22224 -0.20474 0.029547 -0.24445 0.1651 -0.24087 0.26645 -0.088909 0.095809 -0.43018 0.08777 0.03335 -0.44122 -0.069716 0.26387 -0.71807 0.10941 0.17224 -0.74409 -0.075165 0.29413 -0.80738 0.077881 0.097904 -0.79143 0.00043347 -0.041581 0.60152
-0.13284 0.041123 0.33036 0.13227 0.028456 0.31007 0.0050285 0.0020096 0.40921 0.0015825 0.002645 0.068528 -0.05189 0.0016539 -0.05385 0.051246 0.0016539 -0.054463 -0.18682 0.070093 0.071717 0.31887 0.010234 0.12091 -0.20377 0.035923 -0.16219 0.2083 -0.17521 0.21883 -0.20457 0.0278 -0.24449 0.16859 -0.23553 0.25961 -0.087264 0.095964 -0.43041 0.088457 0.0324 -0.44126 -0.066683 0.26411 -0.71815 0.11124 0.17061 -0.74437 -0.072596 0.28166 -0.80649 0.080002 0.096238 -0.79185 -0.00024541 -0.042176 0.60139
-0.13352 0.0409 0.33029 0.13198 0.028829 0.31066 0.0043593 0.0019624 0.40921 0.001468 0.0028452 0.068522 -0.051806 0.0017502 -0.053928 0.051231 0.0017502 -0.054473 -0.18741 0.069535 0.07159 0.31893 0.019418 0.12066 -0.20395 0.034808 -0.16227 0.21043 -0.1686 0.21611 -0.20442 0.026262 -0.24453 0.17132 -0.23135 0.25389 -0.085736 0.096068 -0.43062 0.089106 0.031442 -0.4413 -0.063874 0.26429 -0.71822 0.1129 0.16904 -0.74461 -0.070652 0.26304 -0.80484 0.081983 0.09462 -0.79222 -0.00089002 -0.04275 0.60127
-0.13412 0.040666 0.33022 0.13176 0.029073 0.31124 0.0037686 0.001877 0.4092 0.0013692 0.0030202 0.068517 -0.051729 0.0018322 -0.053998 0.05123 0.0018322 -0.054472 -0.18797 0.069011 0.071481 0.3184 0.027639 0.12081 -0.20413 0.033834 -0.16234 0.21238 -0.16308 0.21368 -0.20431 0.024911 -0.24456 0.17374 -0.22742 0.24898 -0.084297 0.096135 -0.43082 0.089682 0.030794 -0.4413 -0.061229 0.26442 -0.71829 0.11443 0.16767 -0.74486 -0.069041 0.24186 -0.8022 0.08388 0.093185 -0.7926 -0.0015166 -0.043325 0.60115
-0.13465 0.04042 0.33015 0.13161 0.029233 0.31183 0.0032327 0.001751 0.4092 0.0012822 0.003171 0.068512 -0.051656 0.001902 -0.054065 0.051241 0.001902 -0.054459 -0.18853 0.068518 0.071388 0.31723 0.03642 0.12122 -0.20432 0.033002 -0.1624 0.21439 -0.15733 0.21115 -0.20423 0.023723 -0.24458 0.1763 -0.22278 0.24456 -0.082922 0.096179 -0.431 0.090152 0.030775 -0.44124 -0.058689 0.26451 -0.71834 0.1159 0.16663 -0.74517 -0.06747 0.22172 -0.79836 0.085751 0.092071 -0.79306 -0.0021415 -0.043925 0.60103
-0.13514 0.04016 0.33007 0.13152 0.029353 0.31246 0.0027284 0.001582 0.40919 0.0012031 0.0032985 0.068507 -0.051585 0.0019615 -0.054131 0.051262 0.0019615 -0.054437 -0.18911 0.068048 0.071311 0.31533 0.047235 0.12172 -0.20454 0.032316 -0.16247 0.21664 -0.15009 0.20811 -0.20418 0.022677 -0.24461 0.17942 -0.21652 0.2403 -0.081587 0.096214 -0.43117 0.090481 0.031693 -0.44111 -0.056195 0.26456 -0.71841 0.11734 0.16604 -0.7456 -0.065652 0.20612 -0.79312 0.087653 0.091408 -0.79367 -0.0027804 -0.044571 0.60091
-0.1356 0.039887 0.32999 0.13148 0.02945 0.31315 0.0022423 0.0013699 0.40919 0.0011303 0.003401 0.068503 -0.051513 0.002013 -0.054198 0.051293 0.002013 -0.054406 -0.18974 0.067608 0.071246 0.31269 0.060313 0.1222 -0.20479 0.031778 -0.16255 0.21914 -0.1411 0.20451 -0.20417 0.021773 -0.24463 0.18328 -0.20857 0.23613 -0.080278 0.096247 -0.43134 0.090682 0.033488 -0.44091 -0.053719 0.26459 -0.71847 0.11879 0.16584 -0.74615 -0.063502 0.19622 -0.78674 0.089607 0.091153 -0.79442 -0.0034355 -0.045267 0.60078
-0.13603 0.039601 0.32991 0.13149 0.02952 0.31388 0.0017715 0.0011169 0.40919 0.0010646 0.0034748 0.068501 -0.051441 0.0020583 -0.054264 0.051335 0.0020583 -0.054365 -0.19038 0.067215 0.071192 0.3093 0.074536 0.12261 -0.20507 0.031386 -0.16262 0.22166 -0.13118 0.20064 -0.20419 0.021035 -0.24467 0.18772 -0.19971 0.23223 -0.078999 0.096278 -0.4315 0.090815 0.035709 -0.44068 -0.051269 0.2646 -0.71853 0.12024 0.16583 -0.74675 -0.061147 0.19058 -0.77994 0.091592 0.091079 -0.79525 -0.0040942 -0.045998 0.60066
-0.13643 0.039301 0.32981 0.13153 0.029554 0.31466 0.0013139 0.00082524 0.40918 0.0010069 0.0035155 0.068499 -0.051372 0.0020997 -0.054328 0.051385 0.0020997 -0.054316 -0.19103 0.06689 0.071145 0.30518 0.088718 0.12292 -0.20539 0.031141 -0.1627 0.22399 -0.12122 0.19681 -0.20425 0.020487 -0.2447 0.1926 -0.1908 0.22877 -0.077752 0.096306 -0.43165 0.090946 0.037885 -0.44044 -0.048854 0.26458 -0.7186 0.12168 0.16575 -0.74734 -0.058728 0.18768 -0.77349 0.093586 0.090948 -0.79609 -0.0047429 -0.046745 0.60053
-0.13682 0.038989 0.32971 0.13159 0.029543 0.31546 0.00086717 0.00049735 0.40918 0.00095803 0.0035191 0.0685 -0.051305 0.0021392 -0.05439 0.051445 0.0021392 -0.054258 -0.19167 0.066649 0.071102 0.30033 0.10168 0.12306 -0.20575 0.03104 -0.16278 0.22587 -0.11208 0.19334 -0.20435 0.020154 -0.24475 0.19776 -0.18267 0.22595 -0.076541 0.096332 -0.4318 0.091137 0.039545 -0.44023 -0.046481 0.26455 -0.71865 0.12309 0.16537 -0.74786 -0.056384 0.18598 -0.76813 0.095569 0.090521 -0.79685 -0.0053684 -0.047493 0.60042
-0.13718 0.038661 0.32959 0.13168 0.02949 0.31629 0.00043061 0.00013784 0.40918 0.00091817 0.0034849 0.068502 -0.051242 0.0021774 -0.054448 0.051513 0.0021774 -0.054191 -0.19229 0.0665 0.071062 0.2948 0.11269 0.12305 -0.20613 0.031075 -0.16287 0.22715 -0.1043 0.19044 -0.20449 0.020037 -0.24481 0.20297 -0.17583 0.22384 -0.075371 0.096352 -0.43193 0.091425 0.040411 -0.44006 -0.044167 0.2645 -0.71871 0.12447 0.16457 -0.74827 -0.054216 0.18437 -0.76433 0.097517 0.089667 -0.7975 -0.00596 -0.048228 0.60032
-0.13752 0.038311 0.32947 0.13178 0.029415 0.31713 6.9387e-06 -0.00024305 0.40918 0.00088545 0.0034204 0.068506 -0.051183 0.0022108 -0.054502 0.051587 0.0022108 -0.054119 -0.1929 0.066421 0.071024 0.28871 0.12216 0.12303 -0.20653 0.031208 -0.16295 0.22783 -0.097507 0.18816 -0.20467 0.020078 -0.24488 0.20781 -0.16991 0.22228 -0.074256 0.096362 -0.43206 0.091785 0.040664 -0.43994 -0.041947 0.26444 -0.71875 0.12579 0.16346 -0.74858 -0.052242 0.18284 -0.76182 0.099404 0.088506 -0.79804 -0.0065139 -0.048947 0.60023
-0.13785 0.03793 0.32934 0.13189 0.029342 0.31798 -0.00040059 -0.00063429 0.40918 0.00085773 0.0033343 0.06851 -0.051128 0.0022354 -0.054552 0.051665 0.0022354 -0.054044 -0.1935 0.066384 0.07099 0.28221 0.13064 0.12315 -0.20694 0.031403 -0.16303 0.22793 -0.091241 0.18648 -0.20488 0.020214 -0.24494 0.21186 -0.16447 0.22106 -0.073208 0.096353 -0.43217 0.092179 0.040551 -0.43984 -0.039858 0.26436 -0.7188 0.12701 0.16222 -0.74884 -0.050465 0.18152 -0.76022 0.1012 0.087194 -0.7985 -0.0070271 -0.049647 0.60015
-0.13817 0.037511 0.32921 0.132 0.029295 0.31883 -0.00078873 -0.0010248 0.40918 0.0008329 0.0032351 0.068515 -0.051079 0.0022475 -0.054598 0.051743 0.0022475 -0.053969 -0.1941 0.066364 0.070962 0.27542 0.13869 0.12356 -0.20735 0.031621 -0.1631 0.22748 -0.085023 0.18541 -0.20511 0.02038 -0.245 0.21468 -0.15903 0.22 -0.072242 0.096321 -0.43228 0.092572 0.040319 -0.43975 -0.037939 0.26426 -0.71883 0.1281 0.16099 -0.74905 -0.048888 0.18053 -0.75916 0.10289 0.085888 -0.79891 -0.0074967 -0.050326 0.60007
-0.13848 0.037047 0.32907 0.13212 0.029296 0.31967 -0.0011548 -0.0014052 0.40918 0.00080912 0.0031305 0.068521 -0.051036 0.0022438 -0.054639 0.051821 0.0022438 -0.053895 -0.19468 0.066338 0.070939 0.26852 0.14674 0.12437 -0.20776 0.031828 -0.16317 0.22651 -0.078484 0.18493 -0.20537 0.020521 -0.24506 0.21593 -0.15323 0.2189 -0.071366 0.096259 -0.43238 0.092934 0.04018 -0.43966 -0.036219 0.26414 -0.71886 0.12904 0.15991 -0.74925 -0.047505 0.17997 -0.7583 0.10444 0.084721 -0.79928 -0.0079209 -0.050984 0.6
-0.13879 0.036548 0.32894 0.13223 0.029341 0.3205 -0.0014995 -0.0017754 0.40918 0.00078622 0.0030213 0.068526 -0.050997 0.0022273 -0.054675 0.051897 0.0022273 -0.053822 -0.19526 0.066304 0.070921 0.26171 0.1546 0.12548 -0.20816 0.03202 -0.16323 0.22517 -0.071858 0.18496 -0.20564 0.020631 -0.2451 0.21591 -0.14729 0.21783 -0.070575 0.096173 -0.43248 0.093261 0.040152 -0.43956 -0.034679 0.26401 -0.71889 0.12982 0.15899 -0.74944 -0.046259 0.17962 -0.75742 0.10585 0.083693 -0.79961 -0.0083034 -0.051622 0.59992
-0.13908 0.036031 0.32881 0.13235 0.029419 0.32132 -0.0018245 -0.0021385 0.40918 0.00076461 0.0029058 0.068531 -0.050962 0.0022026 -0.054709 0.051972 0.0022026 -0.053751 -0.19583 0.066271 0.070906 0.25526 0.16181 0.12669 -0.20855 0.032202 -0.16329 0.22365 -0.065593 0.18539 -0.20592 0.020727 -0.24515 0.21512 -0.14165 0.21689 -0.069853 0.096073 -0.43257 0.093562 0.040181 -0.43946 -0.033286 0.26388 -0.71891 0.13048 0.15817 -0.74963 -0.045077 0.17918 -0.75636 0.10715 0.082755 -0.79992 -0.00865 -0.052248 0.59985
-0.13935 0.035509 0.32868 0.13247 0.029518 0.32214 -0.0021317 -0.0024977 0.40918 0.00074473 0.0027825 0.068536 -0.050931 0.0021744 -0.054739 0.052046 0.0021744 -0.05368 -0.19638 0.066246 0.070892 0.24943 0.16795 0.12781 -0.20893 0.032381 -0.16334 0.22212 -0.060135 0.1861 -0.20621 0.020823 -0.24518 0.21407 -0.13676 0.2162 -0.069186 0.095967 -0.43265 0.093844 0.040212 -0.43936 -0.032005 0.26374 -0.71893 0.13102 0.15741 -0.7498 -0.043884 0.17835 -0.75497 0.10834 0.081858 -0.80019 -0.0089666 -0.052866 0.59979
-0.13961 0.034999 0.32855 0.13259 0.029629 0.32297 -0.0024228 -0.0028559 0.40918 0.00072695 0.00265 0.068542 -0.050902 0.0021473 -0.054767 0.05212 0.0021473 -0.053609 -0.1969 0.066235 0.070879 0.24444 0.17259 0.12866 -0.20929 0.032562 -0.16339 0.22075 -0.055908 0.18698 -0.20649 0.020933 -0.24522 0.21324 -0.13302 0.21586 -0.068562 0.095865 -0.43272 0.094114 0.040196 -0.43927 -0.030803 0.26362 -0.71894 0.13146 0.15665 -0.74997 -0.042613 0.17688 -0.75313 0.10943 0.080957 -0.80042 -0.0092586 -0.053481 0.59972
-0.13985 0.034504 0.32841 0.13272 0.029744 0.32379 -0.0026993 -0.0032138 0.40918 0.00071102 0.0025092 0.068547 -0.050876 0.002123 -0.054792 0.052194 0.002123 -0.053538 -0.19739 0.06624 0.070865 0.24032 0.17573 0.1292 -0.20965 0.032749 -0.16344 0.21961 -0.052966 0.18794 -0.20678 0.021067 -0.24526 0.2128 -0.13048 0.21585 -0.067974 0.09577 -0.43279 0.094376 0.040117 -0.43918 -0.029666 0.2635 -0.71895 0.13181 0.15589 -0.75012 -0.041302 0.17515 -0.75123 0.11044 0.080039 -0.80063 -0.0095266 -0.054097 0.59965
-0.14007 0.034021 0.32828 0.13286 0.029858 0.32461 -0.0029622 -0.0035702 0.40918 0.00069622 0.0023627 0.068553 -0.050852 0.0021008 -0.054815 0.052268 0.0021008 -0.053467 -0.19787 0.066261 0.07085 0.23693 0.17767 0.12948 -0.20999 0.032947 -0.16348 0.21869 -0.051067 0.1889 -0.20706 0.021231 -0.2453 0.21267 -0.12892 0.21606 -0.067421 0.09568 -0.43285 0.094628 0.039991 -0.4391 -0.028595 0.26339 -0.71896 0.13209 0.15514 -0.75028 -0.040076 0.17409 -0.7501 0.11137 0.079118 -0.8008 -0.0097671 -0.054719 0.59958
-0.14027 0.033548 0.32814 0.13299 0.029965 0.32542 -0.0032126 -0.0039235 0.40918 0.00068179 0.0022132 0.068558 -0.05083 0.0020802 -0.054837 0.05234 0.0020802 -0.053397 -0.19832 0.066295 0.070833 0.23411 0.17872 0.12958 -0.21034 0.033158 -0.16353 0.21796 -0.04996 0.18978 -0.20735 0.021434 -0.24534 0.21276 -0.12808 0.21636 -0.066905 0.095595 -0.43291 0.094868 0.039832 -0.43903 -0.027591 0.26329 -0.71896 0.13229 0.15439 -0.75042 -0.039061 0.17466 -0.75059 0.11223 0.078207 -0.80095 -0.0099766 -0.05535 0.5995
-0.14046 0.033081 0.328 0.13312 0.030062 0.3262 -0.0034516 -0.0042725 0.40917 0.00066699 0.0020634 0.068563 -0.05081 0.0020605 -0.054856 0.052411 0.0020605 -0.053328 -0.19876 0.066342 0.070814 0.23171 0.17918 0.12956 -0.21067 0.033386 -0.16358 0.21741 -0.049394 0.19049 -0.20764 0.02168 -0.24539 0.21298 -0.12774 0.21662 -0.066425 0.095514 -0.43297 0.095095 0.039657 -0.43896 -0.026654 0.26319 -0.71896 0.13244 0.15368 -0.75055 -0.038385 0.1778 -0.75352 0.11302 0.077322 -0.80109 -0.010151 -0.055993 0.59942
-0.14063 0.032617 0.32785 0.13325 0.030143 0.32696 -0.0036802 -0.0046158 0.40917 0.00065107 0.001916 0.068567 -0.050792 0.002041 -0.054873 0.052479 0.002041 -0.053262 -0.19919 0.0664 0.070793 0.22958 0.17939 0.1295 -0.21101 0.033635 -0.16363 0.217 -0.049121 0.19095 -0.20795 0.021978 -0.24545 0.21324 -0.12763 0.21672 -0.065981 0.095436 -0.43301 0.095307 0.039482 -0.43889 -0.025788 0.26309 -0.71896 0.13254 0.153 -0.75068 -0.038173 0.18443 -0.75973 0.11376 0.076477 -0.80121 -0.010288 -0.056652 0.59934
-0.1408 0.032153 0.3277 0.13336 0.030204 0.32768 -0.0038996 -0.0049521 0.40917 0.00063327 0.0017737 0.068571 -0.050777 0.0020212 -0.054888 0.052545 0.0020212 -0.053198 -0.19961 0.066468 0.07077 0.22755 0.17964 0.12945 -0.21136 0.033908 -0.16369 0.21672 -0.048889 0.19108 -0.20827 0.022333 -0.24552 0.21346 -0.12754 0.21655 -0.065574 0.095358 -0.43306 0.095502 0.039321 -0.43882 -0.024991 0.263 -0.71896 0.13259 0.15237 -0.7508 -0.038553 0.19552 -0.77007 0.11445 0.075686 -0.80132 -0.010383 -0.05733 0.59925
-0.14095 0.031685 0.32754 0.13346 0.03024 0.32836 -0.0041108 -0.0052799 0.40917 0.00061286 0.0016393 0.068575 -0.050763 0.0020004 -0.054901 0.052608 0.0020004 -0.053136 -0.20003 0.066544 0.070743 0.22549 0.18026 0.1295 -0.21171 0.034208 -0.16375 0.21654 -0.048449 0.1908 -0.2086 0.022752 -0.24559 0.21354 -0.1272 0.21597 -0.065204 0.095282 -0.4331 0.095679 0.039191 -0.43876 -0.024267 0.2629 -0.71896 0.13261 0.1518 -0.75092 -0.03965 0.212 -0.78537 0.1151 0.074964 -0.80142 -0.010433 -0.058031 0.59915
-0.1411 0.031209 0.32737 0.13354 0.030246 0.32899 -0.0043149 -0.0055979 0.40916 0.00058908 0.0015155 0.068578 -0.050752 0.001978 -0.054912 0.052667 0.001978 -0.053079 -0.20046 0.066627 0.070713 0.22323 0.18154 0.1297 -0.21207 0.03454 -0.16382 0.21645 -0.04755 0.19003 -0.20895 0.023242 -0.24568 0.2134 -0.12637 0.21486 -0.064871 0.095204 -0.43314 0.095836 0.039106 -0.4387 -0.023617 0.2628 -0.71896 0.13261 0.1513 -0.75103 -0.041592 0.23482 -0.80645 0.11571 0.074325 -0.80153 -0.010434 -0.058759 0.59904
