-0.18224 -0.084979 0.36848 0.17541 -0.081704 0.35279 -0.000554 -0.17786 0.4061 -0.011112 0.013752 0.20545 -0.14625 -0.11737 -0.016137 0.13469 -0.13001 -0.019557 -0.24282 -0.091581 0.10709 0.22408 -0.077089 0.088882 -0.21766 -0.14131 -0.17735 0.20757 -0.14405 -0.19264 -0.22113 -0.1299 -0.24458 0.20525 -0.14894 -0.2607 -0.12056 -0.056429 -0.58875 0.1223 -0.056985 -0.58736 -0.15622 0.030238 -1.0053 0.1353 -0.021751 -1.0127 -0.16735 -0.13444 -1.0386 0.13008 -0.18946 -1.0268 0.006908 -0.21262 0.65707
-0.17492 -0.084271 0.36658 0.18284 -0.0763 0.3563 0.00738 -0.1745 0.4075 -0.002665 0.015812 0.20558 -0.14073 -0.12347 -0.019402 0.14052 -0.12368 -0.019539 -0.23404 -0.092744 0.10491 0.22928 -0.07057 0.092008 -0.22036 -0.13684 -0.18124 0.21446 -0.14031 -0.18893 -0.20232 -0.13212 -0.24692 0.2075 -0.13621 -0.25673 -0.11861 -0.056595 -0.5915 0.12956 -0.054748 -0.58788 -0.15332 0.035943 -1.0069 0.14146 -0.020872 -1.0134 -0.15792 -0.12842 -1.0431 0.14434 -0.1887 -1.0267 0.007378 -0.20897 0.65862
-0.17826 -0.083676 0.36677 0.17958 -0.082652 0.35617 0.0022947 -0.17748 0.40741 -0.0042273 0.013242 0.20574 -0.14048 -0.12406 -0.017371 0.14076 -0.12341 -0.019573 -0.23584 -0.096323 0.10493 0.22892 -0.078793 0.092368 -0.2194 -0.13406 -0.18199 0.21719 -0.14011 -0.19068 -0.20001 -0.14182 -0.24699 0.20249 -0.15888 -0.25465 -0.11511 -0.060345 -0.5897 0.12998 -0.055716 -0.58807 -0.15535 0.044699 -1.0016 0.14485 -0.026566 -1.0138 -0.15973 -0.1185 -1.0428 0.14764 -0.19453 -1.0252 0.0086157 -0.21277 0.65833
-0.18164 -0.084784 0.36881 0.17601 -0.084952 0.353 -0.00084546 -0.17937 0.40647 -0.0096354 0.012139 0.20562 -0.14286 -0.12142 -0.016551 0.13833 -0.12606 -0.019994 -0.24097 -0.098365 0.10741 0.22482 -0.081675 0.089097 -0.22053 -0.13882 -0.17888 0.20942 -0.14468 -0.1934 -0.2143 -0.12577 -0.24561 0.2046 -0.14173 -0.26144 -0.11599 -0.060325 -0.5891 0.13007 -0.058764 -0.58858 -0.15861 0.045646 -1.0005 0.13909 -0.017651 -1.0135 -0.16581 -0.11744 -1.0418 0.14051 -0.18524 -1.0297 0.0061276 -0.21516 0.6573
-0.18114 -0.082237 0.36725 0.17668 -0.083696 0.35617 -0.0011831 -0.17715 0.40795 -0.0066721 0.012985 0.20569 -0.14137 -0.12306 -0.017226 0.13986 -0.12439 -0.019787 -0.23838 -0.093217 0.10526 0.22694 -0.079208 0.092558 -0.21633 -0.13804 -0.18025 0.21578 -0.14388 -0.18976 -0.20085 -0.13288 -0.24655 0.21026 -0.14414 -0.25781 -0.11824 -0.058484 -0.58955 0.1312 -0.061318 -0.58885 -0.15342 0.044634 -1.0024 0.13873 -0.018535 -1.0136 -0.15936 -0.11874 -1.0427 0.14274 -0.18602 -1.0304 0.0097472 -0.21249 0.6587
-0.17776 -0.084433 0.36788 0.17997 -0.080991 0.35423 0.0037567 -0.17715 0.40671 -0.0057553 0.01409 0.20564 -0.14214 -0.12222 -0.016836 0.13909 -0.1256 -0.017461 -0.23811 -0.092721 0.10648 0.22787 -0.079872 0.090142 -0.21992 -0.13955 -0.17898 0.21376 -0.14406 -0.19216 -0.20888 -0.14185 -0.24632 0.2081 -0.15172 -0.25977 -0.11773 -0.055426 -0.58885 0.13178 -0.055254 -0.58569 -0.15302 0.040557 -1.0034 0.13891 -0.020636 -1.0112 -0.15919 -0.12348 -1.0409 0.14072 -0.18845 -1.0248 0.010244 -0.2171 0.65693
-0.175 -0.080032 0.36763 0.18276 -0.086374 0.35613 0.0036948 -0.17737 0.40815 0.00055878 0.012731 0.20581 -0.14126 -0.12324 -0.016845 0.13999 -0.12479 -0.016014 -0.23478 -0.095046 0.1064 0.22913 -0.08267 0.091787 -0.2148 -0.14028 -0.1792 0.21572 -0.13924 -0.19217 -0.20353 -0.12805 -0.24542 0.21133 -0.14321 -0.26019 -0.11245 -0.058963 -0.58895 0.13255 -0.056998 -0.58455 -0.15212 0.038023 -1.0029 0.13794 -0.018541 -1.0098 -0.15668 -0.12595 -1.0409 0.14142 -0.1862 -1.0249 0.011877 -0.21551 0.6586
-0.1781 -0.086958 0.36692 0.17966 -0.089571 0.35415 0.0016875 -0.18311 0.40541 -0.0040234 0.0099335 0.20593 -0.14181 -0.12313 -0.012457 0.1394 -0.12534 -0.016815 -0.23669 -0.10652 0.10573 0.22835 -0.082701 0.090296 -0.21382 -0.1434 -0.18086 0.21808 -0.1471 -0.19212 -0.19983 -0.14149 -0.24765 0.2076 -0.14169 -0.25937 -0.11849 -0.064117 -0.58538 0.1268 -0.059012 -0.58543 -0.15769 0.024099 -1.0013 0.13956 -0.024835 -1.0109 -0.16282 -0.14063 -1.0358 0.14075 -0.19267 -1.0243 0.011931 -0.21509 0.65664
-0.18252 -0.085287 0.36697 0.17524 -0.085059 0.35382 -0.0019255 -0.17992 0.40545 -0.0093985 0.012683 0.2056 -0.14752 -0.11628 -0.011871 0.13326 -0.132 -0.015622 -0.24241 -0.097461 0.10562 0.22522 -0.079469 0.09017 -0.22452 -0.14119 -0.18035 0.21227 -0.14179 -0.1926 -0.21167 -0.12682 -0.24585 0.20635 -0.15419 -0.25948 -0.1232 -0.061831 -0.5852 0.12377 -0.05703 -0.58323 -0.16487 0.040288 -0.99771 0.13026 -0.02198 -1.0087 -0.17856 -0.12293 -1.0367 0.12388 -0.18966 -1.0226 0.0076201 -0.21483 0.65632
-0.1782 -0.085358 0.3647 0.17963 -0.081436 0.35432 0.0030426 -0.17852 0.40373 -0.0048383 0.015774 0.20554 -0.14228 -0.12245 -0.013763 0.13895 -0.12611 -0.014711 -0.2358 -0.091811 0.10264 0.22903 -0.075552 0.090565 -0.22161 -0.14382 -0.18216 0.21642 -0.13842 -0.1921 -0.20882 -0.12346 -0.24606 0.21008 -0.15256 -0.2586 -0.11946 -0.053464 -0.58559 0.13038 -0.052054 -0.58245 -0.15356 0.03485 -1.002 0.13609 -0.018531 -1.0081 -0.15912 -0.12986 -1.0364 0.1373 -0.18638 -1.0213 0.010237 -0.20748 0.65544
-0.16993 -0.088341 0.36933 0.18756 -0.078261 0.35314 0.013548 -0.17762 0.40697 -0.00094338 0.013181 0.20578 -0.13838 -0.1269 -0.013163 0.14282 -0.12192 -0.012769 -0.23245 -0.094929 0.1084 0.23279 -0.078145 0.088581 -0.2182 -0.13737 -0.17797 0.22362 -0.14211 -0.19397 -0.20781 -0.13669 -0.24545 0.21246 -0.15548 -0.25999 -0.11469 -0.054675 -0.58455 0.13675 -0.055177 -0.58145 -0.14865 0.030445 -1.0016 0.13816 -0.017003 -1.0067 -0.14853 -0.13453 -1.0353 0.14617 -0.18452 -1.0217 0.015438 -0.21055 0.65828
-0.1775 -0.086175 0.36931 0.18011 -0.08267 0.35289 0.0043237 -0.17885 0.40676 -0.0067772 0.012342 0.20572 -0.14353 -0.12104 -0.01316 0.13764 -0.12756 -0.014499 -0.23842 -0.090487 0.10795 0.22788 -0.080083 0.088793 -0.22171 -0.13705 -0.17765 0.21607 -0.13841 -0.19488 -0.21351 -0.12393 -0.24415 0.19993 -0.1604 -0.25747 -0.12006 -0.054992 -0.5853 0.12716 -0.056421 -0.58258 -0.15494 0.03322 -1.0016 0.13283 -0.010567 -1.0071 -0.16222 -0.13147 -1.0359 0.13292 -0.17797 -1.0252 0.009767 -0.20599 0.65871
-0.17437 -0.091111 0.36524 0.18343 -0.082654 0.35692 0.0078201 -0.18145 0.40643 -0.0013788 0.010414 0.20594 -0.13831 -0.12714 -0.011486 0.14288 -0.12179 -0.013319 -0.23321 -0.089062 0.10338 0.23326 -0.076864 0.093248 -0.22256 -0.14351 -0.18111 0.2186 -0.14218 -0.18877 -0.20449 -0.13805 -0.24673 0.20876 -0.15788 -0.25448 -0.11922 -0.055389 -0.58311 0.13352 -0.055437 -0.582 -0.15422 0.038308 -0.99823 0.12794 -0.021346 -1.0076 -0.15498 -0.12595 -1.0352 0.13661 -0.18895 -1.0211 0.011137 -0.21207 0.65802
-0.17414 -0.090976 0.36564 0.18367 -0.083829 0.35636 0.0078297 -0.18202 0.40626 -0.0012023 0.010047 0.20596 -0.13676 -0.12882 -0.011337 0.14436 -0.12032 -0.010413 -0.23243 -0.090769 0.10365 0.23307 -0.079614 0.09258 -0.21919 -0.14302 -0.18115 0.21866 -0.14241 -0.19002 -0.20049 -0.13941 -0.24671 0.21444 -0.15828 -0.25629 -0.11965 -0.056521 -0.58295 0.13299 -0.057997 -0.57951 -0.15233 0.032007 -0.99939 0.13405 -0.021904 -1.005 -0.15094 -0.13266 -1.0345 0.14348 -0.18942 -1.0192 0.014152 -0.20773 0.65834
-0.17934 -0.090508 0.36418 0.17853 -0.084522 0.35674 0.0021148 -0.18235 0.40528 -0.0052612 0.010694 0.20586 -0.14667 -0.11734 -0.01204 0.13423 -0.13138 -0.012108 -0.23774 -0.097199 0.1023 0.22873 -0.082236 0.093088 -0.22643 -0.14008 -0.18414 0.21344 -0.147 -0.18902 -0.217 -0.11694 -0.24768 0.2069 -0.15951 -0.25582 -0.12048 -0.057154 -0.58471 0.12751 -0.057945 -0.57995 -0.15576 0.030789 -1.0011 0.12915 -0.022844 -1.0055 -0.16729 -0.13376 -1.0348 0.12483 -0.19059 -1.0194 0.0076368 -0.20837 0.65735
-0.17595 -0.092777 0.36465 0.18172 -0.081355 0.35435 0.0071881 -0.18223 0.40349 -0.0047198 0.012347 0.20578 -0.14249 -0.12222 -0.013586 0.13872 -0.12647 -0.01366 -0.23547 -0.096859 0.10297 0.22951 -0.077811 0.090264 -0.22478 -0.13783 -0.18377 0.21368 -0.14399 -0.19148 -0.21325 -0.12104 -0.24894 0.20133 -0.15292 -0.25804 -0.12338 -0.05591 -0.58586 0.12522 -0.053997 -0.58151 -0.15584 0.033027 -1.0022 0.13185 -0.020803 -1.0072 -0.16242 -0.13161 -1.0369 0.13205 -0.18867 -1.0203 0.0078558 -0.20534 0.65591
-0.17634 -0.088626 0.36542 0.18148 -0.083197 0.35538 0.0052698 -0.18074 0.40522 -0.0032552 0.012272 0.20581 -0.14234 -0.1224 -0.013557 0.13885 -0.12667 -0.010066 -0.236 -0.095582 0.10383 0.23032 -0.081702 0.091463 -0.22435 -0.1379 -0.18268 0.21661 -0.14932 -0.19006 -0.20037 -0.12752 -0.24576 0.1979 -0.1619 -0.2545 -0.12442 -0.052778 -0.58548 0.12605 -0.057936 -0.5784 -0.15834 0.027256 -1.0035 0.13191 -0.022723 -1.0039 -0.16368 -0.13811 -1.0348 0.1325 -0.19052 -1.0178 0.0074453 -0.20999 0.65699
-0.17536 -0.089331 0.36441 0.18248 -0.080657 0.3582 0.0066403 -0.17943 0.40693 -0.0014847 0.011868 0.20586 -0.14185 -0.12298 -0.013414 0.13937 -0.126 -0.011171 -0.23249 -0.094925 0.10222 0.23231 -0.081564 0.094465 -0.22523 -0.14156 -0.18376 0.21303 -0.14043 -0.18869 -0.21465 -0.10946 -0.24309 0.20676 -0.14334 -0.25661 -0.12444 -0.057488 -0.58584 0.12663 -0.059254 -0.57974 -0.15766 0.035633 -1.0012 0.12817 -0.02779 -1.0056 -0.16394 -0.12866 -1.0376 0.13 -0.1957 -1.018 0.011809 -0.2121 0.65823
-0.17925 -0.086327 0.36638 0.17857 -0.082649 0.35582 0.0019756 -0.17897 0.40668 -0.0059234 0.012481 0.20574 -0.1469 -0.11728 -0.009566 0.13396 -0.13151 -0.013611 -0.2405 -0.092269 0.10513 0.22797 -0.080854 0.092012 -0.22939 -0.14367 -0.17991 0.21137 -0.14496 -0.19017 -0.20673 -0.13546 -0.24379 0.20925 -0.15759 -0.25723 -0.1299 -0.059307 -0.58281 0.12252 -0.058658 -0.58146 -0.1668 0.035121 -0.9976 0.11714 -0.02851 -1.0074 -0.17991 -0.1288 -1.0338 0.11286 -0.19641 -1.0192 0.007555 -0.20624 0.65861
-0.18164 -0.087454 0.36739 0.17619 -0.085447 0.35651 -0.00079057 -0.18058 0.40826 -0.0080126 0.0093219 0.20584 -0.14674 -0.11752 -0.009039 0.13414 -0.13139 -0.012981 -0.24096 -0.087276 0.10563 0.22539 -0.082893 0.092667 -0.23062 -0.14301 -0.17862 0.20749 -0.14895 -0.18899 -0.20935 -0.12423 -0.24073 0.19908 -0.14687 -0.25671 -0.13615 -0.05951 -0.58244 0.11619 -0.06111 -0.58098 -0.16587 0.030874 -0.9987 0.1182 -0.027801 -1.0067 -0.1797 -0.13331 -1.0334 0.11257 -0.19557 -1.0198 0.0020597 -0.20424 0.66061
-0.18042 -0.082016 0.36812 0.17742 -0.085167 0.35785 -0.00096568 -0.17725 0.41028 -0.0051737 0.010599 0.20587 -0.1479 -0.11607 -0.008883 0.13282 -0.13265 -0.013727 -0.23988 -0.093214 0.10662 0.22644 -0.078981 0.094037 -0.22355 -0.14142 -0.17872 0.20508 -0.1464 -0.18705 -0.2314 -0.12927 -0.24545 0.20871 -0.15545 -0.25463 -0.13817 -0.060921 -0.58258 0.11154 -0.061735 -0.58153 -0.17072 0.032346 -0.998 0.11729 -0.025074 -1.0069 -0.18647 -0.13148 -1.0335 0.10937 -0.19263 -1.0215 0.01176 -0.20458 0.66195
-0.17466 -0.077037 0.37092 0.18294 -0.086284 0.35665 0.003649 -0.1749 0.4119 0.000239 0.011225 0.2059 -0.14374 -0.12131 -0.007025 0.13731 -0.12781 -0.015407 -0.23643 -0.086722 0.10991 0.22979 -0.083065 0.092388 -0.21982 -0.14625 -0.17328 0.21332 -0.15498 -0.18791 -0.22013 -0.14505 -0.24154 0.20819 -0.17805 -0.25197 -0.13495 -0.071152 -0.58119 0.11709 -0.06163 -0.58382 -0.17359 0.034715 -0.99306 0.11688 -0.025288 -1.0093 -0.18464 -0.12825 -1.0339 0.11608 -0.19305 -1.0236 0.018265 -0.20352 0.66332
-0.17479 -0.080807 0.36836 0.18295 -0.08807 0.35693 0.0036717 -0.17829 0.40955 0.00099472 0.010448 0.20594 -0.14311 -0.12221 -0.003159 0.13774 -0.1271 -0.017239 -0.23419 -0.087821 0.10671 0.23092 -0.083498 0.092888 -0.22851 -0.14142 -0.17808 0.20919 -0.14976 -0.18845 -0.1966 -0.16925 -0.23165 0.19914 -0.17149 -0.25239 -0.14045 -0.077677 -0.57785 0.11468 -0.059964 -0.58544 -0.18191 0.014235 -0.99278 0.1069 -0.026846 -1.0111 -0.19158 -0.15009 -1.0282 0.10747 -0.19471 -1.0242 0.011403 -0.2015 0.66184
-0.17369 -0.081969 0.36787 0.18402 -0.088077 0.35475 0.00523 -0.17948 0.407 0.001117 0.011874 0.20586 -0.14489 -0.12011 -0.002764 0.13596 -0.12933 -0.014686 -0.23414 -0.084556 0.10638 0.22914 -0.085771 0.090178 -0.22716 -0.14244 -0.17754 0.20298 -0.1524 -0.19069 -0.21847 -0.12141 -0.24192 0.1926 -0.15677 -0.25803 -0.14731 -0.08514 -0.57812 0.10891 -0.05909 -0.58233 -0.18862 0.018401 -0.99031 0.10161 -0.025793 -1.008 -0.20326 -0.14462 -1.0298 0.098721 -0.19363 -1.0211 0.015302 -0.2012 0.65934
-0.17084 -0.079065 0.36818 0.18647 -0.096468 0.35452 0.0049617 -0.18217 0.40705 0.0065957 0.0091993 0.20589 -0.14723 -0.11718 -0.00441 0.13337 -0.13174 -0.0168 -0.2346 -0.093913 0.10788 0.23038 -0.0884 0.089861 -0.22898 -0.14036 -0.17817 0.20475 -0.1547 -0.19114 -0.20546 -0.15548 -0.24045 0.19757 -0.14878 -0.25878 -0.15532 -0.093807 -0.5803 0.10524 -0.064711 -0.58478 -0.19644 0.013337 -0.99159 0.096321 -0.030102 -1.0103 -0.21646 -0.14892 -1.0319 0.090654 -0.19784 -1.0238 0.014292 -0.20738 0.65909
-0.16788 -0.082593 0.37013 0.18913 -0.098944 0.34909 0.0088611 -0.18596 0.40371 0.0061281 0.0088808 0.20592 -0.14621 -0.11842 -0.004964 0.13412 -0.12972 -0.02472 -0.23452 -0.081225 0.11014 0.23028 -0.095601 0.083887 -0.23627 -0.13348 -0.17495 0.20291 -0.15675 -0.19811 -0.25942 -0.13749 -0.23906 0.19109 -0.17436 -0.26301 -0.16597 -0.10133 -0.58079 0.10162 -0.067996 -0.59307 -0.21072 -0.00090733 -0.9934 0.092334 -0.025503 -1.0178 -0.23043 -0.16386 -1.0309 0.089381 -0.19302 -1.0345 0.030913 -0.21252 0.65482
-0.17514 -0.078392 0.36784 0.18161 -0.10495 0.35429 -0.0020822 -0.18619 0.40632 0.0046208 0.0060252 0.20606 -0.15473 -0.10703 -0.005541 0.12403 -0.13953 -0.023927 -0.23828 -0.082582 0.107 0.2264 -0.099593 0.089704 -0.24073 -0.13845 -0.1774 0.19376 -0.1559 -0.19274 -0.26979 -0.1324 -0.23888 0.18522 -0.16294 -0.26012 -0.18458 -0.10798 -0.58119 0.090965 -0.073552 -0.59177 -0.22501 -0.021224 -0.99732 0.079335 -0.032189 -1.0166 -0.25901 -0.18329 -1.0278 0.063388 -0.19906 -1.0324 0.020999 -0.20859 0.65774
-0.17027 -0.084488 0.36635 0.1861 -0.11179 0.34574 0.0028686 -0.19472 0.39675 0.0072896 0.00695 0.20596 -0.15416 -0.10788 -0.004825 0.12462 -0.13869 -0.025737 -0.23904 -0.084597 0.10691 0.22533 -0.1079 0.080256 -0.24455 -0.13087 -0.17917 0.19073 -0.16205 -0.20238 -0.26791 -0.13709 -0.24302 0.1841 -0.16213 -0.27033 -0.18635 -0.10138 -0.58031 0.089754 -0.082409 -0.59451 -0.22629 -0.0075907 -0.99497 0.078931 -0.015329 -1.0161 -0.25987 -0.16919 -1.0283 0.067006 -0.18124 -1.0422 0.019565 -0.21496 0.64886
-0.17134 -0.082373 0.36726 0.18465 -0.1137 0.34597 0.00064681 -0.19434 0.39782 0.0068278 0.00629 0.206 -0.15289 -0.10953 -0.007302 0.12637 -0.13697 -0.026419 -0.2387 -0.076975 0.10751 0.22425 -0.11445 0.080507 -0.24595 -0.1233 -0.17852 0.20336 -0.19116 -0.19822 -0.23386 -0.12673 -0.24563 0.19716 -0.21417 -0.26221 -0.18196 -0.086737 -0.58254 0.079842 -0.078598 -0.59415 -0.22052 0.0016123 -0.99852 0.082508 -0.037322 -1.0191 -0.25036 -0.16102 -1.0303 0.06753 -0.20423 -1.0354 0.016622 -0.21257 0.65013
-0.18139 -0.078305 0.36753 0.17417 -0.1158 0.34923 -0.01149 -0.19259 0.40105 -0.00070252 0.0048632 0.20615 -0.15334 -0.10884 -0.008274 0.12583 -0.13732 -0.027105 -0.24378 -0.073165 0.10654 0.2223 -0.12879 0.085497 -0.25821 -0.11711 -0.1796 0.22431 -0.2458 -0.17967 -0.26336 -0.10031 -0.24558 0.19691 -0.26252 -0.23993 -0.1882 -0.075304 -0.58266 0.073407 -0.082616 -0.59468 -0.21525 0.0055416 -1.0011 0.072756 -0.038784 -1.0194 -0.24705 -0.15717 -1.0305 0.057431 -0.20558 -1.0366 0.010404 -0.21331 0.65272
-0.19498 -0.068214 0.36941 0.15954 -0.1145 0.35124 -0.027723 -0.18563 0.40529 -0.012831 0.006802 0.20569 -0.15528 -0.10626 -0.004781 0.1227 -0.13905 -0.032208 -0.25222 -0.067438 0.10719 0.22757 -0.15115 0.094199 -0.26861 -0.10839 -0.17928 0.24002 -0.30842 -0.14896 -0.24776 -0.11319 -0.24412 0.21088 -0.31426 -0.21043 -0.19717 -0.058504 -0.57769 0.056964 -0.084878 -0.59845 -0.22647 0.009732 -0.99819 0.06107 -0.038832 -1.0229 -0.25854 -0.15376 -1.0225 0.042238 -0.20516 -1.0412 -0.0096451 -0.20718 0.65719
-0.20631 -0.066078 0.35496 0.14689 -0.12341 0.36625 -0.046302 -0.18814 0.40546 -0.0091616 0.0014013 0.206 -0.15877 -0.10105 0.002882 0.11737 -0.1444 -0.028224 -0.25811 -0.074009 0.091731 0.23431 -0.21659 0.13021 -0.27729 -0.10024 -0.19629 0.28352 -0.44488 -0.041469 -0.25566 -0.10349 -0.26097 0.27348 -0.48315 -0.097111 -0.20276 -0.065674 -0.57077 0.050145 -0.094527 -0.59469 -0.23141 -0.0033458 -0.99222 0.058894 -0.046457 -1.0189 -0.26937 -0.16598 -1.0137 0.03357 -0.2118 -1.0381 -0.026108 -0.22216 0.65582
-0.21046 -0.060443 0.35407 0.14091 -0.12841 0.36322 -0.05402 -0.18813 0.40176 -0.011756 0.0040115 0.20583 -0.16139 -0.096765 0.003786 0.11377 -0.14806 -0.023679 -0.26758 -0.058885 0.09182 0.23822 -0.28325 0.16676 -0.27735 -0.096506 -0.19541 0.33171 -0.53861 0.066446 -0.26889 -0.11525 -0.26052 0.31983 -0.60036 0.039867 -0.20149 -0.064209 -0.57032 0.051138 -0.10066 -0.59088 -0.2315 -0.0075439 -0.99248 0.055022 -0.054153 -1.0153 -0.27261 -0.16973 -1.0113 0.025488 -0.2189 -1.0336 -0.031793 -0.21965 0.65228
-0.20432 -0.054461 0.3563 0.14405 -0.13681 0.36053 -0.052684 -0.18884 0.40101 -0.0049544 0.003076 0.20612 -0.16497 -0.090323 0.007306 0.10802 -0.15308 -0.018013 -0.25832 -0.060247 0.09345 0.23745 -0.33522 0.20577 -0.27761 -0.090344 -0.19419 0.36152 -0.59578 0.1788 -0.25895 -0.10615 -0.25793 0.38105 -0.64399 0.22303 -0.19807 -0.065275 -0.56762 0.052423 -0.10298 -0.58572 -0.2292 -0.0045972 -0.98914 0.062408 -0.054833 -1.0099 -0.27579 -0.1652 -1.0088 0.02579 -0.21803 -1.0293 -0.035929 -0.22115 0.65186
-0.20253 -0.052949 0.35415 0.13902 -0.15999 0.34716 -0.060621 -0.20089 0.38616 -0.00075473 0.0018864 0.20619 -0.17005 -0.079624 0.013033 0.097636 -0.1598 -0.018878 -0.2657 -0.048526 0.093324 0.20289 -0.41759 0.30714 -0.29092 -0.071452 -0.19451 0.35807 -0.65605 0.36253 -0.26534 -0.094575 -0.25344 0.40345 -0.70287 0.38279 -0.20306 -0.061938 -0.56217 0.047565 -0.097095 -0.58584 -0.22996 -0.0033294 -0.98427 0.057647 -0.058215 -1.0109 -0.28648 -0.16088 -1.0025 0.0090273 -0.21864 -1.0268 -0.050886 -0.22113 0.63864
-0.20926 -0.03732 0.35254 0.125 -0.16552 0.35144 -0.077228 -0.19324 0.38868 -0.0028217 0.0023182 0.20617 -0.17448 -0.069142 0.014265 0.087673 -0.16548 -0.018888 -0.27192 -0.03178 0.091619 0.16921 -0.42982 0.33628 -0.29232 -0.070116 -0.19496 0.26779 -0.67613 0.45301 -0.27538 -0.071187 -0.26109 0.30006 -0.72253 0.49131 -0.20271 -0.066236 -0.56146 0.051413 -0.091189 -0.5855 -0.22211 -0.010095 -0.98431 0.053673 -0.057379 -1.0112 -0.28793 -0.16409 -1.0017 -0.0047399 -0.21478 -1.024 -0.054635 -0.20607 0.64082
-0.22233 -0.022929 0.34581 0.10661 -0.16323 0.36248 -0.097753 -0.18199 0.39304 -0.0093064 0.0031434 0.20597 -0.17643 -0.063484 0.016339 0.081703 -0.168 -0.022953 -0.27875 -0.036907 0.083776 0.1191 -0.43134 0.36308 -0.30534 -0.05848 -0.20404 0.065094 -0.65903 0.53411 -0.27369 -0.087453 -0.25716 0.04898 -0.69387 0.59058 -0.2112 -0.06525 -0.55903 0.043457 -0.084001 -0.58808 -0.24804 0.0036324 -0.97883 0.043178 -0.050707 -1.0138 -0.31766 -0.14851 -0.99768 -0.021148 -0.20584 -1.0259 -0.055002 -0.21762 0.64032
-0.18867 -0.030679 0.36691 0.14051 -0.16759 0.34355 -0.059084 -0.19017 0.39555 0.0080827 0.0013079 0.20604 -0.17457 -0.068205 0.0173 0.086826 -0.16611 -0.017167 -0.27155 -0.039098 0.11177 0.12104 -0.43406 0.36908 -0.29156 -0.071579 -0.17556 -0.00071448 -0.64557 0.52544 -0.29017 -0.070117 -0.24381 -0.045719 -0.65939 0.57489 -0.20056 -0.06913 -0.55854 0.04976 -0.092567 -0.58383 -0.23723 -0.0059421 -0.97924 0.057758 -0.056306 -1.0092 -0.30176 -0.16046 -0.99682 -0.0020817 -0.21302 -1.0237 -0.042638 -0.21386 0.64738
-0.1735 0.0080411 0.39067 0.11953 -0.18243 0.32188 -0.072548 -0.173 0.39977 0.0038954 0.010468 0.2059 -0.18442 -0.023256 0.029547 0.04283 -0.18258 -0.015973 -0.29593 -0.025036 0.15412 0.083053 -0.44374 0.37114 -0.31276 -0.059739 -0.13315 -0.0086233 -0.6609 0.53982 -0.32623 -0.050634 -0.19946 -0.053705 -0.67857 0.58795 -0.22791 -0.041076 -0.54496 0.014242 -0.084202 -0.57935 -0.26501 0.010078 -0.96726 0.016538 -0.029757 -1.0029 -0.36438 -0.12563 -0.97496 -0.081011 -0.16581 -1.0209 -0.071092 -0.1854 0.65294
-0.22558 0.028932 0.34082 0.069656 -0.17058 0.36754 -0.13512 -0.15009 0.39393 -0.0087281 0.010258 0.20576 -0.18477 -0.02862 0.02165 0.048821 -0.18127 -0.013511 -0.28244 -0.026417 0.084418 0.095055 -0.43486 0.40691 -0.32011 -0.033532 -0.20289 0.10313 -0.66486 0.58312 -0.31177 -0.049086 -0.26884 0.089589 -0.70161 0.63904 -0.2276 -0.013859 -0.55299 0.0036759 -0.078946 -0.5751 -0.26232 0.028434 -0.97647 0.010827 -0.023907 -0.99847 -0.35887 -0.10938 -0.98232 -0.082495 -0.16267 -1.0181 -0.073784 -0.1671 0.63927
-0.23347 0.028491 0.33467 0.061458 -0.16991 0.37163 -0.14399 -0.1496 0.39234 -0.013093 0.0087791 0.2056 -0.185 -0.029379 0.018397 0.049604 -0.18099 -0.014427 -0.27758 -0.020179 0.074427 0.10662 -0.43039 0.418 -0.32216 -0.012554 -0.21187 0.17019 -0.65283 0.59262 -0.29892 -0.04183 -0.269 0.17855 -0.69267 0.64743 -0.22697 -0.0020476 -0.55585 -0.0024734 -0.07895 -0.57546 -0.25119 0.025585 -0.98126 0.010401 -0.022945 -0.99858 -0.34881 -0.11156 -0.98461 -0.082149 -0.16199 -1.0198 -0.076669 -0.1563 0.63662
-0.23896 0.038532 0.33405 0.048831 -0.17036 0.36606 -0.15588 -0.144 0.38723 -0.019121 0.014451 0.20481 -0.18607 -0.022582 0.017133 0.043198 -0.18277 -0.0125 -0.2821 -0.011374 0.07388 0.103 -0.42784 0.41905 -0.31587 -0.00028802 -0.21378 0.1904 -0.64835 0.58563 -0.32675 0.0059549 -0.2809 0.22664 -0.685 0.63041 -0.23021 0.00025815 -0.55714 -0.0041534 -0.075289 -0.57294 -0.25268 0.023416 -0.98292 0.013074 -0.017067 -0.9956 -0.35584 -0.10964 -0.98471 -0.084343 -0.15252 -1.0182 -0.09261 -0.15671 0.63235
-0.24413 0.040788 0.32286 0.048859 -0.15715 0.37541 -0.15733 -0.1367 0.38622 -0.017937 0.02018 0.20443 -0.18508 -0.030172 0.016115 0.050526 -0.18076 -0.014092 -0.29382 0.010746 0.060812 0.090789 -0.41749 0.42544 -0.32627 0.033695 -0.2263 0.13543 -0.64508 0.59928 -0.32928 0.03604 -0.29447 0.14833 -0.68843 0.65043 -0.2364 -0.021901 -0.55796 0.012916 -0.068924 -0.57442 -0.25742 0.025068 -0.98185 0.019368 -0.016941 -0.99819 -0.35659 -0.11063 -0.99197 -0.072596 -0.15676 -1.0167 -0.08653 -0.16665 0.62775
-0.24464 0.041667 0.32869 0.053952 -0.1495 0.3754 -0.15219 -0.13291 0.39215 -0.021793 0.023809 0.20366 -0.18486 -0.032847 0.01325 0.05323 -0.17993 -0.014747 -0.28798 0.010805 0.065615 0.085678 -0.4125 0.41857 -0.35079 0.021224 -0.21716 0.077117 -0.63693 0.60179 -0.29581 0.049899 -0.24573 0.076289 -0.6793 0.65532 -0.2324 -0.037681 -0.56119 0.025416 -0.064964 -0.57501 -0.25435 0.033414 -0.98166 0.024051 -0.017158 -0.99932 -0.35161 -0.10285 -0.99962 -0.065353 -0.15897 -1.015 -0.068497 -0.1782 0.62708
-0.2426 0.020515 0.32855 0.068309 -0.14991 0.37691 -0.13857 -0.14723 0.39251 -0.018466 0.018138 0.20457 -0.18228 -0.045356 0.012014 0.065599 -0.17598 -0.012453 -0.28826 0.0055717 0.064483 0.097641 -0.41382 0.41603 -0.31964 0.012218 -0.22359 0.047952 -0.63032 0.60223 -0.29367 -0.025657 -0.27411 0.030373 -0.67365 0.65198 -0.21259 -0.049874 -0.56359 0.041993 -0.068841 -0.57446 -0.24581 0.015103 -0.98431 0.032987 -0.028592 -0.99946 -0.33024 -0.12973 -1 -0.04563 -0.17697 -1.0118 -0.059933 -0.20561 0.62629
-0.24458 0.026148 0.32644 0.06233 -0.15029 0.37547 -0.14458 -0.14427 0.38975 -0.019515 0.020208 0.20428 -0.18303 -0.042082 0.012497 0.062247 -0.17703 -0.014551 -0.29617 -0.017384 0.066666 0.099446 -0.41087 0.42799 -0.31811 -0.020845 -0.22233 0.041488 -0.62855 0.61039 -0.31488 -0.011496 -0.28989 0.011448 -0.66978 0.65576 -0.21934 -0.042656 -0.56278 0.030862 -0.063009 -0.57482 -0.25454 0.036215 -0.98095 0.025881 -0.024967 -1.0001 -0.34236 -0.10612 -1.0004 -0.056442 -0.17134 -1.0122 -0.058877 -0.19549 0.62273
-0.2423 0.027954 0.3237 0.060028 -0.15626 0.37009 -0.1469 -0.14683 0.382 -0.015677 0.021559 0.20447 -0.18383 -0.038572 0.012108 0.058904 -0.17821 -0.014073 -0.30191 -0.009283 0.064664 0.099588 -0.41414 0.43312 -0.32087 -0.046895 -0.22211 0.076376 -0.63818 0.61554 -0.32711 -0.025542 -0.28666 0.055301 -0.68327 0.66228 -0.22669 -0.034753 -0.56271 0.029155 -0.062011 -0.57398 -0.25967 0.037404 -0.98227 0.017137 -0.015755 -0.9983 -0.3511 -0.10296 -0.99923 -0.067114 -0.16091 -1.0117 -0.070276 -0.18998 0.61973
-0.24425 0.024082 0.32514 0.059556 -0.15833 0.36902 -0.14735 -0.15027 0.38227 -0.018356 0.019537 0.20445 -0.1834 -0.039937 0.013942 0.060065 -0.17775 -0.014887 -0.28807 -0.022578 0.064485 0.10612 -0.41583 0.42871 -0.32722 -0.066667 -0.2193 0.13045 -0.63896 0.6121 -0.30248 -0.072653 -0.28266 0.12594 -0.68921 0.65811 -0.22946 -0.031615 -0.56058 0.025342 -0.061627 -0.57453 -0.26727 0.041549 -0.97956 0.013043 -0.014258 -0.99871 -0.35744 -0.099686 -0.99609 -0.070507 -0.15979 -1.0125 -0.075506 -0.18231 0.62322
-0.22741 0.0072859 0.34543 0.090275 -0.15547 0.36941 -0.11491 -0.15826 0.40009 -0.012912 0.011486 0.20548 -0.18107 -0.04912 0.015066 0.069221 -0.17466 -0.011316 -0.27869 -0.043967 0.087004 0.13156 -0.41963 0.39299 -0.30152 -0.087374 -0.19867 0.18622 -0.65333 0.55549 -0.29233 -0.11333 -0.26114 0.19008 -0.70664 0.59798 -0.2284 -0.045306 -0.5594 0.020624 -0.075774 -0.57323 -0.25852 0.017611 -0.98066 0.013185 -0.026786 -0.99734 -0.34274 -0.12735 -0.99629 -0.062912 -0.17614 -1.0133 -0.075375 -0.17675 0.64977
-0.21999 -0.0021229 0.35007 0.10414 -0.15308 0.36787 -0.10018 -0.16319 0.40254 -0.008702 0.010029 0.20578 -0.17864 -0.056007 0.019431 0.075595 -0.1719 -0.012773 -0.27854 -0.041675 0.091139 0.15515 -0.41561 0.34521 -0.29606 -0.086992 -0.19461 0.22704 -0.66967 0.46478 -0.28855 -0.11309 -0.25725 0.23847 -0.72893 0.49672 -0.22327 -0.057066 -0.55526 0.026311 -0.076699 -0.57526 -0.26561 0.020697 -0.97298 0.012865 -0.028714 -0.99935 -0.34281 -0.12762 -0.99277 -0.057556 -0.18092 -1.0143 -0.0752 -0.17321 0.65458
-0.21704 0.00080026 0.34298 0.092493 -0.179 0.34789 -0.11294 -0.17547 0.37677 -0.0010282 0.012528 0.20582 -0.18248 -0.042259 0.018469 0.062262 -0.17711 -0.013424 -0.29429 -0.016501 0.086516 0.18704 -0.41585 0.26424 -0.30224 -0.0829 -0.19551 0.24517 -0.69563 0.3128 -0.30319 -0.092774 -0.26306 0.26019 -0.76214 0.3164 -0.23415 -0.056671 -0.55545 0.022229 -0.069683 -0.57444 -0.27206 0.013436 -0.97495 0.00058003 -0.021872 -0.99821 -0.36082 -0.12878 -0.99069 -0.080634 -0.16884 -1.0106 -0.082096 -0.17137 0.62832
-0.20336 -0.022309 0.36433 0.13498 -0.13929 0.3615 -0.064477 -0.16954 0.41001 -0.0044745 0.0089387 0.20596 -0.17267 -0.072835 0.017499 0.091688 -0.16386 -0.013016 -0.26783 -0.039619 0.10437 0.21616 -0.32513 0.18567 -0.28961 -0.087358 -0.18069 0.2992 -0.56541 0.046461 -0.29177 -0.085979 -0.24892 0.29056 -0.62272 0.010374 -0.20794 -0.079259 -0.55781 0.045987 -0.082511 -0.57798 -0.25444 -0.018635 -0.97792 0.01988 -0.04164 -1.0022 -0.31546 -0.17477 -0.99369 -0.033518 -0.20087 -1.0143 -0.052337 -0.19687 0.66171
-0.20429 -0.027436 0.36519 0.13452 -0.14297 0.36015 -0.064573 -0.1743 0.40946 -0.0063 0.0054529 0.20604 -0.17195 -0.073733 0.020527 0.092471 -0.1634 -0.013251 -0.26801 -0.051782 0.10561 0.21969 -0.26593 0.13729 -0.29544 -0.076403 -0.18189 0.27311 -0.44168 -0.086923 -0.29567 -0.06398 -0.24903 0.25529 -0.47095 -0.14597 -0.213 -0.087867 -0.55426 0.049761 -0.084031 -0.57873 -0.25789 -0.01488 -0.97257 0.015521 -0.045068 -1.0026 -0.31977 -0.17013 -0.99302 -0.035848 -0.20507 -1.0131 -0.050615 -0.20568 0.6606
-0.19398 -0.035835 0.3745 0.1457 -0.1466 0.35188 -0.05029 -0.1811 0.41058 -0.0044862 0.0011108 0.20615 -0.1705 -0.076111 0.023697 0.093396 -0.16191 -0.022095 -0.26763 -0.055366 0.11714 0.21941 -0.21316 0.10252 -0.28864 -0.079496 -0.17093 0.25058 -0.31999 -0.16511 -0.29245 -0.073672 -0.23885 0.22379 -0.3242 -0.22777 -0.21748 -0.093914 -0.55053 0.051378 -0.078822 -0.58709 -0.26171 -0.012399 -0.96734 0.011191 -0.044164 -1.0108 -0.32205 -0.16775 -0.99132 -0.037726 -0.20505 -1.0193 -0.038136 -0.21863 0.66096
