-0.37174 2.6748 0.37103 -0.014095 2.6781 0.35534 -0.19006 2.582 0.40865 -0.20061 2.7736 0.20799 -0.33576 2.6425 -0.013588 -0.05481 2.6298 -0.017008 -0.1895 2.7598 0.002549 -0.43232 2.6682 0.10964 0.034578 2.6827 0.091431 -0.40716 2.6185 -0.1748 0.018068 2.6158 -0.19009 -0.41063 2.6299 -0.24203 0.015747 2.6109 -0.25816 -0.31006 2.7034 -0.5862 -0.0672 2.7028 -0.58481 -0.34572 2.7901 -1.0028 -0.054197 2.7381 -1.0102 -0.35685 2.6254 -1.0361 -0.059421 2.5704 -1.0242 -0.18259 2.5472 0.65962
-0.36929 2.6733 0.36439 -0.011529 2.6813 0.3541 -0.18699 2.5831 0.40531 -0.19703 2.7734 0.20339 -0.33515 2.6345 -0.016895 -0.053905 2.6343 -0.017032 -0.19443 2.758 0.002507 -0.42841 2.6649 0.10272 0.034915 2.687 0.089814 -0.41473 2.6208 -0.18343 0.020091 2.6173 -0.19113 -0.39669 2.6255 -0.24911 0.013137 2.6214 -0.25893 -0.31309 2.7012 -0.58757 -0.064869 2.7032 -0.5856 -0.34781 2.7937 -1.003 -0.052974 2.7371 -1.0111 -0.3524 2.6294 -1.0392 -0.05009 2.5693 -1.0244 -0.18699 2.5487 0.65609
-0.37359 2.6762 0.36706 -0.015744 2.6772 0.35646 -0.19303 2.5824 0.4077 -0.19956 2.7731 0.20603 -0.33584 2.6359 -0.01546 -0.054602 2.6366 -0.017662 -0.19536 2.76 0.001911 -0.43117 2.6635 0.10522 0.033594 2.6811 0.09266 -0.41473 2.6258 -0.1817 0.021862 2.6198 -0.19039 -0.39534 2.618 -0.2467 0.007158 2.601 -0.25436 -0.31047 2.6996 -0.58778 -0.065371 2.7042 -0.58555 -0.35071 2.8047 -0.9997 -0.050504 2.7333 -1.0113 -0.35509 2.6415 -1.0409 -0.047707 2.5654 -1.0227 -0.18673 2.5472 0.65802
-0.37477 2.6752 0.36793 -0.017115 2.675 0.35212 -0.19397 2.5806 0.40559 -0.20276 2.7721 0.20474 -0.33613 2.6387 -0.014309 -0.054938 2.6341 -0.017752 -0.19327 2.7602 0.002242 -0.43409 2.6616 0.10652 0.031692 2.6783 0.088214 -0.41365 2.6212 -0.17976 0.0163 2.6153 -0.19429 -0.40742 2.6342 -0.24649 0.01148 2.6183 -0.26233 -0.30923 2.6999 -0.58734 -0.063182 2.7012 -0.58499 -0.35186 2.8059 -0.99878 -0.05416 2.7424 -1.0099 -0.35906 2.6428 -1.04 -0.052743 2.5748 -1.0261 -0.18701 2.5449 0.65592
-0.37556 2.6769 0.36471 -0.017729 2.6755 0.35363 -0.19559 2.582 0.4054 -0.20108 2.7721 0.20314 -0.33591 2.6363 -0.015882 -0.054675 2.635 -0.018443 -0.19454 2.7594 0.001344 -0.43279 2.6659 0.10272 0.032532 2.6799 0.090016 -0.41074 2.6211 -0.1828 0.021374 2.6153 -0.19231 -0.39526 2.6263 -0.24909 0.015847 2.615 -0.26036 -0.31279 2.7009 -0.58786 -0.063315 2.698 -0.58634 -0.34797 2.804 -1.0007 -0.055791 2.7407 -1.0111 -0.35391 2.6406 -1.041 -0.051777 2.5732 -1.0279 -0.1847 2.5468 0.65533
-0.37206 2.6725 0.36787 -0.014335 2.676 0.35423 -0.19055 2.5798 0.40671 -0.20006 2.771 0.20564 -0.33648 2.6348 -0.015759 -0.055246 2.6314 -0.016384 -0.19433 2.757 0.001077 -0.43241 2.6642 0.10648 0.033569 2.6771 0.090139 -0.41423 2.6174 -0.17899 0.019461 2.6129 -0.19216 -0.40318 2.6151 -0.24632 0.013802 2.6052 -0.25977 -0.3121 2.7015 -0.58699 -0.062547 2.7017 -0.58426 -0.34739 2.7975 -1.0016 -0.055415 2.7363 -1.0098 -0.35355 2.6334 -1.039 -0.053607 2.5685 -1.0234 -0.18411 2.5402 0.65496
-0.3708 2.6776 0.36551 -0.013044 2.6712 0.35401 -0.19211 2.5802 0.40603 -0.19524 2.7703 0.20369 -0.33705 2.6345 -0.016835 -0.055807 2.6329 -0.016004 -0.19579 2.7577 1e-05 -0.43057 2.6626 0.10428 0.033332 2.6749 0.089672 -0.4106 2.6173 -0.18132 0.019924 2.6184 -0.19429 -0.39933 2.6296 -0.24754 0.015526 2.6144 -0.26231 -0.30827 2.6987 -0.58851 -0.063248 2.7008 -0.58471 -0.34794 2.7957 -1.0025 -0.057855 2.7392 -1.0099 -0.3525 2.6317 -1.0404 -0.054377 2.5716 -1.0251 -0.18398 2.5424 0.65472
-0.37051 2.6743 0.36563 -0.012744 2.6717 0.35286 -0.19072 2.5782 0.40412 -0.19643 2.7712 0.20463 -0.3342 2.6381 -0.014444 -0.052988 2.6359 -0.018802 -0.19239 2.7612 -0.001987 -0.42909 2.6548 0.10444 0.03595 2.6786 0.089005 -0.40623 2.6179 -0.18215 0.025675 2.6142 -0.19341 -0.39223 2.6198 -0.24895 0.015196 2.6196 -0.26066 -0.31086 2.6972 -0.58787 -0.065573 2.7021 -0.58663 -0.35006 2.7854 -1.0038 -0.05281 2.7363 -1.0121 -0.35519 2.6207 -1.0383 -0.051617 2.5685 -1.0255 -0.1804 2.546 0.65715
-0.37035 2.6736 0.36864 -0.012593 2.6739 0.35548 -0.18975 2.579 0.40711 -0.19723 2.7716 0.20727 -0.33518 2.6424 -0.013958 -0.054394 2.6267 -0.017709 -0.18766 2.7587 -0.002087 -0.43024 2.6615 0.10729 0.037392 2.6795 0.091837 -0.41235 2.6177 -0.17868 0.024442 2.6171 -0.19094 -0.3995 2.6321 -0.24418 0.018524 2.6047 -0.25782 -0.31085 2.6969 -0.58729 -0.063875 2.7016 -0.5849 -0.35253 2.799 -0.9998 -0.057387 2.7367 -1.0104 -0.36622 2.6358 -1.0388 -0.063774 2.569 -1.0243 -0.18019 2.544 0.65839
-0.3703 2.6691 0.36492 -0.012476 2.6731 0.35454 -0.18906 2.576 0.40396 -0.19695 2.7703 0.20576 -0.33435 2.6319 -0.014887 -0.053126 2.6283 -0.015835 -0.19208 2.7544 -0.001124 -0.42791 2.6627 0.10286 0.036922 2.6789 0.090787 -0.41372 2.6107 -0.18194 0.024312 2.6161 -0.19188 -0.40093 2.631 -0.24584 0.017972 2.6019 -0.25838 -0.31157 2.7008 -0.58586 -0.061693 2.7023 -0.58346 -0.34567 2.7891 -1.0022 -0.055979 2.7358 -1.0091 -0.35123 2.6244 -1.0367 -0.054771 2.568 -1.0223 -0.18178 2.5466 0.65891
-0.36691 2.6666 0.36943 -0.009421 2.6767 0.35324 -0.18344 2.5773 0.40707 -0.19793 2.7681 0.20588 -0.33536 2.6279 -0.015161 -0.054152 2.6329 -0.014767 -0.19697 2.7548 -0.001998 -0.42944 2.66 0.1085 0.035808 2.6768 0.088683 -0.41519 2.6176 -0.17787 0.026641 2.6128 -0.19387 -0.40479 2.6183 -0.24535 0.015478 2.5995 -0.25989 -0.3117 2.7 -0.58577 -0.060222 2.6996 -0.58295 -0.34565 2.7852 -1.0028 -0.058813 2.7378 -1.0082 -0.34554 2.6202 -1.0365 -0.050794 2.5702 -1.0232 -0.18154 2.5443 0.65896
-0.36841 2.669 0.36937 -0.010802 2.6725 0.35296 -0.18658 2.5763 0.40682 -0.19769 2.7675 0.20579 -0.33438 2.634 -0.014821 -0.053214 2.6275 -0.01616 -0.19085 2.755 -0.001661 -0.42933 2.6646 0.10801 0.036974 2.6751 0.088856 -0.41262 2.6181 -0.17759 0.025167 2.6167 -0.19482 -0.40442 2.6312 -0.24409 0.009025 2.5947 -0.25741 -0.31094 2.7 -0.58627 -0.063697 2.6986 -0.58447 -0.34582 2.7882 -1.0026 -0.058025 2.7445 -1.009 -0.35309 2.6235 -1.0369 -0.057933 2.5771 -1.027 -0.18109 2.5489 0.66122
-0.36628 2.6662 0.36542 -0.008473 2.6746 0.3571 -0.18409 2.5758 0.40661 -0.19328 2.7677 0.20612 -0.33019 2.63 -0.014914 -0.048998 2.6353 -0.016747 -0.19188 2.7571 -0.003428 -0.42511 2.6682 0.10356 0.041358 2.6804 0.093429 -0.41446 2.6138 -0.18093 0.026695 2.6151 -0.18859 -0.39639 2.6192 -0.24655 0.016854 2.5994 -0.2543 -0.31113 2.7016 -0.58575 -0.058345 2.7016 -0.58468 -0.34613 2.7953 -1.0009 -0.063927 2.7357 -1.0103 -0.34688 2.6311 -1.0379 -0.055261 2.5681 -1.0238 -0.18074 2.545 0.66001
-0.3679 2.6675 0.36749 -0.010093 2.6746 0.35821 -0.18593 2.5764 0.40811 -0.19497 2.7685 0.20781 -0.33048 2.6293 -0.015948 -0.049365 2.6378 -0.015024 -0.19373 2.7581 -0.004611 -0.42619 2.6677 0.1055 0.039311 2.6788 0.094432 -0.41295 2.6154 -0.17929 0.024901 2.616 -0.18817 -0.39425 2.619 -0.24486 0.020679 2.6002 -0.25444 -0.31344 2.7013 -0.58547 -0.060749 2.7002 -0.58473 -0.34612 2.7899 -1.0019 -0.059687 2.7363 -1.0102 -0.34473 2.6252 -1.037 -0.050261 2.5688 -1.0244 -0.17954 2.5504 0.663
-0.36738 2.668 0.36556 -0.009506 2.674 0.35812 -0.18592 2.5761 0.40666 -0.1933 2.7692 0.20723 -0.33462 2.641 -0.014064 -0.053721 2.6269 -0.014132 -0.18795 2.7583 -0.002024 -0.42578 2.6613 0.10367 0.040696 2.6763 0.094463 -0.41446 2.6184 -0.18276 0.025402 2.6115 -0.18765 -0.40503 2.6416 -0.2463 0.018864 2.599 -0.25444 -0.30848 2.7011 -0.58579 -0.060445 2.7004 -0.58234 -0.34375 2.789 -1.0021 -0.058808 2.7355 -1.0079 -0.35529 2.6245 -1.0359 -0.063126 2.5678 -1.0217 -0.18032 2.5498 0.66229
-0.36416 2.6635 0.36493 -0.006491 2.675 0.35463 -0.18102 2.5741 0.40377 -0.19293 2.7687 0.20606 -0.33067 2.634 -0.014579 -0.049456 2.6298 -0.014653 -0.18818 2.7562 -0.000993 -0.42368 2.6595 0.10325 0.041301 2.6785 0.090545 -0.41299 2.6185 -0.18349 0.025476 2.6123 -0.1912 -0.40146 2.6353 -0.24866 0.013125 2.6034 -0.25776 -0.31162 2.7001 -0.58497 -0.062988 2.7024 -0.5837 -0.34408 2.789 -1.0013 -0.056353 2.7356 -1.0094 -0.35066 2.6244 -1.036 -0.05616 2.5677 -1.0224 -0.18034 2.5504 0.662
-0.36321 2.6679 0.36314 -0.005387 2.6734 0.3531 -0.1816 2.5758 0.40294 -0.19012 2.7688 0.20353 -0.32918 2.634 -0.018103 -0.04798 2.6298 -0.014612 -0.18683 2.7564 -0.004546 -0.42287 2.661 0.10155 0.04345 2.6749 0.089182 -0.41122 2.6187 -0.18496 0.029744 2.6072 -0.19234 -0.38724 2.629 -0.24804 0.011031 2.5947 -0.25678 -0.31136 2.7032 -0.58652 -0.060842 2.6988 -0.58535 -0.34528 2.7833 -1.0046 -0.054973 2.734 -1.0109 -0.35062 2.6179 -1.0358 -0.054389 2.5662 -1.0247 -0.1794 2.5462 0.65755
-0.36096 2.6671 0.36327 -0.003114 2.6758 0.35706 -0.17895 2.577 0.4058 -0.18708 2.7683 0.20472 -0.32743 2.6333 -0.016814 -0.046205 2.6303 -0.014571 -0.18558 2.7563 -0.0034 -0.41808 2.6615 0.10108 0.046716 2.6748 0.093331 -0.41083 2.6148 -0.1849 0.027437 2.616 -0.18982 -0.40024 2.6469 -0.24422 0.021168 2.6131 -0.25775 -0.31011 2.6984 -0.5862 -0.058986 2.6972 -0.58501 -0.34333 2.7916 -1.0016 -0.057448 2.7287 -1.0108 -0.34961 2.6273 -1.0379 -0.055615 2.5608 -1.0232 -0.17377 2.5442 0.65785
-0.35758 2.6689 0.36707 0.00024 2.6726 0.35651 -0.17636 2.5763 0.40737 -0.18426 2.7677 0.20643 -0.32511 2.6377 -0.01303 -0.044252 2.6235 -0.017075 -0.17821 2.755 -0.003464 -0.41884 2.663 0.10582 0.049641 2.6744 0.092703 -0.40772 2.6116 -0.17922 0.033041 2.6103 -0.18948 -0.38506 2.6198 -0.2431 0.030916 2.5977 -0.25654 -0.30815 2.6956 -0.58514 -0.055688 2.6963 -0.58464 -0.34505 2.79 -0.99993 -0.06107 2.7265 -1.0105 -0.35815 2.6261 -1.0361 -0.065348 2.5586 -1.0224 -0.17072 2.5488 0.66186
-0.35534 2.6696 0.36478 0.002485 2.6716 0.3539 -0.17449 2.5765 0.40565 -0.18171 2.7664 0.20323 -0.32036 2.6395 -0.013793 -0.039481 2.6256 -0.017735 -0.17362 2.757 -0.004754 -0.41466 2.6698 0.10302 0.051686 2.6742 0.090057 -0.40432 2.6141 -0.18124 0.033785 2.6081 -0.1916 -0.38305 2.6329 -0.24334 0.025378 2.6102 -0.25932 -0.30981 2.6972 -0.58484 -0.057463 2.696 -0.58671 -0.33953 2.7876 -1.0011 -0.055445 2.7293 -1.0124 -0.35336 2.6234 -1.0358 -0.061082 2.5615 -1.0256 -0.1716 2.5525 0.66152
-0.35009 2.6742 0.36456 0.007752 2.671 0.35429 -0.17064 2.5789 0.40673 -0.17484 2.7668 0.20231 -0.31754 2.6401 -0.013727 -0.036821 2.6235 -0.018571 -0.16964 2.7561 -0.004844 -0.40955 2.663 0.10307 0.056767 2.6772 0.090481 -0.39322 2.6148 -0.18228 0.035408 2.6098 -0.19061 -0.40107 2.6269 -0.24901 0.039039 2.6007 -0.25819 -0.30784 2.695 -0.58517 -0.058148 2.6946 -0.58778 -0.34039 2.7883 -1.0006 -0.052396 2.7312 -1.0132 -0.35615 2.6244 -1.0361 -0.060319 2.5637 -1.0277 -0.15785 2.5515 0.65953
-0.34569 2.6801 0.36737 0.011905 2.6708 0.3531 -0.16738 2.5822 0.40835 -0.17079 2.7683 0.20235 -0.31478 2.6357 -0.012301 -0.033726 2.6292 -0.020683 -0.17103 2.757 -0.005276 -0.40746 2.6704 0.10636 0.058762 2.674 0.088837 -0.39086 2.6108 -0.17683 0.04229 2.6021 -0.19147 -0.39116 2.612 -0.24509 0.037162 2.579 -0.25552 -0.306 2.6858 -0.58576 -0.053924 2.6953 -0.58842 -0.34463 2.7917 -0.99762 -0.054129 2.7316 -1.0139 -0.35568 2.6287 -1.0385 -0.054926 2.5639 -1.0282 -0.15277 2.5536 0.65965
-0.33922 2.6777 0.36392 0.018526 2.6705 0.35248 -0.16075 2.5802 0.40511 -0.16343 2.769 0.20149 -0.30755 2.6362 -0.010355 -0.026693 2.6313 -0.024435 -0.16444 2.7584 -0.007196 -0.39861 2.6707 0.10227 0.066496 2.675 0.088444 -0.39293 2.6171 -0.18253 0.044765 2.6088 -0.19289 -0.36102 2.5893 -0.2361 0.034715 2.587 -0.25683 -0.30489 2.6807 -0.58541 -0.049653 2.6981 -0.59012 -0.34635 2.7727 -1.0003 -0.057439 2.7313 -1.0158 -0.35602 2.6083 -1.0358 -0.056861 2.5634 -1.0288 -0.15293 2.5567 0.66053
-0.33103 2.6768 0.36201 0.026679 2.6707 0.34889 -0.15211 2.5793 0.40114 -0.15622 2.7706 0.2 -0.30224 2.6385 -0.01139 -0.021399 2.6292 -0.023312 -0.15736 2.7586 -0.008626 -0.39148 2.6742 0.10052 0.071799 2.673 0.084315 -0.3845 2.6163 -0.18341 0.045636 2.6063 -0.19656 -0.37581 2.6373 -0.24778 0.035255 2.602 -0.2639 -0.30466 2.6733 -0.58528 -0.048413 2.6994 -0.59024 -0.34597 2.7769 -0.99747 -0.055713 2.7327 -1.0159 -0.36061 2.6139 -1.037 -0.058601 2.5648 -1.029 -0.14184 2.5571 0.65836
-0.32451 2.6851 0.36452 0.032802 2.6677 0.35086 -0.14871 2.5819 0.40339 -0.14707 2.7733 0.20223 -0.30096 2.6469 -0.010081 -0.020362 2.6323 -0.022471 -0.15373 2.764 -0.005671 -0.38827 2.6702 0.10422 0.07671 2.6757 0.0862 -0.38265 2.6238 -0.18183 0.051079 2.6094 -0.1948 -0.35913 2.6086 -0.24411 0.043899 2.6153 -0.26244 -0.30902 2.6701 -0.58329 -0.048479 2.6993 -0.5901 -0.35014 2.7773 -0.99458 -0.057395 2.7339 -1.0156 -0.37016 2.615 -1.0348 -0.063062 2.5662 -1.0291 -0.13924 2.5564 0.65908
-0.31623 2.6863 0.36923 0.04078 2.6699 0.34819 -0.13948 2.5829 0.40281 -0.14222 2.7778 0.20502 -0.29462 2.6504 -0.007977 -0.014291 2.6391 -0.027733 -0.14841 2.7688 -0.003013 -0.38287 2.6877 0.10924 0.081932 2.6733 0.08299 -0.38462 2.6354 -0.17585 0.054566 2.6121 -0.19901 -0.40777 2.6314 -0.23996 0.042747 2.5945 -0.26391 -0.31428 2.6674 -0.58108 -0.046634 2.7005 -0.59336 -0.35903 2.7678 -0.99369 -0.055918 2.743 -1.0181 -0.37874 2.6049 -1.0312 -0.058871 2.5755 -1.0348 -0.11701 2.5559 0.65873
-0.3108 2.6952 0.37006 0.045955 2.6686 0.35651 -0.13774 2.5874 0.40854 -0.13104 2.7796 0.20829 -0.29041 2.6665 -0.004131 -0.011646 2.634 -0.022517 -0.13568 2.7735 0.00141 -0.37394 2.691 0.10923 0.09074 2.674 0.091928 -0.37639 2.6351 -0.17518 0.058103 2.6176 -0.19052 -0.40545 2.6412 -0.23666 0.049557 2.6106 -0.25789 -0.31995 2.6656 -0.57388 -0.044652 2.6999 -0.58932 -0.36038 2.7523 -0.99002 -0.056282 2.7412 -1.0142 -0.39438 2.5902 -1.0205 -0.072229 2.5743 -1.03 -0.11424 2.5646 0.66453
-0.30505 2.6924 0.37102 0.051311 2.6651 0.35042 -0.13192 2.5821 0.40142 -0.1275 2.7838 0.21063 -0.28906 2.6689 -0.003414 -0.010282 2.6381 -0.024326 -0.1349 2.7767 0.001411 -0.37382 2.6923 0.11158 0.090545 2.6689 0.084928 -0.37934 2.646 -0.1745 0.055942 2.6148 -0.19771 -0.4027 2.6398 -0.23835 0.049314 2.6147 -0.26566 -0.32096 2.6753 -0.57363 -0.045013 2.6941 -0.59094 -0.3609 2.7691 -0.98828 -0.055836 2.7612 -1.0125 -0.39447 2.6075 -1.0216 -0.067761 2.5953 -1.0386 -0.11454 2.5611 0.66384
-0.30584 2.6966 0.37456 0.050148 2.6653 0.35327 -0.13386 2.5846 0.40513 -0.12768 2.7853 0.2133 -0.28748 2.6694 -0.002754 -0.008229 2.6419 -0.021871 -0.13459 2.7789 0.004548 -0.37321 2.702 0.11481 0.08975 2.6645 0.087808 -0.38045 2.6557 -0.17122 0.068858 2.5878 -0.19092 -0.36837 2.6523 -0.23833 0.06266 2.5648 -0.25491 -0.31629 2.692 -0.57274 -0.054806 2.7004 -0.59024 -0.35485 2.7803 -0.98871 -0.05214 2.7416 -1.0152 -0.38469 2.6177 -1.0205 -0.067118 2.5747 -1.0315 -0.11721 2.5657 0.66806
-0.30854 2.7042 0.37271 0.047023 2.6667 0.3544 -0.13864 2.5899 0.40623 -0.12785 2.7874 0.21132 -0.28047 2.6736 -0.005295 -0.001302 2.6451 -0.024126 -0.12714 2.7825 0.002979 -0.37092 2.7094 0.11171 0.095158 2.6537 0.090674 -0.38535 2.6654 -0.17442 0.097166 2.5367 -0.1745 -0.3905 2.6822 -0.2404 0.069763 2.52 -0.23476 -0.31494 2.7068 -0.5732 -0.053881 2.7 -0.59335 -0.34199 2.7876 -0.9916 -0.054532 2.7438 -1.0181 -0.37379 2.6249 -1.021 -0.069857 2.5771 -1.0353 -0.11601 2.5685 0.66628
-0.31308 2.712 0.37394 0.04145 2.6657 0.35576 -0.14582 2.5946 0.40981 -0.13093 2.787 0.21021 -0.27279 2.6737 -0.009664 0.00519 2.6409 -0.037091 -0.11751 2.7799 -0.004883 -0.37031 2.7128 0.11171 0.10948 2.6291 0.09872 -0.38671 2.6718 -0.17476 0.12192 2.4718 -0.14444 -0.36585 2.667 -0.2396 0.092789 2.466 -0.20591 -0.31434 2.721 -0.57807 -0.060635 2.6951 -0.60412 -0.34365 2.7893 -0.99856 -0.056529 2.7412 -1.0286 -0.37572 2.6258 -1.0229 -0.075361 2.5748 -1.0468 -0.12732 2.5725 0.66757
-0.32153 2.7255 0.36221 0.031669 2.6681 0.37349 -0.16152 2.6034 0.4127 -0.12438 2.7929 0.21324 -0.27373 2.6905 0.004289 0.002413 2.6471 -0.026817 -0.11496 2.7915 0.001407 -0.37333 2.7175 0.098972 0.11909 2.575 0.13745 -0.39251 2.6913 -0.18905 0.1683 2.3467 -0.034228 -0.37088 2.6881 -0.25373 0.15826 2.3084 -0.08987 -0.31749 2.7256 -0.56634 -0.064851 2.697 -0.59357 -0.34614 2.788 -0.98779 -0.056102 2.7451 -1.0178 -0.3841 2.6253 -1.0093 -0.081427 2.5797 -1.037 -0.14117 2.5691 0.66509
-0.32758 2.7355 0.362 0.023793 2.6675 0.37114 -0.17114 2.6078 0.40969 -0.12887 2.7999 0.21376 -0.27814 2.699 0.005174 -0.002973 2.6477 -0.022291 -0.11675 2.7958 0.001388 -0.38469 2.737 0.099748 0.1211 2.5127 0.17469 -0.39447 2.6994 -0.18748 0.21459 2.2573 0.074374 -0.38601 2.6807 -0.25259 0.20271 2.1955 0.047795 -0.31799 2.7314 -0.56536 -0.065728 2.6952 -0.59059 -0.34799 2.788 -0.98752 -0.061844 2.7417 -1.015 -0.3891 2.6258 -1.0064 -0.091378 2.577 -1.0334 -0.14844 2.5756 0.66547
-0.32694 2.7454 0.36579 0.021437 2.6631 0.37002 -0.1753 2.6111 0.4105 -0.12757 2.803 0.21561 -0.28733 2.7094 0.006414 -0.014344 2.6467 -0.018905 -0.12236 2.7997 -0.000892 -0.38075 2.7397 0.10384 0.11452 2.4654 0.21579 -0.39998 2.7097 -0.18282 0.23817 2.2057 0.18891 -0.38132 2.6939 -0.24657 0.25769 2.1575 0.23314 -0.32028 2.7343 -0.56574 -0.07005 2.6969 -0.58773 -0.3514 2.795 -0.98726 -0.060065 2.745 -1.0119 -0.39799 2.6344 -1.0069 -0.096684 2.5818 -1.0313 -0.1582 2.5781 0.66645
-0.32151 2.7479 0.37052 0.020046 2.6408 0.36354 -0.17959 2.5999 0.40254 -0.11973 2.8027 0.22257 -0.28894 2.721 0.007476 -0.021256 2.6408 -0.024435 -0.11889 2.8006 -0.005557 -0.38432 2.7523 0.11114 0.083567 2.3847 0.32374 -0.4094 2.7295 -0.17511 0.23789 2.1475 0.37882 -0.38383 2.7063 -0.23404 0.28326 2.1007 0.39908 -0.32195 2.7387 -0.56773 -0.07119 2.7033 -0.58985 -0.34885 2.7973 -0.98983 -0.061108 2.7422 -1.015 -0.40537 2.6397 -1.0081 -0.10973 2.5818 -1.0308 -0.16921 2.5783 0.67188
-0.32633 2.7607 0.37215 0.00793 2.6325 0.37105 -0.1943 2.6048 0.40829 -0.11989 2.8003 0.22578 -0.29125 2.7286 0.012364 -0.029101 2.6323 -0.020789 -0.11677 2.7978 -0.001901 -0.38857 2.7662 0.11297 0.051848 2.37 0.35599 -0.40883 2.7281 -0.17169 0.14977 2.1253 0.47193 -0.3919 2.727 -0.23782 0.18204 2.0789 0.51024 -0.31958 2.7315 -0.56531 -0.065132 2.7061 -0.58382 -0.33898 2.7877 -0.98816 -0.062872 2.7399 -1.0095 -0.4048 2.6337 -1.0056 -0.12129 2.5825 -1.0223 -0.17016 2.5911 0.6777
-0.32974 2.7696 0.36511 -0.000803 2.6293 0.38178 -0.20517 2.6105 0.41234 -0.11672 2.7957 0.22527 -0.28301 2.7288 0.017123 -0.024874 2.6243 -0.022169 -0.10658 2.7923 0.000784 -0.38511 2.7559 0.10798 0.011455 2.3662 0.38237 -0.4112 2.7347 -0.17446 -0.041543 2.1428 0.5502 -0.37955 2.7057 -0.22757 -0.057657 2.1079 0.60667 -0.31797 2.727 -0.56142 -0.062805 2.7076 -0.58264 -0.35481 2.7959 -0.98122 -0.063084 2.7409 -1.0083 -0.42443 2.6437 -1.0001 -0.12741 2.5857 -1.0204 -0.16017 2.573 0.67263
-0.30487 2.7655 0.39962 0.021989 2.6283 0.37687 -0.17528 2.606 0.42827 -0.10812 2.7974 0.23875 -0.29162 2.7278 0.028261 -0.030226 2.6299 -0.006206 -0.11705 2.796 0.010961 -0.38614 2.7572 0.14945 0.002907 2.367 0.4019 -0.40576 2.7254 -0.13228 -0.11648 2.1596 0.55521 -0.40436 2.7268 -0.20053 -0.16148 2.1458 0.60466 -0.31776 2.7269 -0.55071 -0.067016 2.7029 -0.56865 -0.35443 2.7901 -0.97142 -0.059018 2.7392 -0.99403 -0.41896 2.6355 -0.989 -0.11886 2.5824 -1.0085 -0.15843 2.5817 0.68624
-0.25903 2.7872 0.4414 0.028594 2.597 0.3748 -0.15808 2.6062 0.4505 -0.08164 2.7897 0.25663 -0.27057 2.7543 0.048113 -0.043314 2.595 0.002593 -0.086144 2.7776 0.018566 -0.37887 2.7548 0.20987 -0.007111 2.3413 0.42302 -0.39534 2.7209 -0.071308 -0.096843 2.1287 0.58812 -0.40881 2.73 -0.13762 -0.14192 2.111 0.63625 -0.31456 2.7363 -0.53303 -0.071575 2.6922 -0.55434 -0.35166 2.7874 -0.95533 -0.069279 2.7467 -0.97785 -0.45102 2.6517 -0.96304 -0.16683 2.6106 -0.99587 -0.15672 2.5946 0.68751
-0.31332 2.7989 0.37798 -0.020305 2.5996 0.40498 -0.22287 2.6199 0.43109 -0.096475 2.7802 0.24293 -0.27134 2.74 0.03116 -0.037753 2.5873 -0.004001 -0.086574 2.7686 0.00951 -0.36841 2.7453 0.12957 0.004303 2.3436 0.44313 -0.40492 2.7384 -0.14879 0.012131 2.1207 0.61385 -0.39657 2.7228 -0.21474 -0.001414 2.084 0.66977 -0.31417 2.7547 -0.54345 -0.082992 2.6899 -0.56676 -0.34889 2.797 -0.96693 -0.075841 2.7449 -0.99013 -0.44544 2.6592 -0.97277 -0.16916 2.6061 -1.0097 -0.15779 2.6018 0.69139
-0.32119 2.7959 0.36594 -0.028348 2.5977 0.40311 -0.23171 2.6178 0.42361 -0.10081 2.7762 0.23687 -0.27097 2.7369 0.022243 -0.03637 2.5853 -0.010581 -0.085974 2.7663 0.003846 -0.36367 2.7491 0.11532 0.015143 2.3469 0.44776 -0.4066 2.7564 -0.1604 0.076362 2.1327 0.61593 -0.38336 2.7271 -0.21753 0.084722 2.0928 0.67074 -0.31279 2.7641 -0.54993 -0.088775 2.688 -0.57515 -0.33702 2.7918 -0.97535 -0.075901 2.744 -0.99826 -0.43463 2.6546 -0.9787 -0.16845 2.6049 -1.0195 -0.15947 2.6106 0.68575
-0.32628 2.803 0.36894 -0.041583 2.5945 0.40128 -0.2432 2.6204 0.42213 -0.10644 2.7789 0.2397 -0.27019 2.7394 0.017666 -0.040916 2.5793 -0.011967 -0.084114 2.762 0.000533 -0.3676 2.7552 0.11977 0.0103 2.3479 0.45203 -0.39994 2.7658 -0.15575 0.094009 2.1367 0.61158 -0.41082 2.772 -0.22286 0.13025 2.1 0.65636 -0.31408 2.7622 -0.55344 -0.088664 2.6876 -0.5771 -0.33655 2.7853 -0.97922 -0.071437 2.7459 -0.99976 -0.43971 2.6523 -0.98101 -0.16885 2.6104 -1.0224 -0.17545 2.6068 0.6846
-0.33682 2.8046 0.34681 -0.045602 2.6068 0.39946 -0.25003 2.6271 0.41018 -0.11063 2.784 0.22838 -0.27514 2.7306 0.009949 -0.039526 2.58 -0.020258 -0.090052 2.7608 -0.006166 -0.38407 2.776 0.097653 -0.005734 2.3593 0.44703 -0.41492 2.7978 -0.17534 0.036714 2.1429 0.61232 -0.41794 2.8002 -0.24351 0.049611 2.0995 0.66347 -0.3262 2.7389 -0.56129 -0.077319 2.6924 -0.58331 -0.34722 2.7858 -0.98518 -0.070867 2.7444 -1.0071 -0.44639 2.6501 -0.99529 -0.16283 2.6046 -1.0256 -0.17235 2.5942 0.67517
-0.3417 2.8052 0.3529 -0.044401 2.6141 0.39972 -0.24925 2.6306 0.41637 -0.11885 2.7873 0.22788 -0.27886 2.7273 0.008958 -0.040778 2.5802 -0.019039 -0.094008 2.7602 -0.004292 -0.38273 2.7759 0.10384 -0.014364 2.3651 0.44059 -0.4422 2.7858 -0.16388 -0.022469 2.1526 0.61406 -0.38722 2.8145 -0.19246 -0.023297 2.1103 0.66759 -0.32623 2.7225 -0.56328 -0.068695 2.6956 -0.58138 -0.34817 2.7936 -0.98375 -0.07006 2.7434 -1.0057 -0.44543 2.6573 -1.0017 -0.15947 2.6016 -1.0214 -0.15846 2.5815 0.67121
-0.34877 2.7904 0.34363 -0.03839 2.6199 0.39203 -0.24474 2.6226 0.40759 -0.12463 2.788 0.21965 -0.28674 2.7228 0.00818 -0.038861 2.5922 -0.016287 -0.10446 2.7682 -0.003834 -0.39183 2.7763 0.094592 -0.010728 2.3711 0.42892 -0.42142 2.7825 -0.17708 -0.057589 2.1669 0.60453 -0.39546 2.7447 -0.22761 -0.075168 2.1235 0.65428 -0.317 2.7183 -0.56664 -0.062501 2.6995 -0.57911 -0.35022 2.7833 -0.98735 -0.071507 2.7397 -1.0041 -0.43465 2.6385 -1.0031 -0.15012 2.5914 -1.0165 -0.16181 2.5611 0.65413
-0.34291 2.7888 0.33707 -0.038018 2.6124 0.38625 -0.24291 2.6184 0.40039 -0.11784 2.7828 0.21492 -0.27912 2.7182 -0.000259 -0.033847 2.5833 -0.027307 -0.096094 2.7603 -0.012756 -0.39132 2.7479 0.093345 -0.003194 2.3679 0.43552 -0.41189 2.7447 -0.1778 -0.057573 2.1637 0.60666 -0.40867 2.754 -0.24536 -0.087613 2.1224 0.65203 -0.31536 2.7177 -0.5744 -0.065351 2.6977 -0.58969 -0.35056 2.7965 -0.99257 -0.070332 2.7358 -1.015 -0.43838 2.6542 -1.012 -0.15266 2.5894 -1.0271 -0.1506 2.5632 0.65131
-0.33671 2.7892 0.33693 -0.037487 2.6052 0.38351 -0.24131 2.6144 0.39524 -0.11009 2.7828 0.21771 -0.27605 2.7197 -0.003151 -0.033322 2.5801 -0.029332 -0.092226 2.7583 -0.015259 -0.39247 2.7544 0.094637 -0.000483 2.3639 0.44246 -0.41021 2.7192 -0.17361 -0.022196 2.1544 0.6131 -0.41645 2.7406 -0.23816 -0.043271 2.1093 0.65984 -0.3187 2.7235 -0.57508 -0.063209 2.6968 -0.59184 -0.35168 2.7957 -0.99464 -0.075227 2.7431 -1.0162 -0.44311 2.6553 -1.0116 -0.15948 2.5979 -1.0296 -0.15707 2.567 0.65659
-0.33442 2.7847 0.33607 -0.033702 2.6024 0.38014 -0.23752 2.6103 0.3932 -0.10853 2.7801 0.21538 -0.27089 2.7178 -0.005067 -0.027418 2.58 -0.033896 -0.087483 2.7577 -0.019009 -0.3753 2.7411 0.092924 0.009734 2.3622 0.43583 -0.41181 2.7 -0.1718 0.032429 2.154 0.6069 -0.38708 2.694 -0.23516 0.027924 2.1038 0.65291 -0.31672 2.7261 -0.57685 -0.062283 2.6966 -0.59582 -0.35453 2.7992 -0.99584 -0.074582 2.7439 -1.02 -0.4447 2.658 -1.0124 -0.15813 2.5984 -1.0338 -0.15781 2.5748 0.66053
-0.31318 2.7736 0.35692 0.003695 2.6108 0.38102 -0.20068 2.608 0.41158 -0.098682 2.7778 0.21697 -0.26525 2.7157 0.001201 -0.014955 2.5902 -0.025181 -0.084176 2.7649 -0.013865 -0.36084 2.7259 0.11673 0.042063 2.3653 0.40294 -0.38206 2.6856 -0.14878 0.092874 2.1481 0.55398 -0.37287 2.6596 -0.21126 0.096732 2.0947 0.59647 -0.31228 2.7195 -0.56971 -0.063854 2.6897 -0.59059 -0.3424 2.7824 -0.99098 -0.071293 2.7387 -1.0147 -0.42662 2.6375 -1.0066 -0.14739 2.5893 -1.0306 -0.15878 2.5884 0.67619
-0.30368 2.7679 0.36098 0.020452 2.6169 0.37878 -0.18387 2.6068 0.41345 -0.092387 2.78 0.21668 -0.26135 2.7129 0.007399 -0.00712 2.597 -0.024805 -0.082715 2.7689 -0.012032 -0.35798 2.7312 0.12083 0.067764 2.3734 0.35776 -0.37423 2.6892 -0.14419 0.13444 2.1378 0.46866 -0.36672 2.6631 -0.20683 0.14587 2.0785 0.50059 -0.30594 2.7118 -0.56678 -0.056444 2.6922 -0.58775 -0.34828 2.7896 -0.9845 -0.06989 2.7402 -1.0118 -0.42548 2.6412 -1.0043 -0.14031 2.588 -1.0268 -0.15756 2.5962 0.67887
-0.29039 2.7645 0.35904 0.019148 2.5847 0.36395 -0.18629 2.5882 0.39282 -0.074373 2.7762 0.22188 -0.25567 2.7196 0.00433 -0.010932 2.5848 -0.027563 -0.073194 2.7619 -0.014139 -0.36189 2.7485 0.12164 0.10667 2.3655 0.28651 -0.36925 2.687 -0.13943 0.16047 2.1065 0.33146 -0.3702 2.6772 -0.20698 0.17549 2.04 0.33507 -0.30729 2.7052 -0.56896 -0.051025 2.6924 -0.58942 -0.3452 2.7753 -0.98845 -0.072674 2.7402 -1.0132 -0.43395 2.6331 -1.0042 -0.15389 2.5932 -1.0256 -0.15109 2.5929 0.67988
-0.29491 2.7559 0.36828 0.043423 2.639 0.36545 -0.15603 2.6087 0.41397 -0.096029 2.7872 0.20991 -0.26387 2.7047 0.004901 0.000493 2.6137 -0.025614 -0.091195 2.7775 -0.012598 -0.35498 2.7398 0.12609 0.11905 2.4658 0.20164 -0.37527 2.6953 -0.13949 0.19642 2.242 0.071947 -0.37742 2.6967 -0.20772 0.18778 2.1847 0.03586 -0.29916 2.6983 -0.57086 -0.045102 2.6948 -0.58926 -0.34566 2.7589 -0.99096 -0.071209 2.7357 -1.0135 -0.40669 2.6028 -1.0067 -0.12461 2.5765 -1.0256 -0.14376 2.5811 0.66833
-0.2908 2.7566 0.37284 0.048007 2.6411 0.3678 -0.15108 2.6098 0.41711 -0.092811 2.7895 0.21369 -0.25779 2.7097 0.006068 0.006636 2.6201 -0.02771 -0.085835 2.7835 -0.014459 -0.35099 2.7336 0.12763 0.12846 2.5249 0.15728 -0.3769 2.7104 -0.14395 0.17893 2.3589 -0.054521 -0.37713 2.7228 -0.21109 0.1611 2.3296 -0.11357 -0.29891 2.6956 -0.56978 -0.035801 2.6989 -0.58957 -0.3438 2.7686 -0.9881 -0.070041 2.7379 -1.0134 -0.40568 2.6133 -1.0085 -0.12141 2.5779 -1.024 -0.13705 2.5782 0.66959
-0.27653 2.7513 0.38063 0.063147 2.6405 0.35801 -0.13285 2.606 0.41672 -0.087044 2.7882 0.21229 -0.25231 2.7108 -0.004717 0.01159 2.625 -0.050509 -0.081806 2.7869 -0.028414 -0.34689 2.7326 0.13482 0.13355 2.5769 0.11984 -0.36696 2.7096 -0.14034 0.16332 2.4749 -0.13579 -0.37076 2.7154 -0.20826 0.13653 2.4707 -0.19845 -0.29963 2.6929 -0.58313 -0.029805 2.7069 -0.60712 -0.34386 2.7744 -0.99994 -0.069992 2.7415 -1.0308 -0.4042 2.619 -1.0239 -0.11891 2.5806 -1.0393 -0.12074 2.5686 0.66625
