0.72614 2.1065 0.23718 0.84883 1.885 0.15269 0.80525 1.9715 0.28446 0.75881 2.006 -0.051289 0.70995 2.0667 -0.16162 0.75968 1.975 -0.17746 0.74639 2.0158 -0.11803 0.69043 2.1935 -0.039073 0.86206 1.8215 -0.078122 0.68013 2.2362 -0.28747 0.82755 1.821 -0.29712 0.63748 2.2384 -0.35091 0.81719 1.8391 -0.3836 0.71066 2.1667 -0.56507 0.79697 1.9967 -0.53874 0.78385 2.1764 -0.8546 0.9466 2.1001 -0.85985 0.70948 2.1398 -0.89748 0.87182 2.0622 -0.90186 0.73694 1.972 0.46953
0.72611 2.1043 0.2375 0.83848 1.8768 0.15275 0.79783 1.9613 0.28479 0.7487 2.0032 -0.052069 0.7005 2.0684 -0.16061 0.74672 1.9735 -0.17849 0.73542 2.0146 -0.11884 0.69407 2.1866 -0.039217 0.84186 1.808 -0.069523 0.68663 2.2397 -0.30183 0.77136 1.803 -0.27555 0.65001 2.2509 -0.37052 0.75229 1.8225 -0.35663 0.68926 2.1633 -0.55689 0.78855 1.9872 -0.5229 0.75604 2.2113 -0.85034 0.87956 2.0454 -0.90742 0.67786 2.1802 -0.89175 0.78672 2 -0.9461 0.72702 1.9689 0.46764
0.72609 2.1024 0.23805 0.82092 1.8673 0.15112 0.78691 1.9504 0.28512 0.74081 2.0016 -0.051988 0.69495 2.0696 -0.15981 0.73716 1.9735 -0.17771 0.72801 2.0143 -0.11887 0.69681 2.1806 -0.0385 0.80241 1.7962 -0.062455 0.69032 2.2414 -0.30851 0.68816 1.7989 -0.26163 0.6562 2.2567 -0.37839 0.64659 1.8157 -0.33942 0.63919 2.1601 -0.54942 0.78446 1.9796 -0.51245 0.69932 2.2262 -0.82991 0.84775 2.02 -0.92953 0.61837 2.2012 -0.8696 0.76222 1.9875 -0.95876 0.71337 1.9635 0.46569
0.72584 2.1008 0.23852 0.80646 1.8609 0.14908 0.77662 1.9421 0.28488 0.73523 2.0007 -0.051484 0.69161 2.0703 -0.15903 0.73083 1.9742 -0.1764 0.72307 2.0142 -0.1185 0.69842 2.1759 -0.03776 0.75729 1.7935 -0.058513 0.69226 2.2421 -0.31291 0.59528 1.8085 -0.2676 0.6596 2.2601 -0.38278 0.53972 1.8243 -0.32605 0.61827 2.1583 -0.54667 0.78176 1.9756 -0.50612 0.6639 2.213 -0.8252 0.84181 2.0163 -0.92742 0.58364 2.1916 -0.86523 0.75867 1.9919 -0.95746 0.70213 1.9593 0.46394
0.72138 2.0973 0.24114 0.7874 1.8564 0.14485 0.75839 1.934 0.28314 0.72909 1.9999 -0.050945 0.68932 2.0706 -0.15874 0.72614 1.9747 -0.17487 0.71886 2.0142 -0.11811 0.69646 2.1708 -0.035137 0.69696 1.7974 -0.068151 0.68761 2.2405 -0.31376 0.49097 1.8261 -0.25349 0.66007 2.262 -0.38398 0.42893 1.8426 -0.29464 0.59378 2.1578 -0.53014 0.77924 1.9734 -0.5018 0.59933 2.1982 -0.80403 0.83769 2.0118 -0.92105 0.51865 2.1794 -0.84357 0.75436 1.9918 -0.95435 0.66934 1.9576 0.45402
0.70921 2.0947 0.2447 0.7717 1.8542 0.14135 0.73907 1.9288 0.28106 0.71383 2.0017 -0.048292 0.68225 2.0741 -0.15815 0.71531 1.9786 -0.16884 0.70643 2.0176 -0.11477 0.69011 2.1667 -0.031692 0.64637 1.8057 -0.080568 0.67596 2.2385 -0.31155 0.43654 1.842 -0.23816 0.65496 2.2627 -0.38132 0.37485 1.8616 -0.25901 0.58124 2.1581 -0.52251 0.775 1.9744 -0.49786 0.55357 2.1753 -0.79302 0.8404 2.0134 -0.90385 0.47327 2.1608 -0.83324 0.75728 1.9964 -0.94303 0.64702 1.9582 0.44843
0.67162 2.0935 0.24747 0.74106 1.8555 0.13672 0.70093 1.9307 0.24592 0.6887 2.0005 -0.05282 0.66976 2.0732 -0.16377 0.69348 1.9788 -0.16417 0.68636 2.0169 -0.11482 0.66469 2.163 -0.02661 0.5883 1.8167 -0.094267 0.64287 2.2356 -0.30529 0.3853 1.8522 -0.20802 0.62941 2.2614 -0.37235 0.32198 1.8741 -0.22852 0.57023 2.1591 -0.51598 0.74484 1.9958 -0.49538 0.49992 2.1552 -0.78968 0.84946 2.0175 -0.88087 0.41971 2.1402 -0.83032 0.77168 2.0032 -0.92417 0.60584 1.9626 0.43966
0.61996 2.0957 0.24299 0.697 1.8634 0.13184 0.64889 1.9356 0.25283 0.649 1.9985 -0.061871 0.63289 2.067 -0.17956 0.66021 1.977 -0.16756 0.64759 2.0138 -0.12423 0.61252 2.1626 -0.025866 0.53568 1.8271 -0.10443 0.58754 2.2344 -0.30164 0.3437 1.8596 -0.19812 0.57775 2.2602 -0.36451 0.28239 1.8812 -0.21785 0.54461 2.1607 -0.51909 0.70161 2.0183 -0.49993 0.44803 2.1513 -0.79399 0.85298 2.0209 -0.86415 0.36987 2.1336 -0.83593 0.77845 2.0069 -0.90968 0.56381 1.9665 0.43325
0.57394 2.1006 0.23691 0.66488 1.8709 0.12951 0.60805 1.9475 0.22906 0.61818 1.9977 -0.070359 0.6042 2.062 -0.18952 0.63413 1.9756 -0.17211 0.61911 2.0115 -0.13109 0.5699 2.1649 -0.027389 0.51345 1.8312 -0.10857 0.54551 2.2356 -0.30066 0.33073 1.862 -0.1963 0.53562 2.261 -0.36105 0.27399 1.8838 -0.22082 0.5182 2.1638 -0.52537 0.67862 2.0287 -0.50309 0.42243 2.1523 -0.79769 0.85339 2.0235 -0.85419 0.346 2.1325 -0.83969 0.78083 2.009 -0.90172 0.53796 1.9706 0.43187
0.54827 2.1036 0.23647 0.64094 1.8779 0.12793 0.57904 1.9556 0.2431 0.59667 1.9969 -0.075542 0.57677 2.056 -0.19945 0.61459 1.9741 -0.17668 0.59523 2.0093 -0.13866 0.54108 2.1672 -0.026328 0.49705 1.8341 -0.11249 0.51738 2.2369 -0.29787 0.31963 1.8649 -0.20389 0.50674 2.2619 -0.3567 0.26485 1.8862 -0.23451 0.49649 2.168 -0.52838 0.65218 2.038 -0.50744 0.41365 2.1561 -0.80123 0.85176 2.0253 -0.84601 0.33694 2.1347 -0.84323 0.78049 2.0101 -0.89404 0.51782 1.9755 0.43057
0.52368 2.1059 0.23571 0.62019 1.8856 0.12692 0.55226 1.9718 0.20402 0.55723 2.0133 -0.092821 0.54379 2.0638 -0.20853 0.57176 1.9962 -0.19057 0.55539 2.0254 -0.15164 0.51353 2.1692 -0.026062 0.48731 1.8362 -0.11508 0.49089 2.238 -0.29594 0.32299 1.8639 -0.22161 0.47913 2.2623 -0.35379 0.2678 1.8836 -0.25676 0.47609 2.1739 -0.53391 0.62982 2.0416 -0.51641 0.4018 2.159 -0.8048 0.84808 2.0272 -0.84131 0.32614 2.1356 -0.84672 0.77868 2.0108 -0.88979 0.49638 1.985 0.41745
0.49576 2.1075 0.23306 0.59576 1.8951 0.12777 0.52932 1.9756 0.23812 0.52313 2.0233 -0.093103 0.49189 2.0797 -0.20776 0.54641 2.005 -0.19532 0.52088 2.036 -0.15583 0.48464 2.1711 -0.027508 0.48661 1.838 -0.1138 0.46313 2.2388 -0.29573 0.33938 1.8598 -0.24827 0.45024 2.2624 -0.35308 0.29484 1.8734 -0.29956 0.46121 2.1776 -0.53507 0.61516 2.0394 -0.52023 0.39729 2.1631 -0.80651 0.83455 2.0318 -0.83842 0.32192 2.1377 -0.84851 0.76641 2.0124 -0.88748 0.47208 1.9934 0.42059
0.44068 2.1247 0.24317 0.54483 1.9095 0.13851 0.49013 1.9842 0.26834 0.46901 2.0343 -0.081777 0.43136 2.0947 -0.19972 0.49127 2.0126 -0.19183 0.46498 2.0473 -0.14993 0.42393 2.1879 -0.017517 0.48939 1.8407 -0.10699 0.4034 2.2542 -0.28314 0.38746 1.8474 -0.28551 0.38976 2.2766 -0.33995 0.3591 1.8564 -0.35801 0.40512 2.1959 -0.57841 0.56108 2.0335 -0.54444 0.40111 2.1769 -0.85029 0.76036 2.0378 -0.83886 0.34737 2.1623 -0.82663 0.68956 2.0127 -0.88351 0.42443 2.0079 0.43385
0.38949 2.1345 0.24806 0.48255 1.9237 0.15481 0.44068 1.9973 0.29813 0.39698 2.0425 -0.064577 0.35433 2.1008 -0.18424 0.41156 2.0179 -0.17881 0.38908 2.0543 -0.1363 0.36096 2.1995 -0.01079 0.48992 1.8434 -0.1023 0.3407 2.2648 -0.27393 0.4649 1.8335 -0.30974 0.32693 2.2862 -0.33029 0.46074 1.836 -0.39883 0.36277 2.1914 -0.59769 0.46816 2.0407 -0.59788 0.40011 2.1827 -0.86086 0.6308 2.0371 -0.84198 0.36181 2.1908 -0.87725 0.55779 2.0077 -0.88193 0.37025 2.0238 0.4496
0.31103 2.1666 0.25354 0.40667 1.9384 0.16765 0.37609 2.0157 0.32224 0.35532 2.045 -0.053662 0.32661 2.1006 -0.18049 0.371 2.0153 -0.16891 0.35147 2.0546 -0.12851 0.34666 2.0928 0.000852 0.48969 1.8519 -0.089765 0.26535 2.2698 -0.17199 0.53945 1.8278 -0.30627 0.24508 2.2978 -0.24761 0.56655 1.8259 -0.38695 0.37831 2.2043 -0.62488 0.30006 2.0686 -0.61588 0.27081 2.0868 -0.52509 0.49955 2.0491 -0.8308 0.29592 2.0801 -0.58093 0.44948 2.0959 -0.79221 0.29397 2.0469 0.46436
0.25677 2.201 0.25592 0.35897 1.9477 0.17528 0.33002 2.0254 0.33398 0.29955 2.0544 -0.038015 0.27071 2.1102 -0.17018 0.31418 2.0228 -0.14807 0.29529 2.0635 -0.11272 0.31036 2.072 0.008998 0.48842 1.8601 -0.073902 0.20119 2.2813 -0.11062 0.57873 1.8302 -0.28689 0.17354 2.3115 -0.1841 0.62751 1.8312 -0.35669 0.36311 2.2075 -0.63367 0.20471 2.0941 -0.60894 0.21059 2.0528 -0.45496 0.40202 2.1527 -0.76427 0.26479 2.0675 -0.5501 0.3729 2.1381 -0.79177 0.24757 2.0601 0.47668
0.21862 2.2265 0.25844 0.30992 1.9592 0.18293 0.28081 2.0382 0.34181 0.24362 2.0749 -0.037858 0.2136 2.1233 -0.16833 0.25799 2.0523 -0.13985 0.2379 2.0852 -0.1145 0.28205 2.0607 0.016347 0.47593 1.8676 -0.060707 0.12784 2.2968 -0.0522 0.58917 1.8406 -0.26167 0.051521 2.3819 -0.13862 0.64983 1.8497 -0.31984 0.34946 2.2139 -0.63493 0.33668 2.1848 -0.49296 0.16174 2.0973 -0.75092 0.3523 2.1881 -0.80841 0.10997 2.0721 -0.75261 0.31789 2.1764 -0.85862 0.19631 2.0739 0.48368
0.19294 2.241 0.25863 0.28474 1.9656 0.18692 0.25181 2.0444 0.34225 0.22003 2.0824 -0.037209 0.19002 2.1282 -0.16688 0.2345 2.0634 -0.1365 0.21412 2.0931 -0.1144 0.25184 2.0664 0.022087 0.45939 1.8813 -0.048274 0.088239 2.3071 -0.034044 0.60281 1.8592 -0.27609 -0.033527 2.4344 -0.11916 0.66923 1.8572 -0.30597 0.3412 2.2179 -0.63298 0.29068 2.2138 -0.48726 0.11553 2.1252 -0.77647 0.35458 2.2018 -0.82067 0.10726 2.1239 -0.85314 0.28099 2.186 -0.86031 0.16475 2.0807 0.48312
0.15968 2.2547 0.256 0.24337 1.9777 0.1847 0.20675 2.0531 0.33288 0.18943 2.0913 -0.048002 0.16121 2.1336 -0.17216 0.20789 2.0751 -0.14574 0.18538 2.1019 -0.12508 0.20018 2.0887 0.019042 0.42275 1.8997 -0.03837 0.024133 2.3221 -0.019925 0.54161 1.886 -0.29125 -0.045913 2.3751 -0.088764 0.60365 1.8918 -0.2943 0.32784 2.2228 -0.62179 0.31546 2.2336 -0.46306 0.014727 2.1591 -0.80665 0.35451 2.2089 -0.82536 -0.040857 2.1416 -0.8658 0.27799 2.1879 -0.86798 0.13114 2.0881 0.48451
0.094313 2.2686 0.24793 0.18472 1.9967 0.1829 0.14377 2.063 0.32053 0.12456 2.1034 -0.071653 0.092349 2.1254 -0.18146 0.14771 2.1075 -0.17566 0.12082 2.1143 -0.15047 0.12764 2.1176 0.015628 0.33552 1.9224 -0.047287 -0.033973 2.3445 -0.032884 0.40112 1.8999 -0.27803 -0.13841 2.4483 -0.099487 0.45808 1.9093 -0.32067 0.28491 2.1481 -0.6168 0.31376 2.2482 -0.52461 -0.030714 2.2114 -0.84082 0.34111 2.2185 -0.82689 -0.10762 2.1868 -0.88054 0.26304 2.1911 -0.87016 0.092119 2.0954 0.48107
0.032249 2.2809 0.20972 0.11994 2.0174 0.18023 0.087561 2.0745 0.27844 0.066743 2.1033 -0.094432 0.040675 2.1095 -0.18613 0.085652 2.1168 -0.1959 0.063791 2.1119 -0.16946 0.041715 2.1479 0.012987 0.20194 1.945 -0.049276 -0.085766 2.3664 -0.070273 0.25839 1.9197 -0.29371 -0.13379 2.4038 -0.12371 0.29857 1.9253 -0.35404 0.021609 2.166 -0.55283 0.25023 2.2614 -0.56064 -0.095322 2.2588 -0.88299 0.3265 2.2282 -0.83038 -0.18074 2.2331 -0.91457 0.23711 2.2029 -0.87581 0.030461 2.113 0.46995
-0.01346 2.2874 0.2125 0.08756 2.029 0.18026 0.034838 2.0828 0.28524 0.019542 2.108 -0.082881 -0.007503 2.1125 -0.17366 0.045136 2.1211 -0.18787 0.017215 2.116 -0.15664 -0.023185 2.1657 0.029229 0.091835 1.9659 -0.056392 -0.10681 2.3733 -0.08709 0.13405 1.9368 -0.31273 -0.15634 2.4695 -0.18937 0.14781 1.946 -0.37586 -0.064083 2.1621 -0.53723 0.20779 2.2626 -0.59023 -0.11755 2.2793 -0.88721 0.32937 2.2106 -0.82709 -0.19985 2.247 -0.92035 0.31631 2.2126 -0.88763 -0.012416 2.1217 0.468
-0.074908 2.2948 0.22811 0.031435 2.0413 0.18222 -0.024938 2.0924 0.30227 -0.041091 2.1317 -0.035664 -0.067326 2.131 -0.11598 -0.020476 2.1591 -0.14357 -0.043373 2.1429 -0.1019 -0.054062 2.068 0.13269 -0.026222 1.9918 -0.073922 -0.014441 2.041 -0.095742 -0.049315 1.9834 -0.30314 -0.016101 2.039 -0.16348 -0.055136 1.9882 -0.37226 -0.065641 2.2171 -0.53364 0.10522 2.2784 -0.4883 -0.13246 2.2837 -0.88341 0.2673 2.2364 -0.80375 -0.21484 2.2526 -0.91836 0.197 2.2274 -0.8457 -0.077963 2.1251 0.47176
-0.15705 2.3074 0.24552 -0.069249 2.0609 0.1964 -0.10771 2.1089 0.32077 -0.077502 2.1463 0.003263 -0.080664 2.1774 -0.087156 -0.031397 2.1444 -0.10755 -0.070217 2.1562 -0.059593 -0.11578 2.0143 0.19093 -0.21659 2.0158 -0.048466 -0.038044 1.9208 -0.11271 -0.3403 2.0457 -0.23848 -0.033246 1.9179 -0.16634 -0.3696 2.0612 -0.30537 -0.075934 2.3329 -0.53507 -0.1098 2.2726 -0.4996 -0.15265 2.2934 -0.89655 0.12021 2.3031 -0.79071 -0.19046 2.3015 -0.95239 0.14647 2.2789 -0.86633 -0.15346 2.123 0.48877
-0.18051 2.3111 0.25538 -0.093797 2.068 0.20135 -0.12871 2.1132 0.33222 -0.11955 2.1552 0.032444 -0.12957 2.2103 -0.068373 -0.089474 2.1359 -0.086208 -0.11532 2.1658 -0.02893 -0.13096 2.0044 0.20729 -0.26236 2.0235 -0.017171 -0.052239 1.9149 -0.096952 -0.38627 2.0573 -0.18623 -0.047924 1.9127 -0.15051 -0.43697 2.0804 -0.24976 -0.18021 2.3778 -0.51409 -0.18932 2.2315 -0.52818 -0.15138 2.2899 -0.89312 0.054644 2.3159 -0.79781 -0.15939 2.3138 -0.95716 0.028034 2.2897 -0.85423 -0.17271 2.1227 0.49468
-0.20976 2.3177 0.26671 -0.13008 2.0804 0.20821 -0.15859 2.1215 0.34486 -0.15339 2.1622 0.053282 -0.17574 2.237 -0.041215 -0.12678 2.1251 -0.075139 -0.15256 2.1731 -0.005345 -0.15372 2.0061 0.21907 -0.34006 2.0451 0.013065 -0.097092 1.9273 -0.080255 -0.49474 2.0831 -0.10514 -0.094912 1.9261 -0.13552 -0.56333 2.1123 -0.14441 -0.20544 2.4104 -0.43956 -0.20947 2.2169 -0.53759 -0.11574 2.3349 -0.79998 0.029493 2.3234 -0.79804 -0.15748 2.335 -0.87033 -0.044216 2.308 -0.85477 -0.18842 2.1233 0.50174
-0.28698 2.3108 0.29596 -0.1502 2.089 0.21239 -0.18867 2.1311 0.35262 -0.20058 2.177 0.071572 -0.23304 2.2644 -0.034819 -0.17403 2.1306 -0.069174 -0.20183 2.1885 0.015009 -0.22817 2.0087 0.23679 -0.36294 2.0512 0.029858 -0.17853 1.9362 -0.050924 -0.5333 2.0955 -0.052689 -0.17349 1.9215 -0.10821 -0.60643 2.1269 -0.079628 -0.29123 2.4226 -0.46153 -0.21417 2.2129 -0.54326 -0.087894 2.3426 -0.77426 -0.10481 2.3027 -0.85244 -0.098863 2.3647 -0.85788 -0.18246 2.2709 -0.8998 -0.22995 2.1304 0.50965
-0.3605 2.2999 0.30572 -0.18855 2.1054 0.21531 -0.23292 2.147 0.35907 -0.25161 2.192 0.082319 -0.29579 2.287 -0.029909 -0.22287 2.1424 -0.065693 -0.25486 2.2036 0.026935 -0.1592 2.2933 0.14327 -0.40559 2.0636 0.047922 -0.091564 2.2657 -0.10769 -0.60351 2.1252 0.006952 -0.092476 2.2625 -0.16841 -0.67939 2.1606 -0.000316 -0.34804 2.4374 -0.46647 -0.23052 2.2122 -0.53998 -0.28246 2.4697 -0.89789 -0.16765 2.2901 -0.87876 -0.34653 2.5365 -0.93978 -0.19261 2.2889 -0.94318 -0.27664 2.1384 0.51373
-0.40558 2.2898 0.30559 -0.21242 2.1188 0.21921 -0.26336 2.1595 0.36222 -0.27614 2.1996 0.085998 -0.32143 2.2935 -0.028661 -0.2458 2.1496 -0.063364 -0.27935 2.2109 0.030978 -0.19222 2.3318 0.14297 -0.43727 2.0758 0.060089 -0.10594 2.3426 -0.11176 -0.62276 2.1347 0.021699 -0.10903 2.3391 -0.17218 -0.69616 2.1712 0.013543 -0.37332 2.4376 -0.47454 -0.24985 2.2212 -0.54136 -0.35571 2.5201 -0.88243 -0.16926 2.2853 -0.88978 -0.43158 2.5696 -0.93802 -0.19659 2.2921 -0.9605 -0.31086 2.1479 0.51541
-0.45502 2.2852 0.28485 -0.24925 2.1453 0.21837 -0.31228 2.1868 0.35701 -0.30895 2.2144 0.07318 -0.35088 2.2954 -0.036703 -0.26668 2.1646 -0.067147 -0.30882 2.2233 0.017554 -0.21447 2.384 0.10883 -0.45616 2.086 0.060804 -0.11593 2.431 -0.13624 -0.64753 2.1475 0.034651 -0.12103 2.4316 -0.19817 -0.71957 2.1897 0.034147 -0.41433 2.4458 -0.48652 -0.26103 2.2512 -0.54251 -0.49968 2.5739 -0.90082 -0.17048 2.2856 -0.89353 -0.586 2.6215 -0.93575 -0.18952 2.2946 -0.96919 -0.36218 2.1713 0.51226
-0.5036 2.284 0.25727 -0.29346 2.1779 0.21654 -0.36889 2.2177 0.34701 -0.35056 2.2364 0.045508 -0.39202 2.2871 -0.059564 -0.30018 2.2094 -0.085662 -0.34794 2.2436 -0.014662 -0.43382 2.3173 -0.008207 -0.46758 2.0965 0.055378 -0.4024 2.3068 -0.27289 -0.65138 2.1602 0.021632 -0.40674 2.3057 -0.33476 -0.72149 2.2037 0.022742 -0.45726 2.4509 -0.50867 -0.27503 2.2726 -0.54546 -0.55555 2.5685 -0.91217 -0.17932 2.2878 -0.89436 -0.63501 2.6235 -0.94434 -0.20601 2.2516 -0.95363 -0.40337 2.1978 0.50968
-0.55227 2.2866 0.21745 -0.34032 2.2056 0.21852 -0.42374 2.2508 0.34142 -0.40064 2.2638 0.010057 -0.44792 2.2944 -0.10016 -0.3433 2.2507 -0.11457 -0.39726 2.2699 -0.05674 -0.52456 2.3244 -0.07511 -0.47092 2.1096 0.046355 -0.48801 2.3248 -0.33473 -0.62528 2.1688 -0.044897 -0.49288 2.3226 -0.39662 -0.66844 2.1981 -0.066522 -0.51522 2.4689 -0.54692 -0.33546 2.2998 -0.5522 -0.57035 2.5627 -0.9139 -0.1906 2.2928 -0.89435 -0.64726 2.6174 -0.95052 -0.21333 2.239 -0.94356 -0.4493 2.2268 0.50858
-0.57054 2.2905 0.2136 -0.3684 2.2227 0.22216 -0.45211 2.2671 0.34019 -0.43605 2.2798 -0.00547 -0.47746 2.2963 -0.11404 -0.38936 2.2804 -0.12355 -0.43359 2.2854 -0.075607 -0.58159 2.2892 -0.08233 -0.46864 2.1229 0.03961 -0.55717 2.2809 -0.34389 -0.60758 2.1753 -0.083368 -0.56028 2.2796 -0.4048 -0.65462 2.2059 -0.12173 -0.55815 2.4767 -0.55948 -0.39087 2.3147 -0.54854 -0.57885 2.5602 -0.91752 -0.21101 2.3031 -0.88195 -0.65457 2.617 -0.95505 -0.243 2.2311 -0.92342 -0.48113 2.2459 0.51018
-0.59804 2.3046 0.2227 -0.4042 2.2404 0.23426 -0.49007 2.2879 0.35103 -0.486 2.308 0.012576 -0.5239 2.3094 -0.078487 -0.44795 2.3259 -0.10594 -0.48567 2.3151 -0.055681 -0.61334 2.2812 -0.076166 -0.46099 2.1489 0.036917 -0.58831 2.2725 -0.3377 -0.56809 2.1777 -0.17219 -0.5917 2.2709 -0.39853 -0.5976 2.1969 -0.24408 -0.55476 2.3404 -0.46874 -0.46829 2.3251 -0.54549 -0.55959 2.4681 -0.77295 -0.28251 2.3164 -0.84265 -0.59599 2.4098 -0.81244 -0.31895 2.2363 -0.88318 -0.52376 2.2681 0.51532
-0.62245 2.3212 0.25249 -0.42442 2.2514 0.24122 -0.50961 2.2991 0.3572 -0.53117 2.3327 0.036181 -0.57585 2.3266 -0.043307 -0.4975 2.3612 -0.089174 -0.53489 2.3418 -0.02932 -0.64275 2.2778 -0.049438 -0.45756 2.168 0.040194 -0.6168 2.2691 -0.31153 -0.52479 2.1748 -0.22156 -0.62025 2.2671 -0.37232 -0.53359 2.1797 -0.31062 -0.56887 2.2771 -0.40403 -0.50103 2.3326 -0.54524 -0.57571 2.4387 -0.72346 -0.3305 2.3297 -0.82514 -0.61126 2.3697 -0.77042 -0.3383 2.3131 -0.90413 -0.54712 2.2816 0.52147
-0.65385 2.345 0.28189 -0.45489 2.2645 0.25278 -0.54024 2.3115 0.36673 -0.57353 2.3427 0.058724 -0.624 2.331 -0.010156 -0.53673 2.3734 -0.07487 -0.57886 2.3511 -0.003996 -0.66875 2.2875 -0.018922 -0.45714 2.1833 0.044835 -0.51327 2.2027 -0.20165 -0.44723 2.1671 -0.23983 -0.4906 2.1959 -0.25709 -0.43594 2.1535 -0.32333 -0.57282 2.2409 -0.36772 -0.60023 2.3666 -0.54489 -0.55806 2.4 -0.67302 -0.42112 2.3724 -0.84905 -0.58506 2.3199 -0.73095 -0.46808 2.388 -0.93793 -0.57714 2.2963 0.52993
-0.67059 2.3576 0.29429 -0.48381 2.2756 0.26225 -0.56006 2.319 0.37315 -0.59505 2.346 0.067751 -0.64655 2.3316 0.002559 -0.55906 2.3717 -0.067676 -0.60155 2.3533 0.006293 -0.62096 2.279 0.056223 -0.45737 2.1916 0.047058 -0.46791 2.1857 -0.1523 -0.41232 2.16 -0.23032 -0.43523 2.1705 -0.22227 -0.37304 2.1531 -0.30319 -0.56119 2.4413 -0.44315 -0.67601 2.3844 -0.54338 -0.57279 2.4501 -0.76713 -0.51505 2.4076 -0.87644 -0.6121 2.398 -0.85314 -0.57526 2.4387 -0.96015 -0.6076 2.3085 0.5387
-0.70343 2.3827 0.29722 -0.52373 2.2832 0.26885 -0.59766 2.3273 0.3806 -0.61894 2.3438 0.068991 -0.65242 2.3487 -0.048268 -0.58283 2.3458 -0.061332 -0.61918 2.3467 0.000199 -0.53136 2.2467 0.12043 -0.44779 2.2053 0.02907 -0.38593 2.1763 -0.092642 -0.34981 2.1525 -0.21397 -0.3378 2.1592 -0.16818 -0.30738 2.15 -0.28214 -0.58975 2.4744 -0.51585 -0.71497 2.4151 -0.53522 -0.5372 2.5217 -0.80986 -0.57465 2.5035 -0.79257 -0.60638 2.4783 -0.87561 -0.61869 2.5003 -0.83556 -0.65048 2.3264 0.54613
-0.72964 2.4026 0.29345 -0.54175 2.2843 0.26696 -0.61354 2.3305 0.38295 -0.64269 2.3507 0.057606 -0.69951 2.3867 -0.067189 -0.5958 2.3354 -0.065179 -0.64666 2.356 -0.011765 -0.52819 2.2501 0.13022 -0.43964 2.2089 0.019165 -0.38097 2.1869 -0.072635 -0.3331 2.1533 -0.20434 -0.33328 2.1713 -0.14641 -0.29406 2.1543 -0.25748 -0.65104 2.4791 -0.5396 -0.69456 2.4585 -0.51611 -0.54963 2.5414 -0.85006 -0.55952 2.5592 -0.73603 -0.63573 2.5093 -0.9088 -0.60452 2.5403 -0.78402 -0.66687 2.3336 0.54742
-0.75579 2.4141 0.29116 -0.58763 2.2868 0.26056 -0.65671 2.3383 0.38544 -0.66841 2.3567 0.04606 -0.72855 2.4107 -0.088201 -0.61531 2.3276 -0.071685 -0.67005 2.3624 -0.023877 -0.55357 2.2673 0.13852 -0.43834 2.2128 0.016908 -0.38833 2.2038 -0.05845 -0.32412 2.1629 -0.18847 -0.33483 2.1872 -0.12779 -0.28746 2.1691 -0.2333 -0.72402 2.4647 -0.55534 -0.62232 2.5157 -0.52254 -0.85778 2.4765 -0.87334 -0.54959 2.5602 -0.8672 -0.9491 2.4851 -0.92201 -0.58868 2.5659 -0.93868 -0.72104 2.346 0.53927
-0.78649 2.4232 0.28895 -0.63209 2.2911 0.25635 -0.70031 2.346 0.38666 -0.69203 2.3616 0.034893 -0.74648 2.4189 -0.098772 -0.6345 2.3273 -0.079833 -0.69157 2.3676 -0.035884 -0.58845 2.2847 0.14151 -0.45417 2.2211 0.022148 -0.40826 2.2232 -0.049406 -0.32547 2.1755 -0.17861 -0.35148 2.2067 -0.11509 -0.29413 2.1852 -0.22051 -0.77145 2.4589 -0.56012 -0.59838 2.5466 -0.52755 -0.92713 2.4872 -0.88823 -0.55187 2.5764 -0.87902 -1.0273 2.5028 -0.94093 -0.58396 2.582 -0.9473 -0.76808 2.3574 0.53534
-0.82937 2.4297 0.28475 -0.68664 2.2974 0.24866 -0.74715 2.3519 0.38391 -0.74396 2.3636 0.030324 -0.79464 2.3946 -0.090274 -0.69878 2.3499 -0.078034 -0.74539 2.3693 -0.040326 -0.65087 2.3116 0.11801 -0.48988 2.2294 0.024972 -0.46196 2.2489 -0.069147 -0.37267 2.2048 -0.19359 -0.4041 2.2348 -0.13198 -0.32513 2.2192 -0.21667 -0.81728 2.4589 -0.55442 -0.61566 2.5457 -0.53106 -0.99401 2.4833 -0.88232 -0.55173 2.5795 -0.9064 -1.088 2.5026 -0.92444 -0.57069 2.5915 -0.9754 -0.82078 2.3683 0.52853
-0.883 2.4338 0.27939 -0.74667 2.3048 0.24191 -0.79823 2.3564 0.37902 -0.79829 2.3642 0.027381 -0.83595 2.4048 -0.092607 -0.7621 2.3456 -0.077527 -0.80031 2.3696 -0.041974 -0.72089 2.3014 0.1102 -0.64221 2.23 0.034358 -0.55374 2.2459 -0.097084 -0.52899 2.2117 -0.18721 -0.49397 2.2367 -0.20236 -0.47786 2.2307 -0.23758 -0.87022 2.4698 -0.55173 -0.66126 2.5457 -0.52663 -1.0243 2.4872 -0.88876 -0.55373 2.5741 -0.91983 -1.0756 2.4457 -0.93134 -0.5662 2.5884 -0.99011 -0.8492 2.3723 0.52814
-0.93443 2.4369 0.24499 -0.78437 2.3098 0.23857 -0.84151 2.3605 0.34093 -0.81878 2.3655 0.024665 -0.85104 2.4081 -0.095193 -0.78639 2.3439 -0.078376 -0.82 2.3704 -0.043339 -0.77443 2.2891 0.078357 -0.71794 2.2341 0.034304 -0.63159 2.2374 -0.14739 -0.61996 2.2234 -0.20761 -0.58493 2.2434 -0.23997 -0.57914 2.2378 -0.25684 -0.91455 2.4766 -0.55767 -0.69761 2.5388 -0.53207 -1.0569 2.5003 -0.90244 -0.58692 2.5174 -0.82366 -1.0444 2.5227 -0.96998 -0.5821 2.5592 -0.91758 -0.88865 2.3718 0.52028
